0 1.0 0.500000 0.510938 1.000000 0.881250
0 1.0 0.353638 0.602344 0.138748 0.167187
0 1.0 0.216582 0.605469 0.209814 0.117188
0 1.0 0.268190 0.614844 0.147208 0.282813
0 1.0 0.240271 0.606250 0.084602 0.090625
0 1.0 0.189509 0.628906 0.118443 0.220312
0 1.0 0.181049 0.601562 0.270728 0.290625
0 1.0 0.494924 0.621094 0.241963 0.301563
0 1.0 0.446701 0.644531 0.104907 0.264062
0 1.0 0.461929 0.603906 0.135364 0.095312
0 1.0 0.393401 0.635156 0.120135 0.289062
0 1.0 0.411168 0.603125 0.104907 0.100000
0 1.0 0.399323 0.611719 0.260575 0.323437
0 1.0 0.319797 0.604688 0.159052 0.096875
0 1.0 0.124365 0.619531 0.137056 0.220312
0 1.0 0.928934 0.553125 0.142132 0.159375
0 1.0 0.922166 0.573438 0.125212 0.421875
0 1.0 0.839255 0.550781 0.101523 0.082812
0 1.0 0.870558 0.575000 0.143824 0.309375
0 1.0 0.844332 0.557031 0.159052 0.129688
0 1.0 0.137056 0.612500 0.142132 0.106250
0 1.0 0.509306 0.596875 0.142132 0.112500
0 1.0 0.082910 0.598437 0.121827 0.212500
0 1.0 0.029611 0.619531 0.059222 0.135937
0 1.0 0.087986 0.608594 0.115059 0.079687
0 1.0 0.959391 0.598437 0.057530 0.209375
0 1.0 0.058376 0.650000 0.116751 0.140625
0 1.0 0.945008 0.603125 0.109983 0.109375
0 1.0 0.562606 0.604688 0.174281 0.206250
0 1.0 0.904399 0.607031 0.191201 0.164062
0 1.0 0.814721 0.604688 0.113367 0.087500
0 1.0 0.134518 0.657031 0.201354 0.123438
0 1.0 0.123519 0.680469 0.247039 0.285938
0 1.0 0.082064 0.654687 0.069374 0.081250
0 1.0 0.664975 0.599219 0.121827 0.267188
0 1.0 0.667513 0.603906 0.150592 0.120313
0 1.0 0.652284 0.607031 0.262267 0.317188
0 1.0 0.571912 0.600000 0.108291 0.106250
0 1.0 0.820643 0.602344 0.311337 0.132812
0 1.0 0.765651 0.620313 0.126904 0.346875
0 1.0 0.788494 0.614062 0.280880 0.306250
0 1.0 0.707276 0.632812 0.121827 0.393750
0 1.0 0.740271 0.600781 0.164129 0.117188
0 1.0 0.715736 0.596875 0.186125 0.215625
0 1.0 0.897631 0.503906 0.204738 0.151562
0 1.0 0.890017 0.503906 0.219966 0.379688
0 1.0 0.814721 0.506250 0.099831 0.084375
0 1.0 0.822335 0.489844 0.131980 0.332813
0 1.0 0.758037 0.483594 0.121827 0.310937
0 1.0 0.787648 0.504687 0.241963 0.131250
0 1.0 0.112521 0.557031 0.174281 0.114062
0 1.0 0.100677 0.544531 0.201354 0.285938
0 1.0 0.042301 0.577344 0.084602 0.189062
0 1.0 0.064298 0.557813 0.098139 0.096875
0 1.0 0.944162 0.500781 0.111675 0.107813
0 1.0 0.549915 0.508594 0.118443 0.298438
0 1.0 0.551607 0.501563 0.253807 0.115625
0 1.0 0.559222 0.485156 0.252115 0.329688
0 1.0 0.496616 0.508594 0.113367 0.304688
0 1.0 0.443316 0.502344 0.098139 0.260937
0 1.0 0.450085 0.501563 0.169205 0.109375
0 1.0 0.439086 0.478125 0.265651 0.368750
0 1.0 0.776650 0.471094 0.280880 0.348438
0 1.0 0.707276 0.474219 0.121827 0.332813
0 1.0 0.615905 0.489844 0.189509 0.223438
0 1.0 0.668359 0.463281 0.115059 0.264062
0 1.0 0.672589 0.499219 0.279188 0.123438
0 1.0 0.623519 0.551562 0.197970 0.112500
0 1.0 0.602369 0.564844 0.121827 0.235937
0 1.0 0.508460 0.550781 0.197970 0.114062
0 1.0 0.731810 0.551562 0.289340 0.125000
0 1.0 0.231810 0.560937 0.145516 0.284375
0 1.0 0.239425 0.550000 0.201354 0.128125
0 1.0 0.446701 0.554688 0.250423 0.168750
0 1.0 0.331641 0.551562 0.216582 0.128125
0 1.0 0.336717 0.547656 0.274112 0.295312
0 1.0 0.078680 0.781250 0.157360 0.365625
0 1.0 0.119289 0.770312 0.167513 0.146875
0 1.0 0.042301 0.781250 0.084602 0.250000
0 1.0 0.065144 0.757031 0.130288 0.089063
0 1.0 0.061760 0.767969 0.065990 0.079687
0 1.0 0.963621 0.715625 0.062606 0.143750
0 1.0 0.921320 0.712500 0.157360 0.168750
0 1.0 0.269882 0.748437 0.269036 0.346875
0 1.0 0.275804 0.764062 0.159052 0.243750
0 1.0 0.208122 0.771094 0.087986 0.110937
0 1.0 0.187817 0.759375 0.172589 0.359375
0 1.0 0.771574 0.721094 0.291032 0.323437
0 1.0 0.728426 0.704688 0.326565 0.140625
0 1.0 0.664975 0.725000 0.148900 0.328125
0 1.0 0.597293 0.731250 0.142132 0.371875
0 1.0 0.609983 0.704688 0.289340 0.134375
0 1.0 0.868866 0.691406 0.140440 0.254688
0 1.0 0.864636 0.709375 0.108291 0.100000
0 1.0 0.829103 0.747656 0.169205 0.189062
0 1.0 0.749577 0.759375 0.131980 0.393750
0 1.0 0.786802 0.764062 0.311337 0.131250
0 1.0 0.252115 0.770312 0.074450 0.096875
0 1.0 0.730118 0.764844 0.120135 0.117188
0 1.0 0.631980 0.763281 0.258883 0.129688
0 1.0 0.935702 0.760938 0.128596 0.146875
0 1.0 0.835871 0.765625 0.135364 0.090625
0 1.0 0.879865 0.766406 0.054146 0.067187
0 1.0 0.455161 0.795312 0.172589 0.303125
0 1.0 0.400169 0.796875 0.099831 0.268750
0 1.0 0.412860 0.765625 0.311337 0.143750
0 1.0 0.442470 0.775781 0.113367 0.120313
0 1.0 0.335025 0.768750 0.131980 0.340625
0 1.0 0.210660 0.764062 0.289340 0.128125
0 1.0 0.530457 0.764844 0.252115 0.335938
0 1.0 0.735195 0.661719 0.214890 0.157812
0 1.0 0.607445 0.653906 0.274112 0.132812
0 1.0 0.553299 0.688281 0.128596 0.345313
0 1.0 0.840102 0.664062 0.123519 0.100000
0 1.0 0.335025 0.660937 0.236887 0.115625
0 1.0 0.227580 0.667188 0.160745 0.321875
0 1.0 0.232657 0.662500 0.099831 0.112500
0 1.0 0.502538 0.697656 0.115059 0.345313
0 1.0 0.493232 0.658594 0.306261 0.132812
0 1.0 0.432318 0.664844 0.109983 0.098437
0 1.0 0.409475 0.714063 0.277496 0.118750
0 1.0 0.401861 0.732812 0.153976 0.309375
0 1.0 0.439932 0.720313 0.098139 0.093750
0 1.0 0.209814 0.710938 0.250423 0.125000
0 1.0 0.252961 0.718750 0.082910 0.096875
0 1.0 0.489002 0.722656 0.240271 0.167187
0 1.0 0.073604 0.703125 0.147208 0.081250
0 1.0 0.065990 0.708594 0.057530 0.060937
0 1.0 0.939086 0.661719 0.121827 0.123438
0 1.0 0.879019 0.660156 0.241963 0.142187
0 1.0 0.208122 0.717969 0.121827 0.126562
0 1.0 0.128596 0.715625 0.125212 0.115625
0 1.0 0.715736 0.242188 0.077834 0.153125
0 1.0 0.734349 0.278906 0.328257 0.101562
0 1.0 0.726734 0.222656 0.035533 0.054688
0 1.0 0.720812 0.291406 0.318105 0.229687
0 1.0 0.719120 0.276562 0.172589 0.146875
0 1.0 0.666667 0.251563 0.091371 0.181250
0 1.0 0.614213 0.232031 0.071066 0.145313
0 1.0 0.613367 0.282031 0.316413 0.101562
0 1.0 0.623519 0.229687 0.032149 0.059375
0 1.0 0.606599 0.284375 0.285956 0.234375
0 1.0 0.677665 0.232813 0.045685 0.068750
0 1.0 0.889171 0.296094 0.218274 0.285938
0 1.0 0.887479 0.245312 0.099831 0.187500
0 1.0 0.842640 0.279687 0.240271 0.115625
0 1.0 0.895939 0.235156 0.052453 0.079687
0 1.0 0.818951 0.248438 0.101523 0.178125
0 1.0 0.832487 0.229687 0.043993 0.059375
0 1.0 0.771574 0.232031 0.077834 0.148438
0 1.0 0.788494 0.219531 0.037225 0.054688
0 1.0 0.414552 0.286719 0.263959 0.157812
0 1.0 0.342640 0.288281 0.113367 0.254688
0 1.0 0.382403 0.288281 0.162437 0.101562
0 1.0 0.347716 0.297656 0.265651 0.285938
0 1.0 0.557530 0.250781 0.065990 0.126562
0 1.0 0.304569 0.290625 0.162437 0.112500
0 1.0 0.296108 0.275781 0.131980 0.248438
0 1.0 0.313875 0.292187 0.089679 0.156250
0 1.0 0.230964 0.285156 0.120135 0.317188
0 1.0 0.232657 0.291406 0.133672 0.101562
0 1.0 0.557530 0.288281 0.170897 0.142187
0 1.0 0.504230 0.270313 0.074450 0.140625
0 1.0 0.442470 0.285156 0.072758 0.145313
0 1.0 0.478003 0.286719 0.228426 0.110937
0 1.0 0.386633 0.282813 0.106599 0.212500
0 1.0 0.494078 0.298438 0.301184 0.209375
0 1.0 0.392555 0.346094 0.159052 0.248438
0 1.0 0.290186 0.360156 0.103215 0.242188
0 1.0 0.273266 0.342187 0.208122 0.125000
0 1.0 0.618443 0.339062 0.069374 0.150000
0 1.0 0.551607 0.319531 0.077834 0.148438
0 1.0 0.504230 0.341406 0.118443 0.223438
0 1.0 0.441624 0.323437 0.145516 0.203125
0 1.0 0.082910 0.341406 0.115059 0.248438
0 1.0 0.098139 0.344531 0.196277 0.154688
0 1.0 0.099831 0.334375 0.199662 0.340625
0 1.0 0.023689 0.325781 0.047377 0.179688
0 1.0 0.062606 0.341406 0.125212 0.089063
0 1.0 0.956853 0.279687 0.055838 0.178125
0 1.0 0.931472 0.282813 0.137056 0.109375
0 1.0 0.241117 0.355469 0.238579 0.307812
0 1.0 0.187817 0.375781 0.098139 0.242188
0 1.0 0.125212 0.363281 0.098139 0.282813
0 1.0 0.191201 0.349219 0.250423 0.157812
0 1.0 0.275804 0.239844 0.159052 0.114062
0 1.0 0.319797 0.244531 0.050761 0.089063
0 1.0 0.285956 0.221875 0.243655 0.359375
0 1.0 0.188663 0.239063 0.126904 0.334375
0 1.0 0.170897 0.233594 0.318105 0.148438
0 1.0 0.511844 0.235937 0.340102 0.106250
0 1.0 0.502538 0.213281 0.121827 0.164062
0 1.0 0.435702 0.230469 0.072758 0.148438
0 1.0 0.397631 0.238281 0.186125 0.185938
0 1.0 0.449239 0.221875 0.296108 0.265625
0 1.0 0.107445 0.085938 0.214890 0.171875
0 1.0 0.029611 0.081250 0.055838 0.115625
0 1.0 0.077834 0.030469 0.087986 0.060937
0 1.0 0.231810 0.075781 0.291032 0.151562
0 1.0 0.239425 0.056250 0.174281 0.112500
0 1.0 0.399323 0.715625 0.798646 0.546875
0 1.0 0.159898 0.217188 0.275804 0.353125
0 1.0 0.073604 0.223438 0.140440 0.346875
0 1.0 0.074450 0.078125 0.091371 0.128125
0 1.0 0.124365 0.034375 0.133672 0.068750
0 1.0 0.050761 0.286719 0.101523 0.079687
0 1.0 0.032995 0.260937 0.065990 0.193750
0 1.0 0.927242 0.231250 0.145516 0.109375
0 1.0 0.814721 0.234375 0.191201 0.106250
0 1.0 0.131134 0.289844 0.153976 0.114062
0 1.0 0.076988 0.271094 0.079526 0.185938
0 1.0 0.126904 0.278125 0.084602 0.187500
0 1.0 0.673435 0.232031 0.328257 0.107813
0 1.0 0.661591 0.210156 0.274112 0.248438
0 1.0 0.614213 0.214062 0.121827 0.268750
0 1.0 0.554992 0.223438 0.121827 0.246875
0 1.0 0.551607 0.205469 0.301184 0.248438
0 1.0 0.821489 0.234375 0.296108 0.246875
0 1.0 0.768190 0.232813 0.128596 0.246875
0 1.0 0.499154 0.446094 0.179357 0.117188
0 1.0 0.461929 0.445312 0.094755 0.093750
0 1.0 0.439086 0.443750 0.245347 0.171875
0 1.0 0.687817 0.442969 0.194585 0.117188
0 1.0 0.673435 0.420312 0.247039 0.290625
0 1.0 0.605753 0.418750 0.118443 0.259375
0 1.0 0.576988 0.444531 0.165821 0.104688
0 1.0 0.198816 0.453125 0.245347 0.168750
0 1.0 0.215736 0.466406 0.089679 0.129688
0 1.0 0.128596 0.500000 0.091371 0.212500
0 1.0 0.159052 0.451562 0.101523 0.100000
0 1.0 0.335025 0.450000 0.104907 0.268750
0 1.0 0.109983 0.448437 0.121827 0.090625
0 1.0 0.082910 0.479687 0.142132 0.253125
0 1.0 0.026227 0.487500 0.052453 0.187500
0 1.0 0.084602 0.449219 0.071066 0.067187
0 1.0 0.065144 0.450781 0.130288 0.120313
0 1.0 0.316413 0.447656 0.138748 0.107813
0 1.0 0.302876 0.449219 0.240271 0.170313
0 1.0 0.348562 0.430469 0.250423 0.295312
0 1.0 0.283418 0.487500 0.089679 0.187500
0 1.0 0.191201 0.474219 0.118443 0.182812
0 1.0 0.258037 0.450000 0.133672 0.109375
0 1.0 0.241117 0.463281 0.218274 0.285938
0 1.0 0.109983 0.499219 0.162437 0.104688
0 1.0 0.385787 0.496875 0.236887 0.162500
0 1.0 0.241117 0.501563 0.187817 0.128125
0 1.0 0.874788 0.441406 0.108291 0.204687
0 1.0 0.831641 0.449219 0.130288 0.107813
0 1.0 0.811337 0.442969 0.258883 0.135937
0 1.0 0.954315 0.471875 0.054146 0.171875
0 1.0 0.953469 0.445312 0.093063 0.096875
0 1.0 0.820643 0.450000 0.050761 0.065625
0 1.0 0.922166 0.425781 0.131980 0.364063
0 1.0 0.896785 0.446094 0.206430 0.154688
0 1.0 0.133672 0.400000 0.236887 0.171875
0 1.0 0.096447 0.393750 0.162437 0.106250
0 1.0 0.035533 0.414062 0.071066 0.215625
0 1.0 0.951777 0.335156 0.045685 0.145313
0 1.0 0.920474 0.338281 0.159052 0.117188
0 1.0 0.940778 0.343750 0.077834 0.196875
0 1.0 0.266497 0.395313 0.221658 0.131250
0 1.0 0.766497 0.322656 0.087986 0.201563
0 1.0 0.711506 0.291406 0.059222 0.129688
0 1.0 0.665821 0.325781 0.089679 0.192188
0 1.0 0.670051 0.335156 0.328257 0.129688
0 1.0 0.656514 0.341406 0.203046 0.223438
0 1.0 0.816413 0.343750 0.238579 0.231250
0 1.0 0.816413 0.303906 0.086294 0.160938
0 1.0 0.818951 0.398438 0.115059 0.215625
0 1.0 0.771574 0.398438 0.108291 0.228125
0 1.0 0.735195 0.387500 0.340102 0.153125
0 1.0 0.951777 0.409375 0.062606 0.215625
0 1.0 0.934010 0.392969 0.131980 0.114062
0 1.0 0.863790 0.392969 0.272420 0.139063
0 1.0 0.496616 0.375781 0.214890 0.226562
0 1.0 0.456007 0.385156 0.221658 0.135937
0 1.0 0.551607 0.383594 0.250423 0.132812
0 1.0 0.438240 0.650781 0.578680 0.235937
0 1.0 0.412860 0.641406 0.375635 0.529687
0 1.0 0.919628 0.102344 0.160745 0.204687
0 1.0 0.035533 0.146875 0.071066 0.212500
0 1.0 0.072758 0.122656 0.145516 0.104688
0 1.0 0.963621 0.168750 0.042301 0.093750
0 1.0 0.953469 0.144531 0.062606 0.095312
0 1.0 0.186125 0.128125 0.186125 0.253125
0 1.0 0.443316 0.551562 0.588832 0.231250
0 1.0 0.838409 0.507031 0.204738 0.567187
0 1.0 0.728426 0.558594 0.519459 0.248438
0 1.0 0.222504 0.639062 0.238579 0.528125
0 1.0 0.655668 0.135156 0.153976 0.270313
0 1.0 0.653976 0.075781 0.279188 0.148438
0 1.0 0.840102 0.088281 0.194585 0.154688
0 1.0 0.763959 0.131250 0.116751 0.228125
0 1.0 0.771574 0.112500 0.250423 0.225000
0 1.0 0.708122 0.137500 0.113367 0.234375
0 1.0 0.560914 0.121875 0.106599 0.234375
0 1.0 0.556684 0.086719 0.263959 0.173437
0 1.0 0.338409 0.826562 0.558376 0.218750
0 1.0 0.164129 0.834375 0.328257 0.218750
0 1.0 0.869712 0.137500 0.115059 0.190625
0 1.0 0.883249 0.084375 0.118443 0.106250
0 1.0 0.659898 0.649219 0.558376 0.229687
0 1.0 0.664129 0.657031 0.404399 0.510938
0 1.0 0.543993 0.754687 0.556684 0.256250
0 1.0 0.828257 0.126562 0.099831 0.159375
0 1.0 0.923012 0.143750 0.096447 0.168750
0 1.0 0.136210 0.436719 0.272420 0.607812
0 1.0 0.578680 0.345313 0.500846 0.403125
0 1.0 0.460237 0.352344 0.568528 0.239063
0 1.0 0.356176 0.492969 0.434856 0.539062
0 1.0 0.263959 0.450781 0.527919 0.239063
0 1.0 0.721658 0.126562 0.181049 0.134375
0 1.0 0.626058 0.125781 0.219966 0.139063
0 1.0 0.842640 0.296875 0.203046 0.568750
0 1.0 0.238579 0.319531 0.419628 0.501563
0 1.0 0.106599 0.174219 0.213198 0.164062
0 1.0 0.877327 0.134375 0.096447 0.096875
0 1.0 0.294416 0.123438 0.169205 0.240625
0 1.0 0.293570 0.125781 0.133672 0.123438
0 1.0 0.083756 0.554688 0.167513 0.621875
0 1.0 0.658206 0.586719 0.203046 0.632812
0 1.0 0.552453 0.567187 0.441624 0.559375
0 1.0 0.263113 0.123438 0.289340 0.150000
0 1.0 0.386633 0.127344 0.275804 0.254688
0 1.0 0.353638 0.117969 0.219966 0.135937
0 1.0 0.675127 0.471094 0.483926 0.492188
0 1.0 0.508460 0.132812 0.160745 0.228125
0 1.0 0.441624 0.146875 0.101523 0.187500
0 1.0 0.465313 0.123438 0.219966 0.131250
0 1.0 0.560068 0.068750 0.077834 0.109375
0 1.0 0.562606 0.046875 0.204738 0.093750
0 1.0 0.246193 0.701562 0.492386 0.337500
0 1.0 0.472081 0.033594 0.111675 0.067187
0 1.0 0.447547 0.058594 0.079526 0.098437
0 1.0 0.454315 0.045312 0.194585 0.090625
0 1.0 0.748731 0.880469 0.502538 0.239063
0 1.0 0.679357 0.037500 0.184433 0.075000
0 1.0 0.720812 0.063281 0.131980 0.126562
0 1.0 0.599831 0.091406 0.079526 0.151562
0 1.0 0.611675 0.064062 0.140440 0.128125
0 1.0 0.305415 0.057031 0.147208 0.114062
0 1.0 0.240271 0.075781 0.084602 0.151562
0 1.0 0.192047 0.069531 0.072758 0.126562
0 1.0 0.451777 0.059375 0.043993 0.075000
0 1.0 0.745347 0.494531 0.472081 0.989062
0 1.0 0.126904 0.065625 0.091371 0.131250
0 1.0 0.470389 0.261719 0.940778 0.489063
0 1.0 0.395939 0.064062 0.087986 0.128125
0 1.0 0.504230 0.078125 0.071066 0.131250
0 1.0 0.344332 0.031250 0.109983 0.062500
0 1.0 0.703046 0.194531 0.593909 0.389062
0 1.0 0.499154 0.876563 0.815567 0.246875
0 1.0 0.962775 0.107031 0.033841 0.070312
0 1.0 0.927242 0.035937 0.145516 0.071875
0 1.0 0.549069 0.925000 0.576988 0.150000
0 1.0 0.955161 0.082031 0.055838 0.076563
0 1.0 0.280034 0.925000 0.560068 0.150000
0 1.0 0.443316 0.074219 0.321489 0.148438
0 1.0 0.493232 0.136719 0.742809 0.273438
0 1.0 0.217428 0.134375 0.434856 0.268750
0 1.0 0.491540 0.377344 0.333333 0.754687
0 1.0 0.927242 0.081250 0.094755 0.121875
0 1.0 0.882403 0.032813 0.099831 0.065625
0 1.0 0.832487 0.922656 0.335025 0.154688
0 1.0 0.827411 0.081250 0.067682 0.090625
0 1.0 0.852792 0.046094 0.145516 0.092188
0 1.0 0.769882 0.086719 0.077834 0.110937
0 1.0 0.778342 0.061719 0.121827 0.120313
0 1.0 0.715736 0.100781 0.067682 0.142187
0 1.0 0.804569 0.872656 0.133672 0.082812
0 1.0 0.884095 0.801562 0.052453 0.084375
0 1.0 0.846870 0.882812 0.076142 0.071875
0 1.0 0.869712 0.839844 0.247039 0.260937
0 1.0 0.814721 0.874219 0.289340 0.120313
0 1.0 0.051607 0.175781 0.103215 0.085938
0 1.0 0.765651 0.860938 0.055838 0.109375
0 1.0 0.754653 0.877344 0.189509 0.185938
0 1.0 0.829103 0.839844 0.037225 0.073438
0 1.0 0.084602 0.889844 0.169205 0.182812
0 1.0 0.034687 0.885938 0.069374 0.190625
0 1.0 0.074450 0.917188 0.148900 0.090625
0 1.0 0.964467 0.814063 0.030457 0.062500
0 1.0 0.232657 0.882812 0.123519 0.221875
0 1.0 0.926396 0.875000 0.147208 0.134375
0 1.0 0.571912 0.875000 0.111675 0.112500
0 1.0 0.543147 0.867969 0.152284 0.176563
0 1.0 0.717428 0.851562 0.087986 0.190625
0 1.0 0.456007 0.867188 0.279188 0.156250
0 1.0 0.472081 0.866406 0.111675 0.142187
0 1.0 0.702200 0.828125 0.247039 0.306250
0 1.0 0.414552 0.862500 0.074450 0.140625
0 1.0 0.459391 0.823438 0.069374 0.143750
0 1.0 0.956007 0.839844 0.054146 0.089063
0 1.0 0.662437 0.864844 0.055838 0.101562
0 1.0 0.653976 0.878906 0.282572 0.135937
0 1.0 0.820643 0.817969 0.057530 0.117188
0 1.0 0.605753 0.846094 0.067682 0.132812
0 1.0 0.553299 0.857812 0.057530 0.128125
0 1.0 0.620981 0.916406 0.169205 0.135937
0 1.0 0.549069 0.910156 0.099831 0.179688
0 1.0 0.821489 0.920312 0.099831 0.150000
0 1.0 0.491540 0.920312 0.228426 0.128125
0 1.0 0.450085 0.882812 0.121827 0.228125
0 1.0 0.763113 0.928125 0.108291 0.134375
0 1.0 0.714044 0.911719 0.111675 0.176563
0 1.0 0.709814 0.917969 0.299492 0.117188
0 1.0 0.664975 0.935937 0.091371 0.115625
0 1.0 0.241117 0.913281 0.197970 0.098437
0 1.0 0.143824 0.916406 0.250423 0.107813
0 1.0 0.395939 0.900000 0.125212 0.181250
0 1.0 0.337563 0.896094 0.113367 0.207813
0 1.0 0.375635 0.914062 0.301184 0.103125
0 1.0 0.355330 0.887500 0.270728 0.221875
0 1.0 0.284264 0.895312 0.098139 0.203125
0 1.0 0.446701 0.810937 0.301184 0.150000
0 1.0 0.666667 0.819531 0.294416 0.135937
0 1.0 0.556684 0.818750 0.138748 0.134375
0 1.0 0.613367 0.796094 0.238579 0.323437
0 1.0 0.108291 0.824219 0.159052 0.170313
0 1.0 0.071066 0.816406 0.142132 0.114062
0 1.0 0.061760 0.824219 0.059222 0.092188
0 1.0 0.258037 0.822656 0.099831 0.120313
0 1.0 0.215736 0.822656 0.123519 0.145313
0 1.0 0.060068 0.869531 0.120135 0.095312
0 1.0 0.338409 0.848437 0.060914 0.115625
0 1.0 0.292724 0.836719 0.054146 0.117188
0 1.0 0.260575 0.873437 0.274112 0.128125
0 1.0 0.296108 0.876563 0.074450 0.087500
0 1.0 0.243655 0.871094 0.111675 0.114062
0 1.0 0.814721 0.815625 0.306261 0.115625
0 1.0 0.961929 0.814844 0.072758 0.192188
0 1.0 0.066836 0.871094 0.052453 0.079687
0 1.0 0.939086 0.810937 0.121827 0.096875
0 1.0 0.795262 0.815625 0.121827 0.075000
0 1.0 0.844332 0.818750 0.050761 0.056250
0 1.0 0.629442 0.188281 0.189509 0.120313
0 1.0 0.473773 0.190625 0.087986 0.106250
0 1.0 0.385787 0.167969 0.135364 0.270313
0 1.0 0.428088 0.183594 0.233503 0.110937
0 1.0 0.527073 0.187500 0.231810 0.118750
0 1.0 0.849408 0.182031 0.216582 0.110937
0 1.0 0.971235 0.955469 0.057530 0.089063
0 1.0 0.936548 0.953906 0.126904 0.092188
0 1.0 0.627750 0.085938 0.598985 0.171875
0 1.0 0.782572 0.187500 0.231810 0.143750
0 1.0 0.475465 0.247656 0.622673 0.223438
0 1.0 0.185279 0.168750 0.069374 0.115625
0 1.0 0.123519 0.164062 0.152284 0.300000
0 1.0 0.336717 0.174219 0.121827 0.232813
0 1.0 0.375635 0.182031 0.091371 0.079687
0 1.0 0.351946 0.174219 0.087986 0.129688
0 1.0 0.234349 0.171094 0.133672 0.304688
0 1.0 0.239425 0.177344 0.167513 0.114062
0 1.0 0.315567 0.168750 0.079526 0.131250
0 1.0 0.288494 0.960156 0.106599 0.073438
0 1.0 0.236887 0.929688 0.091371 0.140625
0 1.0 0.251269 0.961719 0.079526 0.048438
0 1.0 0.498308 0.931250 0.099831 0.137500
0 1.0 0.238579 0.957812 0.138748 0.075000
0 1.0 0.192047 0.929688 0.089679 0.140625
0 1.0 0.130288 0.932813 0.087986 0.134375
0 1.0 0.181049 0.965625 0.081218 0.053125
0 1.0 0.451777 0.931250 0.077834 0.137500
0 1.0 0.505922 0.957812 0.067682 0.050000
0 1.0 0.395093 0.939844 0.079526 0.120313
0 1.0 0.450085 0.959375 0.081218 0.053125
0 1.0 0.343486 0.937500 0.084602 0.125000
0 1.0 0.390863 0.957812 0.067682 0.050000
0 1.0 0.367174 0.953906 0.145516 0.082812
0 1.0 0.427242 0.956250 0.140440 0.081250
0 1.0 0.872250 0.889062 0.126904 0.221875
0 1.0 0.807953 0.917969 0.194585 0.095312
0 1.0 0.143824 0.956250 0.236887 0.087500
0 1.0 0.133672 0.964844 0.094755 0.054688
0 1.0 0.065990 0.961719 0.077834 0.067187
0 1.0 0.933164 0.916406 0.133672 0.101562
0 1.0 0.946701 0.189062 0.106599 0.128125
0 1.0 0.919628 0.217969 0.126904 0.254688
0 1.0 0.895093 0.965625 0.131980 0.068750
0 1.0 0.873096 0.938281 0.091371 0.123438
0 1.0 0.805415 0.964844 0.060914 0.051562
0 1.0 0.887479 0.181250 0.225042 0.275000
0 1.0 0.904399 0.182031 0.096447 0.079687
0 1.0 0.059222 0.232031 0.118443 0.101562
0 1.0 0.959391 0.217969 0.060914 0.154688
0 1.0 0.608291 0.955469 0.079526 0.089063
0 1.0 0.554146 0.949219 0.079526 0.101562
0 1.0 0.808799 0.961719 0.162437 0.076563
0 1.0 0.545685 0.961719 0.072758 0.048438
0 1.0 0.617597 0.960938 0.060914 0.046875
0 1.0 0.692893 0.956250 0.170897 0.087500
0 1.0 0.747039 0.962500 0.147208 0.068750
0 1.0 0.763959 0.261719 0.292724 0.423438
0 1.0 0.650592 0.252344 0.208122 0.504687
0 1.0 0.545685 0.249219 0.221658 0.498437
0 1.0 0.926396 0.269531 0.147208 0.539062
0 1.0 0.841794 0.712500 0.208122 0.528125
0 1.0 0.862944 0.746875 0.274112 0.268750
0 1.0 0.912014 0.740625 0.175973 0.471875