0 1.0 0.431250 0.603774 0.737500 0.674528
0 1.0 0.171094 0.591981 0.304688 0.481132
0 1.0 0.510938 0.600236 0.256250 0.290094
0 1.0 0.235937 0.575472 0.143750 0.372642
0 1.0 0.527344 0.601415 0.064062 0.080189
0 1.0 0.292187 0.602594 0.031250 0.073113
0 1.0 0.216406 0.608491 0.085938 0.117925
0 1.0 0.245312 0.602594 0.196875 0.120283
0 1.0 0.452344 0.593160 0.185938 0.219340
0 1.0 0.412500 0.599057 0.225000 0.122642
0 1.0 0.378125 0.606132 0.143750 0.250000
0 1.0 0.455469 0.600236 0.029687 0.068396
0 1.0 0.640625 0.622642 0.284375 0.325472
0 1.0 0.439844 0.595519 0.064062 0.162736
0 1.0 0.604688 0.597877 0.268750 0.153302
0 1.0 0.589844 0.632075 0.114062 0.198113
0 1.0 0.292187 0.573113 0.140625 0.415094
0 1.0 0.352344 0.594340 0.026562 0.051887
0 1.0 0.966406 0.557783 0.032813 0.077830
0 1.0 0.955469 0.547170 0.089063 0.080189
0 1.0 0.932031 0.550708 0.135937 0.120283
0 1.0 0.866406 0.535377 0.123438 0.264151
0 1.0 0.827344 0.551887 0.045312 0.051887
0 1.0 0.847656 0.555425 0.085938 0.073113
0 1.0 0.812500 0.538915 0.115625 0.290094
0 1.0 0.186719 0.591981 0.120313 0.283019
0 1.0 0.124219 0.603774 0.135937 0.320755
0 1.0 0.156250 0.600236 0.250000 0.120283
0 1.0 0.194531 0.607311 0.048438 0.082547
0 1.0 0.080469 0.594340 0.101562 0.287736
0 1.0 0.053906 0.601415 0.107813 0.179245
0 1.0 0.372656 0.599057 0.104688 0.089623
0 1.0 0.071875 0.597877 0.143750 0.077830
0 1.0 0.074219 0.602594 0.045312 0.054245
0 1.0 0.927344 0.610849 0.145313 0.250000
0 1.0 0.895312 0.600236 0.209375 0.120283
0 1.0 0.186719 0.658019 0.264062 0.155660
0 1.0 0.836719 0.610849 0.032813 0.051887
0 1.0 0.792969 0.602594 0.289062 0.115566
0 1.0 0.814844 0.622642 0.085938 0.174528
0 1.0 0.817969 0.607311 0.270313 0.285377
0 1.0 0.783594 0.606132 0.048438 0.056604
0 1.0 0.174219 0.670991 0.129688 0.139151
0 1.0 0.142187 0.669811 0.218750 0.283019
0 1.0 0.152344 0.665094 0.067187 0.099057
0 1.0 0.343750 0.642689 0.212500 0.375000
0 1.0 0.089844 0.665094 0.045312 0.066038
0 1.0 0.054688 0.683962 0.100000 0.141509
0 1.0 0.966406 0.632075 0.045312 0.113208
0 1.0 0.951562 0.597877 0.096875 0.087264
0 1.0 0.551562 0.613208 0.128125 0.254717
0 1.0 0.508594 0.599057 0.217188 0.117925
0 1.0 0.553906 0.602594 0.042188 0.068396
0 1.0 0.760156 0.635613 0.107813 0.238208
0 1.0 0.507812 0.604953 0.031250 0.054245
0 1.0 0.505469 0.603774 0.114062 0.250000
0 1.0 0.035937 0.718160 0.059375 0.148585
0 1.0 0.080469 0.658019 0.160938 0.084906
0 1.0 0.711719 0.647406 0.117188 0.233491
0 1.0 0.667969 0.639151 0.114062 0.212264
0 1.0 0.955469 0.485849 0.089063 0.080189
0 1.0 0.957812 0.507075 0.053125 0.103774
0 1.0 0.931250 0.488208 0.137500 0.122642
0 1.0 0.284375 0.537736 0.071875 0.113208
0 1.0 0.191406 0.542453 0.082812 0.188679
0 1.0 0.892969 0.487028 0.214062 0.280660
0 1.0 0.808594 0.490566 0.054688 0.061321
0 1.0 0.826562 0.490566 0.121875 0.084906
0 1.0 0.159375 0.536557 0.268750 0.143868
0 1.0 0.375000 0.542453 0.237500 0.311321
0 1.0 0.366406 0.551887 0.123438 0.108491
0 1.0 0.092969 0.534198 0.167187 0.200472
0 1.0 0.030469 0.548349 0.060937 0.186321
0 1.0 0.066406 0.536557 0.107813 0.077830
0 1.0 0.664062 0.501179 0.221875 0.172170
0 1.0 0.595313 0.535377 0.093750 0.198113
0 1.0 0.599219 0.508255 0.260937 0.266509
0 1.0 0.814844 0.484670 0.317188 0.125000
0 1.0 0.552344 0.534198 0.110937 0.191038
0 1.0 0.539062 0.504717 0.284375 0.122642
0 1.0 0.820312 0.477594 0.081250 0.176887
0 1.0 0.143750 0.535377 0.087500 0.108491
0 1.0 0.776563 0.487028 0.087500 0.176887
0 1.0 0.765625 0.484670 0.193750 0.205189
0 1.0 0.714844 0.508255 0.101562 0.219340
0 1.0 0.818750 0.545991 0.328125 0.120283
0 1.0 0.159375 0.600236 0.046875 0.068396
0 1.0 0.660156 0.547170 0.310937 0.132075
0 1.0 0.741406 0.545991 0.260937 0.290094
0 1.0 0.716406 0.567217 0.079687 0.143868
0 1.0 0.671875 0.597877 0.078125 0.143868
0 1.0 0.337500 0.537736 0.131250 0.235849
0 1.0 0.304688 0.550708 0.165625 0.120283
0 1.0 0.339844 0.544811 0.035937 0.075472
0 1.0 0.521094 0.543632 0.223438 0.120283
0 1.0 0.769531 0.545991 0.082812 0.172170
0 1.0 0.506250 0.551887 0.106250 0.094340
0 1.0 0.454688 0.548349 0.050000 0.087264
0 1.0 0.386719 0.574292 0.076563 0.191038
0 1.0 0.228906 0.775943 0.264062 0.127358
0 1.0 0.286719 0.733491 0.114062 0.287736
0 1.0 0.301563 0.781840 0.031250 0.058962
0 1.0 0.267188 0.713443 0.256250 0.341981
0 1.0 0.943750 0.708726 0.112500 0.096698
0 1.0 0.921875 0.722877 0.156250 0.271226
0 1.0 0.870313 0.712264 0.259375 0.132075
0 1.0 0.118750 0.762972 0.237500 0.172170
0 1.0 0.433594 0.765330 0.154688 0.384434
0 1.0 0.528906 0.790094 0.029687 0.051887
0 1.0 0.071875 0.727594 0.106250 0.167453
0 1.0 0.142187 0.770047 0.059375 0.096698
0 1.0 0.033594 0.778302 0.057813 0.103774
0 1.0 0.071094 0.772406 0.142187 0.101415
0 1.0 0.663281 0.709906 0.264062 0.127358
0 1.0 0.657031 0.712264 0.170313 0.325472
0 1.0 0.703125 0.718160 0.081250 0.101415
0 1.0 0.729688 0.719340 0.065625 0.070755
0 1.0 0.796094 0.728774 0.029687 0.051887
0 1.0 0.573438 0.713443 0.184375 0.101415
0 1.0 0.597656 0.719340 0.054688 0.075472
0 1.0 0.561719 0.698113 0.251563 0.367925
0 1.0 0.869531 0.721698 0.139063 0.339623
0 1.0 0.806250 0.734670 0.121875 0.332547
0 1.0 0.710156 0.718160 0.179688 0.238208
0 1.0 0.764062 0.737028 0.106250 0.252358
0 1.0 0.771875 0.715802 0.153125 0.120283
0 1.0 0.081250 0.781840 0.043750 0.068396
0 1.0 0.967187 0.742925 0.062500 0.174528
0 1.0 0.934375 0.761792 0.131250 0.103774
0 1.0 0.650781 0.771226 0.323437 0.146226
0 1.0 0.682813 0.779481 0.112500 0.120283
0 1.0 0.610156 0.764151 0.110937 0.254717
0 1.0 0.627344 0.779481 0.154688 0.134434
0 1.0 0.821875 0.783019 0.031250 0.056604
0 1.0 0.121094 0.780660 0.145313 0.278302
0 1.0 0.105469 0.800708 0.129688 0.115566
0 1.0 0.824219 0.761792 0.317188 0.136792
0 1.0 0.767188 0.770047 0.153125 0.129717
0 1.0 0.764844 0.764151 0.242188 0.297170
0 1.0 0.053906 0.810142 0.092188 0.125000
0 1.0 0.360156 0.775943 0.289062 0.136792
0 1.0 0.376563 0.783019 0.103125 0.108491
0 1.0 0.607812 0.787736 0.053125 0.066038
0 1.0 0.557813 0.727594 0.121875 0.290094
0 1.0 0.500000 0.746462 0.143750 0.384434
0 1.0 0.521094 0.775943 0.329688 0.132075
0 1.0 0.575781 0.786557 0.045312 0.068396
0 1.0 0.382812 0.754717 0.203125 0.283019
0 1.0 0.442188 0.787736 0.046875 0.066038
0 1.0 0.751563 0.665094 0.071875 0.070755
0 1.0 0.549219 0.658019 0.217188 0.117925
0 1.0 0.579688 0.660377 0.059375 0.084906
0 1.0 0.789844 0.659198 0.310937 0.129717
0 1.0 0.077344 0.721698 0.154688 0.084906
0 1.0 0.094531 0.731132 0.035937 0.051887
0 1.0 0.080469 0.706368 0.160938 0.252358
0 1.0 0.720313 0.670991 0.134375 0.106132
0 1.0 0.654687 0.661557 0.300000 0.139151
0 1.0 0.337500 0.663915 0.031250 0.063679
0 1.0 0.307031 0.647406 0.139063 0.209906
0 1.0 0.521875 0.658019 0.081250 0.103774
0 1.0 0.246094 0.661557 0.117188 0.134434
0 1.0 0.475000 0.659198 0.193750 0.134434
0 1.0 0.504687 0.659198 0.043750 0.077830
0 1.0 0.435156 0.661557 0.279687 0.318396
0 1.0 0.419531 0.652123 0.073438 0.115566
0 1.0 0.366406 0.655660 0.179688 0.127358
0 1.0 0.367188 0.708726 0.100000 0.115566
0 1.0 0.319531 0.715802 0.035937 0.063679
0 1.0 0.226562 0.705189 0.178125 0.127358
0 1.0 0.542188 0.715802 0.062500 0.082547
0 1.0 0.403125 0.708726 0.293750 0.139151
0 1.0 0.424219 0.707547 0.067187 0.099057
0 1.0 0.949219 0.653302 0.101562 0.089623
0 1.0 0.467969 0.712264 0.145313 0.108491
0 1.0 0.808594 0.673349 0.035937 0.054245
0 1.0 0.507812 0.715802 0.037500 0.063679
0 1.0 0.149219 0.727594 0.067187 0.087264
0 1.0 0.931250 0.356132 0.062500 0.117925
0 1.0 0.900000 0.297170 0.200000 0.122642
0 1.0 0.936719 0.311321 0.079687 0.103774
0 1.0 0.182812 0.359670 0.246875 0.266509
0 1.0 0.224219 0.393868 0.029687 0.056604
0 1.0 0.167969 0.353774 0.273438 0.103774
0 1.0 0.149219 0.436321 0.032813 0.061321
0 1.0 0.896094 0.321934 0.107813 0.101415
0 1.0 0.823438 0.382075 0.056250 0.099057
0 1.0 0.841406 0.375000 0.017188 0.028302
0 1.0 0.824219 0.306604 0.279687 0.231132
0 1.0 0.834375 0.323113 0.118750 0.099057
0 1.0 0.139063 0.456368 0.037500 0.087264
0 1.0 0.150781 0.385613 0.095312 0.101415
0 1.0 0.089063 0.449292 0.040625 0.096698
0 1.0 0.140625 0.351415 0.096875 0.070755
0 1.0 0.096875 0.432783 0.028125 0.054245
0 1.0 0.089063 0.378538 0.143750 0.139151
0 1.0 0.025000 0.435142 0.021875 0.054245
0 1.0 0.293750 0.428066 0.037500 0.091981
0 1.0 0.285156 0.359670 0.245312 0.115566
0 1.0 0.293750 0.383255 0.103125 0.153302
0 1.0 0.276562 0.366745 0.237500 0.299528
0 1.0 0.941406 0.363208 0.035937 0.061321
0 1.0 0.926562 0.293632 0.146875 0.228774
0 1.0 0.062500 0.356132 0.056250 0.051887
0 1.0 0.881250 0.379717 0.050000 0.084906
0 1.0 0.876563 0.300708 0.078125 0.063679
0 1.0 0.900000 0.371462 0.015625 0.025943
0 1.0 0.549219 0.295991 0.264062 0.129717
0 1.0 0.558594 0.344340 0.076563 0.094340
0 1.0 0.776563 0.382075 0.056250 0.099057
0 1.0 0.498437 0.350236 0.125000 0.209906
0 1.0 0.505469 0.344340 0.085938 0.127358
0 1.0 0.503906 0.340802 0.270313 0.280660
0 1.0 0.788281 0.324292 0.095312 0.087264
0 1.0 0.796875 0.301887 0.275000 0.103774
0 1.0 0.794531 0.375000 0.017188 0.028302
0 1.0 0.025781 0.417453 0.039062 0.066038
0 1.0 0.059375 0.384434 0.056250 0.075472
0 1.0 0.954688 0.385613 0.028125 0.063679
0 1.0 0.617188 0.295991 0.168750 0.101415
0 1.0 0.721094 0.303066 0.260937 0.233491
0 1.0 0.727344 0.327830 0.092188 0.080189
0 1.0 0.670312 0.390330 0.046875 0.077830
0 1.0 0.687500 0.382075 0.012500 0.023585
0 1.0 0.664844 0.317217 0.232813 0.106132
0 1.0 0.673438 0.324292 0.093750 0.087264
0 1.0 0.607812 0.375000 0.056250 0.103774
0 1.0 0.603906 0.344340 0.289062 0.113208
0 1.0 0.609375 0.409198 0.031250 0.068396
0 1.0 0.876563 0.410377 0.034375 0.070755
0 1.0 0.889844 0.371462 0.123438 0.073113
0 1.0 0.876563 0.362028 0.193750 0.158019
0 1.0 0.542969 0.362028 0.151562 0.162736
0 1.0 0.441406 0.380896 0.026562 0.044811
0 1.0 0.800000 0.352594 0.321875 0.110849
0 1.0 0.786719 0.412736 0.039062 0.080189
0 1.0 0.780469 0.371462 0.170313 0.162736
0 1.0 0.050781 0.438679 0.076563 0.089623
0 1.0 0.604688 0.416274 0.053125 0.115566
0 1.0 0.924219 0.344340 0.151562 0.103774
0 1.0 0.666406 0.428066 0.045312 0.096698
0 1.0 0.679688 0.422170 0.028125 0.051887
0 1.0 0.671875 0.370283 0.137500 0.122642
0 1.0 0.326562 0.378538 0.031250 0.068396
0 1.0 0.233594 0.422170 0.079687 0.179245
0 1.0 0.238281 0.415094 0.051562 0.103774
0 1.0 0.242969 0.369104 0.114062 0.134434
0 1.0 0.200000 0.408019 0.078125 0.103774
0 1.0 0.441406 0.384434 0.123438 0.146226
0 1.0 0.398438 0.422170 0.071875 0.165094
0 1.0 0.200781 0.457547 0.029687 0.070755
0 1.0 0.722656 0.431604 0.045312 0.103774
0 1.0 0.733594 0.425708 0.029687 0.058962
0 1.0 0.437500 0.340802 0.340625 0.143868
0 1.0 0.399219 0.379717 0.114062 0.165094
0 1.0 0.336719 0.431604 0.042188 0.094340
0 1.0 0.353125 0.354953 0.159375 0.096698
0 1.0 0.331250 0.389151 0.106250 0.141509
0 1.0 0.366406 0.376179 0.042188 0.073113
0 1.0 0.604688 0.362028 0.134375 0.143868
0 1.0 0.886719 0.323113 0.048438 0.084906
0 1.0 0.842187 0.244104 0.171875 0.096698
0 1.0 0.594531 0.251179 0.242188 0.238208
0 1.0 0.545312 0.247642 0.293750 0.117925
0 1.0 0.560937 0.301887 0.078125 0.089623
0 1.0 0.720313 0.393868 0.050000 0.080189
0 1.0 0.498437 0.278302 0.068750 0.113208
0 1.0 0.786719 0.311321 0.026562 0.042453
0 1.0 0.778125 0.250000 0.240625 0.132075
0 1.0 0.035937 0.397406 0.025000 0.058962
0 1.0 0.066406 0.314858 0.054688 0.044811
0 1.0 0.042969 0.371462 0.026562 0.044811
0 1.0 0.053906 0.329009 0.045312 0.044811
0 1.0 0.719531 0.336085 0.048438 0.073113
0 1.0 0.732031 0.319575 0.023438 0.030660
0 1.0 0.714844 0.266509 0.154688 0.122642
0 1.0 0.669531 0.347877 0.029687 0.054245
0 1.0 0.669531 0.241745 0.295312 0.106132
0 1.0 0.681250 0.337264 0.018750 0.033019
0 1.0 0.092969 0.055425 0.114062 0.110849
0 1.0 0.024219 0.062500 0.042188 0.101415
0 1.0 0.059375 0.027123 0.062500 0.054245
0 1.0 0.040625 0.036557 0.081250 0.073113
0 1.0 0.446875 0.292453 0.087500 0.103774
0 1.0 0.149219 0.055425 0.110937 0.110849
0 1.0 0.246875 0.718160 0.493750 0.563679
0 1.0 0.656250 0.669811 0.687500 0.660377
0 1.0 0.185938 0.079009 0.243750 0.158019
0 1.0 0.444531 0.313679 0.039062 0.075472
0 1.0 0.458594 0.240566 0.251563 0.264151
0 1.0 0.466406 0.265330 0.148438 0.134434
0 1.0 0.389062 0.260613 0.081250 0.205189
0 1.0 0.434375 0.242925 0.275000 0.117925
0 1.0 0.470313 0.252358 0.046875 0.070755
0 1.0 0.613281 0.332547 0.039062 0.080189
0 1.0 0.614844 0.327830 0.023438 0.047170
0 1.0 0.208594 0.053066 0.076563 0.091981
0 1.0 0.121875 0.029481 0.081250 0.058962
0 1.0 0.333594 0.292453 0.045312 0.132075
0 1.0 0.283594 0.311321 0.126562 0.099057
0 1.0 0.337500 0.337264 0.018750 0.047170
0 1.0 0.201563 0.300708 0.193750 0.096698
0 1.0 0.244531 0.379717 0.035937 0.061321
0 1.0 0.236719 0.295991 0.229687 0.271226
0 1.0 0.203125 0.399764 0.028125 0.054245
0 1.0 0.205469 0.313679 0.076563 0.056604
0 1.0 0.439063 0.366745 0.062500 0.110849
0 1.0 0.549219 0.306604 0.029687 0.061321
0 1.0 0.443750 0.326651 0.115625 0.129717
0 1.0 0.144531 0.395047 0.039062 0.077830
0 1.0 0.167969 0.307783 0.089063 0.058962
0 1.0 0.159375 0.379717 0.018750 0.033019
0 1.0 0.734375 0.306604 0.178125 0.075472
0 1.0 0.736719 0.384434 0.014063 0.023585
0 1.0 0.513281 0.316038 0.032813 0.051887
0 1.0 0.431250 0.295991 0.284375 0.125000
0 1.0 0.332031 0.376179 0.051562 0.091981
0 1.0 0.425781 0.306604 0.032813 0.051887
0 1.0 0.331250 0.344340 0.078125 0.099057
0 1.0 0.614062 0.364387 0.015625 0.030660
0 1.0 0.614062 0.313679 0.087500 0.099057
0 1.0 0.204687 0.364387 0.046875 0.058962
0 1.0 0.232031 0.352594 0.014063 0.025943
0 1.0 0.150781 0.313679 0.145313 0.080189
0 1.0 0.821094 0.332547 0.048438 0.080189
0 1.0 0.836719 0.324292 0.023438 0.035377
0 1.0 0.899219 0.324292 0.023438 0.040094
0 1.0 0.135937 0.300708 0.246875 0.247642
0 1.0 0.078125 0.393868 0.037500 0.075472
0 1.0 0.128125 0.310142 0.078125 0.058962
0 1.0 0.084375 0.369104 0.012500 0.025943
0 1.0 0.088281 0.318396 0.160938 0.094340
0 1.0 0.100000 0.324292 0.071875 0.082547
0 1.0 0.336719 0.300708 0.242188 0.275943
0 1.0 0.946875 0.265330 0.106250 0.129717
0 1.0 0.296875 0.363208 0.040625 0.094340
0 1.0 0.962500 0.345519 0.025000 0.063679
0 1.0 0.951562 0.317217 0.040625 0.068396
0 1.0 0.381250 0.330189 0.028125 0.051887
0 1.0 0.592969 0.517689 0.067187 0.125000
0 1.0 0.638281 0.444575 0.098437 0.073113
0 1.0 0.589063 0.495283 0.046875 0.075472
0 1.0 0.596094 0.451651 0.176563 0.172170
0 1.0 0.564844 0.444575 0.107813 0.077830
0 1.0 0.818750 0.430425 0.334375 0.110849
0 1.0 0.524219 0.446934 0.129688 0.096698
0 1.0 0.501563 0.515330 0.071875 0.087264
0 1.0 0.503906 0.442217 0.235937 0.153302
0 1.0 0.150000 0.487028 0.106250 0.087264
0 1.0 0.082812 0.485849 0.087500 0.146226
0 1.0 0.807813 0.436321 0.175000 0.155660
0 1.0 0.784375 0.456368 0.059375 0.106132
0 1.0 0.680469 0.437500 0.304688 0.125000
0 1.0 0.726562 0.468160 0.050000 0.087264
0 1.0 0.285938 0.446934 0.209375 0.139151
0 1.0 0.257812 0.475236 0.221875 0.247642
0 1.0 0.196094 0.511792 0.042188 0.127358
0 1.0 0.227344 0.456368 0.085938 0.082547
0 1.0 0.178125 0.461085 0.278125 0.176887
0 1.0 0.210156 0.485849 0.067187 0.127358
0 1.0 0.534375 0.454009 0.021875 0.044811
0 1.0 0.453906 0.510613 0.114062 0.120283
0 1.0 0.469531 0.439858 0.260937 0.290094
0 1.0 0.284375 0.489387 0.103125 0.209906
0 1.0 0.670312 0.498821 0.046875 0.063679
0 1.0 0.410156 0.485849 0.117188 0.160377
0 1.0 0.335938 0.515330 0.071875 0.143868
0 1.0 0.244531 0.450472 0.017188 0.047170
0 1.0 0.221875 0.454009 0.159375 0.134434
0 1.0 0.663281 0.517689 0.067187 0.115566
0 1.0 0.316406 0.494104 0.142187 0.125000
0 1.0 0.918750 0.444575 0.103125 0.125000
0 1.0 0.866406 0.471698 0.082812 0.155660
0 1.0 0.817187 0.430425 0.025000 0.040094
0 1.0 0.875000 0.468160 0.053125 0.087264
0 1.0 0.132031 0.507075 0.092188 0.198113
0 1.0 0.913281 0.436321 0.082812 0.061321
0 1.0 0.107031 0.485849 0.057813 0.066038
0 1.0 0.083594 0.484670 0.060937 0.087264
0 1.0 0.962500 0.474057 0.025000 0.051887
0 1.0 0.252344 0.399764 0.289062 0.120283
0 1.0 0.196094 0.457547 0.070312 0.075472
0 1.0 0.186719 0.471698 0.070312 0.165094
0 1.0 0.506250 0.400943 0.103125 0.089623
0 1.0 0.455469 0.459906 0.123438 0.132075
0 1.0 0.735156 0.396226 0.295312 0.226415
0 1.0 0.729688 0.412736 0.159375 0.132075
0 1.0 0.657031 0.462264 0.079687 0.122642
0 1.0 0.345313 0.430425 0.100000 0.134434
0 1.0 0.389062 0.408019 0.200000 0.146226
0 1.0 0.866406 0.409198 0.070312 0.134434
0 1.0 0.148438 0.481132 0.034375 0.070755
0 1.0 0.148438 0.408019 0.278125 0.141509
0 1.0 0.828906 0.409198 0.042188 0.087264
0 1.0 0.089844 0.483491 0.029687 0.061321
0 1.0 0.053906 0.412736 0.107813 0.066038
0 1.0 0.050000 0.477594 0.037500 0.058962
0 1.0 0.058594 0.424528 0.039062 0.047170
0 1.0 0.306250 0.430425 0.071875 0.134434
0 1.0 0.039062 0.492925 0.040625 0.089623
0 1.0 0.953125 0.406840 0.093750 0.125000
0 1.0 0.918750 0.393868 0.115625 0.273585
0 1.0 0.450000 0.484670 0.071875 0.110849
0 1.0 0.148438 0.502358 0.053125 0.103774
0 1.0 0.393750 0.518868 0.053125 0.117925
0 1.0 0.396875 0.456368 0.262500 0.181604
0 1.0 0.159375 0.458726 0.034375 0.054245
0 1.0 0.116406 0.459906 0.170313 0.113208
0 1.0 0.100781 0.462264 0.020313 0.042453
0 1.0 0.068750 0.469340 0.065625 0.066038
0 1.0 0.072656 0.441038 0.145313 0.221698
0 1.0 0.617188 0.398585 0.246875 0.113208
0 1.0 0.583594 0.398585 0.270313 0.301887
0 1.0 0.717969 0.444575 0.082812 0.148585
0 1.0 0.960156 0.458726 0.039062 0.096698
0 1.0 0.667969 0.462264 0.045312 0.066038
0 1.0 0.398438 0.150943 0.218750 0.301887
0 1.0 0.328125 0.166274 0.100000 0.332547
0 1.0 0.382031 0.120283 0.117188 0.103774
0 1.0 0.222656 0.123821 0.242188 0.129717
0 1.0 0.278125 0.129717 0.031250 0.070755
0 1.0 0.459375 0.141509 0.137500 0.160377
0 1.0 0.421875 0.119104 0.278125 0.148585
0 1.0 0.135937 0.183962 0.081250 0.235849
0 1.0 0.299219 0.119104 0.114062 0.200472
0 1.0 0.239844 0.163915 0.117188 0.327830
0 1.0 0.344531 0.649764 0.589063 0.266509
0 1.0 0.727344 0.650943 0.545312 0.226415
0 1.0 0.735156 0.655660 0.410938 0.466981
0 1.0 0.452344 0.206368 0.051562 0.115566
0 1.0 0.484375 0.125000 0.137500 0.094340
0 1.0 0.428125 0.553066 0.609375 0.247642
0 1.0 0.450000 0.123821 0.065625 0.110849
0 1.0 0.722656 0.544811 0.529687 0.226415
0 1.0 0.501563 0.145047 0.243750 0.285377
0 1.0 0.562500 0.557783 0.303125 0.507075
0 1.0 0.500000 0.186321 0.068750 0.150943
0 1.0 0.443750 0.746462 0.568750 0.266509
0 1.0 0.928906 0.108491 0.142187 0.216981
0 1.0 0.896094 0.074292 0.207813 0.125000
0 1.0 0.038281 0.163915 0.076563 0.195755
0 1.0 0.051562 0.128538 0.103125 0.101415
0 1.0 0.074219 0.140330 0.148438 0.275943
0 1.0 0.968750 0.140330 0.037500 0.110849
0 1.0 0.953906 0.075472 0.092188 0.099057
0 1.0 0.875000 0.116745 0.103125 0.233491
0 1.0 0.854688 0.079009 0.121875 0.087264
0 1.0 0.729688 0.757075 0.540625 0.235849
0 1.0 0.816406 0.112028 0.092188 0.200472
0 1.0 0.185938 0.180425 0.071875 0.242925
0 1.0 0.135937 0.122642 0.228125 0.183962
0 1.0 0.077344 0.186321 0.079687 0.245283
0 1.0 0.624219 0.378538 0.492188 0.375000
0 1.0 0.412500 0.360849 0.656250 0.221698
0 1.0 0.788281 0.255896 0.423438 0.214623
0 1.0 0.249219 0.392689 0.410938 0.389151
0 1.0 0.722656 0.350236 0.529687 0.209906
0 1.0 0.642188 0.391509 0.228125 0.490566
0 1.0 0.896094 0.123821 0.207813 0.120283
0 1.0 0.835938 0.126179 0.100000 0.082547
0 1.0 0.966406 0.214623 0.042188 0.136792
0 1.0 0.956250 0.127358 0.087500 0.094340
0 1.0 0.134375 0.188679 0.168750 0.193396
0 1.0 0.078125 0.261792 0.040625 0.122642
0 1.0 0.321875 0.186321 0.031250 0.099057
0 1.0 0.245312 0.175708 0.284375 0.125000
0 1.0 0.750781 0.264151 0.210938 0.466981
0 1.0 0.035156 0.273585 0.026562 0.089623
0 1.0 0.063281 0.182783 0.114062 0.073113
0 1.0 0.035937 0.239387 0.053125 0.106132
0 1.0 0.178906 0.189858 0.226562 0.327830
0 1.0 0.190625 0.194575 0.021875 0.054245
0 1.0 0.135937 0.260613 0.043750 0.129717
0 1.0 0.189844 0.261792 0.032813 0.108491
0 1.0 0.667188 0.161557 0.081250 0.158019
0 1.0 0.667188 0.122642 0.259375 0.155660
0 1.0 0.601562 0.189858 0.081250 0.205189
0 1.0 0.602344 0.170991 0.054688 0.115566
0 1.0 0.812500 0.137972 0.246875 0.275943
0 1.0 0.767969 0.158019 0.107813 0.259434
0 1.0 0.771875 0.121462 0.300000 0.120283
0 1.0 0.606250 0.152123 0.246875 0.285377
0 1.0 0.550781 0.189858 0.073438 0.148585
0 1.0 0.573438 0.126179 0.181250 0.101415
0 1.0 0.709375 0.137972 0.246875 0.275943
0 1.0 0.712500 0.442217 0.528125 0.214623
0 1.0 0.825000 0.163915 0.062500 0.134434
0 1.0 0.449219 0.474057 0.467187 0.509434
0 1.0 0.712500 0.161557 0.106250 0.247642
0 1.0 0.396875 0.446934 0.668750 0.219340
0 1.0 0.239844 0.876179 0.479687 0.247642
0 1.0 0.713281 0.060142 0.170313 0.120283
0 1.0 0.661719 0.068396 0.070312 0.127358
0 1.0 0.600000 0.068396 0.065625 0.127358
0 1.0 0.638281 0.030660 0.135937 0.061321
0 1.0 0.817969 0.062500 0.070312 0.125000
0 1.0 0.827344 0.033019 0.198437 0.066038
0 1.0 0.770312 0.070755 0.081250 0.141509
0 1.0 0.714063 0.069575 0.081250 0.139151
0 1.0 0.146875 0.337264 0.293750 0.674528
0 1.0 0.328906 0.363208 0.607812 0.584906
0 1.0 0.359375 0.054245 0.096875 0.108491
0 1.0 0.301563 0.084906 0.050000 0.136792
0 1.0 0.300781 0.035377 0.104688 0.070755
0 1.0 0.175000 0.031840 0.109375 0.063679
0 1.0 0.290625 0.074292 0.206250 0.148585
0 1.0 0.312500 0.053066 0.062500 0.096698
0 1.0 0.249219 0.057783 0.048438 0.115566
0 1.0 0.184375 0.068396 0.056250 0.127358
0 1.0 0.239844 0.033019 0.079687 0.066038
0 1.0 0.214062 0.045991 0.143750 0.091981
0 1.0 0.466406 0.057783 0.104688 0.106132
0 1.0 0.741406 0.878538 0.517188 0.242925
0 1.0 0.613281 0.057783 0.145313 0.115566
0 1.0 0.551562 0.077830 0.059375 0.122642
0 1.0 0.583594 0.030660 0.132812 0.061321
0 1.0 0.491406 0.875000 0.801562 0.250000
0 1.0 0.553906 0.082547 0.242188 0.165094
0 1.0 0.503906 0.087264 0.060937 0.132075
0 1.0 0.396094 0.077830 0.073438 0.155660
0 1.0 0.368750 0.038915 0.237500 0.077830
0 1.0 0.322656 0.030660 0.032813 0.051887
0 1.0 0.508594 0.031840 0.198437 0.063679
0 1.0 0.447656 0.075472 0.039062 0.070755
0 1.0 0.478125 0.029481 0.056250 0.054245
0 1.0 0.645312 0.122642 0.709375 0.245283
0 1.0 0.551562 0.134434 0.068750 0.155660
0 1.0 0.350000 0.091981 0.150000 0.183962
0 1.0 0.303906 0.076651 0.032813 0.082547
0 1.0 0.435937 0.086085 0.106250 0.115566
0 1.0 0.169531 0.923349 0.339062 0.153302
0 1.0 0.505469 0.121462 0.095312 0.167453
0 1.0 0.596094 0.122642 0.076563 0.198113
0 1.0 0.350000 0.125000 0.700000 0.250000
0 1.0 0.050781 0.081368 0.082812 0.087264
0 1.0 0.967969 0.066038 0.029687 0.070755
0 1.0 0.953125 0.033019 0.093750 0.066038
0 1.0 0.829688 0.922170 0.340625 0.155660
0 1.0 0.923438 0.051887 0.118750 0.103774
0 1.0 0.877344 0.054245 0.064062 0.108491
0 1.0 0.360156 0.922170 0.610938 0.155660
0 1.0 0.274219 0.075472 0.085938 0.113208
0 1.0 0.118750 0.075472 0.203125 0.117925
0 1.0 0.767969 0.859670 0.185938 0.195755
0 1.0 0.724219 0.805425 0.039062 0.082547
0 1.0 0.700000 0.864387 0.321875 0.125000
0 1.0 0.731250 0.837264 0.037500 0.075472
0 1.0 0.727344 0.867925 0.126562 0.108491
0 1.0 0.960156 0.890330 0.042188 0.073113
0 1.0 0.921094 0.877358 0.157812 0.146226
0 1.0 0.549219 0.258255 0.529687 0.219340
0 1.0 0.924219 0.854953 0.064062 0.134434
0 1.0 0.647656 0.850236 0.264062 0.238208
0 1.0 0.609375 0.821934 0.040625 0.068396
0 1.0 0.639844 0.865566 0.142187 0.113208
0 1.0 0.892188 0.845519 0.215625 0.247642
0 1.0 0.880469 0.839623 0.054688 0.099057
0 1.0 0.799219 0.875000 0.148438 0.108491
0 1.0 0.890625 0.864387 0.043750 0.077830
0 1.0 0.850000 0.884434 0.062500 0.080189
0 1.0 0.071094 0.872642 0.101562 0.212264
0 1.0 0.109375 0.917453 0.209375 0.099057
0 1.0 0.775781 0.813679 0.045312 0.108491
0 1.0 0.784375 0.846698 0.043750 0.099057
0 1.0 0.667188 0.811321 0.046875 0.089623
0 1.0 0.418750 0.872642 0.112500 0.169811
0 1.0 0.342187 0.832547 0.050000 0.103774
0 1.0 0.362500 0.843160 0.246875 0.261792
0 1.0 0.364063 0.866745 0.150000 0.167453
0 1.0 0.289844 0.826651 0.054688 0.115566
0 1.0 0.285938 0.876179 0.193750 0.082547
0 1.0 0.332031 0.884434 0.032813 0.047170
0 1.0 0.569531 0.816038 0.054688 0.089623
0 1.0 0.617969 0.876179 0.060937 0.073113
0 1.0 0.422656 0.883255 0.054688 0.073113
0 1.0 0.806250 0.832547 0.053125 0.117925
0 1.0 0.814844 0.862028 0.039062 0.087264
0 1.0 0.527344 0.871462 0.220312 0.115566
0 1.0 0.554688 0.875000 0.053125 0.080189
0 1.0 0.496875 0.843160 0.275000 0.266509
0 1.0 0.439063 0.902123 0.046875 0.125000
0 1.0 0.467969 0.873821 0.148438 0.091981
0 1.0 0.502344 0.877358 0.029687 0.056604
0 1.0 0.482031 0.857311 0.064062 0.115566
0 1.0 0.453906 0.919811 0.104688 0.146226
0 1.0 0.656250 0.892689 0.106250 0.214623
0 1.0 0.660156 0.913915 0.323437 0.110849
0 1.0 0.392969 0.919811 0.123438 0.117925
0 1.0 0.283594 0.893868 0.101562 0.212264
0 1.0 0.332813 0.919811 0.284375 0.113208
0 1.0 0.350000 0.924528 0.096875 0.094340
0 1.0 0.556250 0.885613 0.087500 0.172170
0 1.0 0.546094 0.917453 0.282813 0.141509
0 1.0 0.812500 0.910377 0.087500 0.169811
0 1.0 0.030469 0.884434 0.060937 0.174528
0 1.0 0.052344 0.916274 0.104688 0.077830
0 1.0 0.310156 0.918632 0.123438 0.139151
0 1.0 0.966406 0.877358 0.023438 0.056604
0 1.0 0.242188 0.891509 0.106250 0.216981
0 1.0 0.485156 0.905660 0.101562 0.188679
0 1.0 0.184375 0.904481 0.093750 0.191038
0 1.0 0.128906 0.892689 0.098437 0.205189
0 1.0 0.439844 0.839623 0.032813 0.056604
0 1.0 0.372656 0.824292 0.232813 0.120283
0 1.0 0.386719 0.831368 0.092188 0.096698
0 1.0 0.273438 0.824292 0.300000 0.134434
0 1.0 0.580469 0.821934 0.310937 0.125000
0 1.0 0.628125 0.827830 0.040625 0.066038
0 1.0 0.238281 0.766509 0.135937 0.268868
0 1.0 0.796094 0.816038 0.310937 0.136792
0 1.0 0.567969 0.807783 0.160938 0.186321
0 1.0 0.585938 0.826651 0.034375 0.068396
0 1.0 0.657031 0.814858 0.129688 0.233491
0 1.0 0.487500 0.824292 0.206250 0.101415
0 1.0 0.530469 0.836085 0.026562 0.054245
0 1.0 0.709375 0.799528 0.131250 0.245283
0 1.0 0.053906 0.810142 0.048438 0.068396
0 1.0 0.332031 0.831368 0.032813 0.063679
0 1.0 0.297656 0.806604 0.107813 0.155660
0 1.0 0.241406 0.819575 0.126562 0.110849
0 1.0 0.187500 0.764151 0.153125 0.306604
0 1.0 0.155469 0.810142 0.251563 0.139151
0 1.0 0.111719 0.806604 0.051562 0.075472
0 1.0 0.457031 0.825472 0.139063 0.188679
0 1.0 0.032813 0.810142 0.040625 0.115566
0 1.0 0.042969 0.858491 0.085938 0.066038
0 1.0 0.303125 0.872642 0.096875 0.108491
0 1.0 0.248438 0.811321 0.053125 0.127358
0 1.0 0.940625 0.821934 0.118750 0.172170
0 1.0 0.279687 0.875000 0.078125 0.061321
0 1.0 0.190625 0.800708 0.043750 0.073113
0 1.0 0.208594 0.866745 0.170313 0.087264
0 1.0 0.186719 0.820755 0.076563 0.099057
0 1.0 0.171875 0.817217 0.306250 0.275943
0 1.0 0.121094 0.863208 0.051562 0.061321
0 1.0 0.417187 0.883255 0.046875 0.139151
0 1.0 0.455469 0.883255 0.032813 0.058962
0 1.0 0.093750 0.860849 0.140625 0.080189
0 1.0 0.965625 0.851415 0.056250 0.160377
0 1.0 0.760938 0.825472 0.131250 0.089623
0 1.0 0.824219 0.833726 0.039062 0.058962
0 1.0 0.138281 0.813679 0.067187 0.099057
0 1.0 0.134375 0.857311 0.187500 0.158019
0 1.0 0.813281 0.821934 0.182812 0.214623
0 1.0 0.073438 0.786557 0.062500 0.125000
0 1.0 0.773438 0.219340 0.068750 0.117925
0 1.0 0.962500 0.286557 0.031250 0.091981
0 1.0 0.948438 0.183962 0.103125 0.094340
0 1.0 0.955469 0.259434 0.051562 0.099057
0 1.0 0.785156 0.075472 0.429688 0.150943
0 1.0 0.922656 0.231132 0.101562 0.183962
0 1.0 0.899219 0.188679 0.201563 0.150943
0 1.0 0.879687 0.235849 0.065625 0.146226
0 1.0 0.846094 0.186321 0.123438 0.080189
0 1.0 0.136719 0.264151 0.160938 0.150943
0 1.0 0.667188 0.186321 0.253125 0.141509
0 1.0 0.867969 0.194575 0.242188 0.275943
0 1.0 0.778125 0.181604 0.300000 0.113208
0 1.0 0.822656 0.231132 0.054688 0.089623
0 1.0 0.816406 0.192217 0.164062 0.162736
0 1.0 0.199219 0.238208 0.295312 0.099057
0 1.0 0.196094 0.339623 0.035937 0.051887
0 1.0 0.142187 0.351415 0.028125 0.070755
0 1.0 0.151562 0.330189 0.028125 0.051887
0 1.0 0.082812 0.338443 0.028125 0.068396
0 1.0 0.307031 0.248821 0.073438 0.224057
0 1.0 0.250000 0.258255 0.025000 0.054245
0 1.0 0.284375 0.231132 0.203125 0.311321
0 1.0 0.236719 0.319575 0.057813 0.158019
0 1.0 0.454688 0.076651 0.568750 0.153302
0 1.0 0.033594 0.364387 0.020313 0.054245
0 1.0 0.199219 0.376179 0.017188 0.040094
0 1.0 0.039844 0.336085 0.026562 0.049528
0 1.0 0.073438 0.245283 0.146875 0.245283
0 1.0 0.052344 0.272406 0.104688 0.129717
0 1.0 0.933594 0.928066 0.132812 0.143868
0 1.0 0.076563 0.239387 0.153125 0.091981
0 1.0 0.434375 0.187500 0.106250 0.115566
0 1.0 0.253906 0.247642 0.507812 0.221698
0 1.0 0.667188 0.228774 0.056250 0.099057
0 1.0 0.449219 0.300708 0.395313 0.426887
0 1.0 0.359375 0.176887 0.062500 0.136792
0 1.0 0.425000 0.182783 0.268750 0.120283
0 1.0 0.535937 0.192217 0.190625 0.091981
0 1.0 0.557031 0.237028 0.101562 0.120283
0 1.0 0.714063 0.242925 0.062500 0.136792
0 1.0 0.497656 0.235849 0.073438 0.108491
0 1.0 0.502344 0.205189 0.173437 0.165094
0 1.0 0.450000 0.260613 0.040625 0.091981
0 1.0 0.530469 0.201651 0.054688 0.054245
0 1.0 0.450781 0.224057 0.098437 0.136792
0 1.0 0.485156 0.202830 0.126562 0.094340
0 1.0 0.559375 0.261792 0.065625 0.113208
0 1.0 0.606250 0.264151 0.046875 0.117925
0 1.0 0.491406 0.220519 0.032813 0.058962
0 1.0 0.138281 0.946934 0.145313 0.106132
0 1.0 0.425781 0.957547 0.048438 0.056604
0 1.0 0.241406 0.245283 0.142187 0.127358
0 1.0 0.040625 0.962264 0.081250 0.075472
0 1.0 0.965625 0.942217 0.050000 0.115566
0 1.0 0.241406 0.946934 0.079687 0.106132
0 1.0 0.289062 0.961085 0.081250 0.054245
0 1.0 0.536719 0.958726 0.067187 0.063679
0 1.0 0.506250 0.950472 0.118750 0.099057
0 1.0 0.192969 0.955189 0.120313 0.089623
0 1.0 0.161719 0.963443 0.079687 0.058962
0 1.0 0.770312 0.904481 0.096875 0.181604
0 1.0 0.722656 0.909198 0.082812 0.153302
0 1.0 0.264062 0.955189 0.171875 0.089623
0 1.0 0.607812 0.872642 0.100000 0.202830
0 1.0 0.875781 0.890330 0.117188 0.219340
0 1.0 0.802344 0.913915 0.201563 0.101415
0 1.0 0.109375 0.964623 0.090625 0.061321
0 1.0 0.348438 0.244104 0.140625 0.181604
0 1.0 0.775000 0.950472 0.225000 0.099057
0 1.0 0.714844 0.950472 0.073438 0.099057
0 1.0 0.753125 0.956368 0.103125 0.058962
0 1.0 0.342187 0.957547 0.071875 0.075472
0 1.0 0.660156 0.937500 0.070312 0.125000
0 1.0 0.910937 0.966981 0.109375 0.066038
0 1.0 0.875781 0.937500 0.089063 0.125000
0 1.0 0.824219 0.961085 0.064062 0.058962
0 1.0 0.336719 0.268868 0.079687 0.155660
0 1.0 0.808594 0.964623 0.045312 0.042453
0 1.0 0.462500 0.958726 0.071875 0.068396
0 1.0 0.439844 0.952830 0.089063 0.094340
0 1.0 0.664844 0.950472 0.139063 0.099057
0 1.0 0.607812 0.933962 0.078125 0.132075
0 1.0 0.402344 0.952830 0.089063 0.089623
0 1.0 0.613281 0.957547 0.076563 0.061321
0 1.0 0.589063 0.946934 0.203125 0.106132
0 1.0 0.555469 0.943396 0.073438 0.113208
0 1.0 0.531250 0.961085 0.034375 0.049528
0 1.0 0.296094 0.228774 0.351562 0.457547
0 1.0 0.847656 0.586085 0.207813 0.568396
0 1.0 0.678125 0.327830 0.643750 0.655660
0 1.0 0.842187 0.805425 0.240625 0.389151
0 1.0 0.085156 0.850236 0.170313 0.299528
0 1.0 0.084375 0.570755 0.168750 0.509434
0 1.0 0.499219 0.195755 0.998437 0.391509
0 1.0 0.891406 0.351415 0.217188 0.339623
0 1.0 0.346094 0.455189 0.332813 0.320755
0 1.0 0.822656 0.451651 0.354687 0.403302
0 1.0 0.926562 0.564858 0.146875 0.577830
0 1.0 0.813281 0.544811 0.373437 0.910377