0 1.0 0.474630 0.573000 0.712474 0.750000
0 1.0 0.631078 0.408000 0.209302 0.324000
0 1.0 0.073996 0.602000 0.147992 0.260000
0 1.0 0.245243 0.586000 0.219873 0.224000
0 1.0 0.050740 0.611000 0.101480 0.150000
0 1.0 0.940803 0.554000 0.118393 0.176000
0 1.0 0.963002 0.571000 0.052854 0.146000
0 1.0 0.186047 0.604000 0.295983 0.112000
0 1.0 0.058140 0.611000 0.048626 0.050000
0 1.0 0.466173 0.600000 0.260042 0.388000
0 1.0 0.126850 0.636000 0.093023 0.184000
0 1.0 0.161734 0.613000 0.137421 0.086000
0 1.0 0.182875 0.623000 0.099366 0.202000
0 1.0 0.327696 0.592000 0.147992 0.312000
0 1.0 0.337209 0.602000 0.213531 0.120000
0 1.0 0.060254 0.606000 0.120507 0.068000
0 1.0 0.758985 0.534000 0.186047 0.232000
0 1.0 0.705074 0.533000 0.128964 0.278000
0 1.0 0.916490 0.543000 0.128964 0.334000
0 1.0 0.885835 0.547000 0.228330 0.130000
0 1.0 0.630021 0.550000 0.279070 0.128000
0 1.0 0.606765 0.485000 0.147992 0.294000
0 1.0 0.789641 0.543000 0.120507 0.114000
0 1.0 0.873150 0.549000 0.152220 0.262000
0 1.0 0.706131 0.601000 0.274841 0.130000
0 1.0 0.709302 0.585000 0.243129 0.330000
0 1.0 0.278013 0.608000 0.031712 0.048000
0 1.0 0.910148 0.603000 0.179704 0.162000
0 1.0 0.650106 0.607000 0.124736 0.110000
0 1.0 0.614165 0.573000 0.234672 0.354000
0 1.0 0.552854 0.583000 0.133192 0.446000
0 1.0 0.183932 0.666000 0.334038 0.132000
0 1.0 0.177590 0.680000 0.160677 0.208000
0 1.0 0.773784 0.601000 0.105708 0.098000
0 1.0 0.810782 0.601000 0.099366 0.114000
0 1.0 0.843552 0.583000 0.279070 0.318000
0 1.0 0.805497 0.602000 0.122622 0.240000
0 1.0 0.094080 0.675000 0.183932 0.178000
0 1.0 0.031712 0.691000 0.063425 0.202000
0 1.0 0.062368 0.658000 0.124736 0.080000
0 1.0 0.659619 0.577000 0.186047 0.222000
0 1.0 0.551797 0.604000 0.215645 0.104000
0 1.0 0.243129 0.603000 0.101480 0.086000
0 1.0 0.488372 0.605000 0.139535 0.122000
0 1.0 0.586681 0.605000 0.090909 0.090000
0 1.0 0.428118 0.600000 0.293869 0.132000
0 1.0 0.691332 0.495000 0.224101 0.162000
0 1.0 0.878436 0.498000 0.243129 0.128000
0 1.0 0.762156 0.545000 0.323467 0.154000
0 1.0 0.570825 0.496000 0.283298 0.140000
0 1.0 0.773784 0.496000 0.114165 0.104000
0 1.0 0.124736 0.552000 0.215645 0.104000
0 1.0 0.114165 0.533000 0.228330 0.290000
0 1.0 0.346723 0.491000 0.274841 0.138000
0 1.0 0.329810 0.471000 0.173362 0.278000
0 1.0 0.313953 0.497000 0.116279 0.122000
0 1.0 0.497886 0.474000 0.116279 0.328000
0 1.0 0.253700 0.510000 0.152220 0.192000
0 1.0 0.187104 0.524000 0.095137 0.200000
0 1.0 0.205074 0.503000 0.207188 0.114000
0 1.0 0.477801 0.466000 0.262156 0.292000
0 1.0 0.436575 0.488000 0.264271 0.160000
0 1.0 0.393235 0.477000 0.147992 0.306000
0 1.0 0.397463 0.546000 0.300211 0.160000
0 1.0 0.280127 0.554000 0.150106 0.148000
0 1.0 0.454545 0.533000 0.135307 0.294000
0 1.0 0.029598 0.561000 0.059197 0.190000
0 1.0 0.057082 0.551000 0.114165 0.078000
0 1.0 0.940803 0.497000 0.118393 0.102000
0 1.0 0.878436 0.483000 0.243129 0.302000
0 1.0 0.960888 0.522000 0.061311 0.124000
0 1.0 0.198732 0.552000 0.219873 0.128000
0 1.0 0.137421 0.570000 0.114165 0.168000
0 1.0 0.152220 0.754000 0.304440 0.164000
0 1.0 0.127907 0.770000 0.183932 0.304000
0 1.0 0.874207 0.710000 0.200846 0.236000
0 1.0 0.812896 0.713000 0.120507 0.322000
0 1.0 0.780127 0.710000 0.304440 0.144000
0 1.0 0.800211 0.708000 0.319239 0.324000
0 1.0 0.761099 0.702000 0.147992 0.284000
0 1.0 0.042283 0.767000 0.084567 0.278000
0 1.0 0.050740 0.766000 0.050740 0.080000
0 1.0 0.964059 0.756000 0.063425 0.188000
0 1.0 0.054968 0.760000 0.109937 0.092000
0 1.0 0.289641 0.759000 0.135307 0.358000
0 1.0 0.311839 0.777000 0.048626 0.078000
0 1.0 0.940803 0.710000 0.118393 0.104000
0 1.0 0.916490 0.716000 0.133192 0.372000
0 1.0 0.483087 0.715000 0.306554 0.150000
0 1.0 0.490486 0.689000 0.143763 0.294000
0 1.0 0.700846 0.697000 0.145877 0.334000
0 1.0 0.397463 0.694000 0.139535 0.324000
0 1.0 0.432347 0.721000 0.145877 0.134000
0 1.0 0.341438 0.717000 0.260042 0.122000
0 1.0 0.643763 0.711000 0.289641 0.134000
0 1.0 0.595137 0.710000 0.133192 0.340000
0 1.0 0.788584 0.717000 0.109937 0.090000
0 1.0 0.835095 0.724000 0.071882 0.088000
0 1.0 0.579281 0.775000 0.139535 0.130000
0 1.0 0.549683 0.777000 0.270613 0.318000
0 1.0 0.498943 0.772000 0.283298 0.144000
0 1.0 0.709302 0.764000 0.306554 0.156000
0 1.0 0.943975 0.764000 0.112051 0.100000
0 1.0 0.656448 0.743000 0.145877 0.334000
0 1.0 0.836152 0.781000 0.069767 0.078000
0 1.0 0.600423 0.764000 0.283298 0.140000
0 1.0 0.877378 0.788000 0.109937 0.196000
0 1.0 0.228330 0.764000 0.207188 0.252000
0 1.0 0.452431 0.747000 0.164905 0.242000
0 1.0 0.482030 0.777000 0.109937 0.110000
0 1.0 0.123679 0.763000 0.099366 0.118000
0 1.0 0.359408 0.769000 0.317125 0.126000
0 1.0 0.377378 0.774000 0.133192 0.116000
0 1.0 0.554968 0.762000 0.120507 0.288000
0 1.0 0.238901 0.764000 0.147992 0.144000
0 1.0 0.346723 0.764000 0.164905 0.224000
0 1.0 0.451374 0.663000 0.167019 0.158000
0 1.0 0.344609 0.660000 0.173362 0.108000
0 1.0 0.622622 0.656000 0.272727 0.132000
0 1.0 0.789641 0.662000 0.099366 0.088000
0 1.0 0.754757 0.662000 0.241015 0.172000
0 1.0 0.278013 0.668000 0.040169 0.064000
0 1.0 0.966173 0.626000 0.054968 0.160000
0 1.0 0.946089 0.602000 0.107822 0.104000
0 1.0 0.242072 0.650000 0.133192 0.284000
0 1.0 0.223044 0.660000 0.150106 0.120000
0 1.0 0.234672 0.714000 0.334038 0.140000
0 1.0 0.301268 0.722000 0.052854 0.084000
0 1.0 0.064482 0.709000 0.128964 0.110000
0 1.0 0.947146 0.656000 0.105708 0.100000
0 1.0 0.824524 0.664000 0.097252 0.108000
0 1.0 0.434461 0.327000 0.124736 0.122000
0 1.0 0.439746 0.298000 0.266385 0.240000
0 1.0 0.482030 0.314000 0.076110 0.088000
0 1.0 0.397463 0.348000 0.080338 0.132000
0 1.0 0.348837 0.360000 0.071882 0.120000
0 1.0 0.413319 0.306000 0.086681 0.076000
0 1.0 0.361522 0.310000 0.283298 0.144000
0 1.0 0.609937 0.324000 0.057082 0.096000
0 1.0 0.598309 0.304000 0.253700 0.148000
0 1.0 0.295983 0.354000 0.097252 0.144000
0 1.0 0.347780 0.309000 0.179704 0.086000
0 1.0 0.605708 0.339000 0.116279 0.198000
0 1.0 0.868922 0.304000 0.088795 0.204000
0 1.0 0.810782 0.288000 0.065539 0.068000
0 1.0 0.544397 0.354000 0.103594 0.176000
0 1.0 0.567653 0.295000 0.145877 0.110000
0 1.0 0.769556 0.307000 0.135307 0.150000
0 1.0 0.539112 0.333000 0.270613 0.242000
0 1.0 0.496829 0.351000 0.105708 0.170000
0 1.0 0.498943 0.294000 0.202960 0.136000
0 1.0 0.762156 0.298000 0.251586 0.276000
0 1.0 0.149049 0.301000 0.133192 0.134000
0 1.0 0.070825 0.298000 0.086681 0.204000
0 1.0 0.127907 0.293000 0.112051 0.078000
0 1.0 0.077167 0.288000 0.040169 0.084000
0 1.0 0.106765 0.284000 0.213531 0.292000
0 1.0 0.368922 0.326000 0.078224 0.096000
0 1.0 0.035941 0.295000 0.071882 0.078000
0 1.0 0.963002 0.263000 0.073996 0.274000
0 1.0 0.952431 0.232000 0.095137 0.100000
0 1.0 0.313953 0.291000 0.260042 0.246000
0 1.0 0.329810 0.333000 0.054968 0.070000
0 1.0 0.234672 0.345000 0.088795 0.146000
0 1.0 0.272727 0.300000 0.169133 0.100000
0 1.0 0.241015 0.332000 0.046512 0.064000
0 1.0 0.252643 0.305000 0.090909 0.074000
0 1.0 0.439746 0.357000 0.063425 0.094000
0 1.0 0.232558 0.321000 0.029598 0.050000
0 1.0 0.177590 0.295000 0.109937 0.074000
0 1.0 0.144820 0.298000 0.048626 0.084000
0 1.0 0.193446 0.336000 0.065539 0.128000
0 1.0 0.130021 0.394000 0.078224 0.196000
0 1.0 0.168076 0.343000 0.230444 0.118000
0 1.0 0.143763 0.367000 0.270613 0.286000
0 1.0 0.075053 0.382000 0.090909 0.220000
0 1.0 0.025370 0.354000 0.046512 0.128000
0 1.0 0.051797 0.340000 0.103594 0.076000
0 1.0 0.963002 0.320000 0.048626 0.164000
0 1.0 0.303383 0.374000 0.175476 0.200000
0 1.0 0.193446 0.388000 0.052854 0.116000
0 1.0 0.235729 0.341000 0.154334 0.098000
0 1.0 0.819239 0.301000 0.150106 0.170000
0 1.0 0.769556 0.345000 0.080338 0.158000
0 1.0 0.706131 0.293000 0.241015 0.110000
0 1.0 0.780127 0.322000 0.033827 0.060000
0 1.0 0.708245 0.329000 0.080338 0.134000
0 1.0 0.718816 0.317000 0.033827 0.054000
0 1.0 0.644820 0.354000 0.122622 0.208000
0 1.0 0.646934 0.337000 0.084567 0.126000
0 1.0 0.929175 0.289000 0.141649 0.158000
0 1.0 0.920719 0.301000 0.124736 0.374000
0 1.0 0.874207 0.294000 0.040169 0.084000
0 1.0 0.818182 0.332000 0.076110 0.172000
0 1.0 0.826638 0.319000 0.029598 0.062000
0 1.0 0.372093 0.252000 0.219873 0.128000
0 1.0 0.032770 0.242000 0.065539 0.260000
0 1.0 0.061311 0.236000 0.122622 0.092000
0 1.0 0.067653 0.219000 0.135307 0.290000
0 1.0 0.931290 0.182000 0.137421 0.148000
0 1.0 0.192389 0.289000 0.059197 0.134000
0 1.0 0.198732 0.248000 0.279070 0.116000
0 1.0 0.898520 0.184000 0.202960 0.324000
0 1.0 0.232558 0.226000 0.270613 0.296000
0 1.0 0.193446 0.256000 0.150106 0.164000
0 1.0 0.131078 0.234000 0.105708 0.220000
0 1.0 0.115222 0.239000 0.230444 0.114000
0 1.0 0.099366 0.073000 0.198732 0.146000
0 1.0 0.023256 0.050000 0.042283 0.092000
0 1.0 0.062368 0.027000 0.069767 0.054000
0 1.0 0.154334 0.043000 0.224101 0.086000
0 1.0 0.749471 0.505000 0.471459 0.990000
0 1.0 0.132135 0.050000 0.090909 0.100000
0 1.0 0.184989 0.080000 0.260042 0.160000
0 1.0 0.829810 0.185000 0.103594 0.082000
0 1.0 0.875264 0.188000 0.101480 0.220000
0 1.0 0.834038 0.184000 0.158562 0.124000
0 1.0 0.812896 0.205000 0.103594 0.258000
0 1.0 0.804440 0.185000 0.247357 0.330000
0 1.0 0.077167 0.056000 0.078224 0.112000
0 1.0 0.103594 0.030000 0.131078 0.060000
0 1.0 0.766385 0.248000 0.167019 0.192000
0 1.0 0.680761 0.240000 0.300211 0.116000
0 1.0 0.721987 0.272000 0.052854 0.084000
0 1.0 0.236786 0.272000 0.084567 0.128000
0 1.0 0.638478 0.313000 0.059197 0.086000
0 1.0 0.640592 0.255000 0.270613 0.286000
0 1.0 0.897463 0.236000 0.205074 0.116000
0 1.0 0.810782 0.238000 0.107822 0.088000
0 1.0 0.819239 0.266000 0.061311 0.136000
0 1.0 0.401691 0.284000 0.126850 0.160000
0 1.0 0.443975 0.249000 0.114165 0.102000
0 1.0 0.292812 0.307000 0.082452 0.138000
0 1.0 0.339323 0.265000 0.044397 0.058000
0 1.0 0.302326 0.269000 0.152220 0.150000
0 1.0 0.554968 0.242000 0.285412 0.112000
0 1.0 0.546512 0.312000 0.073996 0.092000
0 1.0 0.772727 0.269000 0.065539 0.122000
0 1.0 0.449260 0.320000 0.069767 0.092000
0 1.0 0.489429 0.249000 0.107822 0.110000
0 1.0 0.562368 0.413000 0.143763 0.278000
0 1.0 0.249471 0.454000 0.084567 0.168000
0 1.0 0.271670 0.442000 0.243129 0.152000
0 1.0 0.262156 0.437000 0.266385 0.318000
0 1.0 0.227273 0.450000 0.082452 0.076000
0 1.0 0.180761 0.448000 0.260042 0.152000
0 1.0 0.201903 0.470000 0.073996 0.120000
0 1.0 0.138478 0.490000 0.082452 0.188000
0 1.0 0.177590 0.447000 0.093023 0.086000
0 1.0 0.441860 0.412000 0.084567 0.140000
0 1.0 0.468288 0.439000 0.061311 0.086000
0 1.0 0.438689 0.421000 0.141649 0.186000
0 1.0 0.683932 0.427000 0.167019 0.222000
0 1.0 0.394292 0.433000 0.048626 0.082000
0 1.0 0.328753 0.437000 0.154334 0.122000
0 1.0 0.909091 0.397000 0.181818 0.110000
0 1.0 0.878436 0.425000 0.124736 0.234000
0 1.0 0.815011 0.401000 0.188161 0.114000
0 1.0 0.400634 0.437000 0.289641 0.178000
0 1.0 0.807611 0.445000 0.063425 0.114000
0 1.0 0.813953 0.408000 0.270613 0.312000
0 1.0 0.763214 0.434000 0.097252 0.184000
0 1.0 0.078224 0.481000 0.088795 0.222000
0 1.0 0.140592 0.447000 0.082452 0.078000
0 1.0 0.028541 0.472000 0.052854 0.160000
0 1.0 0.950317 0.406000 0.099366 0.156000
0 1.0 0.044397 0.449000 0.088795 0.094000
0 1.0 0.077167 0.447000 0.154334 0.270000
0 1.0 0.298097 0.443000 0.084567 0.082000
0 1.0 0.076110 0.448000 0.033827 0.048000
0 1.0 0.050740 0.502000 0.101480 0.164000
0 1.0 0.963002 0.481000 0.040169 0.102000
0 1.0 0.957717 0.450000 0.084567 0.080000
0 1.0 0.874207 0.450000 0.251586 0.124000
0 1.0 0.795983 0.449000 0.035941 0.054000
0 1.0 0.790698 0.450000 0.207188 0.116000
0 1.0 0.147992 0.499000 0.219873 0.170000
0 1.0 0.039112 0.501000 0.078224 0.086000
0 1.0 0.641649 0.438000 0.141649 0.128000
0 1.0 0.803383 0.484000 0.093023 0.200000
0 1.0 0.131078 0.497000 0.160677 0.098000
0 1.0 0.875264 0.354000 0.202960 0.236000
0 1.0 0.807611 0.400000 0.076110 0.160000
0 1.0 0.805497 0.343000 0.274841 0.142000
0 1.0 0.736786 0.394000 0.306554 0.160000
0 1.0 0.040169 0.395000 0.080338 0.098000
0 1.0 0.963002 0.375000 0.035941 0.106000
0 1.0 0.934461 0.342000 0.131078 0.124000
0 1.0 0.155391 0.390000 0.234672 0.132000
0 1.0 0.437632 0.353000 0.042283 0.062000
0 1.0 0.684989 0.340000 0.274841 0.156000
0 1.0 0.873150 0.369000 0.084567 0.162000
0 1.0 0.508457 0.388000 0.175476 0.224000
0 1.0 0.390063 0.407000 0.112051 0.198000
0 1.0 0.616279 0.384000 0.306554 0.176000
0 1.0 0.186047 0.430000 0.139535 0.224000
0 1.0 0.334038 0.663000 0.528541 0.262000
0 1.0 0.061311 0.122000 0.122622 0.096000
0 1.0 0.815011 0.770000 0.264271 0.172000
0 1.0 0.967230 0.119000 0.048626 0.130000
0 1.0 0.950317 0.077000 0.099366 0.098000
0 1.0 0.244186 0.644000 0.230444 0.548000
0 1.0 0.045455 0.130000 0.090909 0.260000
0 1.0 0.559197 0.585000 0.251586 0.634000
0 1.0 0.532770 0.651000 0.536998 0.254000
0 1.0 0.929175 0.102000 0.141649 0.204000
0 1.0 0.850951 0.079000 0.145877 0.098000
0 1.0 0.125793 0.139000 0.133192 0.278000
0 1.0 0.133192 0.120000 0.236786 0.176000
0 1.0 0.760042 0.532000 0.310782 0.516000
0 1.0 0.670190 0.549000 0.498943 0.234000
0 1.0 0.354123 0.550000 0.501057 0.248000
0 1.0 0.368922 0.501000 0.315011 0.518000
0 1.0 0.249471 0.678000 0.498943 0.492000
0 1.0 0.608879 0.082000 0.207188 0.148000
0 1.0 0.553911 0.162000 0.059197 0.116000
0 1.0 0.711416 0.131000 0.090909 0.198000
0 1.0 0.712474 0.082000 0.215645 0.148000
0 1.0 0.692389 0.717000 0.433404 0.442000
0 1.0 0.078224 0.790000 0.156448 0.420000
0 1.0 0.176533 0.839000 0.353066 0.222000
0 1.0 0.546512 0.114000 0.264271 0.228000
0 1.0 0.500000 0.149000 0.073996 0.146000
0 1.0 0.504228 0.079000 0.264271 0.130000
0 1.0 0.602537 0.129000 0.067653 0.118000
0 1.0 0.664905 0.128000 0.073996 0.128000
0 1.0 0.877378 0.108000 0.084567 0.156000
0 1.0 0.860465 0.109000 0.236786 0.218000
0 1.0 0.813953 0.116000 0.097252 0.224000
0 1.0 0.446089 0.728000 0.321353 0.424000
0 1.0 0.768499 0.119000 0.103594 0.234000
0 1.0 0.498943 0.206000 0.067653 0.116000
0 1.0 0.502114 0.132000 0.285412 0.128000
0 1.0 0.464059 0.363000 0.509514 0.266000
0 1.0 0.453488 0.140000 0.234672 0.260000
0 1.0 0.398520 0.184000 0.078224 0.160000
0 1.0 0.439746 0.141000 0.118393 0.098000
0 1.0 0.714588 0.367000 0.410148 0.298000
0 1.0 0.650106 0.130000 0.264271 0.256000
0 1.0 0.660677 0.138000 0.179704 0.160000
0 1.0 0.606765 0.199000 0.059197 0.106000
0 1.0 0.550740 0.215000 0.052854 0.086000
0 1.0 0.784355 0.249000 0.431290 0.210000
0 1.0 0.280127 0.353000 0.509514 0.226000
0 1.0 0.150106 0.566000 0.300211 0.516000
0 1.0 0.378436 0.132000 0.164905 0.092000
0 1.0 0.350951 0.145000 0.274841 0.274000
0 1.0 0.349894 0.145000 0.167019 0.170000
0 1.0 0.289641 0.177000 0.088795 0.210000
0 1.0 0.260042 0.133000 0.236786 0.106000
0 1.0 0.298097 0.141000 0.054968 0.066000
0 1.0 0.288584 0.138000 0.154334 0.176000
0 1.0 0.238901 0.133000 0.152220 0.258000
0 1.0 0.188161 0.139000 0.101480 0.246000
0 1.0 0.443975 0.203000 0.071882 0.110000
0 1.0 0.442918 0.181000 0.124736 0.130000
0 1.0 0.411205 0.150000 0.167019 0.172000
0 1.0 0.348837 0.190000 0.067653 0.156000
0 1.0 0.325581 0.829000 0.651163 0.342000
0 1.0 0.559197 0.069000 0.061311 0.082000
0 1.0 0.553911 0.040000 0.186047 0.080000
0 1.0 0.501057 0.085000 0.063425 0.122000
0 1.0 0.506342 0.059000 0.128964 0.118000
0 1.0 0.305497 0.366000 0.357294 0.588000
0 1.0 0.638478 0.317000 0.718816 0.314000
0 1.0 0.175476 0.299000 0.350951 0.526000
0 1.0 0.858351 0.507000 0.253700 0.802000
0 1.0 0.639535 0.479000 0.720930 0.358000
0 1.0 0.188161 0.061000 0.076110 0.122000
0 1.0 0.402748 0.085000 0.247357 0.170000
0 1.0 0.286469 0.082000 0.251586 0.164000
0 1.0 0.299154 0.054000 0.107822 0.108000
0 1.0 0.238901 0.073000 0.093023 0.146000
0 1.0 0.235729 0.033000 0.183932 0.066000
0 1.0 0.498943 0.190000 0.980973 0.380000
0 1.0 0.445032 0.088000 0.052854 0.088000
0 1.0 0.492600 0.027000 0.071882 0.054000
0 1.0 0.445032 0.074000 0.095137 0.108000
0 1.0 0.476744 0.038000 0.124736 0.076000
0 1.0 0.749471 0.879000 0.501057 0.242000
0 1.0 0.399577 0.085000 0.076110 0.146000
0 1.0 0.415433 0.032000 0.200846 0.064000
0 1.0 0.343552 0.073000 0.065539 0.126000
0 1.0 0.343552 0.026000 0.061311 0.052000
0 1.0 0.353066 0.054000 0.118393 0.108000
0 1.0 0.412262 0.055000 0.122622 0.110000
0 1.0 0.229387 0.921000 0.458774 0.158000
0 1.0 0.285412 0.087000 0.080338 0.082000
0 1.0 0.965116 0.056000 0.031712 0.072000
0 1.0 0.954545 0.032000 0.090909 0.064000
0 1.0 0.443975 0.919000 0.579281 0.162000
0 1.0 0.527484 0.840000 0.517970 0.204000
0 1.0 0.612051 0.056000 0.137421 0.112000
0 1.0 0.719873 0.053000 0.061311 0.090000
0 1.0 0.498943 0.396000 0.329810 0.580000
0 1.0 0.603594 0.072000 0.057082 0.104000
0 1.0 0.922833 0.062000 0.069767 0.124000
0 1.0 0.911205 0.041000 0.177590 0.082000
0 1.0 0.213531 0.144000 0.427061 0.288000
0 1.0 0.876321 0.057000 0.065539 0.114000
0 1.0 0.873150 0.029000 0.101480 0.058000
0 1.0 0.662791 0.072000 0.057082 0.108000
0 1.0 0.659619 0.033000 0.181818 0.066000
0 1.0 0.816068 0.065000 0.071882 0.130000
0 1.0 0.820296 0.042000 0.228330 0.084000
0 1.0 0.769556 0.061000 0.067653 0.122000
0 1.0 0.927061 0.874000 0.145877 0.144000
0 1.0 0.649049 0.881000 0.198732 0.150000
0 1.0 0.654334 0.834000 0.255814 0.296000
0 1.0 0.609937 0.855000 0.065539 0.118000
0 1.0 0.661734 0.196000 0.059197 0.116000
0 1.0 0.595137 0.880000 0.205074 0.208000
0 1.0 0.559197 0.877000 0.065539 0.130000
0 1.0 0.824524 0.861000 0.059197 0.110000
0 1.0 0.810782 0.872000 0.340381 0.140000
0 1.0 0.849894 0.876000 0.126850 0.116000
0 1.0 0.134249 0.906000 0.183932 0.168000
0 1.0 0.072939 0.892000 0.116279 0.216000
0 1.0 0.958774 0.888000 0.052854 0.096000
0 1.0 0.779070 0.853000 0.057082 0.094000
0 1.0 0.713531 0.839000 0.065539 0.114000
0 1.0 0.348837 0.875000 0.215645 0.146000
0 1.0 0.350951 0.848000 0.317125 0.260000
0 1.0 0.293869 0.843000 0.054968 0.130000
0 1.0 0.294926 0.859000 0.099366 0.190000
0 1.0 0.303383 0.882000 0.065539 0.088000
0 1.0 0.506342 0.842000 0.061311 0.128000
0 1.0 0.245243 0.879000 0.177590 0.158000
0 1.0 0.187104 0.833000 0.069767 0.158000
0 1.0 0.181818 0.850000 0.126850 0.228000
0 1.0 0.495772 0.879000 0.293869 0.162000
0 1.0 0.512685 0.862000 0.107822 0.168000
0 1.0 0.452431 0.833000 0.042283 0.082000
0 1.0 0.455603 0.855000 0.086681 0.134000
0 1.0 0.342495 0.868000 0.080338 0.156000
0 1.0 0.654334 0.845000 0.069767 0.134000
0 1.0 0.653277 0.916000 0.109937 0.168000
0 1.0 0.651163 0.920000 0.300211 0.128000
0 1.0 0.362579 0.917000 0.327696 0.122000
0 1.0 0.352008 0.913000 0.124736 0.130000
0 1.0 0.823467 0.917000 0.103594 0.166000
0 1.0 0.818182 0.911000 0.219873 0.178000
0 1.0 0.442918 0.895000 0.082452 0.158000
0 1.0 0.471459 0.908000 0.173362 0.152000
0 1.0 0.392178 0.896000 0.107822 0.208000
0 1.0 0.068710 0.916000 0.137421 0.100000
0 1.0 0.039112 0.911000 0.078224 0.178000
0 1.0 0.966173 0.877000 0.029598 0.066000
0 1.0 0.884778 0.856000 0.230444 0.256000
0 1.0 0.876321 0.852000 0.073996 0.128000
0 1.0 0.192389 0.913000 0.139535 0.138000
0 1.0 0.575053 0.826000 0.122622 0.112000
0 1.0 0.243129 0.815000 0.122622 0.126000
0 1.0 0.468288 0.820000 0.188161 0.192000
0 1.0 0.428118 0.817000 0.374207 0.130000
0 1.0 0.401691 0.810000 0.147992 0.268000
0 1.0 0.714588 0.814000 0.236786 0.152000
0 1.0 0.363636 0.822000 0.139535 0.112000
0 1.0 0.228330 0.818000 0.334038 0.128000
0 1.0 0.792812 0.773000 0.114165 0.086000
0 1.0 0.147992 0.813000 0.156448 0.150000
0 1.0 0.126850 0.816000 0.084567 0.104000
0 1.0 0.050740 0.814000 0.101480 0.076000
0 1.0 0.052854 0.819000 0.046512 0.070000
0 1.0 0.237844 0.860000 0.090909 0.188000
0 1.0 0.943975 0.826000 0.112051 0.176000
0 1.0 0.791755 0.824000 0.124736 0.084000
0 1.0 0.841438 0.833000 0.063425 0.070000
0 1.0 0.397463 0.843000 0.054968 0.118000
0 1.0 0.027484 0.861000 0.046512 0.134000
0 1.0 0.051797 0.872000 0.103594 0.084000
0 1.0 0.601480 0.815000 0.251586 0.122000
0 1.0 0.817125 0.828000 0.128964 0.300000
0 1.0 0.077167 0.833000 0.086681 0.206000
0 1.0 0.503171 0.834000 0.147992 0.316000
0 1.0 0.514799 0.825000 0.179704 0.134000
0 1.0 0.764271 0.815000 0.137421 0.310000
0 1.0 0.762156 0.815000 0.327696 0.286000
0 1.0 0.190275 0.205000 0.071882 0.174000
0 1.0 0.402748 0.216000 0.133192 0.180000
0 1.0 0.732558 0.077000 0.534884 0.154000
0 1.0 0.349894 0.264000 0.057082 0.112000
0 1.0 0.350951 0.231000 0.109937 0.138000
0 1.0 0.424947 0.188000 0.312896 0.124000
0 1.0 0.155391 0.181000 0.243129 0.118000
0 1.0 0.329810 0.189000 0.093023 0.094000
0 1.0 0.319239 0.205000 0.046512 0.074000
0 1.0 0.242072 0.211000 0.107822 0.230000
0 1.0 0.441860 0.196000 0.427061 0.392000
0 1.0 0.665962 0.210000 0.139535 0.136000
0 1.0 0.609937 0.280000 0.061311 0.096000
0 1.0 0.609937 0.189000 0.260042 0.106000
0 1.0 0.610994 0.216000 0.152220 0.136000
0 1.0 0.549683 0.277000 0.054968 0.086000
0 1.0 0.546512 0.252000 0.078224 0.088000
0 1.0 0.561311 0.221000 0.107822 0.102000
0 1.0 0.712474 0.230000 0.088795 0.168000
0 1.0 0.709302 0.185000 0.255814 0.118000
0 1.0 0.372093 0.208000 0.076110 0.100000
0 1.0 0.496829 0.271000 0.063425 0.094000
0 1.0 0.343552 0.077000 0.589852 0.154000
0 1.0 0.951374 0.954000 0.097252 0.092000
0 1.0 0.488372 0.214000 0.169133 0.148000
0 1.0 0.768499 0.122000 0.298097 0.132000
0 1.0 0.839323 0.127000 0.131078 0.094000
0 1.0 0.264271 0.244000 0.528541 0.228000
0 1.0 0.047569 0.179000 0.095137 0.070000
0 1.0 0.966173 0.165000 0.059197 0.166000
0 1.0 0.949260 0.128000 0.101480 0.096000
0 1.0 0.223044 0.187000 0.154334 0.102000
0 1.0 0.200846 0.191000 0.038055 0.066000
0 1.0 0.643763 0.144000 0.568710 0.228000
0 1.0 0.412262 0.954000 0.105708 0.092000
0 1.0 0.396406 0.962000 0.069767 0.052000
0 1.0 0.089852 0.953000 0.128964 0.094000
0 1.0 0.065539 0.962000 0.067653 0.052000
0 1.0 0.966173 0.939000 0.050740 0.122000
0 1.0 0.239958 0.935000 0.120507 0.130000
0 1.0 0.268499 0.952000 0.135307 0.084000
0 1.0 0.045455 0.958000 0.090909 0.072000
0 1.0 0.288584 0.958000 0.086681 0.056000
0 1.0 0.503171 0.940000 0.093023 0.120000
0 1.0 0.564482 0.961000 0.093023 0.054000
0 1.0 0.540169 0.955000 0.158562 0.078000
0 1.0 0.196617 0.954000 0.118393 0.092000
0 1.0 0.133192 0.938000 0.088795 0.124000
0 1.0 0.710359 0.919000 0.105708 0.162000
0 1.0 0.150106 0.960000 0.097252 0.060000
0 1.0 0.772727 0.209000 0.090909 0.162000
0 1.0 0.758985 0.953000 0.207188 0.094000
0 1.0 0.731501 0.958000 0.126850 0.064000
0 1.0 0.657505 0.953000 0.080338 0.094000
0 1.0 0.921776 0.935000 0.088795 0.130000
0 1.0 0.649049 0.273000 0.059197 0.102000
0 1.0 0.873150 0.926000 0.093023 0.148000
0 1.0 0.848837 0.962000 0.069767 0.052000
0 1.0 0.842495 0.961000 0.124736 0.066000
0 1.0 0.450317 0.940000 0.109937 0.120000
0 1.0 0.512685 0.961000 0.078224 0.058000
0 1.0 0.469345 0.961000 0.093023 0.054000
0 1.0 0.606765 0.940000 0.101480 0.120000
0 1.0 0.366808 0.957000 0.128964 0.082000
0 1.0 0.322410 0.963000 0.082452 0.054000
0 1.0 0.663848 0.954000 0.190275 0.092000
0 1.0 0.768499 0.943000 0.086681 0.114000
0 1.0 0.817125 0.313000 0.365751 0.566000
0 1.0 0.705074 0.226000 0.369979 0.452000