0 1.0 0.525000 0.508333 0.837500 0.900000
0 1.0 0.207813 0.481250 0.384375 0.962500
0 1.0 0.773438 0.514583 0.415625 0.862500
0 1.0 0.657031 0.550000 0.310937 0.133333
0 1.0 0.662500 0.580208 0.112500 0.306250
0 1.0 0.714063 0.563542 0.256250 0.335417
0 1.0 0.714844 0.585417 0.098437 0.187500
0 1.0 0.604688 0.588542 0.109375 0.310417
0 1.0 0.595313 0.569792 0.246875 0.322917
0 1.0 0.896875 0.557292 0.206250 0.172917
0 1.0 0.836719 0.559375 0.089063 0.081250
0 1.0 0.864844 0.560417 0.242188 0.312500
0 1.0 0.814844 0.585417 0.114062 0.241667
0 1.0 0.770312 0.554167 0.271875 0.166667
0 1.0 0.762500 0.614583 0.100000 0.183333
0 1.0 0.400781 0.544792 0.217188 0.306250
0 1.0 0.342187 0.573958 0.109375 0.268750
0 1.0 0.369531 0.554167 0.179688 0.108333
0 1.0 0.288281 0.572917 0.082812 0.241667
0 1.0 0.293750 0.547917 0.237500 0.295833
0 1.0 0.242188 0.589583 0.071875 0.225000
0 1.0 0.226562 0.554167 0.250000 0.125000
0 1.0 0.539062 0.573958 0.115625 0.310417
0 1.0 0.517969 0.547917 0.282813 0.137500
0 1.0 0.421875 0.551042 0.150000 0.152083
0 1.0 0.446875 0.570833 0.081250 0.229167
0 1.0 0.490625 0.551042 0.156250 0.110417
0 1.0 0.468750 0.608333 0.178125 0.100000
0 1.0 0.502344 0.611458 0.042188 0.072917
0 1.0 0.461719 0.596875 0.164062 0.247917
0 1.0 0.398438 0.601042 0.100000 0.314583
0 1.0 0.406250 0.608333 0.300000 0.129167
0 1.0 0.445312 0.611458 0.059375 0.093750
0 1.0 0.950000 0.608333 0.065625 0.104167
0 1.0 0.377344 0.613542 0.079687 0.110417
0 1.0 0.343750 0.611458 0.212500 0.318750
0 1.0 0.314063 0.605208 0.193750 0.110417
0 1.0 0.604688 0.601042 0.284375 0.127083
0 1.0 0.064844 0.582292 0.129688 0.364583
0 1.0 0.087500 0.603125 0.175000 0.110417
0 1.0 0.042188 0.602083 0.084375 0.079167
0 1.0 0.942969 0.553125 0.114062 0.102083
0 1.0 0.178906 0.544792 0.132812 0.322917
0 1.0 0.355469 0.611458 0.035937 0.068750
0 1.0 0.267188 0.607292 0.087500 0.097917
0 1.0 0.228906 0.611458 0.251563 0.285417
0 1.0 0.239063 0.606250 0.150000 0.200000
0 1.0 0.171094 0.601042 0.254688 0.131250
0 1.0 0.189062 0.605208 0.118750 0.131250
0 1.0 0.134375 0.582292 0.143750 0.327083
0 1.0 0.288281 0.502083 0.104688 0.104167
0 1.0 0.305469 0.488542 0.164062 0.222917
0 1.0 0.238281 0.495833 0.101562 0.312500
0 1.0 0.230469 0.501042 0.289062 0.131250
0 1.0 0.217188 0.472917 0.296875 0.329167
0 1.0 0.124219 0.489583 0.248438 0.195833
0 1.0 0.487500 0.496875 0.178125 0.118750
0 1.0 0.372656 0.497917 0.192188 0.112500
0 1.0 0.917188 0.446875 0.143750 0.314583
0 1.0 0.900781 0.454167 0.198437 0.158333
0 1.0 0.869531 0.464583 0.126562 0.275000
0 1.0 0.833594 0.451042 0.042188 0.056250
0 1.0 0.829688 0.457292 0.146875 0.110417
0 1.0 0.825000 0.462500 0.115625 0.283333
0 1.0 0.814844 0.453125 0.248438 0.172917
0 1.0 0.765625 0.471875 0.112500 0.260417
0 1.0 0.784375 0.444792 0.131250 0.106250
0 1.0 0.056250 0.491667 0.112500 0.079167
0 1.0 0.962500 0.490625 0.046875 0.135417
0 1.0 0.967187 0.444792 0.065625 0.081250
0 1.0 0.960156 0.561458 0.045312 0.122917
0 1.0 0.946875 0.497917 0.106250 0.104167
0 1.0 0.502344 0.519792 0.157812 0.239583
0 1.0 0.829688 0.506250 0.084375 0.083333
0 1.0 0.832031 0.513542 0.164062 0.131250
0 1.0 0.137500 0.551042 0.275000 0.143750
0 1.0 0.037500 0.547917 0.075000 0.095833
0 1.0 0.639844 0.497917 0.235937 0.166667
0 1.0 0.604688 0.521875 0.081250 0.189583
0 1.0 0.711719 0.511458 0.120313 0.239583
0 1.0 0.667969 0.715625 0.182812 0.239583
0 1.0 0.621094 0.718750 0.073438 0.258333
0 1.0 0.604688 0.715625 0.225000 0.127083
0 1.0 0.628906 0.727083 0.051562 0.170833
0 1.0 0.546875 0.718750 0.096875 0.241667
0 1.0 0.594531 0.721875 0.089063 0.110417
0 1.0 0.558594 0.697917 0.229687 0.308333
0 1.0 0.508594 0.690625 0.092188 0.264583
0 1.0 0.533594 0.718750 0.189062 0.104167
0 1.0 0.560156 0.721875 0.060937 0.081250
0 1.0 0.807031 0.712500 0.139063 0.254167
0 1.0 0.814844 0.714583 0.251563 0.312500
0 1.0 0.762500 0.710417 0.293750 0.154167
0 1.0 0.653906 0.715625 0.085938 0.268750
0 1.0 0.307812 0.744792 0.209375 0.381250
0 1.0 0.239844 0.721875 0.107813 0.385417
0 1.0 0.251563 0.709375 0.221875 0.122917
0 1.0 0.277344 0.711458 0.079687 0.110417
0 1.0 0.188281 0.712500 0.135937 0.400000
0 1.0 0.446094 0.679167 0.098437 0.300000
0 1.0 0.206250 0.712500 0.100000 0.129167
0 1.0 0.129688 0.706250 0.134375 0.354167
0 1.0 0.146875 0.711458 0.250000 0.131250
0 1.0 0.538281 0.723958 0.023438 0.056250
0 1.0 0.444531 0.703125 0.229687 0.347917
0 1.0 0.470313 0.700000 0.109375 0.170833
0 1.0 0.416406 0.710417 0.232813 0.129167
0 1.0 0.455469 0.713542 0.039062 0.085417
0 1.0 0.339844 0.711458 0.029687 0.072917
0 1.0 0.353906 0.705208 0.145313 0.102083
0 1.0 0.335156 0.756250 0.164062 0.104167
0 1.0 0.254688 0.760417 0.237500 0.112500
0 1.0 0.243750 0.771875 0.106250 0.114583
0 1.0 0.319531 0.770833 0.032813 0.066667
0 1.0 0.607812 0.767708 0.071875 0.110417
0 1.0 0.566406 0.763542 0.176563 0.193750
0 1.0 0.567969 0.765625 0.060937 0.093750
0 1.0 0.508594 0.768750 0.242188 0.291667
0 1.0 0.389062 0.757292 0.150000 0.218750
0 1.0 0.496875 0.764583 0.109375 0.087500
0 1.0 0.538281 0.765625 0.026562 0.060417
0 1.0 0.418750 0.758333 0.237500 0.125000
0 1.0 0.455469 0.759375 0.045312 0.085417
0 1.0 0.048438 0.775000 0.096875 0.162500
0 1.0 0.960156 0.731250 0.060937 0.175000
0 1.0 0.933594 0.705208 0.132812 0.106250
0 1.0 0.913281 0.723958 0.173437 0.285417
0 1.0 0.167187 0.764583 0.284375 0.133333
0 1.0 0.796094 0.708333 0.107813 0.108333
0 1.0 0.166406 0.773958 0.260937 0.372917
0 1.0 0.073438 0.766667 0.146875 0.300000
0 1.0 0.123438 0.776042 0.084375 0.085417
0 1.0 0.052344 0.765625 0.104688 0.072917
0 1.0 0.051562 0.772917 0.056250 0.066667
0 1.0 0.198437 0.654167 0.106250 0.145833
0 1.0 0.139844 0.656250 0.273438 0.141667
0 1.0 0.128906 0.639583 0.251563 0.387500
0 1.0 0.103125 0.664583 0.090625 0.108333
0 1.0 0.038281 0.638542 0.076563 0.327083
0 1.0 0.049219 0.658333 0.098437 0.091667
0 1.0 0.346875 0.656250 0.162500 0.112500
0 1.0 0.286719 0.694792 0.104688 0.339583
0 1.0 0.350000 0.657292 0.040625 0.089583
0 1.0 0.317188 0.658333 0.137500 0.212500
0 1.0 0.277344 0.653125 0.089063 0.122917
0 1.0 0.824219 0.612500 0.295312 0.141667
0 1.0 0.043750 0.662500 0.046875 0.075000
0 1.0 0.708594 0.654167 0.123438 0.283333
0 1.0 0.721875 0.605208 0.237500 0.118750
0 1.0 0.963281 0.663542 0.045312 0.097917
0 1.0 0.942187 0.626042 0.115625 0.143750
0 1.0 0.917188 0.619792 0.134375 0.285417
0 1.0 0.804688 0.616667 0.084375 0.083333
0 1.0 0.876563 0.622917 0.137500 0.208333
0 1.0 0.839063 0.621875 0.071875 0.089583
0 1.0 0.804688 0.656250 0.100000 0.104167
0 1.0 0.768750 0.653125 0.259375 0.147917
0 1.0 0.113281 0.719792 0.070312 0.085417
0 1.0 0.047656 0.712500 0.095312 0.079167
0 1.0 0.878906 0.656250 0.242188 0.141667
0 1.0 0.043750 0.715625 0.046875 0.064583
0 1.0 0.567187 0.670833 0.140625 0.133333
0 1.0 0.505469 0.668750 0.207813 0.104167
0 1.0 0.519531 0.672917 0.095312 0.095833
0 1.0 0.517969 0.675000 0.035937 0.066667
0 1.0 0.434375 0.665625 0.068750 0.110417
0 1.0 0.678906 0.656250 0.260937 0.129167
0 1.0 0.886719 0.235417 0.226562 0.141667
0 1.0 0.916406 0.191667 0.142187 0.287500
0 1.0 0.676562 0.447917 0.240625 0.175000
0 1.0 0.823438 0.210417 0.140625 0.316667
0 1.0 0.762500 0.232292 0.118750 0.310417
0 1.0 0.790625 0.238542 0.275000 0.131250
0 1.0 0.128125 0.288542 0.246875 0.372917
0 1.0 0.121875 0.286458 0.159375 0.102083
0 1.0 0.082812 0.278125 0.115625 0.214583
0 1.0 0.032813 0.291667 0.065625 0.204167
0 1.0 0.045312 0.292708 0.087500 0.081250
0 1.0 0.957812 0.222917 0.071875 0.220833
0 1.0 0.553125 0.230208 0.134375 0.310417
0 1.0 0.504687 0.227083 0.284375 0.133333
0 1.0 0.498437 0.223958 0.140625 0.289583
0 1.0 0.441406 0.222917 0.107813 0.245833
0 1.0 0.399219 0.211458 0.126562 0.293750
0 1.0 0.706250 0.251042 0.115625 0.293750
0 1.0 0.714063 0.231250 0.306250 0.312500
0 1.0 0.660156 0.230208 0.339062 0.135417
0 1.0 0.664062 0.248958 0.106250 0.231250
0 1.0 0.672656 0.308333 0.067187 0.145833
0 1.0 0.664844 0.289583 0.248438 0.158333
0 1.0 0.600000 0.291667 0.121875 0.312500
0 1.0 0.598437 0.286458 0.131250 0.093750
0 1.0 0.505469 0.287500 0.217188 0.116667
0 1.0 0.535937 0.288542 0.246875 0.335417
0 1.0 0.855469 0.284375 0.129688 0.102083
0 1.0 0.826562 0.265625 0.068750 0.156250
0 1.0 0.784375 0.285417 0.165625 0.100000
0 1.0 0.699219 0.319792 0.082812 0.177083
0 1.0 0.702344 0.308333 0.051562 0.100000
0 1.0 0.777344 0.278125 0.054688 0.127083
0 1.0 0.289062 0.288542 0.190625 0.102083
0 1.0 0.275781 0.257292 0.167187 0.352083
0 1.0 0.286719 0.279167 0.110937 0.170833
0 1.0 0.196094 0.286458 0.198437 0.114583
0 1.0 0.446094 0.281250 0.242188 0.279167
0 1.0 0.421875 0.280208 0.153125 0.122917
0 1.0 0.341406 0.260417 0.129688 0.354167
0 1.0 0.353125 0.286458 0.162500 0.102083
0 1.0 0.458594 0.184375 0.201563 0.135417
0 1.0 0.434375 0.155208 0.246875 0.260417
0 1.0 0.341406 0.176042 0.195312 0.139583
0 1.0 0.313281 0.150000 0.242188 0.291667
0 1.0 0.658594 0.176042 0.142187 0.272917
0 1.0 0.593750 0.167708 0.128125 0.268750
0 1.0 0.589063 0.181250 0.293750 0.145833
0 1.0 0.075000 0.027083 0.050000 0.050000
0 1.0 0.024219 0.055208 0.048438 0.093750
0 1.0 0.046875 0.036458 0.093750 0.072917
0 1.0 0.075781 0.076042 0.151562 0.152083
0 1.0 0.330469 0.640625 0.660937 0.718750
0 1.0 0.521875 0.264583 0.956250 0.487500
0 1.0 0.257812 0.179167 0.246875 0.150000
0 1.0 0.138281 0.058333 0.079687 0.116667
0 1.0 0.146094 0.044792 0.179688 0.089583
0 1.0 0.137500 0.093750 0.256250 0.187500
0 1.0 0.082812 0.065625 0.059375 0.106250
0 1.0 0.118750 0.027083 0.078125 0.054167
0 1.0 0.184375 0.236458 0.125000 0.372917
0 1.0 0.196094 0.236458 0.310937 0.147917
0 1.0 0.077344 0.220833 0.145313 0.400000
0 1.0 0.118750 0.234375 0.140625 0.135417
0 1.0 0.414062 0.230208 0.156250 0.127083
0 1.0 0.335156 0.231250 0.273438 0.141667
0 1.0 0.833594 0.179167 0.264062 0.150000
0 1.0 0.783594 0.157292 0.317188 0.314583
0 1.0 0.735156 0.184375 0.310937 0.131250
0 1.0 0.716406 0.180208 0.182812 0.214583
0 1.0 0.063281 0.234375 0.126562 0.106250
0 1.0 0.922656 0.185417 0.154688 0.125000
0 1.0 0.796094 0.394792 0.198437 0.118750
0 1.0 0.828906 0.392708 0.160938 0.222917
0 1.0 0.761719 0.408333 0.251563 0.295833
0 1.0 0.766406 0.395833 0.160938 0.208333
0 1.0 0.703125 0.415625 0.109375 0.277083
0 1.0 0.710156 0.395833 0.217188 0.125000
0 1.0 0.659375 0.425000 0.115625 0.254167
0 1.0 0.062500 0.440625 0.125000 0.110417
0 1.0 0.960156 0.431250 0.060937 0.183333
0 1.0 0.953125 0.391667 0.093750 0.091667
0 1.0 0.910156 0.395833 0.179688 0.154167
0 1.0 0.835938 0.400000 0.078125 0.075000
0 1.0 0.869531 0.386458 0.229687 0.368750
0 1.0 0.507812 0.401042 0.196875 0.231250
0 1.0 0.444531 0.427083 0.095312 0.245833
0 1.0 0.471875 0.394792 0.306250 0.127083
0 1.0 0.399219 0.396875 0.126562 0.372917
0 1.0 0.338281 0.396875 0.310937 0.135417
0 1.0 0.342969 0.388542 0.157812 0.331250
0 1.0 0.600000 0.428125 0.096875 0.214583
0 1.0 0.620313 0.394792 0.190625 0.118750
0 1.0 0.597656 0.397917 0.229687 0.291667
0 1.0 0.509375 0.427083 0.106250 0.200000
0 1.0 0.570312 0.450000 0.206250 0.116667
0 1.0 0.550000 0.471875 0.115625 0.218750
0 1.0 0.050000 0.451042 0.100000 0.227083
0 1.0 0.506250 0.454167 0.090625 0.087500
0 1.0 0.456250 0.454167 0.234375 0.312500
0 1.0 0.419531 0.447917 0.264062 0.129167
0 1.0 0.167969 0.431250 0.232813 0.141667
0 1.0 0.359375 0.446875 0.100000 0.089583
0 1.0 0.230469 0.428125 0.182812 0.181250
0 1.0 0.303125 0.435417 0.121875 0.170833
0 1.0 0.422656 0.338542 0.204687 0.156250
0 1.0 0.332031 0.346875 0.289062 0.135417
0 1.0 0.286719 0.371875 0.132812 0.352083
0 1.0 0.231250 0.350000 0.278125 0.170833
0 1.0 0.539062 0.341667 0.306250 0.145833
0 1.0 0.445312 0.321875 0.075000 0.185417
0 1.0 0.054688 0.350000 0.109375 0.108333
0 1.0 0.082812 0.348958 0.165625 0.260417
0 1.0 0.957031 0.285417 0.054688 0.150000
0 1.0 0.949219 0.284375 0.101562 0.089583
0 1.0 0.882812 0.287500 0.234375 0.129167
0 1.0 0.874219 0.241667 0.117188 0.283333
0 1.0 0.879687 0.286458 0.062500 0.077083
0 1.0 0.884375 0.237500 0.059375 0.129167
0 1.0 0.133594 0.353125 0.267188 0.147917
0 1.0 0.027344 0.350000 0.054688 0.150000
0 1.0 0.066406 0.395833 0.132812 0.129167
0 1.0 0.958594 0.325000 0.042188 0.112500
0 1.0 0.945312 0.339583 0.109375 0.100000
0 1.0 0.172656 0.387500 0.145313 0.245833
0 1.0 0.728906 0.346875 0.264062 0.118750
0 1.0 0.705469 0.347917 0.242188 0.300000
0 1.0 0.660156 0.351042 0.245312 0.172917
0 1.0 0.924219 0.306250 0.107813 0.329167
0 1.0 0.894531 0.346875 0.210938 0.131250
0 1.0 0.846094 0.348958 0.082812 0.081250
0 1.0 0.878125 0.315625 0.081250 0.206250
0 1.0 0.770312 0.341667 0.087500 0.204167
0 1.0 0.821094 0.312500 0.110937 0.283333
0 1.0 0.360156 0.648958 0.557813 0.235417
0 1.0 0.764062 0.104167 0.100000 0.208333
0 1.0 0.762500 0.077083 0.315625 0.154167
0 1.0 0.710938 0.106250 0.118750 0.212500
0 1.0 0.263281 0.622917 0.248438 0.633333
0 1.0 0.670312 0.648958 0.518750 0.252083
0 1.0 0.663281 0.093750 0.123438 0.187500
0 1.0 0.560156 0.645833 0.457813 0.475000
0 1.0 0.867188 0.089583 0.240625 0.179167
0 1.0 0.650781 0.569792 0.223438 0.510417
0 1.0 0.660156 0.548958 0.548438 0.243750
0 1.0 0.344531 0.548958 0.589063 0.218750
0 1.0 0.829688 0.564583 0.231250 0.666667
0 1.0 0.733594 0.759375 0.473438 0.272917
0 1.0 0.496875 0.128125 0.121875 0.256250
0 1.0 0.496094 0.078125 0.279687 0.139583
0 1.0 0.442188 0.131250 0.087500 0.225000
0 1.0 0.672656 0.722917 0.273438 0.416667
0 1.0 0.381250 0.093750 0.212500 0.179167
0 1.0 0.370312 0.764583 0.528125 0.266667
0 1.0 0.614062 0.073958 0.300000 0.147917
0 1.0 0.554688 0.119792 0.165625 0.239583
0 1.0 0.242188 0.116667 0.300000 0.162500
0 1.0 0.671094 0.327083 0.467187 0.558333
0 1.0 0.549219 0.351042 0.557813 0.227083
0 1.0 0.338281 0.310417 0.264062 0.575000
0 1.0 0.333594 0.351042 0.548438 0.227083
0 1.0 0.650781 0.359375 0.226562 0.577083
0 1.0 0.339062 0.236458 0.528125 0.256250
0 1.0 0.560156 0.238542 0.589063 0.239583
0 1.0 0.244531 0.275000 0.257812 0.545833
0 1.0 0.025000 0.142708 0.050000 0.210417
0 1.0 0.961719 0.109375 0.060937 0.185417
0 1.0 0.927344 0.076042 0.145313 0.127083
0 1.0 0.050781 0.121875 0.101562 0.114583
0 1.0 0.732031 0.454167 0.535937 0.229167
0 1.0 0.449219 0.441667 0.382812 0.491667
0 1.0 0.333594 0.451042 0.589063 0.222917
0 1.0 0.197656 0.148958 0.329688 0.297917
0 1.0 0.121875 0.463542 0.243750 0.443750
0 1.0 0.559375 0.041667 0.171875 0.083333
0 1.0 0.496094 0.080208 0.082812 0.160417
0 1.0 0.505469 0.031250 0.157812 0.062500
0 1.0 0.557031 0.061458 0.092188 0.118750
0 1.0 0.310156 0.043750 0.173437 0.087500
0 1.0 0.289844 0.081250 0.089063 0.154167
0 1.0 0.442188 0.071875 0.062500 0.139583
0 1.0 0.459375 0.040625 0.125000 0.081250
0 1.0 0.313281 0.863542 0.626563 0.272917
0 1.0 0.859375 0.353125 0.268750 0.706250
0 1.0 0.752344 0.294792 0.495312 0.314583
0 1.0 0.514062 0.501042 0.815625 0.356250
0 1.0 0.238281 0.075000 0.067187 0.141667
0 1.0 0.260937 0.031250 0.134375 0.062500
0 1.0 0.527344 0.750000 0.717187 0.500000
0 1.0 0.337500 0.071875 0.106250 0.143750
0 1.0 0.190625 0.065625 0.056250 0.127083
0 1.0 0.202344 0.033333 0.129688 0.066667
0 1.0 0.371875 0.032292 0.190625 0.064583
0 1.0 0.319531 0.029167 0.085938 0.058333
0 1.0 0.749219 0.876042 0.501563 0.247917
0 1.0 0.209375 0.916667 0.418750 0.166667
0 1.0 0.948438 0.063542 0.062500 0.114583
0 1.0 0.907031 0.037500 0.185938 0.075000
0 1.0 0.881250 0.051042 0.071875 0.102083
0 1.0 0.814844 0.056250 0.060937 0.108333
0 1.0 0.840625 0.034375 0.140625 0.068750
0 1.0 0.459375 0.919792 0.578125 0.160417
0 1.0 0.549219 0.841667 0.589063 0.195833
0 1.0 0.242969 0.131250 0.135937 0.258333
0 1.0 0.185156 0.127083 0.092188 0.233333
0 1.0 0.653906 0.125000 0.670312 0.250000
0 1.0 0.829688 0.923958 0.340625 0.152083
0 1.0 0.607812 0.058333 0.153125 0.116667
0 1.0 0.767969 0.059375 0.060937 0.114583
0 1.0 0.777344 0.044792 0.223438 0.089583
0 1.0 0.710938 0.053125 0.068750 0.106250
0 1.0 0.336719 0.125000 0.673438 0.250000
0 1.0 0.661719 0.053125 0.067187 0.106250
0 1.0 0.660156 0.031250 0.201563 0.062500
0 1.0 0.606250 0.053125 0.075000 0.102083
0 1.0 0.545312 0.861458 0.200000 0.214583
0 1.0 0.514062 0.777083 0.053125 0.091667
0 1.0 0.513281 0.803125 0.079687 0.106250
0 1.0 0.446875 0.811458 0.050000 0.093750
0 1.0 0.446875 0.834375 0.100000 0.143750
0 1.0 0.467187 0.882292 0.190625 0.160417
0 1.0 0.392188 0.827083 0.090625 0.195833
0 1.0 0.400781 0.831250 0.307812 0.295833
0 1.0 0.731250 0.870833 0.293750 0.125000
0 1.0 0.723437 0.818750 0.050000 0.083333
0 1.0 0.663281 0.792708 0.039062 0.068750
0 1.0 0.674219 0.827083 0.029687 0.050000
0 1.0 0.667969 0.865625 0.223438 0.185417
0 1.0 0.600781 0.870833 0.220312 0.104167
0 1.0 0.625000 0.803125 0.031250 0.064583
0 1.0 0.560937 0.752083 0.037500 0.070833
0 1.0 0.124219 0.848958 0.095312 0.156250
0 1.0 0.141406 0.871875 0.282813 0.172917
0 1.0 0.035937 0.861458 0.059375 0.164583
0 1.0 0.077344 0.866667 0.145313 0.250000
0 1.0 0.329688 0.833333 0.109375 0.250000
0 1.0 0.316406 0.879167 0.223438 0.145833
0 1.0 0.194531 0.867708 0.114062 0.197917
0 1.0 0.242969 0.889583 0.073438 0.166667
0 1.0 0.228906 0.847917 0.260937 0.270833
0 1.0 0.197656 0.867708 0.060937 0.152083
0 1.0 0.253906 0.913542 0.173437 0.152083
0 1.0 0.190625 0.921875 0.075000 0.156250
0 1.0 0.717969 0.780208 0.048438 0.085417
0 1.0 0.122656 0.891667 0.135937 0.216667
0 1.0 0.393750 0.894792 0.125000 0.210417
0 1.0 0.409375 0.912500 0.271875 0.154167
0 1.0 0.887500 0.820833 0.221875 0.329167
0 1.0 0.877344 0.808333 0.107813 0.187500
0 1.0 0.828906 0.880208 0.123438 0.139583
0 1.0 0.816406 0.820833 0.057813 0.112500
0 1.0 0.825781 0.852083 0.051562 0.095833
0 1.0 0.823438 0.870833 0.218750 0.200000
0 1.0 0.771875 0.802083 0.065625 0.116667
0 1.0 0.071875 0.912500 0.143750 0.100000
0 1.0 0.963281 0.864583 0.039062 0.091667
0 1.0 0.914844 0.872917 0.170313 0.129167
0 1.0 0.116406 0.821875 0.232813 0.131250
0 1.0 0.067969 0.816667 0.135937 0.091667
0 1.0 0.932813 0.760417 0.134375 0.112500
0 1.0 0.953125 0.777083 0.093750 0.241667
0 1.0 0.867969 0.763542 0.264062 0.139583
0 1.0 0.228125 0.826042 0.137500 0.131250
0 1.0 0.721094 0.741667 0.164062 0.233333
0 1.0 0.685156 0.762500 0.317188 0.154167
0 1.0 0.629687 0.764583 0.137500 0.145833
0 1.0 0.783594 0.766667 0.126562 0.112500
0 1.0 0.819531 0.796875 0.114062 0.222917
0 1.0 0.764062 0.786458 0.140625 0.293750
0 1.0 0.774219 0.806250 0.310937 0.137500
0 1.0 0.281250 0.830208 0.046875 0.081250
0 1.0 0.657813 0.798958 0.121875 0.310417
0 1.0 0.921094 0.813542 0.157812 0.122917
0 1.0 0.777344 0.819792 0.132812 0.102083
0 1.0 0.441406 0.796875 0.154688 0.268750
0 1.0 0.710938 0.798958 0.146875 0.114583
0 1.0 0.316406 0.817708 0.160938 0.110417
0 1.0 0.609375 0.798958 0.115625 0.306250
0 1.0 0.617188 0.803125 0.315625 0.127083
0 1.0 0.587500 0.805208 0.093750 0.110417
0 1.0 0.057031 0.179167 0.092188 0.075000
0 1.0 0.118750 0.170833 0.146875 0.137500
0 1.0 0.922656 0.126042 0.154688 0.131250
0 1.0 0.133594 0.168750 0.254688 0.195833
0 1.0 0.921875 0.933333 0.100000 0.133333
0 1.0 0.907813 0.968750 0.112500 0.062500
0 1.0 0.972656 0.959375 0.054688 0.081250
0 1.0 0.657031 0.119792 0.292187 0.172917
0 1.0 0.539062 0.133333 0.278125 0.154167
0 1.0 0.957812 0.931250 0.084375 0.137500
0 1.0 0.917969 0.870833 0.126562 0.258333
0 1.0 0.209375 0.955208 0.196875 0.089583
0 1.0 0.203125 0.966667 0.084375 0.066667
0 1.0 0.128906 0.944792 0.092188 0.110417
0 1.0 0.050781 0.946875 0.101562 0.106250
0 1.0 0.156250 0.963542 0.068750 0.052083
0 1.0 0.066406 0.966667 0.054688 0.045833
0 1.0 0.671094 0.912500 0.176563 0.133333
0 1.0 0.608594 0.909375 0.095312 0.181250
0 1.0 0.444531 0.907292 0.104688 0.185417
0 1.0 0.818750 0.919792 0.090625 0.135417
0 1.0 0.765625 0.902083 0.112500 0.195833
0 1.0 0.712500 0.898958 0.109375 0.197917
0 1.0 0.660156 0.914583 0.079687 0.112500
0 1.0 0.765625 0.954167 0.115625 0.062500
0 1.0 0.735156 0.947917 0.232813 0.104167
0 1.0 0.725781 0.954167 0.095312 0.058333
0 1.0 0.607812 0.953125 0.084375 0.093750
0 1.0 0.667188 0.957292 0.090625 0.056250
0 1.0 0.557031 0.936458 0.098437 0.127083
0 1.0 0.875000 0.936458 0.096875 0.127083
0 1.0 0.846094 0.961458 0.060937 0.047917
0 1.0 0.854688 0.958333 0.100000 0.066667
0 1.0 0.711719 0.943750 0.089063 0.112500
0 1.0 0.820312 0.947917 0.153125 0.104167
0 1.0 0.340625 0.946875 0.093750 0.106250
0 1.0 0.325781 0.965625 0.076563 0.052083
0 1.0 0.289844 0.937500 0.101562 0.125000
0 1.0 0.295312 0.964583 0.081250 0.054167
0 1.0 0.241406 0.951042 0.089063 0.097917
0 1.0 0.503125 0.935417 0.093750 0.129167
0 1.0 0.542969 0.959375 0.079687 0.056250
0 1.0 0.410156 0.955208 0.114062 0.089583
0 1.0 0.475000 0.961458 0.068750 0.052083
0 1.0 0.458594 0.952083 0.129688 0.095833
0 1.0 0.499219 0.203125 0.379688 0.406250
0 1.0 0.492969 0.779167 0.364063 0.441667