0 1.0 0.073438 0.216667 0.146875 0.433333
0 1.0 0.885156 0.685417 0.032813 0.075000
0 1.0 0.821875 0.641667 0.015625 0.025000
0 1.0 0.851562 0.613542 0.246875 0.260417
0 1.0 0.872656 0.629167 0.179688 0.154167
0 1.0 0.817969 0.672917 0.067187 0.145833
0 1.0 0.809375 0.618750 0.284375 0.091667
0 1.0 0.828906 0.681250 0.032813 0.070833
0 1.0 0.391406 0.660417 0.107813 0.112500
0 1.0 0.164844 0.676042 0.032813 0.056250
0 1.0 0.775000 0.669792 0.068750 0.139583
0 1.0 0.786719 0.672917 0.042188 0.079167
0 1.0 0.769531 0.634375 0.192188 0.164583
0 1.0 0.707812 0.688542 0.062500 0.114583
0 1.0 0.066406 0.672917 0.098437 0.066667
0 1.0 0.030469 0.708333 0.060937 0.116667
0 1.0 0.092188 0.688542 0.021875 0.039583
0 1.0 0.076563 0.666667 0.153125 0.229167
0 1.0 0.965625 0.697917 0.025000 0.058333
0 1.0 0.952344 0.612500 0.095312 0.070833
0 1.0 0.957812 0.678125 0.037500 0.060417
0 1.0 0.745313 0.630208 0.018750 0.031250
0 1.0 0.929688 0.613542 0.140625 0.247917
0 1.0 0.910156 0.672917 0.057813 0.150000
0 1.0 0.235937 0.672917 0.200000 0.179167
0 1.0 0.885156 0.621875 0.117188 0.097917
0 1.0 0.872656 0.682292 0.057813 0.147917
0 1.0 0.602344 0.638542 0.054688 0.035417
0 1.0 0.570312 0.615625 0.275000 0.243750
0 1.0 0.566406 0.640625 0.129688 0.127083
0 1.0 0.490625 0.697917 0.040625 0.095833
0 1.0 0.560937 0.633333 0.053125 0.037500
0 1.0 0.446094 0.707292 0.029687 0.064583
0 1.0 0.525000 0.636458 0.031250 0.027083
0 1.0 0.442969 0.668750 0.092188 0.108333
0 1.0 0.558594 0.645833 0.010937 0.016667
0 1.0 0.453125 0.607292 0.256250 0.256250
0 1.0 0.481250 0.650000 0.071875 0.079167
0 1.0 0.387500 0.685417 0.053125 0.091667
0 1.0 0.428125 0.625000 0.193750 0.054167
0 1.0 0.508594 0.634375 0.170313 0.147917
0 1.0 0.714844 0.683333 0.042188 0.066667
0 1.0 0.745313 0.632292 0.153125 0.077083
0 1.0 0.717187 0.606250 0.306250 0.245833
0 1.0 0.708594 0.631250 0.185938 0.137500
0 1.0 0.670312 0.697917 0.043750 0.095833
0 1.0 0.681250 0.691667 0.031250 0.058333
0 1.0 0.571094 0.672917 0.057813 0.091667
0 1.0 0.602344 0.697917 0.045312 0.100000
0 1.0 0.620313 0.622917 0.268750 0.087500
0 1.0 0.607031 0.693750 0.026562 0.054167
0 1.0 0.567187 0.691667 0.037500 0.087500
0 1.0 0.487500 0.732292 0.056250 0.143750
0 1.0 0.552344 0.662500 0.289062 0.095833
0 1.0 0.768750 0.660417 0.334375 0.100000
0 1.0 0.515625 0.685417 0.275000 0.237500
0 1.0 0.025000 0.734375 0.037500 0.102083
0 1.0 0.512500 0.673958 0.131250 0.060417
0 1.0 0.444531 0.705208 0.120313 0.172917
0 1.0 0.553906 0.686458 0.020313 0.035417
0 1.0 0.384375 0.706250 0.075000 0.162500
0 1.0 0.435156 0.667708 0.385937 0.093750
0 1.0 0.386719 0.692708 0.139063 0.202083
0 1.0 0.506250 0.681250 0.021875 0.037500
0 1.0 0.450000 0.741667 0.040625 0.104167
0 1.0 0.714844 0.672917 0.142187 0.129167
0 1.0 0.665625 0.715625 0.081250 0.197917
0 1.0 0.661719 0.685417 0.301563 0.233333
0 1.0 0.621094 0.673958 0.054688 0.056250
0 1.0 0.648438 0.663542 0.228125 0.085417
0 1.0 0.564063 0.725000 0.056250 0.145833
0 1.0 0.187500 0.706250 0.075000 0.187500
0 1.0 0.205469 0.657292 0.339062 0.110417
0 1.0 0.203906 0.661458 0.139063 0.106250
0 1.0 0.131250 0.697917 0.075000 0.187500
0 1.0 0.403125 0.676042 0.275000 0.239583
0 1.0 0.176563 0.667708 0.075000 0.081250
0 1.0 0.075000 0.713542 0.065625 0.135417
0 1.0 0.347656 0.726042 0.064062 0.147917
0 1.0 0.666406 0.678125 0.129688 0.127083
0 1.0 0.278906 0.728125 0.060937 0.147917
0 1.0 0.293750 0.682292 0.025000 0.043750
0 1.0 0.307031 0.681250 0.104688 0.125000
0 1.0 0.238281 0.722917 0.067187 0.175000
0 1.0 0.572656 0.645833 0.026562 0.037500
0 1.0 0.569531 0.578125 0.185938 0.077083
0 1.0 0.505469 0.663542 0.026562 0.052083
0 1.0 0.509375 0.651042 0.018750 0.031250
0 1.0 0.506250 0.640625 0.012500 0.018750
0 1.0 0.511719 0.600000 0.076563 0.070833
0 1.0 0.451562 0.666667 0.021875 0.041667
0 1.0 0.509375 0.578125 0.050000 0.035417
0 1.0 0.450000 0.628125 0.050000 0.060417
0 1.0 0.485938 0.608333 0.037500 0.045833
0 1.0 0.392188 0.652083 0.050000 0.075000
0 1.0 0.732031 0.566667 0.310937 0.100000
0 1.0 0.718750 0.654167 0.031250 0.041667
0 1.0 0.717187 0.593750 0.131250 0.108333
0 1.0 0.675000 0.666667 0.031250 0.062500
0 1.0 0.953125 0.575000 0.093750 0.108333
0 1.0 0.686719 0.656250 0.017188 0.033333
0 1.0 0.669531 0.590625 0.123438 0.110417
0 1.0 0.639062 0.562500 0.171875 0.079167
0 1.0 0.618750 0.663542 0.015625 0.027083
0 1.0 0.612500 0.567708 0.262500 0.118750
0 1.0 0.614844 0.592708 0.104688 0.089583
0 1.0 0.567969 0.666667 0.026562 0.050000
0 1.0 0.266406 0.580208 0.098437 0.064583
0 1.0 0.231250 0.553125 0.256250 0.260417
0 1.0 0.239844 0.580208 0.154688 0.135417
0 1.0 0.196094 0.647917 0.048438 0.087500
0 1.0 0.191406 0.617708 0.092188 0.110417
0 1.0 0.425000 0.563542 0.250000 0.081250
0 1.0 0.137500 0.655208 0.043750 0.081250
0 1.0 0.162500 0.568750 0.187500 0.091667
0 1.0 0.140625 0.557292 0.265625 0.285417
0 1.0 0.460156 0.573958 0.060937 0.056250
0 1.0 0.081250 0.657292 0.037500 0.068750
0 1.0 0.083594 0.633333 0.054688 0.070833
0 1.0 0.200781 0.597917 0.060937 0.079167
0 1.0 0.397656 0.620833 0.085938 0.079167
0 1.0 0.415625 0.585417 0.115625 0.104167
0 1.0 0.353906 0.661458 0.039062 0.064583
0 1.0 0.378906 0.569792 0.117188 0.064583
0 1.0 0.353906 0.630208 0.064062 0.068750
0 1.0 0.343750 0.570833 0.243750 0.108333
0 1.0 0.245312 0.622917 0.040625 0.070833
0 1.0 0.366406 0.591667 0.079687 0.079167
0 1.0 0.285156 0.654167 0.035937 0.062500
0 1.0 0.283594 0.617708 0.082812 0.089583
0 1.0 0.298438 0.588542 0.031250 0.031250
0 1.0 0.319531 0.600000 0.039062 0.054167
0 1.0 0.573438 0.607292 0.056250 0.056250
0 1.0 0.355469 0.554167 0.254688 0.270833
0 1.0 0.217969 0.620833 0.198437 0.083333
0 1.0 0.139844 0.626042 0.192188 0.152083
0 1.0 0.075781 0.685417 0.045312 0.079167
0 1.0 0.170313 0.625000 0.037500 0.050000
0 1.0 0.149219 0.030208 0.114062 0.060417
0 1.0 0.695312 0.637500 0.106250 0.062500
0 1.0 0.353125 0.694792 0.046875 0.085417
0 1.0 0.309375 0.628125 0.062500 0.043750
0 1.0 0.355469 0.667708 0.089063 0.106250
0 1.0 0.530469 0.622917 0.189062 0.066667
0 1.0 0.278125 0.694792 0.046875 0.093750
0 1.0 0.275781 0.665625 0.104688 0.131250
0 1.0 0.267969 0.644792 0.020313 0.027083
0 1.0 0.297656 0.609375 0.260937 0.247917
0 1.0 0.242188 0.669792 0.050000 0.089583
0 1.0 0.811719 0.572917 0.023438 0.037500
0 1.0 0.890625 0.642708 0.028125 0.047917
0 1.0 0.857031 0.583333 0.032813 0.041667
0 1.0 0.878906 0.577083 0.160938 0.133333
0 1.0 0.817187 0.587500 0.134375 0.116667
0 1.0 0.776563 0.657292 0.046875 0.081250
0 1.0 0.787500 0.651042 0.028125 0.043750
0 1.0 0.828906 0.645833 0.026562 0.045833
0 1.0 0.032813 0.694792 0.034375 0.081250
0 1.0 0.039844 0.672917 0.051562 0.075000
0 1.0 0.092188 0.629167 0.021875 0.033333
0 1.0 0.054688 0.643750 0.071875 0.079167
0 1.0 0.962500 0.667708 0.021875 0.039583
0 1.0 0.950781 0.635417 0.035937 0.045833
0 1.0 0.294531 0.636458 0.029687 0.035417
0 1.0 0.917188 0.632292 0.053125 0.106250
0 1.0 0.915625 0.610417 0.081250 0.108333
0 1.0 0.495312 0.770833 0.087500 0.229167
0 1.0 0.530469 0.759375 0.323437 0.147917
0 1.0 0.778906 0.753125 0.170313 0.239583
0 1.0 0.535156 0.777083 0.029687 0.062500
0 1.0 0.465625 0.755208 0.246875 0.239583
0 1.0 0.492969 0.775000 0.029687 0.075000
0 1.0 0.703906 0.761458 0.170313 0.252083
0 1.0 0.679688 0.758333 0.328125 0.137500
0 1.0 0.599219 0.756250 0.073438 0.233333
0 1.0 0.562500 0.771875 0.159375 0.222917
0 1.0 0.767969 0.765625 0.054688 0.077083
0 1.0 0.582812 0.770833 0.109375 0.116667
0 1.0 0.208594 0.767708 0.351562 0.135417
0 1.0 0.189844 0.754167 0.120313 0.229167
0 1.0 0.133594 0.748958 0.135937 0.239583
0 1.0 0.408594 0.763542 0.139063 0.189583
0 1.0 0.074219 0.725000 0.098437 0.204167
0 1.0 0.154688 0.764583 0.037500 0.066667
0 1.0 0.202344 0.769792 0.054688 0.081250
0 1.0 0.344531 0.765625 0.310937 0.139583
0 1.0 0.342187 0.764583 0.112500 0.220833
0 1.0 0.358594 0.769792 0.104688 0.118750
0 1.0 0.275781 0.783333 0.032813 0.066667
0 1.0 0.296094 0.745833 0.242188 0.241667
0 1.0 0.308594 0.772917 0.101562 0.150000
0 1.0 0.312500 0.775000 0.043750 0.075000
0 1.0 0.224219 0.805208 0.092188 0.110417
0 1.0 0.535937 0.808333 0.034375 0.070833
0 1.0 0.162500 0.806250 0.321875 0.137500
0 1.0 0.200000 0.808333 0.053125 0.087500
0 1.0 0.073438 0.808333 0.121875 0.300000
0 1.0 0.159375 0.815625 0.043750 0.072917
0 1.0 0.026562 0.831250 0.053125 0.241667
0 1.0 0.049219 0.812500 0.098437 0.066667
0 1.0 0.292187 0.798958 0.115625 0.260417
0 1.0 0.232813 0.798958 0.112500 0.268750
0 1.0 0.314844 0.804167 0.042188 0.079167
0 1.0 0.293750 0.811458 0.034375 0.077083
0 1.0 0.865625 0.757292 0.137500 0.214583
0 1.0 0.808594 0.757292 0.289062 0.147917
0 1.0 0.825000 0.754167 0.081250 0.204167
0 1.0 0.068750 0.820833 0.025000 0.045833
0 1.0 0.050000 0.816667 0.100000 0.170833
0 1.0 0.964063 0.750000 0.037500 0.100000
0 1.0 0.936719 0.760417 0.126562 0.108333
0 1.0 0.955469 0.771875 0.064062 0.139583
0 1.0 0.922656 0.761458 0.154688 0.260417
0 1.0 0.832031 0.772917 0.020313 0.062500
0 1.0 0.209375 0.707292 0.128125 0.114583
0 1.0 0.167969 0.705208 0.289062 0.127083
0 1.0 0.140625 0.705208 0.246875 0.264583
0 1.0 0.140625 0.705208 0.159375 0.097917
0 1.0 0.159375 0.705208 0.034375 0.068750
0 1.0 0.369531 0.703125 0.089063 0.093750
0 1.0 0.280469 0.714583 0.023438 0.041667
0 1.0 0.260937 0.706250 0.146875 0.075000
0 1.0 0.302344 0.712500 0.032813 0.050000
0 1.0 0.816406 0.682292 0.026562 0.047917
0 1.0 0.810156 0.683333 0.176563 0.166667
0 1.0 0.769531 0.678125 0.295312 0.227083
0 1.0 0.050781 0.705208 0.098437 0.068750
0 1.0 0.074219 0.711458 0.023438 0.047917
0 1.0 0.914062 0.658333 0.128125 0.079167
0 1.0 0.953906 0.714583 0.045312 0.087500
0 1.0 0.752344 0.671875 0.029687 0.047917
0 1.0 0.951562 0.677083 0.096875 0.129167
0 1.0 0.827344 0.712500 0.023438 0.062500
0 1.0 0.786719 0.735417 0.085938 0.204167
0 1.0 0.046875 0.759375 0.093750 0.072917
0 1.0 0.708594 0.737500 0.079687 0.195833
0 1.0 0.061719 0.766667 0.023438 0.045833
0 1.0 0.882031 0.742708 0.067187 0.210417
0 1.0 0.905469 0.746875 0.070312 0.272917
0 1.0 0.764844 0.704167 0.032813 0.062500
0 1.0 0.539844 0.697917 0.339062 0.116667
0 1.0 0.547656 0.703125 0.114062 0.102083
0 1.0 0.548438 0.703125 0.025000 0.056250
0 1.0 0.500781 0.704167 0.026562 0.062500
0 1.0 0.515625 0.700000 0.118750 0.075000
0 1.0 0.602344 0.715625 0.157812 0.214583
0 1.0 0.617188 0.360417 0.200000 0.141667
0 1.0 0.540625 0.378125 0.056250 0.093750
0 1.0 0.571094 0.345833 0.285938 0.220833
0 1.0 0.500000 0.368750 0.084375 0.170833
0 1.0 0.501563 0.331250 0.262500 0.141667
0 1.0 0.455469 0.312500 0.026562 0.041667
0 1.0 0.766406 0.366667 0.176563 0.145833
0 1.0 0.767188 0.343750 0.281250 0.241667
0 1.0 0.048438 0.412500 0.053125 0.062500
0 1.0 0.705469 0.404167 0.070312 0.129167
0 1.0 0.697656 0.366667 0.176563 0.145833
0 1.0 0.682031 0.397917 0.048438 0.087500
0 1.0 0.614062 0.409375 0.059375 0.102083
0 1.0 0.621094 0.409375 0.042188 0.060417
0 1.0 0.857812 0.359375 0.131250 0.072917
0 1.0 0.236719 0.410417 0.085938 0.137500
0 1.0 0.285938 0.342708 0.190625 0.102083
0 1.0 0.257812 0.340625 0.265625 0.256250
0 1.0 0.195312 0.416667 0.043750 0.079167
0 1.0 0.437500 0.340625 0.246875 0.214583
0 1.0 0.483594 0.329167 0.107813 0.087500
0 1.0 0.225000 0.384375 0.043750 0.068750
0 1.0 0.142969 0.426042 0.048438 0.089583
0 1.0 0.180469 0.357292 0.245312 0.102083
0 1.0 0.157031 0.345833 0.279687 0.254167
0 1.0 0.153906 0.377083 0.107813 0.108333
0 1.0 0.192188 0.384375 0.121875 0.135417
0 1.0 0.392969 0.343750 0.079687 0.137500
0 1.0 0.350781 0.371875 0.057813 0.102083
0 1.0 0.321875 0.372917 0.050000 0.075000
0 1.0 0.351562 0.357292 0.134375 0.164583
0 1.0 0.333594 0.338542 0.282813 0.160417
0 1.0 0.286719 0.416667 0.051562 0.091667
0 1.0 0.257812 0.400000 0.306250 0.116667
0 1.0 0.189844 0.440625 0.082812 0.139583
0 1.0 0.135937 0.459375 0.075000 0.118750
0 1.0 0.147656 0.457292 0.045312 0.064583
0 1.0 0.145313 0.412500 0.196875 0.150000
0 1.0 0.070312 0.450000 0.075000 0.108333
0 1.0 0.393750 0.393750 0.128125 0.250000
0 1.0 0.343750 0.397917 0.259375 0.145833
0 1.0 0.289062 0.437500 0.084375 0.150000
0 1.0 0.900000 0.354167 0.200000 0.145833
0 1.0 0.935156 0.360417 0.070312 0.100000
0 1.0 0.882031 0.400000 0.067187 0.116667
0 1.0 0.898438 0.405208 0.031250 0.056250
0 1.0 0.860938 0.331250 0.256250 0.245833
0 1.0 0.822656 0.400000 0.054688 0.100000
0 1.0 0.832812 0.404167 0.034375 0.058333
0 1.0 0.764844 0.401042 0.079687 0.131250
0 1.0 0.772656 0.400000 0.051562 0.079167
0 1.0 0.074219 0.457292 0.045312 0.064583
0 1.0 0.021875 0.459375 0.043750 0.097917
0 1.0 0.057031 0.404167 0.114062 0.079167
0 1.0 0.957031 0.382292 0.023438 0.047917
0 1.0 0.942187 0.387500 0.043750 0.070833
0 1.0 0.073438 0.389583 0.146875 0.233333
0 1.0 0.292187 0.284375 0.171875 0.089583
0 1.0 0.250781 0.380208 0.032813 0.043750
0 1.0 0.245312 0.310417 0.200000 0.141667
0 1.0 0.192969 0.376042 0.057813 0.081250
0 1.0 0.232031 0.333333 0.023438 0.037500
0 1.0 0.187500 0.290625 0.096875 0.064583
0 1.0 0.152344 0.346875 0.026562 0.035417
0 1.0 0.153125 0.292708 0.215625 0.114583
0 1.0 0.196094 0.346875 0.070312 0.072917
0 1.0 0.491406 0.315625 0.039062 0.064583
0 1.0 0.434375 0.291667 0.321875 0.108333
0 1.0 0.389844 0.288542 0.139063 0.147917
0 1.0 0.439844 0.295833 0.154688 0.104167
0 1.0 0.356250 0.341667 0.075000 0.120833
0 1.0 0.336719 0.322917 0.029687 0.041667
0 1.0 0.357812 0.306250 0.103125 0.112500
0 1.0 0.582812 0.302083 0.206250 0.100000
0 1.0 0.385156 0.304167 0.045312 0.070833
0 1.0 0.282813 0.369792 0.062500 0.085417
0 1.0 0.283594 0.336458 0.092188 0.089583
0 1.0 0.428125 0.289583 0.043750 0.054167
0 1.0 0.907031 0.234375 0.185938 0.114583
0 1.0 0.921094 0.279167 0.098437 0.179167
0 1.0 0.026562 0.372917 0.043750 0.091667
0 1.0 0.092969 0.297917 0.132812 0.137500
0 1.0 0.132812 0.063542 0.068750 0.097917
0 1.0 0.137500 0.086458 0.234375 0.172917
0 1.0 0.149219 0.316667 0.114062 0.100000
0 1.0 0.115625 0.030208 0.075000 0.052083
0 1.0 0.089844 0.076042 0.054688 0.081250
0 1.0 0.093750 0.065625 0.106250 0.114583
0 1.0 0.025781 0.071875 0.045312 0.106250
0 1.0 0.066406 0.029167 0.048438 0.045833
0 1.0 0.040625 0.036458 0.081250 0.064583
0 1.0 0.064062 0.338542 0.065625 0.118750
0 1.0 0.140625 0.291667 0.090625 0.070833
0 1.0 0.067969 0.316667 0.020313 0.037500
0 1.0 0.274219 0.296875 0.085938 0.064583
0 1.0 0.072656 0.294792 0.070312 0.052083
0 1.0 0.050781 0.317708 0.064062 0.077083
0 1.0 0.957812 0.336458 0.034375 0.085417
0 1.0 0.947656 0.310417 0.048438 0.087500
0 1.0 0.030469 0.347917 0.042188 0.066667
0 1.0 0.888281 0.363542 0.067187 0.102083
0 1.0 0.870313 0.304167 0.050000 0.054167
0 1.0 0.907813 0.362500 0.018750 0.033333
0 1.0 0.880469 0.312500 0.104688 0.070833
0 1.0 0.895312 0.315625 0.134375 0.131250
0 1.0 0.825000 0.363542 0.062500 0.106250
0 1.0 0.841406 0.359375 0.017188 0.031250
0 1.0 0.831250 0.318750 0.115625 0.108333
0 1.0 0.146875 0.355208 0.078125 0.068750
0 1.0 0.079687 0.412500 0.043750 0.070833
0 1.0 0.017188 0.415625 0.031250 0.068750
0 1.0 0.054688 0.381250 0.062500 0.083333
0 1.0 0.956250 0.296875 0.087500 0.089583
0 1.0 0.939844 0.362500 0.035937 0.066667
0 1.0 0.535156 0.338542 0.073438 0.106250
0 1.0 0.575000 0.313542 0.103125 0.093750
0 1.0 0.785156 0.357292 0.023438 0.035417
0 1.0 0.466406 0.338542 0.051562 0.097917
0 1.0 0.521875 0.302083 0.037500 0.050000
0 1.0 0.776563 0.317708 0.121875 0.118750
0 1.0 0.714063 0.367708 0.043750 0.056250
0 1.0 0.709375 0.283333 0.246875 0.245833
0 1.0 0.671875 0.366667 0.078125 0.112500
0 1.0 0.685156 0.369792 0.035937 0.052083
0 1.0 0.673438 0.321875 0.121875 0.118750
0 1.0 0.615625 0.351042 0.065625 0.093750
0 1.0 0.627344 0.352083 0.023438 0.033333
0 1.0 0.243750 0.481250 0.259375 0.129167
0 1.0 0.193750 0.546875 0.103125 0.135417
0 1.0 0.444531 0.388542 0.173437 0.181250
0 1.0 0.135156 0.592708 0.048438 0.093750
0 1.0 0.138281 0.567708 0.070312 0.097917
0 1.0 0.415625 0.484375 0.293750 0.102083
0 1.0 0.078125 0.561458 0.050000 0.093750
0 1.0 0.137500 0.489583 0.171875 0.083333
0 1.0 0.192969 0.508333 0.142187 0.145833
0 1.0 0.394531 0.523958 0.098437 0.114583
0 1.0 0.345313 0.570833 0.043750 0.079167
0 1.0 0.343750 0.537500 0.096875 0.104167
0 1.0 0.242969 0.530208 0.079687 0.135417
0 1.0 0.286719 0.577083 0.035937 0.070833
0 1.0 0.283594 0.537500 0.092188 0.108333
0 1.0 0.271094 0.483333 0.129688 0.087500
0 1.0 0.297656 0.487500 0.242188 0.241667
0 1.0 0.572656 0.494792 0.257812 0.110417
0 1.0 0.897656 0.456250 0.204687 0.241667
0 1.0 0.918750 0.458333 0.090625 0.120833
0 1.0 0.887500 0.545833 0.031250 0.058333
0 1.0 0.826562 0.444792 0.018750 0.031250
0 1.0 0.897656 0.533333 0.017188 0.029167
0 1.0 0.816406 0.448958 0.182812 0.077083
0 1.0 0.078125 0.540625 0.087500 0.114583
0 1.0 0.821094 0.438542 0.295312 0.122917
0 1.0 0.832812 0.521875 0.018750 0.031250
0 1.0 0.773438 0.523958 0.043750 0.077083
0 1.0 0.782031 0.507292 0.026562 0.043750
0 1.0 0.824219 0.545833 0.032813 0.062500
0 1.0 0.089063 0.504167 0.168750 0.162500
0 1.0 0.028125 0.558333 0.034375 0.095833
0 1.0 0.066406 0.494792 0.082812 0.056250
0 1.0 0.030469 0.535417 0.060937 0.116667
0 1.0 0.960156 0.523958 0.017188 0.035417
0 1.0 0.949219 0.504167 0.032813 0.045833
0 1.0 0.925781 0.500000 0.057813 0.145833
0 1.0 0.909375 0.509375 0.134375 0.143750
0 1.0 0.882812 0.589583 0.037500 0.066667
0 1.0 0.805469 0.501042 0.035937 0.043750
0 1.0 0.892969 0.580208 0.023438 0.039583
0 1.0 0.817187 0.505208 0.112500 0.077083
0 1.0 0.822656 0.592708 0.039062 0.068750
0 1.0 0.705469 0.498958 0.164062 0.127083
0 1.0 0.832812 0.582292 0.021875 0.035417
0 1.0 0.820312 0.493750 0.278125 0.133333
0 1.0 0.776563 0.592708 0.040625 0.060417
0 1.0 0.788281 0.583333 0.023438 0.037500
0 1.0 0.768750 0.494792 0.265625 0.256250
0 1.0 0.096094 0.582292 0.157812 0.139583
0 1.0 0.033594 0.658333 0.026562 0.066667
0 1.0 0.066406 0.568750 0.092188 0.054167
0 1.0 0.038281 0.626042 0.042188 0.064583
0 1.0 0.064062 0.579167 0.046875 0.045833
0 1.0 0.966406 0.495833 0.067187 0.075000
0 1.0 0.946875 0.580208 0.034375 0.047917
0 1.0 0.248438 0.571875 0.240625 0.081250
0 1.0 0.949219 0.518750 0.101562 0.116667
0 1.0 0.922656 0.558333 0.054688 0.116667
0 1.0 0.959375 0.611458 0.018750 0.035417
0 1.0 0.560937 0.590625 0.021875 0.027083
0 1.0 0.564063 0.492708 0.256250 0.256250
0 1.0 0.571875 0.520833 0.075000 0.062500
0 1.0 0.516406 0.617708 0.017188 0.031250
0 1.0 0.517188 0.585417 0.021875 0.029167
0 1.0 0.773438 0.512500 0.125000 0.108333
0 1.0 0.501563 0.513542 0.125000 0.093750
0 1.0 0.456250 0.627083 0.012500 0.020833
0 1.0 0.457031 0.497917 0.164062 0.091667
0 1.0 0.437500 0.489583 0.246875 0.245833
0 1.0 0.463281 0.518750 0.085938 0.075000
0 1.0 0.394531 0.552083 0.057813 0.104167
0 1.0 0.710938 0.580208 0.046875 0.072917
0 1.0 0.731250 0.488542 0.328125 0.089583
0 1.0 0.717187 0.557292 0.031250 0.039583
0 1.0 0.678906 0.586458 0.026562 0.047917
0 1.0 0.559375 0.627083 0.015625 0.025000
0 1.0 0.654687 0.484375 0.237500 0.256250
0 1.0 0.620313 0.620833 0.018750 0.029167
0 1.0 0.635156 0.485417 0.232813 0.079167
0 1.0 0.623437 0.600000 0.009375 0.016667
0 1.0 0.685937 0.572917 0.018750 0.033333
0 1.0 0.925781 0.393750 0.104688 0.137500
0 1.0 0.881250 0.459375 0.071875 0.118750
0 1.0 0.835938 0.394792 0.178125 0.093750
0 1.0 0.896094 0.465625 0.026562 0.047917
0 1.0 0.831250 0.462500 0.031250 0.054167
0 1.0 0.763281 0.453125 0.089063 0.143750
0 1.0 0.775000 0.394792 0.328125 0.114583
0 1.0 0.772656 0.452083 0.042188 0.070833
0 1.0 0.819531 0.465625 0.067187 0.118750
0 1.0 0.023438 0.503125 0.031250 0.077083
0 1.0 0.088281 0.445833 0.020313 0.037500
0 1.0 0.046094 0.445833 0.076563 0.070833
0 1.0 0.957812 0.471875 0.034375 0.077083
0 1.0 0.947656 0.448958 0.045312 0.072917
0 1.0 0.540625 0.443750 0.071875 0.133333
0 1.0 0.568750 0.397917 0.200000 0.170833
0 1.0 0.449219 0.420833 0.076563 0.162500
0 1.0 0.702344 0.446875 0.095312 0.172917
0 1.0 0.707031 0.446875 0.051562 0.089583
0 1.0 0.685156 0.441667 0.045312 0.095833
0 1.0 0.662500 0.403125 0.162500 0.172917
0 1.0 0.607812 0.453125 0.078125 0.127083
0 1.0 0.611719 0.452083 0.045312 0.070833
0 1.0 0.552344 0.520833 0.020313 0.041667
0 1.0 0.554688 0.500000 0.037500 0.054167
0 1.0 0.578906 0.457292 0.104688 0.102083
0 1.0 0.511719 0.486458 0.032813 0.089583
0 1.0 0.521094 0.441667 0.245312 0.104167
0 1.0 0.510938 0.430208 0.259375 0.252083
0 1.0 0.452344 0.498958 0.017188 0.031250
0 1.0 0.508594 0.444792 0.032813 0.047917
0 1.0 0.442969 0.477083 0.073438 0.083333
0 1.0 0.709375 0.439583 0.240625 0.150000
0 1.0 0.709375 0.502083 0.046875 0.100000
0 1.0 0.975781 0.436458 0.048438 0.060417
0 1.0 0.678125 0.490625 0.037500 0.093750
0 1.0 0.616406 0.446875 0.185938 0.147917
0 1.0 0.617188 0.530208 0.025000 0.047917
0 1.0 0.621094 0.512500 0.017188 0.029167
0 1.0 0.243750 0.461458 0.087500 0.143750
0 1.0 0.242969 0.444792 0.173437 0.160417
0 1.0 0.194531 0.508333 0.048438 0.091667
0 1.0 0.395313 0.458333 0.087500 0.175000
0 1.0 0.136719 0.534375 0.045312 0.085417
0 1.0 0.466406 0.459375 0.082812 0.102083
0 1.0 0.145313 0.507292 0.050000 0.068750
0 1.0 0.171875 0.439583 0.040625 0.054167
0 1.0 0.406250 0.440625 0.293750 0.127083
0 1.0 0.347656 0.481250 0.060937 0.108333
0 1.0 0.312500 0.445833 0.034375 0.058333
0 1.0 0.346094 0.461458 0.129688 0.152083
0 1.0 0.288281 0.502083 0.045312 0.095833
0 1.0 0.638281 0.666667 0.467187 0.350000
0 1.0 0.551562 0.659375 0.203125 0.464583
0 1.0 0.714844 0.132292 0.185938 0.197917
0 1.0 0.661719 0.189583 0.060937 0.162500
0 1.0 0.347656 0.656250 0.695312 0.175000
0 1.0 0.249219 0.648958 0.451562 0.364583
0 1.0 0.602344 0.141667 0.164062 0.175000
0 1.0 0.553125 0.192708 0.068750 0.139583
0 1.0 0.551562 0.144792 0.225000 0.268750
0 1.0 0.647656 0.664583 0.192188 0.458333
0 1.0 0.899219 0.128125 0.201563 0.160417
0 1.0 0.873437 0.177083 0.103125 0.212500
0 1.0 0.857812 0.131250 0.103125 0.083333
0 1.0 0.864844 0.146875 0.242188 0.277083
0 1.0 0.820312 0.180208 0.081250 0.177083
0 1.0 0.827344 0.127083 0.232813 0.116667
0 1.0 0.826562 0.177083 0.053125 0.108333
0 1.0 0.771094 0.546875 0.457813 0.206250
0 1.0 0.460156 0.656250 0.492188 0.354167
0 1.0 0.770312 0.162500 0.106250 0.229167
0 1.0 0.771875 0.136458 0.243750 0.272917
0 1.0 0.712500 0.180208 0.081250 0.189583
0 1.0 0.363281 0.209375 0.054688 0.072917
0 1.0 0.349219 0.134375 0.248438 0.131250
0 1.0 0.301563 0.233333 0.040625 0.070833
0 1.0 0.247656 0.135417 0.279687 0.104167
0 1.0 0.303125 0.198958 0.071875 0.081250
0 1.0 0.278125 0.145833 0.078125 0.075000
0 1.0 0.297656 0.155208 0.129688 0.118750
0 1.0 0.229687 0.178125 0.093750 0.181250
0 1.0 0.774219 0.742708 0.451562 0.214583
0 1.0 0.747656 0.728125 0.210938 0.418750
0 1.0 0.391406 0.208333 0.064062 0.133333
0 1.0 0.396094 0.181250 0.107813 0.154167
0 1.0 0.289062 0.142708 0.265625 0.243750
0 1.0 0.187500 0.208333 0.059375 0.120833
0 1.0 0.182031 0.176042 0.123438 0.156250
0 1.0 0.180469 0.140625 0.260937 0.256250
0 1.0 0.362500 0.242708 0.034375 0.068750
0 1.0 0.509375 0.128125 0.218750 0.156250
0 1.0 0.447656 0.223958 0.042188 0.089583
0 1.0 0.490625 0.132292 0.128125 0.089583
0 1.0 0.446875 0.191667 0.084375 0.125000
0 1.0 0.449219 0.146875 0.229687 0.277083
0 1.0 0.396875 0.737500 0.743750 0.200000
0 1.0 0.655469 0.141667 0.251563 0.275000
0 1.0 0.617188 0.202083 0.046875 0.116667
0 1.0 0.505469 0.191667 0.064062 0.108333
0 1.0 0.446875 0.140625 0.084375 0.093750
0 1.0 0.382812 0.235417 0.037500 0.050000
0 1.0 0.297656 0.277083 0.042188 0.066667
0 1.0 0.347656 0.200000 0.220312 0.083333
0 1.0 0.301563 0.236458 0.087500 0.085417
0 1.0 0.339062 0.234375 0.018750 0.031250
0 1.0 0.228125 0.444792 0.456250 0.210417
0 1.0 0.552344 0.364583 0.223438 0.475000
0 1.0 0.528125 0.358333 0.609375 0.195833
0 1.0 0.264062 0.183333 0.293750 0.112500
0 1.0 0.461719 0.439583 0.545312 0.262500
0 1.0 0.247656 0.476042 0.195312 0.510417
0 1.0 0.407031 0.198958 0.095312 0.068750
0 1.0 0.363281 0.262500 0.067187 0.066667
0 1.0 0.389062 0.264583 0.062500 0.108333
0 1.0 0.425781 0.188542 0.310937 0.118750
0 1.0 0.387500 0.239583 0.112500 0.129167
0 1.0 0.638281 0.341667 0.476562 0.362500
0 1.0 0.546875 0.239583 0.103125 0.108333
0 1.0 0.498437 0.295833 0.050000 0.083333
0 1.0 0.835156 0.248958 0.329688 0.210417
0 1.0 0.356250 0.348958 0.475000 0.356250
0 1.0 0.572656 0.200000 0.148438 0.125000
0 1.0 0.753125 0.354167 0.218750 0.483333
0 1.0 0.489844 0.232292 0.042188 0.064583
0 1.0 0.365625 0.302083 0.031250 0.050000
0 1.0 0.506250 0.218750 0.128125 0.129167
0 1.0 0.460938 0.292708 0.043750 0.072917
0 1.0 0.525000 0.204167 0.050000 0.062500
0 1.0 0.460156 0.252083 0.092188 0.095833
0 1.0 0.461719 0.546875 0.585938 0.247917
0 1.0 0.352344 0.548958 0.467187 0.410417
0 1.0 0.097656 0.184375 0.195312 0.160417
0 1.0 0.027344 0.220833 0.054688 0.150000
0 1.0 0.075781 0.183333 0.101562 0.075000
0 1.0 0.918750 0.183333 0.115625 0.275000
0 1.0 0.446875 0.565625 0.200000 0.518750
0 1.0 0.722656 0.444792 0.529687 0.227083
0 1.0 0.189062 0.261458 0.043750 0.089583
0 1.0 0.193750 0.213542 0.021875 0.039583
0 1.0 0.058594 0.191667 0.095312 0.141667
0 1.0 0.077344 0.198958 0.107813 0.260417
0 1.0 0.129688 0.216667 0.078125 0.162500
0 1.0 0.962500 0.192708 0.043750 0.122917
0 1.0 0.947656 0.129167 0.104688 0.100000
0 1.0 0.876563 0.057292 0.153125 0.114583
0 1.0 0.821094 0.081250 0.060937 0.120833
0 1.0 0.830469 0.034375 0.195312 0.068750
0 1.0 0.817187 0.078125 0.246875 0.156250
0 1.0 0.769531 0.068750 0.079687 0.137500
0 1.0 0.770312 0.047917 0.231250 0.095833
0 1.0 0.959375 0.067708 0.043750 0.064583
0 1.0 0.609375 0.076042 0.237500 0.152083
0 1.0 0.613281 0.055208 0.142187 0.110417
0 1.0 0.554688 0.058333 0.062500 0.116667
0 1.0 0.713281 0.064583 0.067187 0.129167
0 1.0 0.294531 0.679167 0.298438 0.641667
0 1.0 0.372656 0.865625 0.745313 0.268750
0 1.0 0.945312 0.042708 0.109375 0.085417
0 1.0 0.741406 0.122917 0.517188 0.245833
0 1.0 0.078906 0.140625 0.079687 0.177083
0 1.0 0.925000 0.068750 0.068750 0.120833
0 1.0 0.877344 0.029167 0.089063 0.058333
0 1.0 0.880469 0.065625 0.048438 0.068750
0 1.0 0.060156 0.097917 0.120313 0.175000
0 1.0 0.340625 0.078125 0.246875 0.156250
0 1.0 0.357812 0.052083 0.112500 0.104167
0 1.0 0.293750 0.054167 0.053125 0.108333
0 1.0 0.285938 0.031250 0.118750 0.062500
0 1.0 0.500000 0.521875 1.000000 0.397917
0 1.0 0.503125 0.028125 0.065625 0.056250
0 1.0 0.446875 0.065625 0.084375 0.110417
0 1.0 0.482812 0.038542 0.118750 0.077083
0 1.0 0.192188 0.053125 0.109375 0.106250
0 1.0 0.239844 0.058333 0.157812 0.116667
0 1.0 0.322656 0.027083 0.057813 0.054167
0 1.0 0.508594 0.066667 0.073438 0.108333
0 1.0 0.448437 0.075000 0.040625 0.079167
0 1.0 0.716406 0.079167 0.242188 0.158333
0 1.0 0.664844 0.068750 0.057813 0.116667
0 1.0 0.666406 0.037500 0.235937 0.075000
0 1.0 0.607812 0.068750 0.059375 0.116667
0 1.0 0.489844 0.195833 0.979688 0.391667
0 1.0 0.396094 0.065625 0.070312 0.131250
0 1.0 0.412500 0.032292 0.212500 0.064583
0 1.0 0.745313 0.878125 0.509375 0.243750
0 1.0 0.583594 0.033333 0.145313 0.066667
0 1.0 0.717187 0.110417 0.075000 0.133333
0 1.0 0.661719 0.128125 0.076563 0.189583
0 1.0 0.608594 0.137500 0.064062 0.158333
0 1.0 0.826562 0.131250 0.059375 0.112500
0 1.0 0.112500 0.128125 0.193750 0.122917
0 1.0 0.964844 0.137500 0.039062 0.100000
0 1.0 0.952344 0.079167 0.095312 0.095833
0 1.0 0.129688 0.140625 0.081250 0.164583
0 1.0 0.351562 0.120833 0.100000 0.154167
0 1.0 0.295312 0.153125 0.056250 0.118750
0 1.0 0.241406 0.080208 0.304688 0.110417
0 1.0 0.278125 0.087500 0.078125 0.075000
0 1.0 0.030469 0.127083 0.060937 0.162500
0 1.0 0.059375 0.087500 0.084375 0.091667
0 1.0 0.233594 0.111458 0.126562 0.181250
0 1.0 0.189062 0.150000 0.071875 0.145833
0 1.0 0.453906 0.925000 0.589063 0.150000
0 1.0 0.514844 0.077083 0.260937 0.125000
0 1.0 0.450781 0.165625 0.042188 0.114583
0 1.0 0.217188 0.923958 0.434375 0.152083
0 1.0 0.485156 0.086458 0.104688 0.097917
0 1.0 0.396094 0.140625 0.067187 0.177083
0 1.0 0.556250 0.131250 0.078125 0.183333
0 1.0 0.352344 0.150000 0.051562 0.129167
0 1.0 0.185156 0.916667 0.132812 0.162500
0 1.0 0.128125 0.891667 0.109375 0.216667
0 1.0 0.421875 0.919792 0.328125 0.118750
0 1.0 0.128906 0.886458 0.242188 0.227083
0 1.0 0.030469 0.915625 0.060937 0.168750
0 1.0 0.056250 0.917708 0.112500 0.093750
0 1.0 0.346094 0.884375 0.248438 0.231250
0 1.0 0.350000 0.910417 0.146875 0.170833
0 1.0 0.301563 0.923958 0.071875 0.081250
0 1.0 0.232813 0.892708 0.115625 0.214583
0 1.0 0.571875 0.918750 0.200000 0.116667
0 1.0 0.827344 0.761458 0.048438 0.102083
0 1.0 0.806250 0.862500 0.300000 0.125000
0 1.0 0.834375 0.798958 0.040625 0.081250
0 1.0 0.784375 0.797917 0.034375 0.066667
0 1.0 0.767188 0.843750 0.275000 0.241667
0 1.0 0.715625 0.767708 0.043750 0.085417
0 1.0 0.694531 0.864583 0.310937 0.116667
0 1.0 0.722656 0.801042 0.042188 0.077083
0 1.0 0.946094 0.863542 0.107813 0.097917
0 1.0 0.960938 0.830208 0.018750 0.039583
0 1.0 0.307031 0.914583 0.114062 0.145833
0 1.0 0.952344 0.857292 0.035937 0.060417
0 1.0 0.923438 0.867708 0.153125 0.243750
0 1.0 0.878125 0.773958 0.050000 0.110417
0 1.0 0.799219 0.867708 0.070312 0.064583
0 1.0 0.885156 0.816667 0.042188 0.091667
0 1.0 0.860156 0.872917 0.032813 0.054167
0 1.0 0.911719 0.823958 0.057813 0.122917
0 1.0 0.819531 0.878125 0.120313 0.243750
0 1.0 0.825000 0.920833 0.268750 0.141667
0 1.0 0.763281 0.880208 0.120313 0.239583
0 1.0 0.712500 0.884375 0.121875 0.231250
0 1.0 0.715625 0.918750 0.334375 0.112500
0 1.0 0.965625 0.939583 0.046875 0.120833
0 1.0 0.932813 0.919792 0.134375 0.110417
0 1.0 0.276562 0.962500 0.078125 0.062500
0 1.0 0.871875 0.880208 0.112500 0.239583
0 1.0 0.854688 0.921875 0.153125 0.110417
0 1.0 0.503125 0.890625 0.137500 0.218750
0 1.0 0.443750 0.898958 0.087500 0.202083
0 1.0 0.494531 0.922917 0.104688 0.095833
0 1.0 0.661719 0.877083 0.114062 0.245833
0 1.0 0.390625 0.878125 0.112500 0.243750
0 1.0 0.432031 0.921875 0.145313 0.114583
0 1.0 0.603125 0.876042 0.109375 0.247917
0 1.0 0.607031 0.884375 0.251563 0.231250
0 1.0 0.822656 0.804167 0.189062 0.145833
0 1.0 0.730469 0.808333 0.145313 0.137500
0 1.0 0.296094 0.867708 0.029687 0.047917
0 1.0 0.962500 0.839583 0.056250 0.179167
0 1.0 0.927344 0.811458 0.145313 0.106250
0 1.0 0.798438 0.815625 0.115625 0.093750
0 1.0 0.153125 0.861458 0.225000 0.106250
0 1.0 0.535156 0.802083 0.142187 0.137500
0 1.0 0.445312 0.800000 0.090625 0.237500
0 1.0 0.485938 0.805208 0.034375 0.077083
0 1.0 0.669531 0.810417 0.317188 0.137500
0 1.0 0.862500 0.817708 0.025000 0.064583
0 1.0 0.533594 0.864583 0.298438 0.112500
0 1.0 0.509375 0.829167 0.065625 0.125000
0 1.0 0.554688 0.865625 0.087500 0.085417
0 1.0 0.513281 0.839583 0.242188 0.245833
0 1.0 0.451562 0.764583 0.021875 0.050000
0 1.0 0.514844 0.871875 0.089063 0.064583
0 1.0 0.453906 0.791667 0.070312 0.116667
0 1.0 0.058594 0.869792 0.035937 0.056250
0 1.0 0.721875 0.869792 0.128125 0.102083
0 1.0 0.394531 0.798958 0.057813 0.127083
0 1.0 0.485156 0.869792 0.032813 0.052083
0 1.0 0.406250 0.853125 0.112500 0.131250
0 1.0 0.344531 0.791667 0.048438 0.100000
0 1.0 0.543750 0.877083 0.031250 0.045833
0 1.0 0.667969 0.777083 0.048438 0.112500
0 1.0 0.673438 0.811458 0.046875 0.097917
0 1.0 0.610156 0.770833 0.045312 0.108333
0 1.0 0.507812 0.798958 0.046875 0.106250
0 1.0 0.564844 0.777083 0.035937 0.079167
0 1.0 0.603125 0.873958 0.059375 0.064583
0 1.0 0.613281 0.810417 0.035937 0.083333
0 1.0 0.189062 0.860417 0.100000 0.133333
0 1.0 0.133594 0.805208 0.042188 0.093750
0 1.0 0.475000 0.859375 0.093750 0.118750
0 1.0 0.337500 0.861458 0.140625 0.081250
0 1.0 0.082031 0.795833 0.039062 0.083333
0 1.0 0.085938 0.816667 0.059375 0.104167
0 1.0 0.141406 0.867708 0.060937 0.081250
0 1.0 0.026562 0.841667 0.034375 0.100000
0 1.0 0.047656 0.863542 0.095312 0.068750
0 1.0 0.250781 0.864583 0.151562 0.079167
0 1.0 0.248438 0.811458 0.043750 0.097917
0 1.0 0.304688 0.862500 0.056250 0.070833
0 1.0 0.236719 0.851042 0.270313 0.252083
0 1.0 0.133594 0.288542 0.064062 0.131250
0 1.0 0.149219 0.241667 0.279687 0.120833
0 1.0 0.132812 0.240625 0.237500 0.285417
0 1.0 0.372656 0.257292 0.310937 0.089583
0 1.0 0.353125 0.238542 0.246875 0.243750
0 1.0 0.289844 0.333333 0.039062 0.066667
0 1.0 0.296094 0.300000 0.089063 0.091667
0 1.0 0.367969 0.277083 0.035937 0.041667
0 1.0 0.023438 0.294792 0.043750 0.122917
0 1.0 0.080469 0.237500 0.160938 0.100000
0 1.0 0.449219 0.146875 0.548438 0.235417
0 1.0 0.193750 0.339583 0.031250 0.062500
0 1.0 0.224219 0.246875 0.232813 0.085417
0 1.0 0.250000 0.242708 0.246875 0.256250
0 1.0 0.536719 0.286458 0.098437 0.110417
0 1.0 0.582812 0.259375 0.109375 0.097917
0 1.0 0.559375 0.260417 0.196875 0.166667
0 1.0 0.229687 0.307292 0.071875 0.131250
0 1.0 0.443750 0.075000 0.568750 0.150000
0 1.0 0.542969 0.262500 0.070312 0.070833
0 1.0 0.499219 0.230208 0.239063 0.256250
0 1.0 0.666406 0.242708 0.323437 0.114583
0 1.0 0.496094 0.269792 0.173437 0.147917
0 1.0 0.517969 0.272917 0.032813 0.045833
0 1.0 0.478125 0.268750 0.037500 0.045833
0 1.0 0.359375 0.254167 0.600000 0.208333
0 1.0 0.768750 0.232292 0.090625 0.181250
0 1.0 0.784375 0.182292 0.284375 0.127083
0 1.0 0.711719 0.255208 0.067187 0.139583
0 1.0 0.664844 0.267708 0.051562 0.110417
0 1.0 0.672656 0.185417 0.270313 0.108333
0 1.0 0.500000 0.267708 0.062500 0.077083
0 1.0 0.741406 0.234375 0.410938 0.410417
0 1.0 0.666406 0.205208 0.123438 0.135417
0 1.0 0.614844 0.266667 0.042188 0.083333
0 1.0 0.953906 0.198958 0.092188 0.143750
0 1.0 0.892969 0.182292 0.214062 0.122917
0 1.0 0.820312 0.242708 0.068750 0.156250
0 1.0 0.538281 0.252083 0.432812 0.395833
0 1.0 0.960938 0.277083 0.037500 0.104167
0 1.0 0.951562 0.250000 0.062500 0.116667
0 1.0 0.521875 0.948958 0.190625 0.102083
0 1.0 0.530469 0.963542 0.029687 0.039583
0 1.0 0.500000 0.959375 0.084375 0.077083
0 1.0 0.677344 0.333333 0.039062 0.054167
0 1.0 0.446875 0.961458 0.106250 0.068750
0 1.0 0.707031 0.960417 0.085938 0.058333
0 1.0 0.402344 0.946875 0.129688 0.106250
0 1.0 0.342969 0.932292 0.082812 0.135417
0 1.0 0.360156 0.962500 0.048438 0.054167
0 1.0 0.677344 0.951042 0.189062 0.097917
0 1.0 0.607812 0.940625 0.078125 0.118750
0 1.0 0.660156 0.962500 0.073438 0.058333
0 1.0 0.556250 0.935417 0.087500 0.129167
0 1.0 0.620313 0.961458 0.053125 0.052083
0 1.0 0.817187 0.950000 0.190625 0.100000
0 1.0 0.564844 0.960417 0.060937 0.054167
0 1.0 0.192188 0.953125 0.103125 0.093750
0 1.0 0.164844 0.961458 0.079687 0.064583
0 1.0 0.138281 0.951042 0.139063 0.097917
0 1.0 0.125000 0.963542 0.081250 0.068750
0 1.0 0.082031 0.922917 0.123438 0.154167
0 1.0 0.050000 0.964583 0.068750 0.058333
0 1.0 0.233594 0.938542 0.082812 0.122917
0 1.0 0.217969 0.964583 0.085938 0.066667
0 1.0 0.779687 0.307292 0.043750 0.068750
0 1.0 0.708594 0.329167 0.070312 0.108333
0 1.0 0.719531 0.319792 0.042188 0.056250
0 1.0 0.835938 0.239583 0.131250 0.100000
0 1.0 0.895312 0.302083 0.043750 0.083333
0 1.0 0.821875 0.294792 0.056250 0.106250
0 1.0 0.680469 0.253125 0.148438 0.110417
0 1.0 0.617969 0.313542 0.054688 0.093750
0 1.0 0.625781 0.317708 0.029687 0.047917
0 1.0 0.778125 0.240625 0.293750 0.122917
0 1.0 0.599219 0.256250 0.260937 0.275000
0 1.0 0.942969 0.960417 0.114062 0.079167
0 1.0 0.764062 0.936458 0.090625 0.127083
0 1.0 0.784375 0.961458 0.112500 0.068750
0 1.0 0.737500 0.961458 0.078125 0.056250
0 1.0 0.662500 0.939583 0.084375 0.120833
0 1.0 0.835156 0.302083 0.029687 0.054167
0 1.0 0.842187 0.962500 0.046875 0.050000
0 1.0 0.450781 0.354167 0.210938 0.483333
0 1.0 0.846094 0.475000 0.192188 0.537500
0 1.0 0.085156 0.753125 0.170313 0.481250
0 1.0 0.353125 0.734375 0.484375 0.356250
0 1.0 0.076563 0.543750 0.153125 0.566667
0 1.0 0.225781 0.295833 0.451562 0.350000
0 1.0 0.499219 0.748958 0.807813 0.502083
0 1.0 0.482812 0.531250 0.515625 0.758333
0 1.0 0.763281 0.509375 0.473438 0.631250
0 1.0 0.124219 0.336458 0.248438 0.672917
0 1.0 0.877344 0.817708 0.245312 0.364583
0 1.0 0.293750 0.326042 0.303125 0.652083
0 1.0 0.925781 0.354167 0.148438 0.537500
0 1.0 0.200781 0.507292 0.401562 0.802083
0 1.0 0.802344 0.718750 0.395313 0.562500