0 1.0 0.499000 0.524096 0.870000 0.867470
0 1.0 0.174000 0.600904 0.312000 0.159639
0 1.0 0.182000 0.615964 0.176000 0.274096
0 1.0 0.125000 0.603916 0.134000 0.322289
0 1.0 0.073000 0.585843 0.130000 0.334337
0 1.0 0.111000 0.606928 0.086000 0.093373
0 1.0 0.403000 0.609940 0.190000 0.219880
0 1.0 0.333000 0.665663 0.078000 0.228916
0 1.0 0.326000 0.602410 0.228000 0.096386
0 1.0 0.364000 0.609940 0.060000 0.069277
0 1.0 0.332000 0.634036 0.252000 0.280120
0 1.0 0.290000 0.664157 0.068000 0.177711
0 1.0 0.220000 0.609940 0.208000 0.105422
0 1.0 0.259000 0.615964 0.066000 0.087349
0 1.0 0.301000 0.623494 0.018000 0.042169
0 1.0 0.290000 0.626506 0.152000 0.186747
0 1.0 0.237000 0.625000 0.126000 0.274096
0 1.0 0.031000 0.600904 0.062000 0.225904
0 1.0 0.839000 0.552711 0.262000 0.286145
0 1.0 0.764000 0.554217 0.132000 0.271084
0 1.0 0.056000 0.603916 0.028000 0.051205
0 1.0 0.760000 0.548193 0.268000 0.174699
0 1.0 0.699000 0.579819 0.098000 0.219880
0 1.0 0.054000 0.599398 0.108000 0.078313
0 1.0 0.957000 0.579819 0.046000 0.159639
0 1.0 0.945000 0.552711 0.110000 0.105422
0 1.0 0.845000 0.549699 0.094000 0.105422
0 1.0 0.919000 0.549699 0.110000 0.322289
0 1.0 0.873000 0.551205 0.254000 0.138554
0 1.0 0.872000 0.543675 0.124000 0.274096
0 1.0 0.795000 0.602410 0.070000 0.072289
0 1.0 0.857000 0.606928 0.034000 0.057229
0 1.0 0.818000 0.597892 0.144000 0.322289
0 1.0 0.709000 0.594880 0.254000 0.123494
0 1.0 0.122000 0.658133 0.088000 0.105422
0 1.0 0.123000 0.661145 0.246000 0.334337
0 1.0 0.057000 0.653614 0.114000 0.096386
0 1.0 0.056000 0.658133 0.032000 0.063253
0 1.0 0.949000 0.602410 0.102000 0.108434
0 1.0 0.877000 0.600904 0.246000 0.135542
0 1.0 0.621000 0.608434 0.042000 0.060241
0 1.0 0.547000 0.617470 0.242000 0.325301
0 1.0 0.501000 0.644578 0.094000 0.307229
0 1.0 0.502000 0.602410 0.212000 0.090361
0 1.0 0.527000 0.605422 0.082000 0.078313
0 1.0 0.497000 0.606928 0.186000 0.225904
0 1.0 0.438000 0.644578 0.112000 0.216867
0 1.0 0.502000 0.612952 0.028000 0.045181
0 1.0 0.391000 0.635542 0.094000 0.277108
0 1.0 0.455000 0.614458 0.026000 0.048193
0 1.0 0.442000 0.665663 0.060000 0.180723
0 1.0 0.654000 0.644578 0.100000 0.271084
0 1.0 0.662000 0.638554 0.064000 0.156627
0 1.0 0.693000 0.603916 0.094000 0.099398
0 1.0 0.555000 0.644578 0.110000 0.259036
0 1.0 0.611000 0.659639 0.078000 0.234940
0 1.0 0.617000 0.599398 0.206000 0.102410
0 1.0 0.620000 0.652108 0.040000 0.111446
0 1.0 0.657000 0.614458 0.234000 0.301205
0 1.0 0.704000 0.528614 0.072000 0.135542
0 1.0 0.665000 0.564759 0.058000 0.141566
0 1.0 0.673000 0.501506 0.246000 0.117470
0 1.0 0.673000 0.557229 0.042000 0.084337
0 1.0 0.659000 0.498494 0.246000 0.286145
0 1.0 0.926000 0.496988 0.148000 0.150602
0 1.0 0.891000 0.484940 0.218000 0.289157
0 1.0 0.836000 0.504518 0.076000 0.081325
0 1.0 0.878000 0.503012 0.084000 0.180723
0 1.0 0.842000 0.506024 0.144000 0.114458
0 1.0 0.818000 0.500000 0.296000 0.138554
0 1.0 0.821000 0.498494 0.138000 0.213855
0 1.0 0.438000 0.501506 0.132000 0.250000
0 1.0 0.444000 0.481928 0.244000 0.325301
0 1.0 0.390000 0.490964 0.104000 0.289157
0 1.0 0.416000 0.500000 0.260000 0.120482
0 1.0 0.339000 0.507530 0.086000 0.237952
0 1.0 0.313000 0.496988 0.306000 0.126506
0 1.0 0.346000 0.477410 0.264000 0.286145
0 1.0 0.283000 0.525602 0.066000 0.177711
0 1.0 0.276000 0.503012 0.136000 0.240964
0 1.0 0.614000 0.527108 0.064000 0.174699
0 1.0 0.621000 0.528614 0.042000 0.099398
0 1.0 0.608000 0.501506 0.180000 0.189759
0 1.0 0.549000 0.469880 0.094000 0.271084
0 1.0 0.545000 0.498494 0.290000 0.117470
0 1.0 0.539000 0.487952 0.230000 0.307229
0 1.0 0.506000 0.475904 0.100000 0.289157
0 1.0 0.445000 0.516566 0.066000 0.183735
0 1.0 0.468000 0.554217 0.216000 0.114458
0 1.0 0.353000 0.552711 0.322000 0.123494
0 1.0 0.334000 0.570783 0.120000 0.250000
0 1.0 0.673000 0.554217 0.254000 0.120482
0 1.0 0.626000 0.597892 0.040000 0.111446
0 1.0 0.562000 0.552711 0.220000 0.147590
0 1.0 0.143000 0.542169 0.286000 0.331325
0 1.0 0.131000 0.552711 0.234000 0.123494
0 1.0 0.071000 0.548193 0.142000 0.096386
0 1.0 0.067000 0.551205 0.042000 0.072289
0 1.0 0.051000 0.542169 0.098000 0.168675
0 1.0 0.287000 0.600904 0.062000 0.165663
0 1.0 0.245000 0.561747 0.310000 0.135542
0 1.0 0.262000 0.549699 0.276000 0.286145
0 1.0 0.294000 0.567771 0.116000 0.147590
0 1.0 0.186000 0.554217 0.120000 0.259036
0 1.0 0.049000 0.757530 0.094000 0.177711
0 1.0 0.962000 0.721386 0.068000 0.274096
0 1.0 0.937000 0.707831 0.126000 0.108434
0 1.0 0.925000 0.707831 0.150000 0.301205
0 1.0 0.876000 0.707831 0.248000 0.132530
0 1.0 0.876000 0.706325 0.132000 0.364458
0 1.0 0.793000 0.713855 0.102000 0.084337
0 1.0 0.850000 0.718373 0.040000 0.069277
0 1.0 0.206000 0.768072 0.100000 0.120482
0 1.0 0.178000 0.757530 0.148000 0.219880
0 1.0 0.121000 0.745482 0.150000 0.346386
0 1.0 0.146000 0.762048 0.260000 0.132530
0 1.0 0.126000 0.768072 0.056000 0.078313
0 1.0 0.052000 0.762048 0.104000 0.078313
0 1.0 0.061000 0.768072 0.030000 0.054217
0 1.0 0.644000 0.715361 0.132000 0.129518
0 1.0 0.649000 0.725904 0.210000 0.325301
0 1.0 0.601000 0.743976 0.082000 0.265060
0 1.0 0.602000 0.750000 0.052000 0.168675
0 1.0 0.602000 0.716867 0.168000 0.234940
0 1.0 0.813000 0.712349 0.122000 0.340361
0 1.0 0.565000 0.709337 0.246000 0.105422
0 1.0 0.561000 0.743976 0.070000 0.168675
0 1.0 0.603000 0.718373 0.054000 0.075301
0 1.0 0.510000 0.768072 0.048000 0.156627
0 1.0 0.522000 0.718373 0.092000 0.093373
0 1.0 0.805000 0.704819 0.302000 0.367470
0 1.0 0.765000 0.706325 0.126000 0.334337
0 1.0 0.743000 0.709337 0.290000 0.129518
0 1.0 0.676000 0.780120 0.112000 0.102410
0 1.0 0.706000 0.765060 0.168000 0.222892
0 1.0 0.654000 0.754518 0.092000 0.280120
0 1.0 0.619000 0.777108 0.238000 0.114458
0 1.0 0.595000 0.799699 0.058000 0.159639
0 1.0 0.620000 0.784639 0.100000 0.105422
0 1.0 0.554000 0.804217 0.068000 0.162651
0 1.0 0.610000 0.789157 0.036000 0.054217
0 1.0 0.777000 0.768072 0.162000 0.102410
0 1.0 0.836000 0.775602 0.052000 0.075301
0 1.0 0.790000 0.766566 0.312000 0.141566
0 1.0 0.360000 0.769578 0.240000 0.105422
0 1.0 0.342000 0.784639 0.108000 0.310241
0 1.0 0.379000 0.781627 0.078000 0.087349
0 1.0 0.303000 0.756024 0.106000 0.373494
0 1.0 0.270000 0.774096 0.232000 0.102410
0 1.0 0.342000 0.787651 0.020000 0.045181
0 1.0 0.551000 0.774096 0.226000 0.301205
0 1.0 0.232000 0.759036 0.124000 0.385542
0 1.0 0.305000 0.777108 0.030000 0.066265
0 1.0 0.219000 0.756024 0.286000 0.367470
0 1.0 0.508000 0.825301 0.052000 0.126506
0 1.0 0.502000 0.775602 0.240000 0.105422
0 1.0 0.522000 0.784639 0.088000 0.087349
0 1.0 0.440000 0.876506 0.028000 0.054217
0 1.0 0.536000 0.796687 0.016000 0.033133
0 1.0 0.453000 0.771084 0.234000 0.283133
0 1.0 0.462000 0.807229 0.088000 0.090361
0 1.0 0.387000 0.807229 0.086000 0.216867
0 1.0 0.501000 0.793675 0.014000 0.039157
0 1.0 0.434000 0.844880 0.064000 0.075301
0 1.0 0.564000 0.655120 0.304000 0.123494
0 1.0 0.600000 0.664157 0.076000 0.099398
0 1.0 0.512000 0.665663 0.140000 0.126506
0 1.0 0.442000 0.737952 0.048000 0.126506
0 1.0 0.437000 0.712349 0.098000 0.159639
0 1.0 0.510000 0.674699 0.040000 0.066265
0 1.0 0.730000 0.653614 0.300000 0.144578
0 1.0 0.702000 0.661145 0.132000 0.322289
0 1.0 0.214000 0.653614 0.348000 0.150602
0 1.0 0.275000 0.659639 0.054000 0.096386
0 1.0 0.230000 0.500000 0.148000 0.120482
0 1.0 0.397000 0.661145 0.306000 0.129518
0 1.0 0.457000 0.674699 0.034000 0.072289
0 1.0 0.399000 0.682229 0.242000 0.292169
0 1.0 0.350000 0.658133 0.156000 0.105422
0 1.0 0.329000 0.670181 0.026000 0.063253
0 1.0 0.257000 0.716867 0.234000 0.108434
0 1.0 0.324000 0.725904 0.024000 0.054217
0 1.0 0.297000 0.713855 0.034000 0.066265
0 1.0 0.183000 0.704819 0.318000 0.156627
0 1.0 0.211000 0.703313 0.086000 0.123494
0 1.0 0.504000 0.730422 0.164000 0.201807
0 1.0 0.445000 0.820783 0.026000 0.063253
0 1.0 0.439000 0.783133 0.070000 0.102410
0 1.0 0.530000 0.733434 0.020000 0.045181
0 1.0 0.415000 0.716867 0.294000 0.114458
0 1.0 0.486000 0.731928 0.020000 0.048193
0 1.0 0.359000 0.719880 0.090000 0.096386
0 1.0 0.391000 0.746988 0.118000 0.246988
0 1.0 0.875000 0.653614 0.250000 0.132530
0 1.0 0.799000 0.659639 0.078000 0.078313
0 1.0 0.849000 0.662651 0.050000 0.072289
0 1.0 0.158000 0.704819 0.124000 0.132530
0 1.0 0.106000 0.710843 0.192000 0.108434
0 1.0 0.134000 0.713855 0.052000 0.078313
0 1.0 0.053000 0.707831 0.106000 0.084337
0 1.0 0.061000 0.712349 0.030000 0.057229
0 1.0 0.946000 0.653614 0.108000 0.108434
0 1.0 0.612000 0.293675 0.136000 0.153614
0 1.0 0.548000 0.308735 0.100000 0.183735
0 1.0 0.545000 0.301205 0.206000 0.108434
0 1.0 0.551000 0.313253 0.066000 0.114458
0 1.0 0.545000 0.280120 0.226000 0.234940
0 1.0 0.512000 0.319277 0.096000 0.162651
0 1.0 0.450000 0.341867 0.036000 0.081325
0 1.0 0.540000 0.313253 0.032000 0.054217
0 1.0 0.452000 0.311747 0.096000 0.135542
0 1.0 0.441000 0.278614 0.266000 0.225904
0 1.0 0.522000 0.328313 0.024000 0.042169
0 1.0 0.520000 0.323795 0.052000 0.087349
0 1.0 0.757000 0.293675 0.282000 0.165663
0 1.0 0.718000 0.293675 0.080000 0.171687
0 1.0 0.729000 0.289157 0.034000 0.066265
0 1.0 0.700000 0.283133 0.264000 0.271084
0 1.0 0.672000 0.305723 0.036000 0.063253
0 1.0 0.582000 0.319277 0.072000 0.156627
0 1.0 0.576000 0.320783 0.024000 0.057229
0 1.0 0.662000 0.311747 0.084000 0.171687
0 1.0 0.206000 0.308735 0.236000 0.111446
0 1.0 0.233000 0.287651 0.266000 0.243976
0 1.0 0.179000 0.344880 0.062000 0.087349
0 1.0 0.243000 0.310241 0.114000 0.072289
0 1.0 0.173000 0.326807 0.102000 0.105422
0 1.0 0.228000 0.338855 0.020000 0.033133
0 1.0 0.388000 0.328313 0.080000 0.126506
0 1.0 0.138000 0.346386 0.044000 0.060241
0 1.0 0.137000 0.283133 0.266000 0.277108
0 1.0 0.094000 0.353916 0.068000 0.129518
0 1.0 0.134000 0.310241 0.088000 0.066265
0 1.0 0.110000 0.341867 0.024000 0.045181
0 1.0 0.130000 0.349398 0.084000 0.132530
0 1.0 0.342000 0.337349 0.076000 0.108434
0 1.0 0.447000 0.308735 0.022000 0.033133
0 1.0 0.372000 0.308735 0.212000 0.099398
0 1.0 0.248000 0.364458 0.028000 0.042169
0 1.0 0.397000 0.335843 0.030000 0.051205
0 1.0 0.299000 0.346386 0.054000 0.096386
0 1.0 0.316000 0.313253 0.156000 0.060241
0 1.0 0.340000 0.346386 0.016000 0.030120
0 1.0 0.236000 0.359940 0.068000 0.099398
0 1.0 0.299000 0.347892 0.310000 0.153614
0 1.0 0.335000 0.371988 0.030000 0.051205
0 1.0 0.232000 0.399096 0.088000 0.135542
0 1.0 0.238000 0.397590 0.056000 0.078313
0 1.0 0.794000 0.308735 0.036000 0.087349
0 1.0 0.221000 0.352410 0.274000 0.102410
0 1.0 0.173000 0.376506 0.126000 0.132530
0 1.0 0.210000 0.375000 0.048000 0.063253
0 1.0 0.124000 0.402108 0.068000 0.147590
0 1.0 0.180000 0.412651 0.056000 0.096386
0 1.0 0.430000 0.343373 0.116000 0.132530
0 1.0 0.483000 0.352410 0.102000 0.102410
0 1.0 0.388000 0.353916 0.136000 0.165663
0 1.0 0.294000 0.365964 0.108000 0.141566
0 1.0 0.345000 0.381024 0.070000 0.111446
0 1.0 0.394000 0.343373 0.300000 0.114458
0 1.0 0.375000 0.358434 0.078000 0.090361
0 1.0 0.296000 0.399096 0.040000 0.087349
0 1.0 0.894000 0.293675 0.212000 0.123494
0 1.0 0.914000 0.257530 0.144000 0.400602
0 1.0 0.827000 0.293675 0.102000 0.075301
0 1.0 0.880000 0.262048 0.068000 0.168675
0 1.0 0.871000 0.277108 0.186000 0.253012
0 1.0 0.822000 0.307229 0.100000 0.253012
0 1.0 0.824000 0.289157 0.192000 0.108434
0 1.0 0.830000 0.302711 0.044000 0.105422
0 1.0 0.780000 0.305723 0.088000 0.213855
0 1.0 0.099000 0.412651 0.058000 0.144578
0 1.0 0.147000 0.349398 0.094000 0.072289
0 1.0 0.111000 0.402108 0.042000 0.093373
0 1.0 0.012000 0.375000 0.024000 0.069277
0 1.0 0.115000 0.355422 0.034000 0.048193
0 1.0 0.069000 0.335843 0.138000 0.250000
0 1.0 0.070000 0.365964 0.064000 0.081325
0 1.0 0.958000 0.322289 0.056000 0.204819
0 1.0 0.953000 0.292169 0.094000 0.102410
0 1.0 0.020000 0.375000 0.040000 0.099398
0 1.0 0.183000 0.246988 0.246000 0.150602
0 1.0 0.115000 0.239458 0.202000 0.105422
0 1.0 0.097000 0.268072 0.070000 0.138554
0 1.0 0.025000 0.284639 0.050000 0.135542
0 1.0 0.053000 0.245482 0.078000 0.081325
0 1.0 0.379000 0.246988 0.294000 0.090361
0 1.0 0.351000 0.302711 0.086000 0.099398
0 1.0 0.372000 0.259036 0.152000 0.084337
0 1.0 0.362000 0.237952 0.244000 0.277108
0 1.0 0.351000 0.266566 0.170000 0.153614
0 1.0 0.300000 0.338855 0.032000 0.063253
0 1.0 0.303000 0.307229 0.062000 0.078313
0 1.0 0.276000 0.272590 0.028000 0.039157
0 1.0 0.178000 0.295181 0.084000 0.102410
0 1.0 0.301000 0.275602 0.086000 0.093373
0 1.0 0.235000 0.281627 0.094000 0.177711
0 1.0 0.186000 0.317771 0.044000 0.081325
0 1.0 0.030000 0.048193 0.060000 0.096386
0 1.0 0.072000 0.073795 0.144000 0.147590
0 1.0 0.194000 0.051205 0.104000 0.102410
0 1.0 0.132000 0.060241 0.072000 0.120482
0 1.0 0.074000 0.224398 0.148000 0.280120
0 1.0 0.249000 0.534639 0.470000 0.930723
0 1.0 0.753000 0.500000 0.454000 1.000000
0 1.0 0.535000 0.256024 0.930000 0.469880
0 1.0 0.054000 0.248494 0.108000 0.159639
0 1.0 0.961000 0.201807 0.078000 0.289157
0 1.0 0.934000 0.177711 0.132000 0.132530
0 1.0 0.063000 0.024096 0.054000 0.048193
0 1.0 0.140000 0.081325 0.248000 0.162651
0 1.0 0.078000 0.055723 0.068000 0.111446
0 1.0 0.119000 0.025602 0.074000 0.051205
0 1.0 0.100000 0.034639 0.128000 0.069277
0 1.0 0.824000 0.234940 0.204000 0.114458
0 1.0 0.769000 0.243976 0.190000 0.228916
0 1.0 0.109000 0.311747 0.110000 0.123494
0 1.0 0.021000 0.341867 0.042000 0.093373
0 1.0 0.119000 0.308735 0.038000 0.039157
0 1.0 0.110000 0.317771 0.032000 0.039157
0 1.0 0.069000 0.319277 0.050000 0.072289
0 1.0 0.931000 0.234940 0.138000 0.126506
0 1.0 0.499000 0.251506 0.274000 0.111446
0 1.0 0.461000 0.329819 0.026000 0.057229
0 1.0 0.518000 0.274096 0.040000 0.054217
0 1.0 0.477000 0.277108 0.118000 0.120482
0 1.0 0.480000 0.271084 0.036000 0.048193
0 1.0 0.468000 0.307229 0.052000 0.078313
0 1.0 0.650000 0.245482 0.300000 0.135542
0 1.0 0.663000 0.260542 0.066000 0.123494
0 1.0 0.581000 0.301205 0.030000 0.066265
0 1.0 0.416000 0.436747 0.220000 0.132530
0 1.0 0.332000 0.439759 0.016000 0.030120
0 1.0 0.292000 0.433735 0.184000 0.090361
0 1.0 0.441000 0.337349 0.014000 0.030120
0 1.0 0.292000 0.483434 0.052000 0.129518
0 1.0 0.312000 0.472892 0.048000 0.084337
0 1.0 0.231000 0.471386 0.146000 0.280120
0 1.0 0.245000 0.442771 0.078000 0.084337
0 1.0 0.368000 0.459337 0.092000 0.135542
0 1.0 0.558000 0.439759 0.116000 0.078313
0 1.0 0.546000 0.438253 0.220000 0.129518
0 1.0 0.499000 0.430723 0.174000 0.222892
0 1.0 0.446000 0.462349 0.036000 0.093373
0 1.0 0.518000 0.441265 0.020000 0.039157
0 1.0 0.485000 0.456325 0.074000 0.117470
0 1.0 0.031000 0.483434 0.054000 0.165663
0 1.0 0.113000 0.438253 0.018000 0.045181
0 1.0 0.079000 0.442771 0.066000 0.090361
0 1.0 0.072000 0.459337 0.144000 0.256024
0 1.0 0.063000 0.469880 0.094000 0.168675
0 1.0 0.953000 0.436747 0.062000 0.204819
0 1.0 0.938000 0.393072 0.124000 0.117470
0 1.0 0.229000 0.444277 0.254000 0.165663
0 1.0 0.930000 0.391566 0.140000 0.295181
0 1.0 0.879000 0.427711 0.106000 0.246988
0 1.0 0.183000 0.471386 0.098000 0.195783
0 1.0 0.211000 0.445783 0.078000 0.102410
0 1.0 0.123000 0.468373 0.090000 0.213855
0 1.0 0.146000 0.448795 0.232000 0.198795
0 1.0 0.144000 0.439759 0.060000 0.078313
0 1.0 0.140000 0.493976 0.160000 0.114458
0 1.0 0.081000 0.492470 0.122000 0.093373
0 1.0 0.953000 0.465361 0.042000 0.123494
0 1.0 0.962000 0.445783 0.076000 0.084337
0 1.0 0.081000 0.495482 0.050000 0.087349
0 1.0 0.774000 0.448795 0.284000 0.289157
0 1.0 0.775000 0.462349 0.186000 0.195783
0 1.0 0.738000 0.445783 0.148000 0.090361
0 1.0 0.717000 0.483434 0.046000 0.093373
0 1.0 0.711000 0.460843 0.158000 0.180723
0 1.0 0.668000 0.496988 0.052000 0.132530
0 1.0 0.890000 0.448795 0.220000 0.126506
0 1.0 0.679000 0.486446 0.034000 0.075301
0 1.0 0.604000 0.472892 0.060000 0.156627
0 1.0 0.620000 0.441265 0.180000 0.099398
0 1.0 0.606000 0.474398 0.036000 0.087349
0 1.0 0.922000 0.442771 0.104000 0.162651
0 1.0 0.861000 0.448795 0.026000 0.042169
0 1.0 0.892000 0.481928 0.044000 0.090361
0 1.0 0.831000 0.463855 0.078000 0.132530
0 1.0 0.768000 0.462349 0.084000 0.171687
0 1.0 0.779000 0.475904 0.054000 0.108434
0 1.0 0.933000 0.346386 0.134000 0.114458
0 1.0 0.836000 0.397590 0.172000 0.108434
0 1.0 0.849000 0.349398 0.210000 0.114458
0 1.0 0.881000 0.361446 0.074000 0.168675
0 1.0 0.153000 0.390060 0.294000 0.135542
0 1.0 0.128000 0.390060 0.164000 0.105422
0 1.0 0.955000 0.371988 0.046000 0.135542
0 1.0 0.088000 0.390060 0.104000 0.069277
0 1.0 0.094000 0.396084 0.036000 0.057229
0 1.0 0.054000 0.411145 0.104000 0.135542
0 1.0 0.651000 0.340361 0.190000 0.186747
0 1.0 0.594000 0.378012 0.068000 0.165663
0 1.0 0.591000 0.375000 0.042000 0.099398
0 1.0 0.548000 0.331325 0.284000 0.108434
0 1.0 0.829000 0.365964 0.074000 0.147590
0 1.0 0.487000 0.334337 0.234000 0.216867
0 1.0 0.820000 0.347892 0.248000 0.280120
0 1.0 0.786000 0.359940 0.060000 0.135542
0 1.0 0.724000 0.359940 0.060000 0.117470
0 1.0 0.667000 0.378012 0.058000 0.117470
0 1.0 0.708000 0.388554 0.256000 0.301205
0 1.0 0.661000 0.427711 0.090000 0.216867
0 1.0 0.666000 0.384036 0.300000 0.129518
0 1.0 0.670000 0.424699 0.060000 0.132530
0 1.0 0.594000 0.421687 0.052000 0.138554
0 1.0 0.609000 0.393072 0.246000 0.280120
0 1.0 0.539000 0.381024 0.250000 0.123494
0 1.0 0.542000 0.393072 0.124000 0.256024
0 1.0 0.887000 0.433735 0.062000 0.144578
0 1.0 0.822000 0.411145 0.128000 0.268072
0 1.0 0.719000 0.424699 0.066000 0.150602
0 1.0 0.296000 0.435241 0.084000 0.177711
0 1.0 0.446000 0.436747 0.068000 0.162651
0 1.0 0.351000 0.400602 0.142000 0.228916
0 1.0 0.059000 0.134036 0.118000 0.201807
0 1.0 0.968000 0.128012 0.056000 0.165663
0 1.0 0.935000 0.078313 0.130000 0.132530
0 1.0 0.553000 0.667169 0.418000 0.484940
0 1.0 0.422000 0.649096 0.568000 0.231928
0 1.0 0.665000 0.646084 0.558000 0.243976
0 1.0 0.917000 0.115964 0.166000 0.231928
0 1.0 0.183000 0.149096 0.154000 0.268072
0 1.0 0.131000 0.168675 0.090000 0.240964
0 1.0 0.104000 0.146084 0.208000 0.280120
0 1.0 0.539000 0.546687 0.578000 0.219880
0 1.0 0.840000 0.537651 0.204000 0.756024
0 1.0 0.322000 0.753012 0.588000 0.253012
0 1.0 0.660000 0.114458 0.100000 0.228916
0 1.0 0.654000 0.075301 0.296000 0.144578
0 1.0 0.770000 0.121988 0.116000 0.243976
0 1.0 0.765000 0.082831 0.250000 0.165663
0 1.0 0.670000 0.763554 0.568000 0.256024
0 1.0 0.354000 0.846386 0.656000 0.180723
0 1.0 0.599000 0.121988 0.086000 0.207831
0 1.0 0.552000 0.121988 0.100000 0.243976
0 1.0 0.554000 0.076807 0.232000 0.153614
0 1.0 0.171000 0.849398 0.342000 0.198795
0 1.0 0.504000 0.131024 0.084000 0.225904
0 1.0 0.830000 0.112952 0.084000 0.177711
0 1.0 0.828000 0.117470 0.256000 0.234940
0 1.0 0.715000 0.114458 0.106000 0.228916
0 1.0 0.417000 0.352410 0.590000 0.192771
0 1.0 0.854000 0.311747 0.180000 0.623494
0 1.0 0.730000 0.350904 0.540000 0.225904
0 1.0 0.499000 0.121988 0.250000 0.159639
0 1.0 0.614000 0.120482 0.300000 0.132530
0 1.0 0.598000 0.161145 0.056000 0.129518
0 1.0 0.606000 0.143072 0.260000 0.286145
0 1.0 0.546000 0.192771 0.060000 0.156627
0 1.0 0.264000 0.355422 0.492000 0.391566
0 1.0 0.655000 0.240964 0.578000 0.240964
0 1.0 0.710000 0.121988 0.264000 0.177711
0 1.0 0.238000 0.385542 0.216000 0.518072
0 1.0 0.824000 0.152108 0.112000 0.304217
0 1.0 0.281000 0.152108 0.266000 0.280120
0 1.0 0.289000 0.132530 0.174000 0.192771
0 1.0 0.081000 0.579819 0.162000 0.599398
0 1.0 0.678000 0.596386 0.420000 0.518072
0 1.0 0.416000 0.578313 0.396000 0.475904
0 1.0 0.312000 0.546687 0.588000 0.237952
0 1.0 0.271000 0.134036 0.070000 0.081325
0 1.0 0.435000 0.128012 0.106000 0.117470
0 1.0 0.655000 0.445783 0.578000 0.222892
0 1.0 0.552000 0.456325 0.404000 0.448795
0 1.0 0.406000 0.447289 0.588000 0.231928
0 1.0 0.511000 0.204819 0.050000 0.138554
0 1.0 0.389000 0.149096 0.258000 0.292169
0 1.0 0.345000 0.171687 0.098000 0.265060
0 1.0 0.366000 0.121988 0.168000 0.111446
0 1.0 0.294000 0.192771 0.068000 0.180723
0 1.0 0.446000 0.213855 0.040000 0.102410
0 1.0 0.478000 0.128012 0.148000 0.093373
0 1.0 0.440000 0.177711 0.100000 0.156627
0 1.0 0.393000 0.167169 0.110000 0.286145
0 1.0 0.229000 0.129518 0.306000 0.132530
0 1.0 0.557000 0.055723 0.086000 0.111446
0 1.0 0.403000 0.076807 0.318000 0.141566
0 1.0 0.515000 0.031627 0.190000 0.063253
0 1.0 0.504000 0.064759 0.100000 0.129518
0 1.0 0.291000 0.055723 0.106000 0.111446
0 1.0 0.649000 0.878012 0.702000 0.243976
0 1.0 0.448000 0.058735 0.040000 0.081325
0 1.0 0.493000 0.027108 0.066000 0.054217
0 1.0 0.444000 0.058735 0.100000 0.117470
0 1.0 0.398000 0.075301 0.092000 0.150602
0 1.0 0.153000 0.028614 0.110000 0.057229
0 1.0 0.166000 0.042169 0.224000 0.084337
0 1.0 0.294000 0.072289 0.256000 0.144578
0 1.0 0.237000 0.063253 0.094000 0.126506
0 1.0 0.255000 0.030120 0.166000 0.060241
0 1.0 0.336000 0.180723 0.672000 0.361446
0 1.0 0.412000 0.031627 0.216000 0.063253
0 1.0 0.344000 0.064759 0.072000 0.129518
0 1.0 0.319000 0.025602 0.054000 0.051205
0 1.0 0.225000 0.921687 0.450000 0.156627
0 1.0 0.814000 0.849398 0.372000 0.198795
0 1.0 0.843000 0.030120 0.138000 0.060241
0 1.0 0.832000 0.052711 0.052000 0.087349
0 1.0 0.030000 0.115964 0.060000 0.201807
0 1.0 0.055000 0.075301 0.110000 0.084337
0 1.0 0.943000 0.034639 0.114000 0.069277
0 1.0 0.449000 0.921687 0.598000 0.156627
0 1.0 0.959000 0.060241 0.054000 0.084337
0 1.0 0.281000 0.084337 0.066000 0.078313
0 1.0 0.441000 0.115964 0.134000 0.219880
0 1.0 0.474000 0.082831 0.112000 0.111446
0 1.0 0.234000 0.126506 0.132000 0.253012
0 1.0 0.607000 0.052711 0.150000 0.105422
0 1.0 0.147000 0.356928 0.294000 0.713855
0 1.0 0.648000 0.131024 0.704000 0.262048
0 1.0 0.719000 0.060241 0.074000 0.120482
0 1.0 0.719000 0.030120 0.150000 0.060241
0 1.0 0.772000 0.923193 0.456000 0.153614
0 1.0 0.872000 0.081325 0.092000 0.162651
0 1.0 0.893000 0.027108 0.094000 0.054217
0 1.0 0.661000 0.054217 0.066000 0.108434
0 1.0 0.650000 0.033133 0.220000 0.066265
0 1.0 0.603000 0.060241 0.070000 0.120482
0 1.0 0.769000 0.057229 0.138000 0.114458
0 1.0 0.777000 0.052711 0.050000 0.081325
0 1.0 0.829000 0.875000 0.050000 0.099398
0 1.0 0.820000 0.873494 0.204000 0.204819
0 1.0 0.772000 0.861446 0.060000 0.114458
0 1.0 0.740000 0.871988 0.300000 0.123494
0 1.0 0.782000 0.882530 0.044000 0.084337
0 1.0 0.719000 0.853916 0.042000 0.081325
0 1.0 0.729000 0.873494 0.030000 0.060241
0 1.0 0.694000 0.879518 0.152000 0.102410
0 1.0 0.714000 0.846386 0.292000 0.271084
0 1.0 0.665000 0.841867 0.026000 0.063253
0 1.0 0.672000 0.867470 0.020000 0.048193
0 1.0 0.964000 0.873494 0.028000 0.072289
0 1.0 0.935000 0.871988 0.130000 0.111446
0 1.0 0.956000 0.887048 0.052000 0.099398
0 1.0 0.923000 0.859940 0.154000 0.250000
0 1.0 0.878000 0.876506 0.244000 0.132530
0 1.0 0.882000 0.846386 0.080000 0.162651
0 1.0 0.809000 0.879518 0.138000 0.102410
0 1.0 0.446000 0.879518 0.012000 0.036145
0 1.0 0.499000 0.881024 0.174000 0.063253
0 1.0 0.546000 0.891566 0.016000 0.030120
0 1.0 0.465000 0.893072 0.114000 0.117470
0 1.0 0.398000 0.876506 0.036000 0.102410
0 1.0 0.434000 0.876506 0.188000 0.072289
0 1.0 0.405000 0.850904 0.218000 0.250000
0 1.0 0.350000 0.838855 0.044000 0.147590
0 1.0 0.394000 0.875000 0.088000 0.063253
0 1.0 0.427000 0.879518 0.026000 0.048193
0 1.0 0.350000 0.865964 0.136000 0.195783
0 1.0 0.305000 0.847892 0.026000 0.075301
0 1.0 0.504000 0.885542 0.012000 0.030120
0 1.0 0.655000 0.868976 0.178000 0.177711
0 1.0 0.601000 0.838855 0.022000 0.057229
0 1.0 0.598000 0.871988 0.224000 0.099398
0 1.0 0.602000 0.864458 0.016000 0.048193
0 1.0 0.599000 0.862952 0.242000 0.243976
0 1.0 0.564000 0.875000 0.024000 0.063253
0 1.0 0.506000 0.885542 0.184000 0.162651
0 1.0 0.555000 0.881024 0.086000 0.075301
0 1.0 0.518000 0.914157 0.020000 0.051205
0 1.0 0.527000 0.911145 0.022000 0.045181
0 1.0 0.506000 0.918675 0.064000 0.144578
0 1.0 0.440000 0.894578 0.040000 0.096386
0 1.0 0.057000 0.924699 0.114000 0.132530
0 1.0 0.391000 0.888554 0.102000 0.222892
0 1.0 0.428000 0.920181 0.268000 0.117470
0 1.0 0.437000 0.921687 0.102000 0.102410
0 1.0 0.655000 0.908133 0.082000 0.147590
0 1.0 0.660000 0.914157 0.296000 0.117470
0 1.0 0.597000 0.882530 0.070000 0.156627
0 1.0 0.172000 0.921687 0.152000 0.120482
0 1.0 0.131000 0.920181 0.098000 0.159639
0 1.0 0.025000 0.932229 0.050000 0.135542
0 1.0 0.292000 0.906627 0.072000 0.144578
0 1.0 0.324000 0.924699 0.064000 0.084337
0 1.0 0.227000 0.914157 0.102000 0.171687
0 1.0 0.428000 0.834337 0.204000 0.072289
0 1.0 0.509000 0.852410 0.010000 0.024096
0 1.0 0.385000 0.829819 0.102000 0.063253
0 1.0 0.266000 0.885542 0.184000 0.078313
0 1.0 0.269000 0.832831 0.198000 0.081325
0 1.0 0.350000 0.849398 0.012000 0.030120
0 1.0 0.293000 0.798193 0.226000 0.325301
0 1.0 0.310000 0.823795 0.116000 0.177711
0 1.0 0.417000 0.843373 0.026000 0.042169
0 1.0 0.599000 0.822289 0.150000 0.204819
0 1.0 0.508000 0.826807 0.236000 0.093373
0 1.0 0.558000 0.844880 0.104000 0.189759
0 1.0 0.562000 0.837349 0.040000 0.054217
0 1.0 0.505000 0.867470 0.074000 0.162651
0 1.0 0.463000 0.849398 0.086000 0.096386
0 1.0 0.530000 0.837349 0.072000 0.072289
0 1.0 0.496000 0.840361 0.160000 0.060241
0 1.0 0.544000 0.855422 0.012000 0.024096
0 1.0 0.032000 0.817771 0.064000 0.280120
0 1.0 0.056000 0.822289 0.112000 0.072289
0 1.0 0.068000 0.832831 0.028000 0.045181
0 1.0 0.080000 0.807229 0.160000 0.283133
0 1.0 0.051000 0.823795 0.102000 0.165663
0 1.0 0.939000 0.766566 0.122000 0.141566
0 1.0 0.317000 0.837349 0.022000 0.042169
0 1.0 0.201000 0.829819 0.098000 0.099398
0 1.0 0.137000 0.831325 0.062000 0.072289
0 1.0 0.161000 0.831325 0.126000 0.114458
0 1.0 0.083000 0.856928 0.054000 0.123494
0 1.0 0.116000 0.884036 0.224000 0.105422
0 1.0 0.026000 0.878012 0.036000 0.111446
0 1.0 0.579000 0.829819 0.098000 0.099398
0 1.0 0.069000 0.887048 0.030000 0.045181
0 1.0 0.964000 0.837349 0.064000 0.228916
0 1.0 0.933000 0.814759 0.134000 0.105422
0 1.0 0.056000 0.878012 0.096000 0.063253
0 1.0 0.307000 0.859940 0.054000 0.117470
0 1.0 0.337000 0.896084 0.014000 0.033133
0 1.0 0.314000 0.881024 0.092000 0.123494
0 1.0 0.233000 0.858434 0.038000 0.090361
0 1.0 0.295000 0.891566 0.034000 0.054217
0 1.0 0.191000 0.876506 0.046000 0.084337
0 1.0 0.183000 0.885542 0.110000 0.144578
0 1.0 0.136000 0.864458 0.048000 0.096386
0 1.0 0.234000 0.878012 0.172000 0.171687
0 1.0 0.766000 0.822289 0.148000 0.271084
0 1.0 0.732000 0.820783 0.180000 0.129518
0 1.0 0.637000 0.822289 0.274000 0.120482
0 1.0 0.664000 0.828313 0.108000 0.096386
0 1.0 0.874000 0.816265 0.252000 0.126506
0 1.0 0.834000 0.829819 0.060000 0.075301
0 1.0 0.504000 0.188253 0.240000 0.141566
0 1.0 0.453000 0.287651 0.026000 0.057229
0 1.0 0.527000 0.198795 0.058000 0.060241
0 1.0 0.451000 0.248494 0.062000 0.087349
0 1.0 0.626000 0.183735 0.232000 0.120482
0 1.0 0.586000 0.233434 0.044000 0.087349
0 1.0 0.508000 0.216867 0.148000 0.150602
0 1.0 0.499000 0.228916 0.026000 0.048193
0 1.0 0.409000 0.180723 0.306000 0.120482
0 1.0 0.766000 0.177711 0.316000 0.144578
0 1.0 0.544000 0.286145 0.048000 0.090361
0 1.0 0.515000 0.301205 0.038000 0.072289
0 1.0 0.661000 0.206325 0.098000 0.171687
0 1.0 0.709000 0.183735 0.182000 0.222892
0 1.0 0.149000 0.176205 0.290000 0.129518
0 1.0 0.313000 0.189759 0.270000 0.108434
0 1.0 0.855000 0.121988 0.114000 0.111446
0 1.0 0.064000 0.182229 0.128000 0.087349
0 1.0 0.129000 0.251506 0.058000 0.141566
0 1.0 0.779000 0.256024 0.278000 0.512048
0 1.0 0.349000 0.254518 0.054000 0.117470
0 1.0 0.404000 0.183735 0.116000 0.078313
0 1.0 0.362000 0.197289 0.076000 0.105422
0 1.0 0.297000 0.266566 0.038000 0.081325
0 1.0 0.189000 0.242470 0.058000 0.141566
0 1.0 0.176000 0.207831 0.116000 0.180723
0 1.0 0.192000 0.197289 0.036000 0.069277
0 1.0 0.319000 0.213855 0.026000 0.048193
0 1.0 0.245000 0.959337 0.106000 0.081325
0 1.0 0.185000 0.954819 0.114000 0.090361
0 1.0 0.153000 0.956325 0.102000 0.069277
0 1.0 0.480000 0.941265 0.032000 0.051205
0 1.0 0.414000 0.956325 0.076000 0.087349
0 1.0 0.346000 0.924699 0.072000 0.150602
0 1.0 0.406000 0.956325 0.016000 0.027108
0 1.0 0.377000 0.945783 0.050000 0.054217
0 1.0 0.289000 0.947289 0.074000 0.063253
0 1.0 0.345000 0.957831 0.030000 0.036145
0 1.0 0.314000 0.968373 0.060000 0.063253
0 1.0 0.307000 0.956325 0.038000 0.039157
0 1.0 0.365000 0.962349 0.066000 0.075301
0 1.0 0.876000 0.906627 0.128000 0.186747
0 1.0 0.823000 0.918675 0.102000 0.162651
0 1.0 0.096000 0.947289 0.140000 0.105422
0 1.0 0.767000 0.903614 0.114000 0.192771
0 1.0 0.713000 0.906627 0.106000 0.186747
0 1.0 0.091000 0.960843 0.050000 0.048193
0 1.0 0.069000 0.957831 0.070000 0.066265
0 1.0 0.965000 0.944277 0.054000 0.111446
0 1.0 0.928000 0.920181 0.144000 0.111446
0 1.0 0.929000 0.965361 0.142000 0.069277
0 1.0 0.848000 0.962349 0.060000 0.051205
0 1.0 0.500000 0.951807 0.028000 0.036145
0 1.0 0.830000 0.959337 0.180000 0.081325
0 1.0 0.768000 0.942771 0.080000 0.114458
0 1.0 0.861000 0.177711 0.106000 0.102410
0 1.0 0.858000 0.171687 0.168000 0.162651
0 1.0 0.556000 0.939759 0.060000 0.120482
0 1.0 0.599000 0.953313 0.046000 0.045181
0 1.0 0.562000 0.942771 0.124000 0.090361
0 1.0 0.561000 0.920181 0.222000 0.159639
0 1.0 0.586000 0.947289 0.028000 0.039157
0 1.0 0.511000 0.950301 0.102000 0.099398
0 1.0 0.559000 0.948795 0.018000 0.030120
0 1.0 0.533000 0.939759 0.034000 0.048193
0 1.0 0.470000 0.959337 0.072000 0.081325
0 1.0 0.765000 0.953313 0.174000 0.093373
0 1.0 0.725000 0.957831 0.090000 0.060241
0 1.0 0.606000 0.954819 0.116000 0.090361
0 1.0 0.685000 0.957831 0.058000 0.048193
0 1.0 0.656000 0.950301 0.156000 0.093373
0 1.0 0.645000 0.954819 0.050000 0.048193
0 1.0 0.659000 0.950301 0.070000 0.099398
0 1.0 0.130000 0.801205 0.260000 0.397590
0 1.0 0.452000 0.822289 0.412000 0.337349
0 1.0 0.315000 0.670181 0.378000 0.412651
0 1.0 0.654000 0.256024 0.236000 0.512048
0 1.0 0.558000 0.234940 0.264000 0.445783
0 1.0 0.444000 0.239458 0.220000 0.478916
0 1.0 0.874000 0.816265 0.252000 0.367470
0 1.0 0.923000 0.438253 0.154000 0.599398