0 1.0 0.856250 0.483594 0.187500 0.926562
0 1.0 0.189583 0.605469 0.300000 0.120313
0 1.0 0.186458 0.637500 0.139583 0.184375
0 1.0 0.180208 0.614062 0.252083 0.265625
0 1.0 0.127083 0.651563 0.083333 0.190625
0 1.0 0.168750 0.613281 0.100000 0.104688
0 1.0 0.077083 0.660937 0.070833 0.171875
0 1.0 0.150000 0.610938 0.054167 0.068750
0 1.0 0.038542 0.670312 0.056250 0.153125
0 1.0 0.340625 0.645312 0.085417 0.178125
0 1.0 0.343750 0.598437 0.204167 0.106250
0 1.0 0.355208 0.613281 0.264583 0.260937
0 1.0 0.283333 0.648438 0.083333 0.171875
0 1.0 0.085417 0.620313 0.170833 0.196875
0 1.0 0.300000 0.616406 0.150000 0.160938
0 1.0 0.236458 0.657813 0.089583 0.168750
0 1.0 0.260417 0.608594 0.066667 0.082812
0 1.0 0.304167 0.605469 0.029167 0.051562
0 1.0 0.810417 0.564844 0.066667 0.073438
0 1.0 0.862500 0.542188 0.220833 0.265625
0 1.0 0.821875 0.579688 0.102083 0.184375
0 1.0 0.817708 0.550781 0.293750 0.129688
0 1.0 0.830208 0.577344 0.064583 0.101562
0 1.0 0.763542 0.557813 0.110417 0.228125
0 1.0 0.759375 0.552344 0.256250 0.251563
0 1.0 0.703125 0.571094 0.127083 0.254688
0 1.0 0.076042 0.607031 0.102083 0.067187
0 1.0 0.093750 0.614844 0.029167 0.048438
0 1.0 0.967708 0.598437 0.060417 0.190625
0 1.0 0.947917 0.552344 0.104167 0.110937
0 1.0 0.876042 0.571875 0.085417 0.150000
0 1.0 0.913542 0.564063 0.131250 0.393750
0 1.0 0.780208 0.560156 0.060417 0.067187
0 1.0 0.873958 0.614062 0.118750 0.300000
0 1.0 0.773958 0.600781 0.072917 0.064062
0 1.0 0.834375 0.600781 0.031250 0.045312
0 1.0 0.805208 0.592969 0.268750 0.107813
0 1.0 0.472917 0.599219 0.041667 0.073438
0 1.0 0.827083 0.619531 0.075000 0.139063
0 1.0 0.136458 0.671875 0.064583 0.081250
0 1.0 0.038542 0.725781 0.052083 0.129688
0 1.0 0.062500 0.667969 0.125000 0.076563
0 1.0 0.083333 0.677344 0.029167 0.051562
0 1.0 0.943750 0.601562 0.112500 0.103125
0 1.0 0.888542 0.596875 0.164583 0.134375
0 1.0 0.563542 0.601562 0.252083 0.256250
0 1.0 0.486458 0.595313 0.114583 0.284375
0 1.0 0.517708 0.592187 0.256250 0.121875
0 1.0 0.520833 0.599219 0.029167 0.060937
0 1.0 0.401042 0.625781 0.102083 0.217188
0 1.0 0.706250 0.555469 0.250000 0.157812
0 1.0 0.706250 0.585156 0.137500 0.110937
0 1.0 0.660417 0.607812 0.141667 0.275000
0 1.0 0.589583 0.592969 0.087500 0.095312
0 1.0 0.596875 0.607812 0.114583 0.268750
0 1.0 0.632292 0.590625 0.247917 0.121875
0 1.0 0.559375 0.609375 0.110417 0.218750
0 1.0 0.740625 0.504687 0.260417 0.118750
0 1.0 0.714583 0.537500 0.079167 0.125000
0 1.0 0.659375 0.549219 0.097917 0.173437
0 1.0 0.669792 0.550781 0.064583 0.101562
0 1.0 0.948958 0.500781 0.102083 0.110937
0 1.0 0.893750 0.503125 0.212500 0.128125
0 1.0 0.832292 0.539844 0.056250 0.107813
0 1.0 0.870833 0.508594 0.108333 0.254688
0 1.0 0.798958 0.507812 0.052083 0.068750
0 1.0 0.803125 0.514062 0.122917 0.112500
0 1.0 0.475000 0.502344 0.183333 0.089063
0 1.0 0.455208 0.483594 0.139583 0.357812
0 1.0 0.410417 0.492969 0.104167 0.310937
0 1.0 0.659375 0.513281 0.256250 0.285938
0 1.0 0.336458 0.514844 0.085417 0.214062
0 1.0 0.360417 0.499219 0.145833 0.082812
0 1.0 0.359375 0.485156 0.264583 0.342187
0 1.0 0.287500 0.511719 0.075000 0.214062
0 1.0 0.243750 0.495312 0.216667 0.090625
0 1.0 0.600000 0.530469 0.087500 0.204687
0 1.0 0.626042 0.504687 0.189583 0.093750
0 1.0 0.601042 0.535156 0.060417 0.129688
0 1.0 0.553125 0.530469 0.093750 0.201563
0 1.0 0.553125 0.499219 0.256250 0.317188
0 1.0 0.467708 0.560937 0.193750 0.118750
0 1.0 0.413542 0.560937 0.181250 0.221875
0 1.0 0.335417 0.585938 0.070833 0.168750
0 1.0 0.564583 0.556250 0.300000 0.125000
0 1.0 0.129167 0.558594 0.258333 0.135937
0 1.0 0.125000 0.564844 0.125000 0.235937
0 1.0 0.379167 0.561719 0.237500 0.117188
0 1.0 0.034375 0.607812 0.068750 0.190625
0 1.0 0.065625 0.553125 0.122917 0.081250
0 1.0 0.070833 0.557813 0.058333 0.075000
0 1.0 0.055208 0.563281 0.110417 0.167187
0 1.0 0.081250 0.589844 0.091667 0.176563
0 1.0 0.287500 0.592187 0.062500 0.156250
0 1.0 0.266667 0.565625 0.270833 0.112500
0 1.0 0.306250 0.575781 0.062500 0.076563
0 1.0 0.288542 0.554688 0.256250 0.290625
0 1.0 0.234375 0.585938 0.081250 0.193750
0 1.0 0.187500 0.585938 0.083333 0.193750
0 1.0 0.046875 0.787500 0.093750 0.200000
0 1.0 0.090625 0.782813 0.027083 0.046875
0 1.0 0.964583 0.746875 0.070833 0.300000
0 1.0 0.950000 0.711719 0.100000 0.107813
0 1.0 0.927083 0.725781 0.145833 0.342187
0 1.0 0.886458 0.712500 0.227083 0.131250
0 1.0 0.805208 0.716406 0.093750 0.082812
0 1.0 0.876042 0.725000 0.110417 0.300000
0 1.0 0.188542 0.787500 0.122917 0.215625
0 1.0 0.194792 0.771875 0.289583 0.125000
0 1.0 0.208333 0.776563 0.120833 0.109375
0 1.0 0.125000 0.796875 0.129167 0.225000
0 1.0 0.068750 0.771094 0.137500 0.079687
0 1.0 0.130208 0.776563 0.252083 0.275000
0 1.0 0.156250 0.782031 0.058333 0.076563
0 1.0 0.626042 0.707812 0.293750 0.137500
0 1.0 0.650000 0.700000 0.250000 0.306250
0 1.0 0.597917 0.694531 0.133333 0.254688
0 1.0 0.857292 0.722656 0.039583 0.064062
0 1.0 0.543750 0.703906 0.129167 0.310937
0 1.0 0.529167 0.713281 0.229167 0.123438
0 1.0 0.566667 0.719531 0.075000 0.098437
0 1.0 0.819792 0.721875 0.122917 0.334375
0 1.0 0.812500 0.707031 0.212500 0.170313
0 1.0 0.798958 0.731250 0.260417 0.306250
0 1.0 0.763542 0.697656 0.131250 0.310937
0 1.0 0.709375 0.695312 0.193750 0.231250
0 1.0 0.700000 0.764062 0.316667 0.140625
0 1.0 0.658333 0.728125 0.120833 0.300000
0 1.0 0.551042 0.766406 0.285417 0.145313
0 1.0 0.604167 0.764062 0.200000 0.243750
0 1.0 0.917708 0.775781 0.164583 0.154688
0 1.0 0.789583 0.767969 0.083333 0.076563
0 1.0 0.843750 0.776563 0.033333 0.062500
0 1.0 0.821875 0.763281 0.172917 0.164062
0 1.0 0.389583 0.764062 0.237500 0.290625
0 1.0 0.339583 0.790625 0.125000 0.237500
0 1.0 0.306250 0.767188 0.241667 0.121875
0 1.0 0.289583 0.771875 0.116667 0.209375
0 1.0 0.262500 0.781250 0.041667 0.062500
0 1.0 0.290625 0.761719 0.252083 0.251563
0 1.0 0.232292 0.777344 0.118750 0.232813
0 1.0 0.261458 0.772656 0.077083 0.085938
0 1.0 0.554167 0.776563 0.104167 0.121875
0 1.0 0.493750 0.765625 0.116667 0.300000
0 1.0 0.450000 0.774219 0.075000 0.104688
0 1.0 0.458333 0.769531 0.233333 0.120313
0 1.0 0.504167 0.778906 0.045833 0.076563
0 1.0 0.453125 0.765625 0.164583 0.218750
0 1.0 0.607292 0.655469 0.197917 0.123438
0 1.0 0.592708 0.664062 0.072917 0.096875
0 1.0 0.514583 0.658594 0.300000 0.126562
0 1.0 0.535417 0.663281 0.112500 0.114062
0 1.0 0.498958 0.647656 0.218750 0.307812
0 1.0 0.753125 0.653906 0.310417 0.135937
0 1.0 0.241667 0.662500 0.250000 0.115625
0 1.0 0.268750 0.671094 0.091667 0.092188
0 1.0 0.191667 0.701562 0.095833 0.184375
0 1.0 0.163542 0.671875 0.122917 0.115625
0 1.0 0.133333 0.678906 0.200000 0.210938
0 1.0 0.520833 0.671875 0.025000 0.056250
0 1.0 0.469792 0.670312 0.035417 0.062500
0 1.0 0.335417 0.661719 0.175000 0.101562
0 1.0 0.340625 0.678125 0.143750 0.215625
0 1.0 0.281250 0.685156 0.141667 0.207813
0 1.0 0.295833 0.680469 0.029167 0.048438
0 1.0 0.232292 0.721875 0.260417 0.106250
0 1.0 0.292708 0.731250 0.031250 0.050000
0 1.0 0.279167 0.722656 0.050000 0.067187
0 1.0 0.231250 0.703125 0.262500 0.256250
0 1.0 0.223958 0.719531 0.089583 0.095312
0 1.0 0.516667 0.717187 0.112500 0.109375
0 1.0 0.450000 0.717969 0.162500 0.092188
0 1.0 0.504167 0.725000 0.029167 0.056250
0 1.0 0.439583 0.695312 0.216667 0.312500
0 1.0 0.363542 0.717187 0.093750 0.096875
0 1.0 0.393750 0.714063 0.329167 0.125000
0 1.0 0.457292 0.721094 0.039583 0.067187
0 1.0 0.881250 0.656250 0.237500 0.131250
0 1.0 0.789583 0.658594 0.079167 0.073438
0 1.0 0.842708 0.663281 0.039583 0.057813
0 1.0 0.860417 0.650000 0.229167 0.318750
0 1.0 0.189583 0.725000 0.066667 0.075000
0 1.0 0.071875 0.756250 0.077083 0.178125
0 1.0 0.125000 0.721875 0.204167 0.100000
0 1.0 0.087500 0.722656 0.175000 0.176563
0 1.0 0.062500 0.719531 0.112500 0.070312
0 1.0 0.086458 0.727344 0.027083 0.045312
0 1.0 0.946875 0.656250 0.106250 0.106250
0 1.0 0.154167 0.728125 0.050000 0.065625
0 1.0 0.600000 0.321094 0.233333 0.342187
0 1.0 0.547917 0.286719 0.220833 0.123438
0 1.0 0.544792 0.291406 0.093750 0.167187
0 1.0 0.491667 0.307031 0.116667 0.317188
0 1.0 0.496875 0.303906 0.072917 0.182812
0 1.0 0.487500 0.297656 0.237500 0.360938
0 1.0 0.521875 0.297656 0.035417 0.054688
0 1.0 0.473958 0.296094 0.222917 0.148438
0 1.0 0.793750 0.283594 0.033333 0.085938
0 1.0 0.775000 0.285938 0.245833 0.175000
0 1.0 0.705208 0.307812 0.102083 0.228125
0 1.0 0.718750 0.286719 0.233333 0.120313
0 1.0 0.715625 0.280469 0.043750 0.085938
0 1.0 0.695833 0.303125 0.266667 0.318750
0 1.0 0.659375 0.296094 0.060417 0.164062
0 1.0 0.654167 0.296094 0.141667 0.214062
0 1.0 0.605208 0.296875 0.085417 0.196875
0 1.0 0.232292 0.352344 0.031250 0.079687
0 1.0 0.222917 0.305469 0.204167 0.129688
0 1.0 0.231250 0.286719 0.237500 0.260937
0 1.0 0.203125 0.342187 0.043750 0.131250
0 1.0 0.239583 0.314063 0.112500 0.075000
0 1.0 0.476042 0.307031 0.056250 0.132812
0 1.0 0.143750 0.332813 0.062500 0.140625
0 1.0 0.170833 0.307031 0.104167 0.076563
0 1.0 0.160417 0.324219 0.025000 0.054688
0 1.0 0.134375 0.276562 0.260417 0.275000
0 1.0 0.066667 0.291406 0.075000 0.151562
0 1.0 0.079167 0.283594 0.025000 0.048438
0 1.0 0.230208 0.332031 0.018750 0.048438
0 1.0 0.411458 0.285156 0.114583 0.385937
0 1.0 0.429167 0.295312 0.108333 0.103125
0 1.0 0.351042 0.326562 0.068750 0.153125
0 1.0 0.384375 0.303906 0.039583 0.051562
0 1.0 0.364583 0.302344 0.254167 0.323437
0 1.0 0.279167 0.332813 0.062500 0.137500
0 1.0 0.288542 0.310156 0.122917 0.070312
0 1.0 0.325000 0.333594 0.016667 0.039062
0 1.0 0.227083 0.345313 0.062500 0.159375
0 1.0 0.333333 0.303906 0.191667 0.114062
0 1.0 0.278125 0.351562 0.114583 0.190625
0 1.0 0.292708 0.346094 0.260417 0.248438
0 1.0 0.313542 0.364844 0.043750 0.079687
0 1.0 0.254167 0.339844 0.295833 0.123438
0 1.0 0.204167 0.359375 0.087500 0.196875
0 1.0 0.138542 0.388281 0.060417 0.170313
0 1.0 0.439583 0.335156 0.087500 0.235937
0 1.0 0.467708 0.341406 0.197917 0.117188
0 1.0 0.350000 0.375781 0.054167 0.129688
0 1.0 0.353125 0.356250 0.114583 0.193750
0 1.0 0.286458 0.366406 0.043750 0.101562
0 1.0 0.411458 0.345313 0.189583 0.168750
0 1.0 0.906250 0.263281 0.129167 0.445312
0 1.0 0.845833 0.285156 0.241667 0.135937
0 1.0 0.877083 0.263281 0.108333 0.314063
0 1.0 0.153125 0.339844 0.189583 0.139063
0 1.0 0.836458 0.279687 0.114583 0.359375
0 1.0 0.845833 0.273438 0.050000 0.159375
0 1.0 0.777083 0.294531 0.091667 0.220312
0 1.0 0.815625 0.285156 0.077083 0.104688
0 1.0 0.073958 0.384375 0.064583 0.162500
0 1.0 0.146875 0.339062 0.097917 0.075000
0 1.0 0.084375 0.374219 0.043750 0.092188
0 1.0 0.094792 0.342969 0.160417 0.160938
0 1.0 0.018750 0.338281 0.037500 0.095312
0 1.0 0.958333 0.268750 0.083333 0.193750
0 1.0 0.070833 0.335938 0.045833 0.062500
0 1.0 0.055208 0.352344 0.077083 0.104688
0 1.0 0.187500 0.255469 0.204167 0.129688
0 1.0 0.138542 0.289062 0.052083 0.134375
0 1.0 0.121875 0.312500 0.122917 0.096875
0 1.0 0.112500 0.244531 0.183333 0.110937
0 1.0 0.076042 0.231250 0.081250 0.193750
0 1.0 0.078125 0.230469 0.156250 0.235937
0 1.0 0.034375 0.229687 0.068750 0.225000
0 1.0 0.061458 0.251563 0.056250 0.071875
0 1.0 0.376042 0.244531 0.293750 0.117188
0 1.0 0.361458 0.271875 0.081250 0.153125
0 1.0 0.384375 0.251563 0.097917 0.090625
0 1.0 0.359375 0.248438 0.152083 0.200000
0 1.0 0.288542 0.326562 0.039583 0.093750
0 1.0 0.303125 0.271875 0.022917 0.043750
0 1.0 0.297917 0.277344 0.079167 0.110937
0 1.0 0.230208 0.294531 0.052083 0.114062
0 1.0 0.264583 0.253125 0.116667 0.109375
0 1.0 0.200000 0.329688 0.029167 0.087500
0 1.0 0.065625 0.028906 0.047917 0.054688
0 1.0 0.029167 0.059375 0.058333 0.118750
0 1.0 0.525000 0.499219 0.766667 0.917188
0 1.0 0.561458 0.745313 0.877083 0.471875
0 1.0 0.256250 0.500000 0.470833 1.000000
0 1.0 0.744792 0.500000 0.447917 1.000000
0 1.0 0.942708 0.181250 0.114583 0.128125
0 1.0 0.945833 0.178906 0.108333 0.298438
0 1.0 0.109375 0.033594 0.102083 0.067187
0 1.0 0.137500 0.088281 0.237500 0.176563
0 1.0 0.138542 0.059375 0.118750 0.118750
0 1.0 0.073958 0.075781 0.064583 0.142187
0 1.0 0.823958 0.234375 0.097917 0.090625
0 1.0 0.833333 0.229687 0.275000 0.143750
0 1.0 0.838542 0.235937 0.218750 0.381250
0 1.0 0.788542 0.253906 0.060417 0.157812
0 1.0 0.029167 0.297656 0.058333 0.151562
0 1.0 0.084375 0.305469 0.052083 0.048438
0 1.0 0.062500 0.300000 0.050000 0.081250
0 1.0 0.502083 0.233594 0.287500 0.148438
0 1.0 0.721875 0.236719 0.306250 0.135937
0 1.0 0.500000 0.245312 0.075000 0.103125
0 1.0 0.460417 0.246094 0.045833 0.076563
0 1.0 0.716667 0.241406 0.079167 0.157812
0 1.0 0.606250 0.239844 0.175000 0.214062
0 1.0 0.415625 0.443750 0.260417 0.131250
0 1.0 0.417708 0.418750 0.152083 0.271875
0 1.0 0.321875 0.445312 0.022917 0.046875
0 1.0 0.346875 0.441406 0.122917 0.185938
0 1.0 0.282292 0.439063 0.206250 0.125000
0 1.0 0.367708 0.446875 0.089583 0.125000
0 1.0 0.291667 0.440625 0.058333 0.143750
0 1.0 0.289583 0.428125 0.112500 0.196875
0 1.0 0.317708 0.451562 0.056250 0.096875
0 1.0 0.227083 0.436719 0.095833 0.289062
0 1.0 0.263542 0.436719 0.085417 0.076563
0 1.0 0.611458 0.451562 0.110417 0.146875
0 1.0 0.576042 0.450781 0.147917 0.098437
0 1.0 0.556250 0.484375 0.062500 0.109375
0 1.0 0.505208 0.446875 0.210417 0.115625
0 1.0 0.482292 0.458594 0.122917 0.185938
0 1.0 0.509375 0.448437 0.027083 0.046875
0 1.0 0.095833 0.453906 0.154167 0.179688
0 1.0 0.029167 0.475000 0.050000 0.137500
0 1.0 0.093750 0.446875 0.025000 0.037500
0 1.0 0.051042 0.446875 0.102083 0.081250
0 1.0 0.961458 0.400000 0.068750 0.275000
0 1.0 0.943750 0.400000 0.112500 0.112500
0 1.0 0.891667 0.401562 0.170833 0.134375
0 1.0 0.223958 0.432812 0.277083 0.275000
0 1.0 0.187500 0.446875 0.079167 0.250000
0 1.0 0.217708 0.442969 0.064583 0.073438
0 1.0 0.170833 0.435156 0.241667 0.157812
0 1.0 0.152083 0.438281 0.112500 0.095312
0 1.0 0.122917 0.444531 0.233333 0.301563
0 1.0 0.084375 0.496094 0.060417 0.151562
0 1.0 0.137500 0.442188 0.066667 0.068750
0 1.0 0.133333 0.456250 0.100000 0.250000
0 1.0 0.114583 0.497656 0.216667 0.107813
0 1.0 0.081250 0.519531 0.112500 0.210938
0 1.0 0.060417 0.499219 0.120833 0.079687
0 1.0 0.966667 0.477344 0.045833 0.148438
0 1.0 0.927083 0.453906 0.145833 0.139063
0 1.0 0.270833 0.496094 0.095833 0.079687
0 1.0 0.237500 0.493750 0.183333 0.228125
0 1.0 0.177083 0.493750 0.137500 0.278125
0 1.0 0.754167 0.455469 0.216667 0.129688
0 1.0 0.757292 0.453906 0.231250 0.285938
0 1.0 0.712500 0.456250 0.145833 0.087500
0 1.0 0.725000 0.510156 0.045833 0.076563
0 1.0 0.664583 0.482031 0.041667 0.073438
0 1.0 0.666667 0.460938 0.108333 0.125000
0 1.0 0.612500 0.469531 0.045833 0.098437
0 1.0 0.602083 0.450781 0.245833 0.160938
0 1.0 0.900000 0.411719 0.200000 0.401562
0 1.0 0.823958 0.451562 0.018750 0.040625
0 1.0 0.875000 0.441406 0.054167 0.145313
0 1.0 0.808333 0.456250 0.154167 0.100000
0 1.0 0.771875 0.497656 0.052083 0.098437
0 1.0 0.823958 0.490625 0.068750 0.178125
0 1.0 0.831250 0.492188 0.041667 0.100000
0 1.0 0.768750 0.451562 0.116667 0.081250
0 1.0 0.934375 0.346094 0.131250 0.126562
0 1.0 0.820833 0.343750 0.250000 0.131250
0 1.0 0.142708 0.385156 0.285417 0.132812
0 1.0 0.079167 0.437500 0.054167 0.118750
0 1.0 0.072917 0.389844 0.145833 0.082812
0 1.0 0.035417 0.421875 0.070833 0.171875
0 1.0 0.063542 0.395313 0.064583 0.068750
0 1.0 0.604167 0.335156 0.304167 0.139063
0 1.0 0.546875 0.366406 0.106250 0.260937
0 1.0 0.783333 0.349219 0.066667 0.164062
0 1.0 0.715625 0.358594 0.068750 0.145313
0 1.0 0.709375 0.395313 0.227083 0.165625
0 1.0 0.642708 0.403906 0.085417 0.220312
0 1.0 0.642708 0.385156 0.177083 0.239063
0 1.0 0.601042 0.390625 0.293750 0.146875
0 1.0 0.820833 0.393750 0.220833 0.112500
0 1.0 0.875000 0.357812 0.087500 0.287500
0 1.0 0.823958 0.391406 0.097917 0.310937
0 1.0 0.829167 0.401562 0.054167 0.171875
0 1.0 0.719792 0.437500 0.060417 0.115625
0 1.0 0.766667 0.425000 0.091667 0.221875
0 1.0 0.772917 0.427344 0.062500 0.139063
0 1.0 0.712500 0.431250 0.100000 0.187500
0 1.0 0.814583 0.384375 0.229167 0.340625
0 1.0 0.259375 0.382812 0.197917 0.121875
0 1.0 0.219792 0.401562 0.064583 0.178125
0 1.0 0.489583 0.393750 0.270833 0.153125
0 1.0 0.327083 0.675000 0.425000 0.434375
0 1.0 0.765625 0.633594 0.243750 0.610938
0 1.0 0.706250 0.650781 0.500000 0.235937
0 1.0 0.238542 0.126562 0.206250 0.125000
0 1.0 0.231250 0.148438 0.120833 0.231250
0 1.0 0.189583 0.178125 0.075000 0.190625
0 1.0 0.125000 0.164844 0.087500 0.220312
0 1.0 0.221875 0.139844 0.256250 0.279687
0 1.0 0.120833 0.120313 0.154167 0.115625
0 1.0 0.094792 0.146875 0.189583 0.290625
0 1.0 0.039583 0.141406 0.079167 0.282813
0 1.0 0.059375 0.122656 0.118750 0.092188
0 1.0 0.343750 0.643750 0.600000 0.218750
0 1.0 0.563542 0.682031 0.410417 0.457813
0 1.0 0.437500 0.132031 0.083333 0.123438
0 1.0 0.408333 0.136719 0.195833 0.273438
0 1.0 0.357292 0.156250 0.068750 0.212500
0 1.0 0.368750 0.125781 0.133333 0.107813
0 1.0 0.292708 0.202344 0.052083 0.123438
0 1.0 0.289583 0.169531 0.116667 0.170313
0 1.0 0.454167 0.552344 0.579167 0.210938
0 1.0 0.456250 0.535156 0.383333 0.442188
0 1.0 0.278125 0.133594 0.047917 0.079687
0 1.0 0.172917 0.660156 0.345833 0.451562
0 1.0 0.758333 0.128125 0.133333 0.256250
0 1.0 0.775000 0.079687 0.300000 0.140625
0 1.0 0.708333 0.127344 0.108333 0.254688
0 1.0 0.823958 0.137500 0.089583 0.193750
0 1.0 0.464583 0.764844 0.620833 0.239063
0 1.0 0.178125 0.845313 0.356250 0.200000
0 1.0 0.670833 0.121875 0.087500 0.234375
0 1.0 0.653125 0.074219 0.293750 0.132812
0 1.0 0.835417 0.131250 0.058333 0.109375
0 1.0 0.600000 0.131250 0.108333 0.225000
0 1.0 0.959375 0.121875 0.056250 0.184375
0 1.0 0.939583 0.080469 0.120833 0.120313
0 1.0 0.701042 0.761719 0.527083 0.270313
0 1.0 0.904167 0.105469 0.191667 0.210938
0 1.0 0.880208 0.137500 0.102083 0.184375
0 1.0 0.885417 0.084375 0.154167 0.115625
0 1.0 0.459375 0.349219 0.547917 0.226562
0 1.0 0.721875 0.125781 0.306250 0.142187
0 1.0 0.788542 0.352344 0.422917 0.223438
0 1.0 0.779167 0.317188 0.266667 0.609375
0 1.0 0.790625 0.236719 0.418750 0.239063
0 1.0 0.656250 0.275000 0.450000 0.484375
0 1.0 0.166667 0.323437 0.333333 0.484375
0 1.0 0.938542 0.129688 0.122917 0.128125
0 1.0 0.435417 0.317188 0.183333 0.546875
0 1.0 0.061458 0.184375 0.068750 0.084375
0 1.0 0.406250 0.153125 0.100000 0.250000
0 1.0 0.421875 0.128125 0.277083 0.143750
0 1.0 0.542708 0.165625 0.097917 0.237500
0 1.0 0.551042 0.124219 0.268750 0.139063
0 1.0 0.728125 0.451562 0.510417 0.231250
0 1.0 0.248958 0.542188 0.443750 0.465625
0 1.0 0.251042 0.553906 0.210417 0.557813
0 1.0 0.498958 0.153125 0.147917 0.306250
0 1.0 0.478125 0.129688 0.135417 0.112500
0 1.0 0.828125 0.129688 0.268750 0.181250
0 1.0 0.459375 0.445312 0.539583 0.234375
0 1.0 0.594792 0.142969 0.260417 0.285938
0 1.0 0.678125 0.032813 0.160417 0.065625
0 1.0 0.677083 0.061719 0.054167 0.095312
0 1.0 0.598958 0.065625 0.072917 0.128125
0 1.0 0.600000 0.060937 0.054167 0.075000
0 1.0 0.614583 0.041406 0.175000 0.082812
0 1.0 0.551042 0.071875 0.072917 0.131250
0 1.0 0.368750 0.874219 0.737500 0.251563
0 1.0 0.554167 0.030469 0.108333 0.060937
0 1.0 0.492708 0.034375 0.206250 0.068750
0 1.0 0.497917 0.075000 0.116667 0.150000
0 1.0 0.498958 0.082812 0.239583 0.165625
0 1.0 0.437500 0.082031 0.045833 0.095312
0 1.0 0.717708 0.060156 0.118750 0.120313
0 1.0 0.514583 0.279687 0.816667 0.337500
0 1.0 0.415625 0.050781 0.102083 0.101562
0 1.0 0.318750 0.042188 0.100000 0.081250
0 1.0 0.290625 0.081250 0.260417 0.162500
0 1.0 0.233333 0.088281 0.070833 0.154688
0 1.0 0.263542 0.032031 0.127083 0.064062
0 1.0 0.191667 0.088281 0.058333 0.123438
0 1.0 0.068750 0.076563 0.137500 0.153125
0 1.0 0.659375 0.489844 0.681250 0.420312
0 1.0 0.244792 0.060156 0.122917 0.120313
0 1.0 0.502083 0.027344 0.054167 0.054688
0 1.0 0.737500 0.876563 0.525000 0.246875
0 1.0 0.348958 0.075781 0.052083 0.107813
0 1.0 0.371875 0.050781 0.093750 0.101562
0 1.0 0.296875 0.075781 0.039583 0.089063
0 1.0 0.385417 0.032031 0.041667 0.054688
0 1.0 0.186458 0.118750 0.122917 0.193750
0 1.0 0.434375 0.090625 0.089583 0.096875
0 1.0 0.379167 0.078906 0.137500 0.101562
0 1.0 0.225000 0.923438 0.450000 0.153125
0 1.0 0.296875 0.094531 0.127083 0.148438
0 1.0 0.564583 0.843750 0.600000 0.203125
0 1.0 0.643750 0.124219 0.712500 0.248438
0 1.0 0.334375 0.140625 0.668750 0.281250
0 1.0 0.823958 0.078906 0.056250 0.114062
0 1.0 0.842708 0.033594 0.114583 0.067187
0 1.0 0.835417 0.071875 0.037500 0.062500
0 1.0 0.828125 0.044531 0.189583 0.089063
0 1.0 0.771875 0.056250 0.114583 0.112500
0 1.0 0.731250 0.030469 0.120833 0.060937
0 1.0 0.955208 0.078906 0.039583 0.101562
0 1.0 0.554167 0.922656 0.620833 0.154688
0 1.0 0.938542 0.035937 0.122917 0.071875
0 1.0 0.772917 0.056250 0.054167 0.093750
0 1.0 0.881250 0.103906 0.054167 0.089063
0 1.0 0.902083 0.034375 0.066667 0.056250
0 1.0 0.888542 0.086719 0.039583 0.054688
0 1.0 0.887500 0.042969 0.137500 0.085938
0 1.0 0.832292 0.925000 0.335417 0.150000
0 1.0 0.871875 0.839063 0.227083 0.275000
0 1.0 0.821875 0.836719 0.068750 0.151562
0 1.0 0.802083 0.878125 0.304167 0.140625
0 1.0 0.773958 0.845313 0.060417 0.128125
0 1.0 0.121875 0.179688 0.160417 0.109375
0 1.0 0.714583 0.833594 0.058333 0.126562
0 1.0 0.041667 0.925000 0.083333 0.150000
0 1.0 0.078125 0.930469 0.052083 0.067187
0 1.0 0.077083 0.892188 0.154167 0.215625
0 1.0 0.964583 0.882812 0.037500 0.087500
0 1.0 0.929167 0.877344 0.141667 0.126562
0 1.0 0.955208 0.893750 0.068750 0.118750
0 1.0 0.855208 0.888281 0.064583 0.079687
0 1.0 0.880208 0.854688 0.068750 0.168750
0 1.0 0.807292 0.881250 0.131250 0.093750
0 1.0 0.494792 0.867188 0.064583 0.118750
0 1.0 0.489583 0.877344 0.170833 0.129688
0 1.0 0.510417 0.856250 0.229167 0.246875
0 1.0 0.446875 0.861719 0.027083 0.051562
0 1.0 0.444792 0.880469 0.077083 0.117188
0 1.0 0.512500 0.886719 0.041667 0.064062
0 1.0 0.711458 0.869531 0.210417 0.210938
0 1.0 0.394792 0.885938 0.056250 0.103125
0 1.0 0.395833 0.885938 0.100000 0.134375
0 1.0 0.455208 0.886719 0.052083 0.076563
0 1.0 0.345833 0.901563 0.054167 0.090625
0 1.0 0.329167 0.878906 0.191667 0.104688
0 1.0 0.346875 0.898438 0.102083 0.128125
0 1.0 0.666667 0.808594 0.062500 0.148438
0 1.0 0.608333 0.796094 0.062500 0.123438
0 1.0 0.591667 0.868750 0.300000 0.153125
0 1.0 0.546875 0.799219 0.060417 0.117188
0 1.0 0.493750 0.836719 0.050000 0.095312
0 1.0 0.553125 0.903906 0.181250 0.185938
0 1.0 0.081250 0.925000 0.112500 0.075000
0 1.0 0.438542 0.930469 0.072917 0.139063
0 1.0 0.470833 0.922656 0.220833 0.114062
0 1.0 0.445833 0.892969 0.237500 0.214062
0 1.0 0.709375 0.917969 0.335417 0.126562
0 1.0 0.716667 0.910937 0.104167 0.178125
0 1.0 0.665625 0.908594 0.097917 0.182812
0 1.0 0.607292 0.910156 0.102083 0.164062
0 1.0 0.184375 0.923438 0.097917 0.153125
0 1.0 0.214583 0.924219 0.250000 0.104688
0 1.0 0.131250 0.915625 0.100000 0.168750
0 1.0 0.139583 0.922656 0.154167 0.089063
0 1.0 0.340625 0.923438 0.264583 0.115625
0 1.0 0.285417 0.934375 0.087500 0.131250
0 1.0 0.234375 0.937500 0.089583 0.125000
0 1.0 0.509375 0.826562 0.039583 0.068750
0 1.0 0.393750 0.831250 0.133333 0.300000
0 1.0 0.406250 0.812500 0.316667 0.131250
0 1.0 0.450000 0.821094 0.058333 0.085938
0 1.0 0.247917 0.818750 0.312500 0.115625
0 1.0 0.292708 0.832812 0.152083 0.225000
0 1.0 0.311458 0.828906 0.035417 0.051562
0 1.0 0.565625 0.817969 0.227083 0.164062
0 1.0 0.501042 0.817969 0.147917 0.126562
0 1.0 0.131250 0.814063 0.220833 0.118750
0 1.0 0.154167 0.817969 0.070833 0.092188
0 1.0 0.075000 0.815625 0.137500 0.078125
0 1.0 0.096875 0.821875 0.031250 0.053125
0 1.0 0.950000 0.763281 0.100000 0.104688
0 1.0 0.286458 0.816406 0.068750 0.085938
0 1.0 0.135417 0.874219 0.045833 0.079687
0 1.0 0.159375 0.876563 0.264583 0.115625
0 1.0 0.179167 0.881250 0.095833 0.084375
0 1.0 0.084375 0.882812 0.043750 0.078125
0 1.0 0.035417 0.871094 0.037500 0.079687
0 1.0 0.068750 0.876563 0.112500 0.068750
0 1.0 0.040625 0.877344 0.064583 0.104688
0 1.0 0.094792 0.887500 0.027083 0.043750
0 1.0 0.164583 0.885938 0.050000 0.062500
0 1.0 0.288542 0.904687 0.039583 0.062500
0 1.0 0.239583 0.899219 0.054167 0.085938
0 1.0 0.296875 0.886719 0.052083 0.064062
0 1.0 0.190625 0.892188 0.047917 0.078125
0 1.0 0.765625 0.816406 0.335417 0.135937
0 1.0 0.771875 0.810156 0.143750 0.292187
0 1.0 0.709375 0.808594 0.131250 0.351562
0 1.0 0.941667 0.817187 0.116667 0.112500
0 1.0 0.654167 0.818750 0.229167 0.156250
0 1.0 0.950000 0.830469 0.100000 0.245312
0 1.0 0.773958 0.818750 0.118750 0.087500
0 1.0 0.834375 0.828906 0.039583 0.064062
0 1.0 0.352083 0.212500 0.383333 0.425000
0 1.0 0.505208 0.179688 0.297917 0.140625
0 1.0 0.503125 0.185156 0.081250 0.095312
0 1.0 0.451042 0.185938 0.072917 0.150000
0 1.0 0.326042 0.186719 0.227083 0.114062
0 1.0 0.291667 0.234375 0.087500 0.112500
0 1.0 0.317708 0.217969 0.022917 0.045312
0 1.0 0.233333 0.235937 0.083333 0.209375
0 1.0 0.669792 0.214062 0.077083 0.171875
0 1.0 0.645833 0.185938 0.254167 0.162500
0 1.0 0.971875 0.953906 0.056250 0.092188
0 1.0 0.931250 0.958594 0.137500 0.082812
0 1.0 0.715625 0.175781 0.256250 0.301563
0 1.0 0.464583 0.077344 0.645833 0.154688
0 1.0 0.293750 0.274219 0.041667 0.085938
0 1.0 0.190625 0.248438 0.043750 0.121875
0 1.0 0.170833 0.182031 0.245833 0.170313
0 1.0 0.200000 0.201563 0.025000 0.053125
0 1.0 0.128125 0.236719 0.060417 0.154688
0 1.0 0.230208 0.189062 0.193750 0.109375
0 1.0 0.358333 0.229687 0.054167 0.140625
0 1.0 0.409375 0.181250 0.097917 0.093750
0 1.0 0.380208 0.182812 0.072917 0.125000
0 1.0 0.268750 0.249219 0.537500 0.239063
0 1.0 0.301042 0.960156 0.060417 0.057813
0 1.0 0.261458 0.962500 0.072917 0.062500
0 1.0 0.784375 0.180469 0.306250 0.148438
0 1.0 0.217708 0.961719 0.052083 0.054688
0 1.0 0.465625 0.959375 0.097917 0.081250
0 1.0 0.394792 0.945312 0.085417 0.109375
0 1.0 0.346875 0.942187 0.085417 0.115625
0 1.0 0.350000 0.964063 0.045833 0.053125
0 1.0 0.871875 0.896875 0.118750 0.206250
0 1.0 0.880208 0.918750 0.202083 0.109375
0 1.0 0.815625 0.892969 0.114583 0.214062
0 1.0 0.168750 0.961719 0.054167 0.054688
0 1.0 0.767708 0.896094 0.122917 0.207813
0 1.0 0.148958 0.957031 0.072917 0.076563
0 1.0 0.095833 0.955469 0.112500 0.089063
0 1.0 0.093750 0.963281 0.033333 0.042188
0 1.0 0.076042 0.962500 0.052083 0.062500
0 1.0 0.879167 0.961719 0.050000 0.045312
0 1.0 0.875000 0.957812 0.083333 0.065625
0 1.0 0.833333 0.948438 0.204167 0.103125
0 1.0 0.777083 0.200781 0.100000 0.207813
0 1.0 0.889583 0.175781 0.200000 0.198437
0 1.0 0.607292 0.959375 0.089583 0.081250
0 1.0 0.595833 0.952344 0.208333 0.095312
0 1.0 0.550000 0.948438 0.087500 0.103125
0 1.0 0.533333 0.962500 0.066667 0.056250
0 1.0 0.498958 0.935156 0.089583 0.129688
0 1.0 0.508333 0.960938 0.066667 0.053125
0 1.0 0.768750 0.938281 0.087500 0.123438
0 1.0 0.815625 0.959375 0.114583 0.065625
0 1.0 0.732292 0.952344 0.227083 0.095312
0 1.0 0.704167 0.964844 0.112500 0.064062
0 1.0 0.667708 0.954688 0.127083 0.090625
0 1.0 0.557292 0.804688 0.268750 0.390625
0 1.0 0.075000 0.737500 0.150000 0.525000
0 1.0 0.909375 0.628125 0.181250 0.643750
0 1.0 0.245833 0.837500 0.208333 0.325000
0 1.0 0.072917 0.354687 0.145833 0.668750
0 1.0 0.498958 0.351562 0.352083 0.703125