0 1.0 0.056250 0.051042 0.096875 0.102083
0 1.0 0.075000 0.075000 0.150000 0.150000
0 1.0 0.081250 0.028125 0.071875 0.056250
0 1.0 0.183594 0.054167 0.092188 0.108333
0 1.0 0.243750 0.059375 0.146875 0.118750
0 1.0 0.236719 0.082292 0.251563 0.164583
0 1.0 0.305469 0.056250 0.095312 0.100000
0 1.0 0.278906 0.039583 0.117188 0.070833
0 1.0 0.357812 0.054167 0.118750 0.108333
0 1.0 0.507031 0.782292 0.845313 0.435417
0 1.0 0.511719 0.473958 0.751563 0.793750
0 1.0 0.770312 0.454167 0.459375 0.729167
0 1.0 0.667188 0.480208 0.665625 0.406250
0 1.0 0.355469 0.078125 0.248438 0.156250
0 1.0 0.338281 0.032292 0.051562 0.047917
0 1.0 0.342187 0.071875 0.065625 0.110417
0 1.0 0.407031 0.057292 0.139063 0.114583
0 1.0 0.418750 0.033333 0.215625 0.066667
0 1.0 0.467969 0.058333 0.117188 0.108333
0 1.0 0.456250 0.076042 0.265625 0.152083
0 1.0 0.503125 0.035417 0.078125 0.058333
0 1.0 0.523438 0.187500 0.953125 0.370833
0 1.0 0.226562 0.504167 0.453125 0.691667
0 1.0 0.331250 0.498958 0.662500 0.393750
0 1.0 0.645312 0.878125 0.709375 0.243750
0 1.0 0.448437 0.071875 0.043750 0.077083
0 1.0 0.511719 0.048958 0.245312 0.097917
0 1.0 0.514844 0.084375 0.073438 0.110417
0 1.0 0.560937 0.079167 0.275000 0.158333
0 1.0 0.551562 0.084375 0.078125 0.102083
0 1.0 0.586719 0.038542 0.220312 0.077083
0 1.0 0.250000 0.879167 0.500000 0.241667
0 1.0 0.607031 0.058333 0.067187 0.083333
0 1.0 0.671094 0.051042 0.164062 0.102083
0 1.0 0.671875 0.072917 0.265625 0.145833
0 1.0 0.766406 0.056250 0.210938 0.112500
0 1.0 0.699219 0.694792 0.470313 0.535417
0 1.0 0.167187 0.672917 0.334375 0.525000
0 1.0 0.346875 0.693750 0.693750 0.337500
0 1.0 0.502344 0.487500 0.398438 0.666667
0 1.0 0.748437 0.286458 0.503125 0.318750
0 1.0 0.772656 0.056250 0.067187 0.070833
0 1.0 0.871094 0.059375 0.164062 0.118750
0 1.0 0.361719 0.293750 0.723437 0.325000
0 1.0 0.521094 0.286458 0.554688 0.543750
0 1.0 0.779687 0.136458 0.440625 0.272917
0 1.0 0.711719 0.257292 0.292187 0.514583
0 1.0 0.921875 0.064583 0.100000 0.129167
0 1.0 0.950000 0.061458 0.065625 0.110417
0 1.0 0.779687 0.923958 0.440625 0.152083
0 1.0 0.253906 0.119792 0.507812 0.239583
0 1.0 0.032813 0.112500 0.065625 0.204167
0 1.0 0.125781 0.096875 0.207813 0.193750
0 1.0 0.132812 0.120833 0.090625 0.229167
0 1.0 0.454688 0.922917 0.578125 0.154167
0 1.0 0.187500 0.123958 0.084375 0.202083
0 1.0 0.314844 0.085417 0.070312 0.070833
0 1.0 0.282813 0.080208 0.250000 0.102083
0 1.0 0.164062 0.925000 0.328125 0.150000
0 1.0 0.289844 0.125000 0.085938 0.179167
0 1.0 0.341406 0.109375 0.092188 0.172917
0 1.0 0.439844 0.083333 0.135937 0.112500
0 1.0 0.396094 0.109375 0.092188 0.202083
0 1.0 0.825000 0.848958 0.350000 0.202083
0 1.0 0.450781 0.121875 0.073438 0.177083
0 1.0 0.514062 0.111458 0.106250 0.181250
0 1.0 0.557031 0.106250 0.110937 0.183333
0 1.0 0.596875 0.105208 0.128125 0.210417
0 1.0 0.672656 0.114583 0.145313 0.229167
0 1.0 0.443750 0.848958 0.621875 0.189583
0 1.0 0.757812 0.112500 0.121875 0.208333
0 1.0 0.820312 0.088542 0.228125 0.177083
0 1.0 0.732812 0.759375 0.509375 0.239583
0 1.0 0.914844 0.095833 0.170313 0.191667
0 1.0 0.555469 0.710417 0.235937 0.508333
0 1.0 0.052344 0.126042 0.104688 0.110417
0 1.0 0.081250 0.145833 0.109375 0.208333
0 1.0 0.232031 0.748958 0.407813 0.281250
0 1.0 0.349219 0.706250 0.210938 0.529167
0 1.0 0.837500 0.648958 0.325000 0.210417
0 1.0 0.187500 0.136458 0.200000 0.222917
0 1.0 0.290625 0.141667 0.190625 0.195833
0 1.0 0.649219 0.642708 0.520312 0.235417
0 1.0 0.642188 0.643750 0.243750 0.520833
0 1.0 0.746875 0.631250 0.250000 0.508333
0 1.0 0.440625 0.636458 0.262500 0.472917
0 1.0 0.210938 0.651042 0.421875 0.235417
0 1.0 0.344531 0.148958 0.145313 0.264583
0 1.0 0.414844 0.127083 0.207813 0.158333
0 1.0 0.786719 0.548958 0.426563 0.218750
0 1.0 0.640625 0.546875 0.409375 0.281250
0 1.0 0.451562 0.137500 0.153125 0.262500
0 1.0 0.511719 0.121875 0.254688 0.181250
0 1.0 0.333594 0.557292 0.282813 0.464583
0 1.0 0.444531 0.544792 0.557813 0.235417
0 1.0 0.165625 0.548958 0.331250 0.210417
0 1.0 0.077344 0.543750 0.154688 0.620833
0 1.0 0.846875 0.401042 0.215625 0.606250
0 1.0 0.784375 0.453125 0.431250 0.218750
0 1.0 0.628125 0.135417 0.284375 0.270833
0 1.0 0.564844 0.440625 0.245312 0.447917
0 1.0 0.554688 0.455208 0.546875 0.222917
0 1.0 0.244531 0.483333 0.267188 0.470833
0 1.0 0.434375 0.453125 0.240625 0.464583
0 1.0 0.165625 0.448958 0.331250 0.214583
0 1.0 0.135937 0.454167 0.250000 0.545833
0 1.0 0.728125 0.112500 0.293750 0.170833
0 1.0 0.840625 0.348958 0.318750 0.218750
0 1.0 0.564844 0.353125 0.548438 0.243750
0 1.0 0.240625 0.353125 0.446875 0.297917
0 1.0 0.342969 0.348958 0.273438 0.489583
0 1.0 0.959375 0.133333 0.081250 0.237500
0 1.0 0.053906 0.190625 0.076563 0.118750
0 1.0 0.075781 0.189583 0.085938 0.062500
0 1.0 0.036719 0.219792 0.057813 0.181250
0 1.0 0.116406 0.189583 0.148438 0.108333
0 1.0 0.075781 0.223958 0.079687 0.181250
0 1.0 0.449219 0.227083 0.254688 0.445833
0 1.0 0.572656 0.229167 0.282813 0.458333
0 1.0 0.565625 0.231250 0.518750 0.266667
0 1.0 0.210156 0.244792 0.420312 0.218750
0 1.0 0.240625 0.257292 0.268750 0.456250
0 1.0 0.825000 0.204167 0.250000 0.408333
0 1.0 0.125781 0.223958 0.092188 0.172917
0 1.0 0.199219 0.193750 0.067187 0.100000
0 1.0 0.185156 0.202083 0.104688 0.220833
0 1.0 0.235937 0.183333 0.203125 0.208333
0 1.0 0.297656 0.183333 0.092188 0.133333
0 1.0 0.354687 0.202083 0.218750 0.404167
0 1.0 0.470313 0.144792 0.471875 0.281250
0 1.0 0.290625 0.198958 0.118750 0.256250
0 1.0 0.369531 0.171875 0.195312 0.122917
0 1.0 0.475000 0.188542 0.103125 0.181250
0 1.0 0.493750 0.178125 0.112500 0.102083
0 1.0 0.496094 0.183333 0.154688 0.304167
0 1.0 0.530469 0.175000 0.223438 0.125000
0 1.0 0.385937 0.075000 0.621875 0.150000
0 1.0 0.622656 0.172917 0.232813 0.133333
0 1.0 0.971875 0.962500 0.056250 0.075000
0 1.0 0.728906 0.171875 0.273438 0.152083
0 1.0 0.837500 0.961458 0.112500 0.077083
0 1.0 0.876563 0.942708 0.112500 0.114583
0 1.0 0.907813 0.919792 0.184375 0.160417
0 1.0 0.928906 0.963542 0.142187 0.072917
0 1.0 0.923438 0.935417 0.087500 0.129167
0 1.0 0.717187 0.958333 0.093750 0.083333
0 1.0 0.769531 0.950000 0.151562 0.100000
0 1.0 0.765625 0.956250 0.078125 0.087500
0 1.0 0.555469 0.930208 0.073438 0.139583
0 1.0 0.619531 0.955208 0.114062 0.089583
0 1.0 0.620313 0.923958 0.221875 0.152083
0 1.0 0.635938 0.966667 0.078125 0.058333
0 1.0 0.671094 0.957292 0.123438 0.085417
0 1.0 0.464844 0.920833 0.214062 0.158333
0 1.0 0.475000 0.957292 0.112500 0.077083
0 1.0 0.446875 0.939583 0.103125 0.120833
0 1.0 0.506250 0.962500 0.046875 0.041667
0 1.0 0.510156 0.947917 0.117188 0.104167
0 1.0 0.539062 0.962500 0.062500 0.050000
0 1.0 0.557031 0.957292 0.145313 0.085417
0 1.0 0.586719 0.964583 0.067187 0.054167
0 1.0 0.295312 0.939583 0.109375 0.120833
0 1.0 0.313281 0.961458 0.045312 0.043750
0 1.0 0.352344 0.953125 0.104688 0.093750
0 1.0 0.355469 0.921875 0.210938 0.156250
0 1.0 0.375781 0.959375 0.042188 0.043750
0 1.0 0.403125 0.953125 0.103125 0.093750
0 1.0 0.446875 0.960417 0.075000 0.050000
0 1.0 0.135937 0.922917 0.081250 0.154167
0 1.0 0.196094 0.952083 0.098437 0.095833
0 1.0 0.252344 0.960417 0.051562 0.045833
0 1.0 0.253906 0.957292 0.110937 0.085417
0 1.0 0.072656 0.914583 0.145313 0.170833
0 1.0 0.043750 0.962500 0.071875 0.075000
0 1.0 0.062500 0.963542 0.046875 0.047917
0 1.0 0.034375 0.929167 0.068750 0.141667
0 1.0 0.116406 0.960417 0.089063 0.079167
0 1.0 0.134375 0.962500 0.065625 0.054167
0 1.0 0.199219 0.965625 0.045312 0.043750
0 1.0 0.957812 0.926042 0.084375 0.147917
0 1.0 0.710938 0.905208 0.106250 0.189583
0 1.0 0.762500 0.894792 0.118750 0.210417
0 1.0 0.817969 0.910417 0.107813 0.179167
0 1.0 0.600000 0.910417 0.096875 0.179167
0 1.0 0.661719 0.919792 0.092188 0.160417
0 1.0 0.502344 0.892708 0.114062 0.214583
0 1.0 0.553906 0.911458 0.157812 0.160417
0 1.0 0.184375 0.894792 0.121875 0.181250
0 1.0 0.246875 0.910417 0.171875 0.141667
0 1.0 0.235937 0.925000 0.081250 0.125000
0 1.0 0.291406 0.894792 0.239063 0.210417
0 1.0 0.058594 0.915625 0.117188 0.081250
0 1.0 0.118750 0.914583 0.162500 0.095833
0 1.0 0.877344 0.823958 0.085938 0.202083
0 1.0 0.919531 0.844792 0.139063 0.272917
0 1.0 0.883594 0.872917 0.232813 0.133333
0 1.0 0.960156 0.872917 0.060937 0.116667
0 1.0 0.965625 0.861458 0.031250 0.085417
0 1.0 0.773438 0.839583 0.071875 0.141667
0 1.0 0.740625 0.871875 0.293750 0.139583
0 1.0 0.822656 0.846875 0.064062 0.152083
0 1.0 0.849219 0.879167 0.092188 0.104167
0 1.0 0.609375 0.841667 0.046875 0.100000
0 1.0 0.567187 0.865625 0.250000 0.118750
0 1.0 0.660156 0.862500 0.185938 0.208333
0 1.0 0.669531 0.836458 0.045312 0.093750
0 1.0 0.662500 0.808333 0.046875 0.104167
0 1.0 0.721875 0.842708 0.059375 0.118750
0 1.0 0.444531 0.852083 0.032813 0.066667
0 1.0 0.501563 0.860417 0.234375 0.220833
0 1.0 0.514062 0.859375 0.053125 0.102083
0 1.0 0.564844 0.854167 0.051562 0.095833
0 1.0 0.359375 0.882292 0.134375 0.114583
0 1.0 0.348438 0.892708 0.059375 0.089583
0 1.0 0.404687 0.883333 0.156250 0.162500
0 1.0 0.401562 0.862500 0.246875 0.225000
0 1.0 0.457813 0.881250 0.068750 0.091667
0 1.0 0.406250 0.890625 0.062500 0.106250
0 1.0 0.208594 0.878125 0.217188 0.110417
0 1.0 0.191406 0.854167 0.045312 0.100000
0 1.0 0.233594 0.836458 0.251563 0.256250
0 1.0 0.271875 0.886458 0.075000 0.085417
0 1.0 0.240625 0.885417 0.056250 0.091667
0 1.0 0.301563 0.892708 0.040625 0.060417
0 1.0 0.295312 0.864583 0.068750 0.112500
0 1.0 0.292187 0.844792 0.040625 0.081250
0 1.0 0.035937 0.833333 0.050000 0.166667
0 1.0 0.094531 0.854167 0.176563 0.204167
0 1.0 0.159375 0.870833 0.046875 0.075000
0 1.0 0.088281 0.814583 0.082812 0.158333
0 1.0 0.131250 0.867708 0.137500 0.097917
0 1.0 0.182031 0.872917 0.076563 0.091667
0 1.0 0.139844 0.829167 0.085938 0.170833
0 1.0 0.883594 0.814583 0.232813 0.133333
0 1.0 0.953906 0.812500 0.092188 0.241667
0 1.0 0.939844 0.813542 0.120313 0.114583
0 1.0 0.051562 0.867708 0.103125 0.152083
0 1.0 0.094531 0.877083 0.029687 0.054167
0 1.0 0.085156 0.870833 0.079687 0.066667
0 1.0 0.767969 0.794792 0.154688 0.293750
0 1.0 0.725000 0.810417 0.293750 0.133333
0 1.0 0.812500 0.815625 0.193750 0.164583
0 1.0 0.813281 0.802083 0.120313 0.345833
0 1.0 0.845313 0.821875 0.062500 0.085417
0 1.0 0.873437 0.796875 0.146875 0.310417
0 1.0 0.796094 0.815625 0.135937 0.093750
0 1.0 0.603125 0.818750 0.109375 0.279167
0 1.0 0.621875 0.816667 0.190625 0.141667
0 1.0 0.657031 0.796875 0.117188 0.243750
0 1.0 0.714063 0.794792 0.134375 0.272917
0 1.0 0.535156 0.828125 0.123438 0.118750
0 1.0 0.553125 0.822917 0.118750 0.216667
0 1.0 0.337500 0.825000 0.140625 0.241667
0 1.0 0.357031 0.821875 0.207813 0.106250
0 1.0 0.465625 0.831250 0.056250 0.079167
0 1.0 0.469531 0.834375 0.120313 0.152083
0 1.0 0.441406 0.839583 0.101562 0.237500
0 1.0 0.179688 0.811458 0.115625 0.260417
0 1.0 0.240625 0.819792 0.084375 0.110417
0 1.0 0.275781 0.830208 0.035937 0.060417
0 1.0 0.216406 0.822917 0.232813 0.108333
0 1.0 0.277344 0.792708 0.132812 0.335417
0 1.0 0.154688 0.817708 0.062500 0.085417
0 1.0 0.135156 0.782292 0.214062 0.285417
0 1.0 0.889844 0.760417 0.220312 0.133333
0 1.0 0.945312 0.759375 0.109375 0.114583
0 1.0 0.965625 0.752083 0.065625 0.212500
0 1.0 0.056250 0.805208 0.103125 0.177083
0 1.0 0.094531 0.822917 0.032813 0.062500
0 1.0 0.078906 0.818750 0.135937 0.087500
0 1.0 0.038281 0.789583 0.076563 0.312500
0 1.0 0.767969 0.762500 0.289062 0.133333
0 1.0 0.829688 0.771875 0.059375 0.081250
0 1.0 0.773438 0.764583 0.109375 0.087500
0 1.0 0.504687 0.767708 0.112500 0.243750
0 1.0 0.511719 0.766667 0.279687 0.120833
0 1.0 0.558594 0.769792 0.176563 0.222917
0 1.0 0.607812 0.772917 0.087500 0.108333
0 1.0 0.622656 0.765625 0.264062 0.131250
0 1.0 0.400781 0.757292 0.185938 0.239583
0 1.0 0.447656 0.776042 0.082812 0.085417
0 1.0 0.460938 0.775000 0.137500 0.175000
0 1.0 0.503125 0.781250 0.059375 0.070833
0 1.0 0.503906 0.762500 0.239063 0.300000
0 1.0 0.534375 0.771875 0.112500 0.110417
0 1.0 0.243750 0.766667 0.143750 0.154167
0 1.0 0.268750 0.776042 0.071875 0.093750
0 1.0 0.332031 0.764583 0.289062 0.129167
0 1.0 0.118750 0.765625 0.225000 0.127083
0 1.0 0.919531 0.696875 0.120313 0.364583
0 1.0 0.946875 0.709375 0.106250 0.110417
0 1.0 0.073438 0.750000 0.146875 0.270833
0 1.0 0.069531 0.766667 0.035937 0.070833
0 1.0 0.139063 0.770833 0.078125 0.104167
0 1.0 0.796875 0.711458 0.218750 0.152083
0 1.0 0.817969 0.693750 0.095312 0.258333
0 1.0 0.826562 0.717708 0.056250 0.077083
0 1.0 0.869531 0.693750 0.098437 0.262500
0 1.0 0.777344 0.711458 0.095312 0.081250
0 1.0 0.882812 0.711458 0.234375 0.127083
0 1.0 0.657031 0.702083 0.095312 0.229167
0 1.0 0.673438 0.708333 0.300000 0.137500
0 1.0 0.705469 0.692708 0.242188 0.281250
0 1.0 0.714063 0.704167 0.096875 0.212500
0 1.0 0.770312 0.693750 0.125000 0.254167
0 1.0 0.613281 0.714583 0.089063 0.108333
0 1.0 0.617188 0.709375 0.093750 0.227083
0 1.0 0.434375 0.711458 0.109375 0.118750
0 1.0 0.409375 0.708333 0.340625 0.137500
0 1.0 0.450000 0.706250 0.200000 0.254167
0 1.0 0.492969 0.716667 0.082812 0.104167
0 1.0 0.527344 0.712500 0.135937 0.129167
0 1.0 0.243750 0.722917 0.168750 0.304167
0 1.0 0.210938 0.709375 0.284375 0.152083
0 1.0 0.278906 0.715625 0.110937 0.135417
0 1.0 0.325781 0.707292 0.185938 0.235417
0 1.0 0.935156 0.661458 0.129688 0.143750
0 1.0 0.965625 0.660417 0.065625 0.216667
0 1.0 0.064062 0.720833 0.043750 0.079167
0 1.0 0.057031 0.713542 0.114062 0.097917
0 1.0 0.137500 0.719792 0.087500 0.118750
0 1.0 0.125000 0.711458 0.237500 0.131250
0 1.0 0.824219 0.662500 0.054688 0.079167
0 1.0 0.786719 0.660417 0.070312 0.075000
0 1.0 0.901563 0.627083 0.196875 0.341667
0 1.0 0.732812 0.659375 0.193750 0.147917
0 1.0 0.584375 0.662500 0.087500 0.112500
0 1.0 0.549219 0.661458 0.139063 0.297917
0 1.0 0.570312 0.659375 0.190625 0.114583
0 1.0 0.607812 0.642708 0.200000 0.285417
0 1.0 0.398438 0.654167 0.143750 0.316667
0 1.0 0.482031 0.656250 0.104688 0.125000
0 1.0 0.500781 0.659375 0.154688 0.222917
0 1.0 0.268750 0.667708 0.100000 0.127083
0 1.0 0.282031 0.654167 0.170313 0.325000
0 1.0 0.238281 0.660417 0.273438 0.141667
0 1.0 0.439844 0.658333 0.110937 0.129167
0 1.0 0.128125 0.682292 0.153125 0.302083
0 1.0 0.130469 0.661458 0.245312 0.127083
0 1.0 0.182812 0.675000 0.146875 0.208333
0 1.0 0.942187 0.604167 0.115625 0.100000
0 1.0 0.066406 0.675000 0.032813 0.058333
0 1.0 0.042969 0.680208 0.085938 0.231250
0 1.0 0.050781 0.663542 0.101562 0.077083
0 1.0 0.128906 0.669792 0.079687 0.102083
0 1.0 0.818750 0.563542 0.109375 0.339583
0 1.0 0.824219 0.610417 0.042188 0.075000
0 1.0 0.859375 0.589583 0.096875 0.254167
0 1.0 0.780469 0.608333 0.079687 0.083333
0 1.0 0.889844 0.604167 0.157812 0.145833
0 1.0 0.740625 0.603125 0.159375 0.135417
0 1.0 0.721875 0.604167 0.096875 0.245833
0 1.0 0.771875 0.591667 0.125000 0.262500
0 1.0 0.810156 0.608333 0.210938 0.166667
0 1.0 0.567969 0.596875 0.220312 0.106250
0 1.0 0.675000 0.597917 0.187500 0.133333
0 1.0 0.654687 0.616667 0.109375 0.229167
0 1.0 0.448437 0.601042 0.196875 0.247917
0 1.0 0.466406 0.608333 0.132812 0.125000
0 1.0 0.585156 0.598958 0.107813 0.093750
0 1.0 0.283594 0.597917 0.076563 0.095833
0 1.0 0.251563 0.595833 0.228125 0.116667
0 1.0 0.331250 0.595833 0.243750 0.158333
0 1.0 0.327344 0.602083 0.154688 0.304167
0 1.0 0.121094 0.604167 0.232813 0.116667
0 1.0 0.967187 0.585417 0.056250 0.175000
0 1.0 0.052344 0.606250 0.104688 0.187500
0 1.0 0.060937 0.610417 0.031250 0.050000
0 1.0 0.050781 0.606250 0.101562 0.075000
0 1.0 0.129688 0.608333 0.059375 0.079167
0 1.0 0.071875 0.604167 0.128125 0.308333
0 1.0 0.839844 0.555208 0.085938 0.118750
0 1.0 0.892969 0.551042 0.214062 0.135417
0 1.0 0.945312 0.550000 0.109375 0.112500
0 1.0 0.614062 0.541667 0.240625 0.175000
0 1.0 0.433594 0.546875 0.310937 0.143750
0 1.0 0.493750 0.556250 0.131250 0.258333
0 1.0 0.559375 0.554167 0.162500 0.262500
0 1.0 0.287500 0.543750 0.187500 0.291667
0 1.0 0.260156 0.542708 0.279687 0.143750
0 1.0 0.407031 0.543750 0.160938 0.304167
0 1.0 0.121094 0.547917 0.139063 0.333333
0 1.0 0.192188 0.541667 0.153125 0.200000
0 1.0 0.041406 0.556250 0.054688 0.079167
0 1.0 0.052344 0.551042 0.104688 0.093750
0 1.0 0.110937 0.555208 0.153125 0.152083
0 1.0 0.814063 0.496875 0.115625 0.097917
0 1.0 0.914062 0.508333 0.153125 0.320833
0 1.0 0.891406 0.496875 0.217188 0.139583
0 1.0 0.718750 0.492708 0.128125 0.347917
0 1.0 0.775000 0.506250 0.193750 0.283333
0 1.0 0.768750 0.497917 0.293750 0.137500
0 1.0 0.857031 0.506250 0.167187 0.270833
0 1.0 0.657031 0.498958 0.132812 0.227083
0 1.0 0.449219 0.493750 0.170313 0.291667
0 1.0 0.491406 0.505208 0.276562 0.156250
0 1.0 0.335156 0.496875 0.304688 0.147917
0 1.0 0.239844 0.493750 0.160938 0.250000
0 1.0 0.044531 0.501042 0.089063 0.277083
0 1.0 0.049219 0.495833 0.098437 0.091667
0 1.0 0.103906 0.498958 0.176563 0.164583
0 1.0 0.946875 0.460417 0.106250 0.158333
0 1.0 0.967969 0.447917 0.064062 0.083333
0 1.0 0.964844 0.492708 0.045312 0.114583
0 1.0 0.765625 0.446875 0.250000 0.122917
0 1.0 0.859375 0.477083 0.075000 0.204167
0 1.0 0.852344 0.447917 0.045312 0.058333
0 1.0 0.610938 0.438542 0.153125 0.247917
0 1.0 0.620313 0.454167 0.278125 0.129167
0 1.0 0.657031 0.422917 0.276562 0.312500
0 1.0 0.446094 0.425000 0.110937 0.283333
0 1.0 0.497656 0.446875 0.160938 0.214583
0 1.0 0.505469 0.445833 0.235937 0.104167
0 1.0 0.553125 0.435417 0.100000 0.204167
0 1.0 0.290625 0.442708 0.228125 0.147917
0 1.0 0.332031 0.435417 0.164062 0.287500
0 1.0 0.307031 0.445833 0.073438 0.079167
0 1.0 0.381250 0.440625 0.240625 0.152083
0 1.0 0.398438 0.426042 0.143750 0.310417
0 1.0 0.471094 0.444792 0.098437 0.081250
0 1.0 0.185156 0.448958 0.154688 0.268750
0 1.0 0.217188 0.448958 0.109375 0.093750
0 1.0 0.267188 0.446875 0.078125 0.077083
0 1.0 0.106250 0.437500 0.181250 0.158333
0 1.0 0.072656 0.440625 0.129688 0.327083
0 1.0 0.131250 0.441667 0.090625 0.083333
0 1.0 0.167969 0.442708 0.110937 0.093750
0 1.0 0.900781 0.377083 0.198437 0.362500
0 1.0 0.897656 0.397917 0.204687 0.154167
0 1.0 0.939063 0.395833 0.121875 0.104167
0 1.0 0.039062 0.443750 0.078125 0.091667
0 1.0 0.060156 0.445833 0.039062 0.054167
0 1.0 0.768750 0.383333 0.168750 0.400000
0 1.0 0.765625 0.389583 0.300000 0.133333
0 1.0 0.807813 0.386458 0.159375 0.260417
0 1.0 0.658594 0.388542 0.110937 0.277083
0 1.0 0.496875 0.365625 0.234375 0.322917
0 1.0 0.514844 0.391667 0.270313 0.120833
0 1.0 0.566406 0.380208 0.189062 0.235417
0 1.0 0.628906 0.390625 0.220312 0.127083
0 1.0 0.347656 0.393750 0.295312 0.137500
0 1.0 0.232031 0.396875 0.173437 0.214583
0 1.0 0.292969 0.403125 0.142187 0.185417
0 1.0 0.117188 0.386458 0.234375 0.131250
0 1.0 0.120313 0.403125 0.146875 0.339583
0 1.0 0.939844 0.339583 0.120313 0.183333
0 1.0 0.964844 0.337500 0.048438 0.125000
0 1.0 0.055469 0.404167 0.110937 0.166667
0 1.0 0.040625 0.394792 0.081250 0.093750
0 1.0 0.842187 0.350000 0.203125 0.150000
0 1.0 0.856250 0.341667 0.081250 0.250000
0 1.0 0.669531 0.338542 0.317188 0.143750
0 1.0 0.724219 0.333333 0.192188 0.258333
0 1.0 0.486719 0.335417 0.245312 0.120833
0 1.0 0.494531 0.328125 0.126562 0.310417
0 1.0 0.562500 0.331250 0.106250 0.245833
0 1.0 0.610156 0.333333 0.114062 0.254167
0 1.0 0.336719 0.334375 0.107813 0.202083
0 1.0 0.392188 0.332292 0.175000 0.210417
0 1.0 0.453906 0.330208 0.148438 0.206250
0 1.0 0.447656 0.284375 0.070312 0.147917
0 1.0 0.231250 0.334375 0.262500 0.172917
0 1.0 0.239844 0.366667 0.082812 0.154167
0 1.0 0.301563 0.347917 0.096875 0.145833
0 1.0 0.347656 0.329167 0.289062 0.133333
0 1.0 0.121875 0.340625 0.190625 0.127083
0 1.0 0.189844 0.368750 0.101562 0.216667
0 1.0 0.922656 0.257292 0.135937 0.422917
0 1.0 0.956250 0.257292 0.081250 0.172917
0 1.0 0.061719 0.343750 0.092188 0.112500
0 1.0 0.027344 0.401042 0.032813 0.089583
0 1.0 0.794531 0.294792 0.210938 0.168750
0 1.0 0.814844 0.281250 0.117188 0.304167
0 1.0 0.861719 0.271875 0.160938 0.243750
0 1.0 0.853125 0.245833 0.068750 0.212500
0 1.0 0.826562 0.291667 0.071875 0.079167
0 1.0 0.877344 0.291667 0.245312 0.129167
0 1.0 0.661719 0.255208 0.073438 0.193750
0 1.0 0.658594 0.263542 0.123438 0.385417
0 1.0 0.724219 0.247917 0.129688 0.279167
0 1.0 0.716406 0.293750 0.279687 0.137500
0 1.0 0.546875 0.291667 0.231250 0.166667
0 1.0 0.606250 0.263542 0.078125 0.197917
0 1.0 0.392969 0.281250 0.120313 0.208333
0 1.0 0.400000 0.291667 0.284375 0.137500
0 1.0 0.481250 0.293750 0.131250 0.112500
0 1.0 0.243750 0.316667 0.056250 0.100000
0 1.0 0.220312 0.286458 0.196875 0.127083
0 1.0 0.306250 0.301042 0.084375 0.131250
0 1.0 0.291406 0.297917 0.135937 0.208333
0 1.0 0.139844 0.309375 0.226562 0.264583
0 1.0 0.133594 0.295833 0.085938 0.137500
0 1.0 0.197656 0.305208 0.089063 0.131250
0 1.0 0.071875 0.294792 0.143750 0.252083
0 1.0 0.094531 0.302083 0.051562 0.062500
0 1.0 0.039062 0.360417 0.043750 0.129167
0 1.0 0.069531 0.323958 0.048438 0.085417
0 1.0 0.800000 0.238542 0.300000 0.135417
0 1.0 0.557813 0.210417 0.143750 0.320833
0 1.0 0.564844 0.239583 0.310937 0.141667
0 1.0 0.670312 0.233333 0.240625 0.166667
0 1.0 0.409375 0.238542 0.300000 0.152083
0 1.0 0.489844 0.246875 0.085938 0.122917
0 1.0 0.236719 0.254167 0.139063 0.275000
0 1.0 0.255469 0.245833 0.082812 0.100000
0 1.0 0.342187 0.247917 0.125000 0.245833
0 1.0 0.427344 0.242708 0.135937 0.143750
0 1.0 0.150000 0.241667 0.284375 0.125000
0 1.0 0.941406 0.180208 0.117188 0.114583
0 1.0 0.052344 0.259375 0.104688 0.139583
0 1.0 0.094531 0.256250 0.048438 0.058333
0 1.0 0.083594 0.247917 0.167187 0.079167
0 1.0 0.035937 0.302083 0.050000 0.162500
0 1.0 0.828906 0.169792 0.245312 0.160417
0 1.0 0.025781 0.052083 0.048438 0.104167
0 1.0 0.110937 0.040625 0.137500 0.081250
0 1.0 0.135156 0.053125 0.057813 0.106250
0 1.0 0.445312 0.821875 0.418750 0.356250
0 1.0 0.853125 0.633333 0.196875 0.620833
0 1.0 0.340625 0.232292 0.462500 0.293750
0 1.0 0.142969 0.196875 0.257812 0.393750
0 1.0 0.075781 0.285417 0.151562 0.570833