0 1.0 0.540541 0.505000 0.792793 0.750000
0 1.0 0.175676 0.530000 0.261261 0.140000
0 1.0 0.126126 0.654000 0.090090 0.076000
0 1.0 0.073574 0.629000 0.141141 0.278000
0 1.0 0.343844 0.664000 0.165165 0.352000
0 1.0 0.322823 0.666000 0.159159 0.132000
0 1.0 0.289790 0.653000 0.135135 0.334000
0 1.0 0.043544 0.653000 0.057057 0.062000
0 1.0 0.048048 0.648000 0.096096 0.168000
0 1.0 0.963964 0.630000 0.054054 0.136000
0 1.0 0.944444 0.599000 0.111111 0.082000
0 1.0 0.234234 0.639000 0.144144 0.322000
0 1.0 0.207207 0.651000 0.312312 0.146000
0 1.0 0.207207 0.642000 0.324324 0.348000
0 1.0 0.503003 0.692000 0.285285 0.348000
0 1.0 0.139640 0.630000 0.207207 0.240000
0 1.0 0.159159 0.649000 0.132132 0.102000
0 1.0 0.924925 0.602000 0.150150 0.256000
0 1.0 0.457958 0.658000 0.219219 0.112000
0 1.0 0.806306 0.597000 0.231231 0.178000
0 1.0 0.707207 0.605000 0.141141 0.242000
0 1.0 0.702703 0.609000 0.342342 0.242000
0 1.0 0.656156 0.607000 0.129129 0.254000
0 1.0 0.879880 0.602000 0.240240 0.108000
0 1.0 0.873874 0.596000 0.126126 0.184000
0 1.0 0.828829 0.601000 0.108108 0.078000
0 1.0 0.048048 0.709000 0.096096 0.074000
0 1.0 0.591592 0.662000 0.180180 0.332000
0 1.0 0.183183 0.720000 0.210210 0.136000
0 1.0 0.828829 0.663000 0.144144 0.106000
0 1.0 0.809309 0.651000 0.129129 0.246000
0 1.0 0.782282 0.650000 0.339339 0.144000
0 1.0 0.758258 0.654000 0.147147 0.268000
0 1.0 0.397898 0.678000 0.201201 0.272000
0 1.0 0.606607 0.650000 0.324324 0.148000
0 1.0 0.262763 0.673000 0.069069 0.078000
0 1.0 0.776276 0.546000 0.345345 0.124000
0 1.0 0.818318 0.554000 0.129129 0.164000
0 1.0 0.090090 0.548000 0.126126 0.136000
0 1.0 0.157658 0.580000 0.099099 0.076000
0 1.0 0.947447 0.550000 0.105105 0.092000
0 1.0 0.181682 0.573000 0.159159 0.194000
0 1.0 0.789790 0.552000 0.138138 0.084000
0 1.0 0.836336 0.526000 0.291291 0.260000
0 1.0 0.758258 0.557000 0.171171 0.202000
0 1.0 0.496997 0.534000 0.171171 0.168000
0 1.0 0.441441 0.577000 0.108108 0.206000
0 1.0 0.393393 0.567000 0.138138 0.274000
0 1.0 0.393393 0.541000 0.336336 0.154000
0 1.0 0.660661 0.548000 0.282282 0.144000
0 1.0 0.429429 0.557000 0.348348 0.330000
0 1.0 0.884384 0.551000 0.231231 0.118000
0 1.0 0.603604 0.559000 0.138138 0.178000
0 1.0 0.555556 0.595000 0.132132 0.270000
0 1.0 0.570571 0.542000 0.204204 0.100000
0 1.0 0.465465 0.597000 0.168168 0.102000
0 1.0 0.411411 0.602000 0.294294 0.132000
0 1.0 0.962462 0.583000 0.051051 0.114000
0 1.0 0.618619 0.596000 0.312312 0.128000
0 1.0 0.501502 0.626000 0.138138 0.328000
0 1.0 0.307808 0.595000 0.111111 0.090000
0 1.0 0.090090 0.589000 0.078078 0.058000
0 1.0 0.040541 0.586000 0.081081 0.200000
0 1.0 0.147147 0.592000 0.228228 0.092000
0 1.0 0.229730 0.590000 0.057057 0.052000
0 1.0 0.285285 0.579000 0.150150 0.154000
0 1.0 0.198198 0.577000 0.342342 0.142000
0 1.0 0.965465 0.800000 0.057057 0.144000
0 1.0 0.939940 0.764000 0.120120 0.092000
0 1.0 0.707207 0.751000 0.207207 0.214000
0 1.0 0.644144 0.771000 0.219219 0.158000
0 1.0 0.965465 0.685000 0.051051 0.138000
0 1.0 0.572072 0.762000 0.231231 0.204000
0 1.0 0.878378 0.758000 0.141141 0.288000
0 1.0 0.836336 0.777000 0.069069 0.074000
0 1.0 0.788288 0.768000 0.105105 0.080000
0 1.0 0.124625 0.799000 0.141141 0.354000
0 1.0 0.145646 0.818000 0.291291 0.128000
0 1.0 0.779279 0.764000 0.321321 0.136000
0 1.0 0.812312 0.752000 0.141141 0.268000
0 1.0 0.051051 0.824000 0.102102 0.160000
0 1.0 0.798799 0.755000 0.312312 0.306000
0 1.0 0.072072 0.812000 0.144144 0.280000
0 1.0 0.441441 0.781000 0.078078 0.094000
0 1.0 0.337838 0.774000 0.207207 0.124000
0 1.0 0.354354 0.783000 0.102102 0.110000
0 1.0 0.235736 0.770000 0.339339 0.136000
0 1.0 0.495495 0.743000 0.174174 0.278000
0 1.0 0.480480 0.767000 0.330330 0.166000
0 1.0 0.346847 0.799000 0.141141 0.218000
0 1.0 0.372372 0.824000 0.240240 0.108000
0 1.0 0.387387 0.827000 0.108108 0.086000
0 1.0 0.291291 0.825000 0.102102 0.178000
0 1.0 0.237237 0.802000 0.150150 0.232000
0 1.0 0.268769 0.825000 0.129129 0.094000
0 1.0 0.516517 0.806000 0.210210 0.132000
0 1.0 0.438438 0.774000 0.156156 0.240000
0 1.0 0.478979 0.817000 0.111111 0.090000
0 1.0 0.654655 0.787000 0.126126 0.230000
0 1.0 0.430931 0.822000 0.099099 0.084000
0 1.0 0.055556 0.818000 0.111111 0.076000
0 1.0 0.355856 0.835000 0.051051 0.050000
0 1.0 0.888889 0.766000 0.222222 0.120000
0 1.0 0.181682 0.793000 0.141141 0.342000
0 1.0 0.184685 0.799000 0.303303 0.286000
0 1.0 0.105105 0.823000 0.138138 0.110000
0 1.0 0.415916 0.711000 0.321321 0.138000
0 1.0 0.444444 0.728000 0.108108 0.112000
0 1.0 0.324324 0.714000 0.108108 0.096000
0 1.0 0.285285 0.729000 0.054054 0.070000
0 1.0 0.531532 0.709000 0.294294 0.166000
0 1.0 0.693694 0.705000 0.336336 0.142000
0 1.0 0.108108 0.717000 0.102102 0.094000
0 1.0 0.108108 0.708000 0.216216 0.348000
0 1.0 0.939940 0.654000 0.120120 0.092000
0 1.0 0.108108 0.713000 0.216216 0.106000
0 1.0 0.055556 0.764000 0.111111 0.076000
0 1.0 0.300300 0.760000 0.144144 0.244000
0 1.0 0.318318 0.785000 0.048048 0.062000
0 1.0 0.849850 0.714000 0.078078 0.072000
0 1.0 0.939940 0.706000 0.120120 0.092000
0 1.0 0.959459 0.730000 0.081081 0.160000
0 1.0 0.918919 0.713000 0.132132 0.346000
0 1.0 0.866366 0.703000 0.267267 0.126000
0 1.0 0.298799 0.746000 0.285285 0.296000
0 1.0 0.258258 0.776000 0.162162 0.124000
0 1.0 0.100601 0.770000 0.123123 0.100000
0 1.0 0.481982 0.768000 0.129129 0.132000
0 1.0 0.800300 0.710000 0.111111 0.080000
0 1.0 0.926426 0.358000 0.147147 0.280000
0 1.0 0.944444 0.357000 0.111111 0.146000
0 1.0 0.882883 0.344000 0.234234 0.120000
0 1.0 0.283784 0.511000 0.135135 0.158000
0 1.0 0.827327 0.348000 0.177177 0.092000
0 1.0 0.130631 0.497000 0.087087 0.078000
0 1.0 0.812312 0.379000 0.075075 0.110000
0 1.0 0.872372 0.385000 0.105105 0.178000
0 1.0 0.154655 0.410000 0.291291 0.284000
0 1.0 0.139640 0.437000 0.195195 0.118000
0 1.0 0.082583 0.503000 0.069069 0.070000
0 1.0 0.147147 0.403000 0.120120 0.050000
0 1.0 0.091592 0.496000 0.045045 0.040000
0 1.0 0.094595 0.441000 0.117117 0.082000
0 1.0 0.070571 0.408000 0.093093 0.040000
0 1.0 0.045045 0.483000 0.042042 0.042000
0 1.0 0.295796 0.470000 0.081081 0.076000
0 1.0 0.051051 0.443000 0.060060 0.054000
0 1.0 0.962462 0.388000 0.045045 0.104000
0 1.0 0.036036 0.503000 0.042042 0.062000
0 1.0 0.663664 0.362000 0.216216 0.180000
0 1.0 0.600601 0.366000 0.096096 0.168000
0 1.0 0.555556 0.356000 0.078078 0.148000
0 1.0 0.561562 0.352000 0.180180 0.120000
0 1.0 0.534535 0.313000 0.276276 0.322000
0 1.0 0.490991 0.357000 0.099099 0.182000
0 1.0 0.489489 0.344000 0.180180 0.100000
0 1.0 0.797297 0.362000 0.285285 0.256000
0 1.0 0.764264 0.397000 0.081081 0.114000
0 1.0 0.758258 0.342000 0.339339 0.116000
0 1.0 0.717718 0.390000 0.090090 0.104000
0 1.0 0.657658 0.370000 0.090090 0.136000
0 1.0 0.078078 0.398000 0.156156 0.248000
0 1.0 0.623123 0.415000 0.177177 0.166000
0 1.0 0.863363 0.412000 0.201201 0.196000
0 1.0 0.816817 0.443000 0.120120 0.198000
0 1.0 0.560060 0.419000 0.129129 0.166000
0 1.0 0.489489 0.402000 0.162162 0.080000
0 1.0 0.498498 0.417000 0.114114 0.154000
0 1.0 0.430931 0.400000 0.093093 0.172000
0 1.0 0.711712 0.441000 0.120120 0.174000
0 1.0 0.960961 0.462000 0.060060 0.152000
0 1.0 0.713213 0.409000 0.231231 0.186000
0 1.0 0.644144 0.396000 0.159159 0.092000
0 1.0 0.608108 0.439000 0.099099 0.126000
0 1.0 0.288288 0.403000 0.276276 0.270000
0 1.0 0.315315 0.435000 0.114114 0.102000
0 1.0 0.223724 0.494000 0.081081 0.084000
0 1.0 0.247748 0.405000 0.297297 0.102000
0 1.0 0.229730 0.486000 0.057057 0.052000
0 1.0 0.240240 0.433000 0.150150 0.098000
0 1.0 0.187688 0.473000 0.093093 0.070000
0 1.0 0.429429 0.375000 0.294294 0.318000
0 1.0 0.169670 0.404000 0.195195 0.072000
0 1.0 0.141141 0.491000 0.060060 0.046000
0 1.0 0.393393 0.397000 0.102102 0.186000
0 1.0 0.414414 0.405000 0.222222 0.102000
0 1.0 0.348348 0.424000 0.156156 0.176000
0 1.0 0.669670 0.289000 0.198198 0.082000
0 1.0 0.663664 0.283000 0.066066 0.078000
0 1.0 0.663664 0.284000 0.282282 0.284000
0 1.0 0.594595 0.289000 0.102102 0.174000
0 1.0 0.603604 0.287000 0.150150 0.074000
0 1.0 0.554054 0.282000 0.129129 0.240000
0 1.0 0.546547 0.282000 0.138138 0.084000
0 1.0 0.596096 0.287000 0.237237 0.118000
0 1.0 0.812312 0.335000 0.087087 0.142000
0 1.0 0.827327 0.289000 0.171171 0.086000
0 1.0 0.819820 0.316000 0.048048 0.060000
0 1.0 0.770270 0.329000 0.069069 0.106000
0 1.0 0.656156 0.295000 0.093093 0.138000
0 1.0 0.764264 0.293000 0.273273 0.122000
0 1.0 0.774775 0.308000 0.132132 0.112000
0 1.0 0.713213 0.310000 0.087087 0.132000
0 1.0 0.723724 0.301000 0.048048 0.066000
0 1.0 0.780781 0.319000 0.042042 0.050000
0 1.0 0.072072 0.074000 0.144144 0.148000
0 1.0 0.277778 0.435000 0.549550 0.870000
0 1.0 0.522523 0.738000 0.954955 0.480000
0 1.0 0.492492 0.276000 0.150150 0.264000
0 1.0 0.513514 0.285000 0.972973 0.506000
0 1.0 0.187688 0.059000 0.075075 0.118000
0 1.0 0.136637 0.042000 0.201201 0.084000
0 1.0 0.136637 0.087000 0.243243 0.174000
0 1.0 0.043544 0.034000 0.087087 0.068000
0 1.0 0.078078 0.060000 0.072072 0.120000
0 1.0 0.115616 0.027000 0.099099 0.054000
0 1.0 0.022523 0.053000 0.045045 0.094000
0 1.0 0.295796 0.435000 0.045045 0.062000
0 1.0 0.312312 0.348000 0.228228 0.088000
0 1.0 0.298799 0.410000 0.069069 0.068000
0 1.0 0.321321 0.379000 0.066066 0.070000
0 1.0 0.229730 0.438000 0.069069 0.084000
0 1.0 0.872372 0.293000 0.189189 0.170000
0 1.0 0.240240 0.346000 0.282282 0.132000
0 1.0 0.238739 0.374000 0.135135 0.100000
0 1.0 0.187688 0.450000 0.057057 0.064000
0 1.0 0.186186 0.422000 0.090090 0.068000
0 1.0 0.429429 0.320000 0.060060 0.096000
0 1.0 0.420420 0.334000 0.138138 0.184000
0 1.0 0.457958 0.351000 0.099099 0.142000
0 1.0 0.351351 0.372000 0.102102 0.124000
0 1.0 0.406907 0.353000 0.279279 0.122000
0 1.0 0.349850 0.410000 0.063063 0.096000
0 1.0 0.966967 0.329000 0.054054 0.138000
0 1.0 0.953453 0.288000 0.093093 0.088000
0 1.0 0.872372 0.314000 0.093093 0.168000
0 1.0 0.837838 0.292000 0.084084 0.060000
0 1.0 0.878378 0.294000 0.051051 0.072000
0 1.0 0.193694 0.381000 0.099099 0.086000
0 1.0 0.133634 0.445000 0.057057 0.066000
0 1.0 0.142643 0.428000 0.051051 0.048000
0 1.0 0.142643 0.373000 0.159159 0.110000
0 1.0 0.085586 0.448000 0.045045 0.064000
0 1.0 0.052553 0.374000 0.063063 0.068000
0 1.0 0.093093 0.431000 0.036036 0.042000
0 1.0 0.025526 0.423000 0.027027 0.050000
0 1.0 0.081081 0.345000 0.102102 0.050000
0 1.0 0.027027 0.410000 0.042042 0.060000
0 1.0 0.052553 0.351000 0.105105 0.070000
0 1.0 0.130631 0.342000 0.189189 0.072000
0 1.0 0.484985 0.486000 0.333333 0.152000
0 1.0 0.435435 0.507000 0.156156 0.194000
0 1.0 0.708709 0.501000 0.306306 0.242000
0 1.0 0.701201 0.510000 0.207207 0.148000
0 1.0 0.927928 0.488000 0.144144 0.256000
0 1.0 0.891892 0.504000 0.216216 0.128000
0 1.0 0.618619 0.499000 0.210210 0.102000
0 1.0 0.133634 0.543000 0.111111 0.146000
0 1.0 0.382883 0.474000 0.231231 0.180000
0 1.0 0.336336 0.496000 0.102102 0.180000
0 1.0 0.256757 0.499000 0.303303 0.138000
0 1.0 0.225225 0.536000 0.132132 0.192000
0 1.0 0.091592 0.549000 0.183183 0.222000
0 1.0 0.959459 0.537000 0.045045 0.102000
0 1.0 0.945946 0.500000 0.108108 0.100000
0 1.0 0.812312 0.508000 0.177177 0.120000
0 1.0 0.869369 0.496000 0.135135 0.228000
0 1.0 0.187688 0.534000 0.075075 0.088000
0 1.0 0.220721 0.473000 0.207207 0.094000
0 1.0 0.085586 0.540000 0.069069 0.084000
0 1.0 0.288288 0.528000 0.066066 0.092000
0 1.0 0.560060 0.484000 0.129129 0.132000
0 1.0 0.569069 0.450000 0.219219 0.112000
0 1.0 0.797297 0.398000 0.195195 0.108000
0 1.0 0.762763 0.443000 0.120120 0.178000
0 1.0 0.136637 0.477000 0.165165 0.070000
0 1.0 0.033033 0.528000 0.036036 0.056000
0 1.0 0.114114 0.469000 0.024024 0.026000
0 1.0 0.073574 0.475000 0.081081 0.042000
0 1.0 0.231231 0.527000 0.066066 0.090000
0 1.0 0.945946 0.417000 0.108108 0.158000
0 1.0 0.813814 0.446000 0.054054 0.056000
0 1.0 0.812312 0.451000 0.201201 0.114000
0 1.0 0.027027 0.555000 0.054054 0.106000
0 1.0 0.061562 0.522000 0.075075 0.084000
0 1.0 0.960961 0.446000 0.078078 0.076000
0 1.0 0.496997 0.497000 0.093093 0.138000
0 1.0 0.487988 0.440000 0.129129 0.072000
0 1.0 0.506006 0.468000 0.153153 0.136000
0 1.0 0.433934 0.446000 0.069069 0.124000
0 1.0 0.486486 0.439000 0.060060 0.066000
0 1.0 0.421922 0.441000 0.141141 0.174000
0 1.0 0.671171 0.451000 0.171171 0.094000
0 1.0 0.656156 0.485000 0.111111 0.110000
0 1.0 0.576577 0.448000 0.108108 0.068000
0 1.0 0.603604 0.500000 0.096096 0.124000
0 1.0 0.645646 0.450000 0.096096 0.068000
0 1.0 0.623123 0.439000 0.267267 0.246000
0 1.0 0.510511 0.146000 0.282282 0.116000
0 1.0 0.500000 0.174000 0.189189 0.208000
0 1.0 0.438438 0.178000 0.096096 0.188000
0 1.0 0.396396 0.174000 0.090090 0.212000
0 1.0 0.659159 0.140000 0.123123 0.216000
0 1.0 0.653153 0.132000 0.255255 0.164000
0 1.0 0.426426 0.133000 0.198198 0.114000
0 1.0 0.704204 0.642000 0.465465 0.420000
0 1.0 0.415916 0.150000 0.279279 0.252000
0 1.0 0.348348 0.159000 0.102102 0.254000
0 1.0 0.373874 0.131000 0.153153 0.086000
0 1.0 0.381381 0.595000 0.558559 0.510000
0 1.0 0.716216 0.130000 0.249249 0.260000
0 1.0 0.909910 0.121000 0.180180 0.222000
0 1.0 0.854354 0.121000 0.171171 0.114000
0 1.0 0.812312 0.146000 0.129129 0.288000
0 1.0 0.602102 0.162000 0.093093 0.236000
0 1.0 0.585586 0.147000 0.270270 0.234000
0 1.0 0.711712 0.133000 0.120120 0.206000
0 1.0 0.774775 0.121000 0.288288 0.138000
0 1.0 0.854354 0.078000 0.189189 0.120000
0 1.0 0.031532 0.156000 0.063063 0.228000
0 1.0 0.055556 0.125000 0.111111 0.078000
0 1.0 0.291291 0.159000 0.102102 0.226000
0 1.0 0.253754 0.134000 0.201201 0.096000
0 1.0 0.277778 0.141000 0.081081 0.078000
0 1.0 0.283784 0.147000 0.237237 0.266000
0 1.0 0.968468 0.113000 0.057057 0.146000
0 1.0 0.939940 0.074000 0.120120 0.100000
0 1.0 0.181682 0.149000 0.111111 0.246000
0 1.0 0.126126 0.150000 0.138138 0.284000
0 1.0 0.343844 0.458000 0.519520 0.208000
0 1.0 0.632132 0.449000 0.621622 0.222000
0 1.0 0.237237 0.351000 0.474474 0.266000
0 1.0 0.854354 0.181000 0.165165 0.102000
0 1.0 0.822823 0.179000 0.288288 0.142000
0 1.0 0.815315 0.164000 0.255255 0.312000
0 1.0 0.725225 0.353000 0.411411 0.442000
0 1.0 0.768769 0.168000 0.126126 0.244000
0 1.0 0.073574 0.184000 0.123123 0.300000
0 1.0 0.115616 0.180000 0.213213 0.112000
0 1.0 0.054054 0.180000 0.108108 0.076000
0 1.0 0.935435 0.125000 0.129129 0.102000
0 1.0 0.343844 0.181000 0.255255 0.182000
0 1.0 0.235736 0.193000 0.129129 0.290000
0 1.0 0.231231 0.180000 0.300300 0.144000
0 1.0 0.375375 0.182000 0.156156 0.116000
0 1.0 0.181682 0.180000 0.081081 0.120000
0 1.0 0.660661 0.056000 0.144144 0.112000
0 1.0 0.599099 0.079000 0.063063 0.102000
0 1.0 0.618619 0.029000 0.120120 0.058000
0 1.0 0.606607 0.041000 0.192192 0.082000
0 1.0 0.764264 0.060000 0.093093 0.120000
0 1.0 0.765766 0.030000 0.162162 0.060000
0 1.0 0.710210 0.058000 0.081081 0.116000
0 1.0 0.641141 0.878000 0.717718 0.244000
0 1.0 0.364865 0.876000 0.729730 0.248000
0 1.0 0.566066 0.069000 0.075075 0.078000
0 1.0 0.551051 0.085000 0.261261 0.170000
0 1.0 0.657658 0.059000 0.060060 0.094000
0 1.0 0.498498 0.053000 0.072072 0.086000
0 1.0 0.150150 0.505000 0.300300 0.622000
0 1.0 0.214715 0.496000 0.429429 0.344000
0 1.0 0.914414 0.041000 0.171171 0.082000
0 1.0 0.815315 0.064000 0.087087 0.128000
0 1.0 0.237237 0.063000 0.084084 0.126000
0 1.0 0.244745 0.030000 0.159159 0.060000
0 1.0 0.228228 0.081000 0.258258 0.162000
0 1.0 0.235736 0.755000 0.471471 0.490000
0 1.0 0.396396 0.066000 0.078078 0.120000
0 1.0 0.154655 0.030000 0.123123 0.060000
0 1.0 0.130631 0.058000 0.075075 0.116000
0 1.0 0.297297 0.054000 0.120120 0.108000
0 1.0 0.445946 0.053000 0.051051 0.066000
0 1.0 0.501502 0.029000 0.078078 0.050000
0 1.0 0.481982 0.038000 0.141141 0.076000
0 1.0 0.462462 0.075000 0.246246 0.150000
0 1.0 0.427928 0.030000 0.165165 0.060000
0 1.0 0.291291 0.193000 0.582583 0.386000
0 1.0 0.343844 0.054000 0.057057 0.100000
0 1.0 0.346847 0.028000 0.069069 0.052000
0 1.0 0.292793 0.059000 0.057057 0.102000
0 1.0 0.346847 0.075000 0.243243 0.150000
0 1.0 0.519520 0.088000 0.216216 0.096000
0 1.0 0.492492 0.088000 0.120120 0.064000
0 1.0 0.424925 0.080000 0.255255 0.084000
0 1.0 0.222222 0.924000 0.444444 0.152000
0 1.0 0.432432 0.087000 0.120120 0.070000
0 1.0 0.262763 0.082000 0.231231 0.092000
0 1.0 0.285285 0.090000 0.090090 0.072000
0 1.0 0.650150 0.078000 0.267267 0.120000
0 1.0 0.557057 0.125000 0.117117 0.194000
0 1.0 0.492492 0.112000 0.126126 0.180000
0 1.0 0.644144 0.125000 0.711712 0.250000
0 1.0 0.960961 0.056000 0.060060 0.084000
0 1.0 0.948949 0.031000 0.102102 0.062000
0 1.0 0.830330 0.923000 0.339339 0.154000
0 1.0 0.875375 0.061000 0.081081 0.122000
0 1.0 0.869369 0.028000 0.099099 0.056000
0 1.0 0.187688 0.309000 0.375375 0.546000
0 1.0 0.052553 0.078000 0.105105 0.080000
0 1.0 0.289790 0.905000 0.081081 0.154000
0 1.0 0.319820 0.908000 0.213213 0.080000
0 1.0 0.546547 0.898000 0.288288 0.204000
0 1.0 0.510511 0.903000 0.360360 0.102000
0 1.0 0.503003 0.892000 0.087087 0.108000
0 1.0 0.238739 0.913000 0.177177 0.158000
0 1.0 0.184685 0.915000 0.099099 0.170000
0 1.0 0.445946 0.898000 0.093093 0.144000
0 1.0 0.393393 0.886000 0.120120 0.188000
0 1.0 0.656156 0.892000 0.105105 0.200000
0 1.0 0.644144 0.912000 0.333333 0.104000
0 1.0 0.342342 0.882000 0.108108 0.120000
0 1.0 0.352853 0.896000 0.261261 0.208000
0 1.0 0.938438 0.867000 0.123123 0.094000
0 1.0 0.888889 0.873000 0.222222 0.118000
0 1.0 0.890390 0.855000 0.219219 0.270000
0 1.0 0.878378 0.843000 0.069069 0.118000
0 1.0 0.825826 0.873000 0.090090 0.066000
0 1.0 0.861862 0.881000 0.084084 0.070000
0 1.0 0.130631 0.907000 0.111111 0.186000
0 1.0 0.963964 0.877000 0.030030 0.058000
0 1.0 0.105105 0.918000 0.210210 0.136000
0 1.0 0.028529 0.932000 0.057057 0.136000
0 1.0 0.057057 0.920000 0.114114 0.080000
0 1.0 0.240240 0.947000 0.102102 0.106000
0 1.0 0.921922 0.918000 0.150150 0.164000
0 1.0 0.837838 0.920000 0.180180 0.092000
0 1.0 0.815315 0.898000 0.111111 0.204000
0 1.0 0.870871 0.900000 0.120120 0.200000
0 1.0 0.145646 0.952000 0.195195 0.096000
0 1.0 0.402402 0.947000 0.150150 0.106000
0 1.0 0.342342 0.936000 0.072072 0.128000
0 1.0 0.363363 0.957000 0.072072 0.050000
0 1.0 0.049550 0.964000 0.081081 0.056000
0 1.0 0.963964 0.943000 0.054054 0.114000
0 1.0 0.608108 0.886000 0.111111 0.188000
0 1.0 0.551051 0.889000 0.075075 0.130000
0 1.0 0.133634 0.963000 0.093093 0.062000
0 1.0 0.759760 0.897000 0.108108 0.206000
0 1.0 0.079580 0.943000 0.111111 0.114000
0 1.0 0.719219 0.910000 0.087087 0.152000
0 1.0 0.708709 0.895000 0.288288 0.210000
0 1.0 0.291291 0.849000 0.276276 0.214000
0 1.0 0.307808 0.873000 0.093093 0.082000
0 1.0 0.238739 0.861000 0.063063 0.110000
0 1.0 0.262763 0.871000 0.213213 0.078000
0 1.0 0.873874 0.819000 0.252252 0.130000
0 1.0 0.798799 0.822000 0.114114 0.076000
0 1.0 0.192192 0.871000 0.138138 0.126000
0 1.0 0.129129 0.833000 0.066066 0.122000
0 1.0 0.420420 0.867000 0.300300 0.078000
0 1.0 0.048048 0.873000 0.066066 0.070000
0 1.0 0.105105 0.869000 0.210210 0.098000
0 1.0 0.025526 0.871000 0.045045 0.106000
0 1.0 0.444444 0.869000 0.084084 0.054000
0 1.0 0.945946 0.822000 0.108108 0.116000
0 1.0 0.638138 0.809000 0.315315 0.114000
0 1.0 0.842342 0.829000 0.069069 0.070000
0 1.0 0.076577 0.840000 0.069069 0.136000
0 1.0 0.759760 0.786000 0.138138 0.240000
0 1.0 0.966967 0.862000 0.066066 0.172000
0 1.0 0.645646 0.859000 0.210210 0.094000
0 1.0 0.612613 0.792000 0.066066 0.088000
0 1.0 0.192192 0.844000 0.078078 0.108000
0 1.0 0.555556 0.805000 0.054054 0.074000
0 1.0 0.533033 0.857000 0.321321 0.086000
0 1.0 0.818318 0.821000 0.063063 0.114000
0 1.0 0.585586 0.833000 0.270270 0.210000
0 1.0 0.818318 0.862000 0.201201 0.180000
0 1.0 0.765766 0.814000 0.048048 0.100000
0 1.0 0.732733 0.865000 0.300300 0.098000
0 1.0 0.717718 0.793000 0.042042 0.070000
0 1.0 0.726727 0.819000 0.036036 0.054000
0 1.0 0.956456 0.890000 0.051051 0.076000
0 1.0 0.403904 0.871000 0.087087 0.058000
0 1.0 0.300300 0.842000 0.042042 0.068000
0 1.0 0.334835 0.876000 0.189189 0.064000
0 1.0 0.363363 0.882000 0.048048 0.040000
0 1.0 0.496997 0.830000 0.057057 0.080000
0 1.0 0.560060 0.860000 0.159159 0.076000
0 1.0 0.662162 0.793000 0.057057 0.086000
0 1.0 0.345345 0.839000 0.060060 0.082000
0 1.0 0.773273 0.246000 0.069069 0.120000
0 1.0 0.767267 0.241000 0.261261 0.150000
0 1.0 0.708709 0.249000 0.102102 0.198000
0 1.0 0.651652 0.242000 0.114114 0.204000
0 1.0 0.211712 0.245000 0.423423 0.230000
0 1.0 0.492492 0.229000 0.270270 0.270000
0 1.0 0.578078 0.223000 0.327327 0.126000
0 1.0 0.929429 0.236000 0.141141 0.144000
0 1.0 0.915916 0.236000 0.132132 0.360000
0 1.0 0.827327 0.077000 0.345345 0.154000
0 1.0 0.873874 0.233000 0.126126 0.306000
0 1.0 0.087087 0.319000 0.030030 0.050000
0 1.0 0.099099 0.291000 0.198198 0.110000
0 1.0 0.836336 0.239000 0.171171 0.102000
0 1.0 0.815315 0.251000 0.105105 0.238000
0 1.0 0.767267 0.251000 0.093093 0.202000
0 1.0 0.343844 0.210000 0.219219 0.420000
0 1.0 0.183183 0.234000 0.246246 0.152000
0 1.0 0.129129 0.248000 0.114114 0.268000
0 1.0 0.259760 0.232000 0.225225 0.120000
0 1.0 0.294294 0.252000 0.132132 0.208000
0 1.0 0.279279 0.237000 0.096096 0.102000
0 1.0 0.783784 0.244000 0.432432 0.216000
0 1.0 0.027027 0.261000 0.054054 0.206000
0 1.0 0.064565 0.233000 0.129129 0.090000
0 1.0 0.181682 0.254000 0.111111 0.184000
0 1.0 0.966967 0.211000 0.066066 0.162000
0 1.0 0.932432 0.181000 0.135135 0.102000
0 1.0 0.408408 0.228000 0.150150 0.200000
0 1.0 0.348348 0.273000 0.090090 0.214000
0 1.0 0.363363 0.227000 0.204204 0.118000
0 1.0 0.606607 0.949000 0.192192 0.102000
0 1.0 0.555556 0.940000 0.078078 0.120000
0 1.0 0.582583 0.955000 0.120120 0.066000
0 1.0 0.103604 0.284000 0.207207 0.276000
0 1.0 0.762763 0.952000 0.072072 0.096000
0 1.0 0.795796 0.963000 0.120120 0.066000
0 1.0 0.510511 0.947000 0.150150 0.106000
0 1.0 0.460961 0.284000 0.141141 0.124000
0 1.0 0.771772 0.952000 0.228228 0.096000
0 1.0 0.711712 0.950000 0.072072 0.100000
0 1.0 0.740240 0.961000 0.129129 0.062000
0 1.0 0.681682 0.960000 0.102102 0.056000
0 1.0 0.924925 0.942000 0.090090 0.116000
0 1.0 0.285285 0.959000 0.108108 0.074000
0 1.0 0.279279 0.963000 0.066066 0.050000
0 1.0 0.503003 0.957000 0.081081 0.050000
0 1.0 0.177177 0.962000 0.096096 0.064000
0 1.0 0.439940 0.959000 0.117117 0.058000
0 1.0 0.334835 0.954000 0.189189 0.092000
0 1.0 0.202703 0.317000 0.063063 0.082000
0 1.0 0.135135 0.348000 0.066066 0.112000
0 1.0 0.165165 0.286000 0.150150 0.076000
0 1.0 0.145646 0.327000 0.045045 0.062000
0 1.0 0.297297 0.351000 0.066066 0.114000
0 1.0 0.300300 0.292000 0.186186 0.084000
0 1.0 0.078078 0.339000 0.060060 0.114000
0 1.0 0.442943 0.074000 0.567568 0.148000
0 1.0 0.030030 0.348000 0.042042 0.116000
0 1.0 0.063063 0.292000 0.096096 0.056000
0 1.0 0.190691 0.293000 0.261261 0.134000
0 1.0 0.187688 0.342000 0.087087 0.104000
0 1.0 0.860360 0.962000 0.069069 0.052000
0 1.0 0.855856 0.960000 0.120120 0.080000
0 1.0 0.486486 0.290000 0.066066 0.080000
0 1.0 0.318318 0.312000 0.066066 0.088000
0 1.0 0.232733 0.360000 0.069069 0.116000
0 1.0 0.240240 0.285000 0.162162 0.086000
0 1.0 0.237237 0.340000 0.048048 0.068000
0 1.0 0.402402 0.291000 0.108108 0.142000
0 1.0 0.349850 0.341000 0.063063 0.122000
0 1.0 0.375375 0.288000 0.090090 0.072000
0 1.0 0.339339 0.287000 0.228228 0.138000
0 1.0 0.472973 0.389000 0.351351 0.706000
0 1.0 0.663664 0.718000 0.282282 0.380000
0 1.0 0.842342 0.664000 0.219219 0.568000
0 1.0 0.554054 0.722000 0.555556 0.272000
0 1.0 0.533033 0.554000 0.231231 0.500000
0 1.0 0.654655 0.555000 0.258258 0.510000
0 1.0 0.354354 0.591000 0.258258 0.538000
0 1.0 0.448949 0.796000 0.219219 0.408000
0 1.0 0.075075 0.272000 0.150150 0.544000
0 1.0 0.370871 0.304000 0.459459 0.420000
0 1.0 0.171171 0.138000 0.342342 0.276000
0 1.0 0.557057 0.436000 0.351351 0.372000
0 1.0 0.843844 0.438000 0.210210 0.528000
0 1.0 0.807808 0.444000 0.384384 0.268000
0 1.0 0.537538 0.343000 0.642643 0.262000
0 1.0 0.758258 0.260000 0.243243 0.500000
0 1.0 0.758258 0.518000 0.453453 0.880000
0 1.0 0.876877 0.259000 0.246246 0.450000