0 1.0 0.291406 0.844792 0.123438 0.272917
0 1.0 0.515625 0.772917 0.909375 0.387500
0 1.0 0.246875 0.858333 0.115625 0.245833
0 1.0 0.888281 0.795833 0.110937 0.162500
0 1.0 0.392969 0.734375 0.107813 0.231250
0 1.0 0.390625 0.750000 0.059375 0.179167
0 1.0 0.881250 0.752083 0.084375 0.129167
0 1.0 0.500000 0.560417 1.000000 0.645833
0 1.0 0.595313 0.609375 0.290625 0.256250
0 1.0 0.437500 0.658333 0.087500 0.137500
0 1.0 0.604688 0.628125 0.218750 0.127083
0 1.0 0.607031 0.692708 0.017188 0.043750
0 1.0 0.602344 0.697917 0.035937 0.087500
0 1.0 0.667969 0.636458 0.135937 0.152083
0 1.0 0.403125 0.609375 0.284375 0.243750
0 1.0 0.503125 0.632292 0.015625 0.031250
0 1.0 0.400781 0.665625 0.073438 0.114583
0 1.0 0.488281 0.637500 0.085938 0.116667
0 1.0 0.421875 0.619792 0.259375 0.089583
0 1.0 0.394531 0.691667 0.042188 0.100000
0 1.0 0.408594 0.633333 0.170313 0.170833
0 1.0 0.706250 0.623958 0.259375 0.114583
0 1.0 0.718750 0.688542 0.040625 0.118750
0 1.0 0.764844 0.634375 0.185938 0.185417
0 1.0 0.786719 0.686458 0.023438 0.068750
0 1.0 0.560937 0.637500 0.015625 0.033333
0 1.0 0.517969 0.621875 0.264062 0.102083
0 1.0 0.506250 0.685417 0.040625 0.108333
0 1.0 0.558594 0.636458 0.107813 0.131250
0 1.0 0.587500 0.633333 0.090625 0.075000
0 1.0 0.559375 0.667708 0.050000 0.097917
0 1.0 0.774219 0.688542 0.042188 0.127083
0 1.0 0.353906 0.663542 0.064062 0.118750
0 1.0 0.350781 0.622917 0.098437 0.079167
0 1.0 0.352344 0.697917 0.032813 0.095833
0 1.0 0.128125 0.623958 0.175000 0.093750
0 1.0 0.090625 0.688542 0.034375 0.110417
0 1.0 0.147656 0.596875 0.242188 0.281250
0 1.0 0.196875 0.633333 0.040625 0.058333
0 1.0 0.732031 0.683333 0.023438 0.062500
0 1.0 0.137500 0.691667 0.037500 0.116667
0 1.0 0.199219 0.641667 0.110937 0.141667
0 1.0 0.220312 0.623958 0.300000 0.114583
0 1.0 0.191406 0.694792 0.042188 0.110417
0 1.0 0.530469 0.630208 0.042188 0.047917
0 1.0 0.439844 0.691667 0.032813 0.087500
0 1.0 0.508594 0.631250 0.167187 0.183333
0 1.0 0.553125 0.630208 0.056250 0.060417
0 1.0 0.286719 0.634375 0.039062 0.056250
0 1.0 0.239063 0.680208 0.043750 0.089583
0 1.0 0.379688 0.630208 0.053125 0.060417
0 1.0 0.308594 0.640625 0.085938 0.122917
0 1.0 0.278906 0.608333 0.285938 0.233333
0 1.0 0.303906 0.636458 0.017188 0.035417
0 1.0 0.292969 0.691667 0.035937 0.100000
0 1.0 0.329688 0.678125 0.306250 0.247917
0 1.0 0.167187 0.682292 0.034375 0.064583
0 1.0 0.140625 0.673958 0.234375 0.118750
0 1.0 0.078906 0.726042 0.039062 0.131250
0 1.0 0.210156 0.679167 0.054688 0.079167
0 1.0 0.478906 0.691667 0.104688 0.150000
0 1.0 0.460938 0.666667 0.275000 0.270833
0 1.0 0.558594 0.689583 0.017188 0.041667
0 1.0 0.440625 0.734375 0.046875 0.147917
0 1.0 0.238281 0.676042 0.164062 0.164583
0 1.0 0.286719 0.729167 0.045312 0.125000
0 1.0 0.254688 0.676042 0.371875 0.131250
0 1.0 0.240625 0.716667 0.053125 0.145833
0 1.0 0.319531 0.687500 0.057813 0.108333
0 1.0 0.293750 0.691667 0.025000 0.054167
0 1.0 0.285156 0.700000 0.092188 0.179167
0 1.0 0.833594 0.690625 0.029687 0.072917
0 1.0 0.821875 0.621875 0.259375 0.118750
0 1.0 0.824219 0.697917 0.048438 0.129167
0 1.0 0.872656 0.643750 0.176563 0.187500
0 1.0 0.852344 0.642708 0.020313 0.039583
0 1.0 0.888281 0.692708 0.026562 0.068750
0 1.0 0.796094 0.627083 0.020313 0.045833
0 1.0 0.875000 0.697917 0.046875 0.129167
0 1.0 0.917969 0.667708 0.092188 0.152083
0 1.0 0.689063 0.686458 0.021875 0.060417
0 1.0 0.678125 0.691667 0.031250 0.100000
0 1.0 0.921094 0.694792 0.051562 0.131250
0 1.0 0.943750 0.635417 0.112500 0.170833
0 1.0 0.941406 0.681250 0.042188 0.095833
0 1.0 0.957812 0.610417 0.084375 0.100000
0 1.0 0.956250 0.707292 0.025000 0.085417
0 1.0 0.073438 0.665625 0.146875 0.285417
0 1.0 0.111719 0.682292 0.023438 0.052083
0 1.0 0.048438 0.725000 0.056250 0.158333
0 1.0 0.116406 0.675000 0.073438 0.066667
0 1.0 0.103906 0.680208 0.098437 0.135417
0 1.0 0.061719 0.682292 0.051562 0.097917
0 1.0 0.150781 0.579167 0.132812 0.100000
0 1.0 0.142187 0.635417 0.034375 0.070833
0 1.0 0.137500 0.657292 0.028125 0.081250
0 1.0 0.205469 0.598958 0.067187 0.093750
0 1.0 0.928906 0.569792 0.142187 0.260417
0 1.0 0.188281 0.666667 0.029687 0.066667
0 1.0 0.235937 0.591667 0.168750 0.166667
0 1.0 0.239844 0.651042 0.032813 0.060417
0 1.0 0.950000 0.590625 0.037500 0.068750
0 1.0 0.961719 0.504167 0.076563 0.091667
0 1.0 0.964063 0.620833 0.021875 0.062500
0 1.0 0.511719 0.551042 0.282813 0.127083
0 1.0 0.314063 0.604167 0.062500 0.091667
0 1.0 0.288281 0.587500 0.026562 0.045833
0 1.0 0.353906 0.576042 0.176563 0.114583
0 1.0 0.351562 0.630208 0.046875 0.081250
0 1.0 0.382031 0.568750 0.089063 0.079167
0 1.0 0.352344 0.672917 0.023438 0.062500
0 1.0 0.300000 0.676042 0.025000 0.060417
0 1.0 0.900000 0.511458 0.200000 0.139583
0 1.0 0.920312 0.578125 0.090625 0.127083
0 1.0 0.921875 0.608333 0.053125 0.112500
0 1.0 0.705469 0.531250 0.142187 0.129167
0 1.0 0.061719 0.575000 0.064062 0.104167
0 1.0 0.725781 0.609375 0.023438 0.043750
0 1.0 0.700781 0.502083 0.279687 0.104167
0 1.0 0.720313 0.630208 0.034375 0.072917
0 1.0 0.771875 0.531250 0.134375 0.133333
0 1.0 0.764844 0.517708 0.251563 0.268750
0 1.0 0.784375 0.595833 0.025000 0.045833
0 1.0 0.071875 0.532292 0.143750 0.285417
0 1.0 0.089063 0.570833 0.028125 0.054167
0 1.0 0.055469 0.619792 0.035937 0.081250
0 1.0 0.088281 0.565625 0.060937 0.064583
0 1.0 0.048438 0.648958 0.028125 0.089583
0 1.0 0.092188 0.575000 0.118750 0.154167
0 1.0 0.126562 0.572917 0.068750 0.079167
0 1.0 0.100000 0.617708 0.034375 0.081250
0 1.0 0.818750 0.505208 0.284375 0.110417
0 1.0 0.825000 0.620833 0.040625 0.075000
0 1.0 0.864844 0.522917 0.251563 0.275000
0 1.0 0.832031 0.523958 0.107813 0.077083
0 1.0 0.884375 0.595833 0.028125 0.045833
0 1.0 0.823438 0.514583 0.046875 0.054167
0 1.0 0.874219 0.614583 0.035937 0.075000
0 1.0 0.855469 0.577083 0.067187 0.075000
0 1.0 0.888281 0.653125 0.020313 0.035417
0 1.0 0.836719 0.565625 0.032813 0.052083
0 1.0 0.877344 0.673958 0.032813 0.068750
0 1.0 0.510938 0.635417 0.046875 0.066667
0 1.0 0.889844 0.558333 0.220312 0.112500
0 1.0 0.653906 0.552083 0.289062 0.108333
0 1.0 0.679688 0.688542 0.018750 0.047917
0 1.0 0.708594 0.593750 0.142187 0.137500
0 1.0 0.697656 0.576042 0.260937 0.256250
0 1.0 0.732812 0.671875 0.015625 0.031250
0 1.0 0.942969 0.643750 0.039062 0.070833
0 1.0 0.960156 0.556250 0.079687 0.091667
0 1.0 0.959375 0.677083 0.021875 0.058333
0 1.0 0.104688 0.634375 0.018750 0.039583
0 1.0 0.094531 0.626042 0.067187 0.060417
0 1.0 0.048438 0.707292 0.028125 0.106250
0 1.0 0.092969 0.636458 0.117188 0.143750
0 1.0 0.159375 0.632292 0.025000 0.047917
0 1.0 0.835156 0.659375 0.020313 0.031250
0 1.0 0.614844 0.683333 0.020313 0.050000
0 1.0 0.690625 0.670833 0.012500 0.029167
0 1.0 0.480469 0.567708 0.042188 0.064583
0 1.0 0.404687 0.622917 0.068750 0.095833
0 1.0 0.478906 0.580208 0.120313 0.127083
0 1.0 0.523438 0.566667 0.053125 0.075000
0 1.0 0.436719 0.633333 0.054688 0.070833
0 1.0 0.514844 0.557292 0.101562 0.085417
0 1.0 0.438281 0.679167 0.020313 0.041667
0 1.0 0.399219 0.664583 0.032813 0.075000
0 1.0 0.721094 0.682292 0.026562 0.060417
0 1.0 0.791406 0.664583 0.014063 0.029167
0 1.0 0.780469 0.557292 0.289062 0.110417
0 1.0 0.777344 0.680208 0.026562 0.060417
0 1.0 0.824219 0.593750 0.142187 0.125000
0 1.0 0.557031 0.647917 0.035937 0.054167
0 1.0 0.560156 0.679167 0.026562 0.058333
0 1.0 0.600781 0.580208 0.170313 0.156250
0 1.0 0.617969 0.668750 0.010937 0.025000
0 1.0 0.535156 0.584375 0.176563 0.156250
0 1.0 0.156250 0.751042 0.153125 0.106250
0 1.0 0.064062 0.800000 0.071875 0.283333
0 1.0 0.393750 0.766667 0.306250 0.250000
0 1.0 0.481250 0.753125 0.046875 0.110417
0 1.0 0.204687 0.751042 0.065625 0.102083
0 1.0 0.134375 0.775000 0.109375 0.254167
0 1.0 0.201563 0.760417 0.109375 0.183333
0 1.0 0.214062 0.791667 0.265625 0.295833
0 1.0 0.907813 0.716667 0.121875 0.162500
0 1.0 0.880469 0.726042 0.229687 0.260417
0 1.0 0.860938 0.717708 0.237500 0.127083
0 1.0 0.246094 0.751042 0.317188 0.139583
0 1.0 0.310156 0.757292 0.042188 0.089583
0 1.0 0.493750 0.756250 0.084375 0.208333
0 1.0 0.557031 0.755208 0.126562 0.172917
0 1.0 0.549219 0.742708 0.323437 0.206250
0 1.0 0.094531 0.747917 0.085938 0.083333
0 1.0 0.035937 0.812500 0.062500 0.300000
0 1.0 0.167187 0.753125 0.043750 0.085417
0 1.0 0.846875 0.718750 0.034375 0.075000
0 1.0 0.785937 0.716667 0.031250 0.066667
0 1.0 0.870313 0.718750 0.096875 0.245833
0 1.0 0.598437 0.750000 0.084375 0.200000
0 1.0 0.653125 0.719792 0.146875 0.160417
0 1.0 0.672656 0.739583 0.054688 0.141667
0 1.0 0.641406 0.709375 0.379688 0.114583
0 1.0 0.942187 0.739583 0.056250 0.150000
0 1.0 0.716406 0.734375 0.054688 0.139583
0 1.0 0.102344 0.753125 0.029687 0.077083
0 1.0 0.782813 0.723958 0.059375 0.147917
0 1.0 0.770312 0.718750 0.100000 0.254167
0 1.0 0.128906 0.809375 0.257812 0.122917
0 1.0 0.144531 0.820833 0.182812 0.266667
0 1.0 0.820312 0.736458 0.071875 0.202083
0 1.0 0.875781 0.753125 0.039062 0.077083
0 1.0 0.632031 0.753125 0.235937 0.156250
0 1.0 0.939844 0.755208 0.120313 0.160417
0 1.0 0.283594 0.812500 0.310937 0.158333
0 1.0 0.776563 0.753125 0.325000 0.243750
0 1.0 0.959375 0.758333 0.053125 0.137500
0 1.0 0.360938 0.762500 0.078125 0.158333
0 1.0 0.336719 0.748958 0.057813 0.156250
0 1.0 0.419531 0.753125 0.070312 0.152083
0 1.0 0.535937 0.756250 0.046875 0.104167
0 1.0 0.457031 0.741667 0.104688 0.216667
0 1.0 0.236719 0.751042 0.126562 0.135417
0 1.0 0.122656 0.710417 0.073438 0.079167
0 1.0 0.768750 0.672917 0.315625 0.125000
0 1.0 0.818750 0.676042 0.171875 0.189583
0 1.0 0.705469 0.731250 0.095312 0.245833
0 1.0 0.808594 0.693750 0.020313 0.041667
0 1.0 0.739844 0.682292 0.020313 0.047917
0 1.0 0.139063 0.740625 0.059375 0.189583
0 1.0 0.211719 0.714583 0.070312 0.112500
0 1.0 0.957031 0.725000 0.035937 0.129167
0 1.0 0.112500 0.712500 0.031250 0.079167
0 1.0 0.615625 0.679167 0.062500 0.062500
0 1.0 0.557031 0.713542 0.070312 0.156250
0 1.0 0.579688 0.670833 0.371875 0.112500
0 1.0 0.624219 0.676042 0.145313 0.102083
0 1.0 0.328906 0.673958 0.170313 0.106250
0 1.0 0.353125 0.732292 0.040625 0.135417
0 1.0 0.774219 0.614583 0.035937 0.079167
0 1.0 0.506250 0.688542 0.018750 0.043750
0 1.0 0.431250 0.671875 0.378125 0.118750
0 1.0 0.593750 0.719792 0.043750 0.110417
0 1.0 0.679688 0.682292 0.140625 0.093750
0 1.0 0.718750 0.675000 0.162500 0.170833
0 1.0 0.711719 0.668750 0.323437 0.220833
0 1.0 0.728125 0.713542 0.034375 0.093750
0 1.0 0.557031 0.687500 0.139063 0.158333
0 1.0 0.500000 0.738542 0.046875 0.156250
0 1.0 0.468750 0.304167 0.028125 0.075000
0 1.0 0.496094 0.261458 0.157812 0.172917
0 1.0 0.733594 0.575000 0.464062 0.850000
0 1.0 0.071094 0.073958 0.142187 0.147917
0 1.0 0.040625 0.038542 0.081250 0.077083
0 1.0 0.025781 0.058333 0.051562 0.091667
0 1.0 0.771094 0.708333 0.192188 0.179167
0 1.0 0.502344 0.725000 0.160938 0.183333
0 1.0 0.351562 0.717708 0.109375 0.118750
0 1.0 0.548438 0.762500 0.059375 0.166667
0 1.0 0.477344 0.289583 0.057813 0.104167
0 1.0 0.268750 0.718750 0.031250 0.075000
0 1.0 0.285938 0.778125 0.065625 0.202083
0 1.0 0.169531 0.713542 0.042188 0.081250
0 1.0 0.162500 0.710417 0.146875 0.104167
0 1.0 0.156250 0.720833 0.265625 0.237500
0 1.0 0.219531 0.710417 0.045312 0.079167
0 1.0 0.315625 0.734375 0.071875 0.135417
0 1.0 0.587500 0.718750 0.146875 0.108333
0 1.0 0.546094 0.719792 0.026562 0.068750
0 1.0 0.325781 0.030208 0.067187 0.060417
0 1.0 0.359375 0.055208 0.125000 0.110417
0 1.0 0.355469 0.073958 0.239063 0.147917
0 1.0 0.308594 0.044792 0.176563 0.089583
0 1.0 0.096094 0.360417 0.192188 0.129167
0 1.0 0.095312 0.431250 0.043750 0.066667
0 1.0 0.106250 0.354167 0.093750 0.079167
0 1.0 0.123438 0.341667 0.221875 0.270833
0 1.0 0.140625 0.419792 0.050000 0.089583
0 1.0 0.214062 0.379167 0.040625 0.075000
0 1.0 0.927344 0.289583 0.107813 0.158333
0 1.0 0.900781 0.282292 0.198437 0.285417
0 1.0 0.889844 0.290625 0.220312 0.127083
0 1.0 0.173437 0.402083 0.090625 0.133333
0 1.0 0.199219 0.357292 0.142187 0.102083
0 1.0 0.179688 0.443750 0.034375 0.087500
0 1.0 0.249219 0.373958 0.095312 0.110417
0 1.0 0.242969 0.357292 0.242188 0.302083
0 1.0 0.232813 0.426042 0.034375 0.064583
0 1.0 0.276562 0.351042 0.190625 0.106250
0 1.0 0.337500 0.384375 0.028125 0.056250
0 1.0 0.301563 0.400000 0.068750 0.112500
0 1.0 0.300000 0.438542 0.031250 0.085417
0 1.0 0.023438 0.415625 0.031250 0.060417
0 1.0 0.882031 0.293750 0.035937 0.070833
0 1.0 0.848437 0.288542 0.115625 0.089583
0 1.0 0.871875 0.316667 0.087500 0.195833
0 1.0 0.557813 0.290625 0.165625 0.114583
0 1.0 0.589844 0.369792 0.057813 0.106250
0 1.0 0.671875 0.293750 0.156250 0.162500
0 1.0 0.967187 0.301042 0.065625 0.114583
0 1.0 0.677344 0.323958 0.032813 0.056250
0 1.0 0.665625 0.347917 0.078125 0.145833
0 1.0 0.705469 0.297917 0.242188 0.275000
0 1.0 0.721094 0.309375 0.045312 0.072917
0 1.0 0.956250 0.323958 0.037500 0.072917
0 1.0 0.962500 0.351042 0.037500 0.106250
0 1.0 0.061719 0.375000 0.085938 0.095833
0 1.0 0.027344 0.404167 0.054688 0.083333
0 1.0 0.777344 0.314583 0.048438 0.083333
0 1.0 0.762500 0.289583 0.293750 0.133333
0 1.0 0.768750 0.334375 0.100000 0.197917
0 1.0 0.825781 0.293750 0.148438 0.170833
0 1.0 0.805469 0.292708 0.260937 0.264583
0 1.0 0.832812 0.306250 0.037500 0.079167
0 1.0 0.828906 0.391667 0.042188 0.100000
0 1.0 0.821875 0.387500 0.062500 0.154167
0 1.0 0.872656 0.347917 0.182812 0.191667
0 1.0 0.160938 0.358333 0.212500 0.154167
0 1.0 0.607031 0.340625 0.254688 0.143750
0 1.0 0.604688 0.432292 0.025000 0.047917
0 1.0 0.603125 0.446875 0.040625 0.085417
0 1.0 0.672656 0.412500 0.035937 0.062500
0 1.0 0.876563 0.389583 0.043750 0.100000
0 1.0 0.921094 0.368750 0.104688 0.204167
0 1.0 0.962500 0.360417 0.075000 0.116667
0 1.0 0.956250 0.400000 0.040625 0.075000
0 1.0 0.057031 0.421875 0.114062 0.114583
0 1.0 0.757031 0.342708 0.245312 0.164583
0 1.0 0.774219 0.379167 0.064062 0.133333
0 1.0 0.385937 0.384375 0.031250 0.064583
0 1.0 0.350781 0.353125 0.239063 0.289583
0 1.0 0.361719 0.358333 0.142187 0.108333
0 1.0 0.357031 0.402083 0.067187 0.125000
0 1.0 0.397656 0.355208 0.120313 0.081250
0 1.0 0.354687 0.441667 0.031250 0.091667
0 1.0 0.663281 0.431250 0.048438 0.104167
0 1.0 0.444531 0.343750 0.104688 0.104167
0 1.0 0.397656 0.396875 0.079687 0.147917
0 1.0 0.450000 0.339583 0.268750 0.116667
0 1.0 0.393750 0.435417 0.046875 0.133333
0 1.0 0.489844 0.365625 0.067187 0.110417
0 1.0 0.458594 0.355208 0.229687 0.285417
0 1.0 0.454688 0.373958 0.068750 0.118750
0 1.0 0.722656 0.386458 0.057813 0.102083
0 1.0 0.713281 0.403125 0.085938 0.181250
0 1.0 0.514844 0.340625 0.089063 0.085417
0 1.0 0.453906 0.381250 0.017188 0.045833
0 1.0 0.500781 0.344792 0.160938 0.189583
0 1.0 0.542188 0.428125 0.043750 0.097917
0 1.0 0.510156 0.393750 0.064062 0.183333
0 1.0 0.551562 0.353125 0.234375 0.281250
0 1.0 0.634375 0.242708 0.231250 0.172917
0 1.0 0.673438 0.269792 0.084375 0.147917
0 1.0 0.710938 0.335417 0.090625 0.175000
0 1.0 0.705469 0.272917 0.117188 0.254167
0 1.0 0.773438 0.255208 0.087500 0.164583
0 1.0 0.507812 0.284375 0.065625 0.131250
0 1.0 0.062500 0.297917 0.071875 0.062500
0 1.0 0.032813 0.360417 0.040625 0.083333
0 1.0 0.765625 0.234375 0.306250 0.139583
0 1.0 0.825000 0.247917 0.071875 0.162500
0 1.0 0.876563 0.238542 0.100000 0.202083
0 1.0 0.167969 0.046875 0.201563 0.093750
0 1.0 0.100781 0.039583 0.123438 0.079167
0 1.0 0.080469 0.058333 0.070312 0.104167
0 1.0 0.135156 0.066667 0.060937 0.133333
0 1.0 0.257031 0.558333 0.454688 0.883333
0 1.0 0.551562 0.238542 0.237500 0.260417
0 1.0 0.532813 0.302083 0.068750 0.116667
0 1.0 0.189844 0.033333 0.110937 0.066667
0 1.0 0.239844 0.058333 0.160938 0.116667
0 1.0 0.186719 0.068750 0.067187 0.137500
0 1.0 0.447656 0.296875 0.029687 0.052083
0 1.0 0.354687 0.388542 0.037500 0.093750
0 1.0 0.432031 0.300000 0.082812 0.108333
0 1.0 0.410938 0.294792 0.221875 0.252083
0 1.0 0.397656 0.342708 0.054688 0.093750
0 1.0 0.453125 0.288542 0.284375 0.139583
0 1.0 0.038281 0.334375 0.039062 0.060417
0 1.0 0.546875 0.296875 0.031250 0.068750
0 1.0 0.466406 0.362500 0.035937 0.100000
0 1.0 0.242969 0.300000 0.117188 0.091667
0 1.0 0.173437 0.369792 0.046875 0.102083
0 1.0 0.511719 0.307292 0.032813 0.068750
0 1.0 0.363281 0.354167 0.045312 0.083333
0 1.0 0.548438 0.337500 0.050000 0.083333
0 1.0 0.613281 0.297917 0.123438 0.137500
0 1.0 0.591406 0.352083 0.020313 0.037500
0 1.0 0.141406 0.376042 0.048438 0.106250
0 1.0 0.225000 0.319792 0.025000 0.052083
0 1.0 0.183594 0.300000 0.245312 0.170833
0 1.0 0.166406 0.336458 0.082812 0.118750
0 1.0 0.896094 0.236458 0.207813 0.122917
0 1.0 0.245312 0.353125 0.028125 0.052083
0 1.0 0.946094 0.239583 0.107813 0.166667
0 1.0 0.075000 0.297917 0.150000 0.250000
0 1.0 0.339062 0.320833 0.021875 0.045833
0 1.0 0.307031 0.331250 0.073438 0.120833
0 1.0 0.341406 0.295833 0.148438 0.083333
0 1.0 0.395313 0.319792 0.025000 0.047917
0 1.0 0.150000 0.289583 0.100000 0.075000
0 1.0 0.087500 0.354167 0.025000 0.041667
0 1.0 0.106250 0.292708 0.118750 0.089583
0 1.0 0.929688 0.457292 0.140625 0.260417
0 1.0 0.956250 0.533333 0.034375 0.054167
0 1.0 0.719531 0.456250 0.245312 0.133333
0 1.0 0.723437 0.547917 0.028125 0.045833
0 1.0 0.717187 0.570833 0.043750 0.087500
0 1.0 0.785156 0.538542 0.023438 0.043750
0 1.0 0.775000 0.559375 0.043750 0.093750
0 1.0 0.828906 0.476042 0.129688 0.122917
0 1.0 0.825000 0.456250 0.262500 0.141667
0 1.0 0.838281 0.548958 0.023438 0.039583
0 1.0 0.112500 0.491667 0.171875 0.100000
0 1.0 0.090625 0.570833 0.046875 0.141667
0 1.0 0.885938 0.540625 0.021875 0.035417
0 1.0 0.846094 0.454167 0.023438 0.037500
0 1.0 0.875000 0.561458 0.037500 0.068750
0 1.0 0.931250 0.472917 0.084375 0.112500
0 1.0 0.925000 0.522917 0.081250 0.116667
0 1.0 0.924219 0.552083 0.054688 0.116667
0 1.0 0.549219 0.459375 0.023438 0.043750
0 1.0 0.441406 0.553125 0.020313 0.047917
0 1.0 0.502344 0.482292 0.142187 0.135417
0 1.0 0.496875 0.453125 0.234375 0.247917
0 1.0 0.503906 0.525000 0.048438 0.066667
0 1.0 0.825000 0.571875 0.040625 0.081250
0 1.0 0.551562 0.460417 0.231250 0.125000
0 1.0 0.560937 0.525000 0.037500 0.058333
0 1.0 0.260937 0.462500 0.215625 0.125000
0 1.0 0.298438 0.535417 0.037500 0.054167
0 1.0 0.307812 0.457292 0.115625 0.077083
0 1.0 0.300000 0.583333 0.021875 0.045833
0 1.0 0.388281 0.485417 0.029687 0.058333
0 1.0 0.346094 0.460417 0.251563 0.250000
0 1.0 0.555469 0.482292 0.132812 0.131250
0 1.0 0.573438 0.455208 0.112500 0.077083
0 1.0 0.607812 0.477083 0.143750 0.137500
0 1.0 0.596875 0.448958 0.265625 0.239583
0 1.0 0.613281 0.540625 0.020313 0.039583
0 1.0 0.437500 0.515625 0.059375 0.081250
0 1.0 0.671875 0.551042 0.021875 0.035417
0 1.0 0.666406 0.570833 0.026562 0.054167
0 1.0 0.707812 0.457292 0.256250 0.285417
0 1.0 0.486719 0.496875 0.045312 0.072917
0 1.0 0.438281 0.498958 0.289062 0.122917
0 1.0 0.403125 0.586458 0.034375 0.085417
0 1.0 0.467969 0.528125 0.120313 0.118750
0 1.0 0.428906 0.572917 0.060937 0.070833
0 1.0 0.434375 0.620833 0.018750 0.037500
0 1.0 0.507812 0.592708 0.040625 0.077083
0 1.0 0.539844 0.523958 0.170313 0.131250
0 1.0 0.308594 0.531250 0.079687 0.100000
0 1.0 0.279687 0.517708 0.246875 0.260417
0 1.0 0.835938 0.601042 0.028125 0.043750
0 1.0 0.555469 0.572917 0.051562 0.062500
0 1.0 0.557813 0.602083 0.031250 0.062500
0 1.0 0.603906 0.523958 0.157812 0.122917
0 1.0 0.671875 0.642708 0.021875 0.047917
0 1.0 0.616406 0.601042 0.017188 0.031250
0 1.0 0.614062 0.620833 0.021875 0.050000
0 1.0 0.676562 0.613542 0.018750 0.031250
0 1.0 0.185938 0.590625 0.056250 0.072917
0 1.0 0.204687 0.496875 0.284375 0.114583
0 1.0 0.230469 0.523958 0.154688 0.156250
0 1.0 0.232813 0.595833 0.034375 0.058333
0 1.0 0.970313 0.448958 0.059375 0.077083
0 1.0 0.965625 0.567708 0.021875 0.052083
0 1.0 0.064062 0.501042 0.075000 0.093750
0 1.0 0.042969 0.555208 0.060937 0.127083
0 1.0 0.042188 0.586458 0.034375 0.110417
0 1.0 0.232813 0.620833 0.031250 0.066667
0 1.0 0.300000 0.590625 0.050000 0.064583
0 1.0 0.359375 0.526042 0.100000 0.122917
0 1.0 0.359375 0.585417 0.040625 0.066667
0 1.0 0.350781 0.501042 0.192188 0.106250
0 1.0 0.355469 0.626042 0.020313 0.052083
0 1.0 0.407031 0.550000 0.070312 0.112500
0 1.0 0.135937 0.595833 0.034375 0.100000
0 1.0 0.190625 0.528125 0.090625 0.110417
0 1.0 0.178906 0.517708 0.226562 0.281250
0 1.0 0.419531 0.518750 0.129688 0.145833
0 1.0 0.503125 0.471875 0.071875 0.172917
0 1.0 0.552344 0.404167 0.235937 0.120833
0 1.0 0.553125 0.472917 0.046875 0.083333
0 1.0 0.357031 0.410417 0.182812 0.120833
0 1.0 0.360938 0.462500 0.050000 0.100000
0 1.0 0.408594 0.426042 0.157812 0.172917
0 1.0 0.432031 0.404167 0.139063 0.095833
0 1.0 0.296875 0.490625 0.043750 0.093750
0 1.0 0.604688 0.487500 0.050000 0.108333
0 1.0 0.662500 0.416667 0.178125 0.166667
0 1.0 0.657031 0.386458 0.260937 0.306250
0 1.0 0.670312 0.483333 0.028125 0.054167
0 1.0 0.660937 0.489583 0.046875 0.100000
0 1.0 0.722656 0.467708 0.042188 0.072917
0 1.0 0.448437 0.469792 0.075000 0.114583
0 1.0 0.084375 0.413542 0.071875 0.077083
0 1.0 0.040625 0.475000 0.056250 0.079167
0 1.0 0.083594 0.485417 0.054688 0.087500
0 1.0 0.407813 0.462500 0.056250 0.120833
0 1.0 0.081250 0.487500 0.081250 0.150000
0 1.0 0.117969 0.418750 0.157812 0.154167
0 1.0 0.138281 0.481250 0.042188 0.095833
0 1.0 0.138281 0.487500 0.064062 0.170833
0 1.0 0.848437 0.343750 0.190625 0.100000
0 1.0 0.868750 0.388542 0.075000 0.177083
0 1.0 0.200000 0.426042 0.087500 0.114583
0 1.0 0.185938 0.418750 0.246875 0.275000
0 1.0 0.185938 0.469792 0.071875 0.127083
0 1.0 0.177344 0.406250 0.192188 0.108333
0 1.0 0.233594 0.503125 0.023438 0.047917
0 1.0 0.228125 0.512500 0.040625 0.083333
0 1.0 0.315625 0.432292 0.078125 0.102083
0 1.0 0.237500 0.551042 0.025000 0.047917
0 1.0 0.255469 0.454167 0.039062 0.054167
0 1.0 0.235156 0.573958 0.029687 0.064583
0 1.0 0.333594 0.494792 0.026562 0.047917
0 1.0 0.121875 0.448958 0.025000 0.052083
0 1.0 0.032813 0.534375 0.034375 0.081250
0 1.0 0.131250 0.446875 0.031250 0.064583
0 1.0 0.035156 0.515625 0.051562 0.093750
0 1.0 0.367969 0.517708 0.032813 0.056250
0 1.0 0.322656 0.458333 0.020313 0.041667
0 1.0 0.363281 0.561458 0.017188 0.047917
0 1.0 0.405469 0.530208 0.032813 0.089583
0 1.0 0.139063 0.552083 0.037500 0.120833
0 1.0 0.214062 0.491667 0.034375 0.062500
0 1.0 0.239844 0.455208 0.048438 0.064583
0 1.0 0.188281 0.573958 0.026562 0.064583
0 1.0 0.252344 0.485417 0.079687 0.091667
0 1.0 0.767969 0.405208 0.170313 0.185417
0 1.0 0.779687 0.457292 0.037500 0.081250
0 1.0 0.771875 0.393750 0.300000 0.120833
0 1.0 0.771094 0.459375 0.070312 0.152083
0 1.0 0.117188 0.481250 0.206250 0.275000
0 1.0 0.834375 0.467708 0.031250 0.064583
0 1.0 0.823438 0.468750 0.059375 0.129167
0 1.0 0.607812 0.485417 0.025000 0.054167
0 1.0 0.880469 0.467708 0.032813 0.060417
0 1.0 0.829688 0.396875 0.168750 0.093750
0 1.0 0.871094 0.468750 0.060937 0.120833
0 1.0 0.712500 0.471875 0.071875 0.139583
0 1.0 0.924219 0.396875 0.151562 0.110417
0 1.0 0.960938 0.415625 0.078125 0.114583
0 1.0 0.958594 0.475000 0.039062 0.066667
0 1.0 0.966406 0.502083 0.026562 0.070833
0 1.0 0.376563 0.661458 0.718750 0.156250
0 1.0 0.947656 0.086458 0.104688 0.127083
0 1.0 0.960156 0.115625 0.064062 0.122917
0 1.0 0.054688 0.135417 0.109375 0.166667
0 1.0 0.456250 0.660417 0.621875 0.308333
0 1.0 0.920312 0.120833 0.112500 0.241667
0 1.0 0.200000 0.675000 0.375000 0.383333
0 1.0 0.297656 0.565625 0.589063 0.227083
0 1.0 0.349219 0.602083 0.207813 0.466667
0 1.0 0.027344 0.170833 0.051562 0.170833
0 1.0 0.099219 0.139583 0.198437 0.279167
0 1.0 0.109375 0.128125 0.187500 0.114583
0 1.0 0.540625 0.575000 0.556250 0.283333
0 1.0 0.647656 0.559375 0.207813 0.447917
0 1.0 0.819531 0.109375 0.251563 0.218750
0 1.0 0.823438 0.110417 0.081250 0.158333
0 1.0 0.366406 0.744792 0.632812 0.222917
0 1.0 0.711719 0.098958 0.189062 0.197917
0 1.0 0.550781 0.727083 0.207813 0.395833
0 1.0 0.610938 0.660417 0.656250 0.179167
0 1.0 0.875000 0.087500 0.190625 0.145833
0 1.0 0.564063 0.130208 0.215625 0.156250
0 1.0 0.543750 0.186458 0.081250 0.143750
0 1.0 0.609375 0.156250 0.243750 0.279167
0 1.0 0.597656 0.176042 0.060937 0.118750
0 1.0 0.660156 0.137500 0.179688 0.191667
0 1.0 0.503125 0.129167 0.093750 0.083333
0 1.0 0.457031 0.220833 0.042188 0.108333
0 1.0 0.503906 0.148958 0.164062 0.185417
0 1.0 0.269531 0.351042 0.539062 0.206250
0 1.0 0.220312 0.129167 0.190625 0.112500
0 1.0 0.233594 0.152083 0.110937 0.295833
0 1.0 0.507812 0.202083 0.065625 0.120833
0 1.0 0.649219 0.348958 0.567187 0.218750
0 1.0 0.557031 0.348958 0.410938 0.443750
0 1.0 0.406250 0.131250 0.146875 0.183333
0 1.0 0.401562 0.139583 0.234375 0.279167
0 1.0 0.742188 0.348958 0.403125 0.452083
0 1.0 0.649219 0.244792 0.557813 0.222917
0 1.0 0.712500 0.158333 0.090625 0.175000
0 1.0 0.137500 0.161458 0.112500 0.222917
0 1.0 0.177344 0.125000 0.167187 0.195833
0 1.0 0.449219 0.485417 0.467187 0.395833
0 1.0 0.451562 0.491667 0.200000 0.483333
0 1.0 0.549219 0.455208 0.567187 0.218750
0 1.0 0.646094 0.482292 0.457813 0.418750
0 1.0 0.346094 0.168750 0.076563 0.212500
0 1.0 0.184375 0.164583 0.090625 0.258333
0 1.0 0.442969 0.131250 0.082812 0.100000
0 1.0 0.421875 0.127083 0.278125 0.125000
0 1.0 0.394531 0.173958 0.073438 0.193750
0 1.0 0.457813 0.189583 0.075000 0.125000
0 1.0 0.269531 0.459375 0.539062 0.218750
0 1.0 0.822656 0.475000 0.354687 0.458333
0 1.0 0.378906 0.130208 0.142187 0.097917
0 1.0 0.280469 0.141667 0.039062 0.066667
0 1.0 0.293750 0.148958 0.115625 0.231250
0 1.0 0.122656 0.675000 0.245312 0.650000
0 1.0 0.714844 0.045833 0.217188 0.091667
0 1.0 0.721875 0.047917 0.062500 0.095833
0 1.0 0.773438 0.057292 0.150000 0.114583
0 1.0 0.557031 0.056250 0.076563 0.112500
0 1.0 0.296094 0.790625 0.364063 0.418750
0 1.0 0.605469 0.065625 0.057813 0.114583
0 1.0 0.494531 0.707292 0.320312 0.585417
0 1.0 0.775781 0.051042 0.064062 0.102083
0 1.0 0.825000 0.053125 0.062500 0.102083
0 1.0 0.864844 0.043750 0.164062 0.087500
0 1.0 0.882812 0.051042 0.062500 0.093750
0 1.0 0.870313 0.031250 0.100000 0.062500
0 1.0 0.499219 0.298958 0.773438 0.314583
0 1.0 0.406250 0.037500 0.240625 0.075000
0 1.0 0.397656 0.077083 0.076563 0.154167
0 1.0 0.443750 0.063542 0.103125 0.127083
0 1.0 0.492969 0.030208 0.076563 0.060417
0 1.0 0.446875 0.063542 0.050000 0.102083
0 1.0 0.587500 0.296875 0.043750 0.085417
0 1.0 0.591406 0.311458 0.060937 0.143750
0 1.0 0.391406 0.244792 0.223438 0.106250
0 1.0 0.488281 0.262500 0.032813 0.062500
0 1.0 0.403906 0.281250 0.076563 0.137500
0 1.0 0.528125 0.263542 0.034375 0.068750
0 1.0 0.348438 0.319792 0.037500 0.110417
0 1.0 0.609375 0.045833 0.218750 0.091667
0 1.0 0.338281 0.177083 0.676562 0.354167
0 1.0 0.448437 0.073958 0.234375 0.147917
0 1.0 0.506250 0.057292 0.150000 0.114583
0 1.0 0.661719 0.067708 0.070312 0.135417
0 1.0 0.503906 0.078125 0.073438 0.156250
0 1.0 0.583594 0.032292 0.132812 0.064583
0 1.0 0.169531 0.925000 0.339062 0.150000
0 1.0 0.666406 0.113542 0.095312 0.156250
0 1.0 0.544531 0.825000 0.607812 0.254167
0 1.0 0.505469 0.146875 0.060937 0.172917
0 1.0 0.370312 0.920833 0.578125 0.158333
0 1.0 0.290625 0.104167 0.234375 0.208333
0 1.0 0.601562 0.118750 0.062500 0.120833
0 1.0 0.796875 0.834375 0.406250 0.222917
0 1.0 0.550781 0.115625 0.095312 0.177083
0 1.0 0.555469 0.078125 0.289062 0.131250
0 1.0 0.772656 0.101042 0.089063 0.181250
0 1.0 0.616406 0.742708 0.692187 0.218750
0 1.0 0.786719 0.920833 0.426563 0.158333
0 1.0 0.135937 0.080208 0.228125 0.160417
0 1.0 0.945312 0.045833 0.109375 0.091667
0 1.0 0.956250 0.060417 0.053125 0.087500
0 1.0 0.649219 0.123958 0.701562 0.247917
0 1.0 0.042969 0.084375 0.085938 0.093750
0 1.0 0.233594 0.073958 0.289062 0.131250
0 1.0 0.281250 0.082292 0.056250 0.077083
0 1.0 0.301563 0.255208 0.028125 0.060417
0 1.0 0.298438 0.268750 0.090625 0.175000
0 1.0 0.254688 0.243750 0.190625 0.108333
0 1.0 0.357812 0.256250 0.121875 0.150000
0 1.0 0.353125 0.245833 0.237500 0.270833
0 1.0 0.387500 0.252083 0.096875 0.091667
0 1.0 0.352344 0.289583 0.067187 0.125000
0 1.0 0.778906 0.855208 0.173437 0.239583
0 1.0 0.795312 0.875000 0.150000 0.120833
0 1.0 0.885156 0.848958 0.182812 0.256250
0 1.0 0.716406 0.864583 0.217188 0.104167
0 1.0 0.192188 0.893750 0.103125 0.212500
0 1.0 0.964844 0.783333 0.029687 0.066667
0 1.0 0.240625 0.238542 0.218750 0.302083
0 1.0 0.237500 0.253125 0.084375 0.177083
0 1.0 0.059375 0.922917 0.118750 0.120833
0 1.0 0.946094 0.816667 0.060937 0.104167
0 1.0 0.459375 0.778125 0.065625 0.093750
0 1.0 0.459375 0.866667 0.175000 0.104167
0 1.0 0.456250 0.755208 0.034375 0.068750
0 1.0 0.803906 0.776042 0.020313 0.056250
0 1.0 0.655469 0.856250 0.167187 0.175000
0 1.0 0.638281 0.845833 0.270313 0.241667
0 1.0 0.681250 0.755208 0.021875 0.043750
0 1.0 0.671094 0.723958 0.029687 0.064583
0 1.0 0.737500 0.757292 0.018750 0.039583
0 1.0 0.832812 0.816667 0.037500 0.100000
0 1.0 0.824219 0.777083 0.035937 0.100000
0 1.0 0.623437 0.755208 0.028125 0.052083
0 1.0 0.295312 0.060417 0.059375 0.120833
0 1.0 0.595313 0.861458 0.293750 0.114583
0 1.0 0.553125 0.903125 0.196875 0.193750
0 1.0 0.614844 0.891667 0.117188 0.216667
0 1.0 0.319531 0.914583 0.251563 0.145833
0 1.0 0.399219 0.898958 0.157812 0.177083
0 1.0 0.659375 0.917708 0.250000 0.156250
0 1.0 0.497656 0.882292 0.117188 0.235417
0 1.0 0.096094 0.911458 0.145313 0.177083
0 1.0 0.153906 0.911458 0.123438 0.160417
0 1.0 0.459375 0.910417 0.240625 0.129167
0 1.0 0.450781 0.863542 0.104688 0.189583
0 1.0 0.903125 0.823958 0.031250 0.060417
0 1.0 0.638281 0.797917 0.339062 0.116667
0 1.0 0.716406 0.785417 0.173437 0.200000
0 1.0 0.525781 0.800000 0.045312 0.070833
0 1.0 0.960938 0.830208 0.078125 0.264583
0 1.0 0.475000 0.802083 0.334375 0.129167
0 1.0 0.527344 0.792708 0.164062 0.106250
0 1.0 0.831250 0.810417 0.187500 0.262500
0 1.0 0.147656 0.817708 0.057813 0.097917
0 1.0 0.399219 0.794792 0.145313 0.185417
0 1.0 0.462500 0.803125 0.050000 0.081250
0 1.0 0.196875 0.815625 0.075000 0.110417
0 1.0 0.823438 0.747917 0.043750 0.070833
0 1.0 0.457031 0.789583 0.170313 0.170833
0 1.0 0.582031 0.788542 0.132812 0.093750
0 1.0 0.068750 0.814583 0.028125 0.066667
0 1.0 0.056250 0.808333 0.112500 0.091667
0 1.0 0.078125 0.820833 0.153125 0.262500
0 1.0 0.319531 0.801042 0.079687 0.181250
0 1.0 0.375000 0.851042 0.237500 0.243750
0 1.0 0.836719 0.814583 0.132812 0.091667
0 1.0 0.503125 0.801042 0.056250 0.093750
0 1.0 0.557813 0.767708 0.046875 0.072917
0 1.0 0.557813 0.739583 0.034375 0.066667
0 1.0 0.235937 0.870833 0.300000 0.150000
0 1.0 0.617969 0.727083 0.035937 0.070833
0 1.0 0.202344 0.879167 0.064062 0.104167
0 1.0 0.150000 0.839583 0.081250 0.191667
0 1.0 0.053906 0.873958 0.029687 0.072917
0 1.0 0.043750 0.871875 0.087500 0.085417
0 1.0 0.136719 0.876042 0.051562 0.097917
0 1.0 0.534375 0.252083 0.071875 0.116667
0 1.0 0.818750 0.198958 0.109375 0.222917
0 1.0 0.824219 0.182292 0.295312 0.139583
0 1.0 0.876563 0.185417 0.143750 0.254167
0 1.0 0.846094 0.183333 0.154688 0.108333
0 1.0 0.660156 0.185417 0.289062 0.133333
0 1.0 0.506250 0.229167 0.031250 0.066667
0 1.0 0.771094 0.198958 0.129688 0.235417
0 1.0 0.083594 0.266667 0.067187 0.154167
0 1.0 0.103125 0.233333 0.193750 0.108333
0 1.0 0.130469 0.242708 0.173437 0.210417
0 1.0 0.142969 0.273958 0.064062 0.160417
0 1.0 0.449219 0.073958 0.567187 0.147917
0 1.0 0.182812 0.291667 0.053125 0.166667
0 1.0 0.917188 0.951042 0.165625 0.097917
0 1.0 0.925781 0.182292 0.148438 0.164583
0 1.0 0.967187 0.214583 0.056250 0.170833
0 1.0 0.044531 0.242708 0.089063 0.106250
0 1.0 0.031250 0.273958 0.059375 0.118750
0 1.0 0.178125 0.192708 0.221875 0.318750
0 1.0 0.205469 0.188542 0.217188 0.122917
0 1.0 0.322656 0.202083 0.029687 0.066667
0 1.0 0.049219 0.193750 0.079687 0.133333
0 1.0 0.079687 0.211458 0.103125 0.235417
0 1.0 0.109375 0.182292 0.165625 0.102083
0 1.0 0.854688 0.125000 0.131250 0.104167
0 1.0 0.536719 0.190625 0.135937 0.093750
0 1.0 0.311719 0.189583 0.123438 0.120833
0 1.0 0.374219 0.201042 0.042188 0.077083
0 1.0 0.618750 0.198958 0.140625 0.164583
0 1.0 0.586719 0.237500 0.060937 0.112500
0 1.0 0.412500 0.191667 0.075000 0.075000
0 1.0 0.346094 0.241667 0.054688 0.145833
0 1.0 0.194531 0.190625 0.029687 0.068750
0 1.0 0.475000 0.243750 0.062500 0.108333
0 1.0 0.542969 0.205208 0.029687 0.052083
0 1.0 0.428906 0.190625 0.254688 0.114583
0 1.0 0.901563 0.914583 0.196875 0.133333
0 1.0 0.964844 0.904167 0.070312 0.170833
0 1.0 0.245312 0.965625 0.068750 0.068750
0 1.0 0.350781 0.942708 0.110937 0.114583
0 1.0 0.970313 0.954167 0.059375 0.091667
0 1.0 0.099219 0.950000 0.114062 0.100000
0 1.0 0.162500 0.959375 0.059375 0.077083
0 1.0 0.181250 0.962500 0.050000 0.058333
0 1.0 0.406250 0.952083 0.075000 0.079167
0 1.0 0.207813 0.955208 0.059375 0.077083
0 1.0 0.135937 0.942708 0.078125 0.114583
0 1.0 0.279687 0.959375 0.056250 0.060417
0 1.0 0.481250 0.959375 0.087500 0.068750
0 1.0 0.245312 0.933333 0.146875 0.133333
0 1.0 0.085156 0.964583 0.048438 0.058333
0 1.0 0.829688 0.903125 0.150000 0.189583
0 1.0 0.716406 0.890625 0.117188 0.218750
0 1.0 0.068750 0.961458 0.056250 0.077083
0 1.0 0.767969 0.954167 0.076563 0.091667
0 1.0 0.810937 0.955208 0.087500 0.089583
0 1.0 0.863281 0.954167 0.114062 0.091667
0 1.0 0.589063 0.958333 0.118750 0.079167
0 1.0 0.554688 0.915625 0.093750 0.168750
0 1.0 0.831250 0.961458 0.062500 0.064583
0 1.0 0.886719 0.963542 0.070312 0.064583
0 1.0 0.503906 0.941667 0.204687 0.116667
0 1.0 0.536719 0.958333 0.107813 0.075000
0 1.0 0.867969 0.957292 0.045312 0.068750
0 1.0 0.290625 0.954167 0.115625 0.091667
0 1.0 0.849219 0.963542 0.035937 0.056250
0 1.0 0.642188 0.960417 0.106250 0.075000
0 1.0 0.690625 0.946875 0.156250 0.106250
0 1.0 0.400000 0.958333 0.153125 0.083333
0 1.0 0.773438 0.935417 0.143750 0.129167
0 1.0 0.716406 0.959375 0.070312 0.064583
0 1.0 0.449219 0.146875 0.557813 0.222917
0 1.0 0.551562 0.496875 0.218750 0.502083
0 1.0 0.496094 0.720833 0.026562 0.075000
0 1.0 0.846094 0.655208 0.307812 0.243750
0 1.0 0.662500 0.740625 0.271875 0.393750
0 1.0 0.241406 0.507292 0.210938 0.527083
0 1.0 0.449219 0.834375 0.223438 0.331250
0 1.0 0.549219 0.902083 0.498437 0.195833
0 1.0 0.214062 0.146875 0.428125 0.214583
0 1.0 0.847656 0.391667 0.189062 0.633333
0 1.0 0.749219 0.164583 0.207813 0.329167
0 1.0 0.671094 0.331250 0.657813 0.662500
0 1.0 0.880469 0.881250 0.073438 0.112500
0 1.0 0.649219 0.248958 0.404687 0.435417
0 1.0 0.170313 0.352083 0.340625 0.458333
0 1.0 0.452344 0.248958 0.332813 0.385417
0 1.0 0.819531 0.245833 0.360938 0.433333
0 1.0 0.345313 0.345833 0.418750 0.433333
0 1.0 0.214062 0.248958 0.428125 0.214583
0 1.0 0.073438 0.290625 0.146875 0.581250
0 1.0 0.313281 0.825000 0.057813 0.108333
0 1.0 0.920312 0.743750 0.159375 0.508333
0 1.0 0.925781 0.370833 0.148438 0.579167