0 1.0 0.052344 0.050469 0.076563 0.100939
0 1.0 0.071094 0.075117 0.142187 0.150235
0 1.0 0.027344 0.061033 0.048438 0.089202
0 1.0 0.165625 0.043427 0.209375 0.086854
0 1.0 0.185156 0.062207 0.098437 0.124413
0 1.0 0.241406 0.061033 0.160938 0.122066
0 1.0 0.307031 0.052817 0.101562 0.105634
0 1.0 0.281250 0.037559 0.096875 0.075117
0 1.0 0.339844 0.813380 0.679688 0.373239
0 1.0 0.664844 0.821596 0.670312 0.356808
0 1.0 0.493750 0.543427 0.784375 0.546948
0 1.0 0.355469 0.056338 0.120313 0.112676
0 1.0 0.350781 0.079812 0.232813 0.159624
0 1.0 0.319531 0.026995 0.042188 0.049296
0 1.0 0.406250 0.058685 0.134375 0.117371
0 1.0 0.432031 0.034038 0.085938 0.068075
0 1.0 0.415625 0.031690 0.193750 0.063380
0 1.0 0.469531 0.052817 0.095312 0.105634
0 1.0 0.451562 0.077465 0.234375 0.154930
0 1.0 0.511719 0.029343 0.042188 0.049296
0 1.0 0.442188 0.062207 0.037500 0.077465
0 1.0 0.511719 0.041080 0.160938 0.082160
0 1.0 0.509375 0.063380 0.081250 0.126761
0 1.0 0.566406 0.053991 0.107813 0.107981
0 1.0 0.557031 0.078638 0.229687 0.157277
0 1.0 0.586719 0.031690 0.107813 0.063380
0 1.0 0.556250 0.069249 0.053125 0.119718
0 1.0 0.621094 0.053991 0.117188 0.107981
0 1.0 0.607031 0.061033 0.039062 0.070423
0 1.0 0.645312 0.031690 0.106250 0.063380
0 1.0 0.666406 0.080986 0.232813 0.161972
0 1.0 0.671875 0.061033 0.056250 0.089202
0 1.0 0.710156 0.044601 0.204687 0.089202
0 1.0 0.720313 0.052817 0.065625 0.100939
0 1.0 0.630469 0.699531 0.739062 0.338028
0 1.0 0.302344 0.674883 0.392188 0.598592
0 1.0 0.489844 0.686620 0.392188 0.598592
0 1.0 0.773438 0.059859 0.146875 0.119718
0 1.0 0.769531 0.084507 0.242188 0.169014
0 1.0 0.779687 0.056338 0.053125 0.089202
0 1.0 0.822656 0.042254 0.189062 0.084507
0 1.0 0.830469 0.055164 0.051562 0.086854
0 1.0 0.876563 0.057512 0.140625 0.115023
0 1.0 0.864844 0.079812 0.229687 0.159624
0 1.0 0.884375 0.052817 0.050000 0.077465
0 1.0 0.589063 0.498826 0.768750 0.293427
0 1.0 0.268750 0.704225 0.537500 0.319249
0 1.0 0.253125 0.498826 0.506250 0.321596
0 1.0 0.492969 0.326291 0.742188 0.370892
0 1.0 0.749219 0.303991 0.501563 0.293427
0 1.0 0.874219 0.028169 0.073438 0.056338
0 1.0 0.927344 0.052817 0.104688 0.105634
0 1.0 0.960156 0.058685 0.042188 0.070423
0 1.0 0.956250 0.032864 0.087500 0.065728
0 1.0 0.499219 0.120892 0.801562 0.241784
0 1.0 0.749219 0.120892 0.501563 0.241784
0 1.0 0.253906 0.308685 0.507812 0.302817
0 1.0 0.048438 0.085681 0.068750 0.082160
0 1.0 0.030469 0.116197 0.060937 0.161972
0 1.0 0.077344 0.127934 0.073438 0.194836
0 1.0 0.134375 0.097418 0.193750 0.194836
0 1.0 0.136719 0.124413 0.079687 0.211268
0 1.0 0.775000 0.922535 0.450000 0.154930
0 1.0 0.246875 0.120892 0.493750 0.241784
0 1.0 0.187500 0.127934 0.071875 0.199531
0 1.0 0.234375 0.126761 0.115625 0.253521
0 1.0 0.278906 0.088028 0.039062 0.058685
0 1.0 0.287500 0.110329 0.125000 0.220657
0 1.0 0.549219 0.921362 0.610938 0.157277
0 1.0 0.345313 0.118545 0.081250 0.218310
0 1.0 0.444531 0.086854 0.076563 0.089202
0 1.0 0.393750 0.120892 0.096875 0.241784
0 1.0 0.169531 0.924883 0.339062 0.150235
0 1.0 0.495312 0.088028 0.068750 0.082160
0 1.0 0.438281 0.116197 0.120313 0.199531
0 1.0 0.439844 0.143192 0.054688 0.154930
0 1.0 0.504687 0.111502 0.118750 0.208920
0 1.0 0.554688 0.115023 0.109375 0.197183
0 1.0 0.774219 0.848592 0.451562 0.199531
0 1.0 0.603125 0.116197 0.050000 0.110329
0 1.0 0.669531 0.118545 0.076563 0.152582
0 1.0 0.715625 0.112676 0.096875 0.183099
0 1.0 0.539062 0.849765 0.600000 0.192488
0 1.0 0.774219 0.116197 0.089063 0.176056
0 1.0 0.823438 0.112676 0.084375 0.164319
0 1.0 0.878906 0.111502 0.079687 0.152582
0 1.0 0.916406 0.109155 0.123438 0.218310
0 1.0 0.952344 0.082160 0.095312 0.117371
0 1.0 0.962500 0.116197 0.056250 0.124413
0 1.0 0.829688 0.752347 0.340625 0.208920
0 1.0 0.170313 0.845070 0.340625 0.201878
0 1.0 0.061719 0.129108 0.123438 0.089202
0 1.0 0.025000 0.186620 0.046875 0.161972
0 1.0 0.447656 0.721831 0.207813 0.490610
0 1.0 0.642969 0.740610 0.257812 0.448357
0 1.0 0.135156 0.717136 0.226562 0.518779
0 1.0 0.253125 0.721831 0.203125 0.509390
0 1.0 0.199219 0.125587 0.295312 0.129108
0 1.0 0.187500 0.183099 0.056250 0.164319
0 1.0 0.835156 0.647887 0.329688 0.211268
0 1.0 0.167969 0.755869 0.335938 0.220657
0 1.0 0.640625 0.633803 0.490625 0.276995
0 1.0 0.751563 0.631455 0.243750 0.464789
0 1.0 0.267969 0.142019 0.045312 0.068075
0 1.0 0.289062 0.193662 0.059375 0.171362
0 1.0 0.369531 0.127934 0.167187 0.105634
0 1.0 0.403906 0.136150 0.251563 0.272300
0 1.0 0.418750 0.129108 0.306250 0.131455
0 1.0 0.449219 0.642019 0.517188 0.293427
0 1.0 0.845313 0.539906 0.228125 0.422535
0 1.0 0.770312 0.543427 0.459375 0.208920
0 1.0 0.175000 0.647887 0.350000 0.206573
0 1.0 0.503125 0.136150 0.062500 0.089202
0 1.0 0.478125 0.131455 0.165625 0.103286
0 1.0 0.494531 0.144366 0.239063 0.274648
0 1.0 0.504687 0.177230 0.087500 0.251174
0 1.0 0.549219 0.549296 0.204687 0.464789
0 1.0 0.645312 0.522300 0.253125 0.387324
0 1.0 0.353906 0.585681 0.210938 0.537559
0 1.0 0.560937 0.126761 0.268750 0.122066
0 1.0 0.552344 0.183099 0.076563 0.215962
0 1.0 0.611719 0.142019 0.251563 0.269953
0 1.0 0.608594 0.173709 0.039062 0.098592
0 1.0 0.605469 0.186620 0.057813 0.166667
0 1.0 0.671094 0.171362 0.064062 0.136150
0 1.0 0.718750 0.136150 0.234375 0.272300
0 1.0 0.742188 0.469484 0.190625 0.417840
0 1.0 0.796875 0.454225 0.406250 0.227700
0 1.0 0.814844 0.132629 0.185938 0.213615
0 1.0 0.240625 0.467136 0.237500 0.380282
0 1.0 0.364063 0.453052 0.728125 0.154930
0 1.0 0.446875 0.461268 0.250000 0.373239
0 1.0 0.835156 0.354460 0.329688 0.211268
0 1.0 0.149219 0.485915 0.210938 0.464789
0 1.0 0.872656 0.149061 0.110937 0.288732
0 1.0 0.910937 0.123239 0.178125 0.119718
0 1.0 0.964063 0.163146 0.053125 0.124413
0 1.0 0.549219 0.379108 0.264062 0.415493
0 1.0 0.627344 0.370892 0.526563 0.239437
0 1.0 0.385937 0.366197 0.668750 0.197183
0 1.0 0.349219 0.359155 0.207813 0.450704
0 1.0 0.049219 0.196009 0.076563 0.124413
0 1.0 0.070312 0.185446 0.140625 0.276995
0 1.0 0.027344 0.245305 0.035937 0.138498
0 1.0 0.103906 0.180751 0.207813 0.150235
0 1.0 0.121875 0.181925 0.146875 0.091549
0 1.0 0.081250 0.238263 0.056250 0.171362
0 1.0 0.837500 0.248826 0.325000 0.211268
0 1.0 0.136719 0.224178 0.098437 0.176056
0 1.0 0.137500 0.251174 0.043750 0.126761
0 1.0 0.196094 0.200704 0.020313 0.044601
0 1.0 0.183594 0.197183 0.232813 0.305164
0 1.0 0.176563 0.224178 0.090625 0.161972
0 1.0 0.239063 0.190141 0.184375 0.107981
0 1.0 0.191406 0.264085 0.039062 0.119718
0 1.0 0.241406 0.228873 0.101562 0.213615
0 1.0 0.332031 0.207746 0.023438 0.049296
0 1.0 0.289062 0.192488 0.256250 0.286385
0 1.0 0.310937 0.184272 0.153125 0.138498
0 1.0 0.282031 0.235915 0.098437 0.147887
0 1.0 0.285156 0.279343 0.051562 0.126761
0 1.0 0.362500 0.186620 0.065625 0.100939
0 1.0 0.344531 0.248826 0.057813 0.159624
0 1.0 0.399219 0.196009 0.132812 0.279343
0 1.0 0.412500 0.179577 0.293750 0.129108
0 1.0 0.488281 0.206573 0.042188 0.075117
0 1.0 0.439844 0.225352 0.101562 0.173709
0 1.0 0.518750 0.190141 0.068750 0.079812
0 1.0 0.443750 0.265258 0.040625 0.117371
0 1.0 0.508594 0.248826 0.060937 0.183099
0 1.0 0.536719 0.181925 0.245312 0.157277
0 1.0 0.554688 0.251174 0.056250 0.150235
0 1.0 0.617188 0.194836 0.140625 0.150235
0 1.0 0.604688 0.250000 0.031250 0.063380
0 1.0 0.669531 0.192488 0.145313 0.159624
0 1.0 0.672656 0.233568 0.054688 0.096244
0 1.0 0.678906 0.181925 0.295312 0.119718
0 1.0 0.717187 0.213615 0.071875 0.122066
0 1.0 0.771094 0.183099 0.170313 0.211268
0 1.0 0.775000 0.203052 0.087500 0.180751
0 1.0 0.817187 0.203052 0.084375 0.176056
0 1.0 0.821875 0.178404 0.284375 0.131455
0 1.0 0.839844 0.179577 0.110937 0.091549
0 1.0 0.903906 0.177230 0.192188 0.166667
0 1.0 0.916406 0.207746 0.104688 0.321596
0 1.0 0.953906 0.186620 0.092188 0.157277
0 1.0 0.960938 0.226526 0.059375 0.129108
0 1.0 0.050781 0.250000 0.101562 0.143192
0 1.0 0.033594 0.309859 0.032813 0.075117
0 1.0 0.032813 0.341549 0.018750 0.063380
0 1.0 0.090625 0.302817 0.031250 0.070423
0 1.0 0.118750 0.237089 0.171875 0.093897
0 1.0 0.089844 0.320423 0.020313 0.063380
0 1.0 0.152344 0.334507 0.023438 0.049296
0 1.0 0.146875 0.363850 0.018750 0.056338
0 1.0 0.185156 0.262911 0.148438 0.150235
0 1.0 0.193750 0.321596 0.050000 0.084507
0 1.0 0.211719 0.239437 0.289062 0.112676
0 1.0 0.198437 0.369718 0.018750 0.058685
0 1.0 0.247656 0.316901 0.051562 0.122066
0 1.0 0.268750 0.257042 0.028125 0.053991
0 1.0 0.274219 0.316901 0.082812 0.131455
0 1.0 0.280469 0.352113 0.035937 0.098592
0 1.0 0.349219 0.252347 0.164062 0.176056
0 1.0 0.347656 0.307512 0.076563 0.136150
0 1.0 0.375000 0.234742 0.300000 0.117371
0 1.0 0.347656 0.345070 0.035937 0.103286
0 1.0 0.401562 0.245305 0.234375 0.284038
0 1.0 0.916406 0.962441 0.135937 0.075117
0 1.0 0.971875 0.965962 0.046875 0.068075
0 1.0 0.401562 0.272300 0.093750 0.183099
0 1.0 0.399219 0.298122 0.054688 0.164319
0 1.0 0.455469 0.257042 0.173437 0.161972
0 1.0 0.492969 0.241784 0.082812 0.098592
0 1.0 0.448437 0.319249 0.068750 0.098592
0 1.0 0.450781 0.363850 0.020313 0.056338
0 1.0 0.499219 0.250000 0.232813 0.288732
0 1.0 0.511719 0.239437 0.170313 0.140845
0 1.0 0.510156 0.312207 0.051562 0.112676
0 1.0 0.876563 0.949531 0.137500 0.100939
0 1.0 0.811719 0.961268 0.042188 0.063380
0 1.0 0.796094 0.963615 0.023438 0.044601
0 1.0 0.854688 0.968310 0.075000 0.063380
0 1.0 0.952344 0.951878 0.095312 0.096244
0 1.0 0.742969 0.955399 0.114062 0.089202
0 1.0 0.771875 0.963615 0.050000 0.053991
0 1.0 0.824219 0.953052 0.120313 0.093897
0 1.0 0.655469 0.960094 0.032813 0.046948
0 1.0 0.555469 0.958920 0.073438 0.082160
0 1.0 0.626563 0.955399 0.103125 0.089202
0 1.0 0.623437 0.923709 0.225000 0.152582
0 1.0 0.701562 0.960094 0.034375 0.046948
0 1.0 0.671094 0.949531 0.123438 0.100939
0 1.0 0.747656 0.961268 0.039062 0.049296
0 1.0 0.466406 0.955399 0.101562 0.089202
0 1.0 0.467969 0.920188 0.229687 0.159624
0 1.0 0.497656 0.953052 0.067187 0.070423
0 1.0 0.525000 0.960094 0.031250 0.042254
0 1.0 0.520312 0.950704 0.112500 0.098592
0 1.0 0.581250 0.950704 0.056250 0.070423
0 1.0 0.599219 0.958920 0.032813 0.044601
0 1.0 0.633594 0.953052 0.051562 0.070423
0 1.0 0.311719 0.958920 0.054688 0.072770
0 1.0 0.289062 0.944836 0.112500 0.110329
0 1.0 0.326562 0.963615 0.046875 0.053991
0 1.0 0.359375 0.955399 0.100000 0.089202
0 1.0 0.357812 0.922535 0.221875 0.154930
0 1.0 0.391406 0.961268 0.032813 0.044601
0 1.0 0.410156 0.951878 0.107813 0.096244
0 1.0 0.469531 0.961268 0.057813 0.053991
0 1.0 0.211719 0.963615 0.042188 0.049296
0 1.0 0.136719 0.956573 0.076563 0.086854
0 1.0 0.205469 0.958920 0.089063 0.082160
0 1.0 0.267969 0.962441 0.045312 0.051643
0 1.0 0.241406 0.944836 0.098437 0.110329
0 1.0 0.295312 0.962441 0.037500 0.046948
0 1.0 0.053125 0.956573 0.093750 0.086854
0 1.0 0.071875 0.923709 0.143750 0.152582
0 1.0 0.090625 0.967136 0.034375 0.046948
0 1.0 0.096094 0.957746 0.101562 0.084507
0 1.0 0.168750 0.963615 0.050000 0.053991
0 1.0 0.795312 0.924883 0.165625 0.107981
0 1.0 0.921875 0.921362 0.115625 0.143192
0 1.0 0.889062 0.888498 0.221875 0.223005
0 1.0 0.715625 0.910798 0.109375 0.178404
0 1.0 0.776563 0.943662 0.075000 0.112676
0 1.0 0.446875 0.923709 0.096875 0.152582
0 1.0 0.571094 0.929577 0.114062 0.122066
0 1.0 0.342187 0.910798 0.106250 0.178404
0 1.0 0.391406 0.916667 0.098437 0.166667
0 1.0 0.197656 0.926056 0.117188 0.133803
0 1.0 0.050781 0.931925 0.070312 0.084507
0 1.0 0.027344 0.936620 0.054688 0.126761
0 1.0 0.134375 0.921362 0.100000 0.157277
0 1.0 0.805469 0.872066 0.095312 0.086854
0 1.0 0.872656 0.823944 0.042188 0.084507
0 1.0 0.930469 0.879108 0.104688 0.115023
0 1.0 0.926562 0.854460 0.050000 0.103286
0 1.0 0.960156 0.884977 0.039062 0.070423
0 1.0 0.965625 0.863850 0.021875 0.046948
0 1.0 0.764844 0.877934 0.185938 0.187793
0 1.0 0.787500 0.902582 0.031250 0.068075
0 1.0 0.778125 0.886150 0.043750 0.100939
0 1.0 0.819531 0.886150 0.029687 0.068075
0 1.0 0.814063 0.855634 0.037500 0.086854
0 1.0 0.865625 0.881455 0.040625 0.063380
0 1.0 0.882812 0.860329 0.034375 0.068075
0 1.0 0.619531 0.921362 0.029687 0.053991
0 1.0 0.620313 0.874413 0.328125 0.129108
0 1.0 0.613281 0.903756 0.039062 0.075117
0 1.0 0.671094 0.916667 0.026562 0.049296
0 1.0 0.662500 0.901408 0.034375 0.065728
0 1.0 0.730469 0.880282 0.035937 0.065728
0 1.0 0.721094 0.861502 0.051562 0.098592
0 1.0 0.452344 0.874413 0.042188 0.086854
0 1.0 0.501563 0.855634 0.250000 0.251174
0 1.0 0.542969 0.882629 0.089063 0.098592
0 1.0 0.503125 0.887324 0.081250 0.136150
0 1.0 0.597656 0.883803 0.089063 0.086854
0 1.0 0.575000 0.903756 0.053125 0.093897
0 1.0 0.352344 0.848592 0.270313 0.260563
0 1.0 0.348438 0.886150 0.043750 0.105634
0 1.0 0.442969 0.879108 0.089063 0.100939
0 1.0 0.419531 0.874413 0.289062 0.129108
0 1.0 0.396094 0.876761 0.057813 0.124413
0 1.0 0.196094 0.880282 0.173437 0.145540
0 1.0 0.196875 0.884977 0.068750 0.145540
0 1.0 0.248438 0.875587 0.118750 0.117371
0 1.0 0.229687 0.895540 0.065625 0.129108
0 1.0 0.295312 0.881455 0.134375 0.157277
0 1.0 0.299219 0.883803 0.060937 0.082160
0 1.0 0.056250 0.872066 0.112500 0.082160
0 1.0 0.028906 0.894366 0.042188 0.122066
0 1.0 0.078125 0.887324 0.081250 0.145540
0 1.0 0.121094 0.874413 0.242188 0.124413
0 1.0 0.142187 0.882629 0.056250 0.126761
0 1.0 0.913281 0.811033 0.164062 0.208920
0 1.0 0.902344 0.816901 0.101562 0.117371
0 1.0 0.944531 0.815728 0.110937 0.129108
0 1.0 0.967969 0.846244 0.057813 0.190141
0 1.0 0.063281 0.879108 0.042188 0.068075
0 1.0 0.767188 0.815728 0.109375 0.110329
0 1.0 0.765625 0.796948 0.134375 0.293427
0 1.0 0.814063 0.793427 0.121875 0.258216
0 1.0 0.758594 0.809859 0.304688 0.136150
0 1.0 0.821875 0.821596 0.025000 0.051643
0 1.0 0.867969 0.799296 0.120313 0.293427
0 1.0 0.626563 0.813380 0.353125 0.129108
0 1.0 0.606250 0.827465 0.115625 0.284038
0 1.0 0.664062 0.818075 0.196875 0.232394
0 1.0 0.710938 0.822770 0.075000 0.100939
0 1.0 0.710938 0.812207 0.128125 0.328638
0 1.0 0.545312 0.822770 0.075000 0.100939
0 1.0 0.587500 0.822770 0.071875 0.091549
0 1.0 0.645312 0.819249 0.121875 0.117371
0 1.0 0.361719 0.825117 0.135937 0.115023
0 1.0 0.346094 0.820423 0.123438 0.345070
0 1.0 0.444531 0.827465 0.073438 0.091549
0 1.0 0.406250 0.816901 0.328125 0.131455
0 1.0 0.395313 0.815728 0.137500 0.359155
0 1.0 0.515625 0.828638 0.043750 0.075117
0 1.0 0.184375 0.818075 0.118750 0.345070
0 1.0 0.232031 0.821596 0.173437 0.234742
0 1.0 0.269531 0.821596 0.079687 0.103286
0 1.0 0.242188 0.814554 0.315625 0.131455
0 1.0 0.321875 0.830986 0.043750 0.075117
0 1.0 0.285938 0.820423 0.128125 0.340376
0 1.0 0.118750 0.823944 0.096875 0.117371
0 1.0 0.073438 0.812207 0.146875 0.314554
0 1.0 0.153906 0.820423 0.142187 0.143192
0 1.0 0.135937 0.812207 0.140625 0.352113
0 1.0 0.203906 0.820423 0.135937 0.133803
0 1.0 0.873437 0.765258 0.206250 0.131455
0 1.0 0.961719 0.768779 0.076563 0.180751
0 1.0 0.936719 0.760563 0.126562 0.112676
0 1.0 0.058594 0.825117 0.042188 0.072770
0 1.0 0.064062 0.815728 0.128125 0.100939
0 1.0 0.824219 0.774648 0.023438 0.056338
0 1.0 0.752344 0.766432 0.089063 0.086854
0 1.0 0.698438 0.778169 0.087500 0.105634
0 1.0 0.664062 0.767606 0.300000 0.136150
0 1.0 0.658594 0.742958 0.120313 0.345070
0 1.0 0.782813 0.767606 0.128125 0.131455
0 1.0 0.558594 0.772300 0.057813 0.098592
0 1.0 0.500000 0.776995 0.143750 0.309859
0 1.0 0.511719 0.764085 0.323437 0.147887
0 1.0 0.552344 0.762911 0.185938 0.234742
0 1.0 0.587500 0.774648 0.062500 0.089202
0 1.0 0.337500 0.762911 0.328125 0.140845
0 1.0 0.455469 0.771127 0.054688 0.091549
0 1.0 0.525781 0.773474 0.032813 0.077465
0 1.0 0.447656 0.771127 0.123438 0.354460
0 1.0 0.271875 0.769953 0.090625 0.117371
0 1.0 0.317188 0.775822 0.043750 0.082160
0 1.0 0.356250 0.768779 0.140625 0.133803
0 1.0 0.124219 0.767606 0.095312 0.122066
0 1.0 0.117188 0.761737 0.234375 0.138498
0 1.0 0.199219 0.767606 0.142187 0.150235
0 1.0 0.842187 0.708920 0.203125 0.122066
0 1.0 0.920312 0.681925 0.115625 0.340376
0 1.0 0.939844 0.699531 0.120313 0.192488
0 1.0 0.967187 0.699531 0.053125 0.187793
0 1.0 0.056250 0.768779 0.040625 0.072770
0 1.0 0.042969 0.762911 0.085938 0.309859
0 1.0 0.060156 0.759390 0.120313 0.100939
0 1.0 0.812500 0.693662 0.081250 0.199531
0 1.0 0.801562 0.708920 0.025000 0.056338
0 1.0 0.870313 0.686620 0.112500 0.227700
0 1.0 0.736719 0.706573 0.039062 0.065728
0 1.0 0.713281 0.704225 0.064062 0.093897
0 1.0 0.667188 0.700704 0.328125 0.138498
0 1.0 0.715625 0.693662 0.196875 0.227700
0 1.0 0.747656 0.700704 0.085938 0.100939
0 1.0 0.788281 0.698357 0.123438 0.110329
0 1.0 0.775000 0.686620 0.090625 0.241784
0 1.0 0.511719 0.710094 0.298438 0.129108
0 1.0 0.585156 0.717136 0.051562 0.072770
0 1.0 0.552344 0.693662 0.107813 0.359155
0 1.0 0.606250 0.698357 0.178125 0.227700
0 1.0 0.594531 0.687793 0.095312 0.328638
0 1.0 0.399219 0.698357 0.189062 0.237089
0 1.0 0.460156 0.715962 0.042188 0.079812
0 1.0 0.528125 0.718310 0.028125 0.065728
0 1.0 0.560937 0.714789 0.050000 0.082160
0 1.0 0.268750 0.711268 0.071875 0.103286
0 1.0 0.232813 0.719484 0.134375 0.340376
0 1.0 0.229687 0.707746 0.340625 0.138498
0 1.0 0.296094 0.700704 0.157812 0.223005
0 1.0 0.298438 0.717136 0.031250 0.072770
0 1.0 0.346875 0.712441 0.106250 0.119718
0 1.0 0.346094 0.707746 0.148438 0.345070
0 1.0 0.108594 0.704225 0.217188 0.126761
0 1.0 0.164062 0.710094 0.096875 0.124413
0 1.0 0.179688 0.710094 0.153125 0.223005
0 1.0 0.956250 0.646714 0.065625 0.171362
0 1.0 0.949219 0.649061 0.101562 0.086854
0 1.0 0.068750 0.708920 0.034375 0.070423
0 1.0 0.055469 0.705399 0.110937 0.091549
0 1.0 0.131250 0.707746 0.056250 0.096244
0 1.0 0.783594 0.660798 0.026562 0.063380
0 1.0 0.724219 0.657277 0.029687 0.061033
0 1.0 0.848437 0.656103 0.209375 0.119718
0 1.0 0.662500 0.631455 0.090625 0.267606
0 1.0 0.750781 0.653756 0.085938 0.100939
0 1.0 0.728906 0.631455 0.073438 0.192488
0 1.0 0.703906 0.651408 0.317188 0.133803
0 1.0 0.773438 0.638498 0.153125 0.201878
0 1.0 0.555469 0.637324 0.179688 0.232394
0 1.0 0.603125 0.649061 0.050000 0.082160
0 1.0 0.560937 0.650235 0.315625 0.126761
0 1.0 0.584375 0.637324 0.053125 0.161972
0 1.0 0.723437 0.651408 0.053125 0.082160
0 1.0 0.475781 0.659624 0.029687 0.070423
0 1.0 0.415625 0.653756 0.334375 0.133803
0 1.0 0.457031 0.647887 0.157812 0.201878
0 1.0 0.538281 0.654930 0.023438 0.056338
0 1.0 0.572656 0.651408 0.045312 0.086854
0 1.0 0.503906 0.649061 0.114062 0.284038
0 1.0 0.293750 0.664319 0.025000 0.061033
0 1.0 0.357031 0.656103 0.082812 0.105634
0 1.0 0.161719 0.657277 0.092188 0.126761
0 1.0 0.135156 0.646714 0.135937 0.298122
0 1.0 0.269531 0.658451 0.051562 0.091549
0 1.0 0.935156 0.591549 0.129688 0.122066
0 1.0 0.962500 0.604460 0.037500 0.124413
0 1.0 0.055469 0.642019 0.110937 0.208920
0 1.0 0.082031 0.657277 0.029687 0.065728
0 1.0 0.802344 0.593897 0.229687 0.112676
0 1.0 0.803906 0.612676 0.067187 0.220657
0 1.0 0.866406 0.595070 0.189062 0.218310
0 1.0 0.793750 0.602113 0.018750 0.039906
0 1.0 0.873437 0.598592 0.078125 0.183099
0 1.0 0.717187 0.599765 0.018750 0.039906
0 1.0 0.718750 0.593897 0.171875 0.206573
0 1.0 0.684375 0.592723 0.250000 0.115023
0 1.0 0.778906 0.599765 0.070312 0.204225
0 1.0 0.635938 0.577465 0.034375 0.061033
0 1.0 0.563281 0.589202 0.092188 0.234742
0 1.0 0.697656 0.586854 0.060937 0.070423
0 1.0 0.675781 0.606808 0.048438 0.133803
0 1.0 0.437500 0.586854 0.237500 0.098592
0 1.0 0.392188 0.588028 0.090625 0.269953
0 1.0 0.450781 0.580986 0.270313 0.260563
0 1.0 0.553906 0.582160 0.017188 0.042254
0 1.0 0.448437 0.600939 0.053125 0.173709
0 1.0 0.596094 0.580986 0.026562 0.058685
0 1.0 0.536719 0.584507 0.282813 0.117371
0 1.0 0.496875 0.597418 0.071875 0.232394
0 1.0 0.566406 0.583333 0.270313 0.241784
0 1.0 0.292187 0.588028 0.171875 0.204225
0 1.0 0.306250 0.595070 0.018750 0.039906
0 1.0 0.226562 0.592723 0.184375 0.086854
0 1.0 0.287500 0.578638 0.065625 0.232394
0 1.0 0.389844 0.582160 0.054688 0.070423
0 1.0 0.340625 0.598592 0.075000 0.215962
0 1.0 0.500781 0.585681 0.017188 0.044601
0 1.0 0.148438 0.596244 0.081250 0.112676
0 1.0 0.125000 0.597418 0.237500 0.124413
0 1.0 0.137500 0.585681 0.068750 0.204225
0 1.0 0.175781 0.592723 0.167187 0.218310
0 1.0 0.186719 0.578638 0.054688 0.166667
0 1.0 0.284375 0.596244 0.040625 0.070423
0 1.0 0.243750 0.589202 0.109375 0.281690
0 1.0 0.957031 0.539906 0.085938 0.084507
0 1.0 0.071094 0.593897 0.023438 0.065728
0 1.0 0.046875 0.592723 0.093750 0.091549
0 1.0 0.029687 0.589202 0.059375 0.220657
0 1.0 0.095312 0.590376 0.190625 0.269953
0 1.0 0.070312 0.553991 0.062500 0.169014
0 1.0 0.839844 0.539906 0.070312 0.084507
0 1.0 0.884375 0.562207 0.043750 0.129108
0 1.0 0.814063 0.539906 0.018750 0.046948
0 1.0 0.903906 0.544601 0.170313 0.206573
0 1.0 0.947656 0.584507 0.054688 0.112676
0 1.0 0.731250 0.584507 0.043750 0.136150
0 1.0 0.771875 0.542254 0.321875 0.126761
0 1.0 0.799219 0.548122 0.185938 0.227700
0 1.0 0.573438 0.549296 0.334375 0.122066
0 1.0 0.568750 0.589202 0.043750 0.150235
0 1.0 0.582812 0.597418 0.028125 0.096244
0 1.0 0.682031 0.590376 0.029687 0.086854
0 1.0 0.470313 0.539906 0.146875 0.183099
0 1.0 0.539062 0.543427 0.031250 0.072770
0 1.0 0.448437 0.553991 0.034375 0.107981
0 1.0 0.345313 0.531690 0.031250 0.058685
0 1.0 0.279687 0.518779 0.100000 0.211268
0 1.0 0.292187 0.531690 0.237500 0.105634
0 1.0 0.350781 0.535211 0.182812 0.197183
0 1.0 0.385156 0.532864 0.207813 0.098592
0 1.0 0.480469 0.537559 0.039062 0.079812
0 1.0 0.437500 0.538732 0.359375 0.133803
0 1.0 0.155469 0.541080 0.273438 0.124413
0 1.0 0.030469 0.545775 0.039062 0.077465
0 1.0 0.044531 0.545775 0.089063 0.105634
0 1.0 0.875000 0.498826 0.084375 0.082160
0 1.0 0.893750 0.544601 0.028125 0.084507
0 1.0 0.855469 0.498826 0.026562 0.044601
0 1.0 0.877344 0.532864 0.067187 0.192488
0 1.0 0.880469 0.498826 0.239063 0.105634
0 1.0 0.922656 0.515258 0.089063 0.232394
0 1.0 0.950781 0.504695 0.098437 0.131455
0 1.0 0.939844 0.550469 0.042188 0.082160
0 1.0 0.953906 0.573944 0.029687 0.077465
0 1.0 0.734375 0.496479 0.353125 0.110329
0 1.0 0.771094 0.538732 0.067187 0.180751
0 1.0 0.820312 0.546948 0.043750 0.126761
0 1.0 0.592969 0.515258 0.185938 0.199531
0 1.0 0.683594 0.569249 0.020313 0.058685
0 1.0 0.714844 0.510563 0.179688 0.199531
0 1.0 0.464844 0.494131 0.264062 0.100939
0 1.0 0.503906 0.503521 0.276562 0.227700
0 1.0 0.497656 0.542254 0.057813 0.140845
0 1.0 0.567187 0.555164 0.065625 0.147887
0 1.0 0.574219 0.496479 0.310937 0.110329
0 1.0 0.301563 0.482394 0.321875 0.105634
0 1.0 0.350781 0.489437 0.279687 0.223005
0 1.0 0.336719 0.487089 0.142187 0.105634
0 1.0 0.345313 0.524648 0.065625 0.161972
0 1.0 0.393750 0.529343 0.062500 0.157277
0 1.0 0.182031 0.478873 0.207813 0.197183
0 1.0 0.248438 0.503521 0.075000 0.180751
0 1.0 0.056250 0.484742 0.034375 0.058685
0 1.0 0.076563 0.495305 0.153125 0.201878
0 1.0 0.143750 0.476526 0.137500 0.079812
0 1.0 0.123438 0.511737 0.121875 0.248826
0 1.0 0.186719 0.477700 0.264062 0.100939
0 1.0 0.125000 0.532864 0.062500 0.197183
0 1.0 0.867188 0.473005 0.018750 0.035211
0 1.0 0.885938 0.517606 0.031250 0.072770
0 1.0 0.931250 0.471831 0.062500 0.098592
0 1.0 0.929688 0.446009 0.140625 0.239437
0 1.0 0.891406 0.462441 0.160938 0.117371
0 1.0 0.939063 0.512911 0.031250 0.053991
0 1.0 0.939063 0.458920 0.040625 0.058685
0 1.0 0.954688 0.528169 0.018750 0.042254
0 1.0 0.762500 0.475352 0.175000 0.190141
0 1.0 0.782813 0.541080 0.021875 0.068075
0 1.0 0.759375 0.451878 0.321875 0.119718
0 1.0 0.827344 0.473005 0.123438 0.143192
0 1.0 0.842969 0.541080 0.014063 0.044601
0 1.0 0.901563 0.523474 0.015625 0.037559
0 1.0 0.604688 0.456573 0.309375 0.138498
0 1.0 0.599219 0.539906 0.010937 0.032864
0 1.0 0.602344 0.564554 0.020313 0.068075
0 1.0 0.685937 0.536385 0.015625 0.039906
0 1.0 0.674219 0.549296 0.026562 0.075117
0 1.0 0.728125 0.535211 0.021875 0.061033
0 1.0 0.718750 0.539906 0.043750 0.122066
0 1.0 0.536719 0.460094 0.010937 0.023474
0 1.0 0.457031 0.515258 0.017188 0.053991
0 1.0 0.499219 0.484742 0.095312 0.110329
0 1.0 0.503125 0.532864 0.018750 0.056338
0 1.0 0.533594 0.453052 0.120313 0.070423
0 1.0 0.500000 0.543427 0.031250 0.100939
0 1.0 0.570312 0.485915 0.078125 0.093897
0 1.0 0.572656 0.543427 0.023438 0.058685
0 1.0 0.610938 0.456573 0.106250 0.068075
0 1.0 0.569531 0.565728 0.026562 0.089202
0 1.0 0.382812 0.489437 0.025000 0.049296
0 1.0 0.269531 0.461268 0.014063 0.030516
0 1.0 0.354687 0.489437 0.037500 0.086854
0 1.0 0.415625 0.481221 0.068750 0.093897
0 1.0 0.409375 0.458920 0.268750 0.115023
0 1.0 0.514844 0.509390 0.017188 0.042254
0 1.0 0.464844 0.455399 0.173437 0.075117
0 1.0 0.453906 0.484742 0.070312 0.133803
0 1.0 0.200000 0.474178 0.078125 0.126761
0 1.0 0.283594 0.460094 0.032813 0.046948
0 1.0 0.201563 0.496479 0.037500 0.091549
0 1.0 0.248438 0.454225 0.146875 0.147887
0 1.0 0.262500 0.489437 0.028125 0.082160
0 1.0 0.264062 0.455399 0.109375 0.075117
0 1.0 0.318750 0.482394 0.025000 0.053991
0 1.0 0.322656 0.458920 0.220312 0.091549
0 1.0 0.289062 0.487089 0.037500 0.100939
0 1.0 0.128125 0.447183 0.012500 0.030516
0 1.0 0.096094 0.465962 0.076563 0.100939
0 1.0 0.110937 0.437793 0.215625 0.110329
0 1.0 0.078906 0.511737 0.023438 0.070423
0 1.0 0.193750 0.443662 0.015625 0.032864
0 1.0 0.075000 0.514085 0.043750 0.136150
0 1.0 0.146094 0.507042 0.029687 0.070423
0 1.0 0.227344 0.449531 0.051562 0.049296
0 1.0 0.136719 0.518779 0.042188 0.122066
0 1.0 0.232031 0.474178 0.029687 0.051643
0 1.0 0.927344 0.420188 0.095312 0.131455
0 1.0 0.935937 0.487089 0.025000 0.044601
0 1.0 0.100000 0.446009 0.021875 0.042254
0 1.0 0.029687 0.502347 0.043750 0.103286
0 1.0 0.792969 0.500000 0.014063 0.037559
0 1.0 0.753125 0.406103 0.284375 0.131455
0 1.0 0.775000 0.496479 0.046875 0.110329
0 1.0 0.850781 0.495305 0.010937 0.028169
0 1.0 0.830469 0.487089 0.035937 0.082160
0 1.0 0.878906 0.426056 0.104688 0.115023
0 1.0 0.821875 0.421362 0.156250 0.115023
0 1.0 0.900781 0.492958 0.014063 0.032864
0 1.0 0.883594 0.487089 0.039062 0.086854
0 1.0 0.629687 0.407277 0.300000 0.129108
0 1.0 0.621094 0.492958 0.026562 0.070423
0 1.0 0.666406 0.400235 0.279687 0.237089
0 1.0 0.685156 0.492958 0.014063 0.032864
0 1.0 0.671875 0.500000 0.031250 0.075117
0 1.0 0.728906 0.490610 0.017188 0.042254
0 1.0 0.716406 0.483568 0.054688 0.122066
0 1.0 0.769531 0.422535 0.139063 0.145540
0 1.0 0.493750 0.422535 0.175000 0.169014
0 1.0 0.503906 0.501174 0.014063 0.039906
0 1.0 0.496094 0.505869 0.032813 0.096244
0 1.0 0.564844 0.423709 0.104688 0.110329
0 1.0 0.571094 0.501174 0.014063 0.035211
0 1.0 0.560156 0.502347 0.039062 0.089202
0 1.0 0.617188 0.416667 0.121875 0.138498
0 1.0 0.631250 0.490610 0.012500 0.032864
0 1.0 0.362500 0.441315 0.068750 0.145540
0 1.0 0.341406 0.416667 0.264062 0.119718
0 1.0 0.419531 0.423709 0.154688 0.096244
0 1.0 0.401562 0.460094 0.031250 0.070423
0 1.0 0.484375 0.434272 0.043750 0.075117
0 1.0 0.464844 0.449531 0.064062 0.105634
0 1.0 0.471094 0.420188 0.117188 0.075117
0 1.0 0.460938 0.489437 0.028125 0.077465
0 1.0 0.210938 0.413146 0.300000 0.131455
0 1.0 0.201563 0.458920 0.037500 0.096244
0 1.0 0.268750 0.473005 0.018750 0.053991
0 1.0 0.255469 0.468310 0.048438 0.124413
0 1.0 0.297656 0.431925 0.060937 0.117371
0 1.0 0.092969 0.424883 0.098437 0.122066
0 1.0 0.107031 0.397887 0.214062 0.237089
0 1.0 0.084375 0.475352 0.015625 0.039906
0 1.0 0.077344 0.468310 0.032813 0.082160
0 1.0 0.161719 0.469484 0.017188 0.042254
0 1.0 0.142969 0.465962 0.039062 0.096244
0 1.0 0.212500 0.420188 0.084375 0.122066
0 1.0 0.907031 0.354460 0.185938 0.150235
0 1.0 0.926562 0.454225 0.031250 0.077465
0 1.0 0.953906 0.380282 0.092188 0.117371
0 1.0 0.935937 0.346244 0.128125 0.096244
0 1.0 0.950000 0.488263 0.012500 0.032864
0 1.0 0.067187 0.440141 0.034375 0.058685
0 1.0 0.109375 0.440141 0.015625 0.030516
0 1.0 0.091406 0.426056 0.070312 0.053991
0 1.0 0.762500 0.348592 0.284375 0.105634
0 1.0 0.780469 0.443662 0.039062 0.089202
0 1.0 0.820312 0.372066 0.159375 0.133803
0 1.0 0.847656 0.450704 0.014063 0.032864
0 1.0 0.835156 0.463615 0.023438 0.058685
0 1.0 0.895312 0.458920 0.012500 0.030516
0 1.0 0.884375 0.465962 0.025000 0.058685
0 1.0 0.660156 0.375587 0.182812 0.136150
0 1.0 0.678125 0.455399 0.015625 0.032864
0 1.0 0.669531 0.478873 0.020313 0.051643
0 1.0 0.725000 0.433099 0.025000 0.049296
0 1.0 0.717969 0.450704 0.032813 0.079812
0 1.0 0.795312 0.441315 0.018750 0.042254
0 1.0 0.499219 0.356808 0.201563 0.131455
0 1.0 0.515625 0.456573 0.012500 0.030516
0 1.0 0.512500 0.477700 0.015625 0.044601
0 1.0 0.562500 0.380282 0.100000 0.093897
0 1.0 0.560937 0.450704 0.015625 0.028169
0 1.0 0.580469 0.353286 0.254688 0.105634
0 1.0 0.559375 0.475352 0.015625 0.039906
0 1.0 0.641406 0.461268 0.010937 0.025822
0 1.0 0.375781 0.357981 0.242188 0.124413
0 1.0 0.358594 0.458920 0.020313 0.058685
0 1.0 0.410156 0.376761 0.120313 0.133803
0 1.0 0.393750 0.348592 0.246875 0.260563
0 1.0 0.403906 0.414319 0.051562 0.077465
0 1.0 0.502344 0.401408 0.023438 0.042254
0 1.0 0.451562 0.422535 0.046875 0.065728
0 1.0 0.505469 0.361502 0.110937 0.079812
0 1.0 0.454688 0.475352 0.012500 0.030516
0 1.0 0.492188 0.353286 0.243750 0.246479
0 1.0 0.233594 0.368545 0.179688 0.192488
0 1.0 0.261719 0.428404 0.023438 0.068075
0 1.0 0.323437 0.394366 0.021875 0.056338
0 1.0 0.270313 0.407277 0.065625 0.124413
0 1.0 0.384375 0.396714 0.028125 0.061033
0 1.0 0.101562 0.361502 0.128125 0.098592
0 1.0 0.134375 0.357981 0.071875 0.063380
0 1.0 0.094531 0.456573 0.020313 0.063380
0 1.0 0.161719 0.383803 0.057813 0.077465
0 1.0 0.156250 0.368545 0.134375 0.122066
0 1.0 0.152344 0.446009 0.010937 0.032864
0 1.0 0.142969 0.462441 0.014063 0.051643
0 1.0 0.223438 0.396714 0.021875 0.051643
0 1.0 0.206250 0.417840 0.034375 0.065728
0 1.0 0.208594 0.462441 0.014063 0.046948
0 1.0 0.899219 0.295775 0.201563 0.112676
0 1.0 0.919531 0.372066 0.067187 0.157277
0 1.0 0.971875 0.316901 0.056250 0.098592
0 1.0 0.942187 0.372066 0.028125 0.049296
0 1.0 0.952344 0.410798 0.023438 0.061033
0 1.0 0.081250 0.400235 0.018750 0.035211
0 1.0 0.071875 0.340376 0.143750 0.234742
0 1.0 0.071094 0.372066 0.032813 0.039906
0 1.0 0.062500 0.430751 0.012500 0.035211
0 1.0 0.094531 0.365023 0.029687 0.035211
0 1.0 0.048438 0.444836 0.012500 0.044601
0 1.0 0.090625 0.382629 0.071875 0.084507
0 1.0 0.821875 0.313380 0.153125 0.129108
0 1.0 0.840625 0.376761 0.018750 0.035211
0 1.0 0.825781 0.379108 0.057813 0.100939
0 1.0 0.882031 0.319249 0.110937 0.112676
0 1.0 0.844531 0.309859 0.114062 0.079812
0 1.0 0.889062 0.376761 0.015625 0.030516
0 1.0 0.846094 0.300469 0.048438 0.051643
0 1.0 0.877344 0.388498 0.051562 0.096244
0 1.0 0.938281 0.313380 0.076563 0.105634
0 1.0 0.672656 0.308685 0.254688 0.124413
0 1.0 0.680469 0.379108 0.020313 0.035211
0 1.0 0.667188 0.392019 0.043750 0.084507
0 1.0 0.714844 0.316901 0.126562 0.122066
0 1.0 0.710156 0.294601 0.242188 0.255869
0 1.0 0.722656 0.362676 0.032813 0.049296
0 1.0 0.711719 0.372066 0.070312 0.119718
0 1.0 0.792969 0.367371 0.023438 0.039906
0 1.0 0.768750 0.295775 0.284375 0.122066
0 1.0 0.777344 0.372066 0.060937 0.115023
0 1.0 0.517969 0.298122 0.245312 0.103286
0 1.0 0.513281 0.416667 0.020313 0.049296
0 1.0 0.573438 0.328638 0.053125 0.065728
0 1.0 0.557031 0.379108 0.026562 0.039906
0 1.0 0.595313 0.305164 0.159375 0.084507
0 1.0 0.555469 0.403756 0.026562 0.051643
0 1.0 0.621875 0.322770 0.093750 0.096244
0 1.0 0.615625 0.292254 0.246875 0.251174
0 1.0 0.615625 0.388498 0.012500 0.025822
0 1.0 0.613281 0.410798 0.023438 0.056338
0 1.0 0.419531 0.320423 0.114062 0.119718
0 1.0 0.411719 0.365023 0.064062 0.077465
0 1.0 0.418750 0.289906 0.300000 0.115023
0 1.0 0.405469 0.401408 0.032813 0.065728
0 1.0 0.510156 0.345070 0.014063 0.028169
0 1.0 0.451562 0.365023 0.050000 0.063380
0 1.0 0.553125 0.308685 0.028125 0.044601
0 1.0 0.457031 0.424883 0.010937 0.028169
0 1.0 0.509375 0.320423 0.106250 0.110329
0 1.0 0.519531 0.397887 0.014063 0.030516
0 1.0 0.228125 0.298122 0.231250 0.136150
0 1.0 0.261719 0.382629 0.023438 0.051643
0 1.0 0.252344 0.387324 0.048438 0.117371
0 1.0 0.330469 0.333333 0.020313 0.042254
0 1.0 0.283594 0.301643 0.242188 0.265258
0 1.0 0.273438 0.362676 0.065625 0.105634
0 1.0 0.329688 0.299296 0.228125 0.110329
0 1.0 0.278906 0.403756 0.029687 0.075117
0 1.0 0.384375 0.332160 0.028125 0.049296
0 1.0 0.355469 0.375587 0.051562 0.070423
0 1.0 0.413281 0.302817 0.048438 0.061033
0 1.0 0.355469 0.422535 0.023438 0.051643
0 1.0 0.143750 0.294601 0.084375 0.063380
0 1.0 0.088281 0.422535 0.014063 0.037559
0 1.0 0.152344 0.329812 0.070312 0.068075
0 1.0 0.137500 0.302817 0.237500 0.239437
0 1.0 0.166406 0.400235 0.010937 0.021127
0 1.0 0.180469 0.294601 0.092188 0.063380
0 1.0 0.153125 0.422535 0.015625 0.037559
0 1.0 0.222656 0.343897 0.017188 0.030516
0 1.0 0.196875 0.382629 0.031250 0.042254
0 1.0 0.261719 0.306338 0.076563 0.063380
0 1.0 0.199219 0.431925 0.014063 0.037559
0 1.0 0.946094 0.248826 0.107813 0.150235
0 1.0 0.068750 0.332160 0.025000 0.039906
0 1.0 0.048438 0.308685 0.075000 0.068075
0 1.0 0.065625 0.389671 0.009375 0.023474
0 1.0 0.053906 0.420188 0.010937 0.032864
0 1.0 0.092188 0.316901 0.068750 0.075117
0 1.0 0.092969 0.300469 0.185938 0.117371
0 1.0 0.092188 0.393192 0.009375 0.021127
0 1.0 0.829688 0.288732 0.040625 0.079812
0 1.0 0.819531 0.298122 0.073438 0.164319
0 1.0 0.839844 0.244131 0.098437 0.107981
0 1.0 0.885156 0.278169 0.042188 0.100939
0 1.0 0.875781 0.282864 0.079687 0.204225
0 1.0 0.675781 0.239437 0.289062 0.117371
0 1.0 0.665625 0.333333 0.056250 0.112676
0 1.0 0.719531 0.305164 0.045312 0.065728
0 1.0 0.782813 0.292254 0.046875 0.086854
0 1.0 0.772656 0.301643 0.079687 0.161972
0 1.0 0.553125 0.309859 0.053125 0.093897
0 1.0 0.610938 0.332160 0.021875 0.044601
0 1.0 0.608594 0.348592 0.035937 0.082160
0 1.0 0.677344 0.321596 0.032813 0.056338
0 1.0 0.062500 0.026995 0.059375 0.053991
0 1.0 0.100781 0.037559 0.114062 0.075117
0 1.0 0.080469 0.063380 0.064062 0.093897
0 1.0 0.139844 0.056338 0.076563 0.112676
0 1.0 0.652344 0.275822 0.210938 0.546948
0 1.0 0.843750 0.360329 0.200000 0.509390
0 1.0 0.889844 0.748826 0.220312 0.356808
0 1.0 0.746094 0.755869 0.339062 0.352113
0 1.0 0.444531 0.091549 0.464062 0.183099
0 1.0 0.353906 0.913146 0.498437 0.173709
0 1.0 0.549219 0.224178 0.204687 0.448357
0 1.0 0.545312 0.180751 0.418750 0.361502
0 1.0 0.849219 0.179577 0.198437 0.359155
0 1.0 0.071094 0.359155 0.142187 0.568075
0 1.0 0.073438 0.575117 0.146875 0.558685
0 1.0 0.446094 0.264085 0.207813 0.518779
0 1.0 0.242188 0.257042 0.193750 0.514085
0 1.0 0.745313 0.266432 0.253125 0.462441
0 1.0 0.675000 0.323944 0.650000 0.647887
0 1.0 0.324219 0.330986 0.648438 0.661972
0 1.0 0.182031 0.541080 0.364063 0.917840
0 1.0 0.925000 0.353286 0.150000 0.528169
0 1.0 0.925000 0.559859 0.150000 0.537559
0 1.0 0.821875 0.526995 0.356250 0.946009
0 1.0 0.139063 0.307512 0.278125 0.615023