0 1.0 0.702344 0.325000 0.142187 0.187500
0 1.0 0.657813 0.613542 0.100000 0.227083
0 1.0 0.429688 0.618750 0.090625 0.083333
0 1.0 0.393750 0.589583 0.265625 0.295833
0 1.0 0.666406 0.578125 0.276562 0.289583
0 1.0 0.604688 0.613542 0.106250 0.256250
0 1.0 0.617188 0.606250 0.315625 0.112500
0 1.0 0.713281 0.594792 0.195312 0.185417
0 1.0 0.541406 0.632292 0.092188 0.197917
0 1.0 0.549219 0.614583 0.135937 0.100000
0 1.0 0.556250 0.594792 0.234375 0.285417
0 1.0 0.871094 0.598958 0.182812 0.202083
0 1.0 0.815625 0.604167 0.096875 0.237500
0 1.0 0.808594 0.600000 0.317188 0.116667
0 1.0 0.822656 0.604167 0.067187 0.145833
0 1.0 0.500000 0.635417 0.084375 0.200000
0 1.0 0.768750 0.591667 0.118750 0.279167
0 1.0 0.714844 0.596875 0.085938 0.164583
0 1.0 0.235937 0.607292 0.168750 0.089583
0 1.0 0.335938 0.617708 0.090625 0.081250
0 1.0 0.293750 0.588542 0.118750 0.306250
0 1.0 0.311719 0.617708 0.026562 0.043750
0 1.0 0.235156 0.619792 0.064062 0.193750
0 1.0 0.925781 0.554167 0.148438 0.145833
0 1.0 0.238281 0.611458 0.170313 0.222917
0 1.0 0.189062 0.607292 0.084375 0.310417
0 1.0 0.266406 0.614583 0.048438 0.066667
0 1.0 0.514062 0.616667 0.081250 0.075000
0 1.0 0.454688 0.626042 0.100000 0.218750
0 1.0 0.475000 0.614583 0.175000 0.087500
0 1.0 0.395313 0.610417 0.100000 0.250000
0 1.0 0.403906 0.613542 0.254688 0.106250
0 1.0 0.141406 0.604167 0.170313 0.229167
0 1.0 0.068750 0.604167 0.103125 0.366667
0 1.0 0.099219 0.603125 0.198437 0.102083
0 1.0 0.109375 0.663542 0.103125 0.110417
0 1.0 0.339062 0.654167 0.150000 0.216667
0 1.0 0.288281 0.669792 0.273438 0.114583
0 1.0 0.954688 0.614583 0.090625 0.141667
0 1.0 0.925781 0.651042 0.092188 0.360417
0 1.0 0.332031 0.677083 0.042188 0.062500
0 1.0 0.550000 0.665625 0.165625 0.160417
0 1.0 0.271875 0.669792 0.068750 0.089583
0 1.0 0.492188 0.650000 0.225000 0.225000
0 1.0 0.474219 0.669792 0.132812 0.106250
0 1.0 0.407031 0.664583 0.310937 0.129167
0 1.0 0.108594 0.658333 0.217188 0.116667
0 1.0 0.965625 0.688542 0.034375 0.160417
0 1.0 0.202344 0.662500 0.195312 0.108333
0 1.0 0.902344 0.609375 0.117188 0.110417
0 1.0 0.901563 0.607292 0.196875 0.347917
0 1.0 0.874219 0.613542 0.092188 0.264583
0 1.0 0.776563 0.610417 0.068750 0.066667
0 1.0 0.825000 0.613542 0.050000 0.060417
0 1.0 0.219531 0.667708 0.076563 0.102083
0 1.0 0.180469 0.659375 0.214062 0.285417
0 1.0 0.134375 0.671875 0.084375 0.322917
0 1.0 0.060937 0.666667 0.043750 0.070833
0 1.0 0.810156 0.583333 0.279687 0.275000
0 1.0 0.092188 0.664583 0.184375 0.329167
0 1.0 0.035156 0.671875 0.070312 0.322917
0 1.0 0.260156 0.552083 0.242188 0.116667
0 1.0 0.291406 0.558333 0.073438 0.095833
0 1.0 0.309375 0.532292 0.206250 0.347917
0 1.0 0.938281 0.497917 0.123438 0.104167
0 1.0 0.210938 0.614583 0.053125 0.075000
0 1.0 0.193750 0.555208 0.156250 0.143750
0 1.0 0.961719 0.527083 0.067187 0.191667
0 1.0 0.511719 0.554167 0.207813 0.150000
0 1.0 0.455469 0.561458 0.142187 0.277083
0 1.0 0.725000 0.502083 0.250000 0.166667
0 1.0 0.714063 0.475000 0.237500 0.354167
0 1.0 0.913281 0.505208 0.120313 0.422917
0 1.0 0.882812 0.498958 0.234375 0.127083
0 1.0 0.181250 0.542708 0.225000 0.347917
0 1.0 0.826562 0.501042 0.128125 0.097917
0 1.0 0.872656 0.496875 0.142187 0.314583
0 1.0 0.567187 0.498958 0.300000 0.122917
0 1.0 0.553125 0.491667 0.146875 0.350000
0 1.0 0.133594 0.561458 0.073438 0.306250
0 1.0 0.814063 0.495833 0.125000 0.341667
0 1.0 0.105469 0.548958 0.210938 0.118750
0 1.0 0.087500 0.533333 0.175000 0.341667
0 1.0 0.038281 0.530208 0.076563 0.364583
0 1.0 0.057813 0.550000 0.115625 0.095833
0 1.0 0.967187 0.617708 0.037500 0.156250
0 1.0 0.661719 0.532292 0.132812 0.339583
0 1.0 0.673438 0.547917 0.328125 0.133333
0 1.0 0.829688 0.555208 0.109375 0.093750
0 1.0 0.828906 0.555208 0.204687 0.156250
0 1.0 0.169531 0.609375 0.073438 0.097917
0 1.0 0.114062 0.605208 0.075000 0.085417
0 1.0 0.052344 0.604167 0.104688 0.079167
0 1.0 0.066406 0.608333 0.039062 0.062500
0 1.0 0.411719 0.554167 0.179688 0.154167
0 1.0 0.713281 0.523958 0.120313 0.268750
0 1.0 0.395313 0.538542 0.143750 0.327083
0 1.0 0.400781 0.775000 0.154688 0.266667
0 1.0 0.429688 0.767708 0.134375 0.097917
0 1.0 0.342969 0.784375 0.114062 0.268750
0 1.0 0.350781 0.762500 0.273438 0.112500
0 1.0 0.075000 0.782292 0.150000 0.214583
0 1.0 0.059375 0.765625 0.118750 0.093750
0 1.0 0.289844 0.783333 0.123438 0.300000
0 1.0 0.251563 0.767708 0.237500 0.097917
0 1.0 0.299219 0.776042 0.039062 0.052083
0 1.0 0.228906 0.780208 0.107813 0.310417
0 1.0 0.033594 0.777083 0.067187 0.237500
0 1.0 0.560937 0.761458 0.278125 0.114583
0 1.0 0.550781 0.769792 0.142187 0.272917
0 1.0 0.505469 0.759375 0.110937 0.306250
0 1.0 0.164844 0.769792 0.264062 0.110417
0 1.0 0.185938 0.769792 0.128125 0.297917
0 1.0 0.180469 0.776042 0.104688 0.102083
0 1.0 0.484375 0.767708 0.087500 0.081250
0 1.0 0.775000 0.704167 0.328125 0.116667
0 1.0 0.768750 0.721875 0.125000 0.227083
0 1.0 0.058594 0.776042 0.045312 0.072917
0 1.0 0.961719 0.760417 0.048438 0.300000
0 1.0 0.963281 0.714583 0.073438 0.133333
0 1.0 0.947656 0.720833 0.104688 0.204167
0 1.0 0.885938 0.708333 0.228125 0.133333
0 1.0 0.659375 0.713542 0.200000 0.172917
0 1.0 0.603125 0.715625 0.125000 0.264583
0 1.0 0.228125 0.776042 0.078125 0.081250
0 1.0 0.898438 0.742708 0.203125 0.318750
0 1.0 0.132031 0.775000 0.126562 0.304167
0 1.0 0.103125 0.778125 0.093750 0.102083
0 1.0 0.106250 0.823958 0.090625 0.114583
0 1.0 0.772656 0.762500 0.282813 0.183333
0 1.0 0.930469 0.778125 0.098437 0.360417
0 1.0 0.248438 0.826042 0.075000 0.089583
0 1.0 0.242969 0.827083 0.251563 0.275000
0 1.0 0.177344 0.816667 0.289062 0.116667
0 1.0 0.802344 0.761458 0.098437 0.089583
0 1.0 0.133594 0.852083 0.085938 0.241667
0 1.0 0.153125 0.821875 0.128125 0.131250
0 1.0 0.131250 0.828125 0.234375 0.285417
0 1.0 0.710938 0.778125 0.125000 0.306250
0 1.0 0.660156 0.771875 0.120313 0.268750
0 1.0 0.670312 0.760417 0.328125 0.129167
0 1.0 0.920312 0.765625 0.121875 0.147917
0 1.0 0.852344 0.772917 0.045312 0.079167
0 1.0 0.817969 0.775000 0.132812 0.329167
0 1.0 0.447656 0.752083 0.104688 0.229167
0 1.0 0.053125 0.711458 0.106250 0.085417
0 1.0 0.053906 0.720833 0.045312 0.066667
0 1.0 0.968750 0.660417 0.062500 0.095833
0 1.0 0.928906 0.660417 0.089063 0.158333
0 1.0 0.209375 0.719792 0.078125 0.089583
0 1.0 0.146875 0.710417 0.259375 0.120833
0 1.0 0.169531 0.716667 0.095312 0.108333
0 1.0 0.814844 0.660417 0.176563 0.166667
0 1.0 0.762500 0.659375 0.300000 0.106250
0 1.0 0.666406 0.669792 0.076563 0.131250
0 1.0 0.811719 0.670833 0.051562 0.054167
0 1.0 0.620313 0.663542 0.306250 0.114583
0 1.0 0.610938 0.646875 0.246875 0.247917
0 1.0 0.876563 0.680208 0.068750 0.143750
0 1.0 0.862500 0.679167 0.037500 0.050000
0 1.0 0.762500 0.652083 0.284375 0.254167
0 1.0 0.710156 0.651042 0.117188 0.260417
0 1.0 0.363281 0.704167 0.310937 0.108333
0 1.0 0.570312 0.702083 0.306250 0.104167
0 1.0 0.842969 0.708333 0.076563 0.070833
0 1.0 0.878125 0.742708 0.100000 0.218750
0 1.0 0.898438 0.719792 0.034375 0.064583
0 1.0 0.103125 0.718750 0.084375 0.091667
0 1.0 0.329688 0.715625 0.043750 0.052083
0 1.0 0.310156 0.716667 0.251563 0.241667
0 1.0 0.297656 0.706250 0.164062 0.150000
0 1.0 0.235937 0.710417 0.206250 0.100000
0 1.0 0.259375 0.716667 0.075000 0.079167
0 1.0 0.307031 0.331250 0.089063 0.141667
0 1.0 0.228125 0.335417 0.087500 0.333333
0 1.0 0.273438 0.342708 0.265625 0.118750
0 1.0 0.254688 0.305208 0.243750 0.347917
0 1.0 0.242969 0.336458 0.145313 0.189583
0 1.0 0.920312 0.234375 0.112500 0.310417
0 1.0 0.200781 0.342708 0.070312 0.156250
0 1.0 0.135937 0.365625 0.065625 0.264583
0 1.0 0.143750 0.344792 0.259375 0.131250
0 1.0 0.130469 0.326042 0.239063 0.335417
0 1.0 0.892188 0.298958 0.200000 0.147917
0 1.0 0.458594 0.317708 0.229687 0.268750
0 1.0 0.479687 0.344792 0.093750 0.152083
0 1.0 0.385937 0.319792 0.093750 0.322917
0 1.0 0.422656 0.343750 0.310937 0.129167
0 1.0 0.407031 0.332292 0.123438 0.172917
0 1.0 0.076563 0.337500 0.153125 0.233333
0 1.0 0.020313 0.346875 0.040625 0.143750
0 1.0 0.050781 0.338542 0.101562 0.093750
0 1.0 0.335938 0.303125 0.109375 0.327083
0 1.0 0.602344 0.319792 0.082812 0.214583
0 1.0 0.660937 0.295833 0.137500 0.120833
0 1.0 0.870313 0.263542 0.109375 0.293750
0 1.0 0.786719 0.292708 0.107813 0.085417
0 1.0 0.878125 0.250000 0.043750 0.104167
0 1.0 0.132812 0.347917 0.128125 0.191667
0 1.0 0.814844 0.291667 0.098437 0.262500
0 1.0 0.756250 0.294792 0.268750 0.127083
0 1.0 0.818750 0.283333 0.040625 0.104167
0 1.0 0.792188 0.290625 0.256250 0.247917
0 1.0 0.525781 0.327083 0.054688 0.129167
0 1.0 0.521875 0.294792 0.215625 0.168750
0 1.0 0.757812 0.313542 0.121875 0.235417
0 1.0 0.760938 0.323958 0.062500 0.127083
0 1.0 0.031250 0.351042 0.062500 0.214583
0 1.0 0.962500 0.291667 0.046875 0.170833
0 1.0 0.956250 0.289583 0.087500 0.091667
0 1.0 0.619531 0.335417 0.064062 0.150000
0 1.0 0.632812 0.328125 0.231250 0.177083
0 1.0 0.806250 0.343750 0.196875 0.150000
0 1.0 0.110156 0.394792 0.220312 0.131250
0 1.0 0.069531 0.409375 0.107813 0.277083
0 1.0 0.949219 0.348958 0.101562 0.160417
0 1.0 0.964063 0.325000 0.031250 0.104167
0 1.0 0.929688 0.331250 0.140625 0.266667
0 1.0 0.341406 0.328125 0.095312 0.164583
0 1.0 0.553125 0.331250 0.096875 0.216667
0 1.0 0.506250 0.343750 0.090625 0.220833
0 1.0 0.190625 0.337500 0.087500 0.379167
0 1.0 0.447656 0.291667 0.048438 0.120833
0 1.0 0.792188 0.239583 0.190625 0.108333
0 1.0 0.860156 0.207292 0.242188 0.360417
0 1.0 0.510938 0.277083 0.071875 0.220833
0 1.0 0.524219 0.237500 0.214062 0.112500
0 1.0 0.050000 0.293750 0.100000 0.087500
0 1.0 0.964063 0.236458 0.068750 0.310417
0 1.0 0.675000 0.251042 0.250000 0.135417
0 1.0 0.935937 0.234375 0.128125 0.110417
0 1.0 0.589844 0.247917 0.167187 0.125000
0 1.0 0.570312 0.261458 0.256250 0.268750
0 1.0 0.022656 0.052083 0.045312 0.104167
0 1.0 0.069531 0.029167 0.060937 0.058333
0 1.0 0.745313 0.496875 0.462500 0.993750
0 1.0 0.525781 0.253125 0.948438 0.456250
0 1.0 0.137500 0.056250 0.071875 0.108333
0 1.0 0.138281 0.084375 0.251563 0.168750
0 1.0 0.075781 0.072917 0.073438 0.133333
0 1.0 0.118750 0.031250 0.084375 0.062500
0 1.0 0.128125 0.045833 0.193750 0.091667
0 1.0 0.045312 0.039583 0.090625 0.079167
0 1.0 0.610938 0.293750 0.140625 0.112500
0 1.0 0.224219 0.295833 0.273438 0.133333
0 1.0 0.448437 0.291667 0.084375 0.233333
0 1.0 0.512500 0.295833 0.068750 0.079167
0 1.0 0.485156 0.294792 0.054688 0.110417
0 1.0 0.341406 0.287500 0.220312 0.137500
0 1.0 0.215625 0.281250 0.043750 0.104167
0 1.0 0.134375 0.293750 0.175000 0.108333
0 1.0 0.140625 0.278125 0.046875 0.147917
0 1.0 0.378125 0.255208 0.256250 0.322917
0 1.0 0.067969 0.250000 0.067187 0.204167
0 1.0 0.307812 0.258333 0.093750 0.166667
0 1.0 0.240625 0.260417 0.075000 0.187500
0 1.0 0.932813 0.442708 0.134375 0.143750
0 1.0 0.832812 0.442708 0.050000 0.060417
0 1.0 0.606250 0.432292 0.190625 0.218750
0 1.0 0.589063 0.438542 0.115625 0.077083
0 1.0 0.815625 0.443750 0.284375 0.125000
0 1.0 0.100781 0.497917 0.201563 0.116667
0 1.0 0.721875 0.432292 0.228125 0.139583
0 1.0 0.043750 0.497917 0.087500 0.116667
0 1.0 0.638281 0.438542 0.198437 0.093750
0 1.0 0.260937 0.444792 0.187500 0.118750
0 1.0 0.496875 0.448958 0.121875 0.385417
0 1.0 0.517969 0.439583 0.107813 0.079167
0 1.0 0.499219 0.435417 0.217188 0.133333
0 1.0 0.807813 0.448958 0.256250 0.347917
0 1.0 0.764844 0.420833 0.123438 0.358333
0 1.0 0.468750 0.457292 0.096875 0.168750
0 1.0 0.664844 0.405208 0.117188 0.322917
0 1.0 0.602344 0.495833 0.120313 0.287500
0 1.0 0.255469 0.494792 0.098437 0.122917
0 1.0 0.317969 0.640625 0.635938 0.718750
0 1.0 0.400000 0.494792 0.278125 0.135417
0 1.0 0.232813 0.493750 0.250000 0.129167
0 1.0 0.966406 0.478125 0.045312 0.177083
0 1.0 0.966406 0.440625 0.067187 0.089583
0 1.0 0.232813 0.517708 0.071875 0.322917
0 1.0 0.243750 0.490625 0.150000 0.239583
0 1.0 0.186719 0.495833 0.120313 0.358333
0 1.0 0.657813 0.378125 0.168750 0.102083
0 1.0 0.325781 0.392708 0.167187 0.231250
0 1.0 0.292187 0.392708 0.225000 0.114583
0 1.0 0.565625 0.372917 0.234375 0.266667
0 1.0 0.549219 0.384375 0.132812 0.097917
0 1.0 0.447656 0.396875 0.117188 0.347917
0 1.0 0.756250 0.379167 0.275000 0.125000
0 1.0 0.475000 0.387500 0.300000 0.125000
0 1.0 0.482031 0.384375 0.129688 0.122917
0 1.0 0.232031 0.416667 0.057813 0.200000
0 1.0 0.183594 0.401042 0.248438 0.160417
0 1.0 0.389844 0.388542 0.260937 0.306250
0 1.0 0.308594 0.451042 0.107813 0.185417
0 1.0 0.211719 0.448958 0.092188 0.081250
0 1.0 0.505469 0.441667 0.045312 0.058333
0 1.0 0.140625 0.470833 0.071875 0.283333
0 1.0 0.158594 0.447917 0.110937 0.095833
0 1.0 0.406250 0.440625 0.275000 0.131250
0 1.0 0.051562 0.438542 0.103125 0.127083
0 1.0 0.399219 0.447917 0.129688 0.191667
0 1.0 0.288281 0.442708 0.067187 0.081250
0 1.0 0.903906 0.390625 0.192188 0.122917
0 1.0 0.872656 0.380208 0.185938 0.235417
0 1.0 0.133594 0.448958 0.232813 0.172917
0 1.0 0.106250 0.443750 0.112500 0.091667
0 1.0 0.062500 0.438542 0.046875 0.060417
0 1.0 0.957812 0.416667 0.065625 0.187500
0 1.0 0.437500 0.137500 0.150000 0.258333
0 1.0 0.464062 0.127083 0.059375 0.075000
0 1.0 0.381250 0.170833 0.100000 0.233333
0 1.0 0.384375 0.119792 0.359375 0.135417
0 1.0 0.419531 0.121875 0.098437 0.102083
0 1.0 0.611719 0.119792 0.257812 0.143750
0 1.0 0.549219 0.145833 0.110937 0.258333
0 1.0 0.556250 0.134375 0.275000 0.268750
0 1.0 0.603125 0.155208 0.062500 0.118750
0 1.0 0.333594 0.184375 0.123438 0.268750
0 1.0 0.338281 0.122917 0.157812 0.095833
0 1.0 0.327344 0.158333 0.260937 0.300000
0 1.0 0.263281 0.125000 0.254688 0.133333
0 1.0 0.503906 0.145833 0.098437 0.275000
0 1.0 0.441406 0.152083 0.079687 0.195833
0 1.0 0.571094 0.551042 0.557813 0.231250
0 1.0 0.822656 0.119792 0.210938 0.214583
0 1.0 0.766406 0.155208 0.114062 0.260417
0 1.0 0.269531 0.646875 0.539062 0.202083
0 1.0 0.711719 0.177083 0.095312 0.195833
0 1.0 0.735156 0.120833 0.279687 0.104167
0 1.0 0.882812 0.137500 0.143750 0.275000
0 1.0 0.068750 0.606250 0.137500 0.679167
0 1.0 0.721094 0.144792 0.285938 0.264583
0 1.0 0.665625 0.192708 0.065625 0.131250
0 1.0 0.602344 0.156250 0.085938 0.191667
0 1.0 0.850781 0.517708 0.179688 0.814583
0 1.0 0.917969 0.084375 0.139063 0.168750
0 1.0 0.876563 0.077083 0.162500 0.116667
0 1.0 0.081250 0.128125 0.162500 0.252083
0 1.0 0.032813 0.152083 0.065625 0.295833
0 1.0 0.058594 0.120833 0.117188 0.100000
0 1.0 0.570312 0.652083 0.609375 0.191667
0 1.0 0.961719 0.109375 0.057813 0.172917
0 1.0 0.565625 0.754167 0.600000 0.220833
0 1.0 0.781250 0.118750 0.059375 0.112500
0 1.0 0.745313 0.731250 0.396875 0.383333
0 1.0 0.220312 0.168750 0.125000 0.279167
0 1.0 0.181250 0.146875 0.275000 0.285417
0 1.0 0.271875 0.755208 0.543750 0.218750
0 1.0 0.311719 0.132292 0.042188 0.077083
0 1.0 0.656250 0.354167 0.203125 0.425000
0 1.0 0.664844 0.331250 0.492188 0.220833
0 1.0 0.338281 0.175000 0.204687 0.133333
0 1.0 0.848437 0.120833 0.103125 0.095833
0 1.0 0.146875 0.396875 0.250000 0.689583
0 1.0 0.438281 0.438542 0.395313 0.502083
0 1.0 0.336719 0.412500 0.239063 0.633333
0 1.0 0.354687 0.454167 0.546875 0.229167
0 1.0 0.751563 0.340625 0.268750 0.481250
0 1.0 0.458594 0.192708 0.082812 0.127083
0 1.0 0.072656 0.347917 0.145313 0.695833
0 1.0 0.508594 0.183333 0.254688 0.108333
0 1.0 0.449219 0.342708 0.610938 0.214583
0 1.0 0.214844 0.348958 0.429688 0.227083
0 1.0 0.491406 0.190625 0.270313 0.302083
0 1.0 0.211719 0.551042 0.423438 0.227083
0 1.0 0.889844 0.118750 0.220312 0.133333
0 1.0 0.732812 0.455208 0.509375 0.239583
0 1.0 0.821094 0.145833 0.107813 0.254167
0 1.0 0.734375 0.541667 0.396875 0.475000
0 1.0 0.939063 0.121875 0.121875 0.106250
0 1.0 0.952344 0.128125 0.095312 0.252083
0 1.0 0.221094 0.179167 0.289062 0.145833
0 1.0 0.201563 0.170833 0.050000 0.112500
0 1.0 0.120313 0.189583 0.125000 0.358333
0 1.0 0.053906 0.175000 0.085938 0.079167
0 1.0 0.112500 0.172917 0.225000 0.129167
0 1.0 0.707812 0.046875 0.228125 0.093750
0 1.0 0.661719 0.062500 0.048438 0.083333
0 1.0 0.837500 0.129167 0.050000 0.091667
0 1.0 0.654687 0.070833 0.265625 0.141667
0 1.0 0.605469 0.060417 0.054688 0.091667
0 1.0 0.610938 0.035417 0.153125 0.070833
0 1.0 0.828906 0.093750 0.045312 0.083333
0 1.0 0.610938 0.056250 0.037500 0.054167
0 1.0 0.549219 0.056250 0.051562 0.083333
0 1.0 0.554688 0.036458 0.140625 0.072917
0 1.0 0.729688 0.063542 0.034375 0.056250
0 1.0 0.637500 0.875000 0.725000 0.250000
0 1.0 0.357812 0.879167 0.715625 0.241667
0 1.0 0.839844 0.040625 0.201563 0.081250
0 1.0 0.264844 0.333333 0.439063 0.629167
0 1.0 0.842969 0.084375 0.026562 0.043750
0 1.0 0.774219 0.075000 0.045312 0.087500
0 1.0 0.786719 0.072917 0.029687 0.050000
0 1.0 0.774219 0.072917 0.276562 0.145833
0 1.0 0.720313 0.062500 0.056250 0.104167
0 1.0 0.780469 0.052083 0.107813 0.104167
0 1.0 0.466406 0.056250 0.101562 0.100000
0 1.0 0.313281 0.073958 0.076563 0.081250
0 1.0 0.389844 0.068750 0.067187 0.095833
0 1.0 0.415625 0.041667 0.278125 0.083333
0 1.0 0.393750 0.052083 0.118750 0.104167
0 1.0 0.437500 0.041667 0.109375 0.083333
0 1.0 0.200000 0.059375 0.075000 0.081250
0 1.0 0.205469 0.034375 0.129688 0.068750
0 1.0 0.188281 0.093750 0.070312 0.141667
0 1.0 0.253906 0.056250 0.135937 0.112500
0 1.0 0.237500 0.065625 0.059375 0.077083
0 1.0 0.302344 0.076042 0.260937 0.152083
0 1.0 0.301563 0.044792 0.115625 0.081250
0 1.0 0.503906 0.071875 0.057813 0.114583
0 1.0 0.489844 0.065625 0.260937 0.131250
0 1.0 0.506250 0.052083 0.112500 0.104167
0 1.0 0.454688 0.062500 0.031250 0.050000
0 1.0 0.489844 0.035417 0.057813 0.062500
0 1.0 0.336719 0.104167 0.051562 0.075000
0 1.0 0.353906 0.034375 0.048438 0.056250
0 1.0 0.337500 0.084375 0.084375 0.081250
0 1.0 0.303906 0.097917 0.045312 0.075000
0 1.0 0.488281 0.477083 0.717187 0.729167
0 1.0 0.320312 0.182292 0.640625 0.364583
0 1.0 0.189062 0.127083 0.096875 0.237500
0 1.0 0.166406 0.925000 0.332813 0.150000
0 1.0 0.832812 0.846875 0.334375 0.206250
0 1.0 0.296094 0.143750 0.085938 0.175000
0 1.0 0.439844 0.071875 0.089063 0.077083
0 1.0 0.334375 0.139583 0.078125 0.145833
0 1.0 0.371875 0.078125 0.184375 0.093750
0 1.0 0.389062 0.095833 0.162500 0.191667
0 1.0 0.663281 0.130208 0.076563 0.156250
0 1.0 0.600781 0.093750 0.060937 0.104167
0 1.0 0.569531 0.069792 0.157812 0.106250
0 1.0 0.725000 0.110417 0.056250 0.095833
0 1.0 0.946094 0.065625 0.060937 0.102083
0 1.0 0.881250 0.079167 0.059375 0.100000
0 1.0 0.904687 0.035417 0.096875 0.070833
0 1.0 0.890625 0.071875 0.040625 0.060417
0 1.0 0.615625 0.125000 0.768750 0.250000
0 1.0 0.048438 0.078125 0.081250 0.110417
0 1.0 0.307031 0.087500 0.123438 0.120833
0 1.0 0.022656 0.109375 0.045312 0.185417
0 1.0 0.832812 0.925000 0.334375 0.150000
0 1.0 0.134375 0.929167 0.140625 0.133333
0 1.0 0.078125 0.913542 0.096875 0.172917
0 1.0 0.028125 0.932292 0.056250 0.135417
0 1.0 0.076563 0.929167 0.046875 0.062500
0 1.0 0.728906 0.863542 0.304688 0.110417
0 1.0 0.725781 0.852083 0.039062 0.075000
0 1.0 0.954688 0.859375 0.059375 0.164583
0 1.0 0.069531 0.923958 0.139063 0.081250
0 1.0 0.933594 0.873958 0.132812 0.110417
0 1.0 0.233594 0.929167 0.089063 0.141667
0 1.0 0.238281 0.928125 0.182812 0.114583
0 1.0 0.883594 0.884375 0.026562 0.047917
0 1.0 0.181250 0.934375 0.078125 0.131250
0 1.0 0.781250 0.864583 0.037500 0.075000
0 1.0 0.492969 0.877083 0.051562 0.070833
0 1.0 0.442188 0.853125 0.246875 0.264583
0 1.0 0.670312 0.814583 0.046875 0.100000
0 1.0 0.678906 0.838542 0.039062 0.077083
0 1.0 0.657813 0.848958 0.265625 0.260417
0 1.0 0.609375 0.827083 0.043750 0.091667
0 1.0 0.629687 0.863542 0.240625 0.106250
0 1.0 0.884375 0.848958 0.056250 0.122917
0 1.0 0.820312 0.879167 0.100000 0.075000
0 1.0 0.550781 0.833333 0.048438 0.112500
0 1.0 0.827344 0.839583 0.042188 0.095833
0 1.0 0.840625 0.857292 0.031250 0.064583
0 1.0 0.845313 0.872917 0.165625 0.112500
0 1.0 0.771875 0.852083 0.046875 0.108333
0 1.0 0.764062 0.892708 0.103125 0.214583
0 1.0 0.713281 0.886458 0.107813 0.227083
0 1.0 0.722656 0.918750 0.317188 0.112500
0 1.0 0.453906 0.925000 0.132812 0.137500
0 1.0 0.394531 0.900000 0.117188 0.200000
0 1.0 0.403125 0.923958 0.306250 0.114583
0 1.0 0.663281 0.886458 0.101562 0.227083
0 1.0 0.946094 0.918750 0.107813 0.150000
0 1.0 0.924219 0.873958 0.135937 0.252083
0 1.0 0.873437 0.889583 0.109375 0.220833
0 1.0 0.864844 0.925000 0.101562 0.083333
0 1.0 0.567187 0.919792 0.300000 0.106250
0 1.0 0.548438 0.897917 0.125000 0.204167
0 1.0 0.824219 0.919792 0.076563 0.156250
0 1.0 0.603906 0.898958 0.101562 0.202083
0 1.0 0.342969 0.914583 0.098437 0.170833
0 1.0 0.348438 0.897917 0.265625 0.204167
0 1.0 0.287500 0.929167 0.087500 0.141667
0 1.0 0.498437 0.911458 0.090625 0.177083
0 1.0 0.561719 0.883333 0.260937 0.233333
0 1.0 0.465625 0.816667 0.259375 0.116667
0 1.0 0.492188 0.821875 0.071875 0.089583
0 1.0 0.720313 0.816667 0.268750 0.150000
0 1.0 0.620313 0.814583 0.315625 0.125000
0 1.0 0.608594 0.802083 0.107813 0.195833
0 1.0 0.920312 0.821875 0.109375 0.127083
0 1.0 0.425000 0.822917 0.118750 0.116667
0 1.0 0.350781 0.816667 0.242188 0.120833
0 1.0 0.068750 0.825000 0.040625 0.075000
0 1.0 0.319531 0.828125 0.042188 0.064583
0 1.0 0.188281 0.822917 0.101562 0.108333
0 1.0 0.150000 0.879167 0.225000 0.104167
0 1.0 0.400000 0.864583 0.056250 0.116667
0 1.0 0.406250 0.871875 0.300000 0.122917
0 1.0 0.435156 0.876042 0.082812 0.093750
0 1.0 0.349219 0.873958 0.039062 0.085417
0 1.0 0.292187 0.889583 0.034375 0.066667
0 1.0 0.076563 0.882292 0.025000 0.047917
0 1.0 0.257031 0.880208 0.254688 0.106250
0 1.0 0.308594 0.889583 0.032813 0.050000
0 1.0 0.594531 0.871875 0.110937 0.093750
0 1.0 0.137500 0.911458 0.037500 0.085417
0 1.0 0.524219 0.869792 0.254688 0.110417
0 1.0 0.507031 0.855208 0.064062 0.127083
0 1.0 0.539844 0.872917 0.101562 0.095833
0 1.0 0.451562 0.847917 0.031250 0.070833
0 1.0 0.129688 0.882292 0.053125 0.068750
0 1.0 0.081250 0.875000 0.162500 0.204167
0 1.0 0.029687 0.877083 0.040625 0.104167
0 1.0 0.052344 0.875000 0.104688 0.075000
0 1.0 0.034375 0.875000 0.068750 0.145833
0 1.0 0.952344 0.815625 0.095312 0.102083
0 1.0 0.235937 0.892708 0.040625 0.081250
0 1.0 0.266406 0.888542 0.060937 0.068750
0 1.0 0.186719 0.889583 0.032813 0.070833
0 1.0 0.185156 0.894792 0.057813 0.097917
0 1.0 0.792969 0.821875 0.092188 0.085417
0 1.0 0.846875 0.829167 0.034375 0.066667
0 1.0 0.081250 0.870833 0.050000 0.125000
0 1.0 0.214062 0.886458 0.071875 0.077083
0 1.0 0.839063 0.175000 0.096875 0.083333
0 1.0 0.068750 0.235417 0.137500 0.116667
0 1.0 0.942187 0.178125 0.115625 0.110417
0 1.0 0.886719 0.173958 0.226562 0.131250
0 1.0 0.198437 0.234375 0.250000 0.177083
0 1.0 0.454688 0.069792 0.668750 0.139583
0 1.0 0.191406 0.229167 0.117188 0.366667
0 1.0 0.670312 0.260417 0.062500 0.095833
0 1.0 0.667188 0.190625 0.293750 0.135417
0 1.0 0.454688 0.246875 0.609375 0.235417
0 1.0 0.733594 0.248958 0.492188 0.227083
0 1.0 0.667969 0.215625 0.148438 0.143750
0 1.0 0.610938 0.236458 0.075000 0.172917
0 1.0 0.585938 0.185417 0.225000 0.091667
0 1.0 0.768750 0.179167 0.334375 0.125000
0 1.0 0.707812 0.258333 0.087500 0.162500
0 1.0 0.450000 0.961458 0.062500 0.077083
0 1.0 0.506250 0.966667 0.068750 0.054167
0 1.0 0.398438 0.953125 0.081250 0.093750
0 1.0 0.344531 0.959375 0.067187 0.081250
0 1.0 0.372656 0.966667 0.067187 0.054167
0 1.0 0.341406 0.956250 0.160938 0.087500
0 1.0 0.667969 0.953125 0.135937 0.093750
0 1.0 0.607812 0.951042 0.071875 0.097917
0 1.0 0.626563 0.968750 0.081250 0.058333
0 1.0 0.594531 0.956250 0.173437 0.087500
0 1.0 0.552344 0.950000 0.076563 0.100000
0 1.0 0.511719 0.962500 0.114062 0.075000
0 1.0 0.235937 0.961458 0.071875 0.077083
0 1.0 0.292187 0.963542 0.062500 0.056250
0 1.0 0.583594 0.967708 0.076563 0.056250
0 1.0 0.140625 0.962500 0.065625 0.054167
0 1.0 0.121094 0.959375 0.101562 0.081250
0 1.0 0.088281 0.964583 0.054688 0.050000
0 1.0 0.052344 0.956250 0.104688 0.087500
0 1.0 0.192969 0.963542 0.057813 0.052083
0 1.0 0.853125 0.963542 0.100000 0.064583
0 1.0 0.819531 0.952083 0.223438 0.095833
0 1.0 0.487500 0.244792 0.065625 0.097917
0 1.0 0.972656 0.955208 0.048438 0.089583
0 1.0 0.945312 0.961458 0.109375 0.077083
0 1.0 0.766406 0.944792 0.073438 0.110417
0 1.0 0.812500 0.964583 0.106250 0.062500
0 1.0 0.409375 0.234375 0.162500 0.164583
0 1.0 0.715625 0.943750 0.096875 0.112500
0 1.0 0.852344 0.965625 0.039062 0.043750
0 1.0 0.445312 0.753125 0.418750 0.389583
0 1.0 0.171875 0.741667 0.343750 0.433333
0 1.0 0.446875 0.627083 0.200000 0.529167
0 1.0 0.254688 0.590625 0.200000 0.656250
0 1.0 0.549219 0.916667 0.479687 0.166667
0 1.0 0.753906 0.850000 0.257812 0.300000
0 1.0 0.649219 0.195833 0.254688 0.391667
0 1.0 0.614062 0.734375 0.771875 0.527083
0 1.0 0.555469 0.442708 0.339062 0.422917
0 1.0 0.923438 0.282292 0.153125 0.564583
0 1.0 0.349219 0.742708 0.217188 0.514583
0 1.0 0.549219 0.753125 0.204687 0.493750