0 1.0 0.052508 0.054688 0.079937 0.096875
0 1.0 0.500000 0.503906 1.000000 0.679688
0 1.0 0.075235 0.075000 0.150470 0.150000
0 1.0 0.191223 0.060156 0.106583 0.117188
0 1.0 0.181034 0.094531 0.252351 0.189062
0 1.0 0.239812 0.064844 0.172414 0.129688
0 1.0 0.239028 0.071875 0.079937 0.128125
0 1.0 0.310345 0.058594 0.109718 0.117188
0 1.0 0.275862 0.041406 0.137931 0.082812
0 1.0 0.507053 0.786719 0.876176 0.426563
0 1.0 0.709248 0.495312 0.581505 0.496875
0 1.0 0.345611 0.082812 0.242947 0.165625
0 1.0 0.322884 0.026562 0.050157 0.053125
0 1.0 0.341693 0.075781 0.072100 0.142187
0 1.0 0.405956 0.057813 0.134796 0.115625
0 1.0 0.413009 0.034375 0.221003 0.068750
0 1.0 0.468652 0.056250 0.100313 0.103125
0 1.0 0.446708 0.077344 0.238245 0.154688
0 1.0 0.825235 0.335156 0.349530 0.670312
0 1.0 0.502351 0.031250 0.048589 0.050000
0 1.0 0.446708 0.081250 0.034483 0.062500
0 1.0 0.504702 0.042188 0.219436 0.084375
0 1.0 0.508621 0.071875 0.073668 0.106250
0 1.0 0.565831 0.057813 0.131661 0.115625
0 1.0 0.563480 0.089063 0.242947 0.178125
0 1.0 0.589342 0.030469 0.109718 0.060937
0 1.0 0.555643 0.075781 0.054859 0.104688
0 1.0 0.745298 0.878906 0.509404 0.242188
0 1.0 0.514890 0.196875 0.860502 0.393750
0 1.0 0.604232 0.064062 0.048589 0.075000
0 1.0 0.635580 0.030469 0.120690 0.060937
0 1.0 0.602665 0.072656 0.067398 0.123438
0 1.0 0.666144 0.060156 0.156740 0.120313
0 1.0 0.661442 0.087500 0.250784 0.175000
0 1.0 0.670063 0.073438 0.061129 0.087500
0 1.0 0.724922 0.076563 0.051724 0.078125
0 1.0 0.253918 0.878125 0.507837 0.243750
0 1.0 0.721787 0.034375 0.208464 0.068750
0 1.0 0.717868 0.088281 0.072100 0.135937
0 1.0 0.772727 0.060156 0.144201 0.120313
0 1.0 0.762539 0.087500 0.255486 0.175000
0 1.0 0.785266 0.081250 0.034483 0.059375
0 1.0 0.771944 0.091406 0.061129 0.120313
0 1.0 0.836207 0.086719 0.036050 0.051562
0 1.0 0.827586 0.033594 0.200627 0.067187
0 1.0 0.825235 0.103125 0.061129 0.100000
0 1.0 0.874608 0.057031 0.144201 0.114062
0 1.0 0.860502 0.088281 0.238245 0.176563
0 1.0 0.690439 0.690625 0.471787 0.481250
0 1.0 0.250784 0.701562 0.501567 0.293750
0 1.0 0.884013 0.107031 0.034483 0.048438
0 1.0 0.873824 0.029687 0.098746 0.059375
0 1.0 0.873824 0.125781 0.067398 0.107813
0 1.0 0.925549 0.050000 0.111285 0.100000
0 1.0 0.916144 0.074219 0.067398 0.082812
0 1.0 0.950627 0.082031 0.032915 0.048438
0 1.0 0.954545 0.033594 0.090909 0.067187
0 1.0 0.959248 0.094531 0.021944 0.045312
0 1.0 0.499216 0.487500 0.785266 0.378125
0 1.0 0.734326 0.499219 0.315047 0.801562
0 1.0 0.058777 0.087500 0.070533 0.078125
0 1.0 0.032915 0.113281 0.065831 0.142187
0 1.0 0.078370 0.118750 0.097179 0.212500
0 1.0 0.759404 0.299219 0.481191 0.298438
0 1.0 0.246865 0.496875 0.493730 0.281250
0 1.0 0.659875 0.318750 0.536050 0.490625
0 1.0 0.134013 0.125000 0.092476 0.203125
0 1.0 0.188871 0.121094 0.120690 0.179688
0 1.0 0.193574 0.143750 0.067398 0.150000
0 1.0 0.231975 0.124219 0.090909 0.164062
0 1.0 0.745298 0.124219 0.509404 0.248438
0 1.0 0.242947 0.309375 0.485893 0.296875
0 1.0 0.283699 0.092969 0.056426 0.073438
0 1.0 0.289969 0.114062 0.137931 0.196875
0 1.0 0.337774 0.115625 0.101881 0.228125
0 1.0 0.432602 0.083594 0.112853 0.114062
0 1.0 0.395768 0.114844 0.098746 0.229687
0 1.0 0.829937 0.923438 0.340125 0.153125
0 1.0 0.250000 0.118750 0.500000 0.237500
0 1.0 0.479624 0.086719 0.097179 0.095312
0 1.0 0.442790 0.128906 0.105016 0.145313
0 1.0 0.447492 0.165625 0.042320 0.100000
0 1.0 0.501567 0.126562 0.087774 0.153125
0 1.0 0.557994 0.116406 0.128527 0.192188
0 1.0 0.554859 0.922656 0.598746 0.154688
0 1.0 0.601881 0.124219 0.068966 0.129688
0 1.0 0.670063 0.132031 0.079937 0.129688
0 1.0 0.718652 0.137500 0.101881 0.203125
0 1.0 0.782132 0.144531 0.043887 0.092188
0 1.0 0.767241 0.146875 0.083072 0.181250
0 1.0 0.830721 0.152344 0.043887 0.070312
0 1.0 0.811912 0.084375 0.241379 0.109375
0 1.0 0.822100 0.150000 0.079937 0.134375
0 1.0 0.169279 0.922656 0.338558 0.154688
0 1.0 0.865204 0.105469 0.128527 0.079687
0 1.0 0.877743 0.164844 0.050157 0.085938
0 1.0 0.870690 0.171875 0.089342 0.153125
0 1.0 0.909875 0.144531 0.108150 0.185938
0 1.0 0.947492 0.100000 0.105016 0.143750
0 1.0 0.948276 0.154688 0.050157 0.093750
0 1.0 0.454545 0.845313 0.620690 0.203125
0 1.0 0.957680 0.178125 0.034483 0.093750
0 1.0 0.054075 0.136719 0.079937 0.079687
0 1.0 0.025078 0.171094 0.050157 0.145313
0 1.0 0.111285 0.122656 0.213166 0.245312
0 1.0 0.229624 0.132812 0.208464 0.118750
0 1.0 0.832288 0.750781 0.335423 0.214062
0 1.0 0.280564 0.145313 0.037618 0.059375
0 1.0 0.286834 0.159375 0.081505 0.171875
0 1.0 0.347962 0.128906 0.163009 0.104688
0 1.0 0.827586 0.692969 0.235110 0.464062
0 1.0 0.454545 0.754687 0.611285 0.215625
0 1.0 0.412226 0.128906 0.310345 0.123438
0 1.0 0.500784 0.136719 0.054859 0.064062
0 1.0 0.455329 0.171875 0.089342 0.134375
0 1.0 0.484326 0.133594 0.131661 0.073438
0 1.0 0.456113 0.205469 0.037618 0.092188
0 1.0 0.503135 0.138281 0.175549 0.182812
0 1.0 0.496865 0.183594 0.062696 0.151562
0 1.0 0.557994 0.171875 0.090909 0.178125
0 1.0 0.606583 0.176563 0.050157 0.096875
0 1.0 0.623041 0.127344 0.233542 0.114062
0 1.0 0.606583 0.178125 0.084639 0.178125
0 1.0 0.676332 0.189062 0.054859 0.093750
0 1.0 0.782915 0.649219 0.434169 0.223438
0 1.0 0.724922 0.194531 0.061129 0.101562
0 1.0 0.775078 0.153906 0.211599 0.192188
0 1.0 0.778997 0.199219 0.047022 0.092188
0 1.0 0.836207 0.189062 0.064263 0.106250
0 1.0 0.454545 0.654687 0.667712 0.206250
0 1.0 0.827586 0.192969 0.109718 0.201563
0 1.0 0.846395 0.163281 0.222571 0.260937
0 1.0 0.888715 0.133594 0.222571 0.117188
0 1.0 0.167712 0.649219 0.335423 0.204687
0 1.0 0.945141 0.191406 0.047022 0.101562
0 1.0 0.956113 0.215625 0.034483 0.100000
0 1.0 0.054075 0.190625 0.061129 0.090625
0 1.0 0.037618 0.189844 0.065831 0.060937
0 1.0 0.090909 0.170313 0.137931 0.150000
0 1.0 0.141066 0.182812 0.141066 0.084375
0 1.0 0.804859 0.541406 0.302508 0.492188
0 1.0 0.782132 0.549219 0.435737 0.207813
0 1.0 0.548589 0.550781 0.705329 0.192188
0 1.0 0.657524 0.510156 0.227273 0.545312
0 1.0 0.159091 0.178125 0.258621 0.112500
0 1.0 0.202978 0.192969 0.020376 0.042188
0 1.0 0.195925 0.202344 0.059561 0.142187
0 1.0 0.233542 0.164062 0.247649 0.256250
0 1.0 0.235893 0.185938 0.105016 0.193750
0 1.0 0.255486 0.177344 0.241379 0.104688
0 1.0 0.326019 0.196094 0.025078 0.045312
0 1.0 0.357367 0.183594 0.050157 0.082812
0 1.0 0.348746 0.176563 0.230408 0.284375
0 1.0 0.401254 0.180469 0.163009 0.185938
0 1.0 0.733542 0.449219 0.492163 0.235937
0 1.0 0.419279 0.181250 0.283699 0.103125
0 1.0 0.495298 0.215625 0.025078 0.050000
0 1.0 0.451411 0.181250 0.275862 0.290625
0 1.0 0.487461 0.203906 0.103448 0.076563
0 1.0 0.525078 0.204687 0.056426 0.050000
0 1.0 0.510188 0.199219 0.136364 0.142187
0 1.0 0.556426 0.424219 0.426332 0.426563
0 1.0 0.570533 0.183594 0.247649 0.270313
0 1.0 0.579937 0.192969 0.278997 0.104688
0 1.0 0.602665 0.197656 0.170846 0.170313
0 1.0 0.610502 0.239063 0.039185 0.087500
0 1.0 0.609718 0.239844 0.062696 0.148438
0 1.0 0.674765 0.214062 0.152038 0.156250
0 1.0 0.679467 0.249219 0.051724 0.101562
0 1.0 0.724922 0.249219 0.079937 0.123438
0 1.0 0.731191 0.187500 0.358934 0.128125
0 1.0 0.777429 0.242188 0.087774 0.146875
0 1.0 0.470219 0.345313 0.655172 0.234375
0 1.0 0.556426 0.353906 0.219436 0.457813
0 1.0 0.862069 0.218750 0.122257 0.231250
0 1.0 0.883229 0.186719 0.233542 0.142187
0 1.0 0.913009 0.233594 0.086207 0.254688
0 1.0 0.829154 0.312500 0.206897 0.475000
0 1.0 0.944357 0.190625 0.111285 0.162500
0 1.0 0.937304 0.234375 0.068966 0.143750
0 1.0 0.951411 0.260937 0.040752 0.121875
0 1.0 0.047806 0.239844 0.095611 0.126562
0 1.0 0.068966 0.234375 0.137931 0.256250
0 1.0 0.028997 0.235937 0.057994 0.062500
0 1.0 0.025078 0.282813 0.034483 0.109375
0 1.0 0.105016 0.226562 0.210031 0.125000
0 1.0 0.082288 0.243750 0.054859 0.106250
0 1.0 0.659875 0.238281 0.529781 0.223438
0 1.0 0.654389 0.264844 0.217868 0.410938
0 1.0 0.402038 0.251563 0.644201 0.203125
0 1.0 0.166928 0.250781 0.333856 0.207813
0 1.0 0.144201 0.246094 0.059561 0.120313
0 1.0 0.179467 0.238281 0.152038 0.170313
0 1.0 0.192006 0.254688 0.076803 0.137500
0 1.0 0.202194 0.227344 0.288401 0.101562
0 1.0 0.197492 0.295312 0.037618 0.115625
0 1.0 0.235893 0.230469 0.170846 0.207813
0 1.0 0.240596 0.235937 0.064263 0.165625
0 1.0 0.301724 0.242969 0.158307 0.189062
0 1.0 0.275862 0.250000 0.028213 0.046875
0 1.0 0.295455 0.270313 0.067398 0.178125
0 1.0 0.367555 0.242969 0.164577 0.126562
0 1.0 0.344828 0.273438 0.068966 0.187500
0 1.0 0.554859 0.153906 0.611285 0.239063
0 1.0 0.746865 0.200781 0.277429 0.329688
0 1.0 0.468652 0.246875 0.050157 0.078125
0 1.0 0.386364 0.245312 0.108150 0.275000
0 1.0 0.457680 0.250781 0.181818 0.207813
0 1.0 0.523511 0.250000 0.034483 0.059375
0 1.0 0.474922 0.241406 0.329154 0.110937
0 1.0 0.459248 0.279687 0.040752 0.121875
0 1.0 0.489028 0.266406 0.081505 0.173437
0 1.0 0.562696 0.250781 0.188088 0.192188
0 1.0 0.564263 0.264062 0.100313 0.159375
0 1.0 0.624608 0.297656 0.029781 0.079687
0 1.0 0.629310 0.242188 0.321317 0.118750
0 1.0 0.617555 0.285938 0.068966 0.162500
0 1.0 0.688871 0.292187 0.039185 0.096875
0 1.0 0.671630 0.289062 0.064263 0.159375
0 1.0 0.724138 0.263281 0.181818 0.170313
0 1.0 0.460031 0.080469 0.609718 0.160938
0 1.0 0.802508 0.235937 0.294671 0.168750
0 1.0 0.851881 0.232813 0.120690 0.112500
0 1.0 0.931818 0.953906 0.136364 0.092188
0 1.0 0.970219 0.955469 0.047022 0.089063
0 1.0 0.925549 0.235937 0.148903 0.118750
0 1.0 0.061912 0.321094 0.039185 0.060937
0 1.0 0.033699 0.305469 0.061129 0.045312
0 1.0 0.044671 0.325000 0.020376 0.040625
0 1.0 0.050157 0.298438 0.053292 0.040625
0 1.0 0.036834 0.347656 0.023511 0.060937
0 1.0 0.101881 0.316406 0.078370 0.082812
0 1.0 0.845611 0.959375 0.101881 0.062500
0 1.0 0.818182 0.945312 0.084639 0.109375
0 1.0 0.876959 0.946094 0.152038 0.107813
0 1.0 0.827586 0.960938 0.034483 0.040625
0 1.0 0.894984 0.964063 0.103448 0.068750
0 1.0 0.720219 0.953125 0.130094 0.093750
0 1.0 0.768809 0.960938 0.079937 0.056250
0 1.0 0.769592 0.955469 0.131661 0.089063
0 1.0 0.595611 0.952344 0.119122 0.085938
0 1.0 0.553292 0.939844 0.119122 0.120313
0 1.0 0.630094 0.959375 0.047022 0.046875
0 1.0 0.618339 0.925000 0.217868 0.150000
0 1.0 0.663793 0.958594 0.061129 0.051562
0 1.0 0.666144 0.950781 0.128527 0.098437
0 1.0 0.722571 0.959375 0.072100 0.056250
0 1.0 0.449843 0.964063 0.081505 0.059375
0 1.0 0.394984 0.930469 0.100313 0.139063
0 1.0 0.460815 0.922656 0.213166 0.154688
0 1.0 0.497649 0.958594 0.079937 0.073438
0 1.0 0.447492 0.939063 0.114420 0.121875
0 1.0 0.527429 0.964063 0.032915 0.040625
0 1.0 0.576803 0.959375 0.043887 0.043750
0 1.0 0.306426 0.960156 0.092476 0.079687
0 1.0 0.297806 0.922656 0.222571 0.154688
0 1.0 0.354232 0.953125 0.115987 0.093750
0 1.0 0.382445 0.963281 0.043887 0.045312
0 1.0 0.148119 0.948438 0.211599 0.103125
0 1.0 0.184169 0.961719 0.101881 0.070312
0 1.0 0.134013 0.939063 0.083072 0.121875
0 1.0 0.236677 0.962500 0.103448 0.068750
0 1.0 0.934169 0.917188 0.131661 0.096875
0 1.0 0.048589 0.954688 0.097179 0.090625
0 1.0 0.070533 0.925781 0.141066 0.148438
0 1.0 0.062696 0.965625 0.056426 0.050000
0 1.0 0.079154 0.945312 0.076803 0.109375
0 1.0 0.852665 0.920312 0.128527 0.075000
0 1.0 0.920846 0.894531 0.152038 0.210938
0 1.0 0.720219 0.914844 0.277429 0.126562
0 1.0 0.663009 0.925781 0.078370 0.129688
0 1.0 0.527429 0.917188 0.249216 0.109375
0 1.0 0.558777 0.896094 0.255486 0.207813
0 1.0 0.314263 0.919531 0.101881 0.092188
0 1.0 0.398903 0.887500 0.255486 0.225000
0 1.0 0.183386 0.896094 0.150470 0.207813
0 1.0 0.231975 0.885156 0.122257 0.229687
0 1.0 0.045455 0.918750 0.068966 0.071875
0 1.0 0.026646 0.914062 0.053292 0.146875
0 1.0 0.875392 0.888281 0.045455 0.048438
0 1.0 0.885580 0.867188 0.053292 0.084375
0 1.0 0.820533 0.879687 0.114420 0.071875
0 1.0 0.876176 0.836719 0.072100 0.114062
0 1.0 0.884013 0.876563 0.231975 0.115625
0 1.0 0.924765 0.827344 0.081505 0.145313
0 1.0 0.951411 0.870313 0.056426 0.093750
0 1.0 0.961599 0.846094 0.029781 0.060937
0 1.0 0.717085 0.832812 0.048589 0.087500
0 1.0 0.767241 0.867969 0.186520 0.173437
0 1.0 0.769592 0.837500 0.285266 0.275000
0 1.0 0.781348 0.872656 0.042320 0.082812
0 1.0 0.777429 0.877344 0.316614 0.107813
0 1.0 0.771944 0.852344 0.070533 0.132812
0 1.0 0.829937 0.870313 0.042320 0.081250
0 1.0 0.818182 0.836719 0.062696 0.120313
0 1.0 0.624608 0.883594 0.173981 0.107813
0 1.0 0.618339 0.872656 0.029781 0.051562
0 1.0 0.612069 0.848437 0.045455 0.078125
0 1.0 0.684953 0.886719 0.150470 0.101562
0 1.0 0.677900 0.867969 0.029781 0.054688
0 1.0 0.666928 0.846094 0.045455 0.085938
0 1.0 0.728056 0.859375 0.039185 0.065625
0 1.0 0.525078 0.884375 0.031348 0.050000
0 1.0 0.452194 0.857031 0.076803 0.114062
0 1.0 0.484326 0.875000 0.194357 0.087500
0 1.0 0.451411 0.835938 0.028213 0.056250
0 1.0 0.542320 0.878906 0.109718 0.085938
0 1.0 0.511755 0.878125 0.064263 0.115625
0 1.0 0.600313 0.883594 0.094044 0.076563
0 1.0 0.554859 0.851562 0.043887 0.081250
0 1.0 0.239028 0.872656 0.205329 0.082812
0 1.0 0.293887 0.829688 0.042320 0.075000
0 1.0 0.346395 0.869531 0.166144 0.164062
0 1.0 0.348746 0.854688 0.083072 0.128125
0 1.0 0.398903 0.849219 0.111285 0.176563
0 1.0 0.187304 0.819531 0.086207 0.129688
0 1.0 0.239812 0.834375 0.062696 0.109375
0 1.0 0.301724 0.876563 0.108150 0.121875
0 1.0 0.298589 0.882031 0.029781 0.042188
0 1.0 0.073668 0.875000 0.025078 0.040625
0 1.0 0.030564 0.847656 0.061129 0.129688
0 1.0 0.054075 0.868750 0.079937 0.056250
0 1.0 0.086991 0.861719 0.158307 0.170313
0 1.0 0.136364 0.871875 0.056426 0.065625
0 1.0 0.085423 0.828906 0.073668 0.123438
0 1.0 0.115987 0.868750 0.156740 0.078125
0 1.0 0.141066 0.819531 0.062696 0.114062
0 1.0 0.817398 0.821094 0.167712 0.107813
0 1.0 0.870690 0.799219 0.148903 0.304688
0 1.0 0.897335 0.818750 0.205329 0.156250
0 1.0 0.952194 0.835156 0.092476 0.182812
0 1.0 0.047022 0.876563 0.090909 0.121875
0 1.0 0.768809 0.815625 0.333856 0.131250
0 1.0 0.767241 0.793750 0.133229 0.328125
0 1.0 0.609718 0.812500 0.241379 0.137500
0 1.0 0.605016 0.820312 0.131661 0.228125
0 1.0 0.664577 0.807813 0.275862 0.284375
0 1.0 0.679467 0.814063 0.177116 0.115625
0 1.0 0.662226 0.810156 0.136364 0.254688
0 1.0 0.465517 0.816406 0.329154 0.117188
0 1.0 0.446708 0.830469 0.109718 0.251563
0 1.0 0.503135 0.821094 0.200627 0.210938
0 1.0 0.346395 0.810937 0.269592 0.265625
0 1.0 0.337774 0.814844 0.305643 0.117188
0 1.0 0.431818 0.822656 0.114420 0.098437
0 1.0 0.495298 0.824219 0.072100 0.076563
0 1.0 0.193574 0.816406 0.214734 0.120313
0 1.0 0.184169 0.789844 0.152038 0.257812
0 1.0 0.264107 0.820312 0.111285 0.093750
0 1.0 0.296238 0.811719 0.131661 0.145313
0 1.0 0.047806 0.820312 0.095611 0.062500
0 1.0 0.088558 0.796875 0.177116 0.215625
0 1.0 0.129310 0.822656 0.057994 0.064062
0 1.0 0.114420 0.817969 0.228840 0.095312
0 1.0 0.916144 0.744531 0.148903 0.310937
0 1.0 0.943574 0.777344 0.112853 0.164062
0 1.0 0.959248 0.796875 0.053292 0.140625
0 1.0 0.066614 0.826562 0.023511 0.034375
0 1.0 0.813480 0.760156 0.159875 0.298438
0 1.0 0.869906 0.777344 0.065831 0.095312
0 1.0 0.830721 0.770312 0.137931 0.109375
0 1.0 0.617555 0.761719 0.316614 0.132812
0 1.0 0.714734 0.750000 0.163009 0.287500
0 1.0 0.563480 0.775781 0.261755 0.251563
0 1.0 0.342476 0.757031 0.148903 0.248438
0 1.0 0.347962 0.760156 0.310345 0.120313
0 1.0 0.442006 0.772656 0.087774 0.092188
0 1.0 0.390282 0.765625 0.122257 0.278125
0 1.0 0.452194 0.767969 0.195925 0.195312
0 1.0 0.497649 0.775000 0.070533 0.078125
0 1.0 0.465517 0.767188 0.322884 0.121875
0 1.0 0.195925 0.756250 0.322884 0.140625
0 1.0 0.253918 0.761719 0.125392 0.120313
0 1.0 0.228056 0.754687 0.145768 0.253125
0 1.0 0.282915 0.755469 0.192790 0.192188
0 1.0 0.281348 0.771875 0.042320 0.056250
0 1.0 0.131661 0.762500 0.084639 0.100000
0 1.0 0.124608 0.746875 0.114420 0.268750
0 1.0 0.897335 0.714844 0.205329 0.160938
0 1.0 0.056426 0.760156 0.112853 0.176563
0 1.0 0.061129 0.766406 0.031348 0.051562
0 1.0 0.759404 0.708594 0.321317 0.145313
0 1.0 0.869906 0.723437 0.075235 0.090625
0 1.0 0.826803 0.715625 0.133229 0.100000
0 1.0 0.666928 0.712500 0.117555 0.228125
0 1.0 0.519592 0.710938 0.183386 0.121875
0 1.0 0.503135 0.720313 0.147335 0.253125
0 1.0 0.558777 0.711719 0.199060 0.189062
0 1.0 0.587774 0.713281 0.122257 0.101562
0 1.0 0.619906 0.710938 0.289969 0.118750
0 1.0 0.318966 0.706250 0.299373 0.121875
0 1.0 0.395768 0.707812 0.195925 0.200000
0 1.0 0.442790 0.720313 0.067398 0.075000
0 1.0 0.504702 0.719531 0.047022 0.060937
0 1.0 0.441223 0.731250 0.086207 0.225000
0 1.0 0.238245 0.711719 0.128527 0.120313
0 1.0 0.213950 0.707812 0.299373 0.134375
0 1.0 0.260972 0.714844 0.039185 0.060937
0 1.0 0.126959 0.710156 0.084639 0.107813
0 1.0 0.130094 0.724219 0.238245 0.251563
0 1.0 0.185737 0.728906 0.092476 0.245312
0 1.0 0.871473 0.660156 0.257053 0.129688
0 1.0 0.942790 0.667969 0.114420 0.167187
0 1.0 0.958464 0.698438 0.048589 0.140625
0 1.0 0.073668 0.709375 0.031348 0.062500
0 1.0 0.062696 0.703125 0.125392 0.090625
0 1.0 0.025862 0.737500 0.051724 0.193750
0 1.0 0.822884 0.659375 0.106583 0.212500
0 1.0 0.844044 0.657031 0.064263 0.079687
0 1.0 0.878527 0.644531 0.152038 0.298438
0 1.0 0.801724 0.656250 0.086207 0.078125
0 1.0 0.672414 0.653125 0.253918 0.137500
0 1.0 0.711599 0.646875 0.163009 0.259375
0 1.0 0.764890 0.657031 0.250784 0.151562
0 1.0 0.760188 0.663281 0.137931 0.310937
0 1.0 0.521160 0.658594 0.268025 0.101562
0 1.0 0.587774 0.662500 0.103448 0.084375
0 1.0 0.551724 0.663281 0.125392 0.235937
0 1.0 0.608150 0.653125 0.203762 0.196875
0 1.0 0.609718 0.667188 0.103448 0.181250
0 1.0 0.447492 0.666406 0.048589 0.060937
0 1.0 0.400470 0.659375 0.255486 0.093750
0 1.0 0.392633 0.657031 0.117555 0.273438
0 1.0 0.455329 0.660156 0.158307 0.157812
0 1.0 0.510972 0.670312 0.037618 0.050000
0 1.0 0.439655 0.657031 0.067398 0.151562
0 1.0 0.236677 0.666406 0.081505 0.089063
0 1.0 0.226489 0.657031 0.136364 0.220312
0 1.0 0.289185 0.658594 0.155172 0.154688
0 1.0 0.252351 0.670312 0.025078 0.043750
0 1.0 0.173197 0.663281 0.221003 0.092188
0 1.0 0.336207 0.657813 0.255486 0.256250
0 1.0 0.082288 0.675781 0.089342 0.198437
0 1.0 0.171630 0.661719 0.086207 0.092188
0 1.0 0.177116 0.664844 0.134796 0.210938
0 1.0 0.944357 0.600781 0.111285 0.157812
0 1.0 0.923981 0.600000 0.152038 0.275000
0 1.0 0.957680 0.629687 0.047022 0.131250
0 1.0 0.050157 0.667969 0.097179 0.126562
0 1.0 0.091693 0.661719 0.023511 0.048438
0 1.0 0.021160 0.688281 0.042320 0.132812
0 1.0 0.147335 0.657813 0.050157 0.075000
0 1.0 0.809561 0.582812 0.277429 0.137500
0 1.0 0.826803 0.596875 0.092476 0.168750
0 1.0 0.829937 0.592969 0.045455 0.054688
0 1.0 0.779781 0.594531 0.083072 0.067187
0 1.0 0.889498 0.591406 0.180251 0.139063
0 1.0 0.688088 0.586719 0.263323 0.104688
0 1.0 0.663009 0.610938 0.106583 0.212500
0 1.0 0.714734 0.578906 0.119122 0.157812
0 1.0 0.565047 0.602344 0.189655 0.167187
0 1.0 0.612853 0.592187 0.050157 0.053125
0 1.0 0.576803 0.589844 0.200627 0.079687
0 1.0 0.614420 0.607031 0.072100 0.101562
0 1.0 0.447492 0.606250 0.023511 0.034375
0 1.0 0.381661 0.600781 0.173981 0.067187
0 1.0 0.446708 0.606250 0.235110 0.265625
0 1.0 0.503135 0.607031 0.018809 0.029687
0 1.0 0.449843 0.603125 0.097179 0.050000
0 1.0 0.522727 0.593750 0.092476 0.062500
0 1.0 0.505486 0.617188 0.092476 0.165625
0 1.0 0.198276 0.608594 0.205329 0.085938
0 1.0 0.229624 0.591406 0.095611 0.264062
0 1.0 0.274295 0.588281 0.250784 0.285938
0 1.0 0.275862 0.617188 0.018809 0.028125
0 1.0 0.281348 0.598437 0.083072 0.246875
0 1.0 0.337774 0.603906 0.177116 0.189062
0 1.0 0.326019 0.603125 0.087774 0.065625
0 1.0 0.338558 0.603906 0.087774 0.232813
0 1.0 0.132445 0.614062 0.183386 0.200000
0 1.0 0.163793 0.619531 0.076803 0.067187
0 1.0 0.129310 0.622656 0.070533 0.170313
0 1.0 0.188871 0.620313 0.061129 0.178125
0 1.0 0.241379 0.613281 0.062696 0.060937
0 1.0 0.935737 0.542969 0.128527 0.101562
0 1.0 0.961599 0.576562 0.045455 0.112500
0 1.0 0.071317 0.599219 0.142633 0.242188
0 1.0 0.079154 0.621094 0.023511 0.035937
0 1.0 0.025862 0.642969 0.051724 0.129688
0 1.0 0.047806 0.611719 0.095611 0.054688
0 1.0 0.129310 0.619531 0.042320 0.045312
0 1.0 0.096395 0.627344 0.070533 0.154688
0 1.0 0.094044 0.612500 0.169279 0.071875
0 1.0 0.836991 0.546094 0.159875 0.120313
0 1.0 0.709248 0.546094 0.186520 0.176563
0 1.0 0.757837 0.496094 0.152038 0.304688
0 1.0 0.600313 0.550781 0.137931 0.089063
0 1.0 0.551724 0.557031 0.131661 0.167187
0 1.0 0.623041 0.551562 0.261755 0.225000
0 1.0 0.615987 0.567187 0.062696 0.100000
0 1.0 0.608934 0.567187 0.089342 0.171875
0 1.0 0.676332 0.570312 0.070533 0.118750
0 1.0 0.403605 0.543750 0.264890 0.087500
0 1.0 0.393417 0.567187 0.087774 0.209375
0 1.0 0.459248 0.557813 0.103448 0.106250
0 1.0 0.503135 0.554688 0.053292 0.050000
0 1.0 0.442790 0.595313 0.045455 0.103125
0 1.0 0.500784 0.547656 0.161442 0.139063
0 1.0 0.508621 0.552344 0.252351 0.251563
0 1.0 0.536834 0.546875 0.202194 0.075000
0 1.0 0.281348 0.539844 0.145768 0.185938
0 1.0 0.278213 0.539062 0.045455 0.059375
0 1.0 0.225705 0.538281 0.228840 0.092188
0 1.0 0.319749 0.539062 0.141066 0.078125
0 1.0 0.394201 0.544531 0.173981 0.176563
0 1.0 0.442006 0.546875 0.062696 0.062500
0 1.0 0.158307 0.535156 0.197492 0.135937
0 1.0 0.125392 0.557813 0.056426 0.193750
0 1.0 0.202194 0.537500 0.266458 0.284375
0 1.0 0.188871 0.567187 0.101881 0.203125
0 1.0 0.939655 0.497656 0.120690 0.098437
0 1.0 0.050157 0.568750 0.097179 0.118750
0 1.0 0.099530 0.550781 0.026646 0.045312
0 1.0 0.023511 0.598437 0.047022 0.103125
0 1.0 0.124608 0.539062 0.092476 0.081250
0 1.0 0.882445 0.491406 0.200627 0.185938
0 1.0 0.877743 0.508594 0.115987 0.095312
0 1.0 0.715517 0.505469 0.264890 0.104688
0 1.0 0.821317 0.484375 0.097179 0.196875
0 1.0 0.821317 0.506250 0.285266 0.121875
0 1.0 0.576803 0.502344 0.253918 0.082812
0 1.0 0.551724 0.502344 0.100313 0.167187
0 1.0 0.609718 0.503906 0.172414 0.164062
0 1.0 0.619906 0.514844 0.054859 0.095312
0 1.0 0.671630 0.511719 0.161442 0.164062
0 1.0 0.680251 0.530469 0.053292 0.104688
0 1.0 0.456113 0.507812 0.125392 0.118750
0 1.0 0.446708 0.478125 0.235110 0.243750
0 1.0 0.408307 0.505469 0.133229 0.082812
0 1.0 0.505486 0.517188 0.083072 0.125000
0 1.0 0.570533 0.482031 0.235110 0.251563
0 1.0 0.224922 0.488281 0.117555 0.114062
0 1.0 0.197492 0.489844 0.294671 0.123438
0 1.0 0.282915 0.521094 0.054859 0.151562
0 1.0 0.337774 0.499219 0.120690 0.129688
0 1.0 0.329937 0.524219 0.064263 0.142187
0 1.0 0.394201 0.496875 0.123824 0.184375
0 1.0 0.186520 0.536719 0.050157 0.139063
0 1.0 0.241379 0.521094 0.072100 0.195312
0 1.0 0.288401 0.489844 0.103448 0.139063
0 1.0 0.065047 0.509375 0.064263 0.090625
0 1.0 0.072100 0.492188 0.144201 0.246875
0 1.0 0.122257 0.500000 0.028213 0.065625
0 1.0 0.027429 0.539844 0.054859 0.101562
0 1.0 0.025078 0.571094 0.031348 0.085938
0 1.0 0.100313 0.489844 0.115987 0.157812
0 1.0 0.136364 0.489063 0.094044 0.103125
0 1.0 0.099530 0.519531 0.048589 0.114062
0 1.0 0.865204 0.461719 0.159875 0.089063
0 1.0 0.892633 0.428906 0.073668 0.160938
0 1.0 0.867555 0.457813 0.036050 0.046875
0 1.0 0.883229 0.415625 0.111285 0.259375
0 1.0 0.916928 0.453906 0.097179 0.135937
0 1.0 0.930251 0.442188 0.139498 0.237500
0 1.0 0.952978 0.490625 0.050157 0.084375
0 1.0 0.955329 0.450781 0.089342 0.079687
0 1.0 0.735110 0.445312 0.241379 0.109375
0 1.0 0.730408 0.412500 0.131661 0.400000
0 1.0 0.820533 0.433594 0.161442 0.182812
0 1.0 0.821317 0.431250 0.075235 0.156250
0 1.0 0.612069 0.453906 0.227273 0.135937
0 1.0 0.612069 0.474219 0.045455 0.089063
0 1.0 0.607367 0.475000 0.079937 0.171875
0 1.0 0.680251 0.479687 0.047022 0.106250
0 1.0 0.671630 0.478125 0.067398 0.168750
0 1.0 0.464734 0.456250 0.192790 0.100000
0 1.0 0.430251 0.476562 0.083072 0.103125
0 1.0 0.525078 0.455469 0.021944 0.035937
0 1.0 0.437304 0.492969 0.028213 0.051562
0 1.0 0.503918 0.425781 0.252351 0.260937
0 1.0 0.509404 0.487500 0.053292 0.093750
0 1.0 0.523511 0.450000 0.156740 0.081250
0 1.0 0.589342 0.450000 0.137931 0.078125
0 1.0 0.291536 0.502344 0.037618 0.089063
0 1.0 0.358150 0.486719 0.057994 0.082812
0 1.0 0.322884 0.435156 0.260188 0.242188
0 1.0 0.250784 0.466406 0.018809 0.039062
0 1.0 0.329154 0.489844 0.037618 0.073438
0 1.0 0.402038 0.460156 0.227273 0.126562
0 1.0 0.475705 0.477344 0.073668 0.098437
0 1.0 0.224922 0.484375 0.039185 0.071875
0 1.0 0.188871 0.482031 0.057994 0.107813
0 1.0 0.255486 0.471875 0.065831 0.081250
0 1.0 0.190439 0.496094 0.026646 0.073438
0 1.0 0.256270 0.500000 0.032915 0.078125
0 1.0 0.248433 0.502344 0.048589 0.126562
0 1.0 0.311912 0.489844 0.031348 0.060937
0 1.0 0.112069 0.478906 0.032915 0.045312
0 1.0 0.036834 0.510156 0.029781 0.064062
0 1.0 0.141066 0.470313 0.015674 0.034375
0 1.0 0.029781 0.514844 0.018809 0.051562
0 1.0 0.110502 0.510156 0.023511 0.067187
0 1.0 0.172414 0.472656 0.021944 0.042188
0 1.0 0.159091 0.442188 0.264890 0.234375
0 1.0 0.147335 0.500000 0.028213 0.075000
0 1.0 0.140282 0.506250 0.036050 0.109375
0 1.0 0.845611 0.399219 0.120690 0.092188
0 1.0 0.896552 0.360938 0.194357 0.312500
0 1.0 0.883229 0.399219 0.233542 0.132812
0 1.0 0.948276 0.396875 0.103448 0.103125
0 1.0 0.954545 0.456250 0.040752 0.112500
0 1.0 0.081505 0.489844 0.037618 0.064062
0 1.0 0.769592 0.375781 0.219436 0.195312
0 1.0 0.612069 0.389844 0.258621 0.173437
0 1.0 0.606583 0.409375 0.056426 0.156250
0 1.0 0.604232 0.403125 0.095611 0.259375
0 1.0 0.674765 0.374219 0.189655 0.251563
0 1.0 0.684169 0.411719 0.048589 0.142187
0 1.0 0.694357 0.383594 0.288401 0.135937
0 1.0 0.671630 0.403125 0.098746 0.259375
0 1.0 0.478056 0.389844 0.231975 0.104688
0 1.0 0.440439 0.441406 0.072100 0.135937
0 1.0 0.503918 0.419531 0.070533 0.145313
0 1.0 0.557994 0.393750 0.131661 0.284375
0 1.0 0.350313 0.415625 0.145768 0.168750
0 1.0 0.326019 0.445312 0.087774 0.150000
0 1.0 0.350313 0.398438 0.299373 0.121875
0 1.0 0.401254 0.397656 0.181818 0.223438
0 1.0 0.205329 0.410156 0.260188 0.126562
0 1.0 0.254702 0.493750 0.020376 0.050000
0 1.0 0.293103 0.460156 0.068966 0.114062
0 1.0 0.288401 0.405469 0.178683 0.089063
0 1.0 0.072100 0.414062 0.075235 0.053125
0 1.0 0.123824 0.419531 0.097179 0.085938
0 1.0 0.201411 0.435937 0.108150 0.134375
0 1.0 0.909091 0.342969 0.109718 0.214062
0 1.0 0.884796 0.338281 0.230408 0.129688
0 1.0 0.937304 0.359375 0.059561 0.128125
0 1.0 0.938871 0.336719 0.122257 0.101562
0 1.0 0.949843 0.338281 0.025078 0.064062
0 1.0 0.059561 0.441406 0.056426 0.076563
0 1.0 0.079154 0.425781 0.029781 0.039062
0 1.0 0.040752 0.480469 0.028213 0.057813
0 1.0 0.835423 0.331250 0.106583 0.228125
0 1.0 0.873824 0.335156 0.108150 0.092188
0 1.0 0.877743 0.310156 0.103448 0.332813
0 1.0 0.629310 0.323437 0.305643 0.131250
0 1.0 0.684953 0.339062 0.043887 0.103125
0 1.0 0.730408 0.325000 0.203762 0.168750
0 1.0 0.506270 0.333594 0.200627 0.185938
0 1.0 0.503135 0.358594 0.084639 0.145313
0 1.0 0.604232 0.328125 0.177116 0.200000
0 1.0 0.615987 0.356250 0.047022 0.118750
0 1.0 0.354232 0.339844 0.235110 0.148438
0 1.0 0.338558 0.369531 0.103448 0.126562
0 1.0 0.340125 0.410156 0.047022 0.098437
0 1.0 0.394984 0.350781 0.106583 0.214062
0 1.0 0.460815 0.352344 0.112853 0.126562
0 1.0 0.442006 0.313281 0.021944 0.039062
0 1.0 0.239028 0.356250 0.145768 0.081250
0 1.0 0.199843 0.475781 0.020376 0.042188
0 1.0 0.242947 0.374219 0.266458 0.264062
0 1.0 0.247649 0.443750 0.028213 0.046875
0 1.0 0.260972 0.342969 0.283699 0.107813
0 1.0 0.242163 0.453906 0.045455 0.089063
0 1.0 0.336207 0.382812 0.032915 0.053125
0 1.0 0.288401 0.407813 0.081505 0.093750
0 1.0 0.293103 0.453906 0.028213 0.057813
0 1.0 0.366771 0.357812 0.084639 0.100000
0 1.0 0.099530 0.377344 0.111285 0.098437
0 1.0 0.105016 0.362500 0.210031 0.256250
0 1.0 0.106583 0.453125 0.015674 0.031250
0 1.0 0.144201 0.350781 0.081505 0.067187
0 1.0 0.094828 0.468750 0.023511 0.056250
0 1.0 0.150470 0.378906 0.097179 0.092188
0 1.0 0.155956 0.353906 0.167712 0.117188
0 1.0 0.149687 0.450781 0.020376 0.035937
0 1.0 0.142633 0.472656 0.025078 0.054688
0 1.0 0.213950 0.399219 0.029781 0.045312
0 1.0 0.195925 0.428125 0.050157 0.062500
0 1.0 0.881661 0.285938 0.236677 0.121875
0 1.0 0.959248 0.289844 0.081505 0.142187
0 1.0 0.935737 0.296875 0.034483 0.081250
0 1.0 0.945141 0.319531 0.034483 0.107813
0 1.0 0.065047 0.384375 0.042320 0.059375
0 1.0 0.056426 0.361719 0.050157 0.054688
0 1.0 0.024295 0.414844 0.029781 0.051562
0 1.0 0.076019 0.352344 0.054859 0.048438
0 1.0 0.024295 0.421875 0.014107 0.034375
0 1.0 0.851097 0.229687 0.050157 0.093750
0 1.0 0.884013 0.245312 0.040752 0.115625
0 1.0 0.873824 0.280469 0.098746 0.092188
0 1.0 0.734326 0.283594 0.057994 0.085938
0 1.0 0.760972 0.275781 0.064263 0.095312
0 1.0 0.501567 0.298438 0.043887 0.087500
0 1.0 0.570533 0.271094 0.059561 0.092188
0 1.0 0.615987 0.291406 0.021944 0.057813
0 1.0 0.416144 0.294531 0.054859 0.060937
0 1.0 0.409091 0.292187 0.241379 0.150000
0 1.0 0.450627 0.278906 0.105016 0.164062
0 1.0 0.530564 0.297656 0.032915 0.057813
0 1.0 0.242163 0.301563 0.158307 0.150000
0 1.0 0.248433 0.345313 0.020376 0.043750
0 1.0 0.239812 0.354687 0.053292 0.121875
0 1.0 0.346395 0.323437 0.021944 0.046875
0 1.0 0.304859 0.286719 0.246082 0.251563
0 1.0 0.306426 0.297656 0.221003 0.117188
0 1.0 0.347962 0.298438 0.159875 0.081250
0 1.0 0.296238 0.339062 0.050157 0.103125
0 1.0 0.379310 0.314063 0.047022 0.081250
0 1.0 0.096395 0.300000 0.186520 0.087500
0 1.0 0.085423 0.342187 0.010972 0.018750
0 1.0 0.131661 0.294531 0.094044 0.057813
0 1.0 0.078370 0.366406 0.025078 0.051562
0 1.0 0.147335 0.315625 0.106583 0.100000
0 1.0 0.161442 0.342187 0.015674 0.025000
0 1.0 0.147335 0.363281 0.028213 0.064062
0 1.0 0.221003 0.337500 0.015674 0.031250
0 1.0 0.183386 0.303906 0.216301 0.107813
0 1.0 0.199060 0.342187 0.043887 0.065625
0 1.0 0.242947 0.301563 0.094044 0.059375
0 1.0 0.199843 0.372656 0.026646 0.060937
0 1.0 0.028997 0.060937 0.051724 0.081250
0 1.0 0.068966 0.028906 0.056426 0.048438
0 1.0 0.105799 0.038281 0.123824 0.076563
0 1.0 0.083856 0.066406 0.076803 0.101562
0 1.0 0.141850 0.065625 0.142633 0.131250
0 1.0 0.162226 0.030469 0.111285 0.060937
0 1.0 0.133229 0.082031 0.062696 0.123438
0 1.0 0.553292 0.743750 0.203762 0.500000
0 1.0 0.247649 0.739844 0.206897 0.520312
0 1.0 0.073668 0.779687 0.147335 0.440625
0 1.0 0.447492 0.818750 0.249216 0.362500
0 1.0 0.145768 0.638281 0.222571 0.567187
0 1.0 0.561912 0.661719 0.358934 0.345313
0 1.0 0.349530 0.654687 0.203762 0.537500
0 1.0 0.123824 0.252344 0.247649 0.442188
0 1.0 0.913793 0.197656 0.172414 0.395313
0 1.0 0.072884 0.354687 0.145768 0.568750
0 1.0 0.370690 0.253125 0.449843 0.396875
0 1.0 0.246082 0.265625 0.206897 0.528125
0 1.0 0.339342 0.324219 0.678683 0.648438
0 1.0 0.083072 0.549219 0.166144 0.498437
0 1.0 0.447492 0.560156 0.208464 0.557813
0 1.0 0.347962 0.438281 0.206897 0.482812
0 1.0 0.449060 0.343750 0.217868 0.475000
0 1.0 0.521944 0.508594 0.495298 0.964063
0 1.0 0.289185 0.521875 0.302508 0.746875
0 1.0 0.175549 0.509375 0.351097 0.946875
0 1.0 0.880094 0.644531 0.239812 0.710938