0 1.0 0.499219 0.813084 0.926562 0.359813
0 1.0 0.894531 0.685748 0.020313 0.044393
0 1.0 0.855469 0.642523 0.017188 0.028037
0 1.0 0.851562 0.617991 0.256250 0.264019
0 1.0 0.880469 0.643692 0.160938 0.156542
0 1.0 0.824219 0.697430 0.051562 0.123832
0 1.0 0.815625 0.617991 0.237500 0.091121
0 1.0 0.837500 0.698598 0.021875 0.051402
0 1.0 0.711719 0.703271 0.048438 0.102804
0 1.0 0.164844 0.685748 0.023438 0.049065
0 1.0 0.780469 0.691589 0.054688 0.126168
0 1.0 0.796875 0.690421 0.025000 0.053738
0 1.0 0.777344 0.640187 0.185938 0.168224
0 1.0 0.021875 0.740654 0.031250 0.107477
0 1.0 0.057031 0.682243 0.054688 0.046729
0 1.0 0.024219 0.717290 0.048438 0.107477
0 1.0 0.086719 0.692757 0.010937 0.030374
0 1.0 0.065625 0.656542 0.131250 0.247664
0 1.0 0.045312 0.697430 0.059375 0.086449
0 1.0 0.953906 0.710280 0.026562 0.079439
0 1.0 0.969531 0.615654 0.060937 0.077103
0 1.0 0.941406 0.685748 0.039062 0.077103
0 1.0 0.786719 0.628505 0.017188 0.032710
0 1.0 0.930469 0.613318 0.139063 0.254673
0 1.0 0.954688 0.643692 0.090625 0.123832
0 1.0 0.924219 0.693925 0.048438 0.121495
0 1.0 0.245312 0.664720 0.203125 0.226636
0 1.0 0.912500 0.627336 0.125000 0.105140
0 1.0 0.875781 0.691589 0.045312 0.121495
0 1.0 0.563281 0.700935 0.029687 0.051402
0 1.0 0.592187 0.633178 0.059375 0.056075
0 1.0 0.553906 0.617991 0.251563 0.259346
0 1.0 0.552344 0.640187 0.142187 0.130841
0 1.0 0.515625 0.741822 0.018750 0.053738
0 1.0 0.520312 0.713785 0.018750 0.039720
0 1.0 0.514062 0.626168 0.118750 0.088785
0 1.0 0.718750 0.621495 0.268750 0.088785
0 1.0 0.440625 0.735981 0.015625 0.042056
0 1.0 0.436719 0.691589 0.042188 0.070093
0 1.0 0.535937 0.637850 0.015625 0.037383
0 1.0 0.435156 0.617991 0.242188 0.264019
0 1.0 0.475000 0.644860 0.068750 0.093458
0 1.0 0.390625 0.713785 0.037500 0.095794
0 1.0 0.723437 0.696262 0.025000 0.046729
0 1.0 0.724219 0.608645 0.285938 0.259346
0 1.0 0.671094 0.716121 0.026562 0.072430
0 1.0 0.682031 0.705607 0.017188 0.042056
0 1.0 0.564063 0.621495 0.250000 0.088785
0 1.0 0.662500 0.639019 0.162500 0.147196
0 1.0 0.610938 0.719626 0.025000 0.070093
0 1.0 0.611719 0.711449 0.014063 0.035047
0 1.0 0.602344 0.634346 0.167187 0.151869
0 1.0 0.560937 0.726636 0.028125 0.065421
0 1.0 0.514844 0.740654 0.035937 0.112150
0 1.0 0.492969 0.678738 0.260937 0.105140
0 1.0 0.771875 0.674065 0.334375 0.109813
0 1.0 0.428125 0.734813 0.025000 0.086449
0 1.0 0.421094 0.703271 0.073438 0.149533
0 1.0 0.546094 0.703271 0.010937 0.028037
0 1.0 0.469531 0.689252 0.092188 0.126168
0 1.0 0.400000 0.678738 0.240625 0.091121
0 1.0 0.387500 0.695093 0.096875 0.184579
0 1.0 0.492969 0.696262 0.010937 0.028037
0 1.0 0.486719 0.689252 0.101562 0.065421
0 1.0 0.718750 0.679907 0.168750 0.149533
0 1.0 0.665625 0.718458 0.043750 0.123832
0 1.0 0.692969 0.688084 0.135937 0.081776
0 1.0 0.897656 0.684579 0.129688 0.112150
0 1.0 0.620313 0.675234 0.300000 0.107477
0 1.0 0.553906 0.734813 0.042188 0.119159
0 1.0 0.605469 0.691589 0.048438 0.051402
0 1.0 0.608594 0.724299 0.042188 0.126168
0 1.0 0.185938 0.719626 0.040625 0.135514
0 1.0 0.182812 0.692757 0.078125 0.179907
0 1.0 0.210156 0.685748 0.076563 0.128505
0 1.0 0.147656 0.738318 0.039062 0.130841
0 1.0 0.167969 0.674065 0.217188 0.105140
0 1.0 0.197656 0.684579 0.039062 0.060748
0 1.0 0.158594 0.665888 0.260937 0.261682
0 1.0 0.081250 0.753505 0.034375 0.100467
0 1.0 0.134375 0.675234 0.087500 0.074766
0 1.0 0.316406 0.674065 0.192188 0.100467
0 1.0 0.396875 0.613318 0.306250 0.114486
0 1.0 0.352344 0.718458 0.035937 0.123832
0 1.0 0.351562 0.692757 0.084375 0.179907
0 1.0 0.303125 0.713785 0.040625 0.137850
0 1.0 0.527344 0.689252 0.082812 0.074766
0 1.0 0.305469 0.682243 0.101562 0.214953
0 1.0 0.291406 0.685748 0.014063 0.035047
0 1.0 0.239844 0.703271 0.057813 0.177570
0 1.0 0.287500 0.676402 0.075000 0.086449
0 1.0 0.606250 0.580607 0.140625 0.128505
0 1.0 0.561719 0.556075 0.264062 0.102804
0 1.0 0.567969 0.663551 0.023438 0.037383
0 1.0 0.817187 0.564252 0.268750 0.137850
0 1.0 0.514062 0.704439 0.015625 0.035047
0 1.0 0.396875 0.683411 0.065625 0.109813
0 1.0 0.515625 0.671729 0.018750 0.030374
0 1.0 0.494531 0.565421 0.248438 0.257009
0 1.0 0.497656 0.581776 0.154688 0.121495
0 1.0 0.447656 0.697430 0.014063 0.030374
0 1.0 0.496875 0.560748 0.115625 0.074766
0 1.0 0.442969 0.648364 0.039062 0.053738
0 1.0 0.715625 0.669393 0.040625 0.067757
0 1.0 0.728906 0.654206 0.020313 0.032710
0 1.0 0.718750 0.585280 0.140625 0.123832
0 1.0 0.609375 0.563084 0.237500 0.261682
0 1.0 0.953906 0.584112 0.092188 0.121495
0 1.0 0.682813 0.668224 0.015625 0.028037
0 1.0 0.667188 0.561916 0.268750 0.137850
0 1.0 0.665625 0.584112 0.134375 0.121495
0 1.0 0.611719 0.685748 0.023438 0.049065
0 1.0 0.612500 0.671729 0.012500 0.025701
0 1.0 0.672656 0.685748 0.023438 0.049065
0 1.0 0.238281 0.651869 0.045312 0.102804
0 1.0 0.555469 0.586449 0.107813 0.098131
0 1.0 0.246094 0.573598 0.273438 0.142523
0 1.0 0.185156 0.660047 0.035937 0.086449
0 1.0 0.201563 0.587617 0.112500 0.114486
0 1.0 0.145313 0.676402 0.028125 0.077103
0 1.0 0.175000 0.558411 0.165625 0.093458
0 1.0 0.147656 0.650701 0.032813 0.063084
0 1.0 0.184375 0.630841 0.062500 0.098131
0 1.0 0.473438 0.587617 0.071875 0.081776
0 1.0 0.403125 0.554907 0.300000 0.119159
0 1.0 0.399219 0.635514 0.064062 0.088785
0 1.0 0.407813 0.580607 0.146875 0.147196
0 1.0 0.350000 0.669393 0.040625 0.086449
0 1.0 0.304688 0.587617 0.100000 0.109813
0 1.0 0.346875 0.637850 0.075000 0.102804
0 1.0 0.320312 0.579439 0.265625 0.266355
0 1.0 0.345313 0.585280 0.128125 0.128505
0 1.0 0.292187 0.663551 0.037500 0.079439
0 1.0 0.287500 0.628505 0.090625 0.112150
0 1.0 0.263281 0.574766 0.114062 0.107477
0 1.0 0.149219 0.710280 0.026562 0.084112
0 1.0 0.167969 0.617991 0.217188 0.109813
0 1.0 0.156250 0.688084 0.028125 0.072430
0 1.0 0.083594 0.732477 0.020313 0.053738
0 1.0 0.210938 0.636682 0.112500 0.151869
0 1.0 0.478125 0.632009 0.018750 0.044393
0 1.0 0.677344 0.630841 0.129688 0.074766
0 1.0 0.291406 0.608645 0.204687 0.114486
0 1.0 0.249219 0.682243 0.035937 0.084112
0 1.0 0.283594 0.632009 0.035937 0.063084
0 1.0 0.829688 0.560748 0.046875 0.060748
0 1.0 0.892969 0.658879 0.017188 0.032710
0 1.0 0.842187 0.570093 0.106250 0.098131
0 1.0 0.088281 0.705607 0.017188 0.037383
0 1.0 0.839063 0.663551 0.018750 0.032710
0 1.0 0.776563 0.661215 0.043750 0.074766
0 1.0 0.792969 0.657710 0.020313 0.035047
0 1.0 0.152344 0.630841 0.032813 0.060748
0 1.0 0.028125 0.732477 0.021875 0.058411
0 1.0 0.072656 0.621495 0.076563 0.056075
0 1.0 0.032031 0.700935 0.029687 0.051402
0 1.0 0.096875 0.636682 0.015625 0.035047
0 1.0 0.955469 0.685748 0.017188 0.044393
0 1.0 0.942187 0.651869 0.031250 0.051402
0 1.0 0.048438 0.649533 0.065625 0.079439
0 1.0 0.500781 0.754673 0.189062 0.172897
0 1.0 0.777344 0.747664 0.176563 0.191589
0 1.0 0.426563 0.754673 0.115625 0.228972
0 1.0 0.556250 0.759346 0.018750 0.051402
0 1.0 0.723437 0.719626 0.037500 0.079439
0 1.0 0.410938 0.745327 0.306250 0.219626
0 1.0 0.347656 0.744159 0.117188 0.240654
0 1.0 0.400000 0.755841 0.062500 0.077103
0 1.0 0.661719 0.755841 0.342187 0.217290
0 1.0 0.606250 0.752336 0.081250 0.219626
0 1.0 0.607812 0.752336 0.400000 0.112150
0 1.0 0.799219 0.751168 0.042188 0.077103
0 1.0 0.592969 0.751168 0.182812 0.184579
0 1.0 0.579688 0.754673 0.125000 0.098131
0 1.0 0.506250 0.767523 0.087500 0.212617
0 1.0 0.525000 0.752336 0.140625 0.102804
0 1.0 0.135156 0.778037 0.082812 0.191589
0 1.0 0.164844 0.764019 0.329688 0.116822
0 1.0 0.179688 0.766355 0.056250 0.074766
0 1.0 0.138281 0.755841 0.242188 0.217290
0 1.0 0.078906 0.759346 0.092188 0.182243
0 1.0 0.032031 0.764019 0.064062 0.224299
0 1.0 0.089063 0.768692 0.025000 0.065421
0 1.0 0.309375 0.761682 0.018750 0.051402
0 1.0 0.284375 0.738318 0.306250 0.242991
0 1.0 0.299219 0.751168 0.110937 0.142523
0 1.0 0.231250 0.752336 0.106250 0.289720
0 1.0 0.175000 0.761682 0.112500 0.126168
0 1.0 0.300000 0.761682 0.028125 0.060748
0 1.0 0.161719 0.788551 0.076563 0.091121
0 1.0 0.075781 0.821262 0.120313 0.250000
0 1.0 0.137500 0.794393 0.162500 0.098131
0 1.0 0.161719 0.792056 0.035937 0.070093
0 1.0 0.100781 0.796729 0.082812 0.074766
0 1.0 0.956250 0.742991 0.043750 0.126168
0 1.0 0.892188 0.751168 0.184375 0.109813
0 1.0 0.263281 0.799065 0.017188 0.037383
0 1.0 0.290625 0.794393 0.153125 0.200935
0 1.0 0.246875 0.793224 0.040625 0.067757
0 1.0 0.211719 0.796729 0.345313 0.116822
0 1.0 0.546094 0.795561 0.017188 0.039720
0 1.0 0.775000 0.746495 0.340625 0.137850
0 1.0 0.109375 0.794393 0.028125 0.065421
0 1.0 0.945312 0.764019 0.078125 0.177570
0 1.0 0.717187 0.751168 0.096875 0.170561
0 1.0 0.656250 0.740654 0.078125 0.191589
0 1.0 0.914844 0.759346 0.170313 0.233645
0 1.0 0.861719 0.737150 0.092188 0.221963
0 1.0 0.857031 0.751168 0.035937 0.081776
0 1.0 0.821094 0.737150 0.085938 0.226636
0 1.0 0.226562 0.733645 0.109375 0.093458
0 1.0 0.201563 0.744159 0.025000 0.044393
0 1.0 0.121875 0.728972 0.162500 0.084112
0 1.0 0.164844 0.740654 0.023438 0.042056
0 1.0 0.033594 0.731308 0.067187 0.056075
0 1.0 0.260937 0.734813 0.340625 0.114486
0 1.0 0.350000 0.745327 0.015625 0.037383
0 1.0 0.332813 0.738318 0.021875 0.042056
0 1.0 0.838281 0.723131 0.035937 0.105140
0 1.0 0.817187 0.689252 0.196875 0.186916
0 1.0 0.796875 0.714953 0.037500 0.102804
0 1.0 0.781250 0.706776 0.081250 0.203271
0 1.0 0.074219 0.740654 0.014063 0.032710
0 1.0 0.046875 0.732477 0.084375 0.123832
0 1.0 0.939063 0.672897 0.103125 0.079439
0 1.0 0.846875 0.697430 0.018750 0.030374
0 1.0 0.770312 0.683411 0.021875 0.039720
0 1.0 0.066406 0.762850 0.107813 0.091121
0 1.0 0.906250 0.717290 0.100000 0.107477
0 1.0 0.943750 0.717290 0.112500 0.144860
0 1.0 0.780469 0.718458 0.032813 0.067757
0 1.0 0.870313 0.740654 0.046875 0.126168
0 1.0 0.850000 0.725467 0.028125 0.067757
0 1.0 0.542969 0.730140 0.067187 0.067757
0 1.0 0.492188 0.712617 0.312500 0.210280
0 1.0 0.425781 0.737150 0.045312 0.133178
0 1.0 0.487500 0.732477 0.206250 0.081776
0 1.0 0.551562 0.742991 0.012500 0.032710
0 1.0 0.503906 0.737150 0.014063 0.035047
0 1.0 0.666406 0.716121 0.423438 0.109813
0 1.0 0.692969 0.719626 0.129688 0.084112
0 1.0 0.657031 0.714953 0.182812 0.163551
0 1.0 0.550781 0.734813 0.073438 0.179907
0 1.0 0.607812 0.731308 0.050000 0.051402
0 1.0 0.710156 0.358645 0.185938 0.189252
0 1.0 0.671094 0.408879 0.054688 0.135514
0 1.0 0.681250 0.401869 0.040625 0.088785
0 1.0 0.605469 0.390187 0.057813 0.140187
0 1.0 0.089063 0.688084 0.018750 0.049065
0 1.0 0.610938 0.397196 0.037500 0.088785
0 1.0 0.851562 0.346963 0.178125 0.105140
0 1.0 0.611719 0.341121 0.229687 0.271028
0 1.0 0.553125 0.391355 0.068750 0.161215
0 1.0 0.574219 0.345794 0.289062 0.121495
0 1.0 0.865625 0.336449 0.237500 0.280374
0 1.0 0.817969 0.371495 0.085938 0.200935
0 1.0 0.826562 0.379673 0.056250 0.123832
0 1.0 0.771875 0.345794 0.284375 0.126168
0 1.0 0.776563 0.378505 0.062500 0.130841
0 1.0 0.767188 0.343458 0.243750 0.285047
0 1.0 0.042969 0.399533 0.085938 0.093458
0 1.0 0.710938 0.399533 0.071875 0.158879
0 1.0 0.766406 0.375000 0.095312 0.212617
0 1.0 0.343750 0.382009 0.075000 0.184579
0 1.0 0.338281 0.344626 0.282813 0.128505
0 1.0 0.346094 0.338785 0.239063 0.285047
0 1.0 0.292969 0.376168 0.048438 0.126168
0 1.0 0.324219 0.367991 0.051562 0.095794
0 1.0 0.234375 0.378505 0.093750 0.233645
0 1.0 0.246094 0.344626 0.248438 0.161215
0 1.0 0.291406 0.360981 0.117188 0.198598
0 1.0 0.503906 0.387850 0.073438 0.182243
0 1.0 0.499219 0.345794 0.242188 0.275701
0 1.0 0.442188 0.350467 0.034375 0.074766
0 1.0 0.404687 0.348131 0.153125 0.200935
0 1.0 0.473438 0.364486 0.093750 0.135514
0 1.0 0.355469 0.403037 0.157812 0.175234
0 1.0 0.292969 0.446262 0.064062 0.144860
0 1.0 0.617188 0.404206 0.171875 0.168224
0 1.0 0.268750 0.394860 0.240625 0.154206
0 1.0 0.235156 0.443925 0.073438 0.168224
0 1.0 0.241406 0.442757 0.051562 0.105140
0 1.0 0.186719 0.449766 0.060937 0.147196
0 1.0 0.307031 0.411215 0.101562 0.140187
0 1.0 0.508594 0.445093 0.060937 0.119159
0 1.0 0.444531 0.462617 0.060937 0.130841
0 1.0 0.478125 0.396028 0.190625 0.109813
0 1.0 0.442969 0.439252 0.107813 0.149533
0 1.0 0.394531 0.425234 0.098437 0.242991
0 1.0 0.403125 0.392523 0.237500 0.280374
0 1.0 0.360156 0.394860 0.295312 0.126168
0 1.0 0.069531 0.396028 0.139063 0.259346
0 1.0 0.964844 0.365654 0.026562 0.067757
0 1.0 0.939063 0.342290 0.121875 0.109813
0 1.0 0.957812 0.379673 0.046875 0.091121
0 1.0 0.932031 0.338785 0.135937 0.257009
0 1.0 0.875000 0.365654 0.090625 0.217290
0 1.0 0.194531 0.407710 0.120313 0.151869
0 1.0 0.882812 0.376168 0.053125 0.126168
0 1.0 0.188281 0.391355 0.229687 0.268692
0 1.0 0.136719 0.453271 0.067187 0.163551
0 1.0 0.144531 0.449766 0.045312 0.095794
0 1.0 0.071875 0.453271 0.068750 0.168224
0 1.0 0.115625 0.393692 0.190625 0.105140
0 1.0 0.029687 0.459112 0.046875 0.142523
0 1.0 0.407031 0.288551 0.245312 0.156542
0 1.0 0.342187 0.301402 0.100000 0.238318
0 1.0 0.391406 0.289720 0.098437 0.084112
0 1.0 0.632812 0.288551 0.178125 0.109813
0 1.0 0.316406 0.290888 0.217188 0.114486
0 1.0 0.326562 0.306075 0.040625 0.084112
0 1.0 0.367188 0.293224 0.081250 0.128505
0 1.0 0.559375 0.308411 0.075000 0.130841
0 1.0 0.557031 0.294393 0.248438 0.154206
0 1.0 0.501563 0.320093 0.093750 0.228972
0 1.0 0.444531 0.316589 0.073438 0.189252
0 1.0 0.517969 0.294393 0.051562 0.070093
0 1.0 0.486719 0.303738 0.051562 0.093458
0 1.0 0.394531 0.285047 0.107813 0.266355
0 1.0 0.097656 0.286215 0.195312 0.264019
0 1.0 0.050781 0.053738 0.082812 0.107477
0 1.0 0.158594 0.030374 0.095312 0.060748
0 1.0 0.134375 0.058411 0.075000 0.116822
0 1.0 0.138281 0.043224 0.157812 0.086449
0 1.0 0.138281 0.087617 0.229687 0.175234
0 1.0 0.077344 0.074766 0.060937 0.116822
0 1.0 0.239063 0.310748 0.056250 0.121495
0 1.0 0.090625 0.058411 0.112500 0.116822
0 1.0 0.024219 0.072430 0.039062 0.093458
0 1.0 0.060156 0.028037 0.060937 0.056075
0 1.0 0.115625 0.029206 0.084375 0.058411
0 1.0 0.230469 0.289720 0.245312 0.158879
0 1.0 0.186719 0.307243 0.089063 0.226636
0 1.0 0.180469 0.286215 0.229687 0.292056
0 1.0 0.135156 0.315421 0.092188 0.228972
0 1.0 0.152344 0.286215 0.151562 0.091121
0 1.0 0.144531 0.303738 0.051562 0.107477
0 1.0 0.138281 0.288551 0.232813 0.142523
0 1.0 0.067187 0.309579 0.071875 0.179907
0 1.0 0.070312 0.301402 0.031250 0.074766
0 1.0 0.214062 0.302570 0.037500 0.081776
0 1.0 0.026562 0.369159 0.053125 0.140187
0 1.0 0.045312 0.346963 0.090625 0.109813
0 1.0 0.962500 0.320093 0.040625 0.112150
0 1.0 0.964063 0.287383 0.071875 0.093458
0 1.0 0.894531 0.288551 0.210938 0.123832
0 1.0 0.190625 0.397196 0.056250 0.149533
0 1.0 0.484375 0.344626 0.184375 0.109813
0 1.0 0.203125 0.366822 0.065625 0.116822
0 1.0 0.153125 0.343458 0.268750 0.121495
0 1.0 0.021875 0.365654 0.031250 0.091121
0 1.0 0.078125 0.391355 0.065625 0.175234
0 1.0 0.121875 0.342290 0.134375 0.095794
0 1.0 0.139844 0.389019 0.057813 0.123832
0 1.0 0.721875 0.293224 0.050000 0.095794
0 1.0 0.720313 0.294393 0.253125 0.158879
0 1.0 0.667969 0.322430 0.085938 0.214953
0 1.0 0.678906 0.308411 0.039062 0.088785
0 1.0 0.600781 0.316589 0.079687 0.189252
0 1.0 0.604688 0.307243 0.034375 0.077103
0 1.0 0.861719 0.290888 0.079687 0.072430
0 1.0 0.890625 0.288551 0.037500 0.081776
0 1.0 0.832031 0.293224 0.042188 0.091121
0 1.0 0.781250 0.293224 0.043750 0.091121
0 1.0 0.714063 0.313084 0.090625 0.214953
0 1.0 0.822656 0.293224 0.254688 0.161215
0 1.0 0.247656 0.517523 0.089063 0.072430
0 1.0 0.559375 0.501168 0.250000 0.137850
0 1.0 0.235937 0.598131 0.050000 0.098131
0 1.0 0.260937 0.509346 0.265625 0.107477
0 1.0 0.185156 0.608645 0.039062 0.081776
0 1.0 0.199219 0.517523 0.260937 0.268692
0 1.0 0.196094 0.529206 0.107813 0.105140
0 1.0 0.142187 0.620327 0.034375 0.086449
0 1.0 0.165625 0.504673 0.209375 0.088785
0 1.0 0.442188 0.589953 0.056250 0.072430
0 1.0 0.469531 0.503505 0.157812 0.114486
0 1.0 0.396094 0.589953 0.054688 0.142523
0 1.0 0.718750 0.516355 0.165625 0.168224
0 1.0 0.407031 0.508178 0.173437 0.175234
0 1.0 0.342969 0.605140 0.048438 0.112150
0 1.0 0.288281 0.612150 0.039062 0.079439
0 1.0 0.393750 0.517523 0.246875 0.292056
0 1.0 0.928906 0.455607 0.142187 0.261682
0 1.0 0.960156 0.460280 0.079687 0.116822
0 1.0 0.922656 0.517523 0.079687 0.235981
0 1.0 0.899219 0.446262 0.201563 0.121495
0 1.0 0.144531 0.587617 0.045312 0.077103
0 1.0 0.832812 0.445093 0.025000 0.044393
0 1.0 0.884375 0.519860 0.031250 0.063084
0 1.0 0.814063 0.447430 0.203125 0.109813
0 1.0 0.821094 0.537383 0.064062 0.149533
0 1.0 0.830469 0.521028 0.039062 0.074766
0 1.0 0.875781 0.532710 0.057813 0.130841
0 1.0 0.083594 0.614486 0.029687 0.079439
0 1.0 0.082812 0.582944 0.043750 0.077103
0 1.0 0.096094 0.502336 0.192188 0.107477
0 1.0 0.099219 0.517523 0.198437 0.273364
0 1.0 0.033594 0.610981 0.023438 0.072430
0 1.0 0.057031 0.502336 0.107813 0.065421
0 1.0 0.034375 0.574766 0.040625 0.084112
0 1.0 0.963281 0.536215 0.023438 0.063084
0 1.0 0.308594 0.531542 0.104688 0.114486
0 1.0 0.956250 0.515187 0.037500 0.067757
0 1.0 0.891406 0.495327 0.217188 0.121495
0 1.0 0.877344 0.607477 0.042188 0.098131
0 1.0 0.885156 0.593458 0.029687 0.060748
0 1.0 0.863281 0.515187 0.239063 0.292056
0 1.0 0.824219 0.607477 0.045312 0.102804
0 1.0 0.832031 0.587617 0.032813 0.063084
0 1.0 0.817187 0.498832 0.253125 0.147196
0 1.0 0.828906 0.505841 0.132812 0.109813
0 1.0 0.125000 0.557243 0.118750 0.077103
0 1.0 0.090625 0.663551 0.021875 0.042056
0 1.0 0.086719 0.587617 0.139063 0.133178
0 1.0 0.034375 0.685748 0.015625 0.044393
0 1.0 0.069531 0.558411 0.089063 0.060748
0 1.0 0.922656 0.589953 0.057813 0.170561
0 1.0 0.050781 0.589953 0.073438 0.086449
0 1.0 0.959375 0.642523 0.015625 0.046729
0 1.0 0.950000 0.600467 0.031250 0.056075
0 1.0 0.953906 0.518692 0.092188 0.121495
0 1.0 0.038281 0.654206 0.023438 0.046729
0 1.0 0.607812 0.595794 0.018750 0.037383
0 1.0 0.561719 0.621495 0.026562 0.060748
0 1.0 0.562500 0.589953 0.040625 0.063084
0 1.0 0.772656 0.586449 0.054688 0.112150
0 1.0 0.508594 0.623832 0.026562 0.065421
0 1.0 0.507812 0.593458 0.040625 0.065421
0 1.0 0.447656 0.640187 0.017188 0.042056
0 1.0 0.767188 0.512850 0.246875 0.273364
0 1.0 0.719531 0.595794 0.048438 0.107477
0 1.0 0.731250 0.495327 0.300000 0.112150
0 1.0 0.728906 0.565421 0.035937 0.060748
0 1.0 0.672656 0.621495 0.026562 0.065421
0 1.0 0.681250 0.587617 0.021875 0.039720
0 1.0 0.607812 0.623832 0.028125 0.065421
0 1.0 0.941406 0.396028 0.117188 0.109813
0 1.0 0.875000 0.440421 0.084375 0.193925
0 1.0 0.801562 0.399533 0.250000 0.121495
0 1.0 0.884375 0.443925 0.046875 0.102804
0 1.0 0.189844 0.452103 0.057813 0.058411
0 1.0 0.144531 0.545561 0.035937 0.086449
0 1.0 0.481250 0.474299 0.068750 0.093458
0 1.0 0.150781 0.525701 0.032813 0.065421
0 1.0 0.146094 0.449766 0.217188 0.119159
0 1.0 0.137500 0.450935 0.234375 0.271028
0 1.0 0.156250 0.469626 0.075000 0.093458
0 1.0 0.084375 0.533879 0.040625 0.105140
0 1.0 0.964063 0.477804 0.037500 0.105140
0 1.0 0.028906 0.524533 0.026562 0.081776
0 1.0 0.088281 0.449766 0.020313 0.035047
0 1.0 0.030469 0.504673 0.039062 0.084112
0 1.0 0.050000 0.450935 0.100000 0.088785
0 1.0 0.265625 0.455607 0.225000 0.130841
0 1.0 0.682813 0.457944 0.034375 0.070093
0 1.0 0.602344 0.446262 0.073438 0.154206
0 1.0 0.609375 0.452103 0.034375 0.072430
0 1.0 0.820312 0.447430 0.084375 0.193925
0 1.0 0.560937 0.439252 0.062500 0.112150
0 1.0 0.828125 0.443925 0.050000 0.107477
0 1.0 0.775000 0.443925 0.053125 0.102804
0 1.0 0.721094 0.449766 0.051562 0.091121
0 1.0 0.669531 0.459112 0.064062 0.137850
0 1.0 0.671094 0.455607 0.160938 0.154206
0 1.0 0.607031 0.542056 0.042188 0.098131
0 1.0 0.657031 0.442757 0.117188 0.081776
0 1.0 0.610156 0.515187 0.023438 0.049065
0 1.0 0.616406 0.455607 0.242188 0.266355
0 1.0 0.557031 0.530374 0.042188 0.102804
0 1.0 0.214062 0.476636 0.046875 0.070093
0 1.0 0.562500 0.504673 0.040625 0.074766
0 1.0 0.569531 0.443925 0.257812 0.140187
0 1.0 0.573438 0.464953 0.106250 0.121495
0 1.0 0.507031 0.539720 0.045312 0.107477
0 1.0 0.533594 0.445093 0.107813 0.081776
0 1.0 0.769531 0.521028 0.070312 0.149533
0 1.0 0.778906 0.507009 0.042188 0.079439
0 1.0 0.743750 0.446262 0.187500 0.098131
0 1.0 0.726562 0.500000 0.040625 0.079439
0 1.0 0.976562 0.445093 0.046875 0.072430
0 1.0 0.671094 0.537383 0.039062 0.098131
0 1.0 0.681250 0.509346 0.028125 0.056075
0 1.0 0.717187 0.524533 0.059375 0.142523
0 1.0 0.292187 0.533879 0.037500 0.077103
0 1.0 0.303906 0.454439 0.126562 0.081776
0 1.0 0.291406 0.495327 0.067187 0.088785
0 1.0 0.607812 0.445093 0.087500 0.072430
0 1.0 0.328125 0.478972 0.040625 0.065421
0 1.0 0.496875 0.455607 0.246875 0.275701
0 1.0 0.189844 0.543224 0.035937 0.077103
0 1.0 0.189062 0.510514 0.059375 0.081776
0 1.0 0.247656 0.510514 0.039062 0.063084
0 1.0 0.504687 0.464953 0.140625 0.144860
0 1.0 0.445312 0.543224 0.028125 0.063084
0 1.0 0.528125 0.450935 0.028125 0.046729
0 1.0 0.439844 0.508178 0.073438 0.100467
0 1.0 0.397656 0.511682 0.070312 0.172897
0 1.0 0.371875 0.468458 0.087500 0.109813
0 1.0 0.344531 0.518692 0.051562 0.107477
0 1.0 0.338281 0.450935 0.026562 0.051402
0 1.0 0.346875 0.492991 0.084375 0.116822
0 1.0 0.346094 0.450935 0.254688 0.271028
0 1.0 0.421875 0.446262 0.275000 0.121495
0 1.0 0.292969 0.643692 0.526563 0.235981
0 1.0 0.522656 0.671729 0.801562 0.184579
0 1.0 0.662500 0.148364 0.106250 0.254673
0 1.0 0.669531 0.127336 0.279687 0.128505
0 1.0 0.555469 0.130841 0.142187 0.261682
0 1.0 0.561719 0.127336 0.232813 0.161215
0 1.0 0.711719 0.142523 0.120313 0.285047
0 1.0 0.449219 0.573598 0.510938 0.376168
0 1.0 0.722656 0.559579 0.529687 0.245327
0 1.0 0.602344 0.143692 0.107813 0.264019
0 1.0 0.766406 0.127336 0.185938 0.221963
0 1.0 0.637500 0.731308 0.668750 0.186916
0 1.0 0.429688 0.134346 0.103125 0.114486
0 1.0 0.399219 0.128505 0.192188 0.228972
0 1.0 0.342969 0.141355 0.120313 0.282710
0 1.0 0.366406 0.128505 0.220312 0.121495
0 1.0 0.292187 0.149533 0.093750 0.238318
0 1.0 0.132812 0.153037 0.096875 0.254673
0 1.0 0.349219 0.738318 0.204687 0.425234
0 1.0 0.233594 0.143692 0.120313 0.287383
0 1.0 0.447656 0.748832 0.207813 0.427570
0 1.0 0.446094 0.738318 0.529687 0.308411
0 1.0 0.502344 0.142523 0.110937 0.280374
0 1.0 0.238281 0.134346 0.264062 0.128505
0 1.0 0.441406 0.146028 0.089063 0.226636
0 1.0 0.485156 0.133178 0.082812 0.098131
0 1.0 0.281250 0.142523 0.050000 0.074766
0 1.0 0.754687 0.661215 0.490625 0.182243
0 1.0 0.402344 0.738318 0.804688 0.149533
0 1.0 0.375781 0.183411 0.176563 0.114486
0 1.0 0.346094 0.176402 0.229687 0.292056
0 1.0 0.650781 0.549065 0.207813 0.490654
0 1.0 0.549219 0.346963 0.579688 0.217290
0 1.0 0.511719 0.183411 0.282813 0.133178
0 1.0 0.501563 0.176402 0.234375 0.296729
0 1.0 0.251563 0.179907 0.278125 0.135514
0 1.0 0.238281 0.170561 0.232813 0.289720
0 1.0 0.186719 0.192757 0.095312 0.282710
0 1.0 0.816406 0.176402 0.176563 0.226636
0 1.0 0.771094 0.181075 0.289062 0.133178
0 1.0 0.712500 0.171729 0.234375 0.301402
0 1.0 0.496875 0.190421 0.093750 0.091121
0 1.0 0.264062 0.348131 0.528125 0.214953
0 1.0 0.625781 0.182243 0.217188 0.121495
0 1.0 0.606250 0.176402 0.234375 0.292056
0 1.0 0.846094 0.464953 0.182812 0.579439
0 1.0 0.786719 0.446262 0.426563 0.210280
0 1.0 0.943750 0.134346 0.112500 0.179907
0 1.0 0.901563 0.133178 0.196875 0.266355
0 1.0 0.842969 0.127336 0.101562 0.091121
0 1.0 0.821875 0.141355 0.100000 0.207944
0 1.0 0.146875 0.179907 0.268750 0.130841
0 1.0 0.077344 0.191589 0.104688 0.294393
0 1.0 0.344531 0.448598 0.557813 0.219626
0 1.0 0.317188 0.188084 0.046875 0.091121
0 1.0 0.028906 0.202103 0.057813 0.212617
0 1.0 0.058594 0.181075 0.117188 0.081776
0 1.0 0.192188 0.183411 0.037500 0.081776
0 1.0 0.968750 0.168224 0.056250 0.182243
0 1.0 0.261719 0.875000 0.523438 0.250000
0 1.0 0.864844 0.039720 0.126562 0.079439
0 1.0 0.820312 0.065421 0.068750 0.130841
0 1.0 0.820312 0.084112 0.234375 0.168224
0 1.0 0.603125 0.065421 0.065625 0.130841
0 1.0 0.635156 0.029206 0.098437 0.058411
0 1.0 0.609375 0.044393 0.187500 0.088785
0 1.0 0.611719 0.082944 0.226562 0.165888
0 1.0 0.776563 0.052570 0.068750 0.105140
0 1.0 0.767969 0.044393 0.204687 0.088785
0 1.0 0.714844 0.070093 0.076563 0.140187
0 1.0 0.024219 0.125000 0.048438 0.147196
0 1.0 0.070312 0.101636 0.140625 0.203271
0 1.0 0.964844 0.059579 0.032813 0.081776
0 1.0 0.749219 0.297897 0.501563 0.287383
0 1.0 0.957031 0.032710 0.085938 0.065421
0 1.0 0.932813 0.075935 0.134375 0.151869
0 1.0 0.926562 0.056075 0.078125 0.112150
0 1.0 0.874219 0.028037 0.067187 0.056075
0 1.0 0.310937 0.040888 0.140625 0.081776
0 1.0 0.353125 0.080607 0.225000 0.161215
0 1.0 0.357812 0.058411 0.121875 0.116822
0 1.0 0.293750 0.061916 0.056250 0.123832
0 1.0 0.500000 0.543224 1.000000 0.413551
0 1.0 0.666406 0.060748 0.145313 0.121495
0 1.0 0.444531 0.053738 0.045312 0.088785
0 1.0 0.505469 0.030374 0.042188 0.051402
0 1.0 0.442188 0.059579 0.096875 0.119159
0 1.0 0.479687 0.040888 0.112500 0.081776
0 1.0 0.235156 0.077103 0.082812 0.154206
0 1.0 0.254688 0.033879 0.168750 0.067757
0 1.0 0.235937 0.080607 0.237500 0.161215
0 1.0 0.185156 0.065421 0.070312 0.130841
0 1.0 0.560156 0.058411 0.129688 0.116822
0 1.0 0.501563 0.072430 0.068750 0.144860
0 1.0 0.503906 0.080607 0.226562 0.161215
0 1.0 0.664062 0.064252 0.062500 0.128505
0 1.0 0.396094 0.077103 0.085938 0.154206
0 1.0 0.416406 0.033879 0.201563 0.067757
0 1.0 0.328125 0.026869 0.046875 0.053738
0 1.0 0.332813 0.177570 0.665625 0.355140
0 1.0 0.741406 0.873832 0.517188 0.252336
0 1.0 0.864844 0.086449 0.139063 0.121495
0 1.0 0.772656 0.100467 0.101562 0.196262
0 1.0 0.968750 0.119159 0.043750 0.135514
0 1.0 0.721875 0.077103 0.268750 0.130841
0 1.0 0.064844 0.127336 0.129688 0.091121
0 1.0 0.449219 0.920561 0.589063 0.158879
0 1.0 0.749219 0.121495 0.501563 0.242991
0 1.0 0.278906 0.085280 0.054688 0.072430
0 1.0 0.164062 0.924065 0.328125 0.151869
0 1.0 0.108594 0.915888 0.160938 0.126168
0 1.0 0.098437 0.880841 0.196875 0.238318
0 1.0 0.026562 0.876168 0.053125 0.140187
0 1.0 0.055469 0.914720 0.110937 0.086449
0 1.0 0.964063 0.758178 0.018750 0.049065
0 1.0 0.301563 0.898364 0.112500 0.137850
0 1.0 0.956250 0.790888 0.031250 0.063084
0 1.0 0.927344 0.873832 0.145313 0.140187
0 1.0 0.929688 0.754673 0.043750 0.084112
0 1.0 0.233594 0.882009 0.110937 0.203271
0 1.0 0.180469 0.841121 0.057813 0.116822
0 1.0 0.175781 0.871495 0.110937 0.186916
0 1.0 0.400781 0.914720 0.289062 0.119159
0 1.0 0.083594 0.813084 0.073438 0.126168
0 1.0 0.769531 0.841121 0.276562 0.266355
0 1.0 0.728906 0.726636 0.023438 0.046729
0 1.0 0.725000 0.858645 0.250000 0.086449
0 1.0 0.739844 0.758178 0.014063 0.025701
0 1.0 0.711719 0.841121 0.179688 0.163551
0 1.0 0.689844 0.757009 0.010937 0.023364
0 1.0 0.647656 0.845794 0.264062 0.252336
0 1.0 0.617969 0.727804 0.014063 0.035047
0 1.0 0.604688 0.852804 0.228125 0.088785
0 1.0 0.621094 0.754673 0.010937 0.023364
0 1.0 0.680469 0.730140 0.017188 0.039720
0 1.0 0.895312 0.843458 0.209375 0.266355
0 1.0 0.827344 0.869159 0.126562 0.079439
0 1.0 0.885938 0.757009 0.028125 0.051402
0 1.0 0.885156 0.883178 0.045312 0.060748
0 1.0 0.811719 0.866822 0.279687 0.116822
0 1.0 0.840625 0.752336 0.021875 0.051402
0 1.0 0.796875 0.758178 0.018750 0.035047
0 1.0 0.716406 0.913551 0.273438 0.112150
0 1.0 0.721875 0.869159 0.062500 0.126168
0 1.0 0.660156 0.810748 0.051562 0.107477
0 1.0 0.662500 0.871495 0.050000 0.116822
0 1.0 0.653906 0.890187 0.173437 0.172897
0 1.0 0.607031 0.797897 0.045312 0.091121
0 1.0 0.598437 0.913551 0.250000 0.107477
0 1.0 0.608594 0.867991 0.039062 0.095794
0 1.0 0.869531 0.857477 0.092188 0.196262
0 1.0 0.845313 0.914720 0.259375 0.123832
0 1.0 0.817187 0.873832 0.093750 0.233645
0 1.0 0.717969 0.807243 0.054688 0.105140
0 1.0 0.767188 0.866822 0.087500 0.214953
0 1.0 0.394531 0.865654 0.120313 0.235981
0 1.0 0.417187 0.914720 0.128125 0.114486
0 1.0 0.342187 0.832944 0.065625 0.142523
0 1.0 0.550781 0.792056 0.045312 0.084112
0 1.0 0.349219 0.890187 0.164062 0.172897
0 1.0 0.286719 0.846963 0.073438 0.156542
0 1.0 0.245312 0.913551 0.237500 0.107477
0 1.0 0.283594 0.918224 0.060937 0.074766
0 1.0 0.282031 0.883178 0.242188 0.233645
0 1.0 0.546875 0.856308 0.075000 0.137850
0 1.0 0.542969 0.876168 0.251563 0.247664
0 1.0 0.499219 0.803738 0.051562 0.098131
0 1.0 0.496094 0.912383 0.270313 0.105140
0 1.0 0.496875 0.856308 0.084375 0.147196
0 1.0 0.443750 0.764019 0.025000 0.046729
0 1.0 0.441406 0.842290 0.076563 0.142523
0 1.0 0.469531 0.917056 0.107813 0.100467
0 1.0 0.439844 0.878505 0.260937 0.242991
0 1.0 0.455469 0.892523 0.157812 0.163551
0 1.0 0.780469 0.796729 0.310937 0.121495
0 1.0 0.672656 0.792056 0.282813 0.102804
0 1.0 0.655469 0.781542 0.176563 0.189252
0 1.0 0.905469 0.801402 0.110937 0.121495
0 1.0 0.761719 0.806075 0.117188 0.084112
0 1.0 0.136719 0.857477 0.232813 0.107477
0 1.0 0.818750 0.788551 0.168750 0.203271
0 1.0 0.389844 0.776869 0.092188 0.264019
0 1.0 0.437500 0.790888 0.225000 0.091121
0 1.0 0.506250 0.793224 0.015625 0.044393
0 1.0 0.325781 0.792056 0.229687 0.093458
0 1.0 0.839844 0.804907 0.026562 0.049065
0 1.0 0.553906 0.799065 0.101562 0.275701
0 1.0 0.551562 0.794393 0.240625 0.093458
0 1.0 0.572656 0.792056 0.110937 0.084112
0 1.0 0.398438 0.739486 0.037500 0.091121
0 1.0 0.418750 0.860981 0.240625 0.091121
0 1.0 0.396875 0.755841 0.087500 0.133178
0 1.0 0.470313 0.867991 0.031250 0.053738
0 1.0 0.355469 0.732477 0.020313 0.053738
0 1.0 0.358594 0.737150 0.039062 0.067757
0 1.0 0.303125 0.735981 0.018750 0.051402
0 1.0 0.248438 0.862150 0.187500 0.074766
0 1.0 0.602344 0.832944 0.157812 0.161215
0 1.0 0.570312 0.733645 0.012500 0.032710
0 1.0 0.572656 0.747664 0.017188 0.032710
0 1.0 0.569531 0.859813 0.107813 0.074766
0 1.0 0.496094 0.855140 0.217188 0.088785
0 1.0 0.525781 0.747664 0.014063 0.032710
0 1.0 0.451562 0.745327 0.009375 0.028037
0 1.0 0.453125 0.745327 0.025000 0.046729
0 1.0 0.522656 0.867991 0.023438 0.039720
0 1.0 0.521094 0.732477 0.014063 0.035047
0 1.0 0.089844 0.747664 0.026562 0.056075
0 1.0 0.139844 0.863318 0.064062 0.086449
0 1.0 0.032813 0.786215 0.025000 0.081776
0 1.0 0.066406 0.860981 0.092188 0.067757
0 1.0 0.086719 0.867991 0.026562 0.053738
0 1.0 0.314063 0.871495 0.021875 0.037383
0 1.0 0.959375 0.814252 0.059375 0.217290
0 1.0 0.034375 0.793224 0.050000 0.114486
0 1.0 0.242969 0.752336 0.026562 0.065421
0 1.0 0.251563 0.864486 0.075000 0.079439
0 1.0 0.186719 0.746495 0.017188 0.044393
0 1.0 0.141406 0.767523 0.032813 0.081776
0 1.0 0.424219 0.238318 0.145313 0.130841
0 1.0 0.600781 0.245327 0.073438 0.163551
0 1.0 0.553125 0.251168 0.112500 0.287383
0 1.0 0.564063 0.237150 0.215625 0.151869
0 1.0 0.501563 0.242991 0.125000 0.261682
0 1.0 0.296094 0.232477 0.139063 0.268692
0 1.0 0.275781 0.246495 0.054688 0.081776
0 1.0 0.446875 0.244159 0.131250 0.245327
0 1.0 0.482031 0.240654 0.098437 0.112150
0 1.0 0.824219 0.232477 0.085938 0.207944
0 1.0 0.765625 0.235981 0.115625 0.341121
0 1.0 0.543750 0.077103 0.578125 0.154206
0 1.0 0.444531 0.144860 0.557813 0.219626
0 1.0 0.767969 0.235981 0.245312 0.163551
0 1.0 0.932813 0.233645 0.134375 0.280374
0 1.0 0.714844 0.225467 0.101562 0.221963
0 1.0 0.666406 0.232477 0.279687 0.128505
0 1.0 0.659375 0.241822 0.234375 0.301402
0 1.0 0.669531 0.235981 0.085938 0.196262
0 1.0 0.543750 0.250000 0.568750 0.219626
0 1.0 0.852344 0.182243 0.123438 0.098131
0 1.0 0.054688 0.241822 0.109375 0.189252
0 1.0 0.199219 0.235981 0.289062 0.126168
0 1.0 0.040625 0.238318 0.081250 0.102804
0 1.0 0.235937 0.235981 0.109375 0.233645
0 1.0 0.345313 0.915888 0.084375 0.168224
0 1.0 0.332031 0.962617 0.073438 0.060748
0 1.0 0.313281 0.950935 0.167187 0.098131
0 1.0 0.904687 0.234813 0.190625 0.119159
0 1.0 0.296875 0.962617 0.037500 0.060748
0 1.0 0.555469 0.938084 0.139063 0.123832
0 1.0 0.248438 0.953271 0.106250 0.093458
0 1.0 0.504687 0.918224 0.081250 0.163551
0 1.0 0.542969 0.962617 0.089063 0.070093
0 1.0 0.506250 0.962617 0.053125 0.051402
0 1.0 0.487500 0.956776 0.096875 0.086449
0 1.0 0.421875 0.957944 0.209375 0.084112
0 1.0 0.707031 0.963785 0.079687 0.063084
0 1.0 0.063281 0.962617 0.060937 0.056075
0 1.0 0.966406 0.913551 0.054688 0.163551
0 1.0 0.185156 0.926402 0.082812 0.147196
0 1.0 0.193750 0.947430 0.196875 0.105140
0 1.0 0.134375 0.914720 0.084375 0.170561
0 1.0 0.429688 0.957944 0.090625 0.084112
0 1.0 0.140625 0.960280 0.103125 0.070093
0 1.0 0.052344 0.289720 0.104688 0.074766
0 1.0 0.036719 0.300234 0.051562 0.114486
0 1.0 0.925781 0.925234 0.089063 0.149533
0 1.0 0.921875 0.960280 0.156250 0.079439
0 1.0 0.858594 0.961449 0.051562 0.053738
0 1.0 0.264062 0.077103 0.528125 0.154206
0 1.0 0.875781 0.232477 0.120313 0.348131
0 1.0 0.829688 0.235981 0.165625 0.112150
0 1.0 0.971875 0.955607 0.056250 0.088785
0 1.0 0.714844 0.938084 0.154688 0.123832
0 1.0 0.660937 0.931075 0.071875 0.137850
0 1.0 0.875000 0.917056 0.125000 0.165888
0 1.0 0.645312 0.964953 0.087500 0.065421
0 1.0 0.604688 0.929907 0.100000 0.140187
0 1.0 0.598437 0.962617 0.078125 0.060748
0 1.0 0.837500 0.960280 0.140625 0.079439
0 1.0 0.753125 0.963785 0.112500 0.067757
0 1.0 0.073438 0.649533 0.146875 0.528037
0 1.0 0.546875 0.469626 0.200000 0.546729
0 1.0 0.549219 0.463785 0.442188 0.427570
0 1.0 0.445312 0.464953 0.203125 0.556075
0 1.0 0.341406 0.463785 0.426563 0.450935
0 1.0 0.143750 0.460280 0.200000 0.588785
0 1.0 0.845313 0.790888 0.203125 0.418224
0 1.0 0.549219 0.748832 0.198437 0.427570
0 1.0 0.105469 0.165888 0.210938 0.331776
0 1.0 0.667188 0.697430 0.665625 0.605140
0 1.0 0.328906 0.690421 0.657813 0.619159
0 1.0 0.250781 0.359813 0.214062 0.598131
0 1.0 0.071875 0.365654 0.143750 0.633178
0 1.0 0.445312 0.342290 0.418750 0.441589
0 1.0 0.216406 0.248832 0.432812 0.212617
0 1.0 0.444531 0.248832 0.257812 0.478972
0 1.0 0.546875 0.245327 0.253125 0.481308
0 1.0 0.550781 0.248832 0.898438 0.455607
0 1.0 0.492969 0.547897 0.414062 0.880841
0 1.0 0.765625 0.503505 0.468750 0.642523
0 1.0 0.925781 0.364486 0.148438 0.579439
0 1.0 0.842969 0.195093 0.232813 0.390187
0 1.0 0.180469 0.698598 0.360938 0.462617
0 1.0 0.174219 0.237150 0.348438 0.441589
0 1.0 0.706250 0.342290 0.303125 0.684579
0 1.0 0.701562 0.776869 0.296875 0.446262