0 1.0 0.500000 0.493750 1.000000 0.708333
0 1.0 0.827344 0.821875 0.092188 0.189583
0 1.0 0.913281 0.609375 0.126562 0.181250
0 1.0 0.755469 0.606250 0.042188 0.058333
0 1.0 0.882812 0.641667 0.059375 0.116667
0 1.0 0.613281 0.611458 0.167187 0.181250
0 1.0 0.548438 0.638542 0.078125 0.193750
0 1.0 0.564063 0.603125 0.240625 0.093750
0 1.0 0.595313 0.608333 0.046875 0.062500
0 1.0 0.814063 0.604167 0.090625 0.216667
0 1.0 0.812500 0.588542 0.168750 0.131250
0 1.0 0.828906 0.594792 0.226562 0.285417
0 1.0 0.771875 0.582292 0.093750 0.256250
0 1.0 0.103906 0.659375 0.207813 0.264583
0 1.0 0.025781 0.672917 0.051562 0.175000
0 1.0 0.057031 0.656250 0.114062 0.075000
0 1.0 0.068750 0.664583 0.031250 0.045833
0 1.0 0.737500 0.595833 0.193750 0.095833
0 1.0 0.735938 0.607292 0.053125 0.131250
0 1.0 0.705469 0.587500 0.229687 0.291667
0 1.0 0.721875 0.591667 0.153125 0.195833
0 1.0 0.955469 0.621875 0.089063 0.131250
0 1.0 0.768750 0.595833 0.053125 0.070833
0 1.0 0.289844 0.602083 0.148438 0.220833
0 1.0 0.309375 0.604167 0.025000 0.041667
0 1.0 0.285938 0.583333 0.290625 0.266667
0 1.0 0.566406 0.600000 0.251563 0.275000
0 1.0 0.501563 0.632292 0.087500 0.222917
0 1.0 0.499219 0.609375 0.170313 0.206250
0 1.0 0.448437 0.669792 0.050000 0.118750
0 1.0 0.462500 0.604167 0.190625 0.091667
0 1.0 0.447656 0.642708 0.107813 0.164583
0 1.0 0.185156 0.587500 0.195312 0.208333
0 1.0 0.138281 0.613542 0.107813 0.231250
0 1.0 0.532031 0.604167 0.076563 0.087500
0 1.0 0.126562 0.662500 0.062500 0.070833
0 1.0 0.523438 0.610417 0.021875 0.045833
0 1.0 0.437500 0.597917 0.246875 0.275000
0 1.0 0.396094 0.622917 0.104688 0.225000
0 1.0 0.238281 0.600000 0.217188 0.095833
0 1.0 0.677344 0.650000 0.039062 0.087500
0 1.0 0.723437 0.595833 0.056250 0.079167
0 1.0 0.602344 0.657292 0.054688 0.135417
0 1.0 0.651563 0.597917 0.168750 0.091667
0 1.0 0.606250 0.655208 0.034375 0.081250
0 1.0 0.665625 0.654167 0.056250 0.137500
0 1.0 0.306250 0.672917 0.028125 0.045833
0 1.0 0.226562 0.651042 0.125000 0.306250
0 1.0 0.239063 0.659375 0.315625 0.118750
0 1.0 0.514844 0.664583 0.254688 0.112500
0 1.0 0.528125 0.680208 0.021875 0.047917
0 1.0 0.535156 0.669792 0.085938 0.097917
0 1.0 0.720313 0.679167 0.081250 0.216667
0 1.0 0.731250 0.664583 0.193750 0.087500
0 1.0 0.412500 0.666667 0.300000 0.120833
0 1.0 0.467969 0.675000 0.035937 0.062500
0 1.0 0.710156 0.675000 0.064062 0.075000
0 1.0 0.667969 0.677083 0.132812 0.154167
0 1.0 0.604688 0.705208 0.040625 0.097917
0 1.0 0.647656 0.672917 0.085938 0.087500
0 1.0 0.675000 0.705208 0.043750 0.106250
0 1.0 0.274219 0.663542 0.073438 0.081250
0 1.0 0.183594 0.651042 0.110937 0.272917
0 1.0 0.206250 0.655208 0.118750 0.110417
0 1.0 0.163281 0.657292 0.089063 0.093750
0 1.0 0.814063 0.610417 0.028125 0.050000
0 1.0 0.166406 0.593750 0.129688 0.112500
0 1.0 0.105469 0.657292 0.210938 0.102083
0 1.0 0.400781 0.656250 0.189062 0.200000
0 1.0 0.338281 0.650000 0.129688 0.283333
0 1.0 0.361719 0.665625 0.092188 0.085417
0 1.0 0.960156 0.701042 0.026562 0.068750
0 1.0 0.952344 0.672917 0.039062 0.075000
0 1.0 0.285938 0.552083 0.140625 0.104167
0 1.0 0.548438 0.579167 0.115625 0.204167
0 1.0 0.571875 0.551042 0.212500 0.143750
0 1.0 0.449219 0.610417 0.045312 0.104167
0 1.0 0.477344 0.553125 0.104688 0.110417
0 1.0 0.460938 0.562500 0.159375 0.183333
0 1.0 0.663281 0.601042 0.064062 0.147917
0 1.0 0.688281 0.542708 0.207813 0.118750
0 1.0 0.598437 0.604167 0.056250 0.137500
0 1.0 0.287500 0.572917 0.078125 0.154167
0 1.0 0.267188 0.548958 0.284375 0.122917
0 1.0 0.677344 0.587500 0.048438 0.091667
0 1.0 0.902344 0.488542 0.154688 0.193750
0 1.0 0.390625 0.546875 0.340625 0.135417
0 1.0 0.871875 0.501042 0.087500 0.139583
0 1.0 0.755469 0.492708 0.085938 0.106250
0 1.0 0.071875 0.563542 0.096875 0.193750
0 1.0 0.125000 0.553125 0.246875 0.131250
0 1.0 0.733594 0.496875 0.048438 0.077083
0 1.0 0.339844 0.583333 0.095312 0.183333
0 1.0 0.235937 0.572917 0.100000 0.170833
0 1.0 0.059375 0.555208 0.115625 0.085417
0 1.0 0.039062 0.556250 0.078125 0.183333
0 1.0 0.261719 0.597917 0.089063 0.091667
0 1.0 0.879687 0.557292 0.059375 0.118750
0 1.0 0.788281 0.544792 0.098437 0.106250
0 1.0 0.460156 0.606250 0.035937 0.062500
0 1.0 0.772656 0.666667 0.170313 0.200000
0 1.0 0.325000 0.597917 0.184375 0.091667
0 1.0 0.081250 0.601042 0.037500 0.052083
0 1.0 0.957812 0.630208 0.028125 0.072917
0 1.0 0.935937 0.545833 0.128125 0.100000
0 1.0 0.872656 0.569792 0.089063 0.202083
0 1.0 0.800000 0.539583 0.100000 0.212500
0 1.0 0.136719 0.596875 0.076563 0.081250
0 1.0 0.759375 0.540625 0.215625 0.152083
0 1.0 0.063281 0.597917 0.120313 0.070833
0 1.0 0.950781 0.602083 0.045312 0.083333
0 1.0 0.867188 0.542708 0.265625 0.143750
0 1.0 0.737500 0.559375 0.053125 0.118750
0 1.0 0.589063 0.771875 0.206250 0.081250
0 1.0 0.554688 0.769792 0.134375 0.247917
0 1.0 0.617969 0.780208 0.042188 0.052083
0 1.0 0.242188 0.766667 0.321875 0.133333
0 1.0 0.235937 0.759375 0.125000 0.281250
0 1.0 0.266406 0.772917 0.098437 0.112500
0 1.0 0.504687 0.769792 0.165625 0.189583
0 1.0 0.442188 0.743750 0.084375 0.204167
0 1.0 0.478125 0.768750 0.212500 0.095833
0 1.0 0.517969 0.776042 0.029687 0.052083
0 1.0 0.449219 0.766667 0.242188 0.266667
0 1.0 0.718750 0.780208 0.065625 0.168750
0 1.0 0.768750 0.775000 0.193750 0.108333
0 1.0 0.791406 0.786458 0.045312 0.077083
0 1.0 0.728906 0.781250 0.239063 0.237500
0 1.0 0.664844 0.770833 0.067187 0.162500
0 1.0 0.454688 0.772917 0.053125 0.070833
0 1.0 0.339062 0.756250 0.112500 0.275000
0 1.0 0.357031 0.764583 0.270313 0.116667
0 1.0 0.602344 0.775000 0.076563 0.212500
0 1.0 0.653125 0.778125 0.062500 0.072917
0 1.0 0.958594 0.738542 0.082812 0.118750
0 1.0 0.917188 0.743750 0.112500 0.287500
0 1.0 0.871094 0.720833 0.257812 0.112500
0 1.0 0.185156 0.759375 0.107813 0.289583
0 1.0 0.129688 0.750000 0.109375 0.279167
0 1.0 0.123438 0.760417 0.234375 0.295833
0 1.0 0.823438 0.770833 0.062500 0.133333
0 1.0 0.837500 0.733333 0.128125 0.083333
0 1.0 0.817187 0.718750 0.237500 0.291667
0 1.0 0.114062 0.763542 0.228125 0.135417
0 1.0 0.121875 0.769792 0.081250 0.110417
0 1.0 0.287500 0.755208 0.106250 0.289583
0 1.0 0.303906 0.779167 0.029687 0.054167
0 1.0 0.950781 0.790625 0.098437 0.127083
0 1.0 0.848437 0.781250 0.153125 0.133333
0 1.0 0.191406 0.815625 0.179688 0.139583
0 1.0 0.180469 0.819792 0.260937 0.281250
0 1.0 0.133594 0.815625 0.132812 0.127083
0 1.0 0.397656 0.811458 0.148438 0.272917
0 1.0 0.439844 0.817708 0.085938 0.093750
0 1.0 0.116406 0.822917 0.070312 0.087500
0 1.0 0.303906 0.826042 0.032813 0.056250
0 1.0 0.296094 0.814583 0.239063 0.270833
0 1.0 0.774219 0.779167 0.045312 0.070833
0 1.0 0.814063 0.787500 0.040625 0.075000
0 1.0 0.542969 0.773958 0.076563 0.072917
0 1.0 0.799219 0.797917 0.070312 0.170833
0 1.0 0.833594 0.786458 0.054688 0.081250
0 1.0 0.030469 0.827083 0.060937 0.241667
0 1.0 0.067969 0.816667 0.135937 0.091667
0 1.0 0.064062 0.826042 0.037500 0.056250
0 1.0 0.075781 0.810417 0.151562 0.275000
0 1.0 0.895312 0.790625 0.209375 0.252083
0 1.0 0.957812 0.818750 0.050000 0.091667
0 1.0 0.736719 0.782292 0.035937 0.064583
0 1.0 0.960156 0.683333 0.079687 0.120833
0 1.0 0.228906 0.694792 0.260937 0.318750
0 1.0 0.189844 0.714583 0.289062 0.120833
0 1.0 0.817969 0.743750 0.160938 0.175000
0 1.0 0.876563 0.668750 0.203125 0.195833
0 1.0 0.811719 0.709375 0.092188 0.206250
0 1.0 0.821094 0.708333 0.060937 0.120833
0 1.0 0.078906 0.700000 0.110937 0.270833
0 1.0 0.353906 0.715625 0.151562 0.081250
0 1.0 0.296094 0.727083 0.026562 0.041667
0 1.0 0.955469 0.725000 0.039062 0.075000
0 1.0 0.350781 0.705208 0.239063 0.289583
0 1.0 0.862500 0.710417 0.087500 0.175000
0 1.0 0.805469 0.668750 0.032813 0.050000
0 1.0 0.875781 0.710417 0.051562 0.095833
0 1.0 0.860156 0.677083 0.026562 0.045833
0 1.0 0.131250 0.715625 0.065625 0.081250
0 1.0 0.778906 0.682292 0.064062 0.160417
0 1.0 0.785156 0.671875 0.120313 0.089583
0 1.0 0.610156 0.675000 0.048438 0.062500
0 1.0 0.050781 0.707292 0.101562 0.072917
0 1.0 0.065625 0.713542 0.037500 0.056250
0 1.0 0.052344 0.711458 0.104688 0.164583
0 1.0 0.757812 0.672917 0.062500 0.066667
0 1.0 0.960156 0.747917 0.029687 0.079167
0 1.0 0.917969 0.731250 0.098437 0.137500
0 1.0 0.780469 0.729167 0.026562 0.041667
0 1.0 0.861719 0.762500 0.064062 0.150000
0 1.0 0.836719 0.744792 0.023438 0.035417
0 1.0 0.560937 0.716667 0.234375 0.275000
0 1.0 0.514844 0.717708 0.235937 0.089583
0 1.0 0.777344 0.740625 0.101562 0.272917
0 1.0 0.781250 0.725000 0.284375 0.083333
0 1.0 0.787500 0.750000 0.059375 0.158333
0 1.0 0.808594 0.739583 0.079687 0.058333
0 1.0 0.620313 0.729167 0.034375 0.041667
0 1.0 0.063281 0.760417 0.126562 0.095833
0 1.0 0.064062 0.766667 0.037500 0.062500
0 1.0 0.956250 0.772917 0.040625 0.087500
0 1.0 0.720313 0.728125 0.156250 0.172917
0 1.0 0.691406 0.720833 0.204687 0.075000
0 1.0 0.676562 0.750000 0.046875 0.104167
0 1.0 0.720313 0.732292 0.040625 0.043750
0 1.0 0.589063 0.720833 0.156250 0.066667
0 1.0 0.264062 0.719792 0.087500 0.089583
0 1.0 0.531250 0.728125 0.021875 0.039583
0 1.0 0.544531 0.722917 0.060937 0.062500
0 1.0 0.730469 0.747917 0.045312 0.125000
0 1.0 0.773438 0.738542 0.050000 0.047917
0 1.0 0.415625 0.716667 0.259375 0.100000
0 1.0 0.473438 0.726042 0.031250 0.047917
0 1.0 0.668750 0.720833 0.234375 0.279167
0 1.0 0.669531 0.731250 0.110937 0.129167
0 1.0 0.603906 0.742708 0.045312 0.110417
0 1.0 0.658594 0.728125 0.048438 0.052083
0 1.0 0.567187 0.325000 0.271875 0.158333
0 1.0 0.267969 0.337500 0.201563 0.116667
0 1.0 0.232031 0.381250 0.073438 0.145833
0 1.0 0.245312 0.350000 0.296875 0.279167
0 1.0 0.444531 0.253125 0.023438 0.043750
0 1.0 0.465625 0.334375 0.237500 0.131250
0 1.0 0.437500 0.303125 0.128125 0.197917
0 1.0 0.437500 0.332292 0.256250 0.260417
0 1.0 0.464844 0.344792 0.120313 0.177083
0 1.0 0.398438 0.350000 0.109375 0.245833
0 1.0 0.735156 0.375000 0.026562 0.054167
0 1.0 0.717187 0.333333 0.321875 0.145833
0 1.0 0.670312 0.360417 0.034375 0.066667
0 1.0 0.538281 0.353125 0.085938 0.139583
0 1.0 0.605469 0.338542 0.035937 0.077083
0 1.0 0.608594 0.363542 0.026562 0.060417
0 1.0 0.346875 0.387500 0.078125 0.162500
0 1.0 0.885938 0.278125 0.228125 0.102083
0 1.0 0.195312 0.378125 0.056250 0.122917
0 1.0 0.187500 0.354167 0.140625 0.204167
0 1.0 0.132031 0.362500 0.085938 0.216667
0 1.0 0.134375 0.340625 0.165625 0.214583
0 1.0 0.133594 0.335417 0.260937 0.354167
0 1.0 0.844531 0.265625 0.014063 0.022917
0 1.0 0.814844 0.278125 0.192188 0.139583
0 1.0 0.152344 0.335417 0.289062 0.141667
0 1.0 0.146875 0.337500 0.096875 0.087500
0 1.0 0.082031 0.351042 0.085938 0.214583
0 1.0 0.346094 0.366667 0.154688 0.233333
0 1.0 0.924219 0.266667 0.076563 0.141667
0 1.0 0.278906 0.361458 0.151562 0.239583
0 1.0 0.323437 0.368750 0.059375 0.108333
0 1.0 0.917188 0.295833 0.165625 0.229167
0 1.0 0.964844 0.288542 0.070312 0.106250
0 1.0 0.283594 0.378125 0.070312 0.147917
0 1.0 0.875000 0.333333 0.250000 0.133333
0 1.0 0.917969 0.352083 0.110937 0.204167
0 1.0 0.181250 0.401042 0.278125 0.185417
0 1.0 0.065625 0.400000 0.125000 0.391667
0 1.0 0.789062 0.355208 0.284375 0.247917
0 1.0 0.775781 0.409375 0.067187 0.131250
0 1.0 0.164844 0.394792 0.151562 0.110417
0 1.0 0.118750 0.396875 0.153125 0.139583
0 1.0 0.319531 0.397917 0.145313 0.108333
0 1.0 0.228906 0.431250 0.095312 0.179167
0 1.0 0.235937 0.441667 0.050000 0.100000
0 1.0 0.946094 0.350000 0.107813 0.133333
0 1.0 0.286719 0.418750 0.104688 0.183333
0 1.0 0.866406 0.361458 0.032813 0.068750
0 1.0 0.817187 0.418750 0.056250 0.104167
0 1.0 0.824219 0.407292 0.035937 0.060417
0 1.0 0.510938 0.351042 0.087500 0.197917
0 1.0 0.784375 0.410417 0.031250 0.066667
0 1.0 0.725781 0.362500 0.048438 0.091667
0 1.0 0.035156 0.414583 0.070312 0.316667
0 1.0 0.064062 0.393750 0.128125 0.087500
0 1.0 0.058594 0.400000 0.048438 0.070833
0 1.0 0.957031 0.319792 0.014063 0.027083
0 1.0 0.863281 0.309375 0.039062 0.064583
0 1.0 0.681250 0.371875 0.025000 0.047917
0 1.0 0.939844 0.359375 0.042188 0.072917
0 1.0 0.192969 0.322917 0.079687 0.162500
0 1.0 0.224219 0.295833 0.142187 0.091667
0 1.0 0.212500 0.312500 0.025000 0.050000
0 1.0 0.153125 0.281250 0.175000 0.100000
0 1.0 0.865625 0.237500 0.196875 0.133333
0 1.0 0.820312 0.276042 0.093750 0.168750
0 1.0 0.832812 0.256250 0.034375 0.054167
0 1.0 0.064062 0.234375 0.028125 0.064583
0 1.0 0.101562 0.264583 0.140625 0.183333
0 1.0 0.144531 0.272917 0.039062 0.070833
0 1.0 0.343750 0.316667 0.100000 0.175000
0 1.0 0.422656 0.284375 0.032813 0.052083
0 1.0 0.361719 0.277083 0.298438 0.170833
0 1.0 0.382812 0.301042 0.046875 0.077083
0 1.0 0.232813 0.293750 0.196875 0.175000
0 1.0 0.952344 0.242708 0.095312 0.114583
0 1.0 0.301563 0.288542 0.225000 0.097917
0 1.0 0.886719 0.246875 0.032813 0.052083
0 1.0 0.877344 0.244792 0.082812 0.068750
0 1.0 0.106250 0.041667 0.112500 0.066667
0 1.0 0.076563 0.084375 0.062500 0.077083
0 1.0 0.414062 0.729167 0.828125 0.537500
0 1.0 0.257031 0.435417 0.470313 0.870833
0 1.0 0.035937 0.266667 0.071875 0.254167
0 1.0 0.193750 0.059375 0.087500 0.089583
0 1.0 0.130469 0.084375 0.073438 0.127083
0 1.0 0.152344 0.032292 0.114062 0.064583
0 1.0 0.137500 0.106250 0.256250 0.212500
0 1.0 0.128125 0.034375 0.053125 0.043750
0 1.0 0.066406 0.288542 0.054688 0.052083
0 1.0 0.042188 0.235417 0.050000 0.120833
0 1.0 0.059375 0.281250 0.056250 0.112500
0 1.0 0.835938 0.240625 0.171875 0.077083
0 1.0 0.027344 0.103125 0.035937 0.064583
0 1.0 0.066406 0.036458 0.048438 0.039583
0 1.0 0.875000 0.257292 0.100000 0.177083
0 1.0 0.842969 0.270833 0.126562 0.066667
0 1.0 0.896094 0.244792 0.014063 0.022917
0 1.0 0.546094 0.278125 0.157812 0.106250
0 1.0 0.782031 0.288542 0.064062 0.114583
0 1.0 0.756250 0.279167 0.365625 0.100000
0 1.0 0.799219 0.260417 0.014063 0.025000
0 1.0 0.720313 0.301042 0.078125 0.127083
0 1.0 0.021094 0.284375 0.035937 0.122917
0 1.0 0.072656 0.338542 0.060937 0.060417
0 1.0 0.061719 0.335417 0.070312 0.137500
0 1.0 0.958594 0.272917 0.017188 0.041667
0 1.0 0.669531 0.329167 0.064062 0.125000
0 1.0 0.690625 0.285417 0.015625 0.025000
0 1.0 0.926562 0.247917 0.053125 0.075000
0 1.0 0.947656 0.253125 0.020313 0.031250
0 1.0 0.237500 0.336458 0.040625 0.068750
0 1.0 0.515625 0.285417 0.053125 0.095833
0 1.0 0.519531 0.279167 0.289062 0.162500
0 1.0 0.536719 0.286458 0.032813 0.060417
0 1.0 0.503906 0.297917 0.029687 0.062500
0 1.0 0.737500 0.265625 0.015625 0.022917
0 1.0 0.339062 0.317708 0.025000 0.047917
0 1.0 0.602344 0.313542 0.057813 0.118750
0 1.0 0.644531 0.280208 0.289062 0.114583
0 1.0 0.607812 0.281250 0.015625 0.029167
0 1.0 0.550000 0.313542 0.081250 0.143750
0 1.0 0.555469 0.288542 0.051562 0.077083
0 1.0 0.235937 0.508333 0.325000 0.237500
0 1.0 0.184375 0.523958 0.125000 0.252083
0 1.0 0.787500 0.459375 0.215625 0.147917
0 1.0 0.914844 0.462500 0.082812 0.112500
0 1.0 0.774219 0.462500 0.029687 0.054167
0 1.0 0.158594 0.500000 0.289062 0.141667
0 1.0 0.128125 0.507292 0.171875 0.277083
0 1.0 0.137500 0.502083 0.159375 0.100000
0 1.0 0.399219 0.497917 0.254688 0.108333
0 1.0 0.290625 0.492708 0.328125 0.110417
0 1.0 0.339062 0.516667 0.150000 0.187500
0 1.0 0.038281 0.506250 0.076563 0.079167
0 1.0 0.593750 0.512500 0.034375 0.058333
0 1.0 0.630469 0.456250 0.282813 0.137500
0 1.0 0.871094 0.487500 0.057813 0.083333
0 1.0 0.853906 0.448958 0.229687 0.252083
0 1.0 0.796875 0.492708 0.071875 0.127083
0 1.0 0.504687 0.442708 0.253125 0.110417
0 1.0 0.499219 0.438542 0.264062 0.252083
0 1.0 0.443750 0.470833 0.040625 0.079167
0 1.0 0.512500 0.445833 0.025000 0.041667
0 1.0 0.784375 0.460417 0.146875 0.083333
0 1.0 0.052344 0.505208 0.104688 0.172917
0 1.0 0.959375 0.509375 0.028125 0.060417
0 1.0 0.679688 0.452083 0.103125 0.075000
0 1.0 0.950781 0.498958 0.048438 0.077083
0 1.0 0.949219 0.462500 0.101562 0.129167
0 1.0 0.885156 0.446875 0.079687 0.064583
0 1.0 0.657813 0.493750 0.225000 0.112500
0 1.0 0.596094 0.539583 0.054688 0.108333
0 1.0 0.616406 0.504167 0.182812 0.187500
0 1.0 0.395313 0.513542 0.137500 0.189583
0 1.0 0.500781 0.508333 0.179688 0.200000
0 1.0 0.444531 0.552083 0.045312 0.095833
0 1.0 0.833594 0.495833 0.251563 0.120833
0 1.0 0.412500 0.813542 0.306250 0.122917
0 1.0 0.917188 0.495833 0.165625 0.095833
0 1.0 0.949219 0.545833 0.054688 0.095833
0 1.0 0.957031 0.570833 0.032813 0.083333
0 1.0 0.564844 0.497917 0.207813 0.125000
0 1.0 0.502344 0.536458 0.092188 0.227083
0 1.0 0.439063 0.523958 0.109375 0.147917
0 1.0 0.664062 0.548958 0.062500 0.122917
0 1.0 0.678906 0.544792 0.051562 0.085417
0 1.0 0.802344 0.408333 0.232813 0.112500
0 1.0 0.867969 0.457292 0.039062 0.064583
0 1.0 0.800781 0.469792 0.042188 0.068750
0 1.0 0.511719 0.401042 0.232813 0.110417
0 1.0 0.512500 0.407292 0.068750 0.135417
0 1.0 0.728906 0.452083 0.076563 0.133333
0 1.0 0.782813 0.469792 0.043750 0.072917
0 1.0 0.041406 0.450000 0.079687 0.075000
0 1.0 0.955469 0.459375 0.039062 0.089583
0 1.0 0.925000 0.396875 0.150000 0.102083
0 1.0 0.860156 0.443750 0.085938 0.133333
0 1.0 0.677344 0.401042 0.314063 0.147917
0 1.0 0.596094 0.431250 0.067187 0.141667
0 1.0 0.558594 0.394792 0.176563 0.172917
0 1.0 0.443750 0.390625 0.106250 0.197917
0 1.0 0.400000 0.397917 0.250000 0.133333
0 1.0 0.744531 0.467708 0.026562 0.052083
0 1.0 0.688281 0.457292 0.026562 0.052083
0 1.0 0.539844 0.419792 0.067187 0.114583
0 1.0 0.597656 0.444792 0.032813 0.068750
0 1.0 0.545312 0.484375 0.065625 0.106250
0 1.0 0.567969 0.464583 0.135937 0.137500
0 1.0 0.524219 0.443750 0.110937 0.066667
0 1.0 0.509375 0.484375 0.065625 0.114583
0 1.0 0.241406 0.453125 0.223438 0.152083
0 1.0 0.227344 0.457292 0.104688 0.085417
0 1.0 0.438281 0.459375 0.107813 0.135417
0 1.0 0.484375 0.467708 0.068750 0.085417
0 1.0 0.394531 0.456250 0.098437 0.183333
0 1.0 0.393750 0.445833 0.334375 0.125000
0 1.0 0.188281 0.467708 0.079687 0.143750
0 1.0 0.744531 0.517708 0.032813 0.060417
0 1.0 0.683594 0.522917 0.032813 0.054167
0 1.0 0.626563 0.450000 0.068750 0.054167
0 1.0 0.303906 0.448958 0.032813 0.047917
0 1.0 0.341406 0.459375 0.132812 0.127083
0 1.0 0.329688 0.432292 0.306250 0.227083
0 1.0 0.133594 0.471875 0.095312 0.177083
0 1.0 0.150000 0.450000 0.065625 0.066667
0 1.0 0.342187 0.468750 0.065625 0.095833
0 1.0 0.121875 0.452083 0.212500 0.129167
0 1.0 0.081250 0.446875 0.018750 0.035417
0 1.0 0.247656 0.479167 0.064062 0.091667
0 1.0 0.284375 0.480208 0.068750 0.110417
0 1.0 0.760156 0.638542 0.179688 0.547917
0 1.0 0.742188 0.646875 0.515625 0.222917
0 1.0 0.551562 0.207292 0.056250 0.060417
0 1.0 0.564844 0.141667 0.182812 0.108333
0 1.0 0.557031 0.142708 0.251563 0.252083
0 1.0 0.718750 0.144792 0.256250 0.252083
0 1.0 0.715625 0.161458 0.150000 0.114583
0 1.0 0.668750 0.245833 0.034375 0.054167
0 1.0 0.675781 0.132292 0.282813 0.102083
0 1.0 0.679688 0.235417 0.018750 0.029167
0 1.0 0.504687 0.223958 0.053125 0.085417
0 1.0 0.504687 0.162500 0.146875 0.120833
0 1.0 0.502344 0.146875 0.082812 0.056250
0 1.0 0.439063 0.211458 0.075000 0.068750
0 1.0 0.528906 0.157292 0.026562 0.039583
0 1.0 0.446875 0.135417 0.237500 0.245833
0 1.0 0.464844 0.173958 0.104688 0.089583
0 1.0 0.402344 0.211458 0.067187 0.106250
0 1.0 0.416406 0.141667 0.264062 0.095833
0 1.0 0.407813 0.187500 0.106250 0.112500
0 1.0 0.460156 0.154167 0.042188 0.054167
0 1.0 0.454688 0.644792 0.656250 0.214583
0 1.0 0.734375 0.240625 0.018750 0.027083
0 1.0 0.923438 0.198958 0.043750 0.064583
0 1.0 0.912500 0.137500 0.175000 0.141667
0 1.0 0.913281 0.156250 0.101562 0.108333
0 1.0 0.664062 0.160417 0.137500 0.104167
0 1.0 0.852344 0.134375 0.070312 0.060417
0 1.0 0.895312 0.230208 0.018750 0.031250
0 1.0 0.855469 0.141667 0.117188 0.087500
0 1.0 0.862500 0.137500 0.234375 0.241667
0 1.0 0.798438 0.546875 0.403125 0.218750
0 1.0 0.617188 0.239583 0.037500 0.058333
0 1.0 0.621094 0.235417 0.017188 0.029167
0 1.0 0.831250 0.129167 0.284375 0.108333
0 1.0 0.722656 0.246875 0.039062 0.060417
0 1.0 0.780469 0.245833 0.039062 0.062500
0 1.0 0.794531 0.242708 0.017188 0.027083
0 1.0 0.775000 0.162500 0.134375 0.108333
0 1.0 0.840625 0.239583 0.018750 0.029167
0 1.0 0.894531 0.076042 0.210938 0.118750
0 1.0 0.539062 0.761458 0.600000 0.202083
0 1.0 0.067969 0.167708 0.098437 0.197917
0 1.0 0.460156 0.845833 0.610938 0.204167
0 1.0 0.827344 0.181250 0.035937 0.079167
0 1.0 0.836719 0.167708 0.026562 0.052083
0 1.0 0.949219 0.103125 0.101562 0.143750
0 1.0 0.743750 0.762500 0.490625 0.204167
0 1.0 0.962500 0.193750 0.021875 0.054167
0 1.0 0.950781 0.162500 0.035937 0.062500
0 1.0 0.354687 0.218750 0.046875 0.083333
0 1.0 0.378906 0.137500 0.139063 0.075000
0 1.0 0.357031 0.189583 0.085938 0.100000
0 1.0 0.350781 0.144792 0.270313 0.243750
0 1.0 0.030469 0.198958 0.045312 0.127083
0 1.0 0.239063 0.141667 0.228125 0.095833
0 1.0 0.277344 0.186458 0.092188 0.106250
0 1.0 0.289062 0.154167 0.034375 0.045833
0 1.0 0.271875 0.754167 0.543750 0.216667
0 1.0 0.280469 0.214583 0.045312 0.083333
0 1.0 0.060156 0.134375 0.117188 0.093750
0 1.0 0.037500 0.173958 0.075000 0.152083
0 1.0 0.297656 0.158333 0.139063 0.125000
0 1.0 0.221875 0.183333 0.090625 0.191667
0 1.0 0.225000 0.141667 0.193750 0.191667
0 1.0 0.189844 0.215625 0.051562 0.102083
0 1.0 0.176563 0.176042 0.143750 0.156250
0 1.0 0.132812 0.180208 0.096875 0.185417
0 1.0 0.517188 0.213542 0.184375 0.089583
0 1.0 0.442188 0.258333 0.046875 0.075000
0 1.0 0.540625 0.222917 0.031250 0.041667
0 1.0 0.437500 0.220833 0.118750 0.116667
0 1.0 0.495312 0.233333 0.021875 0.037500
0 1.0 0.412500 0.203125 0.306250 0.106250
0 1.0 0.622656 0.340625 0.507812 0.268750
0 1.0 0.735156 0.437500 0.382812 0.404167
0 1.0 0.611719 0.436458 0.589063 0.235417
0 1.0 0.351562 0.443750 0.231250 0.500000
0 1.0 0.335156 0.437500 0.510938 0.404167
0 1.0 0.623437 0.271875 0.028125 0.047917
0 1.0 0.617188 0.214583 0.237500 0.095833
0 1.0 0.618750 0.194792 0.284375 0.264583
0 1.0 0.621094 0.225000 0.092188 0.091667
0 1.0 0.547656 0.264583 0.057813 0.100000
0 1.0 0.543750 0.241667 0.090625 0.108333
0 1.0 0.814063 0.253125 0.371875 0.185417
0 1.0 0.567969 0.227083 0.073438 0.079167
0 1.0 0.685156 0.218750 0.170313 0.075000
0 1.0 0.341406 0.229167 0.017188 0.029167
0 1.0 0.960938 0.233333 0.021875 0.054167
0 1.0 0.964063 0.135417 0.071875 0.083333
0 1.0 0.449219 0.542708 0.704688 0.222917
0 1.0 0.835156 0.548958 0.329688 0.456250
0 1.0 0.619531 0.541667 0.410938 0.433333
0 1.0 0.946094 0.209375 0.026562 0.047917
0 1.0 0.185156 0.505208 0.370312 0.435417
0 1.0 0.223438 0.180208 0.334375 0.139583
0 1.0 0.350781 0.245833 0.064062 0.100000
0 1.0 0.346094 0.218750 0.126562 0.125000
0 1.0 0.382812 0.220833 0.034375 0.045833
0 1.0 0.275781 0.245833 0.064062 0.104167
0 1.0 0.178125 0.212500 0.021875 0.033333
0 1.0 0.717187 0.071875 0.062500 0.122917
0 1.0 0.728125 0.031250 0.209375 0.062500
0 1.0 0.664844 0.084375 0.051562 0.102083
0 1.0 0.886719 0.070833 0.032813 0.054167
0 1.0 0.883594 0.038542 0.132812 0.077083
0 1.0 0.824219 0.087500 0.051562 0.112500
0 1.0 0.834375 0.073958 0.037500 0.064583
0 1.0 0.659375 0.083333 0.243750 0.166667
0 1.0 0.662500 0.058333 0.156250 0.116667
0 1.0 0.603125 0.085417 0.050000 0.100000
0 1.0 0.632812 0.029167 0.121875 0.058333
0 1.0 0.612500 0.041667 0.190625 0.083333
0 1.0 0.553125 0.090625 0.053125 0.102083
0 1.0 0.579688 0.029167 0.115625 0.058333
0 1.0 0.253906 0.879167 0.507812 0.241667
0 1.0 0.963281 0.087500 0.020313 0.050000
0 1.0 0.959375 0.031250 0.081250 0.062500
0 1.0 0.957812 0.070833 0.034375 0.054167
0 1.0 0.822656 0.059375 0.164062 0.118750
0 1.0 0.771875 0.078125 0.062500 0.127083
0 1.0 0.781250 0.065625 0.040625 0.068750
0 1.0 0.766406 0.084375 0.251563 0.168750
0 1.0 0.926562 0.066667 0.059375 0.091667
0 1.0 0.878906 0.079167 0.048438 0.087500
0 1.0 0.886719 0.027083 0.079687 0.054167
0 1.0 0.282813 0.071875 0.043750 0.085417
0 1.0 0.279687 0.031250 0.121875 0.062500
0 1.0 0.282813 0.053125 0.078125 0.097917
0 1.0 0.292969 0.081250 0.260937 0.162500
0 1.0 0.441406 0.081250 0.070312 0.095833
0 1.0 0.490625 0.036458 0.090625 0.072917
0 1.0 0.470313 0.059375 0.096875 0.106250
0 1.0 0.398438 0.088542 0.075000 0.168750
0 1.0 0.421875 0.030208 0.209375 0.060417
0 1.0 0.439844 0.032292 0.082812 0.064583
0 1.0 0.232031 0.065625 0.067187 0.127083
0 1.0 0.056250 0.064583 0.065625 0.075000
0 1.0 0.074219 0.081250 0.148438 0.162500
0 1.0 0.238281 0.057292 0.164062 0.114583
0 1.0 0.188281 0.088542 0.060937 0.102083
0 1.0 0.043750 0.045833 0.068750 0.050000
0 1.0 0.425781 0.287500 0.851562 0.545833
0 1.0 0.150781 0.043750 0.204687 0.087500
0 1.0 0.562500 0.056250 0.125000 0.112500
0 1.0 0.505469 0.106250 0.057813 0.129167
0 1.0 0.507031 0.041667 0.198437 0.083333
0 1.0 0.403125 0.085417 0.234375 0.170833
0 1.0 0.446094 0.103125 0.026562 0.056250
0 1.0 0.515625 0.030208 0.040625 0.043750
0 1.0 0.506250 0.088542 0.234375 0.177083
0 1.0 0.406250 0.059375 0.134375 0.118750
0 1.0 0.351562 0.075000 0.040625 0.087500
0 1.0 0.328906 0.029167 0.029687 0.041667
0 1.0 0.353906 0.063542 0.073438 0.102083
0 1.0 0.752344 0.878125 0.495312 0.243750
0 1.0 0.555469 0.144792 0.079687 0.097917
0 1.0 0.506250 0.177083 0.040625 0.087500
0 1.0 0.443750 0.206250 0.025000 0.050000
0 1.0 0.487500 0.085417 0.184375 0.095833
0 1.0 0.437500 0.159375 0.075000 0.085417
0 1.0 0.210938 0.088542 0.162500 0.118750
0 1.0 0.189844 0.155208 0.076563 0.156250
0 1.0 0.166406 0.925000 0.332813 0.150000
0 1.0 0.403125 0.156250 0.056250 0.120833
0 1.0 0.405469 0.128125 0.104688 0.147917
0 1.0 0.353906 0.159375 0.042188 0.093750
0 1.0 0.375000 0.085417 0.121875 0.087500
0 1.0 0.353125 0.126042 0.090625 0.122917
0 1.0 0.786719 0.162500 0.029687 0.054167
0 1.0 0.721875 0.170833 0.043750 0.087500
0 1.0 0.670312 0.177083 0.034375 0.075000
0 1.0 0.882031 0.184375 0.039062 0.077083
0 1.0 0.864844 0.081250 0.120313 0.083333
0 1.0 0.675781 0.159375 0.035937 0.060417
0 1.0 0.608594 0.178125 0.035937 0.077083
0 1.0 0.557031 0.175000 0.045312 0.087500
0 1.0 0.777344 0.175000 0.039062 0.083333
0 1.0 0.353125 0.141667 0.706250 0.283333
0 1.0 0.259375 0.301042 0.518750 0.314583
0 1.0 0.741406 0.122917 0.517188 0.245833
0 1.0 0.514062 0.344792 0.331250 0.622917
0 1.0 0.835156 0.921875 0.329688 0.156250
0 1.0 0.137500 0.082292 0.150000 0.097917
0 1.0 0.454688 0.921875 0.600000 0.156250
0 1.0 0.265625 0.098958 0.031250 0.047917
0 1.0 0.300781 0.103125 0.120313 0.127083
0 1.0 0.282031 0.156250 0.051562 0.116667
0 1.0 0.301563 0.923958 0.118750 0.147917
0 1.0 0.231250 0.912500 0.100000 0.175000
0 1.0 0.186719 0.921875 0.089063 0.156250
0 1.0 0.903906 0.858333 0.129688 0.158333
0 1.0 0.857812 0.817708 0.075000 0.164583
0 1.0 0.854688 0.867708 0.109375 0.102083
0 1.0 0.132812 0.910417 0.093750 0.179167
0 1.0 0.453125 0.891667 0.256250 0.216667
0 1.0 0.460938 0.916667 0.146875 0.166667
0 1.0 0.341406 0.918750 0.289062 0.120833
0 1.0 0.342969 0.901042 0.135937 0.197917
0 1.0 0.025000 0.935417 0.050000 0.129167
0 1.0 0.056250 0.921875 0.112500 0.077083
0 1.0 0.680469 0.860417 0.107813 0.120833
0 1.0 0.608594 0.789583 0.020313 0.050000
0 1.0 0.626563 0.859375 0.237500 0.097917
0 1.0 0.612500 0.820833 0.015625 0.037500
0 1.0 0.830469 0.857292 0.242188 0.135417
0 1.0 0.890625 0.868750 0.046875 0.075000
0 1.0 0.078906 0.915625 0.089063 0.168750
0 1.0 0.112500 0.919792 0.212500 0.106250
0 1.0 0.809375 0.826042 0.037500 0.102083
0 1.0 0.818750 0.862500 0.056250 0.079167
0 1.0 0.917188 0.839583 0.056250 0.104167
0 1.0 0.785156 0.842708 0.167187 0.227083
0 1.0 0.962500 0.847917 0.012500 0.025000
0 1.0 0.947656 0.877083 0.026562 0.041667
0 1.0 0.942187 0.877083 0.115625 0.129167
0 1.0 0.620313 0.913542 0.268750 0.110417
0 1.0 0.601562 0.912500 0.075000 0.162500
0 1.0 0.825781 0.894792 0.126562 0.156250
0 1.0 0.143750 0.965625 0.075000 0.060417
0 1.0 0.714844 0.857292 0.067187 0.147917
0 1.0 0.750000 0.909375 0.175000 0.093750
0 1.0 0.962500 0.932292 0.037500 0.097917
0 1.0 0.927344 0.916667 0.145313 0.100000
0 1.0 0.551562 0.896875 0.100000 0.206250
0 1.0 0.556250 0.888542 0.256250 0.222917
0 1.0 0.657031 0.897917 0.067187 0.154167
0 1.0 0.675781 0.813542 0.164062 0.177083
0 1.0 0.628906 0.808333 0.289062 0.116667
0 1.0 0.532813 0.870833 0.137500 0.104167
0 1.0 0.517969 0.810417 0.282813 0.112500
0 1.0 0.532031 0.813542 0.114062 0.097917
0 1.0 0.508594 0.821875 0.254688 0.264583
0 1.0 0.106250 0.876042 0.175000 0.089583
0 1.0 0.090625 0.857292 0.062500 0.114583
0 1.0 0.027344 0.875000 0.054688 0.116667
0 1.0 0.071094 0.883333 0.029687 0.045833
0 1.0 0.964844 0.870833 0.039062 0.095833
0 1.0 0.951562 0.853125 0.062500 0.106250
0 1.0 0.595313 0.816667 0.093750 0.083333
0 1.0 0.269531 0.819792 0.092188 0.102083
0 1.0 0.441406 0.820833 0.095312 0.245833
0 1.0 0.513281 0.819792 0.042188 0.060417
0 1.0 0.714844 0.831250 0.098437 0.245833
0 1.0 0.781250 0.818750 0.065625 0.091667
0 1.0 0.610938 0.823958 0.256250 0.252083
0 1.0 0.562500 0.808333 0.028125 0.062500
0 1.0 0.567187 0.829167 0.040625 0.079167
0 1.0 0.512500 0.846875 0.040625 0.077083
0 1.0 0.239844 0.875000 0.176563 0.179167
0 1.0 0.193750 0.867708 0.037500 0.089583
0 1.0 0.194531 0.872917 0.064062 0.116667
0 1.0 0.448437 0.794792 0.021875 0.043750
0 1.0 0.728906 0.808333 0.020313 0.050000
0 1.0 0.745313 0.827083 0.015625 0.037500
0 1.0 0.783594 0.864583 0.060937 0.079167
0 1.0 0.674219 0.797917 0.017188 0.041667
0 1.0 0.686719 0.823958 0.014063 0.031250
0 1.0 0.335156 0.868750 0.179688 0.095833
0 1.0 0.350781 0.860417 0.070312 0.125000
0 1.0 0.238281 0.870833 0.039062 0.091667
0 1.0 0.269531 0.879167 0.076563 0.083333
0 1.0 0.510156 0.877083 0.051562 0.070833
0 1.0 0.136719 0.855208 0.042188 0.106250
0 1.0 0.159375 0.882292 0.087500 0.085417
0 1.0 0.130469 0.870833 0.160938 0.179167
0 1.0 0.400000 0.839583 0.056250 0.125000
0 1.0 0.416406 0.868750 0.289062 0.112500
0 1.0 0.444531 0.872917 0.076563 0.087500
0 1.0 0.346094 0.841667 0.042188 0.091667
0 1.0 0.057031 0.875000 0.089063 0.062500
0 1.0 0.292187 0.857292 0.034375 0.077083
0 1.0 0.291406 0.864583 0.073438 0.120833
0 1.0 0.298438 0.882292 0.028125 0.047917
0 1.0 0.131250 0.882292 0.053125 0.064583
0 1.0 0.136719 0.233333 0.273438 0.141667
0 1.0 0.402344 0.239583 0.092188 0.083333
0 1.0 0.278906 0.297917 0.067187 0.133333
0 1.0 0.217188 0.248958 0.268750 0.102083
0 1.0 0.283594 0.260417 0.026562 0.041667
0 1.0 0.297656 0.244792 0.301563 0.260417
0 1.0 0.304688 0.254167 0.146875 0.137500
0 1.0 0.054688 0.232292 0.109375 0.085417
0 1.0 0.934375 0.200000 0.131250 0.091667
0 1.0 0.196094 0.288542 0.051562 0.114583
0 1.0 0.187500 0.263542 0.125000 0.168750
0 1.0 0.533594 0.244792 0.032813 0.052083
0 1.0 0.397656 0.260417 0.101562 0.204167
0 1.0 0.431250 0.234375 0.225000 0.106250
0 1.0 0.472656 0.240625 0.042188 0.064583
0 1.0 0.223438 0.268750 0.078125 0.141667
0 1.0 0.538281 0.270833 0.717187 0.183333
0 1.0 0.822656 0.236458 0.057813 0.077083
0 1.0 0.665625 0.277083 0.040625 0.083333
0 1.0 0.674219 0.262500 0.035937 0.058333
0 1.0 0.780469 0.206250 0.289062 0.095833
0 1.0 0.780469 0.214583 0.114062 0.104167
0 1.0 0.713281 0.267708 0.054688 0.097917
0 1.0 0.773438 0.244792 0.059375 0.097917
0 1.0 0.549219 0.154167 0.620313 0.225000
0 1.0 0.825781 0.210417 0.117188 0.104167
0 1.0 0.946094 0.234375 0.048438 0.072917
0 1.0 0.851562 0.214583 0.081250 0.058333
0 1.0 0.876563 0.207292 0.134375 0.118750
0 1.0 0.350000 0.950000 0.125000 0.100000
0 1.0 0.290625 0.950000 0.071875 0.100000
0 1.0 0.579688 0.952083 0.134375 0.095833
0 1.0 0.502344 0.943750 0.082812 0.112500
0 1.0 0.561719 0.962500 0.073438 0.058333
0 1.0 0.449219 0.953125 0.067187 0.093750
0 1.0 0.198437 0.951042 0.196875 0.097917
0 1.0 0.798438 0.953125 0.106250 0.081250
0 1.0 0.514844 0.965625 0.057813 0.052083
0 1.0 0.724219 0.954167 0.104688 0.091667
0 1.0 0.658594 0.945833 0.067187 0.108333
0 1.0 0.735156 0.962500 0.029687 0.037500
0 1.0 0.664062 0.961458 0.043750 0.047917
0 1.0 0.726562 0.909375 0.221875 0.181250
0 1.0 0.236719 0.950000 0.076563 0.100000
0 1.0 0.190625 0.963542 0.071875 0.056250
0 1.0 0.396094 0.938542 0.085938 0.122917
0 1.0 0.350781 0.964583 0.042188 0.045833
0 1.0 0.065625 0.967708 0.046875 0.047917
0 1.0 0.046094 0.966667 0.070312 0.066667
0 1.0 0.726562 0.268750 0.031250 0.045833
0 1.0 0.713281 0.255208 0.204687 0.131250
0 1.0 0.438281 0.080208 0.610938 0.160417
0 1.0 0.831250 0.961458 0.031250 0.039583
0 1.0 0.681250 0.289583 0.028125 0.045833
0 1.0 0.867188 0.960417 0.028125 0.037500
0 1.0 0.868750 0.921875 0.134375 0.156250
0 1.0 0.864844 0.954167 0.073438 0.062500
0 1.0 0.622656 0.294792 0.020313 0.047917
0 1.0 0.584375 0.248958 0.137500 0.089583
0 1.0 0.923438 0.963542 0.125000 0.072917
0 1.0 0.607812 0.960417 0.071875 0.058333
0 1.0 0.777344 0.925000 0.082812 0.150000
0 1.0 0.972656 0.957292 0.042188 0.085417
0 1.0 0.789844 0.265625 0.026562 0.047917
0 1.0 0.923438 0.931250 0.078125 0.137500
0 1.0 0.784375 0.962500 0.037500 0.041667
0 1.0 0.638281 0.744792 0.420312 0.368750
0 1.0 0.349219 0.741667 0.420312 0.425000
0 1.0 0.645312 0.633333 0.234375 0.537500
0 1.0 0.253125 0.639583 0.481250 0.283333
0 1.0 0.184375 0.190625 0.368750 0.381250
0 1.0 0.660156 0.667708 0.679688 0.664583
0 1.0 0.076563 0.217708 0.153125 0.435417
0 1.0 0.458594 0.270833 0.414062 0.304167
0 1.0 0.843750 0.296875 0.203125 0.447917
0 1.0 0.653125 0.296875 0.231250 0.410417
0 1.0 0.923438 0.744792 0.153125 0.510417
0 1.0 0.449219 0.659375 0.204687 0.556250
0 1.0 0.167969 0.698958 0.335938 0.514583
0 1.0 0.907813 0.453125 0.184375 0.456250
0 1.0 0.075781 0.632292 0.151562 0.610417
0 1.0 0.729688 0.380208 0.528125 0.760417
0 1.0 0.925000 0.164583 0.150000 0.329167