0 1.0 0.500000 0.510460 1.000000 0.849372
0 1.0 0.822656 0.343096 0.339062 0.686192
0 1.0 0.711719 0.552301 0.129688 0.305439
0 1.0 0.709375 0.539749 0.300000 0.138075
0 1.0 0.653125 0.566946 0.140625 0.309623
0 1.0 0.766406 0.553347 0.160938 0.223849
0 1.0 0.617188 0.544979 0.231250 0.169456
0 1.0 0.914062 0.526151 0.140625 0.357741
0 1.0 0.895312 0.547071 0.209375 0.156904
0 1.0 0.829688 0.546025 0.128125 0.100418
0 1.0 0.814844 0.547071 0.089063 0.219665
0 1.0 0.424219 0.543933 0.223438 0.158996
0 1.0 0.342187 0.535565 0.084375 0.255230
0 1.0 0.366406 0.548117 0.176563 0.108787
0 1.0 0.343750 0.526151 0.275000 0.307531
0 1.0 0.553125 0.538703 0.143750 0.261506
0 1.0 0.269531 0.546025 0.232813 0.138075
0 1.0 0.239844 0.536611 0.135937 0.274059
0 1.0 0.501563 0.552301 0.125000 0.305439
0 1.0 0.395313 0.539749 0.137500 0.267782
0 1.0 0.450000 0.552301 0.121875 0.259414
0 1.0 0.464844 0.598326 0.148438 0.096234
0 1.0 0.485156 0.599372 0.070312 0.089958
0 1.0 0.388281 0.602510 0.232813 0.117155
0 1.0 0.325781 0.604603 0.120313 0.083682
0 1.0 0.357812 0.599372 0.128125 0.182008
0 1.0 0.279687 0.585774 0.115625 0.280335
0 1.0 0.432031 0.603556 0.057813 0.077406
0 1.0 0.652344 0.594142 0.235937 0.175732
0 1.0 0.576562 0.599372 0.225000 0.110879
0 1.0 0.580469 0.610879 0.260937 0.359833
0 1.0 0.492188 0.589958 0.243750 0.347280
0 1.0 0.116406 0.585774 0.185938 0.221757
0 1.0 0.099219 0.598326 0.198437 0.100418
0 1.0 0.118750 0.599372 0.081250 0.081590
0 1.0 0.030469 0.619247 0.060937 0.284519
0 1.0 0.057813 0.600418 0.115625 0.071130
0 1.0 0.235937 0.603556 0.165625 0.094142
0 1.0 0.060937 0.601464 0.043750 0.052301
0 1.0 0.051562 0.598326 0.103125 0.163180
0 1.0 0.962500 0.563808 0.056250 0.232218
0 1.0 0.940625 0.548117 0.118750 0.108787
0 1.0 0.289062 0.602510 0.031250 0.054393
0 1.0 0.261719 0.592050 0.060937 0.075314
0 1.0 0.188281 0.591004 0.123438 0.315900
0 1.0 0.299219 0.497908 0.120313 0.142259
0 1.0 0.226562 0.503138 0.206250 0.127615
0 1.0 0.178125 0.506276 0.165625 0.263598
0 1.0 0.117969 0.486402 0.151562 0.299163
0 1.0 0.139844 0.503138 0.279687 0.156904
0 1.0 0.465625 0.500000 0.165625 0.112971
0 1.0 0.387500 0.496862 0.140625 0.106695
0 1.0 0.341406 0.475941 0.145313 0.286611
0 1.0 0.281250 0.495816 0.143750 0.305439
0 1.0 0.885938 0.446653 0.228125 0.140167
0 1.0 0.894531 0.422594 0.182812 0.301255
0 1.0 0.874219 0.448745 0.032813 0.060669
0 1.0 0.817969 0.459205 0.104688 0.278243
0 1.0 0.828906 0.468619 0.067187 0.179916
0 1.0 0.772656 0.464435 0.117188 0.251046
0 1.0 0.762500 0.450837 0.212500 0.106695
0 1.0 0.030469 0.508368 0.060937 0.251046
0 1.0 0.049219 0.503138 0.098437 0.110879
0 1.0 0.962500 0.455021 0.043750 0.140167
0 1.0 0.958594 0.447699 0.082812 0.092050
0 1.0 0.045312 0.555439 0.090625 0.102510
0 1.0 0.933594 0.498954 0.132812 0.110879
0 1.0 0.955469 0.498954 0.067187 0.190377
0 1.0 0.482812 0.478033 0.243750 0.265690
0 1.0 0.842187 0.501046 0.128125 0.102510
0 1.0 0.659375 0.483264 0.256250 0.280335
0 1.0 0.611719 0.486402 0.129688 0.223849
0 1.0 0.598437 0.501046 0.181250 0.115063
0 1.0 0.827344 0.502092 0.279687 0.129707
0 1.0 0.820312 0.475941 0.234375 0.290795
0 1.0 0.655469 0.698745 0.170313 0.230126
0 1.0 0.605469 0.680962 0.129688 0.341004
0 1.0 0.619531 0.712343 0.289062 0.135983
0 1.0 0.550781 0.707113 0.132812 0.322176
0 1.0 0.592187 0.714435 0.118750 0.127615
0 1.0 0.503125 0.710251 0.115625 0.328452
0 1.0 0.537500 0.716527 0.118750 0.127615
0 1.0 0.817969 0.706067 0.317188 0.144351
0 1.0 0.818750 0.693515 0.093750 0.223849
0 1.0 0.764062 0.684100 0.115625 0.322176
0 1.0 0.710938 0.696653 0.118750 0.309623
0 1.0 0.714844 0.715481 0.210938 0.154812
0 1.0 0.767188 0.700837 0.265625 0.280335
0 1.0 0.307031 0.719665 0.051562 0.079498
0 1.0 0.271875 0.740586 0.256250 0.368201
0 1.0 0.297656 0.715481 0.107813 0.154812
0 1.0 0.220312 0.708159 0.284375 0.127615
0 1.0 0.232031 0.719665 0.123438 0.326360
0 1.0 0.251563 0.714435 0.121875 0.123431
0 1.0 0.177344 0.726987 0.142187 0.332636
0 1.0 0.157812 0.735356 0.284375 0.374477
0 1.0 0.120313 0.711297 0.200000 0.175732
0 1.0 0.450000 0.712343 0.112500 0.341004
0 1.0 0.465625 0.710251 0.156250 0.102510
0 1.0 0.500781 0.717573 0.057813 0.087866
0 1.0 0.392188 0.718619 0.103125 0.345188
0 1.0 0.396875 0.707113 0.300000 0.133891
0 1.0 0.285938 0.721757 0.137500 0.292887
0 1.0 0.398438 0.737448 0.234375 0.366109
0 1.0 0.366406 0.713389 0.104688 0.121339
0 1.0 0.353906 0.713389 0.145313 0.205021
0 1.0 0.442188 0.714435 0.062500 0.098326
0 1.0 0.322656 0.761506 0.201563 0.117155
0 1.0 0.350781 0.787657 0.173437 0.248954
0 1.0 0.235937 0.764644 0.228125 0.123431
0 1.0 0.283594 0.775105 0.057813 0.089958
0 1.0 0.587500 0.766736 0.121875 0.123431
0 1.0 0.480469 0.768828 0.220312 0.115063
0 1.0 0.520312 0.779289 0.050000 0.081590
0 1.0 0.450000 0.771967 0.084375 0.117155
0 1.0 0.076563 0.767782 0.153125 0.301255
0 1.0 0.964844 0.706067 0.051562 0.215481
0 1.0 0.941406 0.709205 0.117188 0.112971
0 1.0 0.928906 0.688285 0.142187 0.280335
0 1.0 0.882031 0.677824 0.135937 0.322176
0 1.0 0.839063 0.709205 0.115625 0.096234
0 1.0 0.882812 0.715481 0.065625 0.092050
0 1.0 0.173437 0.765690 0.218750 0.188285
0 1.0 0.120313 0.771967 0.137500 0.384937
0 1.0 0.056250 0.762552 0.062500 0.094142
0 1.0 0.096094 0.763598 0.114062 0.142259
0 1.0 0.170313 0.656904 0.300000 0.125523
0 1.0 0.103906 0.663180 0.126562 0.121339
0 1.0 0.059375 0.655858 0.103125 0.077406
0 1.0 0.411719 0.645397 0.160938 0.219665
0 1.0 0.369531 0.660042 0.151562 0.102510
0 1.0 0.339062 0.652720 0.256250 0.347280
0 1.0 0.316406 0.664226 0.035937 0.064854
0 1.0 0.296094 0.649582 0.110937 0.156904
0 1.0 0.266406 0.655858 0.076563 0.098326
0 1.0 0.217188 0.638075 0.265625 0.347280
0 1.0 0.257031 0.661088 0.232813 0.108787
0 1.0 0.817969 0.596234 0.279687 0.129707
0 1.0 0.817969 0.593096 0.251563 0.290795
0 1.0 0.053125 0.664226 0.106250 0.186192
0 1.0 0.945312 0.602510 0.109375 0.108787
0 1.0 0.904687 0.608787 0.190625 0.163180
0 1.0 0.805469 0.605649 0.110937 0.089958
0 1.0 0.847656 0.607741 0.067187 0.085774
0 1.0 0.808594 0.660042 0.117188 0.098326
0 1.0 0.849219 0.666318 0.079687 0.098326
0 1.0 0.446875 0.660042 0.071875 0.102510
0 1.0 0.771875 0.657950 0.328125 0.127615
0 1.0 0.032031 0.731172 0.064062 0.290795
0 1.0 0.879687 0.656904 0.240625 0.129707
0 1.0 0.053906 0.711297 0.067187 0.100418
0 1.0 0.939063 0.655858 0.121875 0.115063
0 1.0 0.573438 0.656904 0.212500 0.121339
0 1.0 0.503906 0.665272 0.207813 0.163180
0 1.0 0.446875 0.658996 0.162500 0.112971
0 1.0 0.696094 0.626569 0.242188 0.336820
0 1.0 0.912500 0.241632 0.143750 0.387029
0 1.0 0.882812 0.233264 0.234375 0.135983
0 1.0 0.819531 0.225941 0.123438 0.347280
0 1.0 0.831250 0.235356 0.078125 0.211297
0 1.0 0.766406 0.235356 0.129688 0.311715
0 1.0 0.135937 0.283473 0.268750 0.140167
0 1.0 0.137500 0.266736 0.275000 0.307531
0 1.0 0.068750 0.269874 0.128125 0.292887
0 1.0 0.072656 0.250000 0.070312 0.135983
0 1.0 0.066406 0.287657 0.117188 0.077406
0 1.0 0.039844 0.275105 0.076563 0.165272
0 1.0 0.957031 0.261506 0.073438 0.259414
0 1.0 0.613281 0.226987 0.214062 0.253138
0 1.0 0.556250 0.239540 0.140625 0.328452
0 1.0 0.560937 0.224895 0.328125 0.148536
0 1.0 0.502344 0.234310 0.185938 0.246862
0 1.0 0.448437 0.251046 0.128125 0.288703
0 1.0 0.467187 0.234310 0.153125 0.146444
0 1.0 0.767188 0.237448 0.253125 0.169456
0 1.0 0.710938 0.232218 0.134375 0.305439
0 1.0 0.663281 0.287657 0.279687 0.135983
0 1.0 0.667188 0.290795 0.078125 0.192469
0 1.0 0.664844 0.288703 0.182812 0.242678
0 1.0 0.602344 0.290795 0.132812 0.305439
0 1.0 0.604688 0.290795 0.087500 0.192469
0 1.0 0.130469 0.255230 0.095312 0.163180
0 1.0 0.564063 0.286611 0.250000 0.133891
0 1.0 0.833594 0.288703 0.295312 0.154812
0 1.0 0.844531 0.287657 0.039062 0.106695
0 1.0 0.776563 0.276151 0.071875 0.158996
0 1.0 0.712500 0.286611 0.090625 0.184100
0 1.0 0.292969 0.326360 0.095312 0.188285
0 1.0 0.317188 0.287657 0.300000 0.135983
0 1.0 0.240625 0.313808 0.109375 0.221757
0 1.0 0.251563 0.304393 0.056250 0.102510
0 1.0 0.182812 0.281381 0.115625 0.274059
0 1.0 0.199219 0.296025 0.073438 0.098326
0 1.0 0.456250 0.283473 0.228125 0.131799
0 1.0 0.437500 0.298117 0.246875 0.324268
0 1.0 0.344531 0.309623 0.139063 0.263598
0 1.0 0.517188 0.174686 0.268750 0.165272
0 1.0 0.475781 0.183054 0.110937 0.144351
0 1.0 0.394531 0.254184 0.126562 0.269874
0 1.0 0.412500 0.179916 0.334375 0.129707
0 1.0 0.399219 0.183054 0.176563 0.190377
0 1.0 0.348438 0.189331 0.087500 0.198745
0 1.0 0.663281 0.186192 0.129688 0.280335
0 1.0 0.632031 0.172594 0.332813 0.144351
0 1.0 0.072656 0.029289 0.079687 0.058577
0 1.0 0.031250 0.063808 0.056250 0.085774
0 1.0 0.082031 0.075314 0.164062 0.150628
0 1.0 0.135937 0.058577 0.093750 0.100418
0 1.0 0.737500 0.512552 0.471875 0.974895
0 1.0 0.329688 0.184100 0.281250 0.280335
0 1.0 0.257031 0.500000 0.479687 1.000000
0 1.0 0.500000 0.256276 1.000000 0.470711
0 1.0 0.592969 0.724895 0.814063 0.537657
0 1.0 0.292187 0.186192 0.121875 0.242678
0 1.0 0.294531 0.183054 0.304688 0.127615
0 1.0 0.306250 0.182008 0.081250 0.112971
0 1.0 0.234375 0.183054 0.140625 0.290795
0 1.0 0.143750 0.049163 0.278125 0.098326
0 1.0 0.075000 0.072176 0.065625 0.102510
0 1.0 0.137500 0.034519 0.134375 0.069038
0 1.0 0.224219 0.215481 0.317188 0.280335
0 1.0 0.177344 0.231172 0.339062 0.144351
0 1.0 0.124219 0.217573 0.148438 0.288703
0 1.0 0.347656 0.238494 0.304688 0.133891
0 1.0 0.314063 0.244770 0.093750 0.100418
0 1.0 0.859375 0.176778 0.193750 0.173640
0 1.0 0.843750 0.178870 0.246875 0.307531
0 1.0 0.781250 0.175732 0.315625 0.133891
0 1.0 0.081250 0.234310 0.162500 0.125523
0 1.0 0.931250 0.183054 0.137500 0.131799
0 1.0 0.855469 0.393305 0.142187 0.108787
0 1.0 0.765625 0.394351 0.321875 0.135983
0 1.0 0.761719 0.391213 0.260937 0.347280
0 1.0 0.706250 0.406904 0.118750 0.253138
0 1.0 0.050000 0.441423 0.100000 0.104603
0 1.0 0.920312 0.394351 0.159375 0.131799
0 1.0 0.499219 0.410042 0.179688 0.225941
0 1.0 0.441406 0.418410 0.110937 0.234310
0 1.0 0.446875 0.401674 0.228125 0.129707
0 1.0 0.393750 0.405858 0.115625 0.238494
0 1.0 0.655469 0.403766 0.126562 0.322176
0 1.0 0.386719 0.387029 0.251563 0.284519
0 1.0 0.353906 0.397490 0.282813 0.138075
0 1.0 0.664844 0.396444 0.254688 0.182008
0 1.0 0.639062 0.394351 0.171875 0.119247
0 1.0 0.582812 0.401674 0.153125 0.146444
0 1.0 0.567969 0.389121 0.229687 0.313808
0 1.0 0.548438 0.468619 0.093750 0.213389
0 1.0 0.608594 0.451883 0.101562 0.087866
0 1.0 0.507031 0.467573 0.101562 0.236402
0 1.0 0.511719 0.450837 0.129688 0.102510
0 1.0 0.075781 0.441423 0.054688 0.062762
0 1.0 0.480469 0.449791 0.060937 0.079498
0 1.0 0.576562 0.765690 0.275000 0.125523
0 1.0 0.722656 0.453975 0.273438 0.175732
0 1.0 0.650781 0.449791 0.110937 0.100418
0 1.0 0.192969 0.440377 0.139063 0.119247
0 1.0 0.165625 0.440377 0.278125 0.194561
0 1.0 0.406250 0.441423 0.250000 0.138075
0 1.0 0.131250 0.438285 0.134375 0.106695
0 1.0 0.385156 0.437238 0.054688 0.075314
0 1.0 0.314063 0.437238 0.190625 0.121339
0 1.0 0.239063 0.440377 0.109375 0.098326
0 1.0 0.335156 0.341004 0.289062 0.142259
0 1.0 0.241406 0.376569 0.082812 0.142259
0 1.0 0.541406 0.356695 0.120313 0.282427
0 1.0 0.567187 0.346234 0.237500 0.127615
0 1.0 0.498437 0.344142 0.112500 0.282427
0 1.0 0.442969 0.331590 0.067187 0.161088
0 1.0 0.449219 0.344142 0.254688 0.140167
0 1.0 0.067187 0.337866 0.134375 0.085774
0 1.0 0.953125 0.313808 0.053125 0.163180
0 1.0 0.941406 0.289749 0.117188 0.110879
0 1.0 0.854688 0.291841 0.140625 0.106695
0 1.0 0.893750 0.288703 0.068750 0.158996
0 1.0 0.228906 0.345188 0.329688 0.242678
0 1.0 0.244531 0.357741 0.182812 0.175732
0 1.0 0.188281 0.362971 0.079687 0.194561
0 1.0 0.128906 0.362971 0.123438 0.278243
0 1.0 0.025000 0.325314 0.050000 0.165272
0 1.0 0.121875 0.344142 0.243750 0.127615
0 1.0 0.084375 0.348326 0.106250 0.207113
0 1.0 0.078125 0.421548 0.150000 0.299163
0 1.0 0.079687 0.387029 0.159375 0.112971
0 1.0 0.039062 0.401674 0.078125 0.267782
0 1.0 0.960156 0.359833 0.042188 0.121339
0 1.0 0.922656 0.345188 0.154688 0.121339
0 1.0 0.290625 0.397490 0.140625 0.251046
0 1.0 0.227344 0.418410 0.126562 0.251046
0 1.0 0.172656 0.397490 0.160938 0.179916
0 1.0 0.772656 0.367155 0.101562 0.236402
0 1.0 0.772656 0.337866 0.235937 0.169456
0 1.0 0.667188 0.342050 0.300000 0.140167
0 1.0 0.839844 0.378661 0.054688 0.167364
0 1.0 0.834375 0.346234 0.196875 0.253138
0 1.0 0.890625 0.367155 0.078125 0.194561
0 1.0 0.817187 0.123431 0.140625 0.246862
0 1.0 0.821094 0.083682 0.289062 0.150628
0 1.0 0.722656 0.554393 0.482812 0.230126
0 1.0 0.085156 0.633891 0.170313 0.610879
0 1.0 0.258594 0.655858 0.517188 0.248954
0 1.0 0.324219 0.652720 0.410938 0.539749
0 1.0 0.722656 0.650628 0.482812 0.234310
0 1.0 0.907031 0.105649 0.179688 0.211297
0 1.0 0.653125 0.530335 0.368750 0.491632
0 1.0 0.138281 0.123431 0.276562 0.133891
0 1.0 0.125781 0.157950 0.251563 0.290795
0 1.0 0.442188 0.570084 0.218750 0.566946
0 1.0 0.449219 0.547071 0.589063 0.223849
0 1.0 0.035156 0.167364 0.070312 0.251046
0 1.0 0.071875 0.128661 0.109375 0.069038
0 1.0 0.963281 0.152720 0.048438 0.158996
0 1.0 0.847656 0.490586 0.182812 0.633891
0 1.0 0.937500 0.080544 0.125000 0.115063
0 1.0 0.596875 0.078452 0.287500 0.144351
0 1.0 0.559375 0.100418 0.106250 0.200837
0 1.0 0.775781 0.756276 0.448437 0.236402
0 1.0 0.575781 0.764644 0.557813 0.253138
0 1.0 0.649219 0.733264 0.223438 0.474895
0 1.0 0.173437 0.844142 0.346875 0.207113
0 1.0 0.598437 0.088912 0.112500 0.173640
0 1.0 0.502344 0.104603 0.101562 0.209205
0 1.0 0.665625 0.089958 0.125000 0.179916
0 1.0 0.716406 0.119247 0.095312 0.209205
0 1.0 0.454688 0.647490 0.568750 0.232218
0 1.0 0.777344 0.116109 0.095312 0.169456
0 1.0 0.328125 0.766736 0.546875 0.261506
0 1.0 0.709375 0.085774 0.278125 0.150628
0 1.0 0.238281 0.345188 0.467187 0.443515
0 1.0 0.653125 0.337866 0.396875 0.458159
0 1.0 0.443750 0.347280 0.600000 0.242678
0 1.0 0.442188 0.140167 0.087500 0.184100
0 1.0 0.791406 0.238494 0.417187 0.230126
0 1.0 0.514844 0.124477 0.339062 0.148536
0 1.0 0.354687 0.236402 0.656250 0.242678
0 1.0 0.411719 0.126569 0.220312 0.156904
0 1.0 0.184375 0.533473 0.368750 0.292887
0 1.0 0.225781 0.126569 0.289062 0.182008
0 1.0 0.188281 0.162134 0.117188 0.244770
0 1.0 0.717187 0.443515 0.475000 0.234310
0 1.0 0.339062 0.448745 0.578125 0.240586
0 1.0 0.246094 0.469665 0.226562 0.483264
0 1.0 0.347656 0.134937 0.145313 0.240586
0 1.0 0.562500 0.436192 0.456250 0.286611
0 1.0 0.492188 0.037657 0.128125 0.075314
0 1.0 0.499219 0.644351 0.392188 0.631799
0 1.0 0.505469 0.862971 0.704688 0.274059
0 1.0 0.393750 0.059623 0.065625 0.110879
0 1.0 0.421875 0.030335 0.259375 0.060669
0 1.0 0.400781 0.070084 0.285938 0.140167
0 1.0 0.567187 0.050209 0.062500 0.083682
0 1.0 0.448437 0.046025 0.062500 0.075314
0 1.0 0.507812 0.059623 0.065625 0.115063
0 1.0 0.512500 0.029289 0.078125 0.054393
0 1.0 0.575000 0.046025 0.181250 0.092050
0 1.0 0.481250 0.484310 0.690625 0.437238
0 1.0 0.664844 0.053347 0.070312 0.089958
0 1.0 0.602344 0.050209 0.054688 0.100418
0 1.0 0.644531 0.044979 0.173437 0.089958
0 1.0 0.277344 0.072176 0.301563 0.144351
0 1.0 0.304688 0.050209 0.112500 0.087866
0 1.0 0.239063 0.072176 0.068750 0.106695
0 1.0 0.223438 0.034519 0.300000 0.069038
0 1.0 0.192969 0.060669 0.095312 0.096234
0 1.0 0.357812 0.052301 0.109375 0.087866
0 1.0 0.741406 0.877615 0.517188 0.244770
0 1.0 0.328906 0.036611 0.204687 0.073222
0 1.0 0.350000 0.065900 0.059375 0.102510
0 1.0 0.344531 0.026151 0.089063 0.052301
0 1.0 0.129688 0.118201 0.121875 0.236402
0 1.0 0.221875 0.923640 0.443750 0.152720
0 1.0 0.875781 0.075314 0.079687 0.150628
0 1.0 0.390625 0.112971 0.103125 0.225941
0 1.0 0.259375 0.122385 0.518750 0.244770
0 1.0 0.756250 0.122385 0.487500 0.244770
0 1.0 0.507031 0.325314 0.332813 0.650628
0 1.0 0.765625 0.081590 0.062500 0.112971
0 1.0 0.778125 0.034519 0.209375 0.069038
0 1.0 0.143750 0.529289 0.287500 0.774059
0 1.0 0.718750 0.054393 0.134375 0.108787
0 1.0 0.826562 0.073222 0.075000 0.104603
0 1.0 0.962500 0.078452 0.037500 0.089958
0 1.0 0.939063 0.035565 0.121875 0.071130
0 1.0 0.719531 0.072176 0.054688 0.098326
0 1.0 0.852344 0.032427 0.135937 0.064854
0 1.0 0.827344 0.923640 0.345313 0.152720
0 1.0 0.567187 0.882845 0.053125 0.087866
0 1.0 0.589844 0.885983 0.104688 0.110879
0 1.0 0.554688 0.870293 0.246875 0.225941
0 1.0 0.505469 0.867155 0.054688 0.115063
0 1.0 0.530469 0.877615 0.204687 0.119247
0 1.0 0.453906 0.867155 0.042188 0.094142
0 1.0 0.454688 0.880753 0.068750 0.125523
0 1.0 0.485156 0.884937 0.082812 0.100418
0 1.0 0.442188 0.851464 0.234375 0.251046
0 1.0 0.450000 0.879707 0.131250 0.165272
0 1.0 0.395313 0.849372 0.096875 0.213389
0 1.0 0.378125 0.873431 0.293750 0.152720
0 1.0 0.764062 0.861925 0.203125 0.217573
0 1.0 0.717969 0.799163 0.051562 0.108787
0 1.0 0.681250 0.871339 0.284375 0.140167
0 1.0 0.723437 0.831590 0.046875 0.094142
0 1.0 0.659375 0.824268 0.043750 0.092050
0 1.0 0.606250 0.860879 0.040625 0.085774
0 1.0 0.184375 0.870293 0.096875 0.179916
0 1.0 0.133594 0.848326 0.079687 0.190377
0 1.0 0.079687 0.832636 0.103125 0.242678
0 1.0 0.113281 0.879707 0.142187 0.144351
0 1.0 0.029687 0.842050 0.046875 0.131799
0 1.0 0.071094 0.870293 0.142187 0.104603
0 1.0 0.350000 0.860879 0.096875 0.186192
0 1.0 0.285156 0.857741 0.060937 0.129707
0 1.0 0.291406 0.879707 0.123438 0.135983
0 1.0 0.300781 0.869247 0.207813 0.215481
0 1.0 0.228906 0.842050 0.079687 0.190377
0 1.0 0.225781 0.901674 0.117188 0.179916
0 1.0 0.185156 0.917364 0.126562 0.131799
0 1.0 0.475000 0.920502 0.228125 0.108787
0 1.0 0.462500 0.922594 0.103125 0.108787
0 1.0 0.390625 0.916318 0.212500 0.112971
0 1.0 0.916406 0.838912 0.145313 0.271967
0 1.0 0.880469 0.814854 0.098437 0.198745
0 1.0 0.820312 0.874477 0.131250 0.104603
0 1.0 0.819531 0.829498 0.060937 0.123431
0 1.0 0.767188 0.811715 0.053125 0.108787
0 1.0 0.775000 0.844142 0.050000 0.102510
0 1.0 0.116406 0.920502 0.232813 0.129707
0 1.0 0.032031 0.914226 0.064062 0.171548
0 1.0 0.889062 0.874477 0.221875 0.138075
0 1.0 0.059375 0.923640 0.103125 0.098326
0 1.0 0.963281 0.848326 0.035937 0.089958
0 1.0 0.114062 0.816946 0.228125 0.135983
0 1.0 0.103906 0.821130 0.104688 0.127615
0 1.0 0.064844 0.815900 0.129688 0.096234
0 1.0 0.038281 0.854603 0.076563 0.186192
0 1.0 0.063281 0.821130 0.060937 0.089958
0 1.0 0.944531 0.764644 0.110937 0.106695
0 1.0 0.233594 0.820084 0.164062 0.158996
0 1.0 0.716406 0.761506 0.310937 0.138075
0 1.0 0.881250 0.765690 0.237500 0.133891
0 1.0 0.789062 0.764644 0.103125 0.094142
0 1.0 0.839063 0.770921 0.062500 0.094142
0 1.0 0.814063 0.802301 0.137500 0.357741
0 1.0 0.764844 0.809623 0.317188 0.142259
0 1.0 0.763281 0.788703 0.135937 0.292887
0 1.0 0.709375 0.793933 0.134375 0.248954
0 1.0 0.652344 0.802301 0.126562 0.303347
0 1.0 0.060937 0.876569 0.062500 0.083682
0 1.0 0.964063 0.827406 0.068750 0.236402
0 1.0 0.939844 0.812762 0.120313 0.110879
0 1.0 0.779687 0.813808 0.131250 0.096234
0 1.0 0.508594 0.812762 0.176563 0.228033
0 1.0 0.471875 0.823222 0.225000 0.119247
0 1.0 0.503125 0.829498 0.062500 0.089958
0 1.0 0.390625 0.819038 0.300000 0.144351
0 1.0 0.647656 0.814854 0.295312 0.135983
0 1.0 0.610938 0.807531 0.106250 0.200837
0 1.0 0.588281 0.819038 0.123438 0.115063
0 1.0 0.540625 0.820084 0.118750 0.125523
0 1.0 0.522656 0.087866 0.526563 0.175732
0 1.0 0.063281 0.180962 0.126562 0.094142
0 1.0 0.549219 0.161088 0.217188 0.322176
0 1.0 0.923438 0.933054 0.093750 0.133891
0 1.0 0.172656 0.175732 0.098437 0.142259
0 1.0 0.934375 0.130753 0.131250 0.127615
0 1.0 0.973437 0.964435 0.053125 0.071130
0 1.0 0.657031 0.130753 0.214062 0.202929
0 1.0 0.652344 0.189331 0.467187 0.336820
0 1.0 0.967969 0.929916 0.054688 0.140167
0 1.0 0.918750 0.963389 0.162500 0.073222
0 1.0 0.874219 0.877615 0.132812 0.244770
0 1.0 0.835938 0.916318 0.187500 0.112971
0 1.0 0.236719 0.958159 0.101562 0.062762
0 1.0 0.198437 0.946653 0.250000 0.106695
0 1.0 0.135937 0.935146 0.090625 0.129707
0 1.0 0.181250 0.957113 0.100000 0.064854
0 1.0 0.065625 0.959205 0.087500 0.073222
0 1.0 0.143750 0.960251 0.090625 0.062762
0 1.0 0.090625 0.947699 0.143750 0.104603
0 1.0 0.085156 0.962343 0.057813 0.050209
0 1.0 0.658594 0.908996 0.176563 0.156904
0 1.0 0.603125 0.925732 0.090625 0.140167
0 1.0 0.551562 0.922594 0.100000 0.142259
0 1.0 0.501563 0.911088 0.103125 0.177824
0 1.0 0.819531 0.922594 0.095312 0.154812
0 1.0 0.760938 0.911088 0.106250 0.177824
0 1.0 0.711719 0.905858 0.104688 0.188285
0 1.0 0.775000 0.958159 0.131250 0.083682
0 1.0 0.710156 0.962343 0.073438 0.075314
0 1.0 0.684375 0.952929 0.212500 0.094142
0 1.0 0.653906 0.950837 0.067187 0.098326
0 1.0 0.617188 0.959205 0.071875 0.056485
0 1.0 0.584375 0.949791 0.200000 0.100418
0 1.0 0.875781 0.939331 0.095312 0.121339
0 1.0 0.827344 0.966527 0.079687 0.058577
0 1.0 0.824219 0.950837 0.157812 0.098326
0 1.0 0.404687 0.959205 0.100000 0.081590
0 1.0 0.346875 0.932008 0.100000 0.135983
0 1.0 0.360156 0.959205 0.057813 0.048117
0 1.0 0.289062 0.945607 0.084375 0.108787
0 1.0 0.273438 0.959205 0.078125 0.056485
0 1.0 0.501563 0.947699 0.078125 0.104603
0 1.0 0.570312 0.959205 0.046875 0.048117
0 1.0 0.450781 0.948745 0.073438 0.102510
0 1.0 0.540625 0.961297 0.040625 0.039749
0 1.0 0.456250 0.960251 0.068750 0.046025
0 1.0 0.084375 0.277197 0.168750 0.554393
0 1.0 0.877344 0.741632 0.245312 0.449791
0 1.0 0.449219 0.912134 0.489063 0.175732
0 1.0 0.451562 0.138075 0.259375 0.276151