0 1.0 0.352344 0.704036 0.154688 0.430493
0 1.0 0.484375 0.606502 0.146875 0.567265
0 1.0 0.741406 0.693946 0.126562 0.455157
0 1.0 0.671094 0.644619 0.173437 0.464126
0 1.0 0.528125 0.656951 0.106250 0.479821
0 1.0 0.564063 0.594170 0.337500 0.547085
0 1.0 0.393750 0.595291 0.306250 0.145740
0 1.0 0.709375 0.607623 0.146875 0.255605
0 1.0 0.675781 0.588565 0.279687 0.145740
0 1.0 0.791406 0.640135 0.239063 0.329596
0 1.0 0.421875 0.604260 0.065625 0.114350
0 1.0 0.068750 0.655830 0.137500 0.100897
0 1.0 0.027344 0.695067 0.054688 0.228700
0 1.0 0.085156 0.660314 0.170313 0.244395
0 1.0 0.436719 0.616592 0.051562 0.215247
0 1.0 0.544531 0.608744 0.157812 0.271300
0 1.0 0.532813 0.602018 0.284375 0.136771
0 1.0 0.624219 0.597534 0.167187 0.248879
0 1.0 0.375781 0.616592 0.139063 0.237668
0 1.0 0.425000 0.614350 0.090625 0.304933
0 1.0 0.614844 0.626682 0.079687 0.248879
0 1.0 0.492969 0.607623 0.035937 0.080717
0 1.0 0.905469 0.599776 0.170313 0.226457
0 1.0 0.327344 0.647982 0.032813 0.076233
0 1.0 0.308594 0.659193 0.151562 0.282511
0 1.0 0.232813 0.684978 0.112500 0.352018
0 1.0 0.282813 0.646861 0.278125 0.145740
0 1.0 0.307031 0.651345 0.051562 0.100897
0 1.0 0.844531 0.608744 0.029687 0.065022
0 1.0 0.897656 0.227578 0.204687 0.329596
0 1.0 0.917969 0.225336 0.139063 0.199552
0 1.0 0.820312 0.242152 0.184375 0.112108
0 1.0 0.876563 0.237668 0.071875 0.197309
0 1.0 0.182031 0.665919 0.145313 0.224215
0 1.0 0.129688 0.672646 0.121875 0.327354
0 1.0 0.854688 0.244395 0.081250 0.098655
0 1.0 0.823438 0.251121 0.093750 0.278027
0 1.0 0.832812 0.247758 0.046875 0.127803
0 1.0 0.767188 0.264574 0.096875 0.273543
0 1.0 0.478125 0.651345 0.278125 0.127803
0 1.0 0.489844 0.655830 0.079687 0.105381
0 1.0 0.817187 0.237668 0.243750 0.291480
0 1.0 0.944531 0.612108 0.110937 0.170404
0 1.0 0.143750 0.655830 0.268750 0.132287
0 1.0 0.792188 0.603139 0.053125 0.067265
0 1.0 0.820312 0.635650 0.087500 0.316143
0 1.0 0.792969 0.594170 0.317188 0.147982
0 1.0 0.114062 0.662556 0.115625 0.127803
0 1.0 0.053906 0.664798 0.048438 0.073991
0 1.0 0.964844 0.637892 0.035937 0.100897
0 1.0 0.960156 0.602018 0.079687 0.082960
0 1.0 0.489844 0.544843 0.289062 0.139013
0 1.0 0.496094 0.531390 0.145313 0.139013
0 1.0 0.445312 0.530269 0.050000 0.177130
0 1.0 0.437500 0.525785 0.093750 0.271300
0 1.0 0.402344 0.607623 0.064062 0.197309
0 1.0 0.429688 0.561659 0.062500 0.091928
0 1.0 0.672656 0.548206 0.142187 0.253363
0 1.0 0.397656 0.565022 0.107813 0.161435
0 1.0 0.515625 0.549327 0.046875 0.094170
0 1.0 0.626563 0.544843 0.240625 0.130045
0 1.0 0.628125 0.544843 0.265625 0.322870
0 1.0 0.546875 0.519058 0.093750 0.163677
0 1.0 0.611719 0.561659 0.051562 0.141256
0 1.0 0.203906 0.553812 0.201563 0.134529
0 1.0 0.192969 0.558296 0.260937 0.286996
0 1.0 0.135156 0.563901 0.092188 0.289238
0 1.0 0.109375 0.544843 0.187500 0.089686
0 1.0 0.075000 0.559417 0.106250 0.235426
0 1.0 0.027344 0.563901 0.054688 0.204036
0 1.0 0.044531 0.544843 0.089063 0.071749
0 1.0 0.339062 0.575112 0.234375 0.257848
0 1.0 0.296094 0.602018 0.045312 0.159193
0 1.0 0.351562 0.553812 0.100000 0.080717
0 1.0 0.301563 0.571749 0.093750 0.206278
0 1.0 0.188281 0.563901 0.089063 0.208520
0 1.0 0.330469 0.565022 0.095312 0.139013
0 1.0 0.235937 0.604260 0.062500 0.177130
0 1.0 0.267969 0.563901 0.120313 0.163677
0 1.0 0.202344 0.597534 0.242188 0.109865
0 1.0 0.208594 0.600897 0.104688 0.116592
0 1.0 0.104688 0.600897 0.209375 0.107623
0 1.0 0.116406 0.603139 0.089063 0.103139
0 1.0 0.053125 0.597534 0.106250 0.082960
0 1.0 0.629687 0.646861 0.262500 0.177130
0 1.0 0.296875 0.647982 0.065625 0.219731
0 1.0 0.307031 0.597534 0.151562 0.109865
0 1.0 0.322656 0.606502 0.039062 0.073991
0 1.0 0.491406 0.606502 0.092188 0.114350
0 1.0 0.352344 0.605381 0.029687 0.071749
0 1.0 0.871094 0.553812 0.160938 0.206278
0 1.0 0.827344 0.563901 0.048438 0.150224
0 1.0 0.800781 0.552691 0.182812 0.230942
0 1.0 0.753125 0.594170 0.078125 0.219731
0 1.0 0.734375 0.550448 0.228125 0.168161
0 1.0 0.048438 0.604260 0.050000 0.069507
0 1.0 0.964063 0.582960 0.031250 0.085202
0 1.0 0.965625 0.549327 0.068750 0.080717
0 1.0 0.943750 0.551570 0.112500 0.121076
0 1.0 0.782813 0.550448 0.037500 0.056054
0 1.0 0.877344 0.567265 0.054688 0.156951
0 1.0 0.816406 0.557175 0.051562 0.069507
0 1.0 0.462500 0.773543 0.284375 0.134529
0 1.0 0.460938 0.732063 0.131250 0.369955
0 1.0 0.495312 0.781390 0.062500 0.096413
0 1.0 0.606250 0.715247 0.121875 0.385650
0 1.0 0.617188 0.771300 0.300000 0.134529
0 1.0 0.217188 0.771300 0.193750 0.116592
0 1.0 0.421875 0.772422 0.109375 0.141256
0 1.0 0.892188 0.766816 0.215625 0.300448
0 1.0 0.553906 0.732063 0.126562 0.253363
0 1.0 0.753125 0.772422 0.259375 0.136771
0 1.0 0.150781 0.771300 0.132812 0.130045
0 1.0 0.135937 0.752242 0.221875 0.307175
0 1.0 0.071094 0.748879 0.114062 0.300448
0 1.0 0.113281 0.769058 0.085938 0.107623
0 1.0 0.313281 0.751121 0.251563 0.134529
0 1.0 0.054688 0.763453 0.109375 0.091928
0 1.0 0.037500 0.761211 0.075000 0.244395
0 1.0 0.051562 0.767937 0.040625 0.069507
0 1.0 0.963281 0.744395 0.051562 0.165919
0 1.0 0.952344 0.709641 0.095312 0.091928
0 1.0 0.266406 0.779148 0.029687 0.056054
0 1.0 0.293750 0.758969 0.137500 0.226457
0 1.0 0.292187 0.776906 0.071875 0.091928
0 1.0 0.261719 0.733184 0.251563 0.354260
0 1.0 0.185156 0.774664 0.126562 0.199552
0 1.0 0.119531 0.816143 0.239063 0.121076
0 1.0 0.124219 0.821749 0.092188 0.100897
0 1.0 0.313281 0.810538 0.201563 0.159193
0 1.0 0.051562 0.816143 0.046875 0.076233
0 1.0 0.946094 0.761211 0.107813 0.096413
0 1.0 0.291406 0.827354 0.032813 0.062780
0 1.0 0.239844 0.799327 0.139063 0.262332
0 1.0 0.287500 0.821749 0.075000 0.096413
0 1.0 0.132812 0.815022 0.106250 0.293722
0 1.0 0.802344 0.774664 0.170313 0.266816
0 1.0 0.051562 0.811659 0.103125 0.089686
0 1.0 0.877344 0.767937 0.245312 0.136771
0 1.0 0.783594 0.776906 0.145313 0.105381
0 1.0 0.832031 0.785874 0.054688 0.087444
0 1.0 0.057031 0.711883 0.114062 0.082960
0 1.0 0.056250 0.718610 0.040625 0.060538
0 1.0 0.957812 0.655830 0.084375 0.087444
0 1.0 0.285938 0.714126 0.171875 0.100897
0 1.0 0.888281 0.658072 0.223438 0.127803
0 1.0 0.201563 0.717489 0.103125 0.107623
0 1.0 0.146875 0.713004 0.268750 0.121076
0 1.0 0.411719 0.653587 0.114062 0.145740
0 1.0 0.867969 0.656951 0.114062 0.354260
0 1.0 0.799219 0.658072 0.057813 0.069507
0 1.0 0.762500 0.650224 0.268750 0.134529
0 1.0 0.850000 0.663677 0.028125 0.062780
0 1.0 0.759375 0.704036 0.259375 0.130045
0 1.0 0.687500 0.717489 0.146875 0.125561
0 1.0 0.893750 0.713004 0.212500 0.121076
0 1.0 0.811719 0.718610 0.070312 0.069507
0 1.0 0.862500 0.725336 0.034375 0.060538
0 1.0 0.396875 0.711883 0.250000 0.118834
0 1.0 0.419531 0.723094 0.120313 0.118834
0 1.0 0.617188 0.708520 0.306250 0.125561
0 1.0 0.118750 0.717489 0.090625 0.103139
0 1.0 0.293750 0.725336 0.034375 0.060538
0 1.0 0.487500 0.721973 0.084375 0.089686
0 1.0 0.554688 0.394619 0.065625 0.125561
0 1.0 0.544531 0.348655 0.282813 0.168161
0 1.0 0.547656 0.363229 0.139063 0.161435
0 1.0 0.499219 0.400224 0.104688 0.248879
0 1.0 0.250000 0.591928 0.040625 0.107623
0 1.0 0.447656 0.372197 0.035937 0.094170
0 1.0 0.717969 0.410314 0.073438 0.174888
0 1.0 0.462500 0.364350 0.206250 0.275785
0 1.0 0.404687 0.387892 0.071875 0.183857
0 1.0 0.716406 0.345291 0.304688 0.121076
0 1.0 0.727344 0.406951 0.051562 0.109865
0 1.0 0.707812 0.359865 0.256250 0.289238
0 1.0 0.666406 0.419283 0.054688 0.107623
0 1.0 0.667969 0.360987 0.151562 0.147982
0 1.0 0.599219 0.424888 0.042188 0.091928
0 1.0 0.882812 0.402466 0.037500 0.100897
0 1.0 0.235937 0.345291 0.240625 0.170404
0 1.0 0.188281 0.359865 0.067187 0.199552
0 1.0 0.428125 0.345291 0.293750 0.139013
0 1.0 0.147656 0.372197 0.067187 0.210762
0 1.0 0.146094 0.340807 0.226562 0.165919
0 1.0 0.078125 0.391256 0.050000 0.132287
0 1.0 0.146875 0.340807 0.090625 0.089686
0 1.0 0.407031 0.358744 0.139063 0.237668
0 1.0 0.346875 0.424888 0.040625 0.100897
0 1.0 0.346094 0.382287 0.085938 0.123318
0 1.0 0.343750 0.353139 0.278125 0.181614
0 1.0 0.237500 0.364350 0.059375 0.150224
0 1.0 0.377344 0.375561 0.057813 0.096413
0 1.0 0.600000 0.362108 0.306250 0.280269
0 1.0 0.294531 0.368834 0.098437 0.168161
0 1.0 0.326562 0.376682 0.034375 0.071749
0 1.0 0.238281 0.395740 0.160938 0.190583
0 1.0 0.205469 0.390135 0.279687 0.125561
0 1.0 0.185156 0.386771 0.135937 0.208520
0 1.0 0.070312 0.386771 0.140625 0.257848
0 1.0 0.066406 0.433857 0.060937 0.136771
0 1.0 0.137500 0.393498 0.131250 0.100897
0 1.0 0.071875 0.439462 0.040625 0.089686
0 1.0 0.340625 0.475336 0.062500 0.121076
0 1.0 0.544531 0.440583 0.095312 0.226457
0 1.0 0.317188 0.414798 0.071875 0.107623
0 1.0 0.233594 0.424888 0.073438 0.181614
0 1.0 0.240625 0.429372 0.040625 0.096413
0 1.0 0.296875 0.452915 0.050000 0.107623
0 1.0 0.873437 0.394619 0.065625 0.170404
0 1.0 0.846094 0.346413 0.148438 0.096413
0 1.0 0.860938 0.347534 0.234375 0.291480
0 1.0 0.826562 0.415919 0.046875 0.118834
0 1.0 0.822656 0.352018 0.254688 0.152466
0 1.0 0.771094 0.410314 0.057813 0.143498
0 1.0 0.784375 0.410314 0.031250 0.076233
0 1.0 0.834375 0.418161 0.031250 0.073991
0 1.0 0.027344 0.456278 0.039062 0.114350
0 1.0 0.057031 0.397982 0.114062 0.073991
0 1.0 0.063281 0.404709 0.042188 0.060538
0 1.0 0.957812 0.391256 0.021875 0.060538
0 1.0 0.917188 0.360987 0.112500 0.179372
0 1.0 0.947656 0.390135 0.042188 0.085202
0 1.0 0.951562 0.362108 0.096875 0.154709
0 1.0 0.201563 0.289238 0.215625 0.125561
0 1.0 0.229687 0.310538 0.046875 0.127803
0 1.0 0.183594 0.283632 0.229687 0.266816
0 1.0 0.208594 0.308296 0.039062 0.091928
0 1.0 0.160156 0.316143 0.039062 0.103139
0 1.0 0.422656 0.288117 0.254688 0.118834
0 1.0 0.346094 0.335202 0.060937 0.154709
0 1.0 0.410156 0.294843 0.045312 0.065022
0 1.0 0.225781 0.307175 0.098437 0.255605
0 1.0 0.595313 0.341928 0.025000 0.047085
0 1.0 0.382812 0.309417 0.043750 0.080717
0 1.0 0.298438 0.335202 0.059375 0.145740
0 1.0 0.301563 0.308296 0.100000 0.168161
0 1.0 0.286719 0.289238 0.260937 0.246637
0 1.0 0.324219 0.318386 0.026562 0.058296
0 1.0 0.236719 0.076233 0.251563 0.152466
0 1.0 0.243750 0.052691 0.137500 0.105381
0 1.0 0.146094 0.043722 0.170313 0.087444
0 1.0 0.138281 0.078475 0.229687 0.156951
0 1.0 0.075000 0.071749 0.053125 0.098655
0 1.0 0.071094 0.319507 0.051562 0.136771
0 1.0 0.094531 0.056054 0.110937 0.112108
0 1.0 0.028125 0.090807 0.034375 0.078475
0 1.0 0.075000 0.031390 0.056250 0.053812
0 1.0 0.048438 0.038117 0.087500 0.076233
0 1.0 0.121875 0.030269 0.084375 0.060538
0 1.0 0.156250 0.292601 0.084375 0.091928
0 1.0 0.079687 0.311659 0.021875 0.058296
0 1.0 0.105469 0.297085 0.120313 0.163677
0 1.0 0.214062 0.033632 0.109375 0.067265
0 1.0 0.034375 0.295964 0.056250 0.139013
0 1.0 0.962500 0.266816 0.056250 0.192825
0 1.0 0.933594 0.237668 0.132812 0.107623
0 1.0 0.073438 0.298206 0.043750 0.071749
0 1.0 0.927344 0.290359 0.104688 0.154709
0 1.0 0.861719 0.286996 0.054688 0.062780
0 1.0 0.885938 0.303812 0.021875 0.051570
0 1.0 0.855469 0.290359 0.145313 0.114350
0 1.0 0.500781 0.322870 0.035937 0.071749
0 1.0 0.842187 0.317265 0.018750 0.042601
0 1.0 0.772656 0.344170 0.076563 0.177130
0 1.0 0.778125 0.283632 0.293750 0.118834
0 1.0 0.790625 0.320628 0.018750 0.044843
0 1.0 0.826562 0.341928 0.081250 0.181614
0 1.0 0.020313 0.378924 0.034375 0.112108
0 1.0 0.065625 0.339686 0.087500 0.073991
0 1.0 0.296094 0.400224 0.039062 0.105381
0 1.0 0.957031 0.331839 0.039062 0.116592
0 1.0 0.960156 0.286996 0.079687 0.089686
0 1.0 0.952344 0.303812 0.035937 0.078475
0 1.0 0.052344 0.357623 0.079687 0.132287
0 1.0 0.617188 0.300448 0.143750 0.147982
0 1.0 0.559375 0.341928 0.056250 0.105381
0 1.0 0.562500 0.310538 0.100000 0.132287
0 1.0 0.509375 0.347534 0.075000 0.156951
0 1.0 0.504687 0.293722 0.253125 0.156951
0 1.0 0.537500 0.299327 0.037500 0.060538
0 1.0 0.027344 0.368834 0.054688 0.154709
0 1.0 0.777344 0.292601 0.142187 0.154709
0 1.0 0.719531 0.338565 0.076563 0.188341
0 1.0 0.734375 0.318386 0.025000 0.053812
0 1.0 0.720313 0.293722 0.146875 0.165919
0 1.0 0.675781 0.286996 0.207813 0.107623
0 1.0 0.681250 0.326233 0.031250 0.051570
0 1.0 0.592969 0.359865 0.054688 0.109865
0 1.0 0.872656 0.331839 0.085938 0.224215
0 1.0 0.669531 0.348655 0.073438 0.145740
0 1.0 0.201563 0.498879 0.187500 0.114350
0 1.0 0.134375 0.493274 0.159375 0.201794
0 1.0 0.125000 0.489910 0.128125 0.078475
0 1.0 0.328906 0.500000 0.289062 0.116592
0 1.0 0.346094 0.470852 0.260937 0.304933
0 1.0 0.353906 0.513453 0.129688 0.156951
0 1.0 0.303906 0.561659 0.045312 0.132287
0 1.0 0.291406 0.507848 0.126562 0.078475
0 1.0 0.247656 0.538117 0.048438 0.121076
0 1.0 0.263281 0.505605 0.139063 0.163677
0 1.0 0.308594 0.510090 0.064062 0.065022
0 1.0 0.832031 0.456278 0.110937 0.087444
0 1.0 0.879687 0.456278 0.118750 0.136771
0 1.0 0.825000 0.449552 0.259375 0.118834
0 1.0 0.834375 0.495516 0.037500 0.076233
0 1.0 0.041406 0.496637 0.079687 0.060538
0 1.0 0.760156 0.521300 0.057813 0.136771
0 1.0 0.774219 0.512332 0.032813 0.073991
0 1.0 0.743750 0.448430 0.275000 0.251121
0 1.0 0.714844 0.502242 0.095312 0.197309
0 1.0 0.685156 0.447309 0.217188 0.109865
0 1.0 0.049219 0.501121 0.098437 0.145740
0 1.0 0.963281 0.496637 0.023438 0.056054
0 1.0 0.922656 0.449552 0.070312 0.069507
0 1.0 0.887500 0.477578 0.034375 0.071749
0 1.0 0.963281 0.465247 0.073438 0.114350
0 1.0 0.917188 0.465247 0.087500 0.204036
0 1.0 0.897656 0.443946 0.204687 0.264574
0 1.0 0.835938 0.454036 0.021875 0.042601
0 1.0 0.822656 0.520179 0.089063 0.251121
0 1.0 0.805469 0.492152 0.317188 0.123318
0 1.0 0.668750 0.500000 0.300000 0.139013
0 1.0 0.950781 0.504484 0.098437 0.152466
0 1.0 0.902344 0.492152 0.195312 0.109865
0 1.0 0.805469 0.494395 0.042188 0.056054
0 1.0 0.876563 0.512332 0.056250 0.145740
0 1.0 0.502344 0.489910 0.289062 0.145740
0 1.0 0.510156 0.493274 0.054688 0.098655
0 1.0 0.474219 0.480942 0.157812 0.275785
0 1.0 0.447656 0.500000 0.082812 0.089686
0 1.0 0.607031 0.511211 0.060937 0.188341
0 1.0 0.609375 0.508969 0.037500 0.107623
0 1.0 0.829688 0.512332 0.056250 0.145740
0 1.0 0.824219 0.412556 0.182812 0.139013
0 1.0 0.150000 0.448430 0.059375 0.152466
0 1.0 0.824219 0.447309 0.079687 0.159193
0 1.0 0.764844 0.459641 0.064062 0.143498
0 1.0 0.784375 0.465247 0.025000 0.060538
0 1.0 0.085156 0.457399 0.020313 0.035874
0 1.0 0.058594 0.463004 0.048438 0.056054
0 1.0 0.950781 0.451794 0.039062 0.078475
0 1.0 0.904687 0.402466 0.190625 0.118834
0 1.0 0.499219 0.394619 0.242188 0.125561
0 1.0 0.696875 0.401345 0.321875 0.121076
0 1.0 0.457813 0.419283 0.103125 0.255605
0 1.0 0.960938 0.468610 0.034375 0.089686
0 1.0 0.665625 0.458520 0.090625 0.181614
0 1.0 0.670312 0.461883 0.050000 0.098655
0 1.0 0.546094 0.437220 0.054688 0.121076
0 1.0 0.596094 0.465247 0.060937 0.145740
0 1.0 0.601562 0.465247 0.025000 0.060538
0 1.0 0.614844 0.405830 0.164062 0.161435
0 1.0 0.511719 0.438341 0.154688 0.109865
0 1.0 0.461719 0.470852 0.064062 0.156951
0 1.0 0.023438 0.486547 0.034375 0.094170
0 1.0 0.431250 0.442825 0.293750 0.136771
0 1.0 0.414844 0.489910 0.073438 0.136771
0 1.0 0.528125 0.443946 0.028125 0.058296
0 1.0 0.567969 0.457399 0.260937 0.264574
0 1.0 0.607031 0.512332 0.023438 0.065022
0 1.0 0.189844 0.443946 0.070312 0.201794
0 1.0 0.261719 0.457399 0.032813 0.044843
0 1.0 0.193750 0.450673 0.215625 0.125561
0 1.0 0.192969 0.427130 0.232813 0.275785
0 1.0 0.210938 0.455157 0.040625 0.085202
0 1.0 0.184375 0.454036 0.053125 0.056054
0 1.0 0.077344 0.480942 0.060937 0.145740
0 1.0 0.150000 0.451794 0.046875 0.056054
0 1.0 0.113281 0.450673 0.142187 0.103139
0 1.0 0.422656 0.458520 0.139063 0.190583
0 1.0 0.341406 0.540359 0.048438 0.098655
0 1.0 0.375781 0.449552 0.023438 0.047085
0 1.0 0.317969 0.447309 0.245312 0.141256
0 1.0 0.381250 0.489910 0.053125 0.087444
0 1.0 0.264844 0.464126 0.070312 0.094170
0 1.0 0.311719 0.463004 0.132812 0.091928
0 1.0 0.342969 0.488789 0.029687 0.058296
0 1.0 0.239844 0.489910 0.051562 0.123318
0 1.0 0.314063 0.457399 0.040625 0.049327
0 1.0 0.251563 0.487668 0.034375 0.073991
0 1.0 0.570312 0.646861 0.600000 0.235426
0 1.0 0.498437 0.159193 0.090625 0.255605
0 1.0 0.521094 0.126682 0.245312 0.127803
0 1.0 0.601562 0.145740 0.065625 0.152466
0 1.0 0.614844 0.124439 0.220312 0.163677
0 1.0 0.546875 0.161435 0.096875 0.273543
0 1.0 0.503906 0.141256 0.220312 0.282511
0 1.0 0.445312 0.158072 0.071875 0.217489
0 1.0 0.489844 0.128924 0.132812 0.100897
0 1.0 0.510156 0.134529 0.045312 0.085202
0 1.0 0.422656 0.130045 0.289062 0.139013
0 1.0 0.399219 0.135650 0.132812 0.271300
0 1.0 0.460156 0.136771 0.048438 0.094170
0 1.0 0.779687 0.651345 0.440625 0.226457
0 1.0 0.259375 0.649103 0.518750 0.217489
0 1.0 0.600000 0.152466 0.100000 0.264574
0 1.0 0.820312 0.126682 0.175000 0.239910
0 1.0 0.770312 0.143498 0.109375 0.286996
0 1.0 0.781250 0.121076 0.284375 0.130045
0 1.0 0.717187 0.154709 0.096875 0.246637
0 1.0 0.724219 0.155830 0.064062 0.154709
0 1.0 0.714844 0.128924 0.185938 0.217489
0 1.0 0.663281 0.162556 0.092188 0.213004
0 1.0 0.707031 0.549327 0.567187 0.210762
0 1.0 0.716406 0.603139 0.382812 0.466368
0 1.0 0.443750 0.742152 0.528125 0.246637
0 1.0 0.791406 0.751121 0.417187 0.219731
0 1.0 0.121875 0.125561 0.140625 0.098655
0 1.0 0.074219 0.158072 0.095312 0.239910
0 1.0 0.233594 0.133408 0.179688 0.226457
0 1.0 0.189062 0.192825 0.075000 0.219731
0 1.0 0.196094 0.126682 0.279687 0.127803
0 1.0 0.030469 0.183857 0.057813 0.201794
0 1.0 0.057031 0.130045 0.095312 0.071749
0 1.0 0.962500 0.105381 0.046875 0.134529
0 1.0 0.931250 0.078475 0.137500 0.130045
0 1.0 0.227344 0.848655 0.454688 0.199552
0 1.0 0.178906 0.158072 0.242188 0.316143
0 1.0 0.350781 0.161435 0.085938 0.246637
0 1.0 0.378906 0.126682 0.145313 0.105381
0 1.0 0.292969 0.177130 0.067187 0.188341
0 1.0 0.183594 0.137892 0.142187 0.190583
0 1.0 0.134375 0.180493 0.084375 0.248879
0 1.0 0.278906 0.145740 0.026562 0.058296
0 1.0 0.301563 0.145740 0.121875 0.179372
0 1.0 0.229687 0.745516 0.459375 0.217489
0 1.0 0.339062 0.181614 0.253125 0.183857
0 1.0 0.370312 0.187220 0.053125 0.109865
0 1.0 0.285938 0.188341 0.246875 0.291480
0 1.0 0.227344 0.217489 0.117188 0.318386
0 1.0 0.245312 0.182735 0.259375 0.123318
0 1.0 0.364844 0.360987 0.589063 0.219731
0 1.0 0.325000 0.209641 0.028125 0.069507
0 1.0 0.260156 0.501121 0.214062 0.558296
0 1.0 0.723437 0.352018 0.418750 0.403587
0 1.0 0.207031 0.215247 0.026562 0.062780
0 1.0 0.161719 0.186099 0.201563 0.112108
0 1.0 0.489844 0.186099 0.048438 0.103139
0 1.0 0.482031 0.371076 0.482812 0.374439
0 1.0 0.535937 0.182735 0.240625 0.118834
0 1.0 0.528125 0.190583 0.065625 0.089686
0 1.0 0.828125 0.141256 0.084375 0.219731
0 1.0 0.364063 0.470852 0.418750 0.426009
0 1.0 0.057031 0.187220 0.064062 0.065022
0 1.0 0.050781 0.195067 0.073438 0.139013
0 1.0 0.962500 0.161435 0.062500 0.228700
0 1.0 0.948438 0.124439 0.103125 0.100897
0 1.0 0.277344 0.553812 0.554688 0.206278
0 1.0 0.271094 0.591928 0.382812 0.434978
0 1.0 0.871875 0.137892 0.109375 0.239910
0 1.0 0.898438 0.122197 0.203125 0.172646
0 1.0 0.836719 0.122197 0.073438 0.078475
0 1.0 0.103125 0.182735 0.196875 0.150224
0 1.0 0.137500 0.184978 0.112500 0.087444
0 1.0 0.246094 0.450673 0.492188 0.206278
0 1.0 0.840625 0.036996 0.162500 0.073991
0 1.0 0.831250 0.058296 0.040625 0.076233
0 1.0 0.822656 0.063901 0.060937 0.127803
0 1.0 0.772656 0.067265 0.064062 0.134529
0 1.0 0.784375 0.056054 0.037500 0.076233
0 1.0 0.719531 0.066143 0.057813 0.123318
0 1.0 0.728906 0.060538 0.042188 0.076233
0 1.0 0.742188 0.042601 0.137500 0.085202
0 1.0 0.499219 0.880045 0.789062 0.239910
0 1.0 0.661719 0.068386 0.057813 0.118834
0 1.0 0.930469 0.053812 0.076563 0.107623
0 1.0 0.904687 0.044843 0.162500 0.089686
0 1.0 0.868750 0.053812 0.065625 0.107623
0 1.0 0.517188 0.381166 0.309375 0.708520
0 1.0 0.691406 0.350897 0.282813 0.701794
0 1.0 0.537500 0.514574 0.834375 0.437220
0 1.0 0.310156 0.050448 0.076563 0.096413
0 1.0 0.232031 0.063901 0.064062 0.127803
0 1.0 0.189062 0.075112 0.059375 0.127803
0 1.0 0.749219 0.878924 0.501563 0.242152
0 1.0 0.396875 0.088565 0.081250 0.177130
0 1.0 0.419531 0.031390 0.198437 0.062780
0 1.0 0.403125 0.082960 0.225000 0.165919
0 1.0 0.468750 0.056054 0.090625 0.112108
0 1.0 0.136719 0.061659 0.064062 0.096413
0 1.0 0.167969 0.031390 0.098437 0.062780
0 1.0 0.182031 0.298206 0.117188 0.215247
0 1.0 0.270313 0.031390 0.096875 0.062780
0 1.0 0.440625 0.068386 0.090625 0.136771
0 1.0 0.700781 0.032511 0.120313 0.065022
0 1.0 0.664062 0.078475 0.234375 0.156951
0 1.0 0.671094 0.054933 0.114062 0.109865
0 1.0 0.642188 0.030269 0.090625 0.060538
0 1.0 0.608594 0.054933 0.045312 0.087444
0 1.0 0.617188 0.043722 0.171875 0.087444
0 1.0 0.552344 0.066143 0.064062 0.132287
0 1.0 0.576562 0.031390 0.103125 0.062780
0 1.0 0.499219 0.188341 0.998437 0.376682
0 1.0 0.347656 0.065022 0.060937 0.130045
0 1.0 0.313281 0.030269 0.039062 0.047085
0 1.0 0.518750 0.029148 0.040625 0.044843
0 1.0 0.556250 0.079596 0.234375 0.159193
0 1.0 0.502344 0.086323 0.070312 0.172646
0 1.0 0.530469 0.031390 0.139063 0.062780
0 1.0 0.443750 0.081839 0.043750 0.105381
0 1.0 0.487500 0.080717 0.140625 0.094170
0 1.0 0.669531 0.106502 0.073438 0.136771
0 1.0 0.269531 0.922646 0.539062 0.154709
0 1.0 0.867188 0.072870 0.115625 0.100897
0 1.0 0.830469 0.071749 0.254688 0.130045
0 1.0 0.059375 0.080717 0.109375 0.080717
0 1.0 0.035156 0.122197 0.070312 0.177130
0 1.0 0.071875 0.106502 0.143750 0.213004
0 1.0 0.114062 0.082960 0.115625 0.107623
0 1.0 0.952344 0.056054 0.045312 0.071749
0 1.0 0.749219 0.121076 0.501563 0.242152
0 1.0 0.283594 0.087444 0.032813 0.058296
0 1.0 0.253906 0.123318 0.507812 0.246637
0 1.0 0.829688 0.922646 0.340625 0.154709
0 1.0 0.378906 0.077354 0.107813 0.087444
0 1.0 0.078125 0.904709 0.109375 0.190583
0 1.0 0.029687 0.905830 0.059375 0.188341
0 1.0 0.054688 0.918161 0.109375 0.078475
0 1.0 0.292187 0.912556 0.228125 0.107623
0 1.0 0.306250 0.914798 0.109375 0.103139
0 1.0 0.957812 0.893498 0.043750 0.082960
0 1.0 0.945312 0.872197 0.109375 0.112108
0 1.0 0.918750 0.863229 0.162500 0.251121
0 1.0 0.242188 0.914798 0.084375 0.170404
0 1.0 0.231250 0.893498 0.243750 0.213004
0 1.0 0.184375 0.905830 0.081250 0.188341
0 1.0 0.205469 0.913677 0.201563 0.096413
0 1.0 0.118750 0.917040 0.146875 0.085202
0 1.0 0.462500 0.913677 0.215625 0.127803
0 1.0 0.386719 0.884529 0.114062 0.230942
0 1.0 0.139844 0.889013 0.242188 0.221973
0 1.0 0.764844 0.856502 0.210938 0.156951
0 1.0 0.962500 0.876682 0.025000 0.058296
0 1.0 0.712500 0.825112 0.225000 0.228700
0 1.0 0.881250 0.868834 0.237500 0.118834
0 1.0 0.671094 0.839686 0.042188 0.087444
0 1.0 0.682813 0.854260 0.034375 0.062780
0 1.0 0.703125 0.862108 0.134375 0.091928
0 1.0 0.608594 0.832960 0.045312 0.114350
0 1.0 0.635938 0.864350 0.306250 0.114350
0 1.0 0.613281 0.849776 0.029687 0.071749
0 1.0 0.878906 0.841928 0.054688 0.100897
0 1.0 0.756250 0.806054 0.109375 0.177130
0 1.0 0.817187 0.823991 0.053125 0.114350
0 1.0 0.141406 0.903587 0.104688 0.192825
0 1.0 0.721875 0.876682 0.109375 0.246637
0 1.0 0.964844 0.937220 0.051562 0.125561
0 1.0 0.934375 0.919283 0.131250 0.098655
0 1.0 0.664062 0.891256 0.100000 0.217489
0 1.0 0.671875 0.913677 0.278125 0.123318
0 1.0 0.603906 0.891256 0.098437 0.217489
0 1.0 0.869531 0.895740 0.104688 0.208520
0 1.0 0.833594 0.918161 0.204687 0.096413
0 1.0 0.196094 0.963004 0.051562 0.051570
0 1.0 0.164062 0.956278 0.118750 0.087444
0 1.0 0.818750 0.899103 0.090625 0.174888
0 1.0 0.400781 0.893498 0.260937 0.213004
0 1.0 0.342969 0.865471 0.117188 0.269058
0 1.0 0.293750 0.895740 0.106250 0.208520
0 1.0 0.549219 0.887892 0.107813 0.224215
0 1.0 0.571094 0.913677 0.289062 0.105381
0 1.0 0.497656 0.877803 0.110937 0.244395
0 1.0 0.501563 0.889013 0.250000 0.221973
0 1.0 0.446875 0.899103 0.090625 0.201794
0 1.0 0.050781 0.864350 0.101562 0.073991
0 1.0 0.061719 0.871076 0.042188 0.065022
0 1.0 0.672656 0.797085 0.101562 0.213004
0 1.0 0.213281 0.867713 0.123438 0.107623
0 1.0 0.805469 0.816143 0.279687 0.147982
0 1.0 0.141406 0.829596 0.045312 0.121076
0 1.0 0.492188 0.823991 0.065625 0.109865
0 1.0 0.403125 0.819507 0.275000 0.145740
0 1.0 0.385156 0.784753 0.160938 0.286996
0 1.0 0.604688 0.781390 0.096875 0.213004
0 1.0 0.630469 0.821749 0.220312 0.181614
0 1.0 0.241406 0.823991 0.220312 0.118834
0 1.0 0.561719 0.819507 0.232813 0.136771
0 1.0 0.491406 0.830717 0.185938 0.172646
0 1.0 0.390625 0.803812 0.068750 0.213004
0 1.0 0.452344 0.882287 0.064062 0.087444
0 1.0 0.328906 0.875561 0.245312 0.141256
0 1.0 0.547656 0.817265 0.060937 0.186099
0 1.0 0.819531 0.869955 0.064062 0.071749
0 1.0 0.577344 0.873318 0.126562 0.109865
0 1.0 0.522656 0.875561 0.129688 0.114350
0 1.0 0.456250 0.820628 0.040625 0.112108
0 1.0 0.081250 0.836323 0.053125 0.130045
0 1.0 0.121875 0.866592 0.184375 0.091928
0 1.0 0.136719 0.869955 0.070312 0.080717
0 1.0 0.025000 0.838565 0.046875 0.156951
0 1.0 0.329688 0.878924 0.031250 0.058296
0 1.0 0.052344 0.865471 0.104688 0.170404
0 1.0 0.964063 0.858744 0.050000 0.152466
0 1.0 0.941406 0.812780 0.117188 0.100897
0 1.0 0.242188 0.841928 0.053125 0.127803
0 1.0 0.252344 0.864350 0.042188 0.091928
0 1.0 0.297656 0.867713 0.064062 0.089686
0 1.0 0.190625 0.848655 0.062500 0.132287
0 1.0 0.504687 0.881166 0.046875 0.067265
0 1.0 0.543750 0.143498 0.600000 0.228700
0 1.0 0.246094 0.241031 0.170313 0.154709
0 1.0 0.187500 0.291480 0.062500 0.170404
0 1.0 0.942969 0.184978 0.114062 0.105381
0 1.0 0.888281 0.184978 0.223438 0.136771
0 1.0 0.067969 0.254484 0.064062 0.208520
0 1.0 0.125000 0.239910 0.225000 0.121076
0 1.0 0.502344 0.238789 0.179688 0.230942
0 1.0 0.442188 0.291480 0.053125 0.156951
0 1.0 0.510156 0.241031 0.057813 0.091928
0 1.0 0.394531 0.248879 0.098437 0.269058
0 1.0 0.421875 0.238789 0.315625 0.136771
0 1.0 0.450000 0.244395 0.075000 0.098655
0 1.0 0.400781 0.235426 0.242188 0.291480
0 1.0 0.440625 0.266816 0.112500 0.215247
0 1.0 0.143750 0.276906 0.075000 0.208520
0 1.0 0.347656 0.248879 0.110937 0.224215
0 1.0 0.270313 0.254484 0.031250 0.065022
0 1.0 0.632812 0.184978 0.175000 0.109865
0 1.0 0.596094 0.213004 0.067187 0.152466
0 1.0 0.732031 0.184978 0.279687 0.127803
0 1.0 0.532813 0.258969 0.578125 0.226457
0 1.0 0.179688 0.334081 0.359375 0.412556
0 1.0 0.729688 0.248879 0.540625 0.215247
0 1.0 0.756250 0.262332 0.240625 0.479821
0 1.0 0.660156 0.180493 0.251563 0.302691
0 1.0 0.835938 0.187220 0.087500 0.078475
0 1.0 0.066406 0.238789 0.132812 0.100897
0 1.0 0.038281 0.248879 0.076563 0.224215
0 1.0 0.055469 0.243274 0.054688 0.082960
0 1.0 0.353125 0.260090 0.418750 0.426009
0 1.0 0.271875 0.252242 0.543750 0.221973
0 1.0 0.664844 0.938341 0.079687 0.123318
0 1.0 0.697656 0.960762 0.064062 0.051570
0 1.0 0.406250 0.951794 0.115625 0.096413
0 1.0 0.344531 0.926009 0.079687 0.147982
0 1.0 0.385156 0.959641 0.023438 0.035874
0 1.0 0.346094 0.952915 0.132812 0.089686
0 1.0 0.326562 0.960762 0.034375 0.042601
0 1.0 0.589063 0.958520 0.050000 0.047085
0 1.0 0.564844 0.951794 0.123438 0.087444
0 1.0 0.880469 0.951794 0.129688 0.096413
0 1.0 0.824219 0.958520 0.123438 0.069507
0 1.0 0.809375 0.949552 0.196875 0.100897
0 1.0 0.539844 0.957399 0.045312 0.044843
0 1.0 0.720313 0.943946 0.146875 0.112108
0 1.0 0.515625 0.955157 0.109375 0.089686
0 1.0 0.449219 0.937220 0.064062 0.125561
0 1.0 0.508594 0.955157 0.042188 0.044843
0 1.0 0.118750 0.959641 0.103125 0.080717
0 1.0 0.056250 0.966368 0.056250 0.053812
0 1.0 0.305469 0.956278 0.085938 0.087444
0 1.0 0.301563 0.960762 0.034375 0.042601
0 1.0 0.259375 0.952915 0.140625 0.094170
0 1.0 0.249219 0.960762 0.048438 0.051570
0 1.0 0.456250 0.956278 0.075000 0.056054
0 1.0 0.078125 0.940583 0.075000 0.118834
0 1.0 0.143750 0.964126 0.065625 0.053812
0 1.0 0.717187 0.243274 0.234375 0.275785
0 1.0 0.663281 0.270179 0.085938 0.213004
0 1.0 0.667188 0.236547 0.300000 0.127803
0 1.0 0.671094 0.257848 0.057813 0.116592
0 1.0 0.596875 0.279148 0.075000 0.186099
0 1.0 0.932031 0.966368 0.101562 0.062780
0 1.0 0.599219 0.273543 0.048438 0.107623
0 1.0 0.608594 0.248879 0.185938 0.206278
0 1.0 0.542969 0.236547 0.310937 0.132287
0 1.0 0.454688 0.075112 0.609375 0.150224
0 1.0 0.725781 0.247758 0.054688 0.136771
0 1.0 0.741406 0.959641 0.076563 0.058296
0 1.0 0.670312 0.954036 0.150000 0.091928
0 1.0 0.664062 0.959641 0.043750 0.044843
0 1.0 0.617188 0.954036 0.106250 0.091928
0 1.0 0.858594 0.963004 0.042188 0.042601
0 1.0 0.778906 0.257848 0.054688 0.134529
0 1.0 0.715625 0.261211 0.100000 0.293722
0 1.0 0.761719 0.913677 0.098437 0.172646
0 1.0 0.771875 0.958520 0.112500 0.069507
0 1.0 0.749219 0.512332 0.192188 0.567265
0 1.0 0.073438 0.729821 0.146875 0.540359
0 1.0 0.846094 0.643498 0.210938 0.529148
0 1.0 0.632031 0.727578 0.423438 0.289238
0 1.0 0.438281 0.672646 0.376563 0.475336
0 1.0 0.143750 0.575112 0.193750 0.549327
0 1.0 0.451562 0.816143 0.203125 0.367713
0 1.0 0.649219 0.813901 0.204687 0.372197
0 1.0 0.621094 0.727578 0.757812 0.544843
0 1.0 0.481250 0.711883 0.225000 0.163677
0 1.0 0.349219 0.812780 0.323437 0.316143
0 1.0 0.749219 0.780269 0.226562 0.439462
0 1.0 0.545312 0.771300 0.203125 0.457399
0 1.0 0.085156 0.242152 0.170313 0.484305
0 1.0 0.332031 0.670404 0.664062 0.659193
0 1.0 0.671094 0.323991 0.657813 0.647982
0 1.0 0.825000 0.538117 0.350000 0.896861
0 1.0 0.830469 0.449552 0.304688 0.352018
0 1.0 0.075781 0.475336 0.151562 0.623318
0 1.0 0.844531 0.835202 0.210938 0.329596
0 1.0 0.913281 0.575112 0.173437 0.491031
0 1.0 0.249219 0.442825 0.439063 0.885650
0 1.0 0.174219 0.695067 0.348438 0.488789