0 1.0 0.487500 0.500000 0.775000 1.000000
0 1.0 0.899219 0.556511 0.201563 0.154791
0 1.0 0.878906 0.555283 0.092188 0.201474
0 1.0 0.802344 0.555283 0.070312 0.078624
0 1.0 0.821875 0.560197 0.131250 0.113022
0 1.0 0.849219 0.544226 0.260937 0.262899
0 1.0 0.831250 0.573710 0.062500 0.115479
0 1.0 0.784375 0.550369 0.284375 0.117936
0 1.0 0.071094 0.628993 0.126562 0.285012
0 1.0 0.113281 0.605651 0.226562 0.130221
0 1.0 0.103125 0.609337 0.103125 0.117936
0 1.0 0.038281 0.622850 0.076563 0.223587
0 1.0 0.066406 0.608108 0.060937 0.085995
0 1.0 0.766406 0.572482 0.110937 0.216216
0 1.0 0.959375 0.601966 0.040625 0.132678
0 1.0 0.953906 0.550369 0.092188 0.098280
0 1.0 0.920312 0.544226 0.106250 0.346437
0 1.0 0.543750 0.539312 0.121875 0.371007
0 1.0 0.535937 0.549140 0.228125 0.115479
0 1.0 0.499219 0.567568 0.095312 0.289926
0 1.0 0.445312 0.573710 0.093750 0.233415
0 1.0 0.465625 0.547912 0.159375 0.103194
0 1.0 0.430469 0.539312 0.242188 0.336609
0 1.0 0.384375 0.547912 0.334375 0.147420
0 1.0 0.776563 0.566339 0.078125 0.120393
0 1.0 0.709375 0.567568 0.121875 0.245700
0 1.0 0.716406 0.570025 0.295312 0.245700
0 1.0 0.606250 0.549140 0.200000 0.213759
0 1.0 0.666406 0.546683 0.223438 0.105651
0 1.0 0.664844 0.558968 0.089063 0.154791
0 1.0 0.610938 0.611794 0.109375 0.245700
0 1.0 0.508594 0.598280 0.254688 0.125307
0 1.0 0.129688 0.631450 0.106250 0.265356
0 1.0 0.535937 0.599509 0.103125 0.113022
0 1.0 0.558594 0.601966 0.242188 0.329238
0 1.0 0.483594 0.597052 0.089063 0.103194
0 1.0 0.728906 0.595823 0.254688 0.120393
0 1.0 0.657813 0.619165 0.140625 0.309582
0 1.0 0.288281 0.581081 0.270313 0.336609
0 1.0 0.232813 0.601966 0.268750 0.122850
0 1.0 0.267188 0.600737 0.059375 0.081081
0 1.0 0.234375 0.587224 0.193750 0.235872
0 1.0 0.185156 0.635135 0.110937 0.277641
0 1.0 0.436719 0.603194 0.201563 0.100737
0 1.0 0.489844 0.606880 0.035937 0.063882
0 1.0 0.446094 0.608108 0.167187 0.238329
0 1.0 0.395313 0.600737 0.112500 0.282555
0 1.0 0.442188 0.609337 0.062500 0.083538
0 1.0 0.289062 0.606880 0.031250 0.049140
0 1.0 0.342187 0.606880 0.131250 0.294840
0 1.0 0.339062 0.601966 0.159375 0.127764
0 1.0 0.517188 0.498771 0.134375 0.117936
0 1.0 0.496875 0.480344 0.218750 0.336609
0 1.0 0.459375 0.502457 0.181250 0.100737
0 1.0 0.494531 0.506143 0.070312 0.088452
0 1.0 0.343750 0.549140 0.162500 0.115479
0 1.0 0.407031 0.498771 0.145313 0.137592
0 1.0 0.356250 0.486486 0.306250 0.348894
0 1.0 0.675781 0.498771 0.192188 0.078624
0 1.0 0.668750 0.509828 0.065625 0.115479
0 1.0 0.654687 0.485258 0.281250 0.302211
0 1.0 0.592969 0.482801 0.117188 0.272727
0 1.0 0.121875 0.498771 0.156250 0.319410
0 1.0 0.130469 0.497543 0.235937 0.174447
0 1.0 0.035937 0.517199 0.071875 0.257985
0 1.0 0.055469 0.501229 0.110937 0.078624
0 1.0 0.959375 0.480344 0.037500 0.110565
0 1.0 0.947656 0.452088 0.104688 0.083538
0 1.0 0.288281 0.517199 0.101562 0.233415
0 1.0 0.251563 0.496314 0.237500 0.127764
0 1.0 0.273438 0.496314 0.081250 0.103194
0 1.0 0.182812 0.525799 0.109375 0.299754
0 1.0 0.239844 0.507371 0.154688 0.277641
0 1.0 0.143750 0.558968 0.209375 0.120393
0 1.0 0.419531 0.549140 0.126562 0.135135
0 1.0 0.269531 0.549140 0.245312 0.130221
0 1.0 0.298438 0.550369 0.065625 0.093366
0 1.0 0.817969 0.501229 0.289062 0.122850
0 1.0 0.830469 0.534398 0.054688 0.105651
0 1.0 0.049219 0.554054 0.098437 0.076167
0 1.0 0.781250 0.481572 0.284375 0.275184
0 1.0 0.718750 0.517199 0.075000 0.120393
0 1.0 0.778906 0.522113 0.067187 0.115479
0 1.0 0.959375 0.549140 0.037500 0.120393
0 1.0 0.939844 0.501229 0.120313 0.098280
0 1.0 0.802344 0.502457 0.054688 0.066339
0 1.0 0.824219 0.506143 0.095312 0.093366
0 1.0 0.767969 0.708845 0.135937 0.257985
0 1.0 0.054688 0.761671 0.109375 0.289926
0 1.0 0.707031 0.692875 0.135937 0.299754
0 1.0 0.721875 0.710074 0.259375 0.142506
0 1.0 0.712500 0.712531 0.275000 0.373464
0 1.0 0.850000 0.599509 0.068750 0.078624
0 1.0 0.682813 0.711302 0.109375 0.120393
0 1.0 0.603125 0.708845 0.143750 0.415233
0 1.0 0.597656 0.713759 0.135937 0.105651
0 1.0 0.878125 0.708845 0.106250 0.326781
0 1.0 0.922656 0.738329 0.107813 0.454545
0 1.0 0.875781 0.711302 0.248438 0.130221
0 1.0 0.889844 0.724816 0.220312 0.353808
0 1.0 0.162500 0.772727 0.225000 0.361179
0 1.0 0.792969 0.714988 0.107813 0.093366
0 1.0 0.814844 0.706388 0.126562 0.326781
0 1.0 0.854688 0.723587 0.040625 0.076167
0 1.0 0.378125 0.711302 0.321875 0.159705
0 1.0 0.389062 0.722359 0.175000 0.250614
0 1.0 0.409375 0.721130 0.121875 0.144963
0 1.0 0.286719 0.730958 0.120313 0.267813
0 1.0 0.260937 0.711302 0.300000 0.149877
0 1.0 0.314063 0.719902 0.053125 0.088452
0 1.0 0.307031 0.726044 0.270313 0.292383
0 1.0 0.227344 0.718673 0.132812 0.316953
0 1.0 0.542969 0.703931 0.110937 0.385749
0 1.0 0.507812 0.713759 0.171875 0.115479
0 1.0 0.544531 0.722359 0.054688 0.093366
0 1.0 0.489844 0.712531 0.089063 0.270270
0 1.0 0.485938 0.727273 0.087500 0.103194
0 1.0 0.482812 0.714988 0.234375 0.329238
0 1.0 0.496094 0.777641 0.139063 0.189189
0 1.0 0.453125 0.743243 0.084375 0.169533
0 1.0 0.431250 0.767813 0.240625 0.130221
0 1.0 0.475000 0.773956 0.056250 0.083538
0 1.0 0.948438 0.712531 0.103125 0.186732
0 1.0 0.421875 0.759214 0.093750 0.117936
0 1.0 0.672656 0.772727 0.104688 0.120393
0 1.0 0.666406 0.780098 0.182812 0.233415
0 1.0 0.575781 0.766585 0.135937 0.103194
0 1.0 0.556250 0.775184 0.065625 0.095823
0 1.0 0.546875 0.771499 0.246875 0.358722
0 1.0 0.560156 0.775184 0.129688 0.199017
0 1.0 0.486719 0.776413 0.101562 0.103194
0 1.0 0.120313 0.765356 0.240625 0.120393
0 1.0 0.136719 0.775184 0.073438 0.095823
0 1.0 0.076563 0.767813 0.034375 0.061425
0 1.0 0.057031 0.760442 0.114062 0.081081
0 1.0 0.270313 0.765356 0.300000 0.135135
0 1.0 0.318750 0.775184 0.043750 0.071253
0 1.0 0.266406 0.770270 0.085938 0.110565
0 1.0 0.188281 0.765356 0.145313 0.144963
0 1.0 0.335938 0.671990 0.228125 0.159705
0 1.0 0.301563 0.675676 0.046875 0.068796
0 1.0 0.242188 0.660934 0.300000 0.137592
0 1.0 0.274219 0.665848 0.073438 0.098280
0 1.0 0.458594 0.662162 0.220312 0.120393
0 1.0 0.483594 0.670762 0.092188 0.113022
0 1.0 0.453125 0.663391 0.093750 0.250614
0 1.0 0.427344 0.674447 0.098437 0.120393
0 1.0 0.479687 0.676904 0.043750 0.076167
0 1.0 0.953906 0.603194 0.092188 0.090909
0 1.0 0.877344 0.601966 0.245312 0.122850
0 1.0 0.814844 0.599509 0.067187 0.068796
0 1.0 0.920312 0.453317 0.159375 0.140049
0 1.0 0.140625 0.653563 0.250000 0.142506
0 1.0 0.110937 0.657248 0.100000 0.130221
0 1.0 0.058594 0.648649 0.117188 0.093366
0 1.0 0.066406 0.653563 0.048438 0.078624
0 1.0 0.060156 0.705160 0.120313 0.088452
0 1.0 0.065625 0.707617 0.037500 0.063882
0 1.0 0.960938 0.702703 0.046875 0.191646
0 1.0 0.951562 0.653563 0.096875 0.098280
0 1.0 0.877344 0.653563 0.245312 0.127764
0 1.0 0.266406 0.717445 0.092188 0.122850
0 1.0 0.152344 0.706388 0.204687 0.130221
0 1.0 0.168750 0.706388 0.093750 0.125307
0 1.0 0.144531 0.717445 0.057813 0.088452
0 1.0 0.672656 0.651106 0.245312 0.127764
0 1.0 0.810937 0.654791 0.078125 0.076167
0 1.0 0.535937 0.668305 0.084375 0.108108
0 1.0 0.562500 0.656020 0.131250 0.206388
0 1.0 0.852344 0.659705 0.070312 0.085995
0 1.0 0.764844 0.654791 0.276562 0.179361
0 1.0 0.242969 0.272727 0.176563 0.206388
0 1.0 0.181250 0.307125 0.118750 0.255528
0 1.0 0.178906 0.287469 0.270313 0.289926
0 1.0 0.201563 0.283784 0.071875 0.110565
0 1.0 0.159375 0.281327 0.190625 0.110565
0 1.0 0.917188 0.423833 0.125000 0.326781
0 1.0 0.068750 0.303440 0.118750 0.282555
0 1.0 0.074219 0.282555 0.067187 0.137592
0 1.0 0.135156 0.282555 0.098437 0.176904
0 1.0 0.442969 0.278870 0.089063 0.090909
0 1.0 0.392188 0.276413 0.290625 0.312039
0 1.0 0.410156 0.276413 0.120313 0.149877
0 1.0 0.341406 0.299754 0.089063 0.201474
0 1.0 0.378906 0.280098 0.151562 0.093366
0 1.0 0.346875 0.272727 0.287500 0.147420
0 1.0 0.303125 0.281327 0.071875 0.115479
0 1.0 0.235937 0.275184 0.306250 0.132678
0 1.0 0.246094 0.272727 0.089063 0.171990
0 1.0 0.877344 0.221130 0.214062 0.393120
0 1.0 0.814063 0.222359 0.115625 0.400491
0 1.0 0.830469 0.235872 0.270313 0.132678
0 1.0 0.768750 0.211302 0.134375 0.393120
0 1.0 0.031250 0.313268 0.062500 0.218673
0 1.0 0.700000 0.221130 0.143750 0.393120
0 1.0 0.697656 0.233415 0.279687 0.142506
0 1.0 0.955469 0.233415 0.089063 0.358722
0 1.0 0.943750 0.232187 0.112500 0.120393
0 1.0 0.859375 0.237101 0.081250 0.115479
0 1.0 0.898438 0.288698 0.203125 0.159705
0 1.0 0.874219 0.269042 0.120313 0.366093
0 1.0 0.849219 0.288698 0.064062 0.071253
0 1.0 0.854688 0.291155 0.106250 0.105651
0 1.0 0.828906 0.270270 0.051562 0.157248
0 1.0 0.746875 0.291155 0.240625 0.120393
0 1.0 0.776563 0.265356 0.087500 0.226044
0 1.0 0.135156 0.334152 0.148438 0.103194
0 1.0 0.066406 0.332924 0.104688 0.085995
0 1.0 0.949219 0.287469 0.101562 0.108108
0 1.0 0.524219 0.287469 0.151562 0.098280
0 1.0 0.546875 0.267813 0.140625 0.358722
0 1.0 0.460938 0.285012 0.093750 0.265356
0 1.0 0.521094 0.296069 0.051562 0.061425
0 1.0 0.489844 0.285012 0.054688 0.103194
0 1.0 0.740625 0.291155 0.256250 0.341523
0 1.0 0.709375 0.270270 0.084375 0.181818
0 1.0 0.682031 0.298526 0.232813 0.164619
0 1.0 0.595313 0.283784 0.206250 0.130221
0 1.0 0.602344 0.269042 0.173437 0.282555
0 1.0 0.759375 0.175676 0.306250 0.144963
0 1.0 0.648438 0.176904 0.159375 0.353808
0 1.0 0.596094 0.189189 0.126562 0.304668
0 1.0 0.896875 0.176904 0.206250 0.137592
0 1.0 0.867969 0.181818 0.101562 0.098280
0 1.0 0.025000 0.056511 0.050000 0.113022
0 1.0 0.068750 0.027027 0.075000 0.054054
0 1.0 0.049219 0.039312 0.098437 0.078624
0 1.0 0.069531 0.072482 0.139063 0.144963
0 1.0 0.527344 0.748157 0.945312 0.464373
0 1.0 0.620313 0.176904 0.300000 0.171990
0 1.0 0.753125 0.500000 0.456250 1.000000
0 1.0 0.510938 0.261671 0.978125 0.488943
0 1.0 0.512500 0.179361 0.140625 0.294840
0 1.0 0.517969 0.180590 0.282813 0.154791
0 1.0 0.122656 0.049140 0.220312 0.098280
0 1.0 0.112500 0.030713 0.100000 0.061425
0 1.0 0.468750 0.235872 0.240625 0.132678
0 1.0 0.500000 0.240786 0.056250 0.083538
0 1.0 0.458594 0.218673 0.229687 0.289926
0 1.0 0.429688 0.230958 0.115625 0.117936
0 1.0 0.403125 0.222359 0.200000 0.199017
0 1.0 0.341406 0.232187 0.151562 0.223587
0 1.0 0.546875 0.235872 0.140625 0.142506
0 1.0 0.132031 0.238329 0.176563 0.211302
0 1.0 0.061719 0.244472 0.123438 0.090909
0 1.0 0.039844 0.243243 0.079687 0.221130
0 1.0 0.289844 0.248157 0.104688 0.201474
0 1.0 0.057031 0.444717 0.057813 0.063882
0 1.0 0.040625 0.444717 0.081250 0.103194
0 1.0 0.076563 0.450860 0.153125 0.297297
0 1.0 0.957812 0.433661 0.053125 0.189189
0 1.0 0.125781 0.337838 0.182812 0.257985
0 1.0 0.945312 0.402948 0.109375 0.191646
0 1.0 0.882031 0.399263 0.235937 0.125307
0 1.0 0.249219 0.486486 0.092188 0.171990
0 1.0 0.262500 0.463145 0.265625 0.307125
0 1.0 0.217188 0.452088 0.128125 0.098280
0 1.0 0.183594 0.445946 0.254688 0.159705
0 1.0 0.106250 0.444717 0.209375 0.142506
0 1.0 0.156250 0.447174 0.131250 0.098280
0 1.0 0.696875 0.385749 0.259375 0.186732
0 1.0 0.664062 0.378378 0.106250 0.162162
0 1.0 0.591406 0.383292 0.076563 0.162162
0 1.0 0.607031 0.396806 0.245312 0.179361
0 1.0 0.589844 0.371007 0.110937 0.255528
0 1.0 0.871875 0.402948 0.100000 0.275184
0 1.0 0.808594 0.401720 0.139063 0.105651
0 1.0 0.875781 0.414005 0.057813 0.159705
0 1.0 0.858594 0.383292 0.239063 0.324324
0 1.0 0.820312 0.421376 0.084375 0.189189
0 1.0 0.828125 0.428747 0.043750 0.100737
0 1.0 0.710938 0.396806 0.090625 0.140049
0 1.0 0.810156 0.395577 0.182812 0.211302
0 1.0 0.774219 0.407862 0.070312 0.132678
0 1.0 0.771875 0.447174 0.187500 0.093366
0 1.0 0.778906 0.464373 0.048438 0.093366
0 1.0 0.714063 0.455774 0.087500 0.149877
0 1.0 0.740625 0.447174 0.100000 0.073710
0 1.0 0.279687 0.447174 0.131250 0.098280
0 1.0 0.664062 0.445946 0.100000 0.179361
0 1.0 0.682031 0.448403 0.157812 0.081081
0 1.0 0.667188 0.443489 0.059375 0.090909
0 1.0 0.769531 0.461916 0.092188 0.181818
0 1.0 0.882031 0.464373 0.051562 0.117936
0 1.0 0.826562 0.487715 0.034375 0.066339
0 1.0 0.796094 0.454545 0.020313 0.044226
0 1.0 0.393750 0.471744 0.109375 0.280098
0 1.0 0.378125 0.443489 0.334375 0.154791
0 1.0 0.345313 0.471744 0.106250 0.270270
0 1.0 0.341406 0.444717 0.073438 0.093366
0 1.0 0.589063 0.433661 0.068750 0.125307
0 1.0 0.276562 0.447174 0.237500 0.132678
0 1.0 0.310937 0.468059 0.118750 0.169533
0 1.0 0.549219 0.418919 0.132812 0.272727
0 1.0 0.572656 0.447174 0.148438 0.108108
0 1.0 0.468750 0.463145 0.081250 0.120393
0 1.0 0.539844 0.447174 0.095312 0.073710
0 1.0 0.443750 0.490172 0.059375 0.125307
0 1.0 0.493750 0.455774 0.043750 0.061425
0 1.0 0.508594 0.445946 0.104688 0.228501
0 1.0 0.560937 0.350123 0.284375 0.130221
0 1.0 0.768750 0.340295 0.121875 0.272727
0 1.0 0.704688 0.346437 0.137500 0.235872
0 1.0 0.657813 0.303440 0.165625 0.366093
0 1.0 0.292969 0.336609 0.260937 0.319410
0 1.0 0.307031 0.342752 0.089063 0.154791
0 1.0 0.254688 0.334152 0.321875 0.132678
0 1.0 0.453125 0.313268 0.043750 0.120393
0 1.0 0.486719 0.343980 0.135937 0.103194
0 1.0 0.471875 0.342752 0.143750 0.203931
0 1.0 0.391406 0.359951 0.098437 0.267813
0 1.0 0.403125 0.342752 0.328125 0.135135
0 1.0 0.421875 0.345209 0.140625 0.130221
0 1.0 0.346094 0.377150 0.073438 0.184275
0 1.0 0.344531 0.361179 0.139063 0.230958
0 1.0 0.291406 0.323096 0.132812 0.272727
0 1.0 0.298438 0.398034 0.250000 0.122850
0 1.0 0.824219 0.362408 0.060937 0.164619
0 1.0 0.236719 0.409091 0.110937 0.253071
0 1.0 0.185938 0.409091 0.103125 0.267813
0 1.0 0.202344 0.399263 0.214062 0.125307
0 1.0 0.304688 0.406634 0.153125 0.199017
0 1.0 0.517969 0.389435 0.273438 0.130221
0 1.0 0.510938 0.367322 0.143750 0.287469
0 1.0 0.448437 0.427518 0.084375 0.201474
0 1.0 0.434375 0.386978 0.275000 0.302211
0 1.0 0.399219 0.396806 0.207813 0.164619
0 1.0 0.936719 0.343980 0.126562 0.117936
0 1.0 0.952344 0.345209 0.076563 0.203931
0 1.0 0.842969 0.345209 0.151562 0.115479
0 1.0 0.870313 0.348894 0.065625 0.191646
0 1.0 0.805469 0.342752 0.289062 0.149877
0 1.0 0.035156 0.405405 0.070312 0.280098
0 1.0 0.056250 0.390663 0.112500 0.093366
0 1.0 0.131250 0.393120 0.153125 0.103194
0 1.0 0.771875 0.078624 0.300000 0.147420
0 1.0 0.889844 0.094595 0.179688 0.189189
0 1.0 0.254688 0.656020 0.500000 0.250614
0 1.0 0.256250 0.656020 0.403125 0.520885
0 1.0 0.082031 0.669533 0.164062 0.557740
0 1.0 0.738281 0.649877 0.501563 0.277641
0 1.0 0.431250 0.680590 0.475000 0.501229
0 1.0 0.825000 0.126536 0.071875 0.154791
0 1.0 0.963281 0.127764 0.060937 0.167076
0 1.0 0.935156 0.079853 0.129688 0.115479
0 1.0 0.663281 0.599509 0.426563 0.511057
0 1.0 0.549219 0.538084 0.214062 0.692875
0 1.0 0.549219 0.551597 0.567187 0.218673
0 1.0 0.850781 0.539312 0.182812 0.744472
0 1.0 0.046875 0.136364 0.093750 0.272727
0 1.0 0.052344 0.120393 0.104688 0.127764
0 1.0 0.664844 0.765356 0.548438 0.287469
0 1.0 0.401562 0.111794 0.168750 0.223587
0 1.0 0.544531 0.119165 0.157812 0.238329
0 1.0 0.697656 0.106880 0.179688 0.213759
0 1.0 0.489844 0.077396 0.282813 0.154791
0 1.0 0.292187 0.119165 0.140625 0.238329
0 1.0 0.270313 0.070025 0.353125 0.140049
0 1.0 0.298438 0.072482 0.137500 0.115479
0 1.0 0.458594 0.127764 0.098437 0.230958
0 1.0 0.598437 0.081081 0.284375 0.162162
0 1.0 0.638281 0.260442 0.370312 0.520885
0 1.0 0.560156 0.350123 0.492188 0.243243
0 1.0 0.434375 0.312039 0.390625 0.540541
0 1.0 0.344531 0.356265 0.557813 0.235872
0 1.0 0.135156 0.359951 0.251563 0.680590
0 1.0 0.805469 0.289926 0.314063 0.530713
0 1.0 0.264062 0.326781 0.450000 0.570025
0 1.0 0.560156 0.237101 0.492188 0.282555
0 1.0 0.822656 0.147420 0.251563 0.294840
0 1.0 0.460156 0.533170 0.210938 0.643735
0 1.0 0.232031 0.142506 0.170313 0.285012
0 1.0 0.185938 0.117936 0.334375 0.167076
0 1.0 0.123438 0.147420 0.165625 0.294840
0 1.0 0.158594 0.552826 0.317188 0.216216
0 1.0 0.412500 0.142506 0.312500 0.285012
0 1.0 0.360156 0.122850 0.289062 0.137592
0 1.0 0.654687 0.449631 0.546875 0.230958
0 1.0 0.560156 0.393120 0.370312 0.589681
0 1.0 0.417187 0.450860 0.568750 0.243243
0 1.0 0.344531 0.101966 0.157812 0.203931
0 1.0 0.316406 0.858722 0.632812 0.282555
0 1.0 0.395313 0.058968 0.071875 0.117936
0 1.0 0.419531 0.038084 0.254688 0.076167
0 1.0 0.347656 0.056511 0.067187 0.113022
0 1.0 0.325781 0.042998 0.182812 0.085995
0 1.0 0.311719 0.496314 0.598437 0.437346
0 1.0 0.660937 0.492629 0.678125 0.429975
0 1.0 0.128906 0.062654 0.085938 0.125307
0 1.0 0.235156 0.058968 0.089063 0.117936
0 1.0 0.229687 0.035627 0.225000 0.071253
0 1.0 0.183594 0.056511 0.089063 0.113022
0 1.0 0.292969 0.049140 0.073438 0.098280
0 1.0 0.644531 0.878378 0.710938 0.243243
0 1.0 0.868750 0.078624 0.068750 0.108108
0 1.0 0.905469 0.034398 0.104688 0.068796
0 1.0 0.217188 0.922604 0.434375 0.154791
0 1.0 0.827344 0.089681 0.054688 0.105651
0 1.0 0.846094 0.035627 0.176563 0.071253
0 1.0 0.839844 0.083538 0.042188 0.068796
0 1.0 0.764062 0.081081 0.078125 0.152334
0 1.0 0.785937 0.045455 0.196875 0.090909
0 1.0 0.960938 0.081081 0.037500 0.078624
0 1.0 0.182031 0.119165 0.135937 0.238329
0 1.0 0.657813 0.127764 0.684375 0.255528
0 1.0 0.262500 0.126536 0.525000 0.253071
0 1.0 0.559375 0.076167 0.090625 0.147420
0 1.0 0.544531 0.045455 0.204687 0.090909
0 1.0 0.453125 0.062654 0.043750 0.081081
0 1.0 0.480469 0.034398 0.101562 0.068796
0 1.0 0.454688 0.063882 0.090625 0.113022
0 1.0 0.715625 0.081081 0.062500 0.147420
0 1.0 0.719531 0.035627 0.217188 0.071253
0 1.0 0.709375 0.061425 0.134375 0.122850
0 1.0 0.653906 0.089681 0.095312 0.179361
0 1.0 0.508594 0.097052 0.095312 0.179361
0 1.0 0.593750 0.090909 0.071875 0.152334
0 1.0 0.607812 0.034398 0.156250 0.068796
0 1.0 0.444531 0.914005 0.557813 0.171990
0 1.0 0.591406 0.877150 0.310937 0.176904
0 1.0 0.603906 0.867322 0.126562 0.171990
0 1.0 0.557813 0.851351 0.071875 0.120393
0 1.0 0.825000 0.823096 0.078125 0.157248
0 1.0 0.506250 0.839066 0.062500 0.115479
0 1.0 0.510156 0.864865 0.098437 0.152334
0 1.0 0.441406 0.798526 0.023438 0.049140
0 1.0 0.440625 0.872236 0.315625 0.137592
0 1.0 0.809375 0.867322 0.231250 0.226044
0 1.0 0.769531 0.816953 0.079687 0.159705
0 1.0 0.710938 0.826781 0.087500 0.164619
0 1.0 0.721875 0.873464 0.328125 0.159705
0 1.0 0.953906 0.869779 0.067187 0.157248
0 1.0 0.658594 0.848894 0.101562 0.184275
0 1.0 0.221875 0.857494 0.081250 0.167076
0 1.0 0.245312 0.873464 0.278125 0.159705
0 1.0 0.186719 0.877150 0.073438 0.176904
0 1.0 0.441406 0.836609 0.073438 0.110565
0 1.0 0.141406 0.873464 0.079687 0.203931
0 1.0 0.137500 0.877150 0.259375 0.162162
0 1.0 0.403125 0.832924 0.050000 0.103194
0 1.0 0.477344 0.878378 0.117188 0.110565
0 1.0 0.403125 0.845209 0.084375 0.137592
0 1.0 0.346094 0.803440 0.095312 0.127764
0 1.0 0.350781 0.830467 0.317188 0.280098
0 1.0 0.296875 0.820639 0.071875 0.132678
0 1.0 0.283594 0.879607 0.126562 0.127764
0 1.0 0.347656 0.788698 0.054688 0.098280
0 1.0 0.341406 0.904177 0.207813 0.167076
0 1.0 0.507031 0.909091 0.264062 0.157248
0 1.0 0.440625 0.911548 0.081250 0.162162
0 1.0 0.396875 0.900491 0.106250 0.194103
0 1.0 0.924219 0.878378 0.151562 0.169533
0 1.0 0.884375 0.853808 0.081250 0.194103
0 1.0 0.839063 0.880835 0.153125 0.144963
0 1.0 0.072656 0.859951 0.135937 0.270270
0 1.0 0.221875 0.879607 0.131250 0.235872
0 1.0 0.034375 0.904177 0.068750 0.176904
0 1.0 0.087500 0.916462 0.175000 0.113022
0 1.0 0.183594 0.826781 0.135937 0.140049
0 1.0 0.123438 0.830467 0.103125 0.113022
0 1.0 0.058594 0.818182 0.117188 0.093366
0 1.0 0.337500 0.792383 0.165625 0.321867
0 1.0 0.349219 0.804668 0.185938 0.154791
0 1.0 0.177344 0.818182 0.295312 0.137592
0 1.0 0.269531 0.828010 0.076563 0.113022
0 1.0 0.321875 0.825553 0.043750 0.073710
0 1.0 0.796875 0.760442 0.328125 0.144963
0 1.0 0.071094 0.826781 0.039062 0.071253
0 1.0 0.641406 0.765356 0.282813 0.135135
0 1.0 0.953906 0.761671 0.092188 0.098280
0 1.0 0.927344 0.767813 0.145313 0.140049
0 1.0 0.789062 0.761671 0.121875 0.093366
0 1.0 0.850000 0.767813 0.043750 0.081081
0 1.0 0.776563 0.816953 0.162500 0.100737
0 1.0 0.878125 0.804668 0.140625 0.346437
0 1.0 0.834375 0.823096 0.059375 0.088452
0 1.0 0.765625 0.814496 0.328125 0.144963
0 1.0 0.760938 0.804668 0.175000 0.282555
0 1.0 0.040625 0.845209 0.059375 0.171990
0 1.0 0.067187 0.871007 0.134375 0.100737
0 1.0 0.071094 0.875921 0.048438 0.081081
0 1.0 0.939063 0.814496 0.121875 0.110565
0 1.0 0.953125 0.804668 0.093750 0.316953
0 1.0 0.875781 0.814496 0.248438 0.125307
0 1.0 0.483594 0.819410 0.298438 0.130221
0 1.0 0.504687 0.832924 0.193750 0.216216
0 1.0 0.442969 0.826781 0.107813 0.257985
0 1.0 0.489844 0.823096 0.060937 0.078624
0 1.0 0.427344 0.805897 0.098437 0.108108
0 1.0 0.653906 0.823096 0.304688 0.137592
0 1.0 0.549219 0.831695 0.145313 0.144963
0 1.0 0.229687 0.190418 0.346875 0.154791
0 1.0 0.187500 0.196560 0.084375 0.122850
0 1.0 0.970313 0.958231 0.056250 0.083538
0 1.0 0.939063 0.961916 0.121875 0.076167
0 1.0 0.876563 0.117936 0.115625 0.113022
0 1.0 0.238281 0.238329 0.476562 0.235872
0 1.0 0.040625 0.186732 0.081250 0.088452
0 1.0 0.111719 0.184275 0.170313 0.142506
0 1.0 0.096875 0.960688 0.062500 0.054054
0 1.0 0.078906 0.958231 0.082812 0.073710
0 1.0 0.052344 0.950860 0.104688 0.098280
0 1.0 0.956250 0.923833 0.087500 0.152334
0 1.0 0.872656 0.916462 0.254688 0.132678
0 1.0 0.238281 0.945946 0.129688 0.083538
0 1.0 0.185938 0.910319 0.125000 0.179361
0 1.0 0.186719 0.961916 0.073438 0.056511
0 1.0 0.138281 0.923833 0.129688 0.152334
0 1.0 0.140625 0.961916 0.071875 0.056511
0 1.0 0.121875 0.955774 0.115625 0.078624
0 1.0 0.707031 0.894349 0.132812 0.211302
0 1.0 0.768750 0.939803 0.131250 0.120393
0 1.0 0.710938 0.948403 0.093750 0.103194
0 1.0 0.505469 0.929975 0.098437 0.140049
0 1.0 0.658594 0.947174 0.089063 0.105651
0 1.0 0.682031 0.960688 0.104688 0.058968
0 1.0 0.662500 0.950860 0.200000 0.088452
0 1.0 0.632812 0.955774 0.093750 0.058968
0 1.0 0.602344 0.927518 0.129688 0.144963
0 1.0 0.874219 0.936118 0.092188 0.127764
0 1.0 0.876563 0.960688 0.071875 0.054054
0 1.0 0.806250 0.957002 0.140625 0.071253
0 1.0 0.818750 0.933661 0.100000 0.132678
0 1.0 0.428125 0.954545 0.181250 0.085995
0 1.0 0.344531 0.931204 0.107813 0.137592
0 1.0 0.292187 0.933661 0.090625 0.132678
0 1.0 0.282813 0.960688 0.103125 0.063882
0 1.0 0.554688 0.933661 0.109375 0.132678
0 1.0 0.589063 0.959459 0.078125 0.056511
0 1.0 0.503125 0.958231 0.093750 0.058968
0 1.0 0.555469 0.955774 0.095312 0.058968
0 1.0 0.814063 0.699017 0.371875 0.498771
0 1.0 0.083594 0.262899 0.167187 0.525799
0 1.0 0.155469 0.576167 0.310937 0.488943
0 1.0 0.561719 0.657248 0.489063 0.316953
0 1.0 0.253125 0.835381 0.215625 0.329238
0 1.0 0.450781 0.850123 0.210938 0.299754
0 1.0 0.916406 0.566339 0.167187 0.518428