0 1.0 0.716406 0.290625 0.207813 0.581250
0 1.0 0.540625 0.233333 0.084375 0.437500
0 1.0 0.944531 0.550000 0.110937 0.204167
0 1.0 0.881250 0.556250 0.237500 0.133333
0 1.0 0.650000 0.561458 0.212500 0.264583
0 1.0 0.867969 0.520833 0.198437 0.341667
0 1.0 0.816406 0.548958 0.110937 0.322917
0 1.0 0.804688 0.553125 0.218750 0.181250
0 1.0 0.125781 0.596875 0.145313 0.281250
0 1.0 0.081250 0.583333 0.125000 0.379167
0 1.0 0.100000 0.598958 0.165625 0.106250
0 1.0 0.126562 0.600000 0.053125 0.095833
0 1.0 0.763281 0.533333 0.104688 0.279167
0 1.0 0.713281 0.530208 0.110937 0.268750
0 1.0 0.703906 0.547917 0.273438 0.137500
0 1.0 0.350781 0.555208 0.182812 0.272917
0 1.0 0.289062 0.561458 0.159375 0.310417
0 1.0 0.270313 0.546875 0.284375 0.156250
0 1.0 0.545312 0.580208 0.121875 0.268750
0 1.0 0.570312 0.548958 0.293750 0.156250
0 1.0 0.181250 0.561458 0.090625 0.327083
0 1.0 0.499219 0.563542 0.157812 0.310417
0 1.0 0.465625 0.543750 0.237500 0.137500
0 1.0 0.270313 0.602083 0.259375 0.141667
0 1.0 0.296875 0.603125 0.078125 0.110417
0 1.0 0.527344 0.607292 0.232813 0.143750
0 1.0 0.759375 0.596875 0.278125 0.122917
0 1.0 0.450000 0.585417 0.125000 0.316667
0 1.0 0.497656 0.605208 0.098437 0.131250
0 1.0 0.053906 0.604167 0.107813 0.250000
0 1.0 0.235937 0.597917 0.146875 0.333333
0 1.0 0.257031 0.603125 0.104688 0.131250
0 1.0 0.804688 0.556250 0.043750 0.070833
0 1.0 0.875000 0.531250 0.096875 0.283333
0 1.0 0.818750 0.557292 0.081250 0.114583
0 1.0 0.156250 0.601042 0.078125 0.114583
0 1.0 0.421875 0.600000 0.250000 0.133333
0 1.0 0.058594 0.603125 0.026562 0.064583
0 1.0 0.432812 0.598958 0.112500 0.135417
0 1.0 0.026562 0.619792 0.053125 0.239583
0 1.0 0.046094 0.598958 0.092188 0.089583
0 1.0 0.239844 0.498958 0.173437 0.243750
0 1.0 0.182812 0.494792 0.284375 0.131250
0 1.0 0.406250 0.488542 0.284375 0.152083
0 1.0 0.667188 0.498958 0.109375 0.235417
0 1.0 0.564063 0.486458 0.300000 0.152083
0 1.0 0.112500 0.495833 0.212500 0.179167
0 1.0 0.828125 0.461458 0.065625 0.210417
0 1.0 0.792188 0.448958 0.228125 0.189583
0 1.0 0.752344 0.440625 0.101562 0.322917
0 1.0 0.750000 0.447917 0.181250 0.116667
0 1.0 0.041406 0.512500 0.082812 0.258333
0 1.0 0.053125 0.508333 0.078125 0.100000
0 1.0 0.824219 0.441667 0.214062 0.341667
0 1.0 0.178906 0.513542 0.195312 0.289583
0 1.0 0.929688 0.453125 0.140625 0.281250
0 1.0 0.888281 0.441667 0.223438 0.137500
0 1.0 0.887500 0.497917 0.225000 0.129167
0 1.0 0.823438 0.502083 0.059375 0.075000
0 1.0 0.108594 0.545833 0.123438 0.154167
0 1.0 0.050000 0.543750 0.100000 0.100000
0 1.0 0.060937 0.545833 0.040625 0.091667
0 1.0 0.832031 0.504167 0.098437 0.120833
0 1.0 0.765625 0.502083 0.259375 0.137500
0 1.0 0.958594 0.517708 0.060937 0.227083
0 1.0 0.600781 0.521875 0.107813 0.210417
0 1.0 0.553906 0.662500 0.239063 0.266667
0 1.0 0.805469 0.710417 0.232813 0.341667
0 1.0 0.731250 0.706250 0.300000 0.141667
0 1.0 0.520312 0.706250 0.053125 0.070833
0 1.0 0.458594 0.662500 0.210938 0.266667
0 1.0 0.390625 0.678125 0.112500 0.293750
0 1.0 0.415625 0.708333 0.306250 0.129167
0 1.0 0.460938 0.710417 0.050000 0.079167
0 1.0 0.672656 0.676042 0.157812 0.264583
0 1.0 0.920312 0.735417 0.115625 0.470833
0 1.0 0.888281 0.708333 0.223438 0.129167
0 1.0 0.917188 0.704167 0.165625 0.262500
0 1.0 0.868750 0.712500 0.131250 0.429167
0 1.0 0.839063 0.712500 0.087500 0.079167
0 1.0 0.564844 0.700000 0.289062 0.129167
0 1.0 0.496875 0.707292 0.153125 0.097917
0 1.0 0.188281 0.700000 0.232813 0.366667
0 1.0 0.183594 0.698958 0.117188 0.193750
0 1.0 0.132812 0.687500 0.093750 0.345833
0 1.0 0.102344 0.717708 0.195312 0.118750
0 1.0 0.130469 0.720833 0.076563 0.112500
0 1.0 0.347656 0.678125 0.120313 0.327083
0 1.0 0.369531 0.712500 0.142187 0.125000
0 1.0 0.332031 0.664583 0.251563 0.329167
0 1.0 0.028906 0.732292 0.057813 0.185417
0 1.0 0.068750 0.720833 0.037500 0.070833
0 1.0 0.282813 0.696875 0.121875 0.335417
0 1.0 0.272656 0.713542 0.242188 0.118750
0 1.0 0.319531 0.716667 0.042188 0.066667
0 1.0 0.297656 0.768750 0.110937 0.170833
0 1.0 0.226562 0.762500 0.250000 0.120833
0 1.0 0.267188 0.767708 0.062500 0.089583
0 1.0 0.500000 0.741667 0.146875 0.287500
0 1.0 0.519531 0.759375 0.123438 0.106250
0 1.0 0.464844 0.763542 0.151562 0.089583
0 1.0 0.446094 0.739583 0.126562 0.304167
0 1.0 0.503125 0.763542 0.040625 0.064583
0 1.0 0.102344 0.765625 0.204687 0.131250
0 1.0 0.109375 0.787500 0.218750 0.341667
0 1.0 0.714063 0.730208 0.159375 0.339583
0 1.0 0.709375 0.758333 0.300000 0.141667
0 1.0 0.463281 0.765625 0.042188 0.072917
0 1.0 0.283594 0.757292 0.242188 0.368750
0 1.0 0.607812 0.721875 0.121875 0.285417
0 1.0 0.609375 0.762500 0.212500 0.145833
0 1.0 0.609375 0.729167 0.275000 0.300000
0 1.0 0.303906 0.773958 0.035937 0.064583
0 1.0 0.179688 0.768750 0.115625 0.183333
0 1.0 0.872656 0.714583 0.057813 0.079167
0 1.0 0.818750 0.712500 0.109375 0.391667
0 1.0 0.114062 0.771875 0.096875 0.114583
0 1.0 0.025000 0.792708 0.050000 0.177083
0 1.0 0.060937 0.770833 0.053125 0.079167
0 1.0 0.363281 0.765625 0.151562 0.102083
0 1.0 0.050781 0.780208 0.101562 0.147917
0 1.0 0.957031 0.756250 0.073438 0.275000
0 1.0 0.946875 0.707292 0.106250 0.110417
0 1.0 0.239844 0.763542 0.176563 0.239583
0 1.0 0.346875 0.659375 0.300000 0.143750
0 1.0 0.056250 0.659375 0.112500 0.097917
0 1.0 0.061719 0.665625 0.032813 0.068750
0 1.0 0.071875 0.702083 0.143750 0.291667
0 1.0 0.956250 0.604167 0.056250 0.195833
0 1.0 0.274219 0.654167 0.110937 0.129167
0 1.0 0.118750 0.660417 0.181250 0.112500
0 1.0 0.138281 0.663542 0.085938 0.127083
0 1.0 0.432031 0.656250 0.129688 0.145833
0 1.0 0.920312 0.588542 0.125000 0.327083
0 1.0 0.887500 0.607292 0.212500 0.160417
0 1.0 0.207813 0.658333 0.237500 0.129167
0 1.0 0.817187 0.604167 0.062500 0.079167
0 1.0 0.844531 0.602083 0.057813 0.091667
0 1.0 0.750000 0.587500 0.221875 0.295833
0 1.0 0.309375 0.658333 0.075000 0.108333
0 1.0 0.694531 0.660417 0.279687 0.141667
0 1.0 0.943750 0.655208 0.112500 0.185417
0 1.0 0.253906 0.710417 0.060937 0.091667
0 1.0 0.817969 0.654167 0.304688 0.129167
0 1.0 0.183594 0.713542 0.220312 0.122917
0 1.0 0.836719 0.659375 0.064062 0.072917
0 1.0 0.174219 0.703125 0.104688 0.406250
0 1.0 0.492969 0.654167 0.117188 0.141667
0 1.0 0.188281 0.294792 0.067187 0.252083
0 1.0 0.227344 0.298958 0.151562 0.110417
0 1.0 0.922656 0.232292 0.139063 0.235417
0 1.0 0.875781 0.236458 0.123438 0.352083
0 1.0 0.889844 0.239583 0.117188 0.100000
0 1.0 0.809375 0.226042 0.115625 0.431250
0 1.0 0.815625 0.231250 0.284375 0.137500
0 1.0 0.068750 0.294792 0.087500 0.268750
0 1.0 0.125000 0.293750 0.153125 0.104167
0 1.0 0.071875 0.301042 0.043750 0.135417
0 1.0 0.101562 0.281250 0.203125 0.308333
0 1.0 0.034375 0.328125 0.053125 0.181250
0 1.0 0.145313 0.304167 0.146875 0.208333
0 1.0 0.392188 0.243750 0.246875 0.416667
0 1.0 0.396094 0.270833 0.170313 0.266667
0 1.0 0.339062 0.247917 0.115625 0.454167
0 1.0 0.372656 0.293750 0.076563 0.075000
0 1.0 0.335938 0.290625 0.231250 0.152083
0 1.0 0.047656 0.296875 0.095312 0.072917
0 1.0 0.243750 0.288542 0.150000 0.256250
0 1.0 0.960156 0.285417 0.057813 0.216667
0 1.0 0.945312 0.236458 0.109375 0.114583
0 1.0 0.250781 0.287500 0.067187 0.258333
0 1.0 0.560937 0.228125 0.278125 0.135417
0 1.0 0.571875 0.229167 0.125000 0.145833
0 1.0 0.805469 0.214583 0.189062 0.270833
0 1.0 0.507812 0.225000 0.153125 0.295833
0 1.0 0.443750 0.222917 0.100000 0.445833
0 1.0 0.520312 0.229167 0.043750 0.091667
0 1.0 0.450781 0.212500 0.170313 0.287500
0 1.0 0.390625 0.220833 0.106250 0.441667
0 1.0 0.412500 0.228125 0.315625 0.139583
0 1.0 0.707812 0.245833 0.103125 0.437500
0 1.0 0.720313 0.233333 0.212500 0.166667
0 1.0 0.599219 0.228125 0.176563 0.297917
0 1.0 0.928906 0.292708 0.104688 0.185417
0 1.0 0.917188 0.293750 0.075000 0.079167
0 1.0 0.557031 0.287500 0.198437 0.162500
0 1.0 0.832812 0.284375 0.137500 0.206250
0 1.0 0.777344 0.294792 0.254688 0.118750
0 1.0 0.757031 0.288542 0.135937 0.406250
0 1.0 0.828906 0.272917 0.057813 0.208333
0 1.0 0.084375 0.382292 0.065625 0.143750
0 1.0 0.086719 0.355208 0.167187 0.197917
0 1.0 0.021094 0.359375 0.042188 0.110417
0 1.0 0.063281 0.345833 0.076563 0.075000
0 1.0 0.893750 0.293750 0.212500 0.137500
0 1.0 0.040625 0.350000 0.081250 0.104167
0 1.0 0.714063 0.290625 0.150000 0.243750
0 1.0 0.667969 0.282292 0.095312 0.439583
0 1.0 0.653906 0.292708 0.223438 0.122917
0 1.0 0.301563 0.293750 0.043750 0.125000
0 1.0 0.521094 0.252083 0.060937 0.283333
0 1.0 0.185938 0.269792 0.209375 0.331250
0 1.0 0.215625 0.306250 0.034375 0.100000
0 1.0 0.154688 0.313542 0.050000 0.147917
0 1.0 0.512500 0.296875 0.043750 0.068750
0 1.0 0.482812 0.294792 0.193750 0.160417
0 1.0 0.489844 0.278125 0.051562 0.131250
0 1.0 0.406250 0.289583 0.246875 0.116667
0 1.0 0.676562 0.295833 0.050000 0.237500
0 1.0 0.607031 0.265625 0.082812 0.277083
0 1.0 0.352344 0.278125 0.073438 0.156250
0 1.0 0.279687 0.260417 0.100000 0.391667
0 1.0 0.518750 0.176042 0.068750 0.089583
0 1.0 0.495312 0.165625 0.096875 0.152083
0 1.0 0.466406 0.163542 0.057813 0.143750
0 1.0 0.672656 0.170833 0.304688 0.141667
0 1.0 0.400781 0.178125 0.079687 0.089583
0 1.0 0.357031 0.163542 0.179688 0.181250
0 1.0 0.658594 0.159375 0.132812 0.247917
0 1.0 0.567187 0.173958 0.246875 0.131250
0 1.0 0.421875 0.161458 0.106250 0.143750
0 1.0 0.263281 0.058333 0.092188 0.116667
0 1.0 0.183594 0.078125 0.064062 0.156250
0 1.0 0.444531 0.741667 0.889062 0.462500
0 1.0 0.732812 0.460417 0.431250 0.920833
0 1.0 0.348438 0.151042 0.081250 0.177083
0 1.0 0.596094 0.267708 0.807813 0.527083
0 1.0 0.245312 0.479167 0.431250 0.958333
0 1.0 0.216406 0.046875 0.139063 0.093750
0 1.0 0.190625 0.081250 0.243750 0.162500
0 1.0 0.215625 0.052083 0.065625 0.100000
0 1.0 0.541406 0.172917 0.129688 0.262500
0 1.0 0.144531 0.056250 0.057813 0.112500
0 1.0 0.158594 0.044792 0.139063 0.089583
0 1.0 0.080469 0.072917 0.057813 0.145833
0 1.0 0.134375 0.029167 0.078125 0.058333
0 1.0 0.108594 0.041667 0.135937 0.083333
0 1.0 0.099219 0.084375 0.198437 0.168750
0 1.0 0.023438 0.059375 0.046875 0.118750
0 1.0 0.202344 0.233333 0.289062 0.120833
0 1.0 0.142969 0.230208 0.092188 0.372917
0 1.0 0.446875 0.228125 0.071875 0.110417
0 1.0 0.029687 0.264583 0.059375 0.229167
0 1.0 0.652344 0.231250 0.242188 0.416667
0 1.0 0.532031 0.233333 0.101562 0.129167
0 1.0 0.296094 0.238542 0.032813 0.081250
0 1.0 0.065625 0.235417 0.131250 0.108333
0 1.0 0.760156 0.153125 0.182812 0.306250
0 1.0 0.943750 0.183333 0.112500 0.116667
0 1.0 0.886719 0.182292 0.095312 0.097917
0 1.0 0.778125 0.395833 0.284375 0.129167
0 1.0 0.028906 0.467708 0.039062 0.135417
0 1.0 0.094531 0.441667 0.029687 0.054167
0 1.0 0.055469 0.441667 0.110937 0.112500
0 1.0 0.961719 0.412500 0.057813 0.212500
0 1.0 0.935156 0.390625 0.129688 0.118750
0 1.0 0.710156 0.402083 0.160938 0.266667
0 1.0 0.653906 0.398958 0.260937 0.139583
0 1.0 0.683594 0.412500 0.048438 0.170833
0 1.0 0.315625 0.460417 0.065625 0.108333
0 1.0 0.192969 0.461458 0.070312 0.127083
0 1.0 0.135937 0.487500 0.071875 0.250000
0 1.0 0.142969 0.444792 0.126562 0.097917
0 1.0 0.824219 0.412500 0.104688 0.358333
0 1.0 0.183594 0.466667 0.110937 0.258333
0 1.0 0.717969 0.401042 0.064062 0.239583
0 1.0 0.393750 0.393750 0.093750 0.233333
0 1.0 0.425781 0.403125 0.198437 0.106250
0 1.0 0.406250 0.378125 0.256250 0.285417
0 1.0 0.601562 0.396875 0.106250 0.260417
0 1.0 0.603125 0.406250 0.071875 0.170833
0 1.0 0.614062 0.367708 0.206250 0.306250
0 1.0 0.544531 0.387500 0.089063 0.270833
0 1.0 0.343750 0.390625 0.115625 0.260417
0 1.0 0.878906 0.413542 0.126562 0.293750
0 1.0 0.508594 0.396875 0.101562 0.297917
0 1.0 0.505469 0.401042 0.204687 0.110417
0 1.0 0.517188 0.409375 0.062500 0.177083
0 1.0 0.764844 0.389583 0.210938 0.366667
0 1.0 0.567187 0.408333 0.209375 0.154167
0 1.0 0.502344 0.453125 0.260937 0.122917
0 1.0 0.507031 0.477083 0.085938 0.162500
0 1.0 0.300781 0.460417 0.239063 0.254167
0 1.0 0.722656 0.471875 0.054688 0.197917
0 1.0 0.393750 0.471875 0.140625 0.206250
0 1.0 0.350781 0.490625 0.095312 0.197917
0 1.0 0.953906 0.443750 0.092188 0.100000
0 1.0 0.657031 0.447917 0.201563 0.125000
0 1.0 0.688281 0.479167 0.048438 0.141667
0 1.0 0.661719 0.455208 0.210938 0.281250
0 1.0 0.852344 0.445833 0.039062 0.062500
0 1.0 0.347656 0.448958 0.026562 0.052083
0 1.0 0.283594 0.446875 0.070312 0.197917
0 1.0 0.339062 0.448958 0.156250 0.102083
0 1.0 0.599219 0.477083 0.070312 0.133333
0 1.0 0.549219 0.487500 0.067187 0.175000
0 1.0 0.449219 0.466667 0.135937 0.200000
0 1.0 0.282813 0.444792 0.096875 0.081250
0 1.0 0.237500 0.443750 0.103125 0.258333
0 1.0 0.221094 0.446875 0.089063 0.081250
0 1.0 0.448437 0.471875 0.071875 0.147917
0 1.0 0.508594 0.455208 0.032813 0.056250
0 1.0 0.617188 0.346875 0.259375 0.131250
0 1.0 0.306250 0.355208 0.040625 0.114583
0 1.0 0.264062 0.345833 0.225000 0.116667
0 1.0 0.501563 0.329167 0.218750 0.341667
0 1.0 0.505469 0.346875 0.264062 0.127083
0 1.0 0.774219 0.344792 0.289062 0.127083
0 1.0 0.473438 0.346875 0.106250 0.189583
0 1.0 0.414062 0.356250 0.190625 0.158333
0 1.0 0.193750 0.363542 0.103125 0.222917
0 1.0 0.208594 0.367708 0.051562 0.118750
0 1.0 0.885938 0.306250 0.053125 0.125000
0 1.0 0.437500 0.291667 0.053125 0.187500
0 1.0 0.136719 0.391667 0.064062 0.175000
0 1.0 0.155469 0.352083 0.242188 0.133333
0 1.0 0.360938 0.345833 0.059375 0.125000
0 1.0 0.278125 0.316667 0.056250 0.237500
0 1.0 0.076563 0.429167 0.109375 0.220833
0 1.0 0.359375 0.403125 0.103125 0.135417
0 1.0 0.316406 0.403125 0.132812 0.093750
0 1.0 0.280469 0.379167 0.120313 0.254167
0 1.0 0.938281 0.342708 0.123438 0.114583
0 1.0 0.948438 0.341667 0.068750 0.187500
0 1.0 0.254688 0.398958 0.278125 0.131250
0 1.0 0.112500 0.394792 0.156250 0.106250
0 1.0 0.126562 0.405208 0.221875 0.264583
0 1.0 0.877344 0.351042 0.198437 0.285417
0 1.0 0.028906 0.437500 0.057813 0.204167
0 1.0 0.051562 0.395833 0.090625 0.104167
0 1.0 0.270313 0.634375 0.528125 0.231250
0 1.0 0.247656 0.166667 0.114062 0.333333
0 1.0 0.282031 0.123958 0.079687 0.122917
0 1.0 0.189062 0.193750 0.115625 0.387500
0 1.0 0.270313 0.121875 0.225000 0.131250
0 1.0 0.571094 0.619792 0.404687 0.397917
0 1.0 0.475781 0.634375 0.510938 0.231250
0 1.0 0.753906 0.601042 0.226562 0.643750
0 1.0 0.717187 0.646875 0.490625 0.218750
0 1.0 0.847656 0.564583 0.176563 0.745833
0 1.0 0.786719 0.551042 0.426563 0.218750
0 1.0 0.454688 0.516667 0.206250 0.450000
0 1.0 0.466406 0.544792 0.395313 0.310417
0 1.0 0.261719 0.559375 0.214062 0.568750
0 1.0 0.281250 0.546875 0.490625 0.247917
0 1.0 0.299219 0.151042 0.107813 0.297917
0 1.0 0.342187 0.137500 0.025000 0.075000
0 1.0 0.261719 0.761458 0.523438 0.243750
0 1.0 0.057031 0.130208 0.114062 0.231250
0 1.0 0.966406 0.156250 0.045312 0.154167
0 1.0 0.475781 0.759375 0.567187 0.239583
0 1.0 0.876563 0.120833 0.109375 0.200000
0 1.0 0.870313 0.080208 0.181250 0.127083
0 1.0 0.863281 0.122917 0.239063 0.245833
0 1.0 0.786719 0.079167 0.279687 0.150000
0 1.0 0.814844 0.118750 0.082812 0.187500
0 1.0 0.940625 0.080208 0.118750 0.118750
0 1.0 0.142969 0.168750 0.242188 0.337500
0 1.0 0.140625 0.120833 0.200000 0.175000
0 1.0 0.070312 0.122917 0.140625 0.100000
0 1.0 0.782813 0.351042 0.434375 0.218750
0 1.0 0.253906 0.311458 0.182812 0.622917
0 1.0 0.285156 0.353125 0.570312 0.218750
0 1.0 0.508594 0.119792 0.270313 0.139583
0 1.0 0.653125 0.341667 0.431250 0.320833
0 1.0 0.561719 0.284375 0.185938 0.568750
0 1.0 0.638281 0.227083 0.548438 0.262500
0 1.0 0.626563 0.120833 0.190625 0.125000
0 1.0 0.603906 0.153125 0.107813 0.268750
0 1.0 0.161719 0.308333 0.323437 0.520833
0 1.0 0.829688 0.266667 0.209375 0.533333
0 1.0 0.783594 0.451042 0.432812 0.222917
0 1.0 0.543750 0.459375 0.528125 0.206250
0 1.0 0.442969 0.119792 0.135937 0.235417
0 1.0 0.412500 0.120833 0.284375 0.154167
0 1.0 0.135156 0.570833 0.192188 0.620833
0 1.0 0.391406 0.123958 0.117188 0.110417
0 1.0 0.492969 0.121875 0.126562 0.114583
0 1.0 0.515625 0.123958 0.040625 0.106250
0 1.0 0.275000 0.445833 0.350000 0.466667
0 1.0 0.549219 0.460417 0.395313 0.466667
0 1.0 0.450000 0.123958 0.046875 0.114583
0 1.0 0.431250 0.156250 0.062500 0.250000
0 1.0 0.291406 0.458333 0.548438 0.195833
0 1.0 0.644531 0.039583 0.195312 0.079167
0 1.0 0.671875 0.073958 0.046875 0.097917
0 1.0 0.714844 0.100000 0.167187 0.200000
0 1.0 0.651563 0.711458 0.696875 0.318750
0 1.0 0.602344 0.084375 0.260937 0.168750
0 1.0 0.622656 0.056250 0.092188 0.112500
0 1.0 0.556250 0.091667 0.053125 0.154167
0 1.0 0.542188 0.034375 0.096875 0.068750
0 1.0 0.771875 0.057292 0.137500 0.114583
0 1.0 0.703125 0.090625 0.065625 0.160417
0 1.0 0.716406 0.057292 0.129688 0.114583
0 1.0 0.866406 0.078125 0.073438 0.139583
0 1.0 0.825000 0.068750 0.053125 0.112500
0 1.0 0.330469 0.056250 0.051562 0.100000
0 1.0 0.285938 0.033333 0.084375 0.066667
0 1.0 0.249219 0.034375 0.067187 0.064583
0 1.0 0.425000 0.061458 0.059375 0.106250
0 1.0 0.342969 0.085417 0.048438 0.162500
0 1.0 0.394531 0.031250 0.023438 0.050000
0 1.0 0.600781 0.065625 0.042188 0.093750
0 1.0 0.528125 0.447917 0.468750 0.895833
0 1.0 0.514062 0.456250 0.971875 0.504167
0 1.0 0.367188 0.040625 0.071875 0.081250
0 1.0 0.050781 0.053125 0.098437 0.106250
0 1.0 0.302344 0.075000 0.214062 0.150000
0 1.0 0.297656 0.081250 0.045312 0.158333
0 1.0 0.072656 0.027083 0.060937 0.054167
0 1.0 0.499219 0.040625 0.110937 0.081250
0 1.0 0.752344 0.879167 0.495312 0.241667
0 1.0 0.667969 0.058333 0.104688 0.116667
0 1.0 0.499219 0.872917 0.789062 0.254167
0 1.0 0.246875 0.879167 0.493750 0.241667
0 1.0 0.531250 0.034375 0.025000 0.047917
0 1.0 0.507031 0.072917 0.057813 0.145833
0 1.0 0.443750 0.075000 0.234375 0.150000
0 1.0 0.480469 0.058333 0.045312 0.087500
0 1.0 0.404687 0.084375 0.050000 0.164583
0 1.0 0.440625 0.036458 0.156250 0.072917
0 1.0 0.460156 0.036458 0.039062 0.068750
0 1.0 0.511719 0.083333 0.145313 0.137500
0 1.0 0.876563 0.032292 0.109375 0.064583
0 1.0 0.636719 0.827083 0.439063 0.250000
0 1.0 0.457813 0.090625 0.037500 0.102083
0 1.0 0.394531 0.080208 0.092188 0.102083
0 1.0 0.157031 0.921875 0.314063 0.156250
0 1.0 0.671094 0.118750 0.067187 0.179167
0 1.0 0.918750 0.051042 0.125000 0.102083
0 1.0 0.632812 0.130208 0.734375 0.260417
0 1.0 0.346875 0.142708 0.693750 0.285417
0 1.0 0.347656 0.271875 0.620313 0.414583
0 1.0 0.347656 0.087500 0.029687 0.087500
0 1.0 0.965625 0.081250 0.034375 0.079167
0 1.0 0.140625 0.129167 0.078125 0.258333
0 1.0 0.721094 0.823958 0.079687 0.143750
0 1.0 0.717969 0.878125 0.235937 0.172917
0 1.0 0.396875 0.832292 0.075000 0.193750
0 1.0 0.396094 0.867708 0.145313 0.152083
0 1.0 0.386719 0.851042 0.239063 0.285417
0 1.0 0.342187 0.808333 0.050000 0.158333
0 1.0 0.310937 0.875000 0.196875 0.175000
0 1.0 0.610156 0.809375 0.048438 0.114583
0 1.0 0.617188 0.871875 0.237500 0.160417
0 1.0 0.562500 0.773958 0.050000 0.127083
0 1.0 0.880469 0.894792 0.076563 0.156250
0 1.0 0.857812 0.885417 0.090625 0.087500
0 1.0 0.895312 0.908333 0.046875 0.095833
0 1.0 0.882031 0.848958 0.210938 0.256250
0 1.0 0.821875 0.860417 0.075000 0.187500
0 1.0 0.557813 0.846875 0.200000 0.235417
0 1.0 0.507031 0.783333 0.045312 0.129167
0 1.0 0.514844 0.865625 0.251563 0.131250
0 1.0 0.755469 0.829167 0.242188 0.295833
0 1.0 0.287500 0.863542 0.050000 0.135417
0 1.0 0.235937 0.876042 0.225000 0.135417
0 1.0 0.925000 0.819792 0.150000 0.164583
0 1.0 0.240625 0.882292 0.081250 0.177083
0 1.0 0.217188 0.841667 0.246875 0.275000
0 1.0 0.192188 0.870833 0.068750 0.166667
0 1.0 0.453906 0.777083 0.039062 0.112500
0 1.0 0.453906 0.814583 0.073438 0.170833
0 1.0 0.459375 0.867708 0.106250 0.127083
0 1.0 0.446094 0.855208 0.160938 0.222917
0 1.0 0.089844 0.848958 0.117188 0.185417
0 1.0 0.378125 0.919792 0.275000 0.135417
0 1.0 0.029687 0.891667 0.059375 0.195833
0 1.0 0.078906 0.912500 0.157812 0.116667
0 1.0 0.285156 0.904167 0.095312 0.191667
0 1.0 0.251563 0.926042 0.190625 0.131250
0 1.0 0.571094 0.917708 0.289062 0.127083
0 1.0 0.186719 0.897917 0.117188 0.204167
0 1.0 0.775000 0.836458 0.062500 0.152083
0 1.0 0.927344 0.880208 0.145313 0.127083
0 1.0 0.948438 0.911458 0.050000 0.106250
0 1.0 0.657813 0.770833 0.046875 0.112500
0 1.0 0.664844 0.806250 0.048438 0.104167
0 1.0 0.919531 0.886458 0.070312 0.164583
0 1.0 0.942969 0.763542 0.114062 0.110417
0 1.0 0.890625 0.761458 0.218750 0.127083
0 1.0 0.146875 0.818750 0.293750 0.137500
0 1.0 0.485156 0.814583 0.057813 0.087500
0 1.0 0.342969 0.804167 0.120313 0.287500
0 1.0 0.330469 0.813542 0.145313 0.139583
0 1.0 0.275781 0.822917 0.042188 0.079167
0 1.0 0.817187 0.768750 0.100000 0.083333
0 1.0 0.860156 0.780208 0.057813 0.077083
0 1.0 0.502344 0.760417 0.273438 0.125000
0 1.0 0.825000 0.764583 0.228125 0.162500
0 1.0 0.056250 0.818750 0.081250 0.100000
0 1.0 0.960938 0.852083 0.056250 0.195833
0 1.0 0.653125 0.802083 0.121875 0.341667
0 1.0 0.669531 0.811458 0.339062 0.139583
0 1.0 0.450000 0.811458 0.246875 0.118750
0 1.0 0.826562 0.821875 0.100000 0.089583
0 1.0 0.878125 0.834375 0.034375 0.068750
0 1.0 0.833594 0.816667 0.323437 0.133333
0 1.0 0.050781 0.866667 0.101562 0.125000
0 1.0 0.582031 0.807292 0.142187 0.127083
0 1.0 0.246094 0.822917 0.085938 0.116667
0 1.0 0.526563 0.810417 0.137500 0.125000
0 1.0 0.392188 0.814583 0.109375 0.358333
0 1.0 0.419531 0.815625 0.067187 0.102083
0 1.0 0.279687 0.078125 0.559375 0.156250
0 1.0 0.944531 0.126042 0.110937 0.122917
0 1.0 0.045312 0.178125 0.090625 0.114583
0 1.0 0.466406 0.089583 0.507812 0.179167
0 1.0 0.933594 0.952083 0.123438 0.095833
0 1.0 0.910937 0.950000 0.062500 0.070833
0 1.0 0.317969 0.170833 0.042188 0.125000
0 1.0 0.267188 0.173958 0.225000 0.118750
0 1.0 0.921094 0.958333 0.029687 0.045833
0 1.0 0.115625 0.178125 0.212500 0.118750
0 1.0 0.205469 0.173958 0.032813 0.102083
0 1.0 0.796094 0.121875 0.214062 0.143750
0 1.0 0.209375 0.240625 0.418750 0.235417
0 1.0 0.861719 0.125000 0.095312 0.104167
0 1.0 0.128125 0.930208 0.100000 0.139583
0 1.0 0.174219 0.958333 0.107813 0.070833
0 1.0 0.146094 0.945833 0.201563 0.108333
0 1.0 0.769531 0.890625 0.110937 0.218750
0 1.0 0.768750 0.916667 0.293750 0.129167
0 1.0 0.053906 0.942708 0.107813 0.114583
0 1.0 0.962500 0.926042 0.050000 0.147917
0 1.0 0.835938 0.909375 0.150000 0.164583
0 1.0 0.075000 0.963542 0.065625 0.056250
0 1.0 0.273438 0.959375 0.078125 0.081250
0 1.0 0.905469 0.919792 0.107813 0.102083
0 1.0 0.899219 0.921875 0.201563 0.143750
0 1.0 0.501563 0.881250 0.125000 0.237500
0 1.0 0.713281 0.880208 0.120313 0.239583
0 1.0 0.603906 0.882292 0.114062 0.235417
0 1.0 0.604688 0.952083 0.218750 0.095833
0 1.0 0.867969 0.947917 0.110937 0.087500
0 1.0 0.521875 0.956250 0.165625 0.087500
0 1.0 0.450781 0.936458 0.073438 0.127083
0 1.0 0.481250 0.967708 0.081250 0.064583
0 1.0 0.827344 0.956250 0.073438 0.054167
0 1.0 0.810937 0.948958 0.103125 0.081250
0 1.0 0.771094 0.944792 0.142187 0.110417
0 1.0 0.714063 0.935417 0.084375 0.129167
0 1.0 0.666406 0.940625 0.154688 0.118750
0 1.0 0.635938 0.963542 0.115625 0.068750
0 1.0 0.502344 0.934375 0.079687 0.131250
0 1.0 0.223438 0.959375 0.109375 0.068750
0 1.0 0.396094 0.916667 0.092188 0.166667
0 1.0 0.375000 0.965625 0.096875 0.068750
0 1.0 0.697656 0.959375 0.114062 0.064583
0 1.0 0.339844 0.940625 0.076563 0.118750
0 1.0 0.554688 0.933333 0.078125 0.133333
0 1.0 0.589063 0.964583 0.131250 0.070833
0 1.0 0.453125 0.793750 0.231250 0.412500
0 1.0 0.177344 0.669792 0.354687 0.585417
0 1.0 0.557813 0.907292 0.471875 0.185417
0 1.0 0.806250 0.230208 0.387500 0.314583
0 1.0 0.077344 0.375000 0.154688 0.633333
0 1.0 0.923438 0.469792 0.153125 0.610417
0 1.0 0.921094 0.259375 0.157812 0.518750
0 1.0 0.693750 0.756250 0.287500 0.487500