0 1.0 0.721094 0.752294 0.089063 0.446483
0 1.0 0.554688 0.718654 0.115625 0.495413
0 1.0 0.606250 0.709480 0.081250 0.446483
0 1.0 0.292187 0.822630 0.140625 0.293578
0 1.0 0.782813 0.862385 0.434375 0.275229
0 1.0 0.750781 0.593272 0.085938 0.116208
0 1.0 0.714844 0.620795 0.214062 0.324159
0 1.0 0.721875 0.594801 0.134375 0.204893
0 1.0 0.642188 0.648318 0.065625 0.269113
0 1.0 0.692187 0.596330 0.300000 0.140673
0 1.0 0.403125 0.623853 0.234375 0.324159
0 1.0 0.653906 0.596330 0.167187 0.244648
0 1.0 0.826562 0.600917 0.037500 0.088685
0 1.0 0.871875 0.629969 0.062500 0.165138
0 1.0 0.867188 0.634557 0.100000 0.284404
0 1.0 0.599219 0.623853 0.057813 0.244648
0 1.0 0.406250 0.602446 0.143750 0.207951
0 1.0 0.917969 0.530581 0.095312 0.284404
0 1.0 0.817187 0.637615 0.081250 0.314985
0 1.0 0.836719 0.596330 0.245312 0.134557
0 1.0 0.824219 0.623853 0.048438 0.165138
0 1.0 0.511719 0.660550 0.064062 0.275229
0 1.0 0.542969 0.597859 0.204687 0.131498
0 1.0 0.761719 0.628440 0.076563 0.241590
0 1.0 0.803125 0.596330 0.106250 0.122324
0 1.0 0.863281 0.617737 0.214062 0.287462
0 1.0 0.469531 0.607034 0.129688 0.198777
0 1.0 0.390625 0.663609 0.093750 0.366972
0 1.0 0.440625 0.600917 0.334375 0.137615
0 1.0 0.496094 0.600917 0.026562 0.070336
0 1.0 0.083594 0.688073 0.042188 0.134557
0 1.0 0.125000 0.605505 0.221875 0.110092
0 1.0 0.795312 0.600917 0.037500 0.076453
0 1.0 0.335156 0.605505 0.167187 0.103976
0 1.0 0.345313 0.633028 0.118750 0.287462
0 1.0 0.359375 0.605505 0.078125 0.097859
0 1.0 0.277344 0.691131 0.048438 0.110092
0 1.0 0.275000 0.662080 0.115625 0.168196
0 1.0 0.267969 0.616208 0.026562 0.051988
0 1.0 0.592187 0.608563 0.175000 0.299694
0 1.0 0.582812 0.594801 0.084375 0.119266
0 1.0 0.245312 0.672783 0.056250 0.116208
0 1.0 0.549219 0.602446 0.023438 0.067278
0 1.0 0.944531 0.513761 0.110937 0.177370
0 1.0 0.547656 0.599388 0.082812 0.122324
0 1.0 0.517969 0.623853 0.185938 0.318043
0 1.0 0.437500 0.671254 0.037500 0.174312
0 1.0 0.328125 0.666667 0.100000 0.116208
0 1.0 0.332031 0.681957 0.226562 0.293578
0 1.0 0.197656 0.665138 0.232813 0.119266
0 1.0 0.257812 0.675841 0.034375 0.067278
0 1.0 0.178906 0.697248 0.082812 0.183486
0 1.0 0.502344 0.654434 0.198437 0.122324
0 1.0 0.217969 0.668196 0.251563 0.259939
0 1.0 0.439063 0.689602 0.103125 0.333333
0 1.0 0.538281 0.659021 0.026562 0.076453
0 1.0 0.482812 0.662080 0.031250 0.076453
0 1.0 0.146875 0.666667 0.053125 0.085627
0 1.0 0.042969 0.685015 0.085938 0.207951
0 1.0 0.086719 0.666667 0.023438 0.061162
0 1.0 0.959375 0.654434 0.053125 0.152905
0 1.0 0.907813 0.603976 0.156250 0.100917
0 1.0 0.867188 0.501529 0.215625 0.122324
0 1.0 0.942969 0.605505 0.114062 0.177370
0 1.0 0.135937 0.691131 0.081250 0.189602
0 1.0 0.066406 0.657492 0.123438 0.085627
0 1.0 0.142969 0.674312 0.179688 0.229358
0 1.0 0.085156 0.678899 0.135937 0.207951
0 1.0 0.184375 0.669725 0.062500 0.103976
0 1.0 0.069531 0.574924 0.139063 0.256881
0 1.0 0.038281 0.567278 0.057813 0.082569
0 1.0 0.531250 0.550459 0.100000 0.103976
0 1.0 0.540625 0.553517 0.034375 0.091743
0 1.0 0.465625 0.562691 0.225000 0.287462
0 1.0 0.443750 0.547401 0.340625 0.146789
0 1.0 0.138281 0.581040 0.229687 0.324159
0 1.0 0.356250 0.603976 0.053125 0.192661
0 1.0 0.375781 0.551988 0.104688 0.088685
0 1.0 0.959375 0.573394 0.050000 0.137615
0 1.0 0.617188 0.548930 0.175000 0.113150
0 1.0 0.264062 0.550459 0.178125 0.103976
0 1.0 0.044531 0.582569 0.089063 0.131498
0 1.0 0.178125 0.613150 0.118750 0.192661
0 1.0 0.173437 0.561162 0.243750 0.168196
0 1.0 0.035937 0.637615 0.043750 0.137615
0 1.0 0.077344 0.648318 0.039062 0.122324
0 1.0 0.111719 0.562691 0.145313 0.122324
0 1.0 0.363281 0.561162 0.120313 0.186544
0 1.0 0.278125 0.646789 0.040625 0.107034
0 1.0 0.300781 0.565749 0.239063 0.275229
0 1.0 0.310156 0.579511 0.076563 0.119266
0 1.0 0.240625 0.617737 0.056250 0.122324
0 1.0 0.321875 0.558104 0.034375 0.076453
0 1.0 0.136719 0.614679 0.057813 0.079511
0 1.0 0.069531 0.616208 0.026562 0.051988
0 1.0 0.722656 0.521407 0.126562 0.162080
0 1.0 0.220312 0.607034 0.306250 0.119266
0 1.0 0.711719 0.507645 0.242188 0.287462
0 1.0 0.781250 0.559633 0.221875 0.122324
0 1.0 0.722656 0.617737 0.067187 0.250765
0 1.0 0.903906 0.556575 0.192188 0.152905
0 1.0 0.478125 0.551988 0.046875 0.094801
0 1.0 0.642188 0.614679 0.043750 0.134557
0 1.0 0.691406 0.551988 0.220312 0.125382
0 1.0 0.810937 0.567278 0.031250 0.064220
0 1.0 0.831250 0.574924 0.050000 0.085627
0 1.0 0.471875 0.758410 0.306250 0.134557
0 1.0 0.510156 0.767584 0.045312 0.091743
0 1.0 0.450781 0.779817 0.214062 0.348624
0 1.0 0.142187 0.746177 0.137500 0.226300
0 1.0 0.182031 0.753823 0.107813 0.125382
0 1.0 0.072656 0.740061 0.085938 0.232416
0 1.0 0.141406 0.755352 0.282813 0.140673
0 1.0 0.152344 0.755352 0.057813 0.097859
0 1.0 0.035937 0.755352 0.065625 0.214067
0 1.0 0.307031 0.758410 0.260937 0.140673
0 1.0 0.610156 0.769113 0.204687 0.168196
0 1.0 0.244531 0.764526 0.101562 0.269113
0 1.0 0.240625 0.773700 0.234375 0.250765
0 1.0 0.866406 0.701835 0.167187 0.247706
0 1.0 0.799219 0.707951 0.251563 0.131498
0 1.0 0.812500 0.735474 0.221875 0.388379
0 1.0 0.060156 0.756881 0.120313 0.107034
0 1.0 0.068750 0.758410 0.034375 0.079511
0 1.0 0.301563 0.766055 0.053125 0.100917
0 1.0 0.961719 0.727829 0.070312 0.244648
0 1.0 0.953906 0.707951 0.092188 0.100917
0 1.0 0.926562 0.718654 0.146875 0.311927
0 1.0 0.153906 0.795107 0.251563 0.299694
0 1.0 0.128125 0.813456 0.256250 0.116208
0 1.0 0.762500 0.764526 0.278125 0.128440
0 1.0 0.333594 0.785933 0.126562 0.311927
0 1.0 0.066406 0.819572 0.029687 0.061162
0 1.0 0.067187 0.799694 0.134375 0.278287
0 1.0 0.949219 0.759939 0.101562 0.107034
0 1.0 0.267188 0.810398 0.156250 0.134557
0 1.0 0.171875 0.814985 0.106250 0.107034
0 1.0 0.183594 0.801223 0.160938 0.207951
0 1.0 0.864062 0.764526 0.256250 0.128440
0 1.0 0.508594 0.761468 0.114062 0.422018
0 1.0 0.504687 0.770642 0.087500 0.122324
0 1.0 0.747656 0.767584 0.164062 0.287462
0 1.0 0.650000 0.767584 0.103125 0.391437
0 1.0 0.429688 0.764526 0.081250 0.122324
0 1.0 0.386719 0.767584 0.176563 0.262997
0 1.0 0.703125 0.769113 0.128125 0.143731
0 1.0 0.819531 0.773700 0.032813 0.067278
0 1.0 0.755469 0.766055 0.082812 0.082569
0 1.0 0.882812 0.654434 0.184375 0.122324
0 1.0 0.799219 0.652905 0.042188 0.070336
0 1.0 0.834375 0.659021 0.037500 0.082569
0 1.0 0.157031 0.715596 0.051562 0.097859
0 1.0 0.069531 0.712538 0.120313 0.097859
0 1.0 0.082031 0.714067 0.032813 0.076453
0 1.0 0.153125 0.711009 0.134375 0.113150
0 1.0 0.702344 0.654434 0.132812 0.134557
0 1.0 0.619531 0.649847 0.201563 0.113150
0 1.0 0.600000 0.645260 0.059375 0.097859
0 1.0 0.561719 0.649847 0.095312 0.094801
0 1.0 0.830469 0.651376 0.164062 0.159021
0 1.0 0.716406 0.645260 0.279687 0.134557
0 1.0 0.504687 0.276758 0.087500 0.180428
0 1.0 0.489844 0.241590 0.304688 0.122324
0 1.0 0.603906 0.706422 0.264062 0.122324
0 1.0 0.602344 0.700306 0.142187 0.256881
0 1.0 0.511719 0.706422 0.201563 0.122324
0 1.0 0.532813 0.709480 0.062500 0.110092
0 1.0 0.705469 0.711009 0.107813 0.125382
0 1.0 0.657031 0.709480 0.214062 0.373089
0 1.0 0.771094 0.714067 0.051562 0.070336
0 1.0 0.821094 0.717125 0.029687 0.064220
0 1.0 0.614844 0.243119 0.257812 0.162080
0 1.0 0.562500 0.299694 0.062500 0.140673
0 1.0 0.556250 0.227829 0.275000 0.259939
0 1.0 0.263281 0.724771 0.039062 0.079511
0 1.0 0.590625 0.301223 0.062500 0.137615
0 1.0 0.261719 0.718654 0.117188 0.116208
0 1.0 0.193750 0.717125 0.178125 0.155963
0 1.0 0.592969 0.292049 0.042188 0.082569
0 1.0 0.447656 0.747706 0.060937 0.284404
0 1.0 0.520312 0.714067 0.031250 0.082569
0 1.0 0.307812 0.718654 0.128125 0.134557
0 1.0 0.393750 0.711009 0.346875 0.143731
0 1.0 0.447656 0.718654 0.054688 0.097859
0 1.0 0.394531 0.351682 0.145313 0.097859
0 1.0 0.352344 0.389908 0.095312 0.131498
0 1.0 0.351562 0.354740 0.240625 0.159021
0 1.0 0.019531 0.353211 0.035937 0.137615
0 1.0 0.057031 0.331804 0.114062 0.100917
0 1.0 0.296094 0.431193 0.026562 0.061162
0 1.0 0.299219 0.389908 0.070312 0.100917
0 1.0 0.862500 0.573394 0.053125 0.137615
0 1.0 0.353906 0.374618 0.029687 0.058104
0 1.0 0.240625 0.400612 0.053125 0.134557
0 1.0 0.245312 0.339450 0.212500 0.103976
0 1.0 0.247656 0.394495 0.035937 0.079511
0 1.0 0.219531 0.333333 0.229687 0.256881
0 1.0 0.241406 0.354740 0.101562 0.116208
0 1.0 0.199219 0.391437 0.064062 0.128440
0 1.0 0.511719 0.418960 0.048438 0.134557
0 1.0 0.514844 0.342508 0.204687 0.103976
0 1.0 0.486719 0.344037 0.251563 0.296636
0 1.0 0.189844 0.363914 0.117188 0.152905
0 1.0 0.165625 0.336391 0.259375 0.165138
0 1.0 0.353125 0.425076 0.040625 0.091743
0 1.0 0.482812 0.374618 0.078125 0.107034
0 1.0 0.394531 0.428135 0.051562 0.110092
0 1.0 0.389844 0.399083 0.101562 0.137615
0 1.0 0.078906 0.333333 0.157812 0.275229
0 1.0 0.960156 0.325688 0.048438 0.131498
0 1.0 0.957031 0.288991 0.085938 0.100917
0 1.0 0.925781 0.292049 0.148438 0.162080
0 1.0 0.591406 0.353211 0.067187 0.131498
0 1.0 0.644531 0.288991 0.220312 0.113150
0 1.0 0.871094 0.302752 0.098437 0.269113
0 1.0 0.808594 0.290520 0.098437 0.091743
0 1.0 0.877344 0.292049 0.048438 0.119266
0 1.0 0.902344 0.269113 0.195312 0.330275
0 1.0 0.197656 0.351682 0.057813 0.085627
0 1.0 0.136719 0.386850 0.092188 0.198777
0 1.0 0.026562 0.344037 0.053125 0.204893
0 1.0 0.068750 0.389908 0.071875 0.192661
0 1.0 0.150000 0.331804 0.146875 0.107034
0 1.0 0.783594 0.328746 0.042188 0.094801
0 1.0 0.764844 0.290520 0.235937 0.165138
0 1.0 0.771094 0.357798 0.160938 0.214067
0 1.0 0.039062 0.400612 0.078125 0.146789
0 1.0 0.962500 0.359327 0.034375 0.082569
0 1.0 0.942969 0.340979 0.114062 0.107034
0 1.0 0.916406 0.344037 0.117188 0.339450
0 1.0 0.596094 0.409786 0.035937 0.079511
0 1.0 0.619531 0.342508 0.248438 0.146789
0 1.0 0.208594 0.399083 0.204687 0.094801
0 1.0 0.192969 0.435780 0.107813 0.168196
0 1.0 0.824219 0.348624 0.135937 0.097859
0 1.0 0.132812 0.467890 0.093750 0.195719
0 1.0 0.049219 0.396024 0.098437 0.070336
0 1.0 0.142969 0.397554 0.251563 0.379205
0 1.0 0.067187 0.464832 0.071875 0.171254
0 1.0 0.118750 0.392966 0.171875 0.100917
0 1.0 0.073438 0.461774 0.046875 0.103976
0 1.0 0.024219 0.458716 0.042188 0.165138
0 1.0 0.713281 0.347095 0.151562 0.198777
0 1.0 0.664844 0.422018 0.045312 0.116208
0 1.0 0.661719 0.340979 0.239063 0.278287
0 1.0 0.593750 0.437309 0.046875 0.128440
0 1.0 0.864062 0.370031 0.050000 0.134557
0 1.0 0.370312 0.374618 0.059375 0.094801
0 1.0 0.553906 0.425076 0.051562 0.140673
0 1.0 0.820312 0.389908 0.053125 0.186544
0 1.0 0.792969 0.344037 0.251563 0.125382
0 1.0 0.819531 0.321101 0.226562 0.311927
0 1.0 0.782813 0.389908 0.046875 0.131498
0 1.0 0.427344 0.434251 0.020313 0.042813
0 1.0 0.511719 0.345566 0.098437 0.085627
0 1.0 0.726562 0.360856 0.062500 0.159021
0 1.0 0.770312 0.389908 0.078125 0.229358
0 1.0 0.937500 0.235474 0.125000 0.116208
0 1.0 0.657813 0.221713 0.246875 0.296636
0 1.0 0.804688 0.237003 0.168750 0.119266
0 1.0 0.199219 0.305810 0.051562 0.091743
0 1.0 0.136719 0.296636 0.135937 0.262997
0 1.0 0.137500 0.288991 0.268750 0.143731
0 1.0 0.041406 0.288991 0.082812 0.125382
0 1.0 0.066406 0.282875 0.039062 0.082569
0 1.0 0.763281 0.270642 0.107813 0.284404
0 1.0 0.677344 0.264526 0.073438 0.125382
0 1.0 0.407031 0.058104 0.129688 0.116208
0 1.0 0.318750 0.672783 0.637500 0.654434
0 1.0 0.133594 0.058104 0.076563 0.116208
0 1.0 0.140625 0.088685 0.221875 0.177370
0 1.0 0.081250 0.077982 0.046875 0.119266
0 1.0 0.125000 0.029052 0.087500 0.058104
0 1.0 0.094531 0.056575 0.092188 0.113150
0 1.0 0.027344 0.068807 0.054688 0.137615
0 1.0 0.062500 0.025994 0.068750 0.051988
0 1.0 0.811719 0.247706 0.126562 0.360856
0 1.0 0.241406 0.056575 0.070312 0.113150
0 1.0 0.050781 0.053517 0.082812 0.107034
0 1.0 0.717187 0.282875 0.081250 0.204893
0 1.0 0.703906 0.243119 0.279687 0.131498
0 1.0 0.666406 0.347095 0.070312 0.137615
0 1.0 0.681250 0.331804 0.031250 0.058104
0 1.0 0.346875 0.340979 0.096875 0.119266
0 1.0 0.592969 0.340979 0.026562 0.051988
0 1.0 0.557031 0.347095 0.079687 0.162080
0 1.0 0.359375 0.302752 0.268750 0.146789
0 1.0 0.813281 0.322630 0.092188 0.247706
0 1.0 0.822656 0.321101 0.039062 0.103976
0 1.0 0.522656 0.302752 0.092188 0.110092
0 1.0 0.725000 0.318043 0.046875 0.091743
0 1.0 0.375781 0.325688 0.048438 0.070336
0 1.0 0.297656 0.363914 0.048438 0.097859
0 1.0 0.342187 0.298165 0.175000 0.088685
0 1.0 0.303906 0.333333 0.082812 0.116208
0 1.0 0.577344 0.307339 0.060937 0.088685
0 1.0 0.350000 0.331804 0.025000 0.051988
0 1.0 0.248438 0.344037 0.031250 0.070336
0 1.0 0.508594 0.288991 0.251563 0.113150
0 1.0 0.432031 0.366972 0.048438 0.091743
0 1.0 0.540625 0.295107 0.034375 0.058104
0 1.0 0.427344 0.330275 0.110937 0.128440
0 1.0 0.431250 0.299694 0.043750 0.055046
0 1.0 0.503906 0.314985 0.039062 0.055046
0 1.0 0.412500 0.299694 0.284375 0.250765
0 1.0 0.047656 0.509174 0.095312 0.076453
0 1.0 0.730469 0.524465 0.042188 0.100917
0 1.0 0.956250 0.510703 0.065625 0.110092
0 1.0 0.920312 0.452599 0.159375 0.134557
0 1.0 0.902344 0.457187 0.195312 0.308869
0 1.0 0.238281 0.512232 0.242188 0.272171
0 1.0 0.190625 0.593272 0.043750 0.128440
0 1.0 0.199219 0.506116 0.254688 0.119266
0 1.0 0.187500 0.529052 0.084375 0.122324
0 1.0 0.074219 0.599388 0.039062 0.110092
0 1.0 0.137500 0.503058 0.140625 0.094801
0 1.0 0.130469 0.576453 0.073438 0.180428
0 1.0 0.457813 0.443425 0.246875 0.293578
0 1.0 0.492969 0.489297 0.035937 0.073394
0 1.0 0.660937 0.551988 0.034375 0.100917
0 1.0 0.694531 0.452599 0.189062 0.110092
0 1.0 0.667969 0.538226 0.026562 0.067278
0 1.0 0.590625 0.542813 0.040625 0.119266
0 1.0 0.604688 0.452599 0.187500 0.110092
0 1.0 0.608594 0.457187 0.229687 0.278287
0 1.0 0.292187 0.498471 0.053125 0.097859
0 1.0 0.332031 0.464832 0.148438 0.110092
0 1.0 0.870313 0.539755 0.043750 0.113150
0 1.0 0.823438 0.449541 0.021875 0.042813
0 1.0 0.878125 0.527523 0.028125 0.058104
0 1.0 0.809375 0.454128 0.162500 0.107034
0 1.0 0.562500 0.536697 0.053125 0.125382
0 1.0 0.592187 0.457187 0.053125 0.058104
0 1.0 0.828906 0.535168 0.026562 0.067278
0 1.0 0.817187 0.460245 0.225000 0.284404
0 1.0 0.772656 0.530581 0.048438 0.143731
0 1.0 0.786719 0.527523 0.029687 0.082569
0 1.0 0.772656 0.452599 0.245312 0.165138
0 1.0 0.723437 0.532110 0.059375 0.165138
0 1.0 0.710156 0.507645 0.289062 0.122324
0 1.0 0.446875 0.500000 0.190625 0.094801
0 1.0 0.269531 0.503058 0.132812 0.107034
0 1.0 0.626563 0.506116 0.184375 0.113150
0 1.0 0.795312 0.510703 0.025000 0.055046
0 1.0 0.809375 0.519878 0.071875 0.085627
0 1.0 0.560156 0.536697 0.120313 0.229358
0 1.0 0.780469 0.525994 0.123438 0.171254
0 1.0 0.782813 0.561162 0.040625 0.119266
0 1.0 0.539062 0.507645 0.131250 0.128440
0 1.0 0.446875 0.504587 0.090625 0.091743
0 1.0 0.408594 0.509174 0.242188 0.290520
0 1.0 0.414062 0.513761 0.100000 0.152905
0 1.0 0.344531 0.498471 0.167187 0.103976
0 1.0 0.281250 0.591743 0.037500 0.107034
0 1.0 0.279687 0.547401 0.090625 0.146789
0 1.0 0.965625 0.448012 0.068750 0.070336
0 1.0 0.235937 0.559633 0.056250 0.134557
0 1.0 0.315625 0.522936 0.078125 0.122324
0 1.0 0.514062 0.582569 0.040625 0.125382
0 1.0 0.546094 0.506116 0.085938 0.082569
0 1.0 0.442188 0.591743 0.031250 0.119266
0 1.0 0.439844 0.555046 0.089063 0.186544
0 1.0 0.507812 0.509174 0.068750 0.094801
0 1.0 0.470313 0.524465 0.103125 0.143731
0 1.0 0.712500 0.391437 0.243750 0.159021
0 1.0 0.663281 0.477064 0.054688 0.134557
0 1.0 0.672656 0.470948 0.029687 0.073394
0 1.0 0.585156 0.487768 0.057813 0.155963
0 1.0 0.648438 0.391437 0.187500 0.110092
0 1.0 0.586719 0.480122 0.032813 0.085627
0 1.0 0.560937 0.394495 0.275000 0.122324
0 1.0 0.559375 0.475535 0.059375 0.113150
0 1.0 0.878906 0.402141 0.139063 0.162080
0 1.0 0.818750 0.461774 0.062500 0.195719
0 1.0 0.836719 0.397554 0.151562 0.110092
0 1.0 0.828906 0.461774 0.026562 0.079511
0 1.0 0.728906 0.438838 0.051562 0.149847
0 1.0 0.784375 0.460245 0.034375 0.100917
0 1.0 0.433594 0.461774 0.082812 0.128440
0 1.0 0.355469 0.467890 0.051562 0.146789
0 1.0 0.317188 0.391437 0.237500 0.281346
0 1.0 0.333594 0.425076 0.067187 0.103976
0 1.0 0.242969 0.474006 0.048438 0.134557
0 1.0 0.257812 0.474006 0.025000 0.067278
0 1.0 0.248438 0.411315 0.156250 0.155963
0 1.0 0.300000 0.454128 0.059375 0.107034
0 1.0 0.558594 0.423547 0.129688 0.168196
0 1.0 0.517188 0.477064 0.062500 0.171254
0 1.0 0.521094 0.397554 0.120313 0.097859
0 1.0 0.511719 0.415902 0.148438 0.189602
0 1.0 0.437500 0.493884 0.043750 0.107034
0 1.0 0.466406 0.418960 0.114062 0.146789
0 1.0 0.391406 0.478593 0.057813 0.143731
0 1.0 0.421875 0.402141 0.250000 0.125382
0 1.0 0.364063 0.519878 0.037500 0.122324
0 1.0 0.375781 0.455657 0.020313 0.042813
0 1.0 0.385156 0.477064 0.039062 0.085627
0 1.0 0.378906 0.460245 0.101562 0.076453
0 1.0 0.070312 0.458716 0.140625 0.275229
0 1.0 0.049219 0.484709 0.064062 0.094801
0 1.0 0.342187 0.490826 0.025000 0.058104
0 1.0 0.304688 0.454128 0.034375 0.045872
0 1.0 0.251563 0.525994 0.028125 0.067278
0 1.0 0.256250 0.455657 0.243750 0.122324
0 1.0 0.290625 0.530581 0.028125 0.076453
0 1.0 0.521875 0.545872 0.034375 0.113150
0 1.0 0.527344 0.460245 0.120313 0.088685
0 1.0 0.499219 0.461774 0.245312 0.146789
0 1.0 0.406250 0.454128 0.240625 0.131498
0 1.0 0.442188 0.542813 0.025000 0.088685
0 1.0 0.546094 0.460245 0.020313 0.039755
0 1.0 0.200000 0.457187 0.037500 0.051988
0 1.0 0.392188 0.536697 0.043750 0.137615
0 1.0 0.068750 0.458716 0.021875 0.036697
0 1.0 0.025781 0.530581 0.045312 0.100917
0 1.0 0.034375 0.463303 0.068750 0.076453
0 1.0 0.721094 0.441896 0.079687 0.241590
0 1.0 0.952344 0.396024 0.095312 0.094801
0 1.0 0.866406 0.446483 0.070312 0.183486
0 1.0 0.925781 0.400612 0.148438 0.140673
0 1.0 0.266406 0.480122 0.082812 0.103976
0 1.0 0.198437 0.542813 0.037500 0.094801
0 1.0 0.228906 0.495413 0.026562 0.055046
0 1.0 0.871875 0.449541 0.037500 0.091743
0 1.0 0.153906 0.457187 0.220312 0.125382
0 1.0 0.075000 0.548930 0.046875 0.113150
0 1.0 0.162500 0.457187 0.037500 0.051988
0 1.0 0.101562 0.481651 0.096875 0.119266
0 1.0 0.139844 0.527523 0.067187 0.119266
0 1.0 0.728125 0.642202 0.518750 0.226300
0 1.0 0.734375 0.677370 0.331250 0.486239
0 1.0 0.203125 0.126911 0.218750 0.168196
0 1.0 0.135937 0.143731 0.103125 0.232416
0 1.0 0.184375 0.154434 0.093750 0.223242
0 1.0 0.083594 0.126911 0.167187 0.211009
0 1.0 0.035156 0.152905 0.070312 0.269113
0 1.0 0.061719 0.123853 0.123438 0.100917
0 1.0 0.516406 0.671254 0.326562 0.474006
0 1.0 0.428125 0.643731 0.681250 0.211009
0 1.0 0.363281 0.669725 0.176563 0.550459
0 1.0 0.381250 0.126911 0.187500 0.119266
0 1.0 0.343750 0.137615 0.159375 0.275229
0 1.0 0.286719 0.157492 0.085938 0.229358
0 1.0 0.239063 0.145260 0.106250 0.290520
0 1.0 0.829688 0.547401 0.340625 0.207951
0 1.0 0.247656 0.570336 0.223438 0.590214
0 1.0 0.296094 0.558104 0.592187 0.223242
0 1.0 0.280469 0.136086 0.054688 0.082569
0 1.0 0.823438 0.599388 0.337500 0.483180
0 1.0 0.238281 0.654434 0.420312 0.434251
0 1.0 0.835938 0.077982 0.175000 0.119266
0 1.0 0.878125 0.105505 0.103125 0.162080
0 1.0 0.863281 0.111621 0.242188 0.223242
0 1.0 0.782031 0.753823 0.435937 0.229358
0 1.0 0.386719 0.830275 0.567187 0.223242
0 1.0 0.939063 0.087156 0.121875 0.174312
0 1.0 0.396875 0.753823 0.693750 0.229358
0 1.0 0.371094 0.711009 0.389062 0.449541
0 1.0 0.964063 0.117737 0.059375 0.155963
0 1.0 0.649219 0.348624 0.557813 0.214067
0 1.0 0.765625 0.163609 0.106250 0.278287
0 1.0 0.781250 0.119266 0.278125 0.116208
0 1.0 0.768750 0.145260 0.256250 0.290520
0 1.0 0.712500 0.163609 0.109375 0.327217
0 1.0 0.438281 0.360856 0.389062 0.434251
0 1.0 0.920312 0.162080 0.121875 0.324159
0 1.0 0.660156 0.162080 0.142187 0.324159
0 1.0 0.653906 0.120795 0.295312 0.143731
0 1.0 0.221875 0.446483 0.443750 0.220183
0 1.0 0.356250 0.500000 0.228125 0.547401
0 1.0 0.847656 0.380734 0.185938 0.681957
0 1.0 0.443750 0.347095 0.546875 0.223242
0 1.0 0.792188 0.243119 0.415625 0.223242
0 1.0 0.128125 0.180428 0.228125 0.122324
0 1.0 0.055469 0.181957 0.110937 0.082569
0 1.0 0.749219 0.506116 0.185938 0.633028
0 1.0 0.732031 0.457187 0.535937 0.217125
0 1.0 0.496875 0.145260 0.134375 0.290520
0 1.0 0.489844 0.126911 0.260937 0.137615
0 1.0 0.452344 0.151376 0.107813 0.223242
0 1.0 0.628125 0.555046 0.568750 0.211009
0 1.0 0.634375 0.596330 0.403125 0.434251
0 1.0 0.642188 0.504587 0.228125 0.525994
0 1.0 0.544531 0.533639 0.182812 0.590214
0 1.0 0.452344 0.518349 0.210938 0.620795
0 1.0 0.443750 0.455657 0.578125 0.220183
0 1.0 0.475000 0.136086 0.106250 0.131498
0 1.0 0.599219 0.154434 0.129688 0.308869
0 1.0 0.770312 0.056575 0.056250 0.107034
0 1.0 0.781250 0.035168 0.209375 0.070336
0 1.0 0.780469 0.056575 0.045312 0.070336
0 1.0 0.717969 0.059633 0.070312 0.119266
0 1.0 0.250000 0.874618 0.500000 0.250765
0 1.0 0.615625 0.701835 0.768750 0.321101
0 1.0 0.828906 0.053517 0.057813 0.082569
0 1.0 0.707031 0.076453 0.251563 0.152905
0 1.0 0.474219 0.551988 0.535937 0.596330
0 1.0 0.130469 0.625382 0.260937 0.749235
0 1.0 0.285156 0.059633 0.057813 0.119266
0 1.0 0.275781 0.032110 0.117188 0.064220
0 1.0 0.300781 0.077982 0.239063 0.155963
0 1.0 0.194531 0.056575 0.089063 0.113150
0 1.0 0.173437 0.045872 0.187500 0.091743
0 1.0 0.242188 0.061162 0.150000 0.122324
0 1.0 0.342187 0.065749 0.078125 0.131498
0 1.0 0.325000 0.025994 0.046875 0.051988
0 1.0 0.479687 0.041284 0.109375 0.082569
0 1.0 0.441406 0.088685 0.242188 0.177370
0 1.0 0.662500 0.064220 0.090625 0.128440
0 1.0 0.657031 0.033639 0.214062 0.067278
0 1.0 0.598437 0.067278 0.087500 0.134557
0 1.0 0.547656 0.073394 0.079687 0.146789
0 1.0 0.564063 0.032110 0.140625 0.064220
0 1.0 0.418750 0.035168 0.237500 0.070336
0 1.0 0.496875 0.084098 0.071875 0.168196
0 1.0 0.451562 0.056575 0.050000 0.107034
0 1.0 0.499219 0.027523 0.048438 0.055046
0 1.0 0.560937 0.081040 0.246875 0.162080
0 1.0 0.389844 0.117737 0.117188 0.235474
0 1.0 0.550000 0.129969 0.112500 0.259939
0 1.0 0.776563 0.110092 0.071875 0.140673
0 1.0 0.169531 0.923547 0.339062 0.152905
0 1.0 0.638281 0.842508 0.501563 0.211009
0 1.0 0.963281 0.056575 0.042188 0.094801
0 1.0 0.945312 0.033639 0.109375 0.067278
0 1.0 0.350781 0.125382 0.701562 0.250765
0 1.0 0.243750 0.302752 0.487500 0.293578
0 1.0 0.652344 0.125382 0.695312 0.250765
0 1.0 0.880469 0.061162 0.057813 0.085627
0 1.0 0.903906 0.044343 0.192188 0.088685
0 1.0 0.454688 0.923547 0.546875 0.152905
0 1.0 0.832812 0.923547 0.334375 0.152905
0 1.0 0.074219 0.126911 0.064062 0.186544
0 1.0 0.850781 0.827217 0.229687 0.308869
0 1.0 0.072656 0.886850 0.101562 0.226300
0 1.0 0.033594 0.892966 0.067187 0.214067
0 1.0 0.054688 0.918960 0.109375 0.094801
0 1.0 0.929688 0.873089 0.140625 0.119266
0 1.0 0.278906 0.917431 0.273438 0.140673
0 1.0 0.293750 0.914373 0.112500 0.128440
0 1.0 0.965625 0.873089 0.034375 0.088685
0 1.0 0.238281 0.873089 0.107813 0.253823
0 1.0 0.186719 0.891437 0.089063 0.217125
0 1.0 0.136719 0.885321 0.107813 0.229358
0 1.0 0.792969 0.860856 0.173437 0.247706
0 1.0 0.770312 0.810398 0.093750 0.281346
0 1.0 0.716406 0.877676 0.264062 0.146789
0 1.0 0.708594 0.839450 0.164062 0.290520
0 1.0 0.662500 0.821101 0.068750 0.229358
0 1.0 0.925000 0.851682 0.150000 0.266055
0 1.0 0.876563 0.831804 0.075000 0.226300
0 1.0 0.774219 0.880734 0.132812 0.116208
0 1.0 0.816406 0.885321 0.073438 0.107034
0 1.0 0.810937 0.854740 0.081250 0.211009
0 1.0 0.399219 0.854740 0.114062 0.290520
0 1.0 0.657031 0.917431 0.260937 0.140673
0 1.0 0.668750 0.879205 0.109375 0.198777
0 1.0 0.945312 0.922018 0.109375 0.155963
0 1.0 0.872656 0.889908 0.107813 0.220183
0 1.0 0.817187 0.917431 0.184375 0.122324
0 1.0 0.548438 0.856269 0.146875 0.256881
0 1.0 0.443750 0.862385 0.106250 0.275229
0 1.0 0.477344 0.918960 0.254688 0.131498
0 1.0 0.406250 0.865443 0.256250 0.262997
0 1.0 0.337500 0.900612 0.112500 0.174312
0 1.0 0.613281 0.851682 0.107813 0.290520
0 1.0 0.765625 0.816514 0.278125 0.128440
0 1.0 0.710938 0.819572 0.103125 0.134557
0 1.0 0.475000 0.813456 0.315625 0.134557
0 1.0 0.871875 0.816514 0.256250 0.128440
0 1.0 0.819531 0.825688 0.035937 0.073394
0 1.0 0.755469 0.818043 0.126562 0.100917
0 1.0 0.502344 0.821101 0.064062 0.107034
0 1.0 0.427344 0.813456 0.107813 0.134557
0 1.0 0.604688 0.816514 0.278125 0.128440
0 1.0 0.139063 0.818043 0.065625 0.082569
0 1.0 0.055469 0.813456 0.110937 0.091743
0 1.0 0.585156 0.830275 0.098437 0.119266
0 1.0 0.512500 0.822630 0.112500 0.146789
0 1.0 0.484375 0.876147 0.209375 0.125382
0 1.0 0.497656 0.877676 0.089063 0.122324
0 1.0 0.303906 0.870031 0.235937 0.143731
0 1.0 0.607812 0.877676 0.275000 0.146789
0 1.0 0.625000 0.813456 0.053125 0.226300
0 1.0 0.182031 0.870031 0.076563 0.100917
0 1.0 0.075781 0.801223 0.054688 0.159021
0 1.0 0.128125 0.866972 0.184375 0.107034
0 1.0 0.150000 0.870031 0.053125 0.082569
0 1.0 0.035937 0.830275 0.050000 0.180428
0 1.0 0.048438 0.866972 0.096875 0.076453
0 1.0 0.071875 0.870031 0.025000 0.051988
0 1.0 0.963281 0.831804 0.073438 0.250765
0 1.0 0.936719 0.814985 0.126562 0.107034
0 1.0 0.291406 0.871560 0.029687 0.067278
0 1.0 0.247656 0.830275 0.067187 0.186544
0 1.0 0.264062 0.874618 0.081250 0.103976
0 1.0 0.185938 0.813456 0.046875 0.134557
0 1.0 0.892188 0.177370 0.215625 0.177370
0 1.0 0.832812 0.183486 0.156250 0.116208
0 1.0 0.595313 0.214067 0.081250 0.195719
0 1.0 0.629687 0.181957 0.246875 0.137615
0 1.0 0.142187 0.249235 0.265625 0.314985
0 1.0 0.066406 0.232416 0.104688 0.299694
0 1.0 0.131250 0.240061 0.250000 0.125382
0 1.0 0.305469 0.232416 0.242188 0.275229
0 1.0 0.311719 0.252294 0.123438 0.149847
0 1.0 0.235937 0.244648 0.087500 0.299694
0 1.0 0.027344 0.258410 0.054688 0.217125
0 1.0 0.039844 0.238532 0.079687 0.097859
0 1.0 0.937500 0.180428 0.125000 0.116208
0 1.0 0.961719 0.223242 0.067187 0.214067
0 1.0 0.359375 0.246177 0.537500 0.217125
0 1.0 0.341406 0.194190 0.101562 0.241590
0 1.0 0.388281 0.185015 0.173437 0.107034
0 1.0 0.311719 0.180428 0.182812 0.146789
0 1.0 0.324219 0.191131 0.039062 0.076453
0 1.0 0.226562 0.174312 0.278125 0.134557
0 1.0 0.486719 0.185015 0.254688 0.168196
0 1.0 0.192188 0.180428 0.034375 0.067278
0 1.0 0.481250 0.192661 0.121875 0.110092
0 1.0 0.557031 0.211009 0.076563 0.201835
0 1.0 0.515625 0.943425 0.137500 0.113150
0 1.0 0.450000 0.925076 0.081250 0.149847
0 1.0 0.531250 0.963303 0.065625 0.055046
0 1.0 0.220312 0.241590 0.228125 0.146789
0 1.0 0.462500 0.964832 0.100000 0.070336
0 1.0 0.412500 0.951070 0.112500 0.097859
0 1.0 0.350781 0.967890 0.082812 0.064220
0 1.0 0.703125 0.952599 0.125000 0.094801
0 1.0 0.610938 0.920489 0.090625 0.159021
0 1.0 0.673438 0.960245 0.065625 0.055046
0 1.0 0.553125 0.920489 0.100000 0.159021
0 1.0 0.614062 0.961774 0.071875 0.058104
0 1.0 0.584375 0.952599 0.137500 0.094801
0 1.0 0.239063 0.928135 0.081250 0.143731
0 1.0 0.570312 0.958716 0.062500 0.058104
0 1.0 0.186719 0.964832 0.107813 0.070336
0 1.0 0.143750 0.951070 0.115625 0.097859
0 1.0 0.089063 0.944954 0.150000 0.110092
0 1.0 0.050000 0.963303 0.071875 0.061162
0 1.0 0.968750 0.937309 0.050000 0.125382
0 1.0 0.270313 0.967890 0.084375 0.064220
0 1.0 0.236719 0.964832 0.095312 0.064220
0 1.0 0.201563 0.951070 0.184375 0.097859
0 1.0 0.293750 0.295107 0.046875 0.125382
0 1.0 0.296094 0.253823 0.048438 0.061162
0 1.0 0.445312 0.288991 0.056250 0.119266
0 1.0 0.446875 0.264526 0.125000 0.155963
0 1.0 0.389062 0.262997 0.093750 0.226300
0 1.0 0.538281 0.079511 0.557813 0.159021
0 1.0 0.191406 0.238532 0.110937 0.281346
0 1.0 0.559375 0.920489 0.234375 0.159021
0 1.0 0.794531 0.951070 0.170313 0.097859
0 1.0 0.806250 0.961774 0.090625 0.064220
0 1.0 0.750781 0.963303 0.076563 0.061162
0 1.0 0.412500 0.235474 0.203125 0.183486
0 1.0 0.342969 0.301223 0.060937 0.143731
0 1.0 0.898438 0.963303 0.128125 0.073394
0 1.0 0.871875 0.940367 0.081250 0.119266
0 1.0 0.826562 0.964832 0.037500 0.045872
0 1.0 0.089844 0.458716 0.179688 0.623853
0 1.0 0.561719 0.770642 0.110937 0.122324
0 1.0 0.358594 0.116208 0.332813 0.232416
0 1.0 0.299219 0.373089 0.298438 0.746177
0 1.0 0.171875 0.347095 0.343750 0.620795
0 1.0 0.435937 0.183486 0.278125 0.366972
0 1.0 0.252344 0.169725 0.364063 0.339450
0 1.0 0.678125 0.337920 0.643750 0.675841
0 1.0 0.442969 0.252294 0.885938 0.455657
0 1.0 0.316406 0.816514 0.039062 0.079511
0 1.0 0.667188 0.666667 0.665625 0.666667
0 1.0 0.753125 0.237003 0.368750 0.449541
0 1.0 0.642188 0.344037 0.390625 0.467890
0 1.0 0.355469 0.249235 0.257812 0.455657
0 1.0 0.549219 0.241590 0.389062 0.434251
0 1.0 0.582812 0.709480 0.071875 0.103976