0 1.0 0.393750 0.573347 0.112500 0.340909
0 1.0 0.282031 0.581612 0.095312 0.299587
0 1.0 0.560156 0.567149 0.098437 0.295455
0 1.0 0.503125 0.571281 0.068750 0.278926
0 1.0 0.445312 0.567149 0.081250 0.299587
0 1.0 0.460938 0.349174 0.159375 0.214876
0 1.0 0.810156 0.611570 0.107813 0.198347
0 1.0 0.804688 0.619835 0.228125 0.169421
0 1.0 0.521094 0.598140 0.223438 0.121901
0 1.0 0.350781 0.635331 0.120313 0.221074
0 1.0 0.501563 0.583678 0.200000 0.291322
0 1.0 0.442969 0.599174 0.201563 0.107438
0 1.0 0.703906 0.605372 0.264062 0.128099
0 1.0 0.722656 0.566116 0.082812 0.252066
0 1.0 0.712500 0.559917 0.234375 0.289256
0 1.0 0.923438 0.599174 0.153125 0.247934
0 1.0 0.269531 0.668388 0.245312 0.126033
0 1.0 0.604688 0.598140 0.225000 0.130165
0 1.0 0.818750 0.623967 0.059375 0.086777
0 1.0 0.294531 0.591942 0.042188 0.084711
0 1.0 0.197656 0.595041 0.104688 0.272727
0 1.0 0.214844 0.596074 0.264062 0.134298
0 1.0 0.200000 0.587810 0.234375 0.291322
0 1.0 0.135156 0.607438 0.104688 0.223140
0 1.0 0.510156 0.598140 0.026562 0.064050
0 1.0 0.657031 0.612603 0.242188 0.233471
0 1.0 0.667188 0.655992 0.125000 0.117769
0 1.0 0.224219 0.591942 0.082812 0.113636
0 1.0 0.667188 0.566116 0.103125 0.243802
0 1.0 0.347656 0.595041 0.235937 0.119835
0 1.0 0.357031 0.590909 0.095312 0.119835
0 1.0 0.113281 0.649793 0.214062 0.262397
0 1.0 0.024219 0.694215 0.045312 0.136364
0 1.0 0.046875 0.665289 0.093750 0.066116
0 1.0 0.061719 0.673554 0.026562 0.045455
0 1.0 0.292969 0.613636 0.189062 0.318182
0 1.0 0.296875 0.667355 0.040625 0.074380
0 1.0 0.335156 0.671488 0.026562 0.061983
0 1.0 0.218750 0.664256 0.068750 0.084711
0 1.0 0.144531 0.663223 0.060937 0.070248
0 1.0 0.545312 0.660124 0.081250 0.121901
0 1.0 0.410156 0.659091 0.310937 0.161157
0 1.0 0.511719 0.660124 0.245312 0.142562
0 1.0 0.757031 0.585744 0.107813 0.270661
0 1.0 0.582031 0.652893 0.123438 0.132231
0 1.0 0.963281 0.635331 0.039062 0.097107
0 1.0 0.945312 0.608471 0.109375 0.092975
0 1.0 0.776563 0.618802 0.071875 0.088843
0 1.0 0.877344 0.611570 0.120313 0.198347
0 1.0 0.168750 0.663223 0.093750 0.095041
0 1.0 0.131250 0.659091 0.215625 0.103306
0 1.0 0.471875 0.555785 0.090625 0.136364
0 1.0 0.139844 0.561983 0.182812 0.223140
0 1.0 0.076563 0.598140 0.075000 0.167355
0 1.0 0.134375 0.552686 0.215625 0.105372
0 1.0 0.403125 0.542355 0.315625 0.142562
0 1.0 0.251563 0.550620 0.165625 0.183884
0 1.0 0.560937 0.544421 0.278125 0.138430
0 1.0 0.867188 0.486570 0.140625 0.394628
0 1.0 0.789844 0.498967 0.054688 0.068182
0 1.0 0.809375 0.492769 0.162500 0.431818
0 1.0 0.814844 0.496901 0.289062 0.134298
0 1.0 0.134375 0.556818 0.090625 0.101240
0 1.0 0.025000 0.622934 0.037500 0.113636
0 1.0 0.085156 0.556818 0.076563 0.064050
0 1.0 0.072656 0.549587 0.145313 0.256198
0 1.0 0.911719 0.496901 0.176563 0.262397
0 1.0 0.952344 0.532025 0.067187 0.134298
0 1.0 0.948438 0.498967 0.103125 0.121901
0 1.0 0.758594 0.559917 0.057813 0.078512
0 1.0 0.762500 0.552686 0.300000 0.142562
0 1.0 0.174219 0.599174 0.095312 0.115702
0 1.0 0.140625 0.597107 0.196875 0.103306
0 1.0 0.154688 0.596074 0.053125 0.076446
0 1.0 0.069531 0.604339 0.079687 0.059917
0 1.0 0.874219 0.551653 0.251563 0.128099
0 1.0 0.086719 0.607438 0.026562 0.045455
0 1.0 0.788281 0.566116 0.104688 0.107438
0 1.0 0.053125 0.621901 0.090625 0.119835
0 1.0 0.960156 0.598140 0.042188 0.109504
0 1.0 0.509375 0.757231 0.190625 0.130165
0 1.0 0.499219 0.747934 0.248438 0.260331
0 1.0 0.445312 0.715909 0.100000 0.237603
0 1.0 0.174219 0.753099 0.270313 0.266529
0 1.0 0.129688 0.740702 0.115625 0.233471
0 1.0 0.164062 0.761364 0.131250 0.121901
0 1.0 0.432812 0.758264 0.128125 0.115702
0 1.0 0.396875 0.735537 0.256250 0.256198
0 1.0 0.339062 0.724174 0.106250 0.254132
0 1.0 0.319531 0.756198 0.245312 0.119835
0 1.0 0.660156 0.736570 0.129688 0.258264
0 1.0 0.680469 0.760331 0.164062 0.111570
0 1.0 0.607031 0.728306 0.098437 0.250000
0 1.0 0.617188 0.759298 0.212500 0.134298
0 1.0 0.292187 0.734504 0.131250 0.262397
0 1.0 0.309375 0.760331 0.050000 0.070248
0 1.0 0.241406 0.748967 0.110937 0.278926
0 1.0 0.504687 0.727273 0.103125 0.264463
0 1.0 0.801562 0.701446 0.156250 0.092975
0 1.0 0.875000 0.683884 0.168750 0.231405
0 1.0 0.850000 0.702479 0.075000 0.070248
0 1.0 0.075781 0.742769 0.092188 0.221074
0 1.0 0.116406 0.763430 0.070312 0.080579
0 1.0 0.027344 0.765496 0.051562 0.175620
0 1.0 0.038281 0.759298 0.076563 0.072314
0 1.0 0.776563 0.680785 0.200000 0.179752
0 1.0 0.712500 0.672521 0.115625 0.278926
0 1.0 0.102344 0.758264 0.204687 0.103306
0 1.0 0.042969 0.763430 0.035937 0.055785
0 1.0 0.965625 0.719008 0.062500 0.165289
0 1.0 0.922656 0.701446 0.154688 0.105372
0 1.0 0.261719 0.758264 0.117188 0.107438
0 1.0 0.185156 0.746901 0.107813 0.245868
0 1.0 0.180469 0.811983 0.182812 0.210744
0 1.0 0.836719 0.772727 0.067187 0.078512
0 1.0 0.858594 0.747934 0.260937 0.285124
0 1.0 0.813281 0.719008 0.110937 0.268595
0 1.0 0.817969 0.762397 0.310937 0.128099
0 1.0 0.115625 0.813017 0.231250 0.121901
0 1.0 0.080469 0.806818 0.142187 0.254132
0 1.0 0.111719 0.817149 0.095312 0.101240
0 1.0 0.052344 0.813017 0.104688 0.084711
0 1.0 0.050781 0.821281 0.045312 0.064050
0 1.0 0.331250 0.807851 0.250000 0.148760
0 1.0 0.247656 0.810950 0.264062 0.113636
0 1.0 0.955469 0.764463 0.089063 0.181818
0 1.0 0.930469 0.758264 0.139063 0.107438
0 1.0 0.770312 0.711777 0.096875 0.233471
0 1.0 0.487500 0.760331 0.087500 0.095041
0 1.0 0.395313 0.717975 0.106250 0.283058
0 1.0 0.780469 0.763430 0.145313 0.109504
0 1.0 0.721875 0.751033 0.265625 0.270661
0 1.0 0.610938 0.755165 0.256250 0.274793
0 1.0 0.554688 0.725207 0.100000 0.260331
0 1.0 0.187500 0.707645 0.071875 0.084711
0 1.0 0.125000 0.707645 0.181250 0.088843
0 1.0 0.144531 0.706612 0.048438 0.061983
0 1.0 0.039062 0.711777 0.078125 0.064050
0 1.0 0.035937 0.716942 0.071875 0.210744
0 1.0 0.048438 0.713843 0.028125 0.047521
0 1.0 0.965625 0.672521 0.050000 0.117769
0 1.0 0.292187 0.712810 0.056250 0.082645
0 1.0 0.204687 0.710744 0.225000 0.107438
0 1.0 0.513281 0.637397 0.117188 0.196281
0 1.0 0.510156 0.666322 0.039062 0.101240
0 1.0 0.421094 0.605372 0.217188 0.305785
0 1.0 0.760156 0.503099 0.170313 0.287190
0 1.0 0.926562 0.654959 0.146875 0.107438
0 1.0 0.793750 0.696281 0.346875 0.119835
0 1.0 0.450000 0.706612 0.175000 0.107438
0 1.0 0.494531 0.707645 0.057813 0.088843
0 1.0 0.740625 0.699380 0.146875 0.105372
0 1.0 0.621875 0.701446 0.156250 0.117769
0 1.0 0.529687 0.703512 0.293750 0.121901
0 1.0 0.183594 0.684917 0.154688 0.258264
0 1.0 0.224219 0.710744 0.082812 0.090909
0 1.0 0.338281 0.711777 0.198437 0.113636
0 1.0 0.690625 0.697314 0.128125 0.101240
0 1.0 0.327344 0.717975 0.032813 0.072314
0 1.0 0.557031 0.704545 0.126562 0.111570
0 1.0 0.554688 0.678719 0.246875 0.245868
0 1.0 0.195312 0.434917 0.037500 0.088843
0 1.0 0.239844 0.350207 0.151562 0.097107
0 1.0 0.195312 0.396694 0.078125 0.115702
0 1.0 0.191406 0.353306 0.254688 0.169421
0 1.0 0.215625 0.380165 0.043750 0.078512
0 1.0 0.138281 0.409091 0.051562 0.140496
0 1.0 0.710938 0.483471 0.112500 0.413223
0 1.0 0.137500 0.344008 0.225000 0.291322
0 1.0 0.149219 0.366736 0.110937 0.150826
0 1.0 0.078125 0.400826 0.068750 0.181818
0 1.0 0.131250 0.344008 0.103125 0.084711
0 1.0 0.388281 0.340909 0.273438 0.148760
0 1.0 0.342187 0.396694 0.093750 0.194215
0 1.0 0.664844 0.340909 0.173437 0.256198
0 1.0 0.598437 0.340909 0.109375 0.293388
0 1.0 0.370312 0.355372 0.115625 0.165289
0 1.0 0.259375 0.344008 0.243750 0.274793
0 1.0 0.296875 0.394628 0.106250 0.148760
0 1.0 0.339844 0.372934 0.054688 0.092975
0 1.0 0.232813 0.419421 0.071875 0.161157
0 1.0 0.241406 0.410124 0.045312 0.092975
0 1.0 0.292969 0.428719 0.045312 0.101240
0 1.0 0.808594 0.296488 0.073438 0.076446
0 1.0 0.882812 0.298554 0.050000 0.109504
0 1.0 0.856250 0.286157 0.225000 0.307851
0 1.0 0.873437 0.304752 0.146875 0.192149
0 1.0 0.805469 0.293388 0.157812 0.095041
0 1.0 0.828906 0.308884 0.060937 0.117769
0 1.0 0.085156 0.358471 0.170313 0.200413
0 1.0 0.761719 0.317149 0.101562 0.250000
0 1.0 0.775000 0.290289 0.306250 0.121901
0 1.0 0.774219 0.306818 0.045312 0.109504
0 1.0 0.759375 0.299587 0.265625 0.280992
0 1.0 0.714063 0.322314 0.121875 0.268595
0 1.0 0.024219 0.379132 0.039062 0.121901
0 1.0 0.065625 0.342975 0.103125 0.082645
0 1.0 0.954688 0.340909 0.043750 0.123967
0 1.0 0.935156 0.289256 0.129688 0.099174
0 1.0 0.926562 0.298554 0.146875 0.270661
0 1.0 0.830469 0.349174 0.195312 0.132231
0 1.0 0.872656 0.368802 0.070312 0.171488
0 1.0 0.820312 0.372934 0.140625 0.250000
0 1.0 0.029687 0.461777 0.053125 0.159091
0 1.0 0.076563 0.398760 0.153125 0.090909
0 1.0 0.060937 0.407025 0.071875 0.082645
0 1.0 0.956250 0.363636 0.031250 0.074380
0 1.0 0.928906 0.344008 0.142187 0.121901
0 1.0 0.230469 0.410124 0.148438 0.084711
0 1.0 0.196094 0.457645 0.060937 0.113636
0 1.0 0.944531 0.377066 0.057813 0.113636
0 1.0 0.546875 0.330579 0.209375 0.181818
0 1.0 0.700000 0.338843 0.284375 0.144628
0 1.0 0.403906 0.362603 0.117188 0.233471
0 1.0 0.835938 0.242769 0.131250 0.101240
0 1.0 0.818750 0.238636 0.300000 0.142562
0 1.0 0.121875 0.288223 0.153125 0.101240
0 1.0 0.032813 0.317149 0.053125 0.171488
0 1.0 0.057031 0.289256 0.092188 0.074380
0 1.0 0.962500 0.279959 0.056250 0.159091
0 1.0 0.936719 0.236570 0.126562 0.113636
0 1.0 0.577344 0.253099 0.114062 0.113636
0 1.0 0.565625 0.252066 0.221875 0.252066
0 1.0 0.187500 0.068182 0.078125 0.136364
0 1.0 0.196094 0.033058 0.123438 0.066116
0 1.0 0.185938 0.082645 0.243750 0.165289
0 1.0 0.133594 0.068182 0.073438 0.136364
0 1.0 0.706250 0.238636 0.293750 0.138430
0 1.0 0.135937 0.044421 0.184375 0.088843
0 1.0 0.075000 0.066116 0.065625 0.128099
0 1.0 0.125000 0.028926 0.084375 0.057851
0 1.0 0.103125 0.080579 0.206250 0.161157
0 1.0 0.706250 0.258264 0.171875 0.219008
0 1.0 0.023438 0.061983 0.040625 0.103306
0 1.0 0.547656 0.287190 0.095312 0.161157
0 1.0 0.600781 0.284091 0.070312 0.163223
0 1.0 0.498437 0.319215 0.090625 0.171488
0 1.0 0.493750 0.301653 0.200000 0.173554
0 1.0 0.525000 0.303719 0.034375 0.070248
0 1.0 0.718750 0.303719 0.065625 0.136364
0 1.0 0.672656 0.303719 0.079687 0.152893
0 1.0 0.626563 0.288223 0.181250 0.134298
0 1.0 0.192188 0.345041 0.056250 0.136364
0 1.0 0.242188 0.297521 0.128125 0.090909
0 1.0 0.192188 0.316116 0.090625 0.148760
0 1.0 0.221094 0.314050 0.029687 0.061983
0 1.0 0.429688 0.303719 0.181250 0.144628
0 1.0 0.146875 0.319215 0.050000 0.105372
0 1.0 0.067187 0.329545 0.084375 0.229339
0 1.0 0.071875 0.308884 0.037500 0.088843
0 1.0 0.435156 0.299587 0.042188 0.066116
0 1.0 0.384375 0.309917 0.059375 0.099174
0 1.0 0.348438 0.295455 0.225000 0.115702
0 1.0 0.303125 0.322314 0.106250 0.152893
0 1.0 0.340625 0.321281 0.031250 0.064050
0 1.0 0.233594 0.341942 0.079687 0.167355
0 1.0 0.264062 0.288223 0.237500 0.113636
0 1.0 0.242188 0.336777 0.040625 0.078512
0 1.0 0.299219 0.348140 0.060937 0.134298
0 1.0 0.824219 0.435950 0.289062 0.132231
0 1.0 0.361719 0.395661 0.245312 0.163223
0 1.0 0.056250 0.510331 0.068750 0.074380
0 1.0 0.025781 0.571281 0.042188 0.126033
0 1.0 0.263281 0.493802 0.254688 0.136364
0 1.0 0.956250 0.483471 0.037500 0.095041
0 1.0 0.918750 0.429752 0.109375 0.161157
0 1.0 0.954688 0.450413 0.090625 0.132231
0 1.0 0.557813 0.456612 0.134375 0.305785
0 1.0 0.546875 0.441116 0.225000 0.171488
0 1.0 0.494531 0.449380 0.101562 0.345041
0 1.0 0.454688 0.443182 0.084375 0.283058
0 1.0 0.469531 0.440083 0.235937 0.140496
0 1.0 0.442188 0.427686 0.221875 0.342975
0 1.0 0.703906 0.444215 0.279687 0.136364
0 1.0 0.587500 0.466942 0.056250 0.173554
0 1.0 0.835938 0.436983 0.028125 0.051653
0 1.0 0.867188 0.432851 0.100000 0.204545
0 1.0 0.552344 0.494835 0.289062 0.130165
0 1.0 0.440625 0.497934 0.306250 0.132231
0 1.0 0.687500 0.498967 0.268750 0.130165
0 1.0 0.453906 0.508264 0.145313 0.243802
0 1.0 0.054688 0.569215 0.084375 0.109504
0 1.0 0.603906 0.511364 0.195312 0.324380
0 1.0 0.801562 0.502066 0.131250 0.115702
0 1.0 0.191406 0.555785 0.064062 0.194215
0 1.0 0.168750 0.502066 0.171875 0.111570
0 1.0 0.085938 0.545455 0.081250 0.140496
0 1.0 0.113281 0.506198 0.132812 0.107438
0 1.0 0.334375 0.548554 0.087500 0.254132
0 1.0 0.253125 0.561983 0.084375 0.268595
0 1.0 0.350781 0.538223 0.217188 0.311983
0 1.0 0.514844 0.386364 0.289062 0.136364
0 1.0 0.669531 0.393595 0.282813 0.142562
0 1.0 0.253906 0.418388 0.176563 0.179752
0 1.0 0.141406 0.462810 0.060937 0.152893
0 1.0 0.152344 0.464876 0.035937 0.086777
0 1.0 0.156250 0.409091 0.159375 0.119835
0 1.0 0.071094 0.459711 0.073438 0.175620
0 1.0 0.075781 0.459711 0.048438 0.105372
0 1.0 0.341406 0.428719 0.139063 0.299587
0 1.0 0.335938 0.402893 0.159375 0.107438
0 1.0 0.293750 0.452479 0.100000 0.169421
0 1.0 0.233594 0.486570 0.067187 0.171488
0 1.0 0.243750 0.487603 0.034375 0.086777
0 1.0 0.194531 0.520661 0.035937 0.095041
0 1.0 0.276562 0.457645 0.025000 0.043388
0 1.0 0.509375 0.448347 0.031250 0.049587
0 1.0 0.225000 0.489669 0.037500 0.070248
0 1.0 0.202344 0.455579 0.042188 0.055785
0 1.0 0.153906 0.517562 0.032813 0.068182
0 1.0 0.153906 0.456612 0.220312 0.140496
0 1.0 0.137500 0.470041 0.237500 0.278926
0 1.0 0.161719 0.482438 0.067187 0.092975
0 1.0 0.156250 0.452479 0.031250 0.045455
0 1.0 0.092188 0.520661 0.037500 0.078512
0 1.0 0.143750 0.529959 0.040625 0.101240
0 1.0 0.399219 0.448347 0.148438 0.219008
0 1.0 0.316406 0.451446 0.023438 0.043388
0 1.0 0.341406 0.450413 0.101562 0.078512
0 1.0 0.326562 0.485537 0.050000 0.086777
0 1.0 0.255469 0.520661 0.042188 0.107438
0 1.0 0.780469 0.385331 0.289062 0.154959
0 1.0 0.110156 0.452479 0.020313 0.037190
0 1.0 0.025781 0.508264 0.048438 0.103306
0 1.0 0.367969 0.466942 0.079687 0.132231
0 1.0 0.289062 0.527893 0.056250 0.150826
0 1.0 0.069531 0.453512 0.139063 0.262397
0 1.0 0.939844 0.392562 0.120313 0.119835
0 1.0 0.878125 0.390496 0.243750 0.148760
0 1.0 0.380469 0.640496 0.557813 0.206612
0 1.0 0.339062 0.796488 0.146875 0.254132
0 1.0 0.647656 0.558884 0.192188 0.502066
0 1.0 0.638281 0.553719 0.589063 0.239669
0 1.0 0.875000 0.136364 0.203125 0.252066
0 1.0 0.818750 0.177686 0.115625 0.285124
0 1.0 0.812500 0.125000 0.300000 0.138430
0 1.0 0.242188 0.601240 0.403125 0.396694
0 1.0 0.719531 0.153926 0.242188 0.295455
0 1.0 0.660937 0.199380 0.087500 0.188017
0 1.0 0.669531 0.133264 0.257812 0.154959
0 1.0 0.714844 0.186983 0.110937 0.270661
0 1.0 0.742188 0.475207 0.356250 0.442149
0 1.0 0.445312 0.546488 0.481250 0.278926
0 1.0 0.940625 0.128099 0.118750 0.111570
0 1.0 0.954688 0.166322 0.065625 0.146694
0 1.0 0.763281 0.174587 0.114062 0.295455
0 1.0 0.817187 0.123967 0.159375 0.115702
0 1.0 0.182812 0.138430 0.146875 0.272727
0 1.0 0.132031 0.149793 0.107813 0.274793
0 1.0 0.398438 0.138430 0.143750 0.276860
0 1.0 0.434375 0.135331 0.103125 0.113636
0 1.0 0.342969 0.152893 0.098437 0.264463
0 1.0 0.368750 0.128099 0.187500 0.111570
0 1.0 0.292969 0.155992 0.089063 0.237603
0 1.0 0.228906 0.134298 0.273438 0.128099
0 1.0 0.075000 0.148760 0.106250 0.289256
0 1.0 0.271094 0.140496 0.057813 0.078512
0 1.0 0.286719 0.134298 0.239063 0.268595
0 1.0 0.604688 0.208678 0.084375 0.194215
0 1.0 0.614062 0.157025 0.237500 0.301653
0 1.0 0.553906 0.192149 0.089063 0.198347
0 1.0 0.728125 0.645661 0.509375 0.196281
0 1.0 0.573438 0.131198 0.181250 0.101240
0 1.0 0.454688 0.751033 0.578125 0.208678
0 1.0 0.502344 0.193182 0.076563 0.192149
0 1.0 0.507031 0.133264 0.223438 0.154959
0 1.0 0.448437 0.199380 0.062500 0.150826
0 1.0 0.489844 0.132231 0.123438 0.090909
0 1.0 0.643750 0.340909 0.509375 0.243802
0 1.0 0.560156 0.418388 0.214062 0.473140
0 1.0 0.321094 0.199380 0.035937 0.072314
0 1.0 0.233594 0.192149 0.123438 0.322314
0 1.0 0.242188 0.178719 0.284375 0.130165
0 1.0 0.470313 0.445248 0.600000 0.221074
0 1.0 0.190625 0.184917 0.040625 0.084711
0 1.0 0.356250 0.183884 0.262500 0.169421
0 1.0 0.366406 0.194215 0.060937 0.103306
0 1.0 0.275000 0.373967 0.396875 0.425620
0 1.0 0.237500 0.351240 0.475000 0.206612
0 1.0 0.477344 0.202479 0.157812 0.128099
0 1.0 0.451562 0.190083 0.234375 0.305785
0 1.0 0.491406 0.226240 0.042188 0.076446
0 1.0 0.396875 0.220041 0.096875 0.254132
0 1.0 0.457813 0.353306 0.431250 0.276860
0 1.0 0.413281 0.186983 0.101562 0.084711
0 1.0 0.343750 0.227273 0.075000 0.194215
0 1.0 0.254688 0.396694 0.193750 0.566116
0 1.0 0.039844 0.182851 0.079687 0.105372
0 1.0 0.039844 0.191116 0.079687 0.250000
0 1.0 0.250781 0.453512 0.501563 0.196281
0 1.0 0.135937 0.179752 0.237500 0.173554
0 1.0 0.101562 0.178719 0.203125 0.307851
0 1.0 0.871094 0.048554 0.079687 0.092975
0 1.0 0.862500 0.042355 0.190625 0.084711
0 1.0 0.817969 0.075413 0.070312 0.134298
0 1.0 0.766406 0.069215 0.067187 0.130165
0 1.0 0.770312 0.044421 0.218750 0.088843
0 1.0 0.626563 0.699380 0.746875 0.283058
0 1.0 0.720313 0.060950 0.071875 0.101240
0 1.0 0.338281 0.493802 0.585938 0.508264
0 1.0 0.679688 0.342975 0.490625 0.545455
0 1.0 0.046094 0.081612 0.085938 0.097107
0 1.0 0.936719 0.044421 0.126562 0.088843
0 1.0 0.963281 0.048554 0.048438 0.080579
0 1.0 0.303125 0.056818 0.109375 0.113636
0 1.0 0.235156 0.072314 0.092188 0.144628
0 1.0 0.241406 0.044421 0.207813 0.088843
0 1.0 0.442969 0.061983 0.098437 0.123967
0 1.0 0.448437 0.081612 0.234375 0.163223
0 1.0 0.396094 0.084711 0.092188 0.169421
0 1.0 0.412500 0.034091 0.215625 0.068182
0 1.0 0.343750 0.066116 0.071875 0.132231
0 1.0 0.477344 0.041322 0.129688 0.082645
0 1.0 0.042188 0.037190 0.084375 0.074380
0 1.0 0.500000 0.027893 0.062500 0.055785
0 1.0 0.662500 0.069215 0.065625 0.130165
0 1.0 0.685156 0.033058 0.176563 0.066116
0 1.0 0.603125 0.071281 0.065625 0.138430
0 1.0 0.316406 0.026860 0.054688 0.053719
0 1.0 0.641406 0.878099 0.717187 0.243802
0 1.0 0.357812 0.880165 0.715625 0.239669
0 1.0 0.617188 0.044421 0.196875 0.088843
0 1.0 0.353125 0.081612 0.237500 0.163223
0 1.0 0.553906 0.072314 0.067187 0.144628
0 1.0 0.574219 0.032025 0.126562 0.064050
0 1.0 0.558594 0.081612 0.226562 0.163223
0 1.0 0.505469 0.079545 0.073438 0.159091
0 1.0 0.445312 0.063017 0.043750 0.092975
0 1.0 0.829688 0.849174 0.340625 0.210744
0 1.0 0.781250 0.076446 0.306250 0.136364
0 1.0 0.166406 0.924587 0.332813 0.150826
0 1.0 0.664844 0.123967 0.101562 0.161157
0 1.0 0.669531 0.081612 0.220312 0.150826
0 1.0 0.606250 0.136364 0.075000 0.148760
0 1.0 0.167187 0.849174 0.334375 0.202479
0 1.0 0.966406 0.127066 0.048438 0.138430
0 1.0 0.044531 0.129132 0.089063 0.109504
0 1.0 0.353906 0.123967 0.707812 0.247934
0 1.0 0.832812 0.922521 0.334375 0.154959
0 1.0 0.025000 0.118802 0.050000 0.163223
0 1.0 0.749219 0.123967 0.501563 0.247934
0 1.0 0.375781 0.077479 0.157812 0.105372
0 1.0 0.278125 0.084711 0.059375 0.078512
0 1.0 0.479687 0.081612 0.103125 0.113636
0 1.0 0.185156 0.914256 0.145313 0.167355
0 1.0 0.132031 0.899793 0.110937 0.200413
0 1.0 0.818750 0.810950 0.075000 0.175620
0 1.0 0.773438 0.795455 0.062500 0.140496
0 1.0 0.030469 0.913223 0.060937 0.173554
0 1.0 0.064844 0.917355 0.129688 0.099174
0 1.0 0.351562 0.914256 0.253125 0.146694
0 1.0 0.285156 0.885331 0.110937 0.229339
0 1.0 0.957031 0.869835 0.057813 0.107438
0 1.0 0.935937 0.871901 0.128125 0.144628
0 1.0 0.919531 0.860537 0.160938 0.262397
0 1.0 0.560937 0.826446 0.081250 0.140496
0 1.0 0.569531 0.868802 0.176563 0.130165
0 1.0 0.557031 0.853306 0.260937 0.256198
0 1.0 0.506250 0.807851 0.053125 0.111570
0 1.0 0.772656 0.865702 0.207813 0.140496
0 1.0 0.716406 0.802686 0.060937 0.126033
0 1.0 0.398438 0.818182 0.065625 0.140496
0 1.0 0.071875 0.896694 0.143750 0.206612
0 1.0 0.962500 0.861570 0.031250 0.082645
0 1.0 0.711719 0.851240 0.260937 0.260331
0 1.0 0.666406 0.801653 0.051562 0.111570
0 1.0 0.669531 0.865702 0.317188 0.119835
0 1.0 0.876563 0.818182 0.071875 0.157025
0 1.0 0.852344 0.876033 0.067187 0.086777
0 1.0 0.814063 0.870868 0.115625 0.258264
0 1.0 0.501563 0.881198 0.118750 0.237603
0 1.0 0.511719 0.915289 0.304688 0.123967
0 1.0 0.710156 0.878099 0.117188 0.243802
0 1.0 0.719531 0.917355 0.310937 0.119835
0 1.0 0.964063 0.919421 0.062500 0.161157
0 1.0 0.928906 0.920455 0.142187 0.109504
0 1.0 0.660937 0.881198 0.115625 0.237603
0 1.0 0.607031 0.880165 0.117188 0.239669
0 1.0 0.871875 0.877066 0.118750 0.245868
0 1.0 0.240625 0.887397 0.246875 0.225207
0 1.0 0.441406 0.888430 0.114062 0.223140
0 1.0 0.394531 0.877066 0.117188 0.245868
0 1.0 0.340625 0.881198 0.121875 0.237603
0 1.0 0.612500 0.917355 0.253125 0.144628
0 1.0 0.551562 0.883264 0.118750 0.233471
0 1.0 0.554688 0.796488 0.146875 0.283058
0 1.0 0.561719 0.808884 0.204687 0.138430
0 1.0 0.766406 0.801653 0.126562 0.322314
0 1.0 0.406250 0.863636 0.321875 0.119835
0 1.0 0.712500 0.810950 0.328125 0.121901
0 1.0 0.446875 0.809917 0.256250 0.268595
0 1.0 0.712500 0.789256 0.140625 0.247934
0 1.0 0.814844 0.811983 0.198437 0.111570
0 1.0 0.857031 0.818182 0.085938 0.095041
0 1.0 0.459375 0.807851 0.328125 0.128099
0 1.0 0.485156 0.810950 0.120313 0.113636
0 1.0 0.421875 0.814050 0.150000 0.119835
0 1.0 0.293750 0.819215 0.059375 0.072314
0 1.0 0.243750 0.867769 0.115625 0.111570
0 1.0 0.445312 0.789256 0.037500 0.070248
0 1.0 0.139844 0.844008 0.082812 0.138430
0 1.0 0.171875 0.869835 0.109375 0.111570
0 1.0 0.079687 0.845041 0.056250 0.115702
0 1.0 0.106250 0.868802 0.168750 0.097107
0 1.0 0.486719 0.870868 0.085938 0.097107
0 1.0 0.432031 0.868802 0.107813 0.105372
0 1.0 0.345313 0.798554 0.046875 0.092975
0 1.0 0.611719 0.786157 0.048438 0.105372
0 1.0 0.242188 0.834711 0.068750 0.128099
0 1.0 0.619531 0.816116 0.045312 0.090909
0 1.0 0.121875 0.870868 0.075000 0.088843
0 1.0 0.028125 0.860537 0.040625 0.126033
0 1.0 0.053125 0.868802 0.106250 0.076446
0 1.0 0.061719 0.873967 0.039062 0.061983
0 1.0 0.349219 0.821281 0.082812 0.134298
0 1.0 0.222656 0.866736 0.264062 0.109504
0 1.0 0.288281 0.821281 0.092188 0.146694
0 1.0 0.275781 0.873967 0.048438 0.070248
0 1.0 0.963281 0.829545 0.073438 0.221074
0 1.0 0.194531 0.824380 0.048438 0.107438
0 1.0 0.923438 0.810950 0.153125 0.105372
0 1.0 0.855469 0.183884 0.148438 0.115702
0 1.0 0.045312 0.959711 0.090625 0.080579
0 1.0 0.070312 0.234504 0.140625 0.109504
0 1.0 0.822656 0.183884 0.254688 0.181818
0 1.0 0.919531 0.190083 0.160938 0.276860
0 1.0 0.296875 0.282025 0.065625 0.183884
0 1.0 0.244531 0.246901 0.273438 0.121901
0 1.0 0.291406 0.258264 0.042188 0.066116
0 1.0 0.297656 0.242769 0.242188 0.291322
0 1.0 0.303125 0.255165 0.131250 0.175620
0 1.0 0.554688 0.076446 0.578125 0.152893
0 1.0 0.184375 0.256198 0.115625 0.239669
0 1.0 0.142969 0.236570 0.279687 0.130165
0 1.0 0.135156 0.243802 0.129688 0.276860
0 1.0 0.451562 0.264463 0.056250 0.123967
0 1.0 0.521875 0.198347 0.062500 0.066116
0 1.0 0.364844 0.259298 0.557813 0.208678
0 1.0 0.643750 0.350207 0.206250 0.473140
0 1.0 0.728125 0.256198 0.509375 0.235537
0 1.0 0.572656 0.198347 0.167187 0.123967
0 1.0 0.504687 0.267562 0.062500 0.142562
0 1.0 0.560156 0.148760 0.557813 0.223140
0 1.0 0.675781 0.189050 0.289062 0.126033
0 1.0 0.253906 0.947314 0.170313 0.105372
0 1.0 0.188281 0.934917 0.082812 0.130165
0 1.0 0.500000 0.961777 0.093750 0.068182
0 1.0 0.434375 0.959711 0.143750 0.080579
0 1.0 0.134375 0.961777 0.131250 0.076446
0 1.0 0.660937 0.927686 0.084375 0.144628
0 1.0 0.694531 0.961777 0.120313 0.076446
0 1.0 0.353906 0.962810 0.092188 0.070248
0 1.0 0.595313 0.960744 0.128125 0.078512
0 1.0 0.283594 0.959711 0.076563 0.080579
0 1.0 0.238281 0.924587 0.092188 0.150826
0 1.0 0.452344 0.314050 0.060937 0.128099
0 1.0 0.714844 0.933884 0.164062 0.132231
0 1.0 0.522656 0.262397 0.039062 0.066116
0 1.0 0.821094 0.933884 0.167187 0.132231
0 1.0 0.767188 0.923554 0.090625 0.152893
0 1.0 0.489844 0.250000 0.217188 0.107438
0 1.0 0.396094 0.288223 0.079687 0.183884
0 1.0 0.475781 0.261364 0.048438 0.068182
0 1.0 0.872656 0.925620 0.089063 0.148760
0 1.0 0.345313 0.301653 0.071875 0.177686
0 1.0 0.388281 0.245868 0.245312 0.107438
0 1.0 0.852344 0.960744 0.142187 0.078512
0 1.0 0.546094 0.962810 0.095312 0.070248
0 1.0 0.447656 0.933884 0.076563 0.132231
0 1.0 0.746875 0.961777 0.131250 0.076446
0 1.0 0.514844 0.946281 0.207813 0.107438
0 1.0 0.970313 0.955579 0.056250 0.088843
0 1.0 0.939063 0.959711 0.121875 0.080579
0 1.0 0.860938 0.964876 0.071875 0.061983
0 1.0 0.353125 0.744835 0.403125 0.390496
0 1.0 0.349219 0.716942 0.204687 0.549587
0 1.0 0.249219 0.724174 0.185938 0.551653
0 1.0 0.546875 0.750000 0.203125 0.500000
0 1.0 0.836719 0.622934 0.245312 0.464876
0 1.0 0.077344 0.644628 0.154688 0.557851
0 1.0 0.142187 0.722107 0.221875 0.547521
0 1.0 0.447656 0.657025 0.073438 0.128099
0 1.0 0.449219 0.886364 0.332813 0.227273
0 1.0 0.514844 0.206612 0.845313 0.413223
0 1.0 0.761719 0.752066 0.223438 0.495868
0 1.0 0.352344 0.227273 0.223438 0.454545
0 1.0 0.507031 0.798554 0.876563 0.402893
0 1.0 0.825781 0.460744 0.345313 0.880165
0 1.0 0.675000 0.663223 0.650000 0.673554
0 1.0 0.518750 0.491736 0.515625 0.772727
0 1.0 0.553125 0.598140 0.078125 0.109504
0 1.0 0.170313 0.241736 0.340625 0.458678
0 1.0 0.071875 0.354339 0.143750 0.601240
0 1.0 0.925781 0.644628 0.148438 0.557851
0 1.0 0.122656 0.506198 0.245312 0.719008
0 1.0 0.499219 0.246901 0.285938 0.493802