0 1.0 0.500000 0.498958 1.000000 0.847917
0 1.0 0.654687 0.558333 0.259375 0.266667
0 1.0 0.605469 0.583333 0.089063 0.191667
0 1.0 0.626563 0.545833 0.190625 0.129167
0 1.0 0.548438 0.588542 0.100000 0.193750
0 1.0 0.557031 0.548958 0.254688 0.177083
0 1.0 0.501563 0.582292 0.093750 0.197917
0 1.0 0.816406 0.579167 0.101562 0.237500
0 1.0 0.852344 0.545833 0.220312 0.125000
0 1.0 0.825781 0.568750 0.060937 0.125000
0 1.0 0.833594 0.556250 0.279687 0.295833
0 1.0 0.763281 0.620833 0.082812 0.170833
0 1.0 0.770312 0.553125 0.287500 0.164583
0 1.0 0.664062 0.583333 0.096875 0.237500
0 1.0 0.709375 0.608333 0.087500 0.191667
0 1.0 0.503906 0.559375 0.279687 0.285417
0 1.0 0.296094 0.526042 0.135937 0.327083
0 1.0 0.253125 0.556250 0.100000 0.100000
0 1.0 0.239063 0.552083 0.109375 0.329167
0 1.0 0.223438 0.550000 0.237500 0.116667
0 1.0 0.448437 0.576042 0.065625 0.156250
0 1.0 0.187500 0.585417 0.062500 0.191667
0 1.0 0.192969 0.556250 0.251563 0.279167
0 1.0 0.132031 0.577083 0.076563 0.225000
0 1.0 0.481250 0.555208 0.206250 0.114583
0 1.0 0.394531 0.539583 0.135937 0.345833
0 1.0 0.414844 0.554167 0.179688 0.133333
0 1.0 0.316406 0.552083 0.151562 0.095833
0 1.0 0.342969 0.542708 0.154688 0.235417
0 1.0 0.307031 0.606250 0.189062 0.100000
0 1.0 0.855469 0.550000 0.051562 0.075000
0 1.0 0.270313 0.604167 0.046875 0.066667
0 1.0 0.289062 0.587500 0.221875 0.300000
0 1.0 0.221094 0.594792 0.232813 0.110417
0 1.0 0.539062 0.604167 0.268750 0.120833
0 1.0 0.559375 0.607292 0.103125 0.102083
0 1.0 0.447656 0.610417 0.057813 0.075000
0 1.0 0.445312 0.635417 0.075000 0.191667
0 1.0 0.521094 0.614583 0.042188 0.062500
0 1.0 0.464844 0.612500 0.151562 0.200000
0 1.0 0.410156 0.606250 0.232813 0.100000
0 1.0 0.064062 0.603125 0.040625 0.056250
0 1.0 0.068750 0.607292 0.137500 0.260417
0 1.0 0.957031 0.616667 0.042188 0.116667
0 1.0 0.947656 0.550000 0.104688 0.108333
0 1.0 0.917188 0.548958 0.165625 0.164583
0 1.0 0.143750 0.552083 0.218750 0.162500
0 1.0 0.872656 0.548958 0.079687 0.097917
0 1.0 0.192188 0.609375 0.153125 0.197917
0 1.0 0.127344 0.600000 0.204687 0.104167
0 1.0 0.032813 0.622917 0.065625 0.208333
0 1.0 0.131250 0.604167 0.059375 0.075000
0 1.0 0.052344 0.597917 0.104688 0.066667
0 1.0 0.183594 0.504167 0.217188 0.116667
0 1.0 0.182031 0.513542 0.089063 0.189583
0 1.0 0.125000 0.546875 0.156250 0.097917
0 1.0 0.133594 0.472917 0.251563 0.325000
0 1.0 0.073438 0.502083 0.103125 0.262500
0 1.0 0.122656 0.504167 0.148438 0.104167
0 1.0 0.026562 0.530208 0.046875 0.160417
0 1.0 0.407031 0.488542 0.235937 0.160417
0 1.0 0.350781 0.492708 0.173437 0.106250
0 1.0 0.239844 0.490625 0.179688 0.227083
0 1.0 0.264062 0.496875 0.168750 0.097917
0 1.0 0.286719 0.493750 0.079687 0.087500
0 1.0 0.882031 0.478125 0.204687 0.189583
0 1.0 0.822656 0.511458 0.064062 0.127083
0 1.0 0.835156 0.514583 0.039062 0.070833
0 1.0 0.772656 0.502083 0.067187 0.120833
0 1.0 0.806250 0.453125 0.134375 0.093750
0 1.0 0.065625 0.503125 0.109375 0.085417
0 1.0 0.782813 0.456250 0.293750 0.150000
0 1.0 0.713281 0.500000 0.073438 0.137500
0 1.0 0.737500 0.454167 0.187500 0.100000
0 1.0 0.718750 0.487500 0.053125 0.079167
0 1.0 0.711719 0.456250 0.279687 0.229167
0 1.0 0.664844 0.520833 0.051562 0.108333
0 1.0 0.785937 0.496875 0.040625 0.064583
0 1.0 0.958594 0.528125 0.039062 0.102083
0 1.0 0.948438 0.454167 0.103125 0.087500
0 1.0 0.946875 0.502083 0.056250 0.100000
0 1.0 0.874219 0.459375 0.035937 0.056250
0 1.0 0.888281 0.514583 0.054688 0.091667
0 1.0 0.892969 0.525000 0.082812 0.150000
0 1.0 0.765625 0.558333 0.081250 0.154167
0 1.0 0.056250 0.547917 0.059375 0.079167
0 1.0 0.048438 0.553125 0.096875 0.139583
0 1.0 0.956250 0.573958 0.037500 0.106250
0 1.0 0.932031 0.496875 0.135937 0.122917
0 1.0 0.549219 0.519792 0.117188 0.193750
0 1.0 0.505469 0.506250 0.123438 0.212500
0 1.0 0.447656 0.498958 0.073438 0.172917
0 1.0 0.450781 0.483333 0.260937 0.275000
0 1.0 0.775000 0.516667 0.178125 0.170833
0 1.0 0.710156 0.514583 0.207813 0.195833
0 1.0 0.605469 0.539583 0.064062 0.150000
0 1.0 0.613281 0.501042 0.289062 0.147917
0 1.0 0.544531 0.716667 0.157812 0.320833
0 1.0 0.567187 0.709375 0.106250 0.114583
0 1.0 0.502344 0.707292 0.310937 0.131250
0 1.0 0.514844 0.709375 0.148438 0.122917
0 1.0 0.446094 0.725000 0.101562 0.262500
0 1.0 0.494531 0.718750 0.073438 0.083333
0 1.0 0.449219 0.709375 0.242188 0.277083
0 1.0 0.387500 0.709375 0.306250 0.131250
0 1.0 0.769531 0.723958 0.182812 0.252083
0 1.0 0.710938 0.725000 0.118750 0.354167
0 1.0 0.731250 0.712500 0.284375 0.125000
0 1.0 0.750000 0.715625 0.128125 0.118750
0 1.0 0.663281 0.721875 0.129688 0.385417
0 1.0 0.700781 0.714583 0.104688 0.112500
0 1.0 0.604688 0.718750 0.131250 0.379167
0 1.0 0.629687 0.709375 0.109375 0.122917
0 1.0 0.204687 0.714583 0.209375 0.120833
0 1.0 0.192188 0.707292 0.131250 0.243750
0 1.0 0.180469 0.706250 0.270313 0.275000
0 1.0 0.128125 0.703125 0.131250 0.322917
0 1.0 0.425000 0.716667 0.106250 0.112500
0 1.0 0.096094 0.710417 0.192188 0.112500
0 1.0 0.074219 0.704167 0.145313 0.291667
0 1.0 0.119531 0.712500 0.067187 0.091667
0 1.0 0.028906 0.728125 0.057813 0.231250
0 1.0 0.055469 0.710417 0.110937 0.083333
0 1.0 0.341406 0.706250 0.129688 0.300000
0 1.0 0.286719 0.721875 0.089063 0.227083
0 1.0 0.283594 0.722917 0.051562 0.070833
0 1.0 0.241406 0.721875 0.120313 0.260417
0 1.0 0.274219 0.720833 0.104688 0.100000
0 1.0 0.285938 0.766667 0.075000 0.100000
0 1.0 0.289062 0.768750 0.275000 0.291667
0 1.0 0.288281 0.770833 0.139063 0.187500
0 1.0 0.245312 0.763542 0.328125 0.139583
0 1.0 0.194531 0.776042 0.167187 0.193750
0 1.0 0.450000 0.763542 0.306250 0.135417
0 1.0 0.490625 0.770833 0.065625 0.100000
0 1.0 0.397656 0.778125 0.148438 0.322917
0 1.0 0.432031 0.766667 0.079687 0.120833
0 1.0 0.924219 0.709375 0.132812 0.327083
0 1.0 0.930469 0.721875 0.126562 0.143750
0 1.0 0.870313 0.712500 0.140625 0.333333
0 1.0 0.779687 0.721875 0.059375 0.072917
0 1.0 0.847656 0.736458 0.026562 0.060417
0 1.0 0.130469 0.769792 0.207813 0.252083
0 1.0 0.108594 0.759375 0.217188 0.122917
0 1.0 0.114062 0.765625 0.078125 0.102083
0 1.0 0.052344 0.758333 0.104688 0.091667
0 1.0 0.043750 0.763542 0.050000 0.072917
0 1.0 0.962500 0.765625 0.043750 0.156250
0 1.0 0.112500 0.661458 0.221875 0.106250
0 1.0 0.132031 0.667708 0.073438 0.089583
0 1.0 0.057813 0.658333 0.115625 0.075000
0 1.0 0.066406 0.667708 0.042188 0.060417
0 1.0 0.962500 0.672917 0.040625 0.125000
0 1.0 0.951562 0.605208 0.096875 0.097917
0 1.0 0.287500 0.657292 0.128125 0.239583
0 1.0 0.281250 0.671875 0.050000 0.072917
0 1.0 0.235937 0.661458 0.306250 0.127083
0 1.0 0.257031 0.666667 0.132812 0.116667
0 1.0 0.761719 0.619792 0.185938 0.214583
0 1.0 0.713281 0.597917 0.264062 0.120833
0 1.0 0.735156 0.601042 0.114062 0.114583
0 1.0 0.880469 0.602083 0.239063 0.129167
0 1.0 0.821094 0.606250 0.035937 0.054167
0 1.0 0.884375 0.596875 0.100000 0.214583
0 1.0 0.872656 0.607292 0.026562 0.052083
0 1.0 0.845313 0.604167 0.112500 0.116667
0 1.0 0.812500 0.687500 0.100000 0.245833
0 1.0 0.732812 0.663542 0.134375 0.127083
0 1.0 0.709375 0.668750 0.246875 0.341667
0 1.0 0.056250 0.714583 0.046875 0.066667
0 1.0 0.953906 0.658333 0.092188 0.095833
0 1.0 0.932813 0.663542 0.134375 0.147917
0 1.0 0.786719 0.666667 0.048438 0.062500
0 1.0 0.850000 0.679167 0.028125 0.054167
0 1.0 0.487500 0.667708 0.190625 0.118750
0 1.0 0.503125 0.673958 0.081250 0.106250
0 1.0 0.392969 0.651042 0.123438 0.293750
0 1.0 0.325781 0.668750 0.220312 0.154167
0 1.0 0.674219 0.671875 0.095312 0.231250
0 1.0 0.623437 0.658333 0.206250 0.120833
0 1.0 0.600000 0.659375 0.284375 0.347917
0 1.0 0.559375 0.662500 0.168750 0.150000
0 1.0 0.808594 0.220833 0.129688 0.345833
0 1.0 0.811719 0.236458 0.304688 0.135417
0 1.0 0.667969 0.477083 0.151562 0.137500
0 1.0 0.707812 0.207292 0.125000 0.364583
0 1.0 0.722656 0.237500 0.235937 0.162500
0 1.0 0.659375 0.204167 0.121875 0.358333
0 1.0 0.046094 0.285417 0.085938 0.091667
0 1.0 0.072656 0.288542 0.145313 0.247917
0 1.0 0.961719 0.242708 0.070312 0.322917
0 1.0 0.935937 0.234375 0.128125 0.118750
0 1.0 0.869531 0.237500 0.210938 0.266667
0 1.0 0.924219 0.228125 0.123438 0.377083
0 1.0 0.854688 0.242708 0.131250 0.135417
0 1.0 0.504687 0.232292 0.187500 0.285417
0 1.0 0.440625 0.222917 0.140625 0.379167
0 1.0 0.458594 0.233333 0.264062 0.145833
0 1.0 0.494531 0.239583 0.073438 0.120833
0 1.0 0.445312 0.235417 0.075000 0.125000
0 1.0 0.328125 0.223958 0.137500 0.352083
0 1.0 0.363281 0.229167 0.260937 0.141667
0 1.0 0.596875 0.207292 0.121875 0.364583
0 1.0 0.585938 0.239583 0.268750 0.133333
0 1.0 0.546094 0.295833 0.254688 0.133333
0 1.0 0.557031 0.281250 0.160938 0.229167
0 1.0 0.478125 0.293750 0.128125 0.108333
0 1.0 0.403125 0.287500 0.293750 0.141667
0 1.0 0.764844 0.272917 0.279687 0.354167
0 1.0 0.725000 0.289583 0.284375 0.116667
0 1.0 0.714844 0.260417 0.073438 0.179167
0 1.0 0.670312 0.268750 0.062500 0.158333
0 1.0 0.659375 0.276042 0.243750 0.306250
0 1.0 0.604688 0.265625 0.075000 0.202083
0 1.0 0.189844 0.285417 0.117188 0.258333
0 1.0 0.211719 0.288542 0.214062 0.143750
0 1.0 0.181250 0.283333 0.306250 0.300000
0 1.0 0.208594 0.288542 0.076563 0.122917
0 1.0 0.129688 0.287500 0.140625 0.279167
0 1.0 0.137500 0.276042 0.093750 0.152083
0 1.0 0.072656 0.278125 0.048438 0.093750
0 1.0 0.028125 0.301042 0.056250 0.193750
0 1.0 0.368750 0.288542 0.140625 0.106250
0 1.0 0.293750 0.288542 0.162500 0.164583
0 1.0 0.272656 0.262500 0.229687 0.379167
0 1.0 0.250000 0.270833 0.100000 0.208333
0 1.0 0.401562 0.172917 0.203125 0.191667
0 1.0 0.291406 0.173958 0.304688 0.152083
0 1.0 0.304688 0.191667 0.118750 0.200000
0 1.0 0.539062 0.173958 0.175000 0.122917
0 1.0 0.552344 0.175000 0.157812 0.345833
0 1.0 0.489844 0.182292 0.107813 0.102083
0 1.0 0.469531 0.178125 0.182812 0.172917
0 1.0 0.108594 0.039583 0.123438 0.079167
0 1.0 0.107031 0.087500 0.214062 0.175000
0 1.0 0.023438 0.079167 0.037500 0.091667
0 1.0 0.075781 0.027083 0.057813 0.050000
0 1.0 0.045312 0.034375 0.090625 0.068750
0 1.0 0.725781 0.510417 0.479687 0.979167
0 1.0 0.609375 0.719792 0.781250 0.547917
0 1.0 0.257031 0.500000 0.470313 1.000000
0 1.0 0.197656 0.198958 0.095312 0.210417
0 1.0 0.191406 0.183333 0.182812 0.258333
0 1.0 0.200000 0.195833 0.078125 0.112500
0 1.0 0.128125 0.186458 0.100000 0.189583
0 1.0 0.164844 0.184375 0.310937 0.147917
0 1.0 0.083594 0.061458 0.064062 0.102083
0 1.0 0.074219 0.189583 0.104688 0.229167
0 1.0 0.144531 0.061458 0.129688 0.122917
0 1.0 0.125781 0.028125 0.073438 0.056250
0 1.0 0.140625 0.235417 0.281250 0.129167
0 1.0 0.046094 0.241667 0.082812 0.083333
0 1.0 0.948438 0.182292 0.103125 0.114583
0 1.0 0.229687 0.234375 0.300000 0.160417
0 1.0 0.278125 0.234375 0.059375 0.110417
0 1.0 0.770312 0.171875 0.253125 0.189583
0 1.0 0.724219 0.161458 0.270313 0.318750
0 1.0 0.672656 0.175000 0.273438 0.137500
0 1.0 0.589063 0.166667 0.243750 0.200000
0 1.0 0.914844 0.180208 0.170313 0.152083
0 1.0 0.832812 0.181250 0.162500 0.112500
0 1.0 0.775000 0.396875 0.190625 0.193750
0 1.0 0.714844 0.421875 0.089063 0.197917
0 1.0 0.722656 0.420833 0.060937 0.116667
0 1.0 0.663281 0.434375 0.085938 0.172917
0 1.0 0.676562 0.437500 0.046875 0.083333
0 1.0 0.669531 0.400000 0.282813 0.145833
0 1.0 0.601562 0.402083 0.087500 0.216667
0 1.0 0.605469 0.406250 0.051562 0.116667
0 1.0 0.606250 0.380208 0.256250 0.256250
0 1.0 0.889062 0.394792 0.221875 0.127083
0 1.0 0.915625 0.395833 0.143750 0.308333
0 1.0 0.879687 0.433333 0.115625 0.220833
0 1.0 0.884375 0.437500 0.065625 0.120833
0 1.0 0.822656 0.446875 0.092188 0.181250
0 1.0 0.832812 0.452083 0.043750 0.087500
0 1.0 0.824219 0.388542 0.279687 0.285417
0 1.0 0.771875 0.425000 0.096875 0.200000
0 1.0 0.781250 0.426042 0.059375 0.114583
0 1.0 0.391406 0.402083 0.232813 0.166667
0 1.0 0.329688 0.396875 0.118750 0.235417
0 1.0 0.297656 0.396875 0.264062 0.139583
0 1.0 0.239844 0.381250 0.139063 0.295833
0 1.0 0.548438 0.375000 0.115625 0.295833
0 1.0 0.542188 0.392708 0.300000 0.127083
0 1.0 0.504687 0.356250 0.131250 0.312500
0 1.0 0.439844 0.371875 0.126562 0.268750
0 1.0 0.441406 0.428125 0.073438 0.177083
0 1.0 0.483594 0.440625 0.089063 0.089583
0 1.0 0.392969 0.431250 0.117188 0.245833
0 1.0 0.368750 0.432292 0.121875 0.102083
0 1.0 0.628906 0.451042 0.198437 0.102083
0 1.0 0.610156 0.492708 0.039062 0.085417
0 1.0 0.553906 0.468750 0.079687 0.212500
0 1.0 0.564063 0.445833 0.168750 0.095833
0 1.0 0.551562 0.447917 0.271875 0.141667
0 1.0 0.132031 0.452083 0.139063 0.200000
0 1.0 0.134375 0.451042 0.106250 0.089583
0 1.0 0.032031 0.482292 0.057813 0.139583
0 1.0 0.053906 0.458333 0.085938 0.091667
0 1.0 0.957812 0.450000 0.050000 0.141667
0 1.0 0.940625 0.394792 0.118750 0.102083
0 1.0 0.082031 0.453125 0.042188 0.056250
0 1.0 0.198437 0.452083 0.159375 0.112500
0 1.0 0.243750 0.422917 0.246875 0.275000
0 1.0 0.242188 0.342708 0.215625 0.131250
0 1.0 0.189844 0.360417 0.089063 0.212500
0 1.0 0.435937 0.307292 0.075000 0.193750
0 1.0 0.467969 0.346875 0.217188 0.135417
0 1.0 0.446875 0.305208 0.237500 0.335417
0 1.0 0.400000 0.322917 0.112500 0.300000
0 1.0 0.322656 0.352083 0.235937 0.133333
0 1.0 0.335938 0.321875 0.206250 0.318750
0 1.0 0.903906 0.296875 0.192188 0.172917
0 1.0 0.849219 0.288542 0.120313 0.093750
0 1.0 0.888281 0.268750 0.073438 0.150000
0 1.0 0.829688 0.264583 0.068750 0.170833
0 1.0 0.769531 0.263542 0.126562 0.372917
0 1.0 0.777344 0.253125 0.073438 0.177083
0 1.0 0.075781 0.376042 0.120313 0.264583
0 1.0 0.140625 0.337500 0.140625 0.108333
0 1.0 0.119531 0.341667 0.239063 0.175000
0 1.0 0.022656 0.347917 0.039062 0.129167
0 1.0 0.047656 0.338542 0.095312 0.131250
0 1.0 0.950000 0.291667 0.100000 0.108333
0 1.0 0.042969 0.395833 0.085938 0.104167
0 1.0 0.957031 0.353125 0.039062 0.106250
0 1.0 0.923438 0.339583 0.153125 0.129167
0 1.0 0.882812 0.361458 0.087500 0.172917
0 1.0 0.192188 0.393750 0.284375 0.154167
0 1.0 0.106250 0.390625 0.181250 0.118750
0 1.0 0.672656 0.354167 0.060937 0.137500
0 1.0 0.820312 0.362500 0.106250 0.245833
0 1.0 0.832031 0.369792 0.067187 0.147917
0 1.0 0.774219 0.345833 0.310937 0.137500
0 1.0 0.711719 0.343750 0.104688 0.275000
0 1.0 0.778125 0.356250 0.081250 0.183333
0 1.0 0.829688 0.102083 0.306250 0.204167
0 1.0 0.812500 0.113542 0.131250 0.227083
0 1.0 0.243750 0.648958 0.203125 0.556250
0 1.0 0.258594 0.646875 0.517188 0.227083
0 1.0 0.234375 0.670833 0.434375 0.466667
0 1.0 0.763281 0.586458 0.239063 0.568750
0 1.0 0.714844 0.106250 0.123438 0.212500
0 1.0 0.718750 0.076042 0.321875 0.152083
0 1.0 0.465625 0.642708 0.578125 0.235417
0 1.0 0.349219 0.659375 0.207813 0.539583
0 1.0 0.728125 0.648958 0.528125 0.243750
0 1.0 0.549219 0.612500 0.239063 0.579167
0 1.0 0.554688 0.548958 0.578125 0.243750
0 1.0 0.843750 0.559375 0.200000 0.577083
0 1.0 0.036719 0.145833 0.073438 0.216667
0 1.0 0.048438 0.130208 0.093750 0.102083
0 1.0 0.963281 0.111458 0.042188 0.131250
0 1.0 0.931250 0.072917 0.137500 0.125000
0 1.0 0.877344 0.105208 0.126562 0.210417
0 1.0 0.269531 0.554167 0.539062 0.225000
0 1.0 0.503906 0.121875 0.101562 0.202083
0 1.0 0.505469 0.072917 0.345313 0.145833
0 1.0 0.459375 0.764583 0.578125 0.258333
0 1.0 0.400000 0.115625 0.100000 0.197917
0 1.0 0.165625 0.843750 0.331250 0.212500
0 1.0 0.343750 0.836458 0.537500 0.210417
0 1.0 0.785156 0.759375 0.429688 0.235417
0 1.0 0.731250 0.693750 0.396875 0.483333
0 1.0 0.661719 0.090625 0.135937 0.177083
0 1.0 0.597656 0.103125 0.154688 0.197917
0 1.0 0.535156 0.290625 0.235937 0.568750
0 1.0 0.549219 0.353125 0.589063 0.235417
0 1.0 0.843750 0.333333 0.196875 0.600000
0 1.0 0.663281 0.280208 0.457813 0.510417
0 1.0 0.075781 0.454167 0.151562 0.600000
0 1.0 0.406250 0.119792 0.334375 0.160417
0 1.0 0.431250 0.226042 0.390625 0.452083
0 1.0 0.553906 0.229167 0.557813 0.295833
0 1.0 0.246875 0.346875 0.493750 0.252083
0 1.0 0.162500 0.127083 0.300000 0.154167
0 1.0 0.638281 0.456250 0.610938 0.212500
0 1.0 0.349219 0.541667 0.404687 0.441667
0 1.0 0.749219 0.435417 0.382812 0.458333
0 1.0 0.649219 0.464583 0.210938 0.579167
0 1.0 0.301563 0.134375 0.162500 0.135417
0 1.0 0.453125 0.420833 0.403125 0.466667
0 1.0 0.353906 0.443750 0.589063 0.220833
0 1.0 0.555469 0.071875 0.107813 0.114583
0 1.0 0.497656 0.084375 0.060937 0.102083
0 1.0 0.353125 0.073958 0.259375 0.147917
0 1.0 0.359375 0.052083 0.131250 0.104167
0 1.0 0.511719 0.059375 0.154688 0.106250
0 1.0 0.450000 0.066667 0.046875 0.075000
0 1.0 0.496875 0.037500 0.106250 0.062500
0 1.0 0.745313 0.880208 0.509375 0.239583
0 1.0 0.451562 0.060417 0.090625 0.100000
0 1.0 0.610156 0.039583 0.264062 0.079167
0 1.0 0.603125 0.070833 0.087500 0.100000
0 1.0 0.127344 0.651042 0.254688 0.697917
0 1.0 0.288281 0.801042 0.576562 0.397917
0 1.0 0.655469 0.505208 0.689063 0.435417
0 1.0 0.196094 0.051042 0.098437 0.102083
0 1.0 0.312500 0.054167 0.100000 0.091667
0 1.0 0.244531 0.065625 0.067187 0.131250
0 1.0 0.254688 0.033333 0.190625 0.066667
0 1.0 0.235937 0.078125 0.284375 0.156250
0 1.0 0.402344 0.068750 0.073438 0.112500
0 1.0 0.421875 0.038542 0.278125 0.077083
0 1.0 0.410156 0.054167 0.132812 0.108333
0 1.0 0.366406 0.031250 0.082812 0.058333
0 1.0 0.287500 0.081250 0.050000 0.091667
0 1.0 0.053906 0.082292 0.076563 0.093750
0 1.0 0.962500 0.068750 0.034375 0.079167
0 1.0 0.184375 0.110417 0.146875 0.220833
0 1.0 0.277344 0.923958 0.554688 0.152083
0 1.0 0.885156 0.038542 0.229687 0.077083
0 1.0 0.446875 0.123958 0.081250 0.181250
0 1.0 0.446094 0.106250 0.151562 0.212500
0 1.0 0.341406 0.127083 0.117188 0.229167
0 1.0 0.326562 0.080208 0.106250 0.085417
0 1.0 0.656250 0.805208 0.450000 0.327083
0 1.0 0.240625 0.130208 0.115625 0.260417
0 1.0 0.365625 0.131250 0.731250 0.262500
0 1.0 0.722656 0.055208 0.164062 0.110417
0 1.0 0.660937 0.084375 0.078125 0.127083
0 1.0 0.632031 0.125000 0.720313 0.250000
0 1.0 0.874219 0.056250 0.073438 0.112500
0 1.0 0.565625 0.922917 0.600000 0.154167
0 1.0 0.817187 0.067708 0.075000 0.135417
0 1.0 0.141406 0.338542 0.282813 0.677083
0 1.0 0.809375 0.060417 0.206250 0.120833
0 1.0 0.760938 0.075000 0.087500 0.141667
0 1.0 0.722656 0.070833 0.092188 0.104167
0 1.0 0.829688 0.921875 0.340625 0.156250
0 1.0 0.519531 0.889583 0.139063 0.158333
0 1.0 0.445312 0.867708 0.043750 0.102083
0 1.0 0.450000 0.880208 0.171875 0.102083
0 1.0 0.444531 0.871875 0.095312 0.164583
0 1.0 0.503125 0.886458 0.025000 0.060417
0 1.0 0.400781 0.861458 0.060937 0.135417
0 1.0 0.378906 0.876042 0.289062 0.139583
0 1.0 0.346094 0.873958 0.048438 0.131250
0 1.0 0.356250 0.870833 0.153125 0.191667
0 1.0 0.663281 0.893750 0.067187 0.116667
0 1.0 0.675000 0.886458 0.140625 0.139583
0 1.0 0.652344 0.853125 0.260937 0.260417
0 1.0 0.596875 0.905208 0.040625 0.077083
0 1.0 0.513281 0.848958 0.242188 0.260417
0 1.0 0.553125 0.914583 0.037500 0.083333
0 1.0 0.592969 0.884375 0.220312 0.118750
0 1.0 0.610156 0.890625 0.079687 0.093750
0 1.0 0.516406 0.908333 0.032813 0.087500
0 1.0 0.562500 0.888542 0.056250 0.077083
0 1.0 0.073438 0.879167 0.062500 0.133333
0 1.0 0.128125 0.878125 0.175000 0.122917
0 1.0 0.085156 0.873958 0.170313 0.210417
0 1.0 0.028906 0.889583 0.042188 0.125000
0 1.0 0.285156 0.860417 0.057813 0.133333
0 1.0 0.034375 0.885417 0.068750 0.170833
0 1.0 0.042969 0.883333 0.054688 0.079167
0 1.0 0.960156 0.836458 0.057813 0.210417
0 1.0 0.932813 0.810417 0.134375 0.104167
0 1.0 0.251563 0.876042 0.300000 0.152083
0 1.0 0.281250 0.868750 0.153125 0.204167
0 1.0 0.196875 0.880208 0.065625 0.122917
0 1.0 0.133594 0.892708 0.060937 0.122917
0 1.0 0.190625 0.901042 0.121875 0.197917
0 1.0 0.131250 0.916667 0.100000 0.166667
0 1.0 0.164844 0.916667 0.220312 0.125000
0 1.0 0.071875 0.912500 0.100000 0.175000
0 1.0 0.427344 0.920833 0.107813 0.108333
0 1.0 0.360156 0.919792 0.235937 0.114583
0 1.0 0.239063 0.893750 0.131250 0.212500
0 1.0 0.875000 0.868750 0.215625 0.200000
0 1.0 0.820312 0.823958 0.050000 0.118750
0 1.0 0.775000 0.827083 0.046875 0.095833
0 1.0 0.771875 0.873958 0.340625 0.131250
0 1.0 0.798438 0.880208 0.134375 0.114583
0 1.0 0.717187 0.830208 0.046875 0.102083
0 1.0 0.960156 0.817708 0.026562 0.072917
0 1.0 0.921875 0.869792 0.156250 0.110417
0 1.0 0.952344 0.844792 0.051562 0.114583
0 1.0 0.924219 0.817708 0.070312 0.168750
0 1.0 0.881250 0.808333 0.056250 0.104167
0 1.0 0.846875 0.876042 0.084375 0.097917
0 1.0 0.056250 0.826042 0.112500 0.218750
0 1.0 0.942187 0.766667 0.115625 0.116667
0 1.0 0.792188 0.773958 0.087500 0.093750
0 1.0 0.860156 0.782292 0.026562 0.068750
0 1.0 0.889844 0.767708 0.220312 0.152083
0 1.0 0.164062 0.823958 0.146875 0.147917
0 1.0 0.046094 0.825000 0.048438 0.079167
0 1.0 0.128906 0.826042 0.073438 0.106250
0 1.0 0.050781 0.815625 0.101562 0.093750
0 1.0 0.692969 0.772917 0.129688 0.129167
0 1.0 0.614062 0.761458 0.315625 0.143750
0 1.0 0.629687 0.768750 0.125000 0.133333
0 1.0 0.574219 0.764583 0.104688 0.116667
0 1.0 0.532031 0.763542 0.129688 0.122917
0 1.0 0.808594 0.771875 0.098437 0.222917
0 1.0 0.777344 0.763542 0.310937 0.143750
0 1.0 0.747656 0.770833 0.145313 0.137500
0 1.0 0.725000 0.817708 0.328125 0.131250
0 1.0 0.742969 0.823958 0.129688 0.122917
0 1.0 0.687500 0.826042 0.115625 0.118750
0 1.0 0.595313 0.850000 0.109375 0.241667
0 1.0 0.629687 0.831250 0.115625 0.116667
0 1.0 0.805469 0.817708 0.110937 0.089583
0 1.0 0.860156 0.820833 0.039062 0.066667
0 1.0 0.834375 0.811458 0.300000 0.131250
0 1.0 0.772656 0.796875 0.135937 0.268750
0 1.0 0.325781 0.807292 0.279687 0.139583
0 1.0 0.546875 0.848958 0.106250 0.256250
0 1.0 0.298438 0.819792 0.065625 0.102083
0 1.0 0.264062 0.817708 0.125000 0.143750
0 1.0 0.570312 0.823958 0.275000 0.122917
0 1.0 0.595313 0.835417 0.071875 0.087500
0 1.0 0.553125 0.829167 0.068750 0.087500
0 1.0 0.435156 0.823958 0.054688 0.097917
0 1.0 0.435937 0.827083 0.128125 0.329167
0 1.0 0.456250 0.817708 0.209375 0.110417
0 1.0 0.505469 0.829167 0.035937 0.075000
0 1.0 0.190625 0.162500 0.381250 0.283333
0 1.0 0.925000 0.921875 0.150000 0.156250
0 1.0 0.026562 0.205208 0.053125 0.189583
0 1.0 0.059375 0.184375 0.103125 0.072917
0 1.0 0.873437 0.925000 0.096875 0.150000
0 1.0 0.839063 0.957292 0.071875 0.060417
0 1.0 0.945312 0.127083 0.109375 0.120833
0 1.0 0.969531 0.947917 0.054688 0.104167
0 1.0 0.585938 0.109375 0.321875 0.168750
0 1.0 0.836719 0.952083 0.120313 0.091667
0 1.0 0.814063 0.888542 0.103125 0.222917
0 1.0 0.766406 0.894792 0.114062 0.210417
0 1.0 0.156250 0.963542 0.062500 0.056250
0 1.0 0.134375 0.958333 0.084375 0.075000
0 1.0 0.090625 0.952083 0.109375 0.095833
0 1.0 0.030469 0.945833 0.060937 0.108333
0 1.0 0.053906 0.961458 0.082812 0.077083
0 1.0 0.075000 0.964583 0.059375 0.058333
0 1.0 0.548438 0.925000 0.087500 0.150000
0 1.0 0.505469 0.931250 0.076563 0.137500
0 1.0 0.530469 0.925000 0.264062 0.116667
0 1.0 0.487500 0.928125 0.078125 0.089583
0 1.0 0.432031 0.878125 0.242188 0.243750
0 1.0 0.460938 0.914583 0.109375 0.133333
0 1.0 0.710938 0.903125 0.109375 0.193750
0 1.0 0.706250 0.916667 0.328125 0.125000
0 1.0 0.592969 0.925000 0.089063 0.125000
0 1.0 0.663281 0.958333 0.070312 0.054167
0 1.0 0.664062 0.946875 0.100000 0.106250
0 1.0 0.657813 0.955208 0.034375 0.039583
0 1.0 0.168750 0.953125 0.115625 0.089583
0 1.0 0.571875 0.953125 0.106250 0.093750
0 1.0 0.602344 0.958333 0.023438 0.033333
0 1.0 0.768750 0.937500 0.084375 0.125000
0 1.0 0.734375 0.955208 0.159375 0.089583
0 1.0 0.703906 0.960417 0.067187 0.050000
0 1.0 0.303906 0.965625 0.067187 0.052083
0 1.0 0.291406 0.933333 0.114062 0.133333
0 1.0 0.270313 0.959375 0.106250 0.064583
0 1.0 0.229687 0.960417 0.103125 0.066667
0 1.0 0.196875 0.961458 0.078125 0.060417
0 1.0 0.522656 0.962500 0.085938 0.075000
0 1.0 0.450781 0.946875 0.067187 0.106250
0 1.0 0.543750 0.961458 0.021875 0.031250
0 1.0 0.528125 0.953125 0.037500 0.052083
0 1.0 0.467969 0.966667 0.073438 0.066667
0 1.0 0.396875 0.938542 0.078125 0.122917
0 1.0 0.415625 0.962500 0.084375 0.075000
0 1.0 0.341406 0.942708 0.079687 0.114583
0 1.0 0.391406 0.965625 0.035937 0.043750
0 1.0 0.366406 0.960417 0.092188 0.079167
0 1.0 0.475000 0.962500 0.037500 0.041667
0 1.0 0.871875 0.731250 0.256250 0.450000
0 1.0 0.353906 0.845833 0.248438 0.308333
0 1.0 0.915625 0.557292 0.168750 0.481250
0 1.0 0.505469 0.782292 0.351562 0.435417