0 1.0 0.516406 0.514052 0.670312 0.971897
0 1.0 0.210938 0.550351 0.390625 0.899297
0 1.0 0.507031 0.587822 0.132812 0.309133
0 1.0 0.446094 0.581967 0.117188 0.339578
0 1.0 0.467969 0.607728 0.198437 0.133489
0 1.0 0.495312 0.614754 0.075000 0.114754
0 1.0 0.450781 0.569087 0.270313 0.355972
0 1.0 0.378125 0.611241 0.246875 0.135831
0 1.0 0.227344 0.605386 0.148438 0.091335
0 1.0 0.238281 0.594848 0.095312 0.341920
0 1.0 0.308594 0.598361 0.098437 0.185012
0 1.0 0.302344 0.573770 0.214062 0.313817
0 1.0 0.291406 0.613583 0.020313 0.051522
0 1.0 0.286719 0.588993 0.098437 0.297424
0 1.0 0.297656 0.613583 0.098437 0.088993
0 1.0 0.032031 0.606557 0.064062 0.299766
0 1.0 0.057813 0.603044 0.115625 0.091335
0 1.0 0.069531 0.592506 0.139063 0.285714
0 1.0 0.965625 0.588993 0.043750 0.142857
0 1.0 0.951562 0.550351 0.096875 0.098361
0 1.0 0.537500 0.603044 0.109375 0.128806
0 1.0 0.926562 0.551522 0.146875 0.264637
0 1.0 0.878906 0.552693 0.242188 0.131148
0 1.0 0.868750 0.555035 0.128125 0.299766
0 1.0 0.190625 0.594848 0.118750 0.360656
0 1.0 0.136719 0.606557 0.204687 0.112412
0 1.0 0.125781 0.591335 0.145313 0.311475
0 1.0 0.106250 0.607728 0.100000 0.100703
0 1.0 0.053906 0.655738 0.107813 0.084309
0 1.0 0.950000 0.601874 0.100000 0.103044
0 1.0 0.776563 0.556206 0.068750 0.077283
0 1.0 0.882031 0.603044 0.235937 0.128806
0 1.0 0.776563 0.603044 0.065625 0.072600
0 1.0 0.224219 0.656909 0.239063 0.316159
0 1.0 0.180469 0.663934 0.229687 0.128806
0 1.0 0.133594 0.673302 0.251563 0.353630
0 1.0 0.103906 0.661593 0.123438 0.119438
0 1.0 0.669531 0.579625 0.148438 0.274005
0 1.0 0.663281 0.594848 0.295312 0.159251
0 1.0 0.597656 0.607728 0.117188 0.259953
0 1.0 0.610938 0.605386 0.068750 0.100703
0 1.0 0.816406 0.601874 0.060937 0.079625
0 1.0 0.850781 0.590164 0.260937 0.290398
0 1.0 0.813281 0.604215 0.123438 0.281030
0 1.0 0.783594 0.598361 0.323437 0.147541
0 1.0 0.740625 0.576112 0.153125 0.266979
0 1.0 0.945312 0.498829 0.109375 0.098361
0 1.0 0.884375 0.502342 0.231250 0.128806
0 1.0 0.251563 0.665105 0.109375 0.121780
0 1.0 0.792188 0.507026 0.078125 0.077283
0 1.0 0.806250 0.510539 0.137500 0.112412
0 1.0 0.171875 0.528103 0.234375 0.348946
0 1.0 0.153125 0.551522 0.187500 0.119438
0 1.0 0.058594 0.546838 0.117188 0.096019
0 1.0 0.672656 0.515222 0.264062 0.168618
0 1.0 0.609375 0.542155 0.065625 0.189696
0 1.0 0.560937 0.492974 0.090625 0.236534
0 1.0 0.545312 0.498829 0.321875 0.121780
0 1.0 0.550000 0.494145 0.256250 0.281030
0 1.0 0.501563 0.492974 0.090625 0.255269
0 1.0 0.800000 0.510539 0.268750 0.173302
0 1.0 0.664844 0.546838 0.082812 0.166276
0 1.0 0.557813 0.551522 0.340625 0.142857
0 1.0 0.557031 0.553864 0.139063 0.274005
0 1.0 0.799219 0.558548 0.117188 0.110070
0 1.0 0.737500 0.545667 0.256250 0.154567
0 1.0 0.362500 0.500000 0.256250 0.395785
0 1.0 0.253906 0.557377 0.089063 0.079625
0 1.0 0.283594 0.560890 0.032813 0.063232
0 1.0 0.310156 0.548009 0.073438 0.154567
0 1.0 0.300781 0.558548 0.079687 0.077283
0 1.0 0.389844 0.523419 0.114062 0.339578
0 1.0 0.400781 0.553864 0.201563 0.114754
0 1.0 0.339062 0.507026 0.118750 0.358314
0 1.0 0.489844 0.559719 0.120313 0.126464
0 1.0 0.128906 0.775176 0.214062 0.271663
0 1.0 0.075000 0.768150 0.134375 0.384075
0 1.0 0.110156 0.762295 0.220312 0.114754
0 1.0 0.033594 0.764637 0.067187 0.316159
0 1.0 0.289844 0.752927 0.104688 0.400468
0 1.0 0.048438 0.766979 0.062500 0.081967
0 1.0 0.964063 0.744731 0.056250 0.201405
0 1.0 0.948438 0.709602 0.103125 0.103044
0 1.0 0.926562 0.718970 0.146875 0.290398
0 1.0 0.286719 0.775176 0.039062 0.065574
0 1.0 0.293750 0.764637 0.237500 0.372365
0 1.0 0.303125 0.772834 0.087500 0.173302
0 1.0 0.210938 0.762295 0.293750 0.124122
0 1.0 0.243750 0.769321 0.118750 0.119438
0 1.0 0.205469 0.777518 0.254688 0.341920
0 1.0 0.449219 0.756440 0.139063 0.370023
0 1.0 0.763281 0.701405 0.129688 0.316159
0 1.0 0.760156 0.714286 0.223438 0.140515
0 1.0 0.711719 0.680328 0.126562 0.400468
0 1.0 0.655469 0.687354 0.120313 0.367681
0 1.0 0.632031 0.708431 0.279687 0.128806
0 1.0 0.657031 0.690867 0.260937 0.430913
0 1.0 0.880469 0.709602 0.239063 0.131148
0 1.0 0.827344 0.714286 0.082812 0.074941
0 1.0 0.857812 0.721311 0.246875 0.355972
0 1.0 0.821094 0.714286 0.114062 0.276347
0 1.0 0.867188 0.718970 0.056250 0.074941
0 1.0 0.756250 0.763466 0.321875 0.131148
0 1.0 0.764844 0.764637 0.285938 0.353630
0 1.0 0.632031 0.763466 0.251563 0.121780
0 1.0 0.882031 0.763466 0.235937 0.131148
0 1.0 0.823438 0.765808 0.131250 0.088993
0 1.0 0.864844 0.772834 0.064062 0.084309
0 1.0 0.875781 0.771663 0.129688 0.372365
0 1.0 0.466406 0.770492 0.101562 0.107728
0 1.0 0.389844 0.749415 0.164062 0.421546
0 1.0 0.388281 0.764637 0.220312 0.110070
0 1.0 0.655469 0.761124 0.189062 0.262295
0 1.0 0.313281 0.765808 0.170313 0.098361
0 1.0 0.350781 0.768150 0.167187 0.248244
0 1.0 0.600000 0.743560 0.121875 0.437939
0 1.0 0.545312 0.761124 0.240625 0.107728
0 1.0 0.559375 0.749415 0.121875 0.379391
0 1.0 0.496875 0.758782 0.115625 0.430913
0 1.0 0.571875 0.765808 0.090625 0.103044
0 1.0 0.684375 0.647541 0.293750 0.133489
0 1.0 0.642188 0.648712 0.128125 0.121780
0 1.0 0.807813 0.658080 0.090625 0.079625
0 1.0 0.876563 0.651054 0.118750 0.262295
0 1.0 0.844531 0.661593 0.070312 0.081967
0 1.0 0.814844 0.655738 0.310937 0.126464
0 1.0 0.383594 0.659251 0.123438 0.147541
0 1.0 0.303906 0.661593 0.089063 0.091335
0 1.0 0.352344 0.641686 0.179688 0.266979
0 1.0 0.293750 0.666276 0.025000 0.063232
0 1.0 0.607812 0.652225 0.062500 0.096019
0 1.0 0.560937 0.631148 0.234375 0.302108
0 1.0 0.505469 0.654567 0.260937 0.128806
0 1.0 0.465625 0.658080 0.118750 0.107728
0 1.0 0.532813 0.655738 0.093750 0.117096
0 1.0 0.371875 0.707260 0.237500 0.135831
0 1.0 0.399219 0.708431 0.110937 0.128806
0 1.0 0.307031 0.709602 0.139063 0.103044
0 1.0 0.242188 0.709602 0.212500 0.112412
0 1.0 0.293750 0.713115 0.031250 0.063232
0 1.0 0.585156 0.706089 0.079687 0.105386
0 1.0 0.482031 0.713115 0.082812 0.114754
0 1.0 0.508594 0.710773 0.273438 0.128806
0 1.0 0.522656 0.711944 0.117188 0.121780
0 1.0 0.494531 0.679157 0.242188 0.360656
0 1.0 0.494531 0.696721 0.164062 0.227166
0 1.0 0.112500 0.708431 0.225000 0.124122
0 1.0 0.060937 0.707260 0.121875 0.093677
0 1.0 0.053906 0.700234 0.107813 0.210773
0 1.0 0.946875 0.655738 0.106250 0.103044
0 1.0 0.239063 0.721311 0.109375 0.393443
0 1.0 0.188281 0.736534 0.123438 0.372365
0 1.0 0.185938 0.711944 0.162500 0.149883
0 1.0 0.869531 0.265808 0.114062 0.278689
0 1.0 0.829688 0.298595 0.118750 0.110070
0 1.0 0.865625 0.274005 0.225000 0.379391
0 1.0 0.814063 0.282201 0.100000 0.400468
0 1.0 0.806250 0.290398 0.237500 0.121780
0 1.0 0.815625 0.276347 0.059375 0.201405
0 1.0 0.762500 0.270492 0.106250 0.414520
0 1.0 0.767969 0.272834 0.064062 0.231850
0 1.0 0.753125 0.274005 0.225000 0.355972
0 1.0 0.703906 0.288056 0.264062 0.121780
0 1.0 0.025000 0.327869 0.050000 0.201405
0 1.0 0.066406 0.338407 0.107813 0.081967
0 1.0 0.074219 0.324356 0.148438 0.297424
0 1.0 0.053125 0.337237 0.106250 0.177986
0 1.0 0.960156 0.304450 0.051562 0.187354
0 1.0 0.960156 0.289227 0.079687 0.096019
0 1.0 0.821094 0.292740 0.076563 0.074941
0 1.0 0.929688 0.290398 0.140625 0.290398
0 1.0 0.890625 0.295082 0.218750 0.126464
0 1.0 0.551562 0.310304 0.118750 0.152225
0 1.0 0.489063 0.322014 0.093750 0.170960
0 1.0 0.494531 0.281030 0.239063 0.318501
0 1.0 0.502344 0.296253 0.164062 0.203747
0 1.0 0.450000 0.306792 0.090625 0.182670
0 1.0 0.723437 0.285714 0.081250 0.215457
0 1.0 0.489844 0.303279 0.073438 0.081967
0 1.0 0.407031 0.291569 0.132812 0.283372
0 1.0 0.391406 0.296253 0.289062 0.133489
0 1.0 0.419531 0.300937 0.101562 0.100703
0 1.0 0.667188 0.312646 0.084375 0.241218
0 1.0 0.678906 0.309133 0.042188 0.107728
0 1.0 0.669531 0.288056 0.251563 0.318501
0 1.0 0.586719 0.322014 0.039062 0.100703
0 1.0 0.576562 0.293911 0.228125 0.156909
0 1.0 0.589063 0.334895 0.078125 0.220141
0 1.0 0.550781 0.374707 0.101562 0.168618
0 1.0 0.539062 0.353630 0.228125 0.145199
0 1.0 0.451562 0.325527 0.050000 0.103044
0 1.0 0.463281 0.359485 0.092188 0.138173
0 1.0 0.710156 0.347775 0.279687 0.119438
0 1.0 0.713281 0.345433 0.170313 0.222482
0 1.0 0.668750 0.381733 0.068750 0.168618
0 1.0 0.600781 0.357143 0.167187 0.194379
0 1.0 0.262500 0.345433 0.150000 0.222482
0 1.0 0.192188 0.351288 0.096875 0.299766
0 1.0 0.223438 0.340749 0.187500 0.119438
0 1.0 0.202344 0.350117 0.276562 0.353630
0 1.0 0.129688 0.340749 0.103125 0.334895
0 1.0 0.131250 0.340749 0.212500 0.170960
0 1.0 0.378125 0.365340 0.256250 0.318501
0 1.0 0.382031 0.334895 0.085938 0.098361
0 1.0 0.307031 0.334895 0.198437 0.131148
0 1.0 0.321094 0.350117 0.132812 0.236534
0 1.0 0.459375 0.238876 0.259375 0.131148
0 1.0 0.487500 0.245902 0.071875 0.103044
0 1.0 0.427344 0.242389 0.110937 0.128806
0 1.0 0.396094 0.209602 0.242188 0.325527
0 1.0 0.333594 0.257611 0.132812 0.290398
0 1.0 0.356250 0.243560 0.300000 0.131148
0 1.0 0.638281 0.235363 0.279687 0.133489
0 1.0 0.599219 0.237705 0.164062 0.222482
0 1.0 0.557031 0.242389 0.157812 0.156909
0 1.0 0.582812 0.225995 0.256250 0.348946
0 1.0 0.082812 0.060890 0.090625 0.121780
0 1.0 0.109375 0.036300 0.118750 0.072600
0 1.0 0.100000 0.086651 0.200000 0.173302
0 1.0 0.025000 0.065574 0.043750 0.103044
0 1.0 0.069531 0.025761 0.060937 0.051522
0 1.0 0.046094 0.035129 0.092188 0.070258
0 1.0 0.293750 0.256440 0.081250 0.091335
0 1.0 0.225000 0.214286 0.121875 0.353630
0 1.0 0.258594 0.243560 0.204687 0.145199
0 1.0 0.156250 0.042155 0.162500 0.084309
0 1.0 0.215625 0.290398 0.053125 0.112412
0 1.0 0.143750 0.290398 0.162500 0.112412
0 1.0 0.033594 0.282201 0.067187 0.330211
0 1.0 0.075000 0.285714 0.109375 0.088993
0 1.0 0.123438 0.271663 0.237500 0.346604
0 1.0 0.366406 0.289227 0.104688 0.096019
0 1.0 0.232813 0.292740 0.165625 0.117096
0 1.0 0.239844 0.296253 0.064062 0.142857
0 1.0 0.815625 0.236534 0.284375 0.135831
0 1.0 0.820312 0.227166 0.168750 0.248244
0 1.0 0.945312 0.235363 0.109375 0.105386
0 1.0 0.832812 0.237705 0.137500 0.100703
0 1.0 0.629687 0.442623 0.168750 0.088993
0 1.0 0.615625 0.481265 0.050000 0.124122
0 1.0 0.612500 0.442623 0.287500 0.135831
0 1.0 0.551562 0.437939 0.156250 0.084309
0 1.0 0.507031 0.430913 0.254688 0.140515
0 1.0 0.456250 0.395785 0.062500 0.149883
0 1.0 0.824219 0.455504 0.145313 0.170960
0 1.0 0.761719 0.492974 0.079687 0.189696
0 1.0 0.759375 0.444965 0.265625 0.112412
0 1.0 0.766406 0.491803 0.054688 0.121780
0 1.0 0.749219 0.463700 0.170313 0.192037
0 1.0 0.715625 0.502342 0.109375 0.185012
0 1.0 0.660156 0.515222 0.051562 0.117096
0 1.0 0.675000 0.471897 0.143750 0.147541
0 1.0 0.303125 0.406323 0.209375 0.330211
0 1.0 0.315625 0.432084 0.084375 0.175644
0 1.0 0.239063 0.455504 0.106250 0.283372
0 1.0 0.260937 0.450820 0.093750 0.091335
0 1.0 0.243750 0.451991 0.203125 0.154567
0 1.0 0.496875 0.437939 0.050000 0.070258
0 1.0 0.196094 0.448478 0.129688 0.110070
0 1.0 0.185938 0.456674 0.140625 0.299766
0 1.0 0.129688 0.459016 0.100000 0.295082
0 1.0 0.138281 0.448478 0.245312 0.180328
0 1.0 0.442188 0.425059 0.265625 0.274005
0 1.0 0.425000 0.439110 0.137500 0.105386
0 1.0 0.401562 0.430913 0.231250 0.159251
0 1.0 0.328906 0.444965 0.026562 0.056206
0 1.0 0.289844 0.470726 0.107813 0.332553
0 1.0 0.257812 0.510539 0.093750 0.079625
0 1.0 0.291406 0.516393 0.032813 0.058548
0 1.0 0.185938 0.497658 0.225000 0.128806
0 1.0 0.451562 0.448478 0.090625 0.250585
0 1.0 0.471875 0.501171 0.150000 0.112412
0 1.0 0.416406 0.491803 0.142187 0.112412
0 1.0 0.313281 0.504684 0.098437 0.086651
0 1.0 0.925781 0.448478 0.148438 0.142857
0 1.0 0.912500 0.449649 0.140625 0.309133
0 1.0 0.805469 0.451991 0.045312 0.056206
0 1.0 0.874219 0.439110 0.110937 0.236534
0 1.0 0.810937 0.471897 0.059375 0.138173
0 1.0 0.106250 0.496487 0.184375 0.154567
0 1.0 0.059375 0.495316 0.118750 0.096019
0 1.0 0.042188 0.503513 0.084375 0.299766
0 1.0 0.965625 0.483607 0.043750 0.128806
0 1.0 0.960938 0.446136 0.078125 0.086651
0 1.0 0.199219 0.396956 0.229687 0.133489
0 1.0 0.112500 0.396956 0.209375 0.114754
0 1.0 0.415625 0.394614 0.168750 0.124122
0 1.0 0.288281 0.391101 0.123438 0.103044
0 1.0 0.366406 0.387588 0.176563 0.175644
0 1.0 0.804688 0.347775 0.143750 0.100703
0 1.0 0.799219 0.350117 0.235937 0.161593
0 1.0 0.032031 0.409836 0.064062 0.295082
0 1.0 0.060156 0.393443 0.120313 0.088993
0 1.0 0.939844 0.340749 0.120313 0.110070
0 1.0 0.956250 0.361827 0.071875 0.170960
0 1.0 0.889062 0.394614 0.221875 0.133489
0 1.0 0.804688 0.398126 0.159375 0.103044
0 1.0 0.816406 0.406323 0.070312 0.185012
0 1.0 0.821875 0.377049 0.243750 0.313817
0 1.0 0.761719 0.402810 0.095312 0.257611
0 1.0 0.077344 0.446136 0.126562 0.344262
0 1.0 0.118750 0.443794 0.134375 0.100703
0 1.0 0.063281 0.446136 0.060937 0.067916
0 1.0 0.043750 0.446136 0.087500 0.110070
0 1.0 0.942187 0.393443 0.115625 0.107728
0 1.0 0.490625 0.415691 0.103125 0.208431
0 1.0 0.759375 0.395785 0.278125 0.135831
0 1.0 0.714063 0.419204 0.106250 0.224824
0 1.0 0.599219 0.392272 0.289062 0.147541
0 1.0 0.661719 0.446136 0.070312 0.166276
0 1.0 0.673438 0.441452 0.053125 0.105386
0 1.0 0.596094 0.415691 0.092188 0.250585
0 1.0 0.089844 0.617096 0.179688 0.658080
0 1.0 0.552344 0.638173 0.410938 0.569087
0 1.0 0.459375 0.646370 0.528125 0.238876
0 1.0 0.417187 0.126464 0.156250 0.154567
0 1.0 0.717187 0.550351 0.465625 0.234192
0 1.0 0.346875 0.147541 0.140625 0.295082
0 1.0 0.424219 0.585480 0.285938 0.716628
0 1.0 0.728125 0.646370 0.509375 0.243560
0 1.0 0.258594 0.655738 0.517188 0.243560
0 1.0 0.271094 0.127635 0.114062 0.128806
0 1.0 0.276562 0.120609 0.200000 0.227166
0 1.0 0.459375 0.543326 0.528125 0.234192
0 1.0 0.242188 0.553864 0.206250 0.681499
0 1.0 0.745313 0.621780 0.396875 0.503513
0 1.0 0.497656 0.168618 0.126562 0.295082
0 1.0 0.496875 0.121780 0.262500 0.192037
0 1.0 0.446875 0.176815 0.118750 0.288056
0 1.0 0.822656 0.100703 0.110937 0.192037
0 1.0 0.965625 0.121780 0.056250 0.187354
0 1.0 0.929688 0.074941 0.140625 0.117096
0 1.0 0.914844 0.128806 0.114062 0.257611
0 1.0 0.814844 0.085480 0.245312 0.170960
0 1.0 0.765625 0.108899 0.115625 0.217799
0 1.0 0.715625 0.134660 0.128125 0.269321
0 1.0 0.721875 0.078454 0.284375 0.138173
0 1.0 0.192969 0.156909 0.126562 0.313817
0 1.0 0.196094 0.120609 0.295312 0.156909
0 1.0 0.120313 0.161593 0.118750 0.309133
0 1.0 0.053125 0.122951 0.106250 0.142857
0 1.0 0.038281 0.148712 0.076563 0.283372
0 1.0 0.063281 0.179157 0.126562 0.091335
0 1.0 0.932031 0.124122 0.135937 0.117096
0 1.0 0.115625 0.177986 0.231250 0.131148
0 1.0 0.251563 0.344262 0.503125 0.248244
0 1.0 0.739844 0.348946 0.520312 0.229508
0 1.0 0.753125 0.300937 0.368750 0.578454
0 1.0 0.197656 0.174473 0.060937 0.128806
0 1.0 0.638281 0.241218 0.548438 0.248244
0 1.0 0.528125 0.359485 0.490625 0.245902
0 1.0 0.188281 0.173302 0.260937 0.346604
0 1.0 0.214844 0.181499 0.270313 0.138173
0 1.0 0.456250 0.378220 0.403125 0.456674
0 1.0 0.786719 0.459016 0.426563 0.220141
0 1.0 0.207031 0.551522 0.414062 0.227166
0 1.0 0.664844 0.146370 0.095312 0.241218
0 1.0 0.662500 0.117096 0.262500 0.182670
0 1.0 0.592969 0.158080 0.120313 0.306792
0 1.0 0.617188 0.459016 0.500000 0.238876
0 1.0 0.892188 0.120609 0.215625 0.185012
0 1.0 0.269531 0.435597 0.539062 0.243560
0 1.0 0.455469 0.078454 0.054688 0.091335
0 1.0 0.659375 0.879391 0.681250 0.241218
0 1.0 0.396094 0.083138 0.117188 0.166276
0 1.0 0.400000 0.031616 0.228125 0.063232
0 1.0 0.503906 0.059719 0.164062 0.119438
0 1.0 0.546875 0.039813 0.178125 0.079625
0 1.0 0.496875 0.081967 0.068750 0.140515
0 1.0 0.662500 0.069087 0.062500 0.138173
0 1.0 0.657031 0.035129 0.217188 0.070258
0 1.0 0.603906 0.070258 0.085938 0.140515
0 1.0 0.313281 0.496487 0.626563 0.487119
0 1.0 0.599219 0.079625 0.260937 0.159251
0 1.0 0.499219 0.285714 0.732812 0.370023
0 1.0 0.720313 0.057377 0.146875 0.114754
0 1.0 0.238281 0.083138 0.104688 0.166276
0 1.0 0.528125 0.757611 0.912500 0.461358
0 1.0 0.299219 0.058548 0.095312 0.112412
0 1.0 0.257812 0.031616 0.137500 0.063232
0 1.0 0.186719 0.071429 0.073438 0.142857
0 1.0 0.128906 0.074941 0.067187 0.149883
0 1.0 0.341406 0.065574 0.098437 0.131148
0 1.0 0.353125 0.088993 0.265625 0.177986
0 1.0 0.471875 0.029274 0.096875 0.058548
0 1.0 0.454688 0.070258 0.109375 0.121780
0 1.0 0.350000 0.879391 0.700000 0.241218
0 1.0 0.734375 0.467213 0.528125 0.934426
0 1.0 0.327344 0.183841 0.654687 0.367681
0 1.0 0.341406 0.029274 0.067187 0.053864
0 1.0 0.214062 0.923888 0.428125 0.152225
0 1.0 0.553125 0.131148 0.118750 0.262295
0 1.0 0.749219 0.124122 0.501563 0.248244
0 1.0 0.775000 0.057377 0.071875 0.114754
0 1.0 0.293750 0.352459 0.309375 0.704918
0 1.0 0.046875 0.078454 0.093750 0.119438
0 1.0 0.960938 0.066745 0.037500 0.096019
0 1.0 0.939063 0.035129 0.121875 0.070258
0 1.0 0.895312 0.045667 0.209375 0.091335
0 1.0 0.871094 0.081967 0.101562 0.163934
0 1.0 0.860938 0.031616 0.121875 0.063232
0 1.0 0.784375 0.036300 0.209375 0.072600
0 1.0 0.824219 0.052693 0.067187 0.100703
0 1.0 0.856250 0.851288 0.256250 0.269321
0 1.0 0.132812 0.911007 0.196875 0.168618
0 1.0 0.832031 0.874707 0.060937 0.124122
0 1.0 0.768750 0.875878 0.346875 0.140515
0 1.0 0.775000 0.865340 0.071875 0.142857
0 1.0 0.716406 0.836066 0.073438 0.173302
0 1.0 0.036719 0.911007 0.073438 0.177986
0 1.0 0.047656 0.921546 0.095312 0.091335
0 1.0 0.078125 0.893443 0.156250 0.213115
0 1.0 0.965625 0.885246 0.034375 0.088993
0 1.0 0.932813 0.871194 0.134375 0.112412
0 1.0 0.239063 0.918033 0.084375 0.163934
0 1.0 0.862500 0.882904 0.128125 0.117096
0 1.0 0.921094 0.845433 0.089063 0.229508
0 1.0 0.879687 0.852459 0.078125 0.168618
0 1.0 0.486719 0.875878 0.279687 0.126464
0 1.0 0.500000 0.850117 0.093750 0.201405
0 1.0 0.478125 0.830211 0.265625 0.302108
0 1.0 0.452344 0.830211 0.073438 0.161593
0 1.0 0.957812 0.887588 0.062500 0.117096
0 1.0 0.709375 0.843091 0.306250 0.281030
0 1.0 0.389062 0.877049 0.250000 0.199063
0 1.0 0.339062 0.867681 0.081250 0.170960
0 1.0 0.660937 0.839578 0.065625 0.161593
0 1.0 0.606250 0.839578 0.065625 0.156909
0 1.0 0.629687 0.879391 0.284375 0.128806
0 1.0 0.554688 0.845433 0.059375 0.154567
0 1.0 0.560937 0.870023 0.178125 0.203747
0 1.0 0.572656 0.921546 0.257812 0.138173
0 1.0 0.822656 0.925059 0.101562 0.149883
0 1.0 0.825000 0.914520 0.278125 0.138173
0 1.0 0.498437 0.909836 0.121875 0.156909
0 1.0 0.453125 0.903981 0.100000 0.187354
0 1.0 0.393750 0.901639 0.115625 0.187354
0 1.0 0.658594 0.914520 0.101562 0.170960
0 1.0 0.712500 0.915691 0.328125 0.121780
0 1.0 0.715625 0.916862 0.100000 0.142857
0 1.0 0.939063 0.925059 0.121875 0.149883
0 1.0 0.553125 0.909836 0.115625 0.156909
0 1.0 0.605469 0.906323 0.104688 0.187354
0 1.0 0.187500 0.916862 0.100000 0.166276
0 1.0 0.289844 0.903981 0.095312 0.182670
0 1.0 0.286719 0.913349 0.207813 0.135831
0 1.0 0.428125 0.819672 0.268750 0.117096
0 1.0 0.717187 0.819672 0.231250 0.154567
0 1.0 0.332031 0.825527 0.170313 0.110070
0 1.0 0.589063 0.817330 0.275000 0.121780
0 1.0 0.146094 0.817330 0.289062 0.140515
0 1.0 0.118750 0.826698 0.140625 0.126464
0 1.0 0.065625 0.816159 0.131250 0.091335
0 1.0 0.056250 0.822014 0.065625 0.084309
0 1.0 0.939844 0.761124 0.120313 0.107728
0 1.0 0.253906 0.820843 0.242188 0.114754
0 1.0 0.296094 0.832553 0.054688 0.077283
0 1.0 0.131250 0.854801 0.068750 0.154567
0 1.0 0.025781 0.864169 0.045312 0.159251
0 1.0 0.067969 0.870023 0.135937 0.096019
0 1.0 0.081250 0.843091 0.075000 0.187354
0 1.0 0.290625 0.864169 0.059375 0.149883
0 1.0 0.257812 0.874707 0.259375 0.124122
0 1.0 0.242188 0.873536 0.059375 0.145199
0 1.0 0.192969 0.872365 0.067187 0.138173
0 1.0 0.821875 0.814988 0.334375 0.135831
0 1.0 0.939844 0.813817 0.120313 0.105386
0 1.0 0.954688 0.832553 0.090625 0.227166
0 1.0 0.824219 0.819672 0.154688 0.098361
0 1.0 0.775000 0.175644 0.284375 0.135831
0 1.0 0.657031 0.179157 0.295312 0.138173
0 1.0 0.219531 0.079625 0.439063 0.159251
0 1.0 0.544531 0.077283 0.589063 0.154567
0 1.0 0.545312 0.140515 0.403125 0.281030
0 1.0 0.830469 0.179157 0.151562 0.110070
0 1.0 0.964844 0.956674 0.070312 0.086651
0 1.0 0.080469 0.235363 0.160938 0.114754
0 1.0 0.867969 0.179157 0.151562 0.358314
0 1.0 0.937500 0.181499 0.125000 0.147541
0 1.0 0.400781 0.183841 0.120313 0.100703
0 1.0 0.310156 0.187354 0.254688 0.131148
0 1.0 0.306250 0.174473 0.068750 0.124122
0 1.0 0.530469 0.180328 0.289062 0.140515
0 1.0 0.475000 0.185012 0.100000 0.098361
0 1.0 0.501563 0.943794 0.087500 0.112412
0 1.0 0.555469 0.961358 0.095312 0.058548
0 1.0 0.242969 0.953162 0.132812 0.093677
0 1.0 0.133594 0.950820 0.079687 0.098361
0 1.0 0.184375 0.962529 0.103125 0.060890
0 1.0 0.402344 0.953162 0.142187 0.093677
0 1.0 0.679688 0.951991 0.228125 0.096019
0 1.0 0.339844 0.943794 0.089063 0.112412
0 1.0 0.350781 0.964871 0.098437 0.056206
0 1.0 0.285938 0.960187 0.112500 0.060890
0 1.0 0.082812 0.947307 0.106250 0.105386
0 1.0 0.765625 0.903981 0.112500 0.192037
0 1.0 0.063281 0.963700 0.085938 0.058548
0 1.0 0.874219 0.941452 0.089063 0.117096
0 1.0 0.864844 0.963700 0.076563 0.053864
0 1.0 0.456250 0.955504 0.112500 0.088993
0 1.0 0.853125 0.961358 0.187500 0.077283
0 1.0 0.767188 0.950820 0.081250 0.098361
0 1.0 0.060937 0.224824 0.121875 0.234192
0 1.0 0.962500 0.197892 0.065625 0.245902
0 1.0 0.610938 0.962529 0.106250 0.060890
0 1.0 0.451562 0.920375 0.246875 0.159251
0 1.0 0.785156 0.954333 0.207813 0.091335
0 1.0 0.714063 0.954333 0.078125 0.091335
0 1.0 0.924219 0.963700 0.151562 0.072600
0 1.0 0.657031 0.961358 0.135937 0.067916
0 1.0 0.634375 0.461358 0.268750 0.402810
0 1.0 0.864844 0.498829 0.257812 0.847775
0 1.0 0.353906 0.831382 0.423438 0.234192
0 1.0 0.549219 0.763466 0.548438 0.262295
0 1.0 0.261719 0.761124 0.523438 0.276347
0 1.0 0.655469 0.515222 0.689063 0.435597
0 1.0 0.751563 0.160422 0.259375 0.320843