0 1.0 0.555000 0.668168 0.098000 0.447447
0 1.0 0.694000 0.551051 0.252000 0.693694
0 1.0 0.598000 0.591592 0.088000 0.108108
0 1.0 0.559000 0.636637 0.198000 0.360360
0 1.0 0.512000 0.632132 0.076000 0.309309
0 1.0 0.813000 0.603604 0.170000 0.222222
0 1.0 0.761000 0.647147 0.118000 0.363363
0 1.0 0.750000 0.597598 0.280000 0.126126
0 1.0 0.512000 0.600601 0.148000 0.234234
0 1.0 0.442000 0.638138 0.052000 0.207207
0 1.0 0.475000 0.587087 0.162000 0.075075
0 1.0 0.437000 0.603604 0.110000 0.264264
0 1.0 0.528000 0.588589 0.016000 0.042042
0 1.0 0.447000 0.603604 0.234000 0.276276
0 1.0 0.391000 0.606607 0.066000 0.252252
0 1.0 0.650000 0.635135 0.076000 0.249249
0 1.0 0.907000 0.597598 0.186000 0.120120
0 1.0 0.920000 0.614114 0.124000 0.291291
0 1.0 0.652000 0.596096 0.156000 0.231231
0 1.0 0.611000 0.672673 0.098000 0.444444
0 1.0 0.620000 0.591592 0.260000 0.126126
0 1.0 0.711000 0.632132 0.134000 0.297297
0 1.0 0.242000 0.590090 0.260000 0.111111
0 1.0 0.228000 0.588589 0.128000 0.270270
0 1.0 0.177000 0.606607 0.090000 0.270270
0 1.0 0.140000 0.588589 0.096000 0.288288
0 1.0 0.153000 0.597598 0.242000 0.114114
0 1.0 0.179000 0.599099 0.070000 0.093093
0 1.0 0.155000 0.582583 0.230000 0.294294
0 1.0 0.488000 0.591592 0.016000 0.042042
0 1.0 0.348000 0.603604 0.076000 0.252252
0 1.0 0.316000 0.590090 0.176000 0.081081
0 1.0 0.354000 0.588589 0.060000 0.060060
0 1.0 0.336000 0.587087 0.248000 0.273273
0 1.0 0.288000 0.593093 0.092000 0.255255
0 1.0 0.229000 0.593093 0.166000 0.075075
0 1.0 0.306000 0.596096 0.016000 0.033033
0 1.0 0.224000 0.642643 0.252000 0.282282
0 1.0 0.487000 0.659159 0.098000 0.123123
0 1.0 0.138000 0.656156 0.276000 0.135135
0 1.0 0.072000 0.644144 0.108000 0.219219
0 1.0 0.338000 0.654655 0.260000 0.120120
0 1.0 0.447000 0.662162 0.054000 0.093093
0 1.0 0.394000 0.650150 0.172000 0.207207
0 1.0 0.604000 0.656156 0.284000 0.123123
0 1.0 0.261000 0.657658 0.094000 0.108108
0 1.0 0.241000 0.653153 0.246000 0.117117
0 1.0 0.309000 0.657658 0.030000 0.060060
0 1.0 0.830000 0.599099 0.032000 0.051051
0 1.0 0.881000 0.629129 0.066000 0.195195
0 1.0 0.877000 0.603604 0.026000 0.054054
0 1.0 0.818000 0.644144 0.100000 0.351351
0 1.0 0.111000 0.659159 0.094000 0.111111
0 1.0 0.028000 0.660661 0.056000 0.162162
0 1.0 0.052000 0.651652 0.104000 0.102102
0 1.0 0.056000 0.657658 0.036000 0.072072
0 1.0 0.966000 0.641141 0.036000 0.123123
0 1.0 0.955000 0.594595 0.090000 0.096096
0 1.0 0.227000 0.548048 0.078000 0.189189
0 1.0 0.277000 0.530030 0.118000 0.117117
0 1.0 0.232000 0.534535 0.296000 0.246246
0 1.0 0.184000 0.537538 0.300000 0.126126
0 1.0 0.184000 0.533033 0.112000 0.129129
0 1.0 0.470000 0.531532 0.044000 0.084084
0 1.0 0.077000 0.567568 0.050000 0.192192
0 1.0 0.418000 0.531532 0.372000 0.132132
0 1.0 0.392000 0.551051 0.120000 0.255255
0 1.0 0.669000 0.543544 0.290000 0.132132
0 1.0 0.550000 0.546547 0.156000 0.234234
0 1.0 0.324000 0.531532 0.028000 0.066066
0 1.0 0.927000 0.522523 0.106000 0.156156
0 1.0 0.880000 0.551051 0.060000 0.189189
0 1.0 0.799000 0.506006 0.022000 0.045045
0 1.0 0.897000 0.552553 0.034000 0.102102
0 1.0 0.832000 0.513514 0.056000 0.066066
0 1.0 0.867000 0.503003 0.234000 0.267267
0 1.0 0.823000 0.548048 0.082000 0.267267
0 1.0 0.784000 0.503003 0.264000 0.147147
0 1.0 0.765000 0.539039 0.086000 0.231231
0 1.0 0.760000 0.500000 0.264000 0.285285
0 1.0 0.146000 0.534535 0.076000 0.090090
0 1.0 0.085000 0.551051 0.150000 0.237237
0 1.0 0.029000 0.602102 0.038000 0.153153
0 1.0 0.051000 0.543544 0.074000 0.066066
0 1.0 0.034000 0.576577 0.068000 0.186186
0 1.0 0.071000 0.546547 0.022000 0.054054
0 1.0 0.965000 0.501502 0.070000 0.084084
0 1.0 0.952000 0.557057 0.048000 0.099099
0 1.0 0.923000 0.564565 0.058000 0.168168
0 1.0 0.964000 0.582583 0.028000 0.084084
0 1.0 0.868000 0.552553 0.028000 0.054054
0 1.0 0.906000 0.557057 0.032000 0.063063
0 1.0 0.821000 0.545045 0.322000 0.129129
0 1.0 0.131000 0.606607 0.046000 0.066066
0 1.0 0.038000 0.606607 0.076000 0.072072
0 1.0 0.061000 0.612613 0.022000 0.042042
0 1.0 0.294000 0.593093 0.040000 0.063063
0 1.0 0.915000 0.552553 0.170000 0.114114
0 1.0 0.551000 0.542042 0.306000 0.129129
0 1.0 0.510000 0.531532 0.036000 0.078078
0 1.0 0.452000 0.533033 0.164000 0.195195
0 1.0 0.496000 0.572072 0.080000 0.231231
0 1.0 0.702000 0.549550 0.160000 0.198198
0 1.0 0.610000 0.539039 0.160000 0.213213
0 1.0 0.617000 0.602102 0.070000 0.243243
0 1.0 0.234000 0.752252 0.164000 0.297297
0 1.0 0.182000 0.752252 0.128000 0.333333
0 1.0 0.190000 0.761261 0.300000 0.129129
0 1.0 0.478000 0.770270 0.264000 0.123123
0 1.0 0.533000 0.780781 0.026000 0.060060
0 1.0 0.453000 0.762763 0.226000 0.306306
0 1.0 0.457000 0.768769 0.138000 0.192192
0 1.0 0.389000 0.749249 0.114000 0.315315
0 1.0 0.130000 0.783784 0.256000 0.336336
0 1.0 0.465000 0.773273 0.038000 0.075075
0 1.0 0.340000 0.749249 0.128000 0.333333
0 1.0 0.338000 0.758258 0.284000 0.129129
0 1.0 0.627000 0.774775 0.162000 0.150150
0 1.0 0.623000 0.729730 0.218000 0.360360
0 1.0 0.292000 0.753754 0.184000 0.222222
0 1.0 0.899000 0.723724 0.202000 0.324324
0 1.0 0.793000 0.710210 0.306000 0.135135
0 1.0 0.787000 0.716216 0.242000 0.303303
0 1.0 0.063000 0.753754 0.126000 0.090090
0 1.0 0.119000 0.758258 0.118000 0.117117
0 1.0 0.041000 0.749249 0.082000 0.315315
0 1.0 0.927000 0.716216 0.138000 0.129129
0 1.0 0.955000 0.708709 0.090000 0.090090
0 1.0 0.311000 0.765766 0.058000 0.084084
0 1.0 0.146000 0.813814 0.292000 0.144144
0 1.0 0.802000 0.765766 0.300000 0.132132
0 1.0 0.809000 0.756757 0.118000 0.324324
0 1.0 0.063000 0.812312 0.126000 0.099099
0 1.0 0.910000 0.771772 0.152000 0.144144
0 1.0 0.289000 0.821321 0.066000 0.087087
0 1.0 0.587000 0.786787 0.070000 0.090090
0 1.0 0.515000 0.731231 0.110000 0.393393
0 1.0 0.547000 0.782282 0.054000 0.093093
0 1.0 0.710000 0.773273 0.220000 0.165165
0 1.0 0.049000 0.819820 0.066000 0.090090
0 1.0 0.967000 0.786787 0.054000 0.150150
0 1.0 0.950000 0.761261 0.100000 0.093093
0 1.0 0.862000 0.783784 0.024000 0.048048
0 1.0 0.660000 0.737237 0.112000 0.315315
0 1.0 0.716000 0.779279 0.108000 0.111111
0 1.0 0.804000 0.773273 0.056000 0.063063
0 1.0 0.857000 0.663664 0.026000 0.054054
0 1.0 0.802000 0.656156 0.304000 0.123123
0 1.0 0.062000 0.699700 0.124000 0.102102
0 1.0 0.056000 0.702703 0.044000 0.066066
0 1.0 0.351000 0.705706 0.178000 0.132132
0 1.0 0.965000 0.684685 0.046000 0.156156
0 1.0 0.181000 0.704204 0.246000 0.153153
0 1.0 0.938000 0.656156 0.124000 0.141141
0 1.0 0.465000 0.654655 0.234000 0.126126
0 1.0 0.437000 0.590090 0.038000 0.117117
0 1.0 0.503000 0.665165 0.030000 0.069069
0 1.0 0.710000 0.662162 0.236000 0.177177
0 1.0 0.866000 0.653153 0.104000 0.327327
0 1.0 0.802000 0.659159 0.036000 0.057057
0 1.0 0.576000 0.705706 0.284000 0.126126
0 1.0 0.509000 0.722222 0.078000 0.111111
0 1.0 0.054000 0.755255 0.052000 0.069069
0 1.0 0.862000 0.729730 0.024000 0.048048
0 1.0 0.808000 0.720721 0.040000 0.054054
0 1.0 0.468000 0.711712 0.296000 0.132132
0 1.0 0.518000 0.722222 0.028000 0.069069
0 1.0 0.138000 0.681682 0.148000 0.282282
0 1.0 0.119000 0.699700 0.098000 0.108108
0 1.0 0.457000 0.711712 0.042000 0.078078
0 1.0 0.238000 0.704204 0.116000 0.117117
0 1.0 0.306000 0.713213 0.036000 0.069069
0 1.0 0.191000 0.474474 0.018000 0.042042
0 1.0 0.218000 0.360360 0.232000 0.120120
0 1.0 0.184000 0.421922 0.056000 0.069069
0 1.0 0.169000 0.348348 0.262000 0.264264
0 1.0 0.211000 0.394895 0.026000 0.045045
0 1.0 0.134000 0.439940 0.036000 0.093093
0 1.0 0.135000 0.358859 0.194000 0.153153
0 1.0 0.090000 0.450450 0.032000 0.096096
0 1.0 0.134000 0.354354 0.096000 0.078078
0 1.0 0.098000 0.433934 0.024000 0.063063
0 1.0 0.411000 0.364865 0.130000 0.123123
0 1.0 0.356000 0.474474 0.016000 0.042042
0 1.0 0.357000 0.426426 0.038000 0.054054
0 1.0 0.351000 0.355856 0.254000 0.153153
0 1.0 0.379000 0.387387 0.042000 0.060060
0 1.0 0.303000 0.472973 0.014000 0.033033
0 1.0 0.302000 0.421922 0.032000 0.051051
0 1.0 0.281000 0.349850 0.266000 0.231231
0 1.0 0.332000 0.388889 0.020000 0.039039
0 1.0 0.234000 0.462462 0.028000 0.054054
0 1.0 0.239000 0.444444 0.018000 0.030030
0 1.0 0.899000 0.337838 0.018000 0.045045
0 1.0 0.854000 0.297297 0.180000 0.120120
0 1.0 0.851000 0.291291 0.270000 0.246246
0 1.0 0.828000 0.342342 0.068000 0.198198
0 1.0 0.842000 0.328829 0.020000 0.057057
0 1.0 0.029000 0.427928 0.022000 0.069069
0 1.0 0.778000 0.346847 0.068000 0.153153
0 1.0 0.766000 0.294294 0.284000 0.132132
0 1.0 0.797000 0.328829 0.018000 0.039039
0 1.0 0.722000 0.370871 0.060000 0.111111
0 1.0 0.078000 0.354354 0.072000 0.066066
0 1.0 0.030000 0.411411 0.040000 0.090090
0 1.0 0.072000 0.361862 0.040000 0.063063
0 1.0 0.073000 0.342342 0.146000 0.276276
0 1.0 0.069000 0.381381 0.062000 0.096096
0 1.0 0.958000 0.372372 0.032000 0.078078
0 1.0 0.954000 0.294294 0.092000 0.090090
0 1.0 0.951000 0.339339 0.030000 0.054054
0 1.0 0.845000 0.291291 0.078000 0.078078
0 1.0 0.931000 0.288288 0.138000 0.258258
0 1.0 0.916000 0.325826 0.084000 0.183183
0 1.0 0.880000 0.351351 0.068000 0.162162
0 1.0 0.864000 0.349850 0.184000 0.105105
0 1.0 0.896000 0.411411 0.020000 0.060060
0 1.0 0.831000 0.405405 0.046000 0.162162
0 1.0 0.796000 0.339339 0.288000 0.138138
0 1.0 0.843000 0.406907 0.022000 0.081081
0 1.0 0.407000 0.340841 0.238000 0.243243
0 1.0 0.777000 0.415916 0.054000 0.135135
0 1.0 0.789000 0.414414 0.026000 0.066066
0 1.0 0.723000 0.456456 0.038000 0.084084
0 1.0 0.036000 0.486486 0.036000 0.108108
0 1.0 0.085000 0.412913 0.134000 0.087087
0 1.0 0.044000 0.469970 0.032000 0.081081
0 1.0 0.110000 0.426426 0.020000 0.048048
0 1.0 0.960000 0.415916 0.016000 0.039039
0 1.0 0.940000 0.345345 0.120000 0.108108
0 1.0 0.880000 0.411411 0.044000 0.126126
0 1.0 0.923000 0.396396 0.058000 0.138138
0 1.0 0.905000 0.351351 0.190000 0.162162
0 1.0 0.946000 0.408408 0.036000 0.054054
0 1.0 0.549000 0.357357 0.222000 0.282282
0 1.0 0.560000 0.358859 0.144000 0.147147
0 1.0 0.518000 0.477477 0.016000 0.042042
0 1.0 0.521000 0.441441 0.018000 0.036036
0 1.0 0.494000 0.343844 0.228000 0.141141
0 1.0 0.512000 0.346847 0.132000 0.087087
0 1.0 0.448000 0.421922 0.036000 0.045045
0 1.0 0.490000 0.379880 0.036000 0.051051
0 1.0 0.393000 0.453453 0.030000 0.054054
0 1.0 0.397000 0.414414 0.066000 0.072072
0 1.0 0.454000 0.468468 0.012000 0.024024
0 1.0 0.735000 0.435435 0.026000 0.048048
0 1.0 0.728000 0.358859 0.256000 0.279279
0 1.0 0.670000 0.465465 0.020000 0.060060
0 1.0 0.695000 0.336336 0.294000 0.114114
0 1.0 0.687000 0.441441 0.014000 0.036036
0 1.0 0.617000 0.462462 0.026000 0.090090
0 1.0 0.621000 0.444444 0.018000 0.054054
0 1.0 0.552000 0.477477 0.020000 0.060060
0 1.0 0.544000 0.445946 0.032000 0.063063
0 1.0 0.832000 0.241742 0.108000 0.111111
0 1.0 0.823000 0.267267 0.086000 0.258258
0 1.0 0.809000 0.238739 0.306000 0.123123
0 1.0 0.832000 0.268769 0.040000 0.117117
0 1.0 0.743000 0.349850 0.018000 0.027027
0 1.0 0.772000 0.270270 0.100000 0.246246
0 1.0 0.782000 0.255255 0.052000 0.114114
0 1.0 0.765000 0.244745 0.270000 0.297297
0 1.0 0.719000 0.291291 0.082000 0.168168
0 1.0 0.734000 0.276276 0.040000 0.072072
0 1.0 0.040000 0.351351 0.040000 0.078078
0 1.0 0.049000 0.298799 0.066000 0.069069
0 1.0 0.961000 0.310811 0.042000 0.123123
0 1.0 0.943000 0.237237 0.114000 0.102102
0 1.0 0.889000 0.264264 0.050000 0.144144
0 1.0 0.878000 0.256757 0.096000 0.273273
0 1.0 0.505000 0.285285 0.074000 0.216216
0 1.0 0.511000 0.234234 0.310000 0.120120
0 1.0 0.241000 0.058559 0.162000 0.117117
0 1.0 0.187000 0.060060 0.062000 0.120120
0 1.0 0.139000 0.060060 0.082000 0.120120
0 1.0 0.149000 0.045045 0.170000 0.090090
0 1.0 0.137000 0.085586 0.234000 0.171171
0 1.0 0.131000 0.027027 0.062000 0.054054
0 1.0 0.078000 0.060060 0.080000 0.108108
0 1.0 0.023000 0.084084 0.042000 0.102102
0 1.0 0.072000 0.027027 0.064000 0.054054
0 1.0 0.048000 0.034535 0.084000 0.069069
0 1.0 0.723000 0.253754 0.186000 0.171171
0 1.0 0.664000 0.319820 0.048000 0.105105
0 1.0 0.679000 0.312312 0.030000 0.054054
0 1.0 0.671000 0.232733 0.266000 0.261261
0 1.0 0.611000 0.316817 0.066000 0.189189
0 1.0 0.558000 0.241742 0.176000 0.189189
0 1.0 0.619000 0.309309 0.034000 0.090090
0 1.0 0.613000 0.246246 0.146000 0.162162
0 1.0 0.549000 0.291291 0.082000 0.222222
0 1.0 0.575000 0.307808 0.078000 0.099099
0 1.0 0.514000 0.390390 0.032000 0.072072
0 1.0 0.517000 0.292793 0.242000 0.117117
0 1.0 0.519000 0.372372 0.026000 0.048048
0 1.0 0.512000 0.315315 0.100000 0.114114
0 1.0 0.549000 0.304805 0.026000 0.051051
0 1.0 0.452000 0.361862 0.056000 0.063063
0 1.0 0.507000 0.339339 0.022000 0.042042
0 1.0 0.394000 0.348348 0.060000 0.126126
0 1.0 0.454000 0.412913 0.016000 0.033033
0 1.0 0.665000 0.378378 0.046000 0.114114
0 1.0 0.685000 0.348348 0.018000 0.036036
0 1.0 0.602000 0.385886 0.052000 0.153153
0 1.0 0.642000 0.286787 0.180000 0.105105
0 1.0 0.608000 0.351351 0.016000 0.042042
0 1.0 0.607000 0.303303 0.238000 0.270270
0 1.0 0.553000 0.384384 0.046000 0.108108
0 1.0 0.242000 0.306306 0.104000 0.078078
0 1.0 0.180000 0.364865 0.056000 0.057057
0 1.0 0.217000 0.340841 0.022000 0.033033
0 1.0 0.137000 0.399399 0.046000 0.078078
0 1.0 0.146000 0.291291 0.168000 0.114114
0 1.0 0.145000 0.390390 0.026000 0.042042
0 1.0 0.134000 0.294294 0.092000 0.084084
0 1.0 0.085000 0.384384 0.018000 0.036036
0 1.0 0.094000 0.307808 0.124000 0.135135
0 1.0 0.035000 0.378378 0.038000 0.096096
0 1.0 0.414000 0.303303 0.140000 0.150150
0 1.0 0.351000 0.378378 0.030000 0.072072
0 1.0 0.416000 0.295796 0.052000 0.063063
0 1.0 0.349000 0.346847 0.054000 0.093093
0 1.0 0.379000 0.318318 0.042000 0.072072
0 1.0 0.304000 0.385886 0.024000 0.057057
0 1.0 0.311000 0.297297 0.194000 0.096096
0 1.0 0.186000 0.403904 0.028000 0.045045
0 1.0 0.328000 0.337838 0.024000 0.045045
0 1.0 0.234000 0.393393 0.036000 0.060060
0 1.0 0.239000 0.294294 0.250000 0.114114
0 1.0 0.240000 0.390390 0.020000 0.036036
0 1.0 0.224000 0.292793 0.256000 0.237237
0 1.0 0.306000 0.351351 0.048000 0.072072
0 1.0 0.830000 0.453453 0.016000 0.030030
0 1.0 0.906000 0.525526 0.016000 0.048048
0 1.0 0.822000 0.459459 0.132000 0.072072
0 1.0 0.171000 0.500000 0.174000 0.141141
0 1.0 0.828000 0.524024 0.052000 0.165165
0 1.0 0.824000 0.451952 0.240000 0.099099
0 1.0 0.084000 0.421922 0.144000 0.189189
0 1.0 0.767000 0.524024 0.050000 0.135135
0 1.0 0.777000 0.519520 0.030000 0.072072
0 1.0 0.837000 0.519520 0.026000 0.078078
0 1.0 0.027000 0.548048 0.038000 0.153153
0 1.0 0.082000 0.501502 0.060000 0.066066
0 1.0 0.081000 0.503003 0.026000 0.057057
0 1.0 0.054000 0.500000 0.076000 0.141141
0 1.0 0.965000 0.552553 0.022000 0.054054
0 1.0 0.936000 0.486486 0.056000 0.090090
0 1.0 0.954000 0.527027 0.036000 0.063063
0 1.0 0.908000 0.451952 0.184000 0.123123
0 1.0 0.931000 0.451952 0.138000 0.255255
0 1.0 0.562000 0.540541 0.036000 0.096096
0 1.0 0.556000 0.462462 0.208000 0.108108
0 1.0 0.573000 0.472973 0.070000 0.099099
0 1.0 0.527000 0.465465 0.086000 0.060060
0 1.0 0.499000 0.530030 0.022000 0.057057
0 1.0 0.491000 0.468468 0.194000 0.090090
0 1.0 0.721000 0.531532 0.046000 0.126126
0 1.0 0.503000 0.492492 0.070000 0.102102
0 1.0 0.474000 0.524024 0.012000 0.039039
0 1.0 0.528000 0.475976 0.008000 0.021021
0 1.0 0.481000 0.512012 0.030000 0.063063
0 1.0 0.446000 0.445946 0.252000 0.261261
0 1.0 0.720000 0.459459 0.248000 0.132132
0 1.0 0.391000 0.524024 0.034000 0.099099
0 1.0 0.425000 0.468468 0.130000 0.066066
0 1.0 0.735000 0.525526 0.030000 0.072072
0 1.0 0.948000 0.448949 0.064000 0.063063
0 1.0 0.726000 0.472973 0.120000 0.147147
0 1.0 0.664000 0.543544 0.040000 0.108108
0 1.0 0.677000 0.537538 0.026000 0.060060
0 1.0 0.898000 0.481982 0.100000 0.123123
0 1.0 0.666000 0.451952 0.280000 0.279279
0 1.0 0.605000 0.539039 0.038000 0.111111
0 1.0 0.639000 0.456456 0.174000 0.084084
0 1.0 0.610000 0.536036 0.020000 0.057057
0 1.0 0.556000 0.515015 0.248000 0.327327
0 1.0 0.498000 0.551051 0.044000 0.159159
0 1.0 0.505000 0.509009 0.274000 0.111111
0 1.0 0.459000 0.563063 0.026000 0.081081
0 1.0 0.472000 0.522523 0.088000 0.090090
0 1.0 0.385000 0.536036 0.054000 0.159159
0 1.0 0.658000 0.557057 0.060000 0.183183
0 1.0 0.676000 0.501502 0.268000 0.102102
0 1.0 0.658000 0.512012 0.164000 0.171171
0 1.0 0.196000 0.542042 0.044000 0.159159
0 1.0 0.195000 0.510511 0.106000 0.246246
0 1.0 0.163000 0.496997 0.126000 0.081081
0 1.0 0.088000 0.518018 0.060000 0.189189
0 1.0 0.432000 0.510511 0.124000 0.108108
0 1.0 0.354000 0.539039 0.044000 0.153153
0 1.0 0.288000 0.504505 0.312000 0.120120
0 1.0 0.354000 0.513514 0.092000 0.210210
0 1.0 0.295000 0.551051 0.042000 0.123123
0 1.0 0.500000 0.509009 0.036000 0.087087
0 1.0 0.511000 0.397898 0.270000 0.117117
0 1.0 0.509000 0.506006 0.014000 0.033033
0 1.0 0.466000 0.507508 0.024000 0.054054
0 1.0 0.487000 0.412913 0.150000 0.075075
0 1.0 0.476000 0.484985 0.024000 0.039039
0 1.0 0.728000 0.396396 0.300000 0.126126
0 1.0 0.477000 0.435435 0.054000 0.066066
0 1.0 0.410000 0.409910 0.264000 0.093093
0 1.0 0.401000 0.495495 0.022000 0.042042
0 1.0 0.735000 0.489489 0.022000 0.048048
0 1.0 0.666000 0.506006 0.040000 0.093093
0 1.0 0.685000 0.507508 0.014000 0.036036
0 1.0 0.557000 0.503003 0.022000 0.051051
0 1.0 0.672000 0.421922 0.156000 0.153153
0 1.0 0.611000 0.489489 0.042000 0.120120
0 1.0 0.621000 0.495495 0.014000 0.042042
0 1.0 0.602000 0.403904 0.268000 0.147147
0 1.0 0.873000 0.415916 0.122000 0.093093
0 1.0 0.555000 0.509009 0.046000 0.111111
0 1.0 0.243000 0.427928 0.162000 0.141141
0 1.0 0.194000 0.486486 0.040000 0.108108
0 1.0 0.130000 0.462462 0.060000 0.156156
0 1.0 0.447000 0.424925 0.070000 0.063063
0 1.0 0.141000 0.472973 0.026000 0.069069
0 1.0 0.131000 0.409910 0.130000 0.099099
0 1.0 0.093000 0.477477 0.022000 0.066066
0 1.0 0.405000 0.427928 0.142000 0.123123
0 1.0 0.360000 0.484985 0.028000 0.063063
0 1.0 0.348000 0.427928 0.180000 0.087087
0 1.0 0.366000 0.436937 0.068000 0.087087
0 1.0 0.305000 0.506006 0.030000 0.075075
0 1.0 0.283000 0.420420 0.098000 0.060060
0 1.0 0.315000 0.487988 0.022000 0.051051
0 1.0 0.321000 0.442943 0.046000 0.069069
0 1.0 0.231000 0.506006 0.042000 0.093093
0 1.0 0.243000 0.507508 0.014000 0.036036
0 1.0 0.258000 0.493994 0.064000 0.087087
0 1.0 0.208000 0.521021 0.020000 0.075075
0 1.0 0.258000 0.468468 0.040000 0.048048
0 1.0 0.208000 0.500000 0.036000 0.099099
0 1.0 0.191000 0.465465 0.258000 0.126126
0 1.0 0.226000 0.507508 0.020000 0.048048
0 1.0 0.074000 0.478979 0.036000 0.081081
0 1.0 0.506000 0.524024 0.016000 0.039039
0 1.0 0.140000 0.507508 0.032000 0.096096
0 1.0 0.152000 0.442943 0.260000 0.285285
0 1.0 0.167000 0.478979 0.066000 0.105105
0 1.0 0.088000 0.515015 0.032000 0.117117
0 1.0 0.181000 0.460961 0.018000 0.039039
0 1.0 0.095000 0.504505 0.022000 0.072072
0 1.0 0.132000 0.512012 0.044000 0.141141
0 1.0 0.419000 0.498498 0.046000 0.072072
0 1.0 0.358000 0.516517 0.028000 0.090090
0 1.0 0.322000 0.471471 0.012000 0.024024
0 1.0 0.359000 0.498498 0.042000 0.102102
0 1.0 0.272000 0.469970 0.180000 0.075075
0 1.0 0.334000 0.454955 0.284000 0.243243
0 1.0 0.309000 0.530030 0.022000 0.075075
0 1.0 0.605000 0.463964 0.078000 0.063063
0 1.0 0.331000 0.515015 0.018000 0.045045
0 1.0 0.286000 0.463964 0.040000 0.051051
0 1.0 0.243000 0.525526 0.022000 0.060060
0 1.0 0.381000 0.513514 0.022000 0.048048
0 1.0 0.899000 0.481982 0.018000 0.051051
0 1.0 0.215000 0.462462 0.046000 0.060060
0 1.0 0.856000 0.402402 0.260000 0.276276
0 1.0 0.842000 0.474474 0.020000 0.072072
0 1.0 0.820000 0.408408 0.136000 0.162162
0 1.0 0.771000 0.474474 0.062000 0.150150
0 1.0 0.784000 0.477477 0.024000 0.060060
0 1.0 0.101000 0.474474 0.062000 0.114114
0 1.0 0.029000 0.510511 0.022000 0.084084
0 1.0 0.125000 0.462462 0.014000 0.036036
0 1.0 0.100000 0.465465 0.024000 0.048048
0 1.0 0.961000 0.507508 0.022000 0.054054
0 1.0 0.948000 0.397898 0.104000 0.099099
0 1.0 0.920000 0.448949 0.080000 0.183183
0 1.0 0.948000 0.477477 0.036000 0.054054
0 1.0 0.453000 0.633634 0.398000 0.468468
0 1.0 0.354000 0.642643 0.656000 0.222222
0 1.0 0.453000 0.129129 0.190000 0.210210
0 1.0 0.395000 0.153153 0.118000 0.264264
0 1.0 0.849000 0.585586 0.182000 0.570571
0 1.0 0.346000 0.157658 0.096000 0.243243
0 1.0 0.360000 0.126126 0.256000 0.132132
0 1.0 0.178000 0.645646 0.356000 0.492492
0 1.0 0.329000 0.534535 0.658000 0.210210
0 1.0 0.706000 0.540541 0.548000 0.210210
0 1.0 0.551000 0.129129 0.186000 0.216216
0 1.0 0.442000 0.154655 0.076000 0.189189
0 1.0 0.474000 0.132132 0.124000 0.132132
0 1.0 0.122000 0.127628 0.180000 0.117117
0 1.0 0.071000 0.144144 0.142000 0.240240
0 1.0 0.187000 0.157658 0.098000 0.249249
0 1.0 0.132000 0.145646 0.112000 0.267267
0 1.0 0.559000 0.753754 0.558000 0.240240
0 1.0 0.957000 0.120120 0.066000 0.132132
0 1.0 0.932000 0.082583 0.136000 0.141141
0 1.0 0.351000 0.732733 0.222000 0.516517
0 1.0 0.229000 0.132132 0.290000 0.132132
0 1.0 0.293000 0.145646 0.142000 0.249249
0 1.0 0.266000 0.135135 0.080000 0.090090
0 1.0 0.236000 0.148649 0.132000 0.297297
0 1.0 0.777000 0.648649 0.446000 0.216216
0 1.0 0.349000 0.764264 0.598000 0.225225
0 1.0 0.449000 0.358859 0.658000 0.219219
0 1.0 0.733000 0.351351 0.518000 0.222222
0 1.0 0.941000 0.135135 0.118000 0.168168
0 1.0 0.918000 0.160661 0.120000 0.315315
0 1.0 0.106000 0.183183 0.192000 0.108108
0 1.0 0.873000 0.145646 0.122000 0.279279
0 1.0 0.855000 0.127628 0.122000 0.105105
0 1.0 0.847000 0.126126 0.230000 0.168168
0 1.0 0.818000 0.177177 0.100000 0.222222
0 1.0 0.828000 0.171171 0.068000 0.132132
0 1.0 0.649000 0.376877 0.410000 0.417417
0 1.0 0.246000 0.370871 0.484000 0.381381
0 1.0 0.649000 0.253754 0.570000 0.213213
0 1.0 0.234000 0.180180 0.256000 0.306306
0 1.0 0.186000 0.229730 0.068000 0.183183
0 1.0 0.202000 0.187688 0.264000 0.117117
0 1.0 0.192000 0.190691 0.036000 0.063063
0 1.0 0.130000 0.219219 0.084000 0.228228
0 1.0 0.023000 0.238739 0.046000 0.117117
0 1.0 0.046000 0.184685 0.092000 0.075075
0 1.0 0.965000 0.189189 0.050000 0.150150
0 1.0 0.074000 0.219219 0.104000 0.246246
0 1.0 0.244000 0.369369 0.224000 0.492492
0 1.0 0.623000 0.126126 0.186000 0.120120
0 1.0 0.603000 0.171171 0.054000 0.120120
0 1.0 0.769000 0.139640 0.266000 0.273273
0 1.0 0.710000 0.142643 0.124000 0.261261
0 1.0 0.731000 0.127628 0.270000 0.129129
0 1.0 0.602000 0.180180 0.080000 0.204204
0 1.0 0.668000 0.160661 0.072000 0.135135
0 1.0 0.773000 0.141141 0.110000 0.204204
0 1.0 0.436000 0.457958 0.632000 0.219219
0 1.0 0.712000 0.451952 0.568000 0.213213
0 1.0 0.563000 0.474474 0.450000 0.426426
0 1.0 0.878000 0.061562 0.168000 0.123123
0 1.0 0.819000 0.073574 0.086000 0.147147
0 1.0 0.821000 0.033033 0.202000 0.066066
0 1.0 0.290000 0.536036 0.400000 0.609610
0 1.0 0.772000 0.061562 0.164000 0.123123
0 1.0 0.714000 0.070571 0.084000 0.141141
0 1.0 0.716000 0.033033 0.188000 0.066066
0 1.0 0.642000 0.879880 0.716000 0.240240
0 1.0 0.254000 0.876877 0.508000 0.246246
0 1.0 0.484000 0.686186 0.832000 0.357357
0 1.0 0.954000 0.052553 0.092000 0.105105
0 1.0 0.916000 0.033033 0.168000 0.066066
0 1.0 0.883000 0.049550 0.070000 0.099099
0 1.0 0.501000 0.361862 0.282000 0.723724
0 1.0 0.305000 0.052553 0.098000 0.105105
0 1.0 0.211000 0.033033 0.102000 0.066066
0 1.0 0.491000 0.542042 0.910000 0.453453
0 1.0 0.464000 0.057057 0.108000 0.114114
0 1.0 0.396000 0.078078 0.092000 0.156156
0 1.0 0.413000 0.031532 0.210000 0.063063
0 1.0 0.399000 0.079580 0.238000 0.159159
0 1.0 0.356000 0.055556 0.128000 0.111111
0 1.0 0.263000 0.033033 0.130000 0.066066
0 1.0 0.823000 0.527027 0.338000 0.945946
0 1.0 0.663000 0.067568 0.070000 0.135135
0 1.0 0.650000 0.045045 0.208000 0.090090
0 1.0 0.600000 0.069069 0.068000 0.138138
0 1.0 0.611000 0.081081 0.234000 0.162162
0 1.0 0.552000 0.073574 0.068000 0.135135
0 1.0 0.574000 0.031532 0.128000 0.063063
0 1.0 0.320000 0.027027 0.052000 0.054054
0 1.0 0.504000 0.073574 0.076000 0.147147
0 1.0 0.509000 0.040541 0.170000 0.081081
0 1.0 0.507000 0.085586 0.234000 0.171171
0 1.0 0.444000 0.061562 0.048000 0.099099
0 1.0 0.499000 0.027027 0.058000 0.054054
0 1.0 0.449000 0.843844 0.634000 0.192192
0 1.0 0.600000 0.118619 0.064000 0.135135
0 1.0 0.427000 0.082583 0.114000 0.123123
0 1.0 0.167000 0.923423 0.334000 0.153153
0 1.0 0.830000 0.848348 0.340000 0.201201
0 1.0 0.815000 0.078078 0.306000 0.150150
0 1.0 0.059000 0.133634 0.118000 0.087087
0 1.0 0.034000 0.174174 0.068000 0.150150
0 1.0 0.058000 0.087087 0.064000 0.078078
0 1.0 0.963000 0.066066 0.034000 0.084084
0 1.0 0.656000 0.121622 0.688000 0.243243
0 1.0 0.357000 0.121622 0.714000 0.243243
0 1.0 0.503000 0.324324 0.554000 0.480480
0 1.0 0.830000 0.921922 0.340000 0.156156
0 1.0 0.273000 0.081081 0.074000 0.090090
0 1.0 0.284000 0.108108 0.256000 0.216216
0 1.0 0.449000 0.921922 0.598000 0.156156
0 1.0 0.934000 0.891892 0.080000 0.144144
0 1.0 0.884000 0.876877 0.152000 0.138138
0 1.0 0.877000 0.848348 0.054000 0.105105
0 1.0 0.762000 0.876877 0.096000 0.090090
0 1.0 0.889000 0.876877 0.042000 0.084084
0 1.0 0.829000 0.884384 0.034000 0.063063
0 1.0 0.076000 0.881381 0.132000 0.237237
0 1.0 0.808000 0.876877 0.180000 0.186186
0 1.0 0.781000 0.854354 0.054000 0.111111
0 1.0 0.747000 0.873874 0.322000 0.114114
0 1.0 0.404000 0.905405 0.148000 0.171171
0 1.0 0.343000 0.882883 0.118000 0.234234
0 1.0 0.031000 0.909910 0.062000 0.180180
0 1.0 0.080000 0.918919 0.160000 0.108108
0 1.0 0.960000 0.903904 0.028000 0.066066
0 1.0 0.296000 0.906907 0.136000 0.162162
0 1.0 0.233000 0.881381 0.130000 0.237237
0 1.0 0.616000 0.852853 0.252000 0.216216
0 1.0 0.565000 0.816817 0.046000 0.138138
0 1.0 0.813000 0.848348 0.054000 0.123123
0 1.0 0.818000 0.876877 0.040000 0.096096
0 1.0 0.790000 0.875375 0.036000 0.075075
0 1.0 0.536000 0.866366 0.156000 0.111111
0 1.0 0.519000 0.857357 0.046000 0.117117
0 1.0 0.565000 0.870871 0.050000 0.090090
0 1.0 0.501000 0.857357 0.218000 0.231231
0 1.0 0.449000 0.813814 0.030000 0.066066
0 1.0 0.448000 0.833333 0.080000 0.141141
0 1.0 0.533000 0.872372 0.030000 0.075075
0 1.0 0.724000 0.807808 0.044000 0.090090
0 1.0 0.735000 0.830330 0.026000 0.051051
0 1.0 0.949000 0.912913 0.050000 0.096096
0 1.0 0.645000 0.875375 0.122000 0.111111
0 1.0 0.923000 0.866366 0.154000 0.237237
0 1.0 0.718000 0.875375 0.104000 0.087087
0 1.0 0.611000 0.828829 0.050000 0.126126
0 1.0 0.618000 0.843844 0.032000 0.072072
0 1.0 0.614000 0.906907 0.164000 0.162162
0 1.0 0.556000 0.887387 0.108000 0.225225
0 1.0 0.810000 0.908408 0.100000 0.183183
0 1.0 0.394000 0.881381 0.260000 0.237237
0 1.0 0.507000 0.911411 0.150000 0.165165
0 1.0 0.609000 0.899399 0.074000 0.147147
0 1.0 0.629000 0.911411 0.310000 0.117117
0 1.0 0.184000 0.887387 0.124000 0.225225
0 1.0 0.718000 0.902402 0.200000 0.153153
0 1.0 0.662000 0.896396 0.064000 0.111111
0 1.0 0.282000 0.917417 0.300000 0.141141
0 1.0 0.822000 0.837838 0.028000 0.054054
0 1.0 0.562000 0.794294 0.160000 0.255255
0 1.0 0.484000 0.816817 0.192000 0.114114
0 1.0 0.709000 0.824324 0.294000 0.141141
0 1.0 0.734000 0.780781 0.248000 0.300300
0 1.0 0.965000 0.872372 0.054000 0.159159
0 1.0 0.935000 0.813814 0.130000 0.102102
0 1.0 0.718000 0.831832 0.100000 0.102102
0 1.0 0.240000 0.815315 0.232000 0.159159
0 1.0 0.233000 0.813814 0.290000 0.300300
0 1.0 0.533000 0.825826 0.026000 0.066066
0 1.0 0.458000 0.821321 0.056000 0.087087
0 1.0 0.186000 0.846847 0.072000 0.162162
0 1.0 0.131000 0.845345 0.094000 0.189189
0 1.0 0.393000 0.822823 0.066000 0.150150
0 1.0 0.455000 0.869369 0.062000 0.093093
0 1.0 0.663000 0.819820 0.034000 0.084084
0 1.0 0.672000 0.842342 0.024000 0.051051
0 1.0 0.348000 0.822823 0.060000 0.150150
0 1.0 0.633000 0.876877 0.042000 0.078078
0 1.0 0.295000 0.828829 0.082000 0.174174
0 1.0 0.251000 0.866366 0.290000 0.135135
0 1.0 0.294000 0.836336 0.152000 0.243243
0 1.0 0.879000 0.822823 0.158000 0.144144
0 1.0 0.867000 0.827327 0.134000 0.309309
0 1.0 0.752000 0.825826 0.088000 0.084084
0 1.0 0.077000 0.834835 0.086000 0.204204
0 1.0 0.766000 0.804805 0.124000 0.240240
0 1.0 0.124000 0.872372 0.248000 0.141141
0 1.0 0.072000 0.864865 0.144000 0.102102
0 1.0 0.053000 0.869369 0.074000 0.093093
0 1.0 0.283000 0.869369 0.090000 0.105105
0 1.0 0.962000 0.252252 0.044000 0.132132
0 1.0 0.884000 0.180180 0.232000 0.132132
0 1.0 0.662000 0.253754 0.052000 0.123123
0 1.0 0.685000 0.184685 0.298000 0.117117
0 1.0 0.827000 0.184685 0.150000 0.099099
0 1.0 0.191000 0.331832 0.034000 0.087087
0 1.0 0.195000 0.235736 0.334000 0.123123
0 1.0 0.183000 0.300300 0.082000 0.126126
0 1.0 0.137000 0.313814 0.050000 0.129129
0 1.0 0.126000 0.259760 0.252000 0.285285
0 1.0 0.376000 0.232733 0.316000 0.111111
0 1.0 0.345000 0.268769 0.102000 0.207207
0 1.0 0.353000 0.246246 0.246000 0.300300
0 1.0 0.025000 0.300300 0.038000 0.108108
0 1.0 0.055000 0.235736 0.110000 0.105105
0 1.0 0.032000 0.276276 0.064000 0.126126
0 1.0 0.097000 0.241742 0.194000 0.165165
0 1.0 0.506000 0.171171 0.176000 0.204204
0 1.0 0.505000 0.190691 0.086000 0.087087
0 1.0 0.442000 0.198198 0.132000 0.222222
0 1.0 0.479000 0.186186 0.058000 0.090090
0 1.0 0.409000 0.175676 0.246000 0.159159
0 1.0 0.339000 0.252252 0.578000 0.222222
0 1.0 0.559000 0.178679 0.118000 0.159159
0 1.0 0.293000 0.228228 0.082000 0.198198
0 1.0 0.326000 0.186186 0.280000 0.120120
0 1.0 0.321000 0.195195 0.038000 0.072072
0 1.0 0.362000 0.181682 0.076000 0.111111
0 1.0 0.610000 0.246246 0.052000 0.108108
0 1.0 0.609000 0.184685 0.262000 0.165165
0 1.0 0.299000 0.953453 0.106000 0.093093
0 1.0 0.236000 0.935435 0.092000 0.129129
0 1.0 0.566000 0.945946 0.124000 0.108108
0 1.0 0.570000 0.956456 0.052000 0.051051
0 1.0 0.298000 0.310811 0.044000 0.129129
0 1.0 0.192000 0.951952 0.108000 0.096096
0 1.0 0.132000 0.930931 0.092000 0.138138
0 1.0 0.497000 0.954955 0.090000 0.084084
0 1.0 0.461000 0.947447 0.122000 0.105105
0 1.0 0.710000 0.954955 0.076000 0.060060
0 1.0 0.660000 0.933934 0.092000 0.132132
0 1.0 0.352000 0.945946 0.128000 0.108108
0 1.0 0.670000 0.945946 0.236000 0.108108
0 1.0 0.150000 0.962462 0.092000 0.063063
0 1.0 0.896000 0.915916 0.124000 0.114114
0 1.0 0.373000 0.963964 0.054000 0.054054
0 1.0 0.075000 0.963964 0.062000 0.054054
0 1.0 0.053000 0.960961 0.078000 0.072072
0 1.0 0.965000 0.939940 0.050000 0.120120
0 1.0 0.934000 0.957958 0.132000 0.084084
0 1.0 0.903000 0.950450 0.050000 0.069069
0 1.0 0.871000 0.956456 0.098000 0.069069
0 1.0 0.497000 0.243243 0.246000 0.306306
0 1.0 0.304000 0.250751 0.044000 0.057057
0 1.0 0.234000 0.285285 0.080000 0.192192
0 1.0 0.488000 0.243243 0.096000 0.096096
0 1.0 0.391000 0.262763 0.110000 0.327327
0 1.0 0.440000 0.240240 0.116000 0.102102
0 1.0 0.623000 0.957958 0.058000 0.054054
0 1.0 0.841000 0.944444 0.174000 0.111111
0 1.0 0.773000 0.926426 0.082000 0.147147
0 1.0 0.809000 0.954955 0.098000 0.066066
0 1.0 0.525000 0.960961 0.042000 0.048048
0 1.0 0.450000 0.307808 0.044000 0.129129
0 1.0 0.714000 0.935435 0.064000 0.129129
0 1.0 0.765000 0.953453 0.090000 0.063063
0 1.0 0.658000 0.956456 0.076000 0.057057
0 1.0 0.654000 0.316817 0.220000 0.609610
0 1.0 0.562000 0.644144 0.472000 0.303303
0 1.0 0.532000 0.587087 0.056000 0.081081
0 1.0 0.073000 0.632132 0.146000 0.633634
0 1.0 0.500000 0.198198 1.000000 0.396396
0 1.0 0.502000 0.549550 0.420000 0.900901
0 1.0 0.136000 0.310811 0.272000 0.621622
0 1.0 0.665000 0.648649 0.490000 0.546547
0 1.0 0.552000 0.788288 0.232000 0.423423
0 1.0 0.556000 0.165165 0.340000 0.330330
0 1.0 0.318000 0.680180 0.636000 0.639640
0 1.0 0.914000 0.357357 0.172000 0.474474
0 1.0 0.849000 0.369369 0.186000 0.576577
0 1.0 0.872000 0.184685 0.256000 0.369369
0 1.0 0.925000 0.569069 0.150000 0.567568
0 1.0 0.292000 0.247748 0.304000 0.495495
0 1.0 0.753000 0.256757 0.494000 0.513514
0 1.0 0.766000 0.761261 0.468000 0.477477