0 1.0 0.455504 0.573438 0.709602 0.700000
0 1.0 0.220141 0.621094 0.051522 0.048438
0 1.0 0.149883 0.604688 0.238876 0.218750
0 1.0 0.149883 0.618750 0.140515 0.103125
0 1.0 0.069087 0.670312 0.053864 0.096875
0 1.0 0.343091 0.635938 0.096019 0.156250
0 1.0 0.225995 0.604688 0.142857 0.071875
0 1.0 0.272834 0.604688 0.072600 0.056250
0 1.0 0.336066 0.595313 0.297424 0.246875
0 1.0 0.344262 0.606250 0.182670 0.134375
0 1.0 0.274005 0.654687 0.074941 0.109375
0 1.0 0.072600 0.611719 0.145199 0.251563
0 1.0 0.162763 0.614844 0.100703 0.057813
0 1.0 0.637002 0.578906 0.313817 0.285938
0 1.0 0.269321 0.630469 0.135831 0.123438
0 1.0 0.227166 0.629687 0.103044 0.146875
0 1.0 0.133489 0.653906 0.093677 0.135937
0 1.0 0.505855 0.586719 0.140515 0.289062
0 1.0 0.522248 0.596875 0.065574 0.068750
0 1.0 0.446136 0.610938 0.091335 0.209375
0 1.0 0.443794 0.600000 0.142857 0.065625
0 1.0 0.489461 0.599219 0.032787 0.039062
0 1.0 0.050351 0.632812 0.072600 0.081250
0 1.0 0.238876 0.613281 0.065574 0.051562
0 1.0 0.791569 0.562500 0.257611 0.175000
0 1.0 0.176815 0.621094 0.044496 0.045312
0 1.0 0.033958 0.689063 0.049180 0.112500
0 1.0 0.087822 0.617969 0.081967 0.042188
0 1.0 0.037471 0.660156 0.074941 0.110937
0 1.0 0.100703 0.626563 0.023419 0.028125
0 1.0 0.922717 0.553125 0.154567 0.137500
0 1.0 0.696721 0.559375 0.288056 0.156250
0 1.0 0.656909 0.557813 0.091335 0.178125
0 1.0 0.722482 0.564063 0.152225 0.237500
0 1.0 0.962529 0.604688 0.037471 0.081250
0 1.0 0.948478 0.550781 0.103044 0.092188
0 1.0 0.954333 0.592969 0.067916 0.101562
0 1.0 0.645199 0.603906 0.138173 0.107813
0 1.0 0.185012 0.639062 0.088993 0.125000
0 1.0 0.799766 0.587500 0.091335 0.159375
0 1.0 0.870023 0.577344 0.100703 0.148438
0 1.0 0.851288 0.554688 0.255269 0.275000
0 1.0 0.085480 0.659375 0.025761 0.043750
0 1.0 0.222482 0.648438 0.065574 0.078125
0 1.0 0.963700 0.635938 0.039813 0.087500
0 1.0 0.921546 0.604688 0.156909 0.131250
0 1.0 0.179157 0.697656 0.128806 0.220312
0 1.0 0.214286 0.643750 0.320843 0.118750
0 1.0 0.196721 0.690625 0.295082 0.246875
0 1.0 0.393443 0.620313 0.112412 0.225000
0 1.0 0.414520 0.603125 0.032787 0.037500
0 1.0 0.600703 0.607812 0.114754 0.259375
0 1.0 0.758782 0.604688 0.088993 0.084375
0 1.0 0.549180 0.601562 0.269321 0.096875
0 1.0 0.586651 0.604688 0.058548 0.062500
0 1.0 0.796253 0.607031 0.074941 0.076563
0 1.0 0.065574 0.566406 0.103044 0.048438
0 1.0 0.696721 0.507031 0.320843 0.126562
0 1.0 0.898126 0.500000 0.203747 0.109375
0 1.0 0.229508 0.542188 0.285714 0.246875
0 1.0 0.231850 0.571094 0.182670 0.129688
0 1.0 0.189696 0.629687 0.060890 0.065625
0 1.0 0.229508 0.570312 0.117096 0.062500
0 1.0 0.779859 0.506250 0.065574 0.059375
0 1.0 0.872365 0.524219 0.091335 0.142187
0 1.0 0.103044 0.586719 0.103044 0.085938
0 1.0 0.800937 0.527344 0.112412 0.242188
0 1.0 0.080796 0.642188 0.044496 0.068750
0 1.0 0.146370 0.569531 0.100703 0.054688
0 1.0 0.106557 0.547656 0.213115 0.242188
0 1.0 0.463700 0.491406 0.182670 0.167187
0 1.0 0.393443 0.530469 0.093677 0.151562
0 1.0 0.669789 0.499219 0.107728 0.182812
0 1.0 0.606557 0.491406 0.098361 0.167187
0 1.0 0.336066 0.473438 0.306792 0.243750
0 1.0 0.332553 0.493750 0.210773 0.150000
0 1.0 0.276347 0.533594 0.084309 0.114062
0 1.0 0.251756 0.482031 0.278689 0.117188
0 1.0 0.270492 0.511719 0.142857 0.132812
0 1.0 0.607728 0.479687 0.217799 0.200000
0 1.0 0.543326 0.502344 0.112412 0.223438
0 1.0 0.453162 0.517969 0.081967 0.160938
0 1.0 0.447307 0.549219 0.140515 0.185938
0 1.0 0.409836 0.553125 0.304450 0.106250
0 1.0 0.608899 0.551562 0.084309 0.175000
0 1.0 0.783372 0.559375 0.081967 0.087500
0 1.0 0.594848 0.541406 0.215457 0.114062
0 1.0 0.398126 0.537500 0.295082 0.265625
0 1.0 0.337237 0.576562 0.079625 0.106250
0 1.0 0.334895 0.559375 0.149883 0.078125
0 1.0 0.033958 0.610156 0.058548 0.089063
0 1.0 0.063232 0.575000 0.051522 0.040625
0 1.0 0.050351 0.584375 0.067916 0.078125
0 1.0 0.964871 0.558594 0.037471 0.079687
0 1.0 0.953162 0.496875 0.093677 0.084375
0 1.0 0.289227 0.573438 0.110070 0.096875
0 1.0 0.160422 0.578125 0.189696 0.084375
0 1.0 0.474239 0.550781 0.133489 0.085938
0 1.0 0.138173 0.629687 0.056206 0.065625
0 1.0 0.907494 0.707812 0.185012 0.221875
0 1.0 0.133489 0.778125 0.168618 0.371875
0 1.0 0.135831 0.761719 0.271663 0.135937
0 1.0 0.151054 0.768750 0.100703 0.112500
0 1.0 0.161593 0.646875 0.051522 0.071875
0 1.0 0.809133 0.689844 0.128806 0.245312
0 1.0 0.814988 0.708594 0.257611 0.154688
0 1.0 0.761124 0.663281 0.121780 0.310937
0 1.0 0.044496 0.772656 0.088993 0.217188
0 1.0 0.103044 0.765625 0.088993 0.106250
0 1.0 0.038642 0.763281 0.077283 0.079687
0 1.0 0.289227 0.765625 0.156909 0.278125
0 1.0 0.278689 0.765625 0.332553 0.131250
0 1.0 0.338407 0.772656 0.053864 0.067187
0 1.0 0.225995 0.771875 0.166276 0.371875
0 1.0 0.537471 0.707031 0.269321 0.335938
0 1.0 0.491803 0.710156 0.327869 0.145313
0 1.0 0.523419 0.714844 0.142857 0.132812
0 1.0 0.028103 0.771094 0.042155 0.060937
0 1.0 0.693208 0.705469 0.295082 0.135937
0 1.0 0.964871 0.734375 0.056206 0.162500
0 1.0 0.940281 0.707812 0.119438 0.093750
0 1.0 0.655738 0.666406 0.131148 0.279687
0 1.0 0.667447 0.682031 0.290398 0.301563
0 1.0 0.805621 0.714063 0.121780 0.090625
0 1.0 0.847775 0.720313 0.070258 0.075000
0 1.0 0.844262 0.771094 0.077283 0.085938
0 1.0 0.809133 0.757812 0.316159 0.128125
0 1.0 0.504684 0.770312 0.231850 0.168750
0 1.0 0.446136 0.778125 0.133489 0.365625
0 1.0 0.720141 0.737500 0.147541 0.315625
0 1.0 0.696721 0.757812 0.306792 0.140625
0 1.0 0.071429 0.821875 0.142857 0.281250
0 1.0 0.942623 0.759375 0.114754 0.100000
0 1.0 0.661593 0.742188 0.180328 0.287500
0 1.0 0.603044 0.743750 0.128806 0.328125
0 1.0 0.461358 0.775000 0.084309 0.100000
0 1.0 0.393443 0.765625 0.140515 0.306250
0 1.0 0.411007 0.771094 0.086651 0.104688
0 1.0 0.339578 0.765625 0.149883 0.237500
0 1.0 0.556206 0.768750 0.133489 0.128125
0 1.0 0.498829 0.653906 0.318501 0.142187
0 1.0 0.742389 0.637500 0.215457 0.143750
0 1.0 0.434426 0.653906 0.086651 0.098437
0 1.0 0.393443 0.657031 0.210773 0.223438
0 1.0 0.862998 0.653906 0.142857 0.242188
0 1.0 0.792740 0.653125 0.100703 0.087500
0 1.0 0.557377 0.642188 0.145199 0.278125
0 1.0 0.590164 0.655469 0.088993 0.104688
0 1.0 0.495316 0.654687 0.072600 0.087500
0 1.0 0.059719 0.691406 0.081967 0.179688
0 1.0 0.638173 0.650000 0.245902 0.134375
0 1.0 0.227166 0.664844 0.154567 0.179688
0 1.0 0.487119 0.720313 0.065574 0.090625
0 1.0 0.941452 0.651563 0.117096 0.093750
0 1.0 0.115925 0.703906 0.213115 0.117188
0 1.0 0.125293 0.707031 0.081967 0.101562
0 1.0 0.416862 0.720313 0.098361 0.112500
0 1.0 0.309133 0.709375 0.323185 0.143750
0 1.0 0.590164 0.714844 0.088993 0.104688
0 1.0 0.042155 0.707812 0.084309 0.071875
0 1.0 0.043326 0.713281 0.039813 0.057813
0 1.0 0.065574 0.716406 0.131148 0.270313
0 1.0 0.291569 0.716406 0.081967 0.089063
0 1.0 0.867681 0.653125 0.264637 0.118750
0 1.0 0.603044 0.282813 0.063232 0.103125
0 1.0 0.619438 0.294531 0.264637 0.132812
0 1.0 0.877049 0.289062 0.081967 0.153125
0 1.0 0.805621 0.291406 0.060890 0.054688
0 1.0 0.886417 0.278906 0.030445 0.051562
0 1.0 0.811475 0.299219 0.138173 0.085938
0 1.0 0.862998 0.291406 0.245902 0.279687
0 1.0 0.574941 0.290625 0.339578 0.246875
0 1.0 0.583138 0.303125 0.107728 0.112500
0 1.0 0.501171 0.332813 0.070258 0.128125
0 1.0 0.532787 0.296875 0.269321 0.109375
0 1.0 0.510539 0.319531 0.032787 0.057813
0 1.0 0.811475 0.289062 0.072600 0.143750
0 1.0 0.755269 0.251563 0.072600 0.143750
0 1.0 0.749415 0.289062 0.243560 0.103125
0 1.0 0.762295 0.242969 0.025761 0.048438
0 1.0 0.028103 0.366406 0.056206 0.132812
0 1.0 0.072600 0.340625 0.145199 0.256250
0 1.0 0.966042 0.319531 0.035129 0.079687
0 1.0 0.961358 0.287500 0.077283 0.081250
0 1.0 0.928571 0.292969 0.142857 0.129688
0 1.0 0.668618 0.303906 0.072600 0.117188
0 1.0 0.675644 0.321875 0.039813 0.065625
0 1.0 0.580796 0.283594 0.028103 0.045312
0 1.0 0.229508 0.339062 0.103044 0.178125
0 1.0 0.278689 0.292969 0.145199 0.082812
0 1.0 0.235363 0.318750 0.044496 0.065625
0 1.0 0.256440 0.296094 0.255269 0.126562
0 1.0 0.244731 0.321875 0.274005 0.296875
0 1.0 0.729508 0.277344 0.269321 0.279687
0 1.0 0.192037 0.338281 0.079625 0.151562
0 1.0 0.236534 0.302344 0.117096 0.067187
0 1.0 0.443794 0.348438 0.044496 0.084375
0 1.0 0.523419 0.312500 0.049180 0.046875
0 1.0 0.443794 0.319531 0.077283 0.104688
0 1.0 0.487119 0.311719 0.117096 0.076563
0 1.0 0.448478 0.296094 0.283372 0.251563
0 1.0 0.495316 0.328125 0.030445 0.046875
0 1.0 0.400468 0.335938 0.060890 0.103125
0 1.0 0.707260 0.285938 0.098361 0.171875
0 1.0 0.704918 0.281250 0.037471 0.068750
0 1.0 0.354801 0.335938 0.063232 0.103125
0 1.0 0.406323 0.307812 0.039813 0.040625
0 1.0 0.362998 0.309375 0.187354 0.084375
0 1.0 0.614754 0.293750 0.021077 0.037500
0 1.0 0.620609 0.346875 0.215457 0.156250
0 1.0 0.542155 0.396875 0.063232 0.121875
0 1.0 0.235363 0.397656 0.096019 0.142187
0 1.0 0.197892 0.419531 0.053864 0.107813
0 1.0 0.238876 0.347656 0.192037 0.098437
0 1.0 0.196721 0.385156 0.112412 0.145313
0 1.0 0.197892 0.349219 0.288056 0.148438
0 1.0 0.436768 0.356250 0.110070 0.134375
0 1.0 0.511710 0.339062 0.283372 0.131250
0 1.0 0.446136 0.341406 0.025761 0.042188
0 1.0 0.492974 0.339062 0.166276 0.093750
0 1.0 0.706089 0.353125 0.105386 0.184375
0 1.0 0.333724 0.367188 0.325527 0.246875
0 1.0 0.663934 0.360156 0.105386 0.167187
0 1.0 0.346604 0.381250 0.079625 0.140625
0 1.0 0.344262 0.349219 0.140515 0.160938
0 1.0 0.669789 0.331250 0.266979 0.265625
0 1.0 0.134660 0.387500 0.086651 0.162500
0 1.0 0.148712 0.350781 0.245902 0.264062
0 1.0 0.818501 0.275781 0.030445 0.054688
0 1.0 0.473068 0.364844 0.084309 0.098437
0 1.0 0.398126 0.372656 0.079625 0.148438
0 1.0 0.413349 0.335156 0.194379 0.129688
0 1.0 0.076112 0.397656 0.067916 0.129688
0 1.0 0.133489 0.339844 0.112412 0.076563
0 1.0 0.056206 0.339062 0.098361 0.062500
0 1.0 0.277518 0.387500 0.096019 0.159375
0 1.0 0.112412 0.340625 0.224824 0.131250
0 1.0 0.257611 0.241406 0.295082 0.126562
0 1.0 0.227166 0.253906 0.093677 0.139063
0 1.0 0.509368 0.244531 0.189696 0.164062
0 1.0 0.515222 0.247656 0.056206 0.067187
0 1.0 0.131148 0.243750 0.126464 0.190625
0 1.0 0.135831 0.241406 0.238876 0.135937
0 1.0 0.129977 0.228906 0.241218 0.301563
0 1.0 0.073770 0.229687 0.114754 0.268750
0 1.0 0.421546 0.245312 0.304450 0.106250
0 1.0 0.399297 0.299219 0.096019 0.110937
0 1.0 0.454333 0.257031 0.070258 0.067187
0 1.0 0.638173 0.229687 0.311475 0.143750
0 1.0 0.610070 0.278906 0.035129 0.070312
0 1.0 0.567916 0.307812 0.049180 0.112500
0 1.0 0.135831 0.048438 0.060890 0.081250
0 1.0 0.138173 0.035156 0.140515 0.070312
0 1.0 0.135831 0.087500 0.238876 0.175000
0 1.0 0.077283 0.066406 0.051522 0.085938
0 1.0 0.112412 0.028906 0.056206 0.042188
0 1.0 0.353630 0.287500 0.093677 0.121875
0 1.0 0.345433 0.250000 0.269321 0.275000
0 1.0 0.352459 0.262500 0.152225 0.146875
0 1.0 0.288056 0.270313 0.074941 0.118750
0 1.0 0.186183 0.259375 0.119438 0.159375
0 1.0 0.053864 0.053906 0.065574 0.082812
0 1.0 0.022248 0.057031 0.035129 0.076563
0 1.0 0.059719 0.027344 0.044496 0.039062
0 1.0 0.036300 0.035156 0.072600 0.054688
0 1.0 0.070258 0.077344 0.140515 0.154688
0 1.0 0.188525 0.279687 0.067916 0.140625
0 1.0 0.298595 0.259375 0.063232 0.062500
0 1.0 0.915691 0.239844 0.121780 0.289062
0 1.0 0.892272 0.232813 0.215457 0.118750
0 1.0 0.213115 0.317969 0.037471 0.054688
0 1.0 0.161593 0.291406 0.117096 0.070312
0 1.0 0.140515 0.292187 0.238876 0.115625
0 1.0 0.809133 0.248438 0.110070 0.250000
0 1.0 0.781030 0.226562 0.283372 0.131250
0 1.0 0.132319 0.314063 0.105386 0.178125
0 1.0 0.069087 0.307031 0.072600 0.135937
0 1.0 0.073770 0.291406 0.039813 0.064062
0 1.0 0.330211 0.326562 0.046838 0.065625
0 1.0 0.380562 0.325000 0.044496 0.065625
0 1.0 0.783372 0.235937 0.100703 0.100000
0 1.0 0.577283 0.282031 0.044496 0.076563
0 1.0 0.756440 0.239063 0.117096 0.275000
0 1.0 0.509368 0.292187 0.049180 0.078125
0 1.0 0.046838 0.288281 0.093677 0.060937
0 1.0 0.029274 0.296094 0.058548 0.117188
0 1.0 0.950820 0.232813 0.098361 0.093750
0 1.0 0.873536 0.235937 0.117096 0.256250
0 1.0 0.669789 0.439063 0.098361 0.153125
0 1.0 0.332553 0.454688 0.149883 0.150000
0 1.0 0.505855 0.395313 0.074941 0.118750
0 1.0 0.281030 0.464844 0.098361 0.151562
0 1.0 0.551522 0.455469 0.180328 0.164062
0 1.0 0.503513 0.478125 0.093677 0.162500
0 1.0 0.807963 0.444531 0.229508 0.107813
0 1.0 0.816159 0.482031 0.053864 0.092188
0 1.0 0.797424 0.456250 0.259953 0.284375
0 1.0 0.757611 0.509375 0.096019 0.156250
0 1.0 0.451991 0.446094 0.042155 0.070312
0 1.0 0.503513 0.454688 0.046838 0.068750
0 1.0 0.453162 0.451562 0.110070 0.137500
0 1.0 0.439110 0.428125 0.306792 0.225000
0 1.0 0.686183 0.475000 0.276347 0.296875
0 1.0 0.699063 0.462500 0.189696 0.193750
0 1.0 0.028103 0.525000 0.032787 0.081250
0 1.0 0.059719 0.452344 0.035129 0.039062
0 1.0 0.026932 0.504687 0.049180 0.084375
0 1.0 0.036300 0.453906 0.072600 0.073438
0 1.0 0.071429 0.446094 0.142857 0.251563
0 1.0 0.050351 0.473438 0.063232 0.084375
0 1.0 0.276347 0.439844 0.182670 0.170313
0 1.0 0.918033 0.417187 0.117096 0.187500
0 1.0 0.898126 0.400781 0.203747 0.295312
0 1.0 0.196721 0.528125 0.037471 0.059375
0 1.0 0.202576 0.492188 0.072600 0.071875
0 1.0 0.217799 0.436719 0.271663 0.229687
0 1.0 0.218970 0.457031 0.114754 0.107813
0 1.0 0.139344 0.543750 0.039813 0.059375
0 1.0 0.090164 0.464062 0.114754 0.106250
0 1.0 0.395785 0.453125 0.088993 0.156250
0 1.0 0.325527 0.446094 0.051522 0.076563
0 1.0 0.029274 0.580469 0.035129 0.085938
0 1.0 0.052693 0.502344 0.091335 0.054688
0 1.0 0.030445 0.552344 0.060890 0.095312
0 1.0 0.964871 0.505469 0.028103 0.054688
0 1.0 0.971897 0.447656 0.056206 0.067187
0 1.0 0.234192 0.539844 0.098361 0.129688
0 1.0 0.195550 0.578125 0.072600 0.053125
0 1.0 0.196721 0.522656 0.149883 0.107813
0 1.0 0.139344 0.611719 0.044496 0.054688
0 1.0 0.142857 0.585938 0.051522 0.046875
0 1.0 0.161593 0.498437 0.215457 0.109375
0 1.0 0.759953 0.463281 0.175644 0.170313
0 1.0 0.711944 0.466406 0.084309 0.132812
0 1.0 0.193208 0.608594 0.049180 0.054688
0 1.0 0.901639 0.450000 0.196721 0.100000
0 1.0 0.610070 0.431250 0.086651 0.140625
0 1.0 0.921546 0.487500 0.100703 0.184375
0 1.0 0.807963 0.453906 0.023419 0.032813
0 1.0 0.879391 0.487500 0.044496 0.065625
0 1.0 0.800937 0.456250 0.145199 0.068750
0 1.0 0.142857 0.529687 0.126464 0.096875
0 1.0 0.079625 0.602344 0.042155 0.064062
0 1.0 0.142857 0.499219 0.112412 0.064062
0 1.0 0.090164 0.528125 0.114754 0.096875
0 1.0 0.763466 0.502344 0.060890 0.092188
0 1.0 0.155738 0.494531 0.250585 0.260937
0 1.0 0.868852 0.440625 0.084309 0.150000
0 1.0 0.888759 0.340625 0.222482 0.115625
0 1.0 0.872365 0.360156 0.072600 0.126562
0 1.0 0.792740 0.345313 0.119438 0.078125
0 1.0 0.135831 0.447656 0.079625 0.148438
0 1.0 0.036300 0.403906 0.072600 0.067187
0 1.0 0.073770 0.446875 0.053864 0.090625
0 1.0 0.107728 0.395313 0.201405 0.134375
0 1.0 0.026932 0.459375 0.049180 0.131250
0 1.0 0.944965 0.357812 0.110070 0.137500
0 1.0 0.599532 0.363281 0.084309 0.129688
0 1.0 0.800937 0.351562 0.192037 0.112500
0 1.0 0.813817 0.372656 0.077283 0.135937
0 1.0 0.756440 0.341406 0.088993 0.154688
0 1.0 0.715457 0.346875 0.288056 0.115625
0 1.0 0.963700 0.372656 0.021077 0.042188
0 1.0 0.953162 0.382031 0.051522 0.073438
0 1.0 0.951991 0.457813 0.053864 0.078125
0 1.0 0.896956 0.392969 0.206089 0.114062
0 1.0 0.605386 0.407031 0.142857 0.264062
0 1.0 0.814988 0.434375 0.093677 0.178125
0 1.0 0.789227 0.396875 0.140515 0.087500
0 1.0 0.877049 0.442969 0.049180 0.082812
0 1.0 0.147541 0.517969 0.042155 0.051562
0 1.0 0.079625 0.537500 0.042155 0.075000
0 1.0 0.152225 0.448437 0.070258 0.062500
0 1.0 0.960187 0.481250 0.037471 0.081250
0 1.0 0.113583 0.448437 0.208431 0.115625
0 1.0 0.752927 0.386719 0.306792 0.129688
0 1.0 0.762295 0.432031 0.081967 0.129688
0 1.0 0.084309 0.515625 0.042155 0.059375
0 1.0 0.535129 0.437500 0.091335 0.181250
0 1.0 0.564403 0.389062 0.309133 0.175000
0 1.0 0.819672 0.432031 0.065574 0.107813
0 1.0 0.252927 0.707812 0.426230 0.450000
0 1.0 0.549180 0.644531 0.498829 0.320312
0 1.0 0.234192 0.141406 0.103044 0.167187
0 1.0 0.235363 0.126562 0.231850 0.146875
0 1.0 0.186183 0.159375 0.077283 0.171875
0 1.0 0.451991 0.654687 0.220141 0.528125
0 1.0 0.360656 0.649219 0.257611 0.501563
0 1.0 0.348946 0.660156 0.599532 0.239063
0 1.0 0.131148 0.142969 0.107728 0.229687
0 1.0 0.399297 0.138281 0.185012 0.176563
0 1.0 0.292740 0.131250 0.243560 0.246875
0 1.0 0.347775 0.129688 0.194379 0.090625
0 1.0 0.339578 0.150781 0.117096 0.179688
0 1.0 0.293911 0.171875 0.072600 0.140625
0 1.0 0.277518 0.139844 0.081967 0.076563
0 1.0 0.437939 0.754687 0.590164 0.271875
0 1.0 0.784543 0.749219 0.430913 0.217188
0 1.0 0.923888 0.100781 0.152225 0.201563
0 1.0 0.809133 0.092188 0.227166 0.134375
0 1.0 0.762295 0.165625 0.067916 0.118750
0 1.0 0.750585 0.114062 0.255269 0.228125
0 1.0 0.706089 0.089844 0.283372 0.114062
0 1.0 0.723653 0.164844 0.046838 0.060937
0 1.0 0.870023 0.112500 0.100703 0.171875
0 1.0 0.028103 0.149219 0.056206 0.204687
0 1.0 0.050351 0.123438 0.100703 0.075000
0 1.0 0.967213 0.109375 0.042155 0.100000
0 1.0 0.950820 0.075000 0.098361 0.084375
0 1.0 0.833724 0.084375 0.103044 0.075000
0 1.0 0.804450 0.137500 0.081967 0.150000
0 1.0 0.786885 0.649219 0.426230 0.207813
0 1.0 0.490632 0.349219 0.578454 0.235937
0 1.0 0.711944 0.347656 0.529274 0.210938
0 1.0 0.727166 0.375000 0.381733 0.434375
0 1.0 0.661593 0.186719 0.053864 0.070312
0 1.0 0.723653 0.190625 0.070258 0.115625
0 1.0 0.693208 0.139063 0.304450 0.125000
0 1.0 0.048009 0.183594 0.096019 0.070312
0 1.0 0.967213 0.174219 0.051522 0.126562
0 1.0 0.094848 0.182031 0.189696 0.123438
0 1.0 0.779859 0.132812 0.098361 0.081250
0 1.0 0.858314 0.130469 0.241218 0.251563
0 1.0 0.509368 0.186719 0.077283 0.098437
0 1.0 0.535129 0.146875 0.128806 0.084375
0 1.0 0.512881 0.137500 0.229508 0.246875
0 1.0 0.510539 0.150781 0.173302 0.148438
0 1.0 0.444965 0.217969 0.037471 0.073438
0 1.0 0.500000 0.142969 0.096019 0.057813
0 1.0 0.444965 0.186719 0.084309 0.095312
0 1.0 0.515222 0.150781 0.037471 0.045312
0 1.0 0.462529 0.155469 0.128806 0.114062
0 1.0 0.394614 0.168750 0.086651 0.181250
0 1.0 0.564403 0.464844 0.243560 0.417187
0 1.0 0.441452 0.142187 0.072600 0.068750
0 1.0 0.153396 0.607812 0.227166 0.600000
0 1.0 0.391101 0.546094 0.669789 0.226562
0 1.0 0.588993 0.146875 0.166276 0.078125
0 1.0 0.567916 0.186719 0.063232 0.089063
0 1.0 0.385246 0.427344 0.512881 0.335938
0 1.0 0.668618 0.145313 0.278689 0.246875
0 1.0 0.603044 0.196094 0.058548 0.104688
0 1.0 0.607728 0.192188 0.039813 0.065625
0 1.0 0.334895 0.846094 0.669789 0.307812
0 1.0 0.681499 0.668750 0.304450 0.662500
0 1.0 0.632319 0.496875 0.735363 0.303125
0 1.0 0.662763 0.147656 0.028103 0.039062
0 1.0 0.681499 0.028125 0.117096 0.050000
0 1.0 0.668618 0.117188 0.021077 0.021875
0 1.0 0.668618 0.071875 0.086651 0.065625
0 1.0 0.613583 0.147656 0.028103 0.045312
0 1.0 0.638173 0.029687 0.091335 0.046875
0 1.0 0.618267 0.120313 0.018735 0.025000
0 1.0 0.618267 0.082031 0.238876 0.164062
0 1.0 0.618267 0.071094 0.079625 0.064062
0 1.0 0.612412 0.037500 0.156909 0.075000
0 1.0 0.714286 0.036719 0.159251 0.073438
0 1.0 0.501171 0.328906 0.370023 0.623437
0 1.0 0.293911 0.315625 0.320843 0.631250
0 1.0 0.645199 0.125000 0.709602 0.250000
0 1.0 0.813817 0.071875 0.049180 0.075000
0 1.0 0.827869 0.026562 0.119438 0.053125
0 1.0 0.217799 0.499219 0.435597 0.379688
0 1.0 0.296253 0.041406 0.067916 0.082812
0 1.0 0.717799 0.072656 0.091335 0.076563
0 1.0 0.190867 0.550781 0.381733 0.898438
0 1.0 0.392272 0.059375 0.081967 0.118750
0 1.0 0.233021 0.052344 0.067916 0.104688
0 1.0 0.263466 0.025781 0.110070 0.051562
0 1.0 0.189696 0.053125 0.060890 0.100000
0 1.0 0.158080 0.025781 0.077283 0.051562
0 1.0 0.347775 0.082031 0.245902 0.164062
0 1.0 0.354801 0.050781 0.096019 0.098437
0 1.0 0.199063 0.027344 0.084309 0.051562
0 1.0 0.567916 0.125000 0.030445 0.043750
0 1.0 0.588993 0.032813 0.067916 0.040625
0 1.0 0.648712 0.875000 0.702576 0.250000
0 1.0 0.573770 0.117188 0.028103 0.034375
0 1.0 0.415691 0.028125 0.156909 0.056250
0 1.0 0.511710 0.094531 0.039813 0.060937
0 1.0 0.539813 0.029687 0.091335 0.046875
0 1.0 0.518735 0.037500 0.147541 0.068750
0 1.0 0.515222 0.067187 0.079625 0.071875
0 1.0 0.569087 0.072656 0.074941 0.064062
0 1.0 0.327869 0.027344 0.042155 0.039062
0 1.0 0.310304 0.034375 0.138173 0.068750
0 1.0 0.449649 0.066406 0.032787 0.048438
0 1.0 0.450820 0.079687 0.236534 0.159375
0 1.0 0.471897 0.061719 0.067916 0.070312
0 1.0 0.480094 0.192188 0.913349 0.384375
0 1.0 0.511710 0.032813 0.035129 0.034375
0 1.0 0.444965 0.088281 0.065574 0.064062
0 1.0 0.372365 0.078125 0.107728 0.068750
0 1.0 0.355972 0.080469 0.177986 0.098437
0 1.0 0.822014 0.066406 0.032787 0.042188
0 1.0 0.563232 0.117969 0.147541 0.120313
0 1.0 0.508197 0.159375 0.056206 0.100000
0 1.0 0.526932 0.084375 0.163934 0.075000
0 1.0 0.290398 0.085938 0.070258 0.062500
0 1.0 0.222482 0.922656 0.444965 0.154688
0 1.0 0.830211 0.849219 0.339578 0.207813
0 1.0 0.238876 0.074219 0.224824 0.101562
0 1.0 0.462529 0.104688 0.114754 0.112500
0 1.0 0.570258 0.167187 0.044496 0.059375
0 1.0 0.587822 0.098437 0.103044 0.071875
0 1.0 0.172131 0.840625 0.344262 0.215625
0 1.0 0.346604 0.814844 0.262295 0.360938
0 1.0 0.492974 0.090625 0.096019 0.056250
0 1.0 0.667447 0.170313 0.037471 0.046875
0 1.0 0.613583 0.177344 0.028103 0.045312
0 1.0 0.257611 0.121094 0.515222 0.242188
0 1.0 0.169789 0.290625 0.339578 0.496875
0 1.0 0.961358 0.058594 0.039813 0.054688
0 1.0 0.940281 0.040625 0.119438 0.081250
0 1.0 0.782201 0.923438 0.435597 0.153125
0 1.0 0.768150 0.110156 0.046838 0.070312
0 1.0 0.777518 0.092188 0.028103 0.034375
0 1.0 0.771663 0.035156 0.147541 0.070312
0 1.0 0.772834 0.064844 0.093677 0.079687
0 1.0 0.727166 0.107031 0.025761 0.029687
0 1.0 0.879391 0.053906 0.105386 0.092188
0 1.0 0.720141 0.128906 0.039813 0.057813
0 1.0 0.448478 0.923438 0.611241 0.153125
0 1.0 0.875878 0.053906 0.051522 0.076563
0 1.0 0.866511 0.028906 0.065574 0.045312
0 1.0 0.884075 0.056250 0.035129 0.046875
0 1.0 0.101874 0.075000 0.142857 0.090625
0 1.0 0.044496 0.076563 0.088993 0.065625
0 1.0 0.923888 0.846094 0.072600 0.145313
0 1.0 0.901639 0.875781 0.196721 0.104688
0 1.0 0.607728 0.851562 0.053864 0.090625
0 1.0 0.610070 0.875000 0.255269 0.100000
0 1.0 0.610070 0.872656 0.039813 0.067187
0 1.0 0.950820 0.125781 0.098361 0.089063
0 1.0 0.556206 0.848437 0.058548 0.100000
0 1.0 0.819672 0.811719 0.070258 0.151562
0 1.0 0.779859 0.867188 0.290398 0.109375
0 1.0 0.599532 0.853906 0.285714 0.251563
0 1.0 0.138173 0.900781 0.196721 0.176563
0 1.0 0.076112 0.897656 0.114754 0.204687
0 1.0 0.777518 0.828906 0.056206 0.095312
0 1.0 0.948478 0.885938 0.103044 0.137500
0 1.0 0.717799 0.826562 0.058548 0.096875
0 1.0 0.956674 0.890625 0.044496 0.068750
0 1.0 0.922717 0.869531 0.154567 0.251563
0 1.0 0.298595 0.832812 0.067916 0.137500
0 1.0 0.271663 0.875000 0.299766 0.128125
0 1.0 0.320843 0.880469 0.070258 0.079687
0 1.0 0.571429 0.885938 0.107728 0.093750
0 1.0 0.488290 0.877344 0.067916 0.132812
0 1.0 0.495316 0.877344 0.288056 0.135937
0 1.0 0.186183 0.849219 0.114754 0.242188
0 1.0 0.448478 0.876563 0.044496 0.081250
0 1.0 0.448478 0.882812 0.100703 0.137500
0 1.0 0.448478 0.841406 0.245902 0.270313
0 1.0 0.708431 0.860156 0.203747 0.170313
0 1.0 0.663934 0.839063 0.053864 0.090625
0 1.0 0.672131 0.860156 0.042155 0.067187
0 1.0 0.697892 0.839063 0.290398 0.290625
0 1.0 0.663934 0.913281 0.180328 0.157812
0 1.0 0.603044 0.903906 0.114754 0.192188
0 1.0 0.339578 0.902344 0.187354 0.157812
0 1.0 0.551522 0.913281 0.161593 0.145313
0 1.0 0.489461 0.900000 0.126464 0.200000
0 1.0 0.285714 0.921094 0.135831 0.104688
0 1.0 0.817330 0.911719 0.182670 0.176563
0 1.0 0.457845 0.917188 0.255269 0.109375
0 1.0 0.395785 0.891406 0.117096 0.217188
0 1.0 0.666276 0.915625 0.334895 0.109375
0 1.0 0.963700 0.877344 0.025761 0.051562
0 1.0 0.228337 0.900781 0.124122 0.198437
0 1.0 0.868852 0.830469 0.070258 0.135937
0 1.0 0.814988 0.875000 0.121780 0.075000
0 1.0 0.859485 0.882031 0.060890 0.060937
0 1.0 0.052693 0.923438 0.077283 0.078125
0 1.0 0.029274 0.914062 0.058548 0.150000
0 1.0 0.077283 0.917969 0.154567 0.095312
0 1.0 0.517564 0.820312 0.290398 0.131250
0 1.0 0.543326 0.828125 0.131148 0.115625
0 1.0 0.490632 0.828906 0.077283 0.085938
0 1.0 0.672131 0.813281 0.327869 0.139063
0 1.0 0.548009 0.809375 0.145199 0.334375
0 1.0 0.340749 0.813281 0.306792 0.132812
0 1.0 0.805621 0.765625 0.135831 0.096875
0 1.0 0.114754 0.828125 0.098361 0.109375
0 1.0 0.094848 0.034375 0.096019 0.059375
0 1.0 0.100703 0.819531 0.201405 0.120313
0 1.0 0.814988 0.757031 0.177986 0.207813
0 1.0 0.421546 0.827344 0.103044 0.101562
0 1.0 0.037471 0.825781 0.046838 0.064062
0 1.0 0.324356 0.825000 0.072600 0.081250
0 1.0 0.864169 0.802344 0.135831 0.310937
0 1.0 0.807963 0.817969 0.131148 0.089063
0 1.0 0.851288 0.823438 0.058548 0.068750
0 1.0 0.129977 0.846094 0.096019 0.201563
0 1.0 0.339578 0.814844 0.074941 0.145313
0 1.0 0.028103 0.857812 0.046838 0.128125
0 1.0 0.056206 0.868750 0.112412 0.084375
0 1.0 0.053864 0.875000 0.046838 0.065625
0 1.0 0.083138 0.839063 0.067916 0.143750
0 1.0 0.107728 0.876563 0.107728 0.121875
0 1.0 0.764637 0.787500 0.133489 0.328125
0 1.0 0.963700 0.852344 0.053864 0.132812
0 1.0 0.939110 0.813281 0.121780 0.095312
0 1.0 0.884075 0.814844 0.231850 0.126562
0 1.0 0.653396 0.242969 0.084309 0.145313
0 1.0 0.601874 0.242188 0.051522 0.115625
0 1.0 0.673302 0.182812 0.147541 0.084375
0 1.0 0.632319 0.179688 0.276347 0.131250
0 1.0 0.565574 0.261719 0.044496 0.092188
0 1.0 0.804450 0.175781 0.166276 0.173437
0 1.0 0.614754 0.184375 0.133489 0.081250
0 1.0 0.566745 0.232031 0.070258 0.095312
0 1.0 0.572600 0.190625 0.259953 0.237500
0 1.0 0.571429 0.194531 0.112412 0.114062
0 1.0 0.542155 0.194531 0.049180 0.051562
0 1.0 0.448478 0.296094 0.025761 0.048438
0 1.0 0.742389 0.183594 0.159251 0.129688
0 1.0 0.064403 0.234375 0.128806 0.087500
0 1.0 0.036300 0.243750 0.072600 0.196875
0 1.0 0.942623 0.178906 0.114754 0.098437
0 1.0 0.449649 0.082031 0.599532 0.164062
0 1.0 0.309133 0.201563 0.060890 0.075000
0 1.0 0.255269 0.178125 0.295082 0.125000
0 1.0 0.291569 0.253125 0.569087 0.231250
0 1.0 0.393443 0.282031 0.510539 0.395313
0 1.0 0.353630 0.203125 0.065574 0.081250
0 1.0 0.292740 0.227344 0.079625 0.129688
0 1.0 0.456674 0.188281 0.234192 0.242188
0 1.0 0.487119 0.223438 0.042155 0.050000
0 1.0 0.396956 0.255469 0.058548 0.114062
0 1.0 0.425059 0.183594 0.292740 0.104688
0 1.0 0.398126 0.226562 0.107728 0.125000
0 1.0 0.340749 0.216406 0.105386 0.126562
0 1.0 0.192037 0.196094 0.042155 0.070312
0 1.0 0.346604 0.246094 0.056206 0.104688
0 1.0 0.393443 0.184375 0.107728 0.068750
0 1.0 0.350117 0.956250 0.105386 0.087500
0 1.0 0.063232 0.964063 0.065574 0.056250
0 1.0 0.051522 0.954688 0.103044 0.090625
0 1.0 0.966042 0.945312 0.049180 0.109375
0 1.0 0.255269 0.954688 0.117096 0.075000
0 1.0 0.188525 0.939063 0.100703 0.121875
0 1.0 0.524590 0.952344 0.163934 0.095312
0 1.0 0.449649 0.941406 0.070258 0.117188
0 1.0 0.515222 0.960156 0.046838 0.042188
0 1.0 0.133489 0.939063 0.093677 0.121875
0 1.0 0.409836 0.954688 0.112412 0.090625
0 1.0 0.368852 0.959375 0.063232 0.050000
0 1.0 0.201405 0.964063 0.070258 0.050000
0 1.0 0.893443 0.921094 0.213115 0.120313
0 1.0 0.867681 0.892188 0.119438 0.215625
0 1.0 0.839578 0.919531 0.156909 0.085938
0 1.0 0.149883 0.962500 0.084309 0.053125
0 1.0 0.716628 0.916406 0.103044 0.167187
0 1.0 0.713115 0.953906 0.077283 0.092188
0 1.0 0.716628 0.953906 0.210773 0.092188
0 1.0 0.658080 0.951562 0.070258 0.096875
0 1.0 0.564403 0.960938 0.056206 0.050000
0 1.0 0.923888 0.944531 0.081967 0.110937
0 1.0 0.870023 0.942969 0.091335 0.114062
0 1.0 0.858314 0.966406 0.058548 0.051562
0 1.0 0.860656 0.181250 0.222482 0.121875
0 1.0 0.839578 0.961719 0.161593 0.076563
0 1.0 0.951991 0.961719 0.096019 0.076563
0 1.0 0.818501 0.935156 0.086651 0.129688
0 1.0 0.605386 0.951562 0.077283 0.096875
0 1.0 0.632319 0.962500 0.088993 0.059375
0 1.0 0.285714 0.963281 0.065574 0.048438
0 1.0 0.304450 0.960938 0.088993 0.078125
0 1.0 0.599532 0.950000 0.224824 0.100000
0 1.0 0.768150 0.939844 0.088993 0.120313
0 1.0 0.462529 0.959375 0.077283 0.053125
0 1.0 0.489461 0.956250 0.098361 0.071875
0 1.0 0.871194 0.752344 0.257611 0.426563
0 1.0 0.073770 0.654687 0.147541 0.578125
0 1.0 0.457845 0.160156 0.526932 0.264062
0 1.0 0.077283 0.274219 0.154567 0.548438
0 1.0 0.649883 0.690625 0.700234 0.618750
0 1.0 0.444965 0.470313 0.215457 0.490625
0 1.0 0.823185 0.509375 0.353630 0.946875
0 1.0 0.913349 0.257812 0.173302 0.471875
0 1.0 0.922717 0.554688 0.154567 0.546875