0 1.0 0.573317 0.357812 0.439904 0.596875
0 1.0 0.188702 0.357031 0.343750 0.645312
0 1.0 0.844952 0.359375 0.204327 0.600000
0 1.0 0.525240 0.395313 0.949519 0.603125
0 1.0 0.289663 0.673438 0.516827 0.525000
0 1.0 0.332933 0.264062 0.079327 0.209375
0 1.0 0.888221 0.607812 0.223558 0.137500
0 1.0 0.909856 0.558594 0.156250 0.257812
0 1.0 0.600962 0.586719 0.322115 0.139063
0 1.0 0.099760 0.663281 0.199519 0.104688
0 1.0 0.078125 0.600781 0.146635 0.304688
0 1.0 0.117788 0.670312 0.086538 0.075000
0 1.0 0.758413 0.576562 0.132212 0.181250
0 1.0 0.752404 0.598437 0.278846 0.140625
0 1.0 0.606971 0.595313 0.103365 0.171875
0 1.0 0.701923 0.570312 0.120192 0.225000
0 1.0 0.330529 0.592969 0.286058 0.145313
0 1.0 0.390625 0.595313 0.117788 0.193750
0 1.0 0.459135 0.578906 0.211538 0.157812
0 1.0 0.466346 0.571875 0.341346 0.221875
0 1.0 0.823317 0.604688 0.098558 0.125000
0 1.0 0.557692 0.589063 0.115385 0.181250
0 1.0 0.445913 0.573438 0.098558 0.153125
0 1.0 0.819712 0.569531 0.317308 0.239063
0 1.0 0.614183 0.642969 0.300481 0.101562
0 1.0 0.337740 0.641406 0.213942 0.164062
0 1.0 0.284856 0.628906 0.132212 0.229687
0 1.0 0.257212 0.650781 0.274038 0.101562
0 1.0 0.281250 0.649219 0.120192 0.082812
0 1.0 0.957933 0.622656 0.079327 0.114062
0 1.0 0.500000 0.623437 0.153846 0.196875
0 1.0 0.171875 0.636719 0.146635 0.223438
0 1.0 0.814904 0.646094 0.216346 0.129688
0 1.0 0.443510 0.641406 0.310096 0.101562
0 1.0 0.444712 0.636719 0.134615 0.182812
0 1.0 0.230769 0.619531 0.278846 0.260937
0 1.0 0.163462 0.667188 0.110577 0.093750
0 1.0 0.051683 0.644531 0.103365 0.157812
0 1.0 0.054087 0.659375 0.055288 0.059375
0 1.0 0.820913 0.541406 0.103365 0.170313
0 1.0 0.506010 0.536719 0.194712 0.223438
0 1.0 0.448317 0.517969 0.098558 0.145313
0 1.0 0.697115 0.523438 0.216346 0.265625
0 1.0 0.171875 0.576562 0.098558 0.228125
0 1.0 0.170673 0.564063 0.221154 0.231250
0 1.0 0.661058 0.557813 0.115385 0.225000
0 1.0 0.341346 0.570312 0.105769 0.193750
0 1.0 0.146635 0.590625 0.134615 0.140625
0 1.0 0.032452 0.592187 0.064904 0.246875
0 1.0 0.241587 0.600781 0.137019 0.220312
0 1.0 0.084135 0.602344 0.134615 0.107813
0 1.0 0.054087 0.609375 0.055288 0.075000
0 1.0 0.965144 0.567187 0.064904 0.165625
0 1.0 0.930288 0.557031 0.139423 0.129688
0 1.0 0.847356 0.559375 0.199519 0.159375
0 1.0 0.850962 0.560937 0.115385 0.103125
0 1.0 0.342548 0.746875 0.137019 0.321875
0 1.0 0.322115 0.760938 0.235577 0.121875
0 1.0 0.616587 0.760938 0.300481 0.109375
0 1.0 0.605769 0.739062 0.134615 0.278125
0 1.0 0.268029 0.767188 0.074519 0.084375
0 1.0 0.281250 0.774219 0.288462 0.310937
0 1.0 0.225962 0.760156 0.293269 0.142187
0 1.0 0.555288 0.751563 0.187500 0.218750
0 1.0 0.497596 0.746875 0.139423 0.346875
0 1.0 0.490385 0.760938 0.264423 0.115625
0 1.0 0.775240 0.756250 0.266827 0.162500
0 1.0 0.396635 0.754687 0.206731 0.243750
0 1.0 0.710337 0.746875 0.137019 0.321875
0 1.0 0.288462 0.750000 0.129808 0.300000
0 1.0 0.069712 0.757812 0.139423 0.306250
0 1.0 0.966346 0.715625 0.067308 0.162500
0 1.0 0.937500 0.703125 0.125000 0.100000
0 1.0 0.175481 0.784375 0.139423 0.334375
0 1.0 0.914663 0.710156 0.132212 0.279687
0 1.0 0.881010 0.701562 0.237981 0.118750
0 1.0 0.114183 0.761719 0.228365 0.107813
0 1.0 0.115385 0.767188 0.110577 0.103125
0 1.0 0.247596 0.815625 0.254808 0.115625
0 1.0 0.283654 0.821875 0.081731 0.081250
0 1.0 0.941106 0.757812 0.117788 0.100000
0 1.0 0.878606 0.757031 0.242788 0.129688
0 1.0 0.185096 0.820312 0.264423 0.184375
0 1.0 0.455529 0.817187 0.218750 0.103125
0 1.0 0.451923 0.807813 0.163462 0.200000
0 1.0 0.114183 0.814844 0.228365 0.126562
0 1.0 0.109375 0.825000 0.218750 0.290625
0 1.0 0.043269 0.821875 0.086538 0.284375
0 1.0 0.663462 0.753125 0.192308 0.215625
0 1.0 0.801683 0.759375 0.137019 0.090625
0 1.0 0.848558 0.764844 0.269231 0.295312
0 1.0 0.768029 0.752344 0.137019 0.310937
0 1.0 0.063702 0.817187 0.127404 0.093750
0 1.0 0.048077 0.826562 0.067308 0.081250
0 1.0 0.066106 0.710938 0.055288 0.059375
0 1.0 0.967548 0.664062 0.060096 0.109375
0 1.0 0.929087 0.650000 0.141827 0.096875
0 1.0 0.237981 0.707812 0.206731 0.193750
0 1.0 0.189904 0.710156 0.259615 0.098437
0 1.0 0.854567 0.652344 0.141827 0.076563
0 1.0 0.449519 0.702344 0.245192 0.110937
0 1.0 0.129808 0.693750 0.134615 0.334375
0 1.0 0.165865 0.712500 0.100962 0.087500
0 1.0 0.341346 0.704688 0.240385 0.109375
0 1.0 0.705529 0.636719 0.194712 0.142187
0 1.0 0.128606 0.715625 0.079327 0.068750
0 1.0 0.056490 0.708594 0.112981 0.064062
0 1.0 0.718750 0.695312 0.269231 0.246875
0 1.0 0.659856 0.669531 0.117788 0.254688
0 1.0 0.668269 0.704688 0.322115 0.115625
0 1.0 0.817308 0.703906 0.144231 0.082812
0 1.0 0.604567 0.689063 0.271635 0.265625
0 1.0 0.560096 0.685156 0.125000 0.289062
0 1.0 0.550481 0.707812 0.264423 0.112500
0 1.0 0.813702 0.706250 0.122596 0.250000
0 1.0 0.054087 0.762500 0.108173 0.075000
0 1.0 0.489183 0.695312 0.281250 0.290625
0 1.0 0.283654 0.712500 0.096154 0.078125
0 1.0 0.711538 0.313281 0.134615 0.289062
0 1.0 0.727163 0.334375 0.151442 0.125000
0 1.0 0.711538 0.343750 0.230769 0.403125
0 1.0 0.662260 0.291406 0.074519 0.195312
0 1.0 0.665865 0.339062 0.322115 0.125000
0 1.0 0.594952 0.272656 0.079327 0.179688
0 1.0 0.908654 0.317969 0.168269 0.226562
0 1.0 0.891827 0.336719 0.182692 0.098437
0 1.0 0.545673 0.288281 0.125000 0.310937
0 1.0 0.108173 0.395313 0.110577 0.081250
0 1.0 0.816106 0.328906 0.108173 0.332813
0 1.0 0.824519 0.338281 0.293269 0.129688
0 1.0 0.056490 0.396875 0.098558 0.078125
0 1.0 0.034856 0.389062 0.069712 0.193750
0 1.0 0.075721 0.405469 0.151442 0.270313
0 1.0 0.421875 0.321094 0.117788 0.185938
0 1.0 0.349760 0.349219 0.175481 0.101562
0 1.0 0.338942 0.326562 0.110577 0.278125
0 1.0 0.588942 0.332031 0.293269 0.189062
0 1.0 0.501202 0.336719 0.237981 0.145313
0 1.0 0.300481 0.297656 0.139423 0.351562
0 1.0 0.290865 0.342969 0.259615 0.195312
0 1.0 0.313702 0.325781 0.079327 0.185938
0 1.0 0.236779 0.303906 0.122596 0.373437
0 1.0 0.241587 0.344531 0.122596 0.114062
0 1.0 0.522837 0.298438 0.286058 0.409375
0 1.0 0.409856 0.312500 0.194712 0.312500
0 1.0 0.442308 0.341406 0.110577 0.110937
0 1.0 0.343750 0.393750 0.274038 0.103125
0 1.0 0.326923 0.358594 0.240385 0.367188
0 1.0 0.606971 0.392969 0.271635 0.170313
0 1.0 0.120192 0.365625 0.139423 0.378125
0 1.0 0.198317 0.397656 0.237981 0.120313
0 1.0 0.516827 0.395313 0.158654 0.106250
0 1.0 0.500000 0.353125 0.149038 0.378125
0 1.0 0.729567 0.401562 0.141827 0.118750
0 1.0 0.399038 0.359375 0.105769 0.321875
0 1.0 0.421875 0.389844 0.170673 0.095312
0 1.0 0.437500 0.390625 0.081731 0.084375
0 1.0 0.266827 0.397656 0.163462 0.095312
0 1.0 0.963942 0.312500 0.052885 0.140625
0 1.0 0.954327 0.339062 0.091346 0.190625
0 1.0 0.174279 0.384375 0.112981 0.315625
0 1.0 0.914663 0.357031 0.137019 0.479687
0 1.0 0.188702 0.388281 0.117788 0.167187
0 1.0 0.454327 0.361719 0.173077 0.235937
0 1.0 0.102163 0.393750 0.170673 0.125000
0 1.0 0.427885 0.282031 0.201923 0.101562
0 1.0 0.408654 0.253125 0.125000 0.196875
0 1.0 0.449519 0.283594 0.072115 0.082812
0 1.0 0.651442 0.282813 0.100962 0.103125
0 1.0 0.367788 0.290625 0.057692 0.109375
0 1.0 0.331731 0.278906 0.120192 0.095312
0 1.0 0.322115 0.258594 0.048077 0.142187
0 1.0 0.542067 0.275000 0.137019 0.115625
0 1.0 0.521635 0.264062 0.216346 0.165625
0 1.0 0.503606 0.226562 0.127404 0.259375
0 1.0 0.765625 0.222656 0.093750 0.179688
0 1.0 0.756010 0.277344 0.228365 0.167187
0 1.0 0.495192 0.287500 0.062500 0.065625
0 1.0 0.455529 0.275781 0.112981 0.167187
0 1.0 0.352163 0.086719 0.247596 0.173437
0 1.0 0.187500 0.082812 0.235577 0.165625
0 1.0 0.669471 0.648438 0.661058 0.703125
0 1.0 0.204327 0.270313 0.086538 0.093750
0 1.0 0.200721 0.069531 0.074519 0.070312
0 1.0 0.149038 0.089844 0.048077 0.070312
0 1.0 0.082933 0.075781 0.050481 0.095312
0 1.0 0.112981 0.031250 0.086538 0.050000
0 1.0 0.314904 0.043750 0.139423 0.062500
0 1.0 0.097356 0.079687 0.194712 0.159375
0 1.0 0.096154 0.058594 0.091346 0.095312
0 1.0 0.018029 0.069531 0.036058 0.098437
0 1.0 0.062500 0.028906 0.076923 0.054688
0 1.0 0.233173 0.238281 0.206731 0.292187
0 1.0 0.173077 0.238281 0.129808 0.385937
0 1.0 0.338942 0.078906 0.052885 0.060937
0 1.0 0.356971 0.337500 0.069712 0.134375
0 1.0 0.057692 0.352344 0.081731 0.135937
0 1.0 0.939904 0.286719 0.120192 0.092188
0 1.0 0.102163 0.345313 0.084135 0.109375
0 1.0 0.955529 0.267969 0.064904 0.117188
0 1.0 0.437500 0.222656 0.072115 0.107813
0 1.0 0.477163 0.344531 0.098558 0.089063
0 1.0 0.179087 0.330469 0.088942 0.173437
0 1.0 0.133413 0.286719 0.247596 0.401562
0 1.0 0.073317 0.307812 0.137019 0.287500
0 1.0 0.727163 0.207031 0.069712 0.114062
0 1.0 0.665865 0.210938 0.067308 0.143750
0 1.0 0.643029 0.262500 0.286058 0.312500
0 1.0 0.585337 0.225000 0.074519 0.137500
0 1.0 0.677885 0.291406 0.211538 0.132812
0 1.0 0.879808 0.226562 0.096154 0.190625
0 1.0 0.887019 0.207031 0.067308 0.095312
0 1.0 0.820913 0.222656 0.103365 0.201563
0 1.0 0.820913 0.284375 0.218750 0.112500
0 1.0 0.810096 0.243750 0.254808 0.290625
0 1.0 0.021635 0.344531 0.043269 0.135937
0 1.0 0.826923 0.214062 0.062500 0.103125
0 1.0 0.278846 0.491406 0.149038 0.235937
0 1.0 0.225962 0.506250 0.259615 0.143750
0 1.0 0.109375 0.527344 0.165865 0.332813
0 1.0 0.455529 0.491406 0.161058 0.207813
0 1.0 0.650240 0.510156 0.310096 0.117188
0 1.0 0.344952 0.504687 0.228365 0.096875
0 1.0 0.409856 0.501563 0.300481 0.250000
0 1.0 0.942308 0.451562 0.115385 0.200000
0 1.0 0.885817 0.444531 0.228365 0.135937
0 1.0 0.893029 0.457813 0.213942 0.387500
0 1.0 0.848558 0.442188 0.091346 0.078125
0 1.0 0.129808 0.491406 0.245192 0.148438
0 1.0 0.389423 0.505469 0.096154 0.207813
0 1.0 0.037260 0.499219 0.064904 0.223438
0 1.0 0.052885 0.493750 0.086538 0.087500
0 1.0 0.889423 0.498437 0.221154 0.140625
0 1.0 0.852163 0.503906 0.112981 0.098437
0 1.0 0.093750 0.546875 0.110577 0.100000
0 1.0 0.813702 0.486719 0.199519 0.267188
0 1.0 0.406250 0.550000 0.187500 0.171875
0 1.0 0.044471 0.557813 0.088942 0.106250
0 1.0 0.596154 0.509375 0.072115 0.159375
0 1.0 0.555288 0.502344 0.091346 0.204687
0 1.0 0.750000 0.483594 0.134615 0.317188
0 1.0 0.750000 0.505469 0.274038 0.142187
0 1.0 0.645433 0.461719 0.276442 0.348438
0 1.0 0.268029 0.463281 0.180288 0.098437
0 1.0 0.929087 0.392969 0.141827 0.157812
0 1.0 0.195913 0.464062 0.084135 0.118750
0 1.0 0.143029 0.443750 0.132212 0.096875
0 1.0 0.465144 0.435156 0.252404 0.317188
0 1.0 0.425481 0.448437 0.221154 0.096875
0 1.0 0.100962 0.455469 0.163462 0.135937
0 1.0 0.075721 0.445312 0.050481 0.068750
0 1.0 0.663462 0.400781 0.105769 0.310937
0 1.0 0.600962 0.381250 0.110577 0.306250
0 1.0 0.829327 0.389062 0.250000 0.121875
0 1.0 0.822115 0.392188 0.182692 0.262500
0 1.0 0.632212 0.445312 0.115385 0.084375
0 1.0 0.600962 0.438281 0.072115 0.204687
0 1.0 0.614183 0.447656 0.252404 0.139063
0 1.0 0.187500 0.467969 0.278846 0.342187
0 1.0 0.558894 0.413281 0.290865 0.373437
0 1.0 0.551683 0.457813 0.194712 0.231250
0 1.0 0.520433 0.450000 0.151442 0.084375
0 1.0 0.748798 0.447656 0.185096 0.098437
0 1.0 0.950721 0.443750 0.098558 0.103125
0 1.0 0.350962 0.456250 0.091346 0.134375
0 1.0 0.579327 0.448437 0.110577 0.075000
0 1.0 0.239183 0.446875 0.108173 0.268750
0 1.0 0.175481 0.468750 0.086538 0.250000
0 1.0 0.445913 0.412500 0.108173 0.246875
0 1.0 0.480769 0.453125 0.033654 0.053125
0 1.0 0.420673 0.444531 0.096154 0.142187
0 1.0 0.349760 0.452344 0.079327 0.057813
0 1.0 0.335337 0.453125 0.189904 0.103125
0 1.0 0.539663 0.146875 0.209135 0.131250
0 1.0 0.281250 0.642188 0.557692 0.231250
0 1.0 0.138221 0.633594 0.257212 0.610938
0 1.0 0.712740 0.146875 0.185096 0.121875
0 1.0 0.671875 0.166406 0.103365 0.126562
0 1.0 0.668269 0.149219 0.245192 0.192188
0 1.0 0.617788 0.187500 0.091346 0.171875
0 1.0 0.780048 0.649219 0.439904 0.198437
0 1.0 0.620192 0.141406 0.201923 0.104688
0 1.0 0.558894 0.644531 0.588942 0.210938
0 1.0 0.805288 0.131250 0.298077 0.100000
0 1.0 0.822115 0.150781 0.091346 0.110937
0 1.0 0.763221 0.162500 0.132212 0.181250
0 1.0 0.054087 0.193750 0.079327 0.146875
0 1.0 0.949519 0.148438 0.081731 0.146875
0 1.0 0.354567 0.528125 0.588942 0.234375
0 1.0 0.870192 0.132031 0.139423 0.117188
0 1.0 0.924279 0.135156 0.151442 0.226562
0 1.0 0.622596 0.539844 0.519231 0.226562
0 1.0 0.846154 0.138281 0.250000 0.195312
0 1.0 0.247596 0.153906 0.192308 0.189062
0 1.0 0.181490 0.159375 0.074519 0.175000
0 1.0 0.180288 0.164062 0.274038 0.246875
0 1.0 0.132212 0.171875 0.110577 0.209375
0 1.0 0.399038 0.200000 0.096154 0.143750
0 1.0 0.664663 0.753906 0.588942 0.239063
0 1.0 0.437500 0.758594 0.610577 0.239063
0 1.0 0.247596 0.159375 0.096154 0.096875
0 1.0 0.156250 0.130469 0.115385 0.101562
0 1.0 0.135817 0.135937 0.189904 0.162500
0 1.0 0.080529 0.174219 0.103365 0.229687
0 1.0 0.024038 0.183594 0.048077 0.198437
0 1.0 0.072115 0.126562 0.110577 0.081250
0 1.0 0.052885 0.142969 0.105769 0.173437
0 1.0 0.354567 0.168750 0.112981 0.162500
0 1.0 0.296875 0.177344 0.098558 0.204687
0 1.0 0.480769 0.146094 0.125000 0.098437
0 1.0 0.448317 0.181250 0.122596 0.153125
0 1.0 0.450721 0.160938 0.223558 0.221875
0 1.0 0.555288 0.188281 0.312500 0.251563
0 1.0 0.728365 0.346094 0.528846 0.239063
0 1.0 0.371394 0.175781 0.262019 0.170313
0 1.0 0.378606 0.189062 0.074519 0.100000
0 1.0 0.712740 0.189844 0.117788 0.204687
0 1.0 0.120192 0.286719 0.110577 0.120313
0 1.0 0.182692 0.264844 0.062500 0.139063
0 1.0 0.070913 0.283594 0.079327 0.076563
0 1.0 0.068510 0.277344 0.137019 0.123438
0 1.0 0.391827 0.291406 0.096154 0.076563
0 1.0 0.121394 0.178125 0.112981 0.096875
0 1.0 0.098558 0.174219 0.182692 0.285938
0 1.0 0.074519 0.181250 0.091346 0.078125
0 1.0 0.195913 0.182812 0.161058 0.140625
0 1.0 0.308894 0.196094 0.069712 0.117188
0 1.0 0.795673 0.453906 0.408654 0.239063
0 1.0 0.498798 0.878125 0.829327 0.243750
0 1.0 0.781250 0.083594 0.254808 0.167187
0 1.0 0.772837 0.074219 0.151442 0.101562
0 1.0 0.713942 0.138281 0.067308 0.070312
0 1.0 0.746394 0.035156 0.165865 0.060937
0 1.0 0.719952 0.079687 0.141827 0.096875
0 1.0 0.506010 0.107031 0.040865 0.042188
0 1.0 0.526442 0.042969 0.125000 0.054688
0 1.0 0.513221 0.094531 0.237981 0.189062
0 1.0 0.516827 0.075781 0.081731 0.070312
0 1.0 0.454327 0.135156 0.033654 0.045312
0 1.0 0.515625 0.037500 0.045673 0.031250
0 1.0 0.669471 0.125000 0.055288 0.050000
0 1.0 0.673077 0.082812 0.100962 0.078125
0 1.0 0.612981 0.134375 0.052885 0.071875
0 1.0 0.645433 0.035937 0.117788 0.046875
0 1.0 0.620192 0.119531 0.043269 0.045312
0 1.0 0.615385 0.082812 0.250000 0.165625
0 1.0 0.687500 0.048438 0.139423 0.059375
0 1.0 0.879808 0.117188 0.057692 0.056250
0 1.0 0.954327 0.110156 0.033654 0.067187
0 1.0 0.939904 0.035937 0.120192 0.071875
0 1.0 0.944712 0.086719 0.048077 0.067187
0 1.0 0.873798 0.043750 0.170673 0.087500
0 1.0 0.883413 0.034375 0.103365 0.059375
0 1.0 0.763221 0.128906 0.079327 0.082812
0 1.0 0.789663 0.043750 0.209135 0.087500
0 1.0 0.918269 0.063281 0.125000 0.117188
0 1.0 0.830529 0.120313 0.060096 0.056250
0 1.0 0.258413 0.042188 0.146635 0.065625
0 1.0 0.191106 0.113281 0.045673 0.076563
0 1.0 0.213942 0.037500 0.100962 0.050000
0 1.0 0.143029 0.044531 0.141827 0.073438
0 1.0 0.298077 0.103125 0.052885 0.087500
0 1.0 0.783654 0.353906 0.413462 0.695312
0 1.0 0.147837 0.068750 0.093750 0.093750
0 1.0 0.043269 0.050781 0.086538 0.101562
0 1.0 0.234375 0.066406 0.069712 0.079687
0 1.0 0.356971 0.070312 0.088942 0.081250
0 1.0 0.306490 0.068750 0.074519 0.071875
0 1.0 0.530048 0.228906 0.800481 0.454688
0 1.0 0.625000 0.075781 0.096154 0.073438
0 1.0 0.555288 0.119531 0.052885 0.064062
0 1.0 0.588942 0.038281 0.067308 0.039062
0 1.0 0.569712 0.046094 0.115385 0.054688
0 1.0 0.570913 0.072656 0.084135 0.067187
0 1.0 0.500000 0.125781 0.043269 0.060937
0 1.0 0.246394 0.880469 0.492788 0.239063
0 1.0 0.495192 0.050781 0.091346 0.048438
0 1.0 0.475962 0.082812 0.062500 0.062500
0 1.0 0.421875 0.029687 0.175481 0.050000
0 1.0 0.402644 0.086719 0.088942 0.082812
0 1.0 0.437500 0.044531 0.086538 0.048438
0 1.0 0.341346 0.035156 0.038462 0.032813
0 1.0 0.460337 0.114844 0.050481 0.048438
0 1.0 0.707933 0.111719 0.122596 0.076563
0 1.0 0.675481 0.116406 0.144231 0.120313
0 1.0 0.918269 0.116406 0.067308 0.101562
0 1.0 0.639423 0.105469 0.139423 0.076563
0 1.0 0.626202 0.152344 0.060096 0.079687
0 1.0 0.167067 0.922656 0.334135 0.154688
0 1.0 0.594952 0.096875 0.146635 0.065625
0 1.0 0.554087 0.142187 0.093750 0.106250
0 1.0 0.487981 0.168750 0.062500 0.109375
0 1.0 0.548077 0.105469 0.115385 0.070312
0 1.0 0.451923 0.184375 0.062500 0.096875
0 1.0 0.739183 0.840625 0.521635 0.218750
0 1.0 0.954327 0.131250 0.048077 0.096875
0 1.0 0.854567 0.097656 0.137019 0.089063
0 1.0 0.876202 0.139063 0.074519 0.078125
0 1.0 0.026442 0.116406 0.052885 0.170313
0 1.0 0.048077 0.086719 0.086538 0.089063
0 1.0 0.633413 0.127344 0.733173 0.254688
0 1.0 0.358173 0.127344 0.716346 0.254688
0 1.0 0.242788 0.093750 0.134615 0.081250
0 1.0 0.189904 0.110937 0.100962 0.109375
0 1.0 0.780048 0.922656 0.439904 0.154688
0 1.0 0.116587 0.089844 0.108173 0.101562
0 1.0 0.496394 0.095312 0.112981 0.059375
0 1.0 0.401442 0.154688 0.125000 0.121875
0 1.0 0.336538 0.159375 0.067308 0.118750
0 1.0 0.362981 0.095312 0.110577 0.062500
0 1.0 0.424279 0.089844 0.237981 0.082812
0 1.0 0.546875 0.845313 0.204327 0.309375
0 1.0 0.549279 0.925781 0.598558 0.148438
0 1.0 0.259615 0.106250 0.076923 0.050000
0 1.0 0.304087 0.119531 0.088942 0.085938
0 1.0 0.221154 0.131250 0.105769 0.171875
0 1.0 0.918269 0.860938 0.163462 0.256250
0 1.0 0.941106 0.878125 0.117788 0.156250
0 1.0 0.870192 0.877344 0.259615 0.123438
0 1.0 0.881010 0.834375 0.103365 0.159375
0 1.0 0.822115 0.839844 0.081731 0.148438
0 1.0 0.393029 0.916406 0.141827 0.167187
0 1.0 0.073317 0.909375 0.108173 0.181250
0 1.0 0.085337 0.916406 0.170673 0.107813
0 1.0 0.281250 0.914844 0.283654 0.142187
0 1.0 0.233173 0.901563 0.115385 0.196875
0 1.0 0.037260 0.913281 0.074519 0.173437
0 1.0 0.668269 0.867969 0.192308 0.185938
0 1.0 0.609375 0.826562 0.055288 0.115625
0 1.0 0.623798 0.872656 0.305288 0.107813
0 1.0 0.861779 0.882812 0.117788 0.100000
0 1.0 0.502404 0.846094 0.052885 0.098437
0 1.0 0.512019 0.874219 0.264423 0.107813
0 1.0 0.817308 0.860156 0.206731 0.207813
0 1.0 0.766827 0.820312 0.091346 0.181250
0 1.0 0.961538 0.855469 0.038462 0.082812
0 1.0 0.956731 0.870313 0.062500 0.106250
0 1.0 0.663462 0.830469 0.067308 0.123438
0 1.0 0.712740 0.829688 0.074519 0.137500
0 1.0 0.621394 0.922656 0.271635 0.120313
0 1.0 0.552885 0.914844 0.105769 0.170313
0 1.0 0.819712 0.908594 0.125000 0.182812
0 1.0 0.381010 0.917188 0.324519 0.115625
0 1.0 0.500000 0.921875 0.091346 0.156250
0 1.0 0.508413 0.917969 0.314904 0.101562
0 1.0 0.444712 0.923438 0.096154 0.153125
0 1.0 0.765625 0.914844 0.189904 0.157812
0 1.0 0.709135 0.911719 0.115385 0.176563
0 1.0 0.920673 0.921094 0.158654 0.104688
0 1.0 0.610577 0.928125 0.086538 0.128125
0 1.0 0.663462 0.925781 0.096154 0.132812
0 1.0 0.182692 0.886719 0.168269 0.204687
0 1.0 0.441106 0.902344 0.276442 0.195312
0 1.0 0.338942 0.913281 0.115385 0.173437
0 1.0 0.282452 0.911719 0.108173 0.176563
0 1.0 0.665865 0.810937 0.326923 0.115625
0 1.0 0.801683 0.814063 0.146635 0.093750
0 1.0 0.564904 0.814844 0.158654 0.123438
0 1.0 0.812500 0.809375 0.346154 0.140625
0 1.0 0.052885 0.878906 0.072115 0.089063
0 1.0 0.938702 0.811719 0.122596 0.098437
0 1.0 0.330529 0.816406 0.175481 0.123438
0 1.0 0.610577 0.798438 0.259615 0.312500
0 1.0 0.228365 0.827344 0.153846 0.323437
0 1.0 0.338942 0.878906 0.216346 0.179688
0 1.0 0.283654 0.867188 0.067308 0.115625
0 1.0 0.557692 0.846094 0.067308 0.135937
0 1.0 0.185096 0.852344 0.100962 0.198437
0 1.0 0.448317 0.842969 0.045673 0.085938
0 1.0 0.449519 0.857031 0.076923 0.110937
0 1.0 0.723558 0.832812 0.269231 0.290625
0 1.0 0.396635 0.857031 0.100962 0.148438
0 1.0 0.340144 0.852344 0.060096 0.104688
0 1.0 0.956731 0.825000 0.086538 0.181250
0 1.0 0.137019 0.842969 0.105769 0.195312
0 1.0 0.475962 0.884375 0.129808 0.106250
0 1.0 0.072115 0.857812 0.081731 0.165625
0 1.0 0.118990 0.878125 0.194712 0.121875
0 1.0 0.669471 0.228125 0.305288 0.140625
0 1.0 0.465144 0.227344 0.055288 0.079687
0 1.0 0.567308 0.225000 0.201923 0.140625
0 1.0 0.887019 0.235937 0.225962 0.146875
0 1.0 0.877404 0.214062 0.139423 0.315625
0 1.0 0.033654 0.291406 0.067308 0.145313
0 1.0 0.512019 0.225781 0.557692 0.257812
0 1.0 0.105769 0.241406 0.211538 0.123438
0 1.0 0.112981 0.234375 0.115385 0.096875
0 1.0 0.914663 0.171094 0.170673 0.104688
0 1.0 0.043269 0.235156 0.086538 0.107813
0 1.0 0.961538 0.207813 0.076923 0.209375
0 1.0 0.310096 0.234375 0.163462 0.115625
0 1.0 0.474760 0.225781 0.170673 0.114062
0 1.0 0.182692 0.235156 0.201923 0.135937
0 1.0 0.502404 0.961719 0.072115 0.076563
0 1.0 0.548077 0.966406 0.096154 0.054688
0 1.0 0.187500 0.933594 0.105769 0.132812
0 1.0 0.227163 0.957812 0.161058 0.075000
0 1.0 0.132212 0.932813 0.110577 0.134375
0 1.0 0.421875 0.963281 0.137019 0.067187
0 1.0 0.661058 0.962500 0.081731 0.075000
0 1.0 0.706731 0.965625 0.144231 0.068750
0 1.0 0.342548 0.950000 0.084135 0.100000
0 1.0 0.317308 0.954688 0.187500 0.090625
0 1.0 0.574519 0.958594 0.182692 0.082812
0 1.0 0.873798 0.892188 0.132212 0.215625
0 1.0 0.080529 0.960156 0.112981 0.067187
0 1.0 0.966346 0.934375 0.062500 0.131250
0 1.0 0.844952 0.959375 0.132212 0.078125
0 1.0 0.838942 0.947656 0.235577 0.104688
0 1.0 0.765625 0.953125 0.093750 0.093750
0 1.0 0.929087 0.233594 0.141827 0.260937
0 1.0 0.875000 0.941406 0.105769 0.117188
0 1.0 0.932692 0.957031 0.134615 0.085938
0 1.0 0.491587 0.075781 0.622596 0.151562
0 1.0 0.448317 0.960938 0.064904 0.078125
0 1.0 0.472356 0.960156 0.156250 0.079687
0 1.0 0.722356 0.955469 0.247596 0.089063
0 1.0 0.605769 0.964063 0.072115 0.071875
0 1.0 0.100962 0.341406 0.153846 0.145313
0 1.0 0.268029 0.213281 0.103365 0.129688
0 1.0 0.346154 0.738281 0.230769 0.492188
0 1.0 0.350962 0.200000 0.206731 0.400000
0 1.0 0.271635 0.232031 0.543269 0.267188
0 1.0 0.078125 0.302344 0.156250 0.598437
0 1.0 0.256010 0.346875 0.512019 0.243750
0 1.0 0.324519 0.336719 0.365385 0.532813
0 1.0 0.485577 0.349219 0.519231 0.267188
0 1.0 0.759615 0.479687 0.278846 0.425000
0 1.0 0.350962 0.492969 0.283654 0.407813
0 1.0 0.454327 0.612500 0.225962 0.578125
0 1.0 0.549279 0.641406 0.449519 0.426563
0 1.0 0.649038 0.628125 0.206731 0.490625
0 1.0 0.754808 0.638281 0.230769 0.501563
0 1.0 0.840144 0.627344 0.223558 0.479687
0 1.0 0.438702 0.836719 0.372596 0.310937
0 1.0 0.924279 0.654687 0.151442 0.546875