0 1.0 0.048438 0.054167 0.093750 0.108333
0 1.0 0.135156 0.065625 0.076563 0.131250
0 1.0 0.190625 0.055208 0.134375 0.110417
0 1.0 0.185938 0.082292 0.256250 0.164583
0 1.0 0.241406 0.062500 0.098437 0.125000
0 1.0 0.248438 0.034375 0.196875 0.068750
0 1.0 0.303125 0.056250 0.109375 0.112500
0 1.0 0.291406 0.079167 0.239063 0.158333
0 1.0 0.510156 0.746875 0.717187 0.506250
0 1.0 0.491406 0.511458 0.860938 0.414583
0 1.0 0.491406 0.515625 0.507812 0.718750
0 1.0 0.352344 0.058333 0.135937 0.116667
0 1.0 0.335156 0.027083 0.060937 0.054167
0 1.0 0.406250 0.058333 0.146875 0.116667
0 1.0 0.407813 0.081250 0.246875 0.162500
0 1.0 0.466406 0.060417 0.142187 0.120833
0 1.0 0.489844 0.195833 0.979688 0.391667
0 1.0 0.493750 0.028125 0.056250 0.056250
0 1.0 0.445312 0.048958 0.059375 0.097917
0 1.0 0.517969 0.032292 0.135937 0.064583
0 1.0 0.564844 0.057292 0.114062 0.114583
0 1.0 0.552344 0.078125 0.229687 0.156250
0 1.0 0.630469 0.879167 0.739062 0.241667
0 1.0 0.614844 0.056250 0.120313 0.112500
0 1.0 0.597656 0.068750 0.042188 0.066667
0 1.0 0.651563 0.031250 0.093750 0.062500
0 1.0 0.675000 0.056250 0.109375 0.112500
0 1.0 0.671094 0.084375 0.239063 0.168750
0 1.0 0.672656 0.065625 0.042188 0.068750
0 1.0 0.728906 0.065625 0.104688 0.118750
0 1.0 0.727344 0.047917 0.185938 0.095833
0 1.0 0.257812 0.881250 0.515625 0.237500
0 1.0 0.293750 0.681250 0.303125 0.637500
0 1.0 0.741406 0.698958 0.517188 0.297917
0 1.0 0.737500 0.084375 0.031250 0.060417
0 1.0 0.750781 0.034375 0.101562 0.068750
0 1.0 0.725781 0.084375 0.042188 0.093750
0 1.0 0.780469 0.069792 0.110937 0.135417
0 1.0 0.767188 0.085417 0.218750 0.170833
0 1.0 0.796875 0.109375 0.031250 0.072917
0 1.0 0.785937 0.115625 0.040625 0.110417
0 1.0 0.813281 0.102083 0.039062 0.079167
0 1.0 0.821875 0.036458 0.162500 0.072917
0 1.0 0.872656 0.065625 0.142187 0.131250
0 1.0 0.730469 0.498958 0.539062 0.281250
0 1.0 0.171094 0.686458 0.342187 0.506250
0 1.0 0.272656 0.498958 0.545312 0.272917
0 1.0 0.481250 0.323958 0.690625 0.385417
0 1.0 0.745313 0.302083 0.509375 0.287500
0 1.0 0.864844 0.078125 0.026562 0.052083
0 1.0 0.880469 0.035417 0.054688 0.058333
0 1.0 0.861719 0.091667 0.042188 0.091667
0 1.0 0.927344 0.052083 0.092188 0.104167
0 1.0 0.927344 0.066667 0.048438 0.083333
0 1.0 0.910937 0.037500 0.178125 0.075000
0 1.0 0.954688 0.070833 0.040625 0.066667
0 1.0 0.749219 0.120833 0.501563 0.241667
0 1.0 0.228906 0.305208 0.457813 0.372917
0 1.0 0.299219 0.330208 0.320312 0.660417
0 1.0 0.346875 0.123958 0.693750 0.247917
0 1.0 0.072656 0.100000 0.145313 0.200000
0 1.0 0.025000 0.117708 0.050000 0.168750
0 1.0 0.782031 0.925000 0.435937 0.150000
0 1.0 0.132812 0.114583 0.112500 0.229167
0 1.0 0.187500 0.114583 0.100000 0.229167
0 1.0 0.233594 0.118750 0.126562 0.237500
0 1.0 0.283594 0.081250 0.079687 0.091667
0 1.0 0.294531 0.115625 0.098437 0.231250
0 1.0 0.345313 0.118750 0.103125 0.237500
0 1.0 0.444531 0.919792 0.589063 0.160417
0 1.0 0.394531 0.120833 0.107813 0.241667
0 1.0 0.444531 0.115625 0.095312 0.231250
0 1.0 0.487500 0.111458 0.237500 0.222917
0 1.0 0.171875 0.921875 0.343750 0.156250
0 1.0 0.554688 0.117708 0.109375 0.235417
0 1.0 0.586719 0.115625 0.067187 0.127083
0 1.0 0.703125 0.089583 0.115625 0.108333
0 1.0 0.673438 0.113542 0.068750 0.127083
0 1.0 0.832812 0.848958 0.334375 0.206250
0 1.0 0.417187 0.851042 0.568750 0.189583
0 1.0 0.732812 0.127083 0.050000 0.116667
0 1.0 0.719531 0.125000 0.067187 0.175000
0 1.0 0.810937 0.121875 0.056250 0.135417
0 1.0 0.146875 0.779167 0.203125 0.433333
0 1.0 0.251563 0.792708 0.250000 0.381250
0 1.0 0.346875 0.809375 0.259375 0.335417
0 1.0 0.860156 0.103125 0.217188 0.206250
0 1.0 0.828906 0.100000 0.132812 0.133333
0 1.0 0.860938 0.126042 0.053125 0.106250
0 1.0 0.916406 0.097917 0.139063 0.170833
0 1.0 0.922656 0.131250 0.079687 0.204167
0 1.0 0.832812 0.751042 0.334375 0.206250
0 1.0 0.957812 0.123958 0.059375 0.122917
0 1.0 0.046094 0.126042 0.092188 0.114583
0 1.0 0.432812 0.754167 0.600000 0.233333
0 1.0 0.135937 0.123958 0.240625 0.181250
0 1.0 0.231250 0.128125 0.250000 0.168750
0 1.0 0.228125 0.759375 0.456250 0.239583
0 1.0 0.829688 0.646875 0.340625 0.202083
0 1.0 0.077344 0.711458 0.154688 0.568750
0 1.0 0.265625 0.139583 0.068750 0.091667
0 1.0 0.355469 0.133333 0.254688 0.266667
0 1.0 0.347656 0.128125 0.232813 0.131250
0 1.0 0.349219 0.638542 0.498437 0.277083
0 1.0 0.440625 0.666667 0.231250 0.454167
0 1.0 0.549219 0.636458 0.692187 0.206250
0 1.0 0.472656 0.127083 0.123438 0.145833
0 1.0 0.501563 0.145833 0.100000 0.275000
0 1.0 0.180469 0.643750 0.360938 0.208333
0 1.0 0.825000 0.546875 0.350000 0.206250
0 1.0 0.551562 0.127083 0.284375 0.129167
0 1.0 0.603906 0.136458 0.164062 0.193750
0 1.0 0.586719 0.163542 0.057813 0.118750
0 1.0 0.648438 0.127083 0.178125 0.108333
0 1.0 0.672656 0.163542 0.067187 0.127083
0 1.0 0.527344 0.531250 0.642188 0.225000
0 1.0 0.549219 0.522917 0.248438 0.395833
0 1.0 0.649219 0.514583 0.248438 0.416667
0 1.0 0.249219 0.575000 0.239063 0.354167
0 1.0 0.342969 0.544792 0.257812 0.335417
0 1.0 0.449219 0.527083 0.195312 0.395833
0 1.0 0.750781 0.121875 0.126562 0.102083
0 1.0 0.782031 0.152083 0.067187 0.241667
0 1.0 0.734375 0.458333 0.215625 0.408333
0 1.0 0.827344 0.448958 0.345313 0.206250
0 1.0 0.585156 0.455208 0.610938 0.218750
0 1.0 0.147656 0.475000 0.207813 0.529167
0 1.0 0.816406 0.146875 0.089063 0.289583
0 1.0 0.859375 0.158333 0.087500 0.233333
0 1.0 0.617188 0.352083 0.509375 0.204167
0 1.0 0.965625 0.170833 0.050000 0.179167
0 1.0 0.047656 0.183333 0.095312 0.158333
0 1.0 0.086719 0.178125 0.170313 0.218750
0 1.0 0.118750 0.182292 0.203125 0.114583
0 1.0 0.434375 0.365625 0.250000 0.489583
0 1.0 0.562500 0.375000 0.253125 0.437500
0 1.0 0.391406 0.352083 0.645312 0.208333
0 1.0 0.192969 0.183333 0.039062 0.083333
0 1.0 0.175781 0.185417 0.251563 0.312500
0 1.0 0.211719 0.187500 0.254688 0.141667
0 1.0 0.832812 0.251042 0.334375 0.210417
0 1.0 0.169531 0.348958 0.339062 0.206250
0 1.0 0.633594 0.248958 0.492188 0.231250
0 1.0 0.647656 0.270833 0.226562 0.491667
0 1.0 0.321875 0.189583 0.050000 0.091667
0 1.0 0.284375 0.176042 0.265625 0.281250
0 1.0 0.317188 0.186458 0.268750 0.139583
0 1.0 0.359375 0.180208 0.090625 0.139583
0 1.0 0.349219 0.246875 0.557813 0.227083
0 1.0 0.406250 0.181250 0.228125 0.175000
0 1.0 0.480469 0.186458 0.067187 0.114583
0 1.0 0.452344 0.211458 0.060937 0.172917
0 1.0 0.499219 0.178125 0.248438 0.160417
0 1.0 0.514844 0.211458 0.070312 0.147917
0 1.0 0.558594 0.179167 0.229687 0.270833
0 1.0 0.565625 0.227083 0.068750 0.120833
0 1.0 0.564063 0.252083 0.043750 0.112500
0 1.0 0.592187 0.246875 0.046875 0.093750
0 1.0 0.632031 0.181250 0.289062 0.141667
0 1.0 0.549219 0.148958 0.567187 0.231250
0 1.0 0.667188 0.241667 0.068750 0.112500
0 1.0 0.711719 0.190625 0.185938 0.231250
0 1.0 0.719531 0.213542 0.085938 0.177083
0 1.0 0.762500 0.175000 0.278125 0.129167
0 1.0 0.807813 0.166667 0.218750 0.308333
0 1.0 0.821875 0.173958 0.118750 0.131250
0 1.0 0.820312 0.176042 0.071875 0.085417
0 1.0 0.874219 0.176042 0.226562 0.172917
0 1.0 0.924219 0.176042 0.151562 0.277083
0 1.0 0.938281 0.179167 0.123438 0.108333
0 1.0 0.035156 0.243750 0.070312 0.233333
0 1.0 0.073438 0.230208 0.146875 0.114583
0 1.0 0.543750 0.076042 0.578125 0.152083
0 1.0 0.079687 0.245833 0.112500 0.245833
0 1.0 0.133594 0.234375 0.245312 0.164583
0 1.0 0.135937 0.261458 0.109375 0.231250
0 1.0 0.180469 0.261458 0.120313 0.243750
0 1.0 0.243750 0.235417 0.262500 0.162500
0 1.0 0.235937 0.251042 0.103125 0.222917
0 1.0 0.281250 0.241667 0.075000 0.091667
0 1.0 0.294531 0.258333 0.126562 0.241667
0 1.0 0.296094 0.282292 0.064062 0.197917
0 1.0 0.346094 0.247917 0.242188 0.291667
0 1.0 0.359375 0.235417 0.300000 0.129167
0 1.0 0.937500 0.927083 0.125000 0.145833
0 1.0 0.967969 0.956250 0.064062 0.087500
0 1.0 0.342187 0.279167 0.084375 0.233333
0 1.0 0.432812 0.244792 0.103125 0.110417
0 1.0 0.390625 0.254167 0.109375 0.304167
0 1.0 0.462500 0.247917 0.128125 0.158333
0 1.0 0.494531 0.250000 0.057813 0.083333
0 1.0 0.465625 0.244792 0.284375 0.127083
0 1.0 0.457031 0.304167 0.035937 0.108333
0 1.0 0.511719 0.252083 0.151562 0.175000
0 1.0 0.819531 0.939583 0.107813 0.120833
0 1.0 0.855469 0.962500 0.126562 0.070833
0 1.0 0.873437 0.964583 0.043750 0.050000
0 1.0 0.660156 0.946875 0.079687 0.106250
0 1.0 0.720313 0.946875 0.143750 0.106250
0 1.0 0.741406 0.966667 0.101562 0.062500
0 1.0 0.771094 0.939583 0.107813 0.120833
0 1.0 0.825000 0.948958 0.228125 0.102083
0 1.0 0.566406 0.926042 0.214062 0.147917
0 1.0 0.535937 0.962500 0.087500 0.075000
0 1.0 0.554688 0.968750 0.043750 0.050000
0 1.0 0.615625 0.957292 0.118750 0.085417
0 1.0 0.595313 0.969792 0.053125 0.052083
0 1.0 0.393750 0.927083 0.146875 0.145833
0 1.0 0.431250 0.956250 0.087500 0.075000
0 1.0 0.471875 0.957292 0.093750 0.085417
0 1.0 0.496094 0.962500 0.039062 0.050000
0 1.0 0.239844 0.945833 0.076563 0.108333
0 1.0 0.321094 0.951042 0.089063 0.097917
0 1.0 0.317188 0.954167 0.046875 0.070833
0 1.0 0.291406 0.929167 0.117188 0.141667
0 1.0 0.350781 0.956250 0.032813 0.058333
0 1.0 0.347656 0.937500 0.092188 0.125000
0 1.0 0.196875 0.946875 0.096875 0.089583
0 1.0 0.140625 0.929167 0.125000 0.141667
0 1.0 0.224219 0.955208 0.039062 0.052083
0 1.0 0.264844 0.958333 0.042188 0.054167
0 1.0 0.282031 0.952083 0.082812 0.087500
0 1.0 0.054688 0.944792 0.109375 0.110417
0 1.0 0.096875 0.958333 0.050000 0.075000
0 1.0 0.116406 0.961458 0.039062 0.056250
0 1.0 0.154688 0.952083 0.071875 0.079167
0 1.0 0.178125 0.958333 0.053125 0.058333
0 1.0 0.874219 0.906250 0.182812 0.187500
0 1.0 0.716406 0.893750 0.114062 0.212500
0 1.0 0.771094 0.905208 0.185938 0.189583
0 1.0 0.542969 0.901042 0.101562 0.197917
0 1.0 0.605469 0.917708 0.085938 0.164583
0 1.0 0.662500 0.909375 0.190625 0.181250
0 1.0 0.404687 0.903125 0.275000 0.193750
0 1.0 0.447656 0.929167 0.082812 0.141667
0 1.0 0.489844 0.912500 0.107813 0.175000
0 1.0 0.319531 0.919792 0.264062 0.160417
0 1.0 0.184375 0.913542 0.109375 0.172917
0 1.0 0.962500 0.880208 0.025000 0.077083
0 1.0 0.078906 0.900000 0.157812 0.200000
0 1.0 0.084375 0.927083 0.065625 0.095833
0 1.0 0.852344 0.878125 0.070312 0.097917
0 1.0 0.884375 0.831250 0.065625 0.150000
0 1.0 0.807813 0.870833 0.140625 0.104167
0 1.0 0.918750 0.863542 0.146875 0.214583
0 1.0 0.925781 0.839583 0.067187 0.204167
0 1.0 0.955469 0.890625 0.045312 0.102083
0 1.0 0.939063 0.869792 0.121875 0.110417
0 1.0 0.724219 0.813542 0.057813 0.122917
0 1.0 0.721875 0.868750 0.300000 0.133333
0 1.0 0.779687 0.823958 0.068750 0.152083
0 1.0 0.824219 0.831250 0.067187 0.150000
0 1.0 0.552344 0.817708 0.054688 0.143750
0 1.0 0.600781 0.855208 0.182812 0.218750
0 1.0 0.607031 0.827083 0.045312 0.104167
0 1.0 0.674219 0.818750 0.048438 0.108333
0 1.0 0.714844 0.857292 0.189062 0.218750
0 1.0 0.451562 0.886458 0.115625 0.106250
0 1.0 0.455469 0.880208 0.039062 0.089583
0 1.0 0.500781 0.863542 0.189062 0.210417
0 1.0 0.491406 0.857292 0.070312 0.160417
0 1.0 0.486719 0.875000 0.310937 0.133333
0 1.0 0.283594 0.914583 0.048438 0.108333
0 1.0 0.399219 0.905208 0.070312 0.122917
0 1.0 0.135937 0.911458 0.062500 0.114583
0 1.0 0.228125 0.890625 0.184375 0.118750
0 1.0 0.243750 0.908333 0.062500 0.112500
0 1.0 0.317188 0.895833 0.071875 0.079167
0 1.0 0.086719 0.884375 0.032813 0.060417
0 1.0 0.031250 0.918750 0.062500 0.116667
0 1.0 0.068750 0.877083 0.128125 0.083333
0 1.0 0.133594 0.883333 0.267188 0.116667
0 1.0 0.872656 0.805208 0.145313 0.297917
0 1.0 0.802344 0.813542 0.148438 0.102083
0 1.0 0.884375 0.811458 0.231250 0.122917
0 1.0 0.958594 0.835417 0.073438 0.200000
0 1.0 0.941406 0.811458 0.117188 0.102083
0 1.0 0.769531 0.801042 0.189062 0.235417
0 1.0 0.761719 0.807292 0.310937 0.131250
0 1.0 0.814844 0.805208 0.129688 0.335417
0 1.0 0.854688 0.818750 0.046875 0.079167
0 1.0 0.617188 0.811458 0.306250 0.127083
0 1.0 0.662500 0.802083 0.187500 0.225000
0 1.0 0.452344 0.802083 0.139063 0.325000
0 1.0 0.440625 0.810417 0.353125 0.141667
0 1.0 0.555469 0.805208 0.189062 0.243750
0 1.0 0.285938 0.808333 0.115625 0.345833
0 1.0 0.348438 0.825000 0.193750 0.145833
0 1.0 0.429688 0.820833 0.112500 0.129167
0 1.0 0.175781 0.823958 0.189062 0.147917
0 1.0 0.253906 0.818750 0.120313 0.112500
0 1.0 0.235937 0.808333 0.118750 0.358333
0 1.0 0.309375 0.826042 0.040625 0.068750
0 1.0 0.038281 0.842708 0.076563 0.218750
0 1.0 0.076563 0.819792 0.153125 0.089583
0 1.0 0.128906 0.833333 0.089063 0.087500
0 1.0 0.875000 0.725000 0.093750 0.245833
0 1.0 0.913281 0.763542 0.142187 0.206250
0 1.0 0.948438 0.759375 0.103125 0.106250
0 1.0 0.964844 0.765625 0.045312 0.168750
0 1.0 0.068750 0.833333 0.034375 0.054167
0 1.0 0.766406 0.731250 0.110937 0.283333
0 1.0 0.862500 0.775000 0.034375 0.066667
0 1.0 0.799219 0.765625 0.089063 0.085417
0 1.0 0.606250 0.752083 0.131250 0.283333
0 1.0 0.616406 0.760417 0.310937 0.129167
0 1.0 0.664844 0.746875 0.123438 0.252083
0 1.0 0.714844 0.731250 0.132812 0.254167
0 1.0 0.499219 0.753125 0.173437 0.235417
0 1.0 0.492969 0.761458 0.295312 0.131250
0 1.0 0.560156 0.765625 0.123438 0.127083
0 1.0 0.550781 0.746875 0.117188 0.310417
0 1.0 0.351562 0.758333 0.200000 0.150000
0 1.0 0.341406 0.757292 0.132812 0.331250
0 1.0 0.403125 0.757292 0.190625 0.247917
0 1.0 0.439844 0.760417 0.107813 0.125000
0 1.0 0.495312 0.760417 0.075000 0.104167
0 1.0 0.186719 0.761458 0.304688 0.131250
0 1.0 0.296875 0.762500 0.050000 0.083333
0 1.0 0.087500 0.765625 0.175000 0.252083
0 1.0 0.885938 0.705208 0.228125 0.127083
0 1.0 0.948438 0.702083 0.103125 0.187500
0 1.0 0.041406 0.766667 0.057813 0.075000
0 1.0 0.061719 0.759375 0.123438 0.093750
0 1.0 0.771875 0.698958 0.293750 0.122917
0 1.0 0.857031 0.707292 0.029687 0.056250
0 1.0 0.799219 0.704167 0.048438 0.062500
0 1.0 0.605469 0.678125 0.095312 0.268750
0 1.0 0.680469 0.706250 0.167187 0.125000
0 1.0 0.671094 0.683333 0.073438 0.170833
0 1.0 0.717187 0.707292 0.256250 0.264583
0 1.0 0.717187 0.679167 0.090625 0.187500
0 1.0 0.514844 0.707292 0.120313 0.118750
0 1.0 0.492969 0.704167 0.298438 0.129167
0 1.0 0.492969 0.693750 0.104688 0.300000
0 1.0 0.559375 0.711458 0.234375 0.289583
0 1.0 0.569531 0.708333 0.082812 0.100000
0 1.0 0.619531 0.708333 0.201563 0.145833
0 1.0 0.338281 0.702083 0.220312 0.112500
0 1.0 0.442969 0.710417 0.082812 0.095833
0 1.0 0.455469 0.704167 0.167187 0.200000
0 1.0 0.495312 0.709375 0.065625 0.089583
0 1.0 0.242969 0.694792 0.173437 0.218750
0 1.0 0.266406 0.706250 0.095312 0.104167
0 1.0 0.239063 0.705208 0.275000 0.127083
0 1.0 0.297656 0.696875 0.135937 0.181250
0 1.0 0.299219 0.711458 0.035937 0.064583
0 1.0 0.116406 0.706250 0.114062 0.112500
0 1.0 0.138281 0.703125 0.167187 0.227083
0 1.0 0.167187 0.712500 0.103125 0.116667
0 1.0 0.135937 0.721875 0.103125 0.385417
0 1.0 0.915625 0.657292 0.112500 0.239583
0 1.0 0.895312 0.654167 0.203125 0.112500
0 1.0 0.961719 0.697917 0.045312 0.162500
0 1.0 0.050781 0.698958 0.101562 0.172917
0 1.0 0.051562 0.706250 0.056250 0.075000
0 1.0 0.033594 0.721875 0.067187 0.335417
0 1.0 0.835156 0.644792 0.142187 0.106250
0 1.0 0.817187 0.657292 0.112500 0.260417
0 1.0 0.834375 0.652083 0.034375 0.075000
0 1.0 0.882812 0.654167 0.068750 0.158333
0 1.0 0.786719 0.652083 0.029687 0.062500
0 1.0 0.662500 0.650000 0.265625 0.229167
0 1.0 0.710156 0.642708 0.089063 0.085417
0 1.0 0.688281 0.643750 0.254688 0.104167
0 1.0 0.505469 0.645833 0.295312 0.133333
0 1.0 0.580469 0.639583 0.057813 0.079167
0 1.0 0.544531 0.636458 0.120313 0.218750
0 1.0 0.647656 0.640625 0.107813 0.102083
0 1.0 0.603125 0.646875 0.062500 0.143750
0 1.0 0.667969 0.643750 0.154688 0.166667
0 1.0 0.338281 0.629167 0.098437 0.245833
0 1.0 0.400781 0.635417 0.145313 0.162500
0 1.0 0.387500 0.626042 0.246875 0.231250
0 1.0 0.464844 0.643750 0.045312 0.075000
0 1.0 0.521094 0.643750 0.045312 0.079167
0 1.0 0.451562 0.629167 0.087500 0.225000
0 1.0 0.532031 0.642708 0.101562 0.106250
0 1.0 0.295312 0.633333 0.053125 0.075000
0 1.0 0.258594 0.641667 0.289062 0.116667
0 1.0 0.294531 0.633333 0.120313 0.145833
0 1.0 0.392188 0.640625 0.081250 0.085417
0 1.0 0.089844 0.652083 0.095312 0.258333
0 1.0 0.140625 0.644792 0.143750 0.093750
0 1.0 0.184375 0.635417 0.053125 0.079167
0 1.0 0.186719 0.620833 0.139063 0.175000
0 1.0 0.224219 0.631250 0.092188 0.095833
0 1.0 0.914062 0.635417 0.059375 0.183333
0 1.0 0.950781 0.618750 0.098437 0.162500
0 1.0 0.948438 0.650000 0.050000 0.120833
0 1.0 0.112500 0.646875 0.028125 0.060417
0 1.0 0.103906 0.647917 0.079687 0.070833
0 1.0 0.146875 0.640625 0.056250 0.077083
0 1.0 0.814844 0.614583 0.123438 0.112500
0 1.0 0.833594 0.630208 0.051562 0.114583
0 1.0 0.874219 0.610417 0.142187 0.179167
0 1.0 0.811719 0.617708 0.023438 0.056250
0 1.0 0.889062 0.629167 0.040625 0.116667
0 1.0 0.748437 0.614583 0.025000 0.054167
0 1.0 0.679688 0.632292 0.043750 0.097917
0 1.0 0.688281 0.605208 0.373437 0.122917
0 1.0 0.668750 0.629167 0.062500 0.158333
0 1.0 0.713281 0.610417 0.164062 0.158333
0 1.0 0.721875 0.587500 0.275000 0.233333
0 1.0 0.756250 0.613542 0.118750 0.097917
0 1.0 0.714844 0.626042 0.070312 0.172917
0 1.0 0.760938 0.622917 0.087500 0.191667
0 1.0 0.491406 0.585417 0.076563 0.195833
0 1.0 0.552344 0.596875 0.045312 0.068750
0 1.0 0.504687 0.596875 0.353125 0.131250
0 1.0 0.537500 0.601042 0.071875 0.181250
0 1.0 0.608594 0.596875 0.160938 0.160417
0 1.0 0.610938 0.590625 0.275000 0.214583
0 1.0 0.731250 0.610417 0.056250 0.075000
0 1.0 0.475781 0.587500 0.042188 0.079167
0 1.0 0.405469 0.568750 0.110937 0.216667
0 1.0 0.520312 0.588542 0.037500 0.081250
0 1.0 0.232813 0.570833 0.131250 0.208333
0 1.0 0.254688 0.585417 0.306250 0.141667
0 1.0 0.286719 0.575000 0.157812 0.183333
0 1.0 0.278906 0.586458 0.035937 0.072917
0 1.0 0.400000 0.587500 0.056250 0.079167
0 1.0 0.363281 0.591667 0.198437 0.116667
0 1.0 0.149219 0.577083 0.154688 0.191667
0 1.0 0.212500 0.585417 0.043750 0.083333
0 1.0 0.138281 0.597917 0.060937 0.179167
0 1.0 0.224219 0.580208 0.095312 0.114583
0 1.0 0.930469 0.558333 0.139063 0.266667
0 1.0 0.955469 0.557292 0.089063 0.093750
0 1.0 0.053906 0.589583 0.095312 0.154167
0 1.0 0.072656 0.585417 0.145313 0.266667
0 1.0 0.125000 0.590625 0.028125 0.072917
0 1.0 0.122656 0.593750 0.067187 0.075000
0 1.0 0.026562 0.610417 0.053125 0.220833
0 1.0 0.164844 0.586458 0.045312 0.085417
0 1.0 0.162500 0.589583 0.112500 0.104167
0 1.0 0.850000 0.580208 0.031250 0.056250
0 1.0 0.804688 0.570833 0.025000 0.050000
0 1.0 0.876563 0.611458 0.046875 0.164583
0 1.0 0.901563 0.558333 0.196875 0.120833
0 1.0 0.769531 0.605208 0.048438 0.106250
0 1.0 0.768750 0.562500 0.321875 0.125000
0 1.0 0.824219 0.579167 0.164062 0.195833
0 1.0 0.536719 0.558333 0.220312 0.145833
0 1.0 0.610938 0.590625 0.031250 0.081250
0 1.0 0.606250 0.588542 0.046875 0.131250
0 1.0 0.675000 0.575000 0.150000 0.175000
0 1.0 0.689063 0.613542 0.028125 0.081250
0 1.0 0.413281 0.543750 0.310937 0.162500
0 1.0 0.456250 0.559375 0.125000 0.185417
0 1.0 0.456250 0.576042 0.059375 0.147917
0 1.0 0.296875 0.563542 0.075000 0.181250
0 1.0 0.348438 0.545833 0.131250 0.191667
0 1.0 0.202344 0.552083 0.145313 0.112500
0 1.0 0.948438 0.572917 0.046875 0.095833
0 1.0 0.964844 0.497917 0.070312 0.087500
0 1.0 0.959375 0.601042 0.028125 0.089583
0 1.0 0.067187 0.561458 0.062500 0.122917
0 1.0 0.121875 0.556250 0.031250 0.083333
0 1.0 0.117188 0.555208 0.081250 0.156250
0 1.0 0.156250 0.551042 0.093750 0.097917
0 1.0 0.098437 0.580208 0.046875 0.147917
0 1.0 0.828906 0.577083 0.054688 0.158333
0 1.0 0.864062 0.526042 0.171875 0.210417
0 1.0 0.811719 0.508333 0.067187 0.083333
0 1.0 0.878906 0.581250 0.029687 0.083333
0 1.0 0.792969 0.501042 0.023438 0.047917
0 1.0 0.717969 0.501042 0.282813 0.160417
0 1.0 0.728906 0.547917 0.029687 0.091667
0 1.0 0.718750 0.561458 0.053125 0.189583
0 1.0 0.775000 0.546875 0.043750 0.110417
0 1.0 0.765625 0.555208 0.071875 0.202083
0 1.0 0.839063 0.569792 0.031250 0.085417
0 1.0 0.800000 0.495833 0.259375 0.120833
0 1.0 0.564063 0.498958 0.328125 0.122917
0 1.0 0.535937 0.573958 0.043750 0.143750
0 1.0 0.611719 0.515625 0.170313 0.185417
0 1.0 0.609375 0.559375 0.028125 0.077083
0 1.0 0.684375 0.576042 0.021875 0.068750
0 1.0 0.672656 0.586458 0.029687 0.102083
0 1.0 0.479687 0.506250 0.087500 0.116667
0 1.0 0.263281 0.507292 0.082812 0.106250
0 1.0 0.242188 0.501042 0.284375 0.131250
0 1.0 0.315625 0.509375 0.118750 0.118750
0 1.0 0.335938 0.555208 0.053125 0.156250
0 1.0 0.437500 0.506250 0.109375 0.116667
0 1.0 0.209375 0.503125 0.115625 0.085417
0 1.0 0.186719 0.573958 0.064062 0.152083
0 1.0 0.962500 0.539583 0.025000 0.066667
0 1.0 0.107031 0.521875 0.029687 0.056250
0 1.0 0.030469 0.539583 0.057813 0.158333
0 1.0 0.103906 0.510417 0.195312 0.266667
0 1.0 0.139844 0.517708 0.073438 0.089583
0 1.0 0.162500 0.510417 0.053125 0.062500
0 1.0 0.742969 0.443750 0.142187 0.104167
0 1.0 0.880469 0.547917 0.020313 0.050000
0 1.0 0.739844 0.442708 0.020313 0.043750
0 1.0 0.871875 0.558333 0.034375 0.091667
0 1.0 0.917969 0.464583 0.092188 0.133333
0 1.0 0.829688 0.448958 0.246875 0.118750
0 1.0 0.916406 0.531250 0.054688 0.175000
0 1.0 0.925781 0.454167 0.148438 0.270833
0 1.0 0.954688 0.522917 0.040625 0.079167
0 1.0 0.928906 0.447917 0.064062 0.066667
0 1.0 0.728906 0.497917 0.035937 0.112500
0 1.0 0.721875 0.439583 0.328125 0.116667
0 1.0 0.781250 0.507292 0.034375 0.097917
0 1.0 0.830469 0.517708 0.032813 0.072917
0 1.0 0.544531 0.546875 0.035937 0.102083
0 1.0 0.614844 0.440625 0.289062 0.131250
0 1.0 0.612500 0.522917 0.025000 0.062500
0 1.0 0.610938 0.537500 0.037500 0.104167
0 1.0 0.672656 0.522917 0.026562 0.066667
0 1.0 0.664844 0.542708 0.029687 0.093750
0 1.0 0.713281 0.442708 0.179688 0.202083
0 1.0 0.474219 0.455208 0.167187 0.110417
0 1.0 0.533594 0.455208 0.017188 0.035417
0 1.0 0.444531 0.531250 0.035937 0.104167
0 1.0 0.510156 0.482292 0.101562 0.135417
0 1.0 0.503125 0.535417 0.037500 0.095833
0 1.0 0.546094 0.444792 0.095312 0.072917
0 1.0 0.571875 0.469792 0.100000 0.131250
0 1.0 0.627344 0.442708 0.098437 0.068750
0 1.0 0.325781 0.466667 0.148438 0.083333
0 1.0 0.309375 0.534375 0.037500 0.106250
0 1.0 0.375000 0.506250 0.037500 0.075000
0 1.0 0.275781 0.467708 0.023438 0.043750
0 1.0 0.395313 0.507292 0.087500 0.160417
0 1.0 0.507812 0.512500 0.025000 0.062500
0 1.0 0.137500 0.567708 0.037500 0.093750
0 1.0 0.233594 0.508333 0.029687 0.058333
0 1.0 0.199219 0.467708 0.251563 0.268750
0 1.0 0.198437 0.555208 0.043750 0.097917
0 1.0 0.247656 0.533333 0.035937 0.070833
0 1.0 0.320312 0.462500 0.034375 0.054167
0 1.0 0.237500 0.539583 0.059375 0.120833
0 1.0 0.333594 0.503125 0.029687 0.068750
0 1.0 0.066406 0.455208 0.132812 0.264583
0 1.0 0.076563 0.469792 0.046875 0.060417
0 1.0 0.029687 0.509375 0.031250 0.085417
0 1.0 0.125781 0.464583 0.014063 0.033333
0 1.0 0.114062 0.502083 0.043750 0.075000
0 1.0 0.116406 0.475000 0.132812 0.087500
0 1.0 0.103906 0.545833 0.017188 0.050000
0 1.0 0.181250 0.468750 0.018750 0.037500
0 1.0 0.093750 0.558333 0.031250 0.095833
0 1.0 0.144531 0.547917 0.029687 0.062500
0 1.0 0.230469 0.469792 0.026562 0.043750
0 1.0 0.864062 0.482292 0.025000 0.064583
0 1.0 0.723437 0.406250 0.121875 0.100000
0 1.0 0.858594 0.477083 0.054688 0.145833
0 1.0 0.921875 0.406250 0.109375 0.162500
0 1.0 0.818750 0.402083 0.193750 0.154167
0 1.0 0.961719 0.408333 0.076563 0.133333
0 1.0 0.956250 0.464583 0.043750 0.091667
0 1.0 0.070312 0.496875 0.031250 0.064583
0 1.0 0.717969 0.450000 0.079687 0.212500
0 1.0 0.776563 0.446875 0.037500 0.085417
0 1.0 0.764062 0.440625 0.081250 0.181250
0 1.0 0.828125 0.457292 0.034375 0.081250
0 1.0 0.818750 0.446875 0.071875 0.168750
0 1.0 0.614844 0.469792 0.020313 0.056250
0 1.0 0.642188 0.397917 0.340625 0.116667
0 1.0 0.609375 0.468750 0.046875 0.125000
0 1.0 0.675000 0.467708 0.025000 0.064583
0 1.0 0.660156 0.464583 0.051562 0.133333
0 1.0 0.732031 0.457292 0.035937 0.097917
0 1.0 0.443750 0.467708 0.075000 0.127083
0 1.0 0.502344 0.410417 0.132812 0.095833
0 1.0 0.527344 0.405208 0.232813 0.139583
0 1.0 0.516406 0.490625 0.023438 0.068750
0 1.0 0.559375 0.467708 0.025000 0.064583
0 1.0 0.553906 0.475000 0.042188 0.120833
0 1.0 0.303906 0.471875 0.048438 0.118750
0 1.0 0.359375 0.428125 0.115625 0.135417
0 1.0 0.333594 0.395833 0.270313 0.300000
0 1.0 0.325781 0.460417 0.082812 0.137500
0 1.0 0.359375 0.410417 0.300000 0.116667
0 1.0 0.402344 0.421875 0.170313 0.172917
0 1.0 0.463281 0.416667 0.051562 0.066667
0 1.0 0.488281 0.434375 0.051562 0.085417
0 1.0 0.517969 0.416667 0.045312 0.083333
0 1.0 0.198437 0.421875 0.215625 0.114583
0 1.0 0.203906 0.476042 0.045312 0.072917
0 1.0 0.236719 0.415625 0.126562 0.077083
0 1.0 0.197656 0.500000 0.039062 0.087500
0 1.0 0.252344 0.429167 0.179688 0.158333
0 1.0 0.246094 0.495833 0.020313 0.045833
0 1.0 0.234375 0.500000 0.046875 0.100000
0 1.0 0.278125 0.422917 0.128125 0.091667
0 1.0 0.028125 0.469792 0.037500 0.089583
0 1.0 0.087500 0.408333 0.103125 0.070833
0 1.0 0.095312 0.498958 0.015625 0.039583
0 1.0 0.143750 0.409375 0.084375 0.068750
0 1.0 0.084375 0.500000 0.034375 0.091667
0 1.0 0.157812 0.437500 0.078125 0.087500
0 1.0 0.161719 0.501042 0.017188 0.035417
0 1.0 0.183594 0.410417 0.120313 0.075000
0 1.0 0.146094 0.506250 0.035937 0.083333
0 1.0 0.219531 0.440625 0.051562 0.072917
0 1.0 0.855469 0.403125 0.051562 0.122917
0 1.0 0.927344 0.357292 0.085938 0.118750
0 1.0 0.896094 0.345833 0.207813 0.279167
0 1.0 0.881250 0.347917 0.237500 0.120833
0 1.0 0.960938 0.357292 0.078125 0.131250
0 1.0 0.955469 0.394792 0.039062 0.077083
0 1.0 0.962500 0.384375 0.021875 0.056250
0 1.0 0.052344 0.423958 0.060937 0.085417
0 1.0 0.074219 0.414583 0.048438 0.066667
0 1.0 0.752344 0.348958 0.267188 0.143750
0 1.0 0.776563 0.393750 0.037500 0.095833
0 1.0 0.828906 0.407292 0.032813 0.077083
0 1.0 0.856250 0.407292 0.031250 0.072917
0 1.0 0.789844 0.346875 0.142187 0.093750
0 1.0 0.614844 0.417708 0.023438 0.060417
0 1.0 0.642188 0.345833 0.328125 0.120833
0 1.0 0.612500 0.426042 0.034375 0.102083
0 1.0 0.682031 0.417708 0.023438 0.064583
0 1.0 0.666406 0.421875 0.035937 0.110417
0 1.0 0.735156 0.407292 0.035937 0.077083
0 1.0 0.723437 0.412500 0.053125 0.133333
0 1.0 0.442188 0.465625 0.015625 0.043750
0 1.0 0.517188 0.366667 0.125000 0.141667
0 1.0 0.517188 0.351042 0.250000 0.147917
0 1.0 0.525781 0.435417 0.023438 0.062500
0 1.0 0.517188 0.459375 0.025000 0.085417
0 1.0 0.563281 0.417708 0.029687 0.072917
0 1.0 0.606250 0.361458 0.187500 0.185417
0 1.0 0.375781 0.344792 0.173437 0.110417
0 1.0 0.336719 0.454167 0.039062 0.087500
0 1.0 0.393750 0.450000 0.053125 0.116667
0 1.0 0.506250 0.388542 0.028125 0.056250
0 1.0 0.437500 0.422917 0.068750 0.100000
0 1.0 0.525000 0.355208 0.081250 0.085417
0 1.0 0.196875 0.419792 0.056250 0.077083
0 1.0 0.236719 0.351042 0.129688 0.085417
0 1.0 0.200000 0.466667 0.021875 0.050000
0 1.0 0.253906 0.348958 0.254688 0.147917
0 1.0 0.246094 0.440625 0.026562 0.052083
0 1.0 0.236719 0.453125 0.039062 0.085417
0 1.0 0.334375 0.389583 0.034375 0.066667
0 1.0 0.303906 0.462500 0.029687 0.070833
0 1.0 0.370312 0.375000 0.071875 0.104167
0 1.0 0.019531 0.418750 0.026562 0.083333
0 1.0 0.087500 0.364583 0.150000 0.154167
0 1.0 0.095312 0.432292 0.025000 0.056250
0 1.0 0.128125 0.345833 0.115625 0.083333
0 1.0 0.087500 0.444792 0.034375 0.089583
0 1.0 0.146875 0.377083 0.100000 0.108333
0 1.0 0.143750 0.353125 0.184375 0.131250
0 1.0 0.153125 0.442708 0.021875 0.043750
0 1.0 0.147656 0.462500 0.023438 0.058333
0 1.0 0.217969 0.387500 0.035937 0.062500
0 1.0 0.849219 0.298958 0.223438 0.147917
0 1.0 0.912500 0.311458 0.059375 0.110417
0 1.0 0.967969 0.296875 0.064062 0.122917
0 1.0 0.958594 0.306250 0.029687 0.062500
0 1.0 0.053125 0.356250 0.090625 0.100000
0 1.0 0.778906 0.341667 0.039062 0.075000
0 1.0 0.746875 0.295833 0.300000 0.112500
0 1.0 0.766406 0.341667 0.089063 0.179167
0 1.0 0.831250 0.344792 0.028125 0.047917
0 1.0 0.820312 0.354167 0.071875 0.137500
0 1.0 0.875000 0.310417 0.109375 0.108333
0 1.0 0.814063 0.310417 0.093750 0.083333
0 1.0 0.865625 0.332292 0.021875 0.035417
0 1.0 0.858594 0.357292 0.064062 0.122917
0 1.0 0.596094 0.363542 0.042188 0.110417
0 1.0 0.667969 0.305208 0.182812 0.152083
0 1.0 0.681250 0.357292 0.021875 0.052083
0 1.0 0.665625 0.357292 0.056250 0.127083
0 1.0 0.727344 0.311458 0.129688 0.122917
0 1.0 0.703125 0.286458 0.265625 0.239583
0 1.0 0.735156 0.353125 0.035937 0.064583
0 1.0 0.720313 0.350000 0.078125 0.145833
0 1.0 0.519531 0.303125 0.182812 0.118750
0 1.0 0.532031 0.370833 0.020313 0.054167
0 1.0 0.521094 0.385417 0.026562 0.087500
0 1.0 0.582812 0.317708 0.071875 0.097917
0 1.0 0.592187 0.311458 0.159375 0.110417
0 1.0 0.571094 0.359375 0.032813 0.068750
0 1.0 0.595313 0.359375 0.018750 0.047917
0 1.0 0.412500 0.293750 0.046875 0.070833
0 1.0 0.341406 0.371875 0.054688 0.135417
0 1.0 0.409375 0.293750 0.200000 0.137500
0 1.0 0.392969 0.351042 0.073438 0.172917
0 1.0 0.518750 0.334375 0.015625 0.035417
0 1.0 0.450000 0.352083 0.056250 0.095833
0 1.0 0.552344 0.307292 0.020313 0.043750
0 1.0 0.450000 0.396875 0.021875 0.064583
0 1.0 0.533594 0.318750 0.064062 0.091667
0 1.0 0.191406 0.379167 0.042188 0.104167
0 1.0 0.246875 0.300000 0.175000 0.179167
0 1.0 0.248438 0.362500 0.031250 0.070833
0 1.0 0.239063 0.371875 0.056250 0.135417
0 1.0 0.335938 0.318750 0.034375 0.066667
0 1.0 0.296875 0.346875 0.096875 0.139583
0 1.0 0.298438 0.388542 0.040625 0.097917
0 1.0 0.375781 0.308333 0.054688 0.091667
0 1.0 0.105469 0.291667 0.210938 0.162500
0 1.0 0.076563 0.332292 0.028125 0.060417
0 1.0 0.125000 0.287500 0.134375 0.100000
0 1.0 0.150781 0.350000 0.035937 0.070833
0 1.0 0.219531 0.315625 0.029687 0.060417
0 1.0 0.189844 0.341667 0.082812 0.129167
0 1.0 0.242969 0.295833 0.126562 0.095833
0 1.0 0.897656 0.241667 0.204687 0.120833
0 1.0 0.922656 0.241667 0.092188 0.295833
0 1.0 0.946094 0.232292 0.107813 0.189583
0 1.0 0.050781 0.300000 0.089063 0.129167
0 1.0 0.034375 0.321875 0.046875 0.106250
0 1.0 0.767188 0.263542 0.090625 0.202083
0 1.0 0.823438 0.263542 0.050000 0.114583
0 1.0 0.796094 0.244792 0.242188 0.122917
0 1.0 0.817187 0.264583 0.081250 0.212500
0 1.0 0.869531 0.273958 0.042188 0.097917
0 1.0 0.792969 0.246875 0.092188 0.085417
0 1.0 0.862500 0.272917 0.068750 0.183333
0 1.0 0.669531 0.305208 0.045312 0.077083
0 1.0 0.725000 0.292708 0.062500 0.110417
0 1.0 0.778125 0.269792 0.056250 0.114583
0 1.0 0.527344 0.307292 0.029687 0.077083
0 1.0 0.575000 0.252083 0.190625 0.129167
0 1.0 0.565625 0.307292 0.040625 0.077083
0 1.0 0.603125 0.312500 0.028125 0.062500
0 1.0 0.063281 0.027083 0.070312 0.054167
0 1.0 0.096094 0.040625 0.157812 0.081250
0 1.0 0.118750 0.029167 0.093750 0.058333
0 1.0 0.740625 0.259375 0.200000 0.518750
0 1.0 0.846875 0.657292 0.228125 0.497917
0 1.0 0.750781 0.728125 0.210938 0.518750
0 1.0 0.916406 0.744792 0.167187 0.489583
0 1.0 0.546094 0.648958 0.364063 0.352083
0 1.0 0.651563 0.733333 0.218750 0.529167
0 1.0 0.652344 0.886458 0.339062 0.227083
0 1.0 0.734375 0.817708 0.403125 0.364583
0 1.0 0.555469 0.836458 0.351562 0.322917
0 1.0 0.435937 0.192708 0.259375 0.385417
0 1.0 0.261719 0.511458 0.523438 0.710417
0 1.0 0.694531 0.506250 0.292187 0.683333
0 1.0 0.849219 0.459375 0.195312 0.547917
0 1.0 0.071875 0.360417 0.143750 0.600000
0 1.0 0.729688 0.628125 0.537500 0.743750
0 1.0 0.654687 0.309375 0.556250 0.527083
0 1.0 0.823438 0.333333 0.353125 0.666667