0 1.0 0.050781 0.053125 0.101562 0.106250
0 1.0 0.079687 0.078125 0.159375 0.156250
0 1.0 0.075781 0.029167 0.082812 0.058333
0 1.0 0.025781 0.075000 0.045312 0.116667
0 1.0 0.745313 0.517708 0.462500 0.964583
0 1.0 0.558594 0.733333 0.882812 0.487500
0 1.0 0.180469 0.040625 0.304688 0.081250
0 1.0 0.183594 0.065625 0.085938 0.131250
0 1.0 0.237500 0.057292 0.128125 0.114583
0 1.0 0.294531 0.053125 0.160938 0.106250
0 1.0 0.279687 0.069792 0.290625 0.139583
0 1.0 0.296094 0.063542 0.064062 0.097917
0 1.0 0.312500 0.318750 0.625000 0.637500
0 1.0 0.507031 0.498958 0.892188 0.627083
0 1.0 0.660937 0.505208 0.678125 0.414583
0 1.0 0.500000 0.191667 1.000000 0.370833
0 1.0 0.346875 0.061458 0.100000 0.102083
0 1.0 0.338281 0.029167 0.129688 0.058333
0 1.0 0.402344 0.054167 0.167187 0.108333
0 1.0 0.412500 0.031250 0.250000 0.062500
0 1.0 0.397656 0.078125 0.073438 0.114583
0 1.0 0.458594 0.052083 0.142187 0.104167
0 1.0 0.486719 0.028125 0.123438 0.056250
0 1.0 0.446875 0.079167 0.050000 0.075000
0 1.0 0.648438 0.879167 0.703125 0.241667
0 1.0 0.506250 0.068750 0.265625 0.137500
0 1.0 0.510938 0.061458 0.081250 0.085417
0 1.0 0.559375 0.051042 0.156250 0.102083
0 1.0 0.556250 0.063542 0.078125 0.081250
0 1.0 0.589063 0.030208 0.165625 0.060417
0 1.0 0.618750 0.070833 0.275000 0.141667
0 1.0 0.604688 0.053125 0.071875 0.081250
0 1.0 0.257812 0.878125 0.515625 0.243750
0 1.0 0.505469 0.662500 0.351562 0.620833
0 1.0 0.782813 0.702083 0.434375 0.383333
0 1.0 0.675000 0.044792 0.240625 0.089583
0 1.0 0.668750 0.056250 0.065625 0.079167
0 1.0 0.721094 0.054167 0.082812 0.095833
0 1.0 0.767969 0.057292 0.160938 0.114583
0 1.0 0.769531 0.073958 0.279687 0.147917
0 1.0 0.220312 0.702083 0.440625 0.383333
0 1.0 0.299219 0.657292 0.320312 0.685417
0 1.0 0.756250 0.296875 0.487500 0.302083
0 1.0 0.166406 0.486458 0.332813 0.585417
0 1.0 0.250781 0.498958 0.501563 0.293750
0 1.0 0.507812 0.294792 0.584375 0.497917
0 1.0 0.775000 0.068750 0.071875 0.087500
0 1.0 0.824219 0.068750 0.067187 0.095833
0 1.0 0.831250 0.036458 0.187500 0.072917
0 1.0 0.876563 0.066667 0.178125 0.133333
0 1.0 0.882812 0.060417 0.075000 0.108333
0 1.0 0.749219 0.122917 0.501563 0.245833
0 1.0 0.207031 0.292708 0.414062 0.397917
0 1.0 0.920312 0.089583 0.106250 0.179167
0 1.0 0.922656 0.047917 0.154688 0.095833
0 1.0 0.956250 0.068750 0.062500 0.100000
0 1.0 0.037500 0.113542 0.075000 0.227083
0 1.0 0.779687 0.921875 0.440625 0.156250
0 1.0 0.214844 0.137500 0.429688 0.275000
0 1.0 0.126562 0.108333 0.175000 0.216667
0 1.0 0.454688 0.923958 0.578125 0.152083
0 1.0 0.234375 0.105208 0.165625 0.210417
0 1.0 0.293750 0.131250 0.087500 0.166667
0 1.0 0.166406 0.922917 0.332813 0.154167
0 1.0 0.344531 0.096875 0.192188 0.172917
0 1.0 0.342187 0.143750 0.071875 0.137500
0 1.0 0.401562 0.116667 0.125000 0.166667
0 1.0 0.446094 0.107292 0.270313 0.214583
0 1.0 0.477344 0.084375 0.145313 0.102083
0 1.0 0.825000 0.848958 0.350000 0.202083
0 1.0 0.446094 0.146875 0.064062 0.139583
0 1.0 0.509375 0.129167 0.093750 0.150000
0 1.0 0.552344 0.132292 0.098437 0.139583
0 1.0 0.670312 0.834375 0.431250 0.222917
0 1.0 0.449219 0.841667 0.557813 0.200000
0 1.0 0.606250 0.118750 0.096875 0.145833
0 1.0 0.667188 0.128125 0.084375 0.110417
0 1.0 0.715625 0.113542 0.109375 0.131250
0 1.0 0.771094 0.118750 0.095312 0.125000
0 1.0 0.821094 0.116667 0.082812 0.125000
0 1.0 0.838281 0.673958 0.207813 0.547917
0 1.0 0.832812 0.754167 0.334375 0.220833
0 1.0 0.955469 0.116667 0.089063 0.170833
0 1.0 0.567187 0.764583 0.431250 0.308333
0 1.0 0.638281 0.701042 0.239063 0.502083
0 1.0 0.340625 0.761458 0.431250 0.297917
0 1.0 0.832812 0.651042 0.334375 0.214583
0 1.0 0.167187 0.753125 0.334375 0.214583
0 1.0 0.049219 0.126042 0.098437 0.118750
0 1.0 0.664844 0.648958 0.567187 0.231250
0 1.0 0.453906 0.642708 0.557813 0.222917
0 1.0 0.182031 0.145833 0.173437 0.258333
0 1.0 0.292187 0.143750 0.171875 0.179167
0 1.0 0.780469 0.546875 0.439063 0.210417
0 1.0 0.167187 0.648958 0.334375 0.210417
0 1.0 0.289062 0.133333 0.346875 0.145833
0 1.0 0.399219 0.170833 0.098437 0.191667
0 1.0 0.453906 0.151042 0.157812 0.172917
0 1.0 0.764062 0.544792 0.268750 0.535417
0 1.0 0.449219 0.546875 0.439063 0.277083
0 1.0 0.167187 0.548958 0.334375 0.206250
0 1.0 0.524219 0.133333 0.242188 0.116667
0 1.0 0.508594 0.183333 0.073438 0.162500
0 1.0 0.568750 0.146875 0.265625 0.243750
0 1.0 0.805469 0.446875 0.367188 0.272917
0 1.0 0.829688 0.427083 0.215625 0.554167
0 1.0 0.544531 0.458333 0.235937 0.516667
0 1.0 0.559375 0.456250 0.600000 0.212500
0 1.0 0.650781 0.453125 0.223438 0.535417
0 1.0 0.353906 0.453125 0.248438 0.489583
0 1.0 0.453125 0.465625 0.240625 0.481250
0 1.0 0.629687 0.129167 0.293750 0.129167
0 1.0 0.668750 0.173958 0.081250 0.127083
0 1.0 0.707812 0.142708 0.218750 0.189583
0 1.0 0.713281 0.173958 0.104688 0.147917
0 1.0 0.767969 0.170833 0.110937 0.204167
0 1.0 0.829688 0.144792 0.218750 0.210417
0 1.0 0.814063 0.170833 0.106250 0.229167
0 1.0 0.449219 0.346875 0.610938 0.218750
0 1.0 0.170313 0.353125 0.340625 0.214583
0 1.0 0.909375 0.126042 0.175000 0.227083
0 1.0 0.653125 0.264583 0.215625 0.466667
0 1.0 0.777344 0.286458 0.276562 0.464583
0 1.0 0.460156 0.242708 0.632812 0.231250
0 1.0 0.550781 0.254167 0.210938 0.491667
0 1.0 0.048438 0.180208 0.081250 0.164583
0 1.0 0.072656 0.168750 0.145313 0.295833
0 1.0 0.060156 0.185417 0.120313 0.087500
0 1.0 0.116406 0.185417 0.167187 0.141667
0 1.0 0.332031 0.253125 0.264062 0.447917
0 1.0 0.167969 0.242708 0.335938 0.218750
0 1.0 0.125000 0.202083 0.109375 0.241667
0 1.0 0.188281 0.195833 0.070312 0.112500
0 1.0 0.201563 0.189583 0.284375 0.154167
0 1.0 0.185938 0.208333 0.103125 0.216667
0 1.0 0.231250 0.193750 0.165625 0.241667
0 1.0 0.308594 0.188542 0.107813 0.147917
0 1.0 0.454688 0.143750 0.693750 0.208333
0 1.0 0.340625 0.186458 0.240625 0.172917
0 1.0 0.342187 0.210417 0.112500 0.237500
0 1.0 0.143750 0.217708 0.243750 0.435417
0 1.0 0.239063 0.217708 0.243750 0.435417
0 1.0 0.470313 0.203125 0.090625 0.139583
0 1.0 0.449219 0.233333 0.064062 0.150000
0 1.0 0.536719 0.183333 0.173437 0.125000
0 1.0 0.539062 0.073958 0.656250 0.147917
0 1.0 0.547656 0.202083 0.126562 0.241667
0 1.0 0.613281 0.188542 0.142187 0.189583
0 1.0 0.662500 0.227083 0.096875 0.200000
0 1.0 0.871094 0.196875 0.210938 0.235417
0 1.0 0.945312 0.185417 0.109375 0.170833
0 1.0 0.824219 0.963542 0.107813 0.072917
0 1.0 0.875000 0.950000 0.103125 0.100000
0 1.0 0.820312 0.965625 0.059375 0.052083
0 1.0 0.922656 0.954167 0.120313 0.091667
0 1.0 0.899219 0.917708 0.201563 0.164583
0 1.0 0.967969 0.965625 0.064062 0.068750
0 1.0 0.734375 0.963542 0.153125 0.068750
0 1.0 0.714063 0.907292 0.109375 0.185417
0 1.0 0.767969 0.944792 0.145313 0.110417
0 1.0 0.615625 0.944792 0.134375 0.110417
0 1.0 0.632812 0.913542 0.237500 0.172917
0 1.0 0.614062 0.962500 0.093750 0.058333
0 1.0 0.669531 0.944792 0.145313 0.110417
0 1.0 0.682031 0.963542 0.107813 0.064583
0 1.0 0.502344 0.956250 0.089063 0.075000
0 1.0 0.456250 0.920833 0.131250 0.158333
0 1.0 0.517969 0.963542 0.054688 0.047917
0 1.0 0.561719 0.960417 0.064062 0.050000
0 1.0 0.567969 0.953125 0.107813 0.093750
0 1.0 0.316406 0.964583 0.092188 0.054167
0 1.0 0.289844 0.940625 0.076563 0.118750
0 1.0 0.359375 0.952083 0.115625 0.095833
0 1.0 0.357812 0.911458 0.237500 0.177083
0 1.0 0.384375 0.964583 0.059375 0.045833
0 1.0 0.408594 0.950000 0.114062 0.100000
0 1.0 0.445312 0.954167 0.103125 0.075000
0 1.0 0.196094 0.954167 0.101562 0.091667
0 1.0 0.239844 0.962500 0.089063 0.058333
0 1.0 0.244531 0.947917 0.139063 0.104167
0 1.0 0.282813 0.962500 0.087500 0.054167
0 1.0 0.045312 0.967708 0.081250 0.064583
0 1.0 0.069531 0.969792 0.048438 0.047917
0 1.0 0.032031 0.942708 0.064062 0.114583
0 1.0 0.092969 0.944792 0.120313 0.110417
0 1.0 0.143750 0.964583 0.078125 0.058333
0 1.0 0.139844 0.945833 0.120313 0.108333
0 1.0 0.196094 0.961458 0.067187 0.056250
0 1.0 0.760156 0.889583 0.117188 0.220833
0 1.0 0.822656 0.907292 0.210938 0.177083
0 1.0 0.597656 0.881250 0.120313 0.200000
0 1.0 0.450000 0.916667 0.278125 0.129167
0 1.0 0.492188 0.884375 0.118750 0.231250
0 1.0 0.553906 0.896875 0.126562 0.193750
0 1.0 0.343750 0.878125 0.128125 0.243750
0 1.0 0.392188 0.880208 0.125000 0.239583
0 1.0 0.182031 0.905208 0.139063 0.189583
0 1.0 0.233594 0.890625 0.120313 0.218750
0 1.0 0.285156 0.894792 0.142187 0.210417
0 1.0 0.067187 0.913542 0.134375 0.093750
0 1.0 0.078125 0.897917 0.118750 0.204167
0 1.0 0.914062 0.839583 0.150000 0.287500
0 1.0 0.937500 0.880208 0.125000 0.164583
0 1.0 0.959375 0.883333 0.056250 0.095833
0 1.0 0.966406 0.877083 0.029687 0.070833
0 1.0 0.767188 0.846875 0.068750 0.143750
0 1.0 0.810156 0.839583 0.067187 0.125000
0 1.0 0.878125 0.838542 0.103125 0.164583
0 1.0 0.783594 0.878125 0.145313 0.110417
0 1.0 0.600781 0.802083 0.070312 0.158333
0 1.0 0.675781 0.823958 0.104688 0.139583
0 1.0 0.692187 0.871875 0.203125 0.218750
0 1.0 0.711719 0.819792 0.076563 0.135417
0 1.0 0.493750 0.836458 0.206250 0.281250
0 1.0 0.505469 0.878125 0.273438 0.143750
0 1.0 0.553125 0.844792 0.075000 0.164583
0 1.0 0.349219 0.805208 0.060937 0.135417
0 1.0 0.393750 0.836458 0.234375 0.281250
0 1.0 0.399219 0.820833 0.076563 0.179167
0 1.0 0.487500 0.877083 0.087500 0.129167
0 1.0 0.456250 0.804167 0.056250 0.133333
0 1.0 0.192969 0.876042 0.323437 0.131250
0 1.0 0.192188 0.852083 0.050000 0.108333
0 1.0 0.247656 0.842708 0.064062 0.135417
0 1.0 0.307812 0.851042 0.265625 0.247917
0 1.0 0.285938 0.878125 0.090625 0.110417
0 1.0 0.289844 0.834375 0.076563 0.139583
0 1.0 0.288281 0.810417 0.042188 0.100000
0 1.0 0.103906 0.855208 0.207813 0.247917
0 1.0 0.126562 0.876042 0.106250 0.114583
0 1.0 0.083594 0.854167 0.060937 0.133333
0 1.0 0.136719 0.848958 0.048438 0.102083
0 1.0 0.188281 0.857292 0.089063 0.143750
0 1.0 0.895312 0.816667 0.209375 0.154167
0 1.0 0.957812 0.825000 0.084375 0.179167
0 1.0 0.034375 0.854167 0.068750 0.166667
0 1.0 0.075000 0.868750 0.115625 0.087500
0 1.0 0.743750 0.813542 0.328125 0.131250
0 1.0 0.816406 0.813542 0.192188 0.235417
0 1.0 0.764844 0.796875 0.135937 0.297917
0 1.0 0.517188 0.815625 0.140625 0.152083
0 1.0 0.508594 0.810417 0.310937 0.141667
0 1.0 0.563281 0.806250 0.185938 0.258333
0 1.0 0.489844 0.814583 0.076563 0.116667
0 1.0 0.238281 0.807292 0.189062 0.231250
0 1.0 0.264062 0.813542 0.306250 0.131250
0 1.0 0.311719 0.812500 0.054688 0.087500
0 1.0 0.121875 0.830208 0.087500 0.102083
0 1.0 0.158594 0.823958 0.132812 0.131250
0 1.0 0.211719 0.817708 0.120313 0.118750
0 1.0 0.185156 0.805208 0.123438 0.306250
0 1.0 0.882812 0.764583 0.234375 0.137500
0 1.0 0.941406 0.765625 0.117188 0.168750
0 1.0 0.053125 0.830208 0.050000 0.072917
0 1.0 0.058594 0.821875 0.117188 0.089583
0 1.0 0.804688 0.743750 0.125000 0.295833
0 1.0 0.818750 0.767708 0.100000 0.122917
0 1.0 0.880469 0.731250 0.176563 0.316667
0 1.0 0.774219 0.765625 0.217188 0.131250
0 1.0 0.692969 0.770833 0.126562 0.141667
0 1.0 0.665625 0.759375 0.150000 0.293750
0 1.0 0.666406 0.764583 0.304688 0.145833
0 1.0 0.492969 0.762500 0.304688 0.137500
0 1.0 0.587500 0.769792 0.125000 0.135417
0 1.0 0.434375 0.766667 0.100000 0.129167
0 1.0 0.400781 0.771875 0.151562 0.268750
0 1.0 0.450781 0.782292 0.126562 0.277083
0 1.0 0.285156 0.770833 0.085938 0.112500
0 1.0 0.310156 0.764583 0.132812 0.179167
0 1.0 0.334375 0.771875 0.043750 0.081250
0 1.0 0.384375 0.766667 0.112500 0.125000
0 1.0 0.366406 0.761458 0.273438 0.139583
0 1.0 0.343750 0.765625 0.128125 0.272917
0 1.0 0.091406 0.766667 0.182812 0.116667
0 1.0 0.078125 0.746875 0.140625 0.352083
0 1.0 0.168750 0.768750 0.118750 0.137500
0 1.0 0.128906 0.752083 0.154688 0.308333
0 1.0 0.221875 0.769792 0.109375 0.131250
0 1.0 0.923438 0.711458 0.153125 0.160417
0 1.0 0.969531 0.718750 0.060937 0.212500
0 1.0 0.047656 0.768750 0.095312 0.166667
0 1.0 0.043750 0.770833 0.046875 0.070833
0 1.0 0.101562 0.772917 0.078125 0.100000
0 1.0 0.816406 0.716667 0.076563 0.112500
0 1.0 0.764844 0.713542 0.135937 0.110417
0 1.0 0.664062 0.711458 0.300000 0.135417
0 1.0 0.710156 0.711458 0.173437 0.239583
0 1.0 0.555469 0.706250 0.185938 0.258333
0 1.0 0.602344 0.714583 0.085938 0.108333
0 1.0 0.608594 0.716667 0.095312 0.258333
0 1.0 0.692187 0.714583 0.103125 0.120833
0 1.0 0.450000 0.714583 0.065625 0.104167
0 1.0 0.416406 0.710417 0.310937 0.141667
0 1.0 0.441406 0.700000 0.229687 0.325000
0 1.0 0.485156 0.714583 0.045312 0.083333
0 1.0 0.529687 0.713542 0.090625 0.110417
0 1.0 0.257812 0.709375 0.256250 0.127083
0 1.0 0.232813 0.700000 0.125000 0.320833
0 1.0 0.355469 0.719792 0.035937 0.072917
0 1.0 0.287500 0.698958 0.137500 0.272917
0 1.0 0.397656 0.715625 0.092188 0.110417
0 1.0 0.168750 0.709375 0.112500 0.131250
0 1.0 0.153125 0.706250 0.250000 0.133333
0 1.0 0.224219 0.713542 0.101562 0.118750
0 1.0 0.285156 0.714583 0.082812 0.108333
0 1.0 0.945312 0.657292 0.109375 0.110417
0 1.0 0.056250 0.711458 0.046875 0.081250
0 1.0 0.057031 0.708333 0.114062 0.095833
0 1.0 0.027344 0.718750 0.054688 0.250000
0 1.0 0.121094 0.709375 0.089063 0.114583
0 1.0 0.834375 0.667708 0.068750 0.089583
0 1.0 0.782813 0.660417 0.109375 0.087500
0 1.0 0.882031 0.655208 0.235937 0.131250
0 1.0 0.912500 0.653125 0.131250 0.352083
0 1.0 0.732812 0.664583 0.118750 0.125000
0 1.0 0.704688 0.657292 0.109375 0.272917
0 1.0 0.712500 0.660417 0.293750 0.133333
0 1.0 0.766406 0.677083 0.142187 0.300000
0 1.0 0.574219 0.655208 0.092188 0.110417
0 1.0 0.549219 0.657292 0.289062 0.131250
0 1.0 0.606250 0.657292 0.165625 0.239583
0 1.0 0.680469 0.661458 0.104688 0.122917
0 1.0 0.665625 0.644792 0.125000 0.327083
0 1.0 0.421875 0.659375 0.293750 0.131250
0 1.0 0.500000 0.666667 0.037500 0.066667
0 1.0 0.445312 0.679167 0.093750 0.245833
0 1.0 0.507031 0.644792 0.179688 0.252083
0 1.0 0.529687 0.657292 0.084375 0.106250
0 1.0 0.291406 0.653125 0.242188 0.285417
0 1.0 0.360156 0.667708 0.035937 0.072917
0 1.0 0.307812 0.659375 0.284375 0.131250
0 1.0 0.355469 0.668750 0.154688 0.204167
0 1.0 0.403125 0.663542 0.084375 0.110417
0 1.0 0.453125 0.664583 0.062500 0.095833
0 1.0 0.178906 0.656250 0.123438 0.129167
0 1.0 0.132031 0.679167 0.104688 0.254167
0 1.0 0.188281 0.667708 0.160938 0.272917
0 1.0 0.267188 0.656250 0.118750 0.133333
0 1.0 0.944531 0.603125 0.110937 0.110417
0 1.0 0.964844 0.622917 0.045312 0.150000
0 1.0 0.046875 0.662500 0.093750 0.158333
0 1.0 0.058594 0.658333 0.045312 0.079167
0 1.0 0.139844 0.657292 0.085938 0.106250
0 1.0 0.834375 0.609375 0.056250 0.081250
0 1.0 0.774219 0.605208 0.117188 0.089583
0 1.0 0.895312 0.604167 0.209375 0.166667
0 1.0 0.738281 0.597917 0.273438 0.125000
0 1.0 0.813281 0.601042 0.192188 0.239583
0 1.0 0.511719 0.602083 0.254688 0.129167
0 1.0 0.607812 0.629167 0.090625 0.204167
0 1.0 0.703125 0.600000 0.096875 0.120833
0 1.0 0.457031 0.604167 0.160938 0.216667
0 1.0 0.512500 0.605208 0.037500 0.068750
0 1.0 0.520312 0.597917 0.087500 0.108333
0 1.0 0.317188 0.613542 0.028125 0.052083
0 1.0 0.257031 0.605208 0.254688 0.110417
0 1.0 0.289844 0.626042 0.092188 0.239583
0 1.0 0.392188 0.610417 0.075000 0.087500
0 1.0 0.366406 0.605208 0.235937 0.114583
0 1.0 0.346094 0.647917 0.076563 0.200000
0 1.0 0.408594 0.604167 0.229687 0.291667
0 1.0 0.463281 0.606250 0.051562 0.087500
0 1.0 0.232813 0.598958 0.193750 0.210417
0 1.0 0.071094 0.592708 0.142187 0.260417
0 1.0 0.066406 0.606250 0.039062 0.054167
0 1.0 0.053125 0.603125 0.100000 0.064583
0 1.0 0.028906 0.619792 0.057813 0.206250
0 1.0 0.141406 0.606250 0.060937 0.062500
0 1.0 0.121875 0.603125 0.187500 0.085417
0 1.0 0.145313 0.596875 0.212500 0.206250
0 1.0 0.189062 0.603125 0.100000 0.093750
0 1.0 0.854688 0.557292 0.096875 0.097917
0 1.0 0.882031 0.562500 0.101562 0.208333
0 1.0 0.930469 0.544792 0.139063 0.264583
0 1.0 0.952344 0.573958 0.060937 0.139583
0 1.0 0.946875 0.552083 0.106250 0.108333
0 1.0 0.728125 0.546875 0.300000 0.135417
0 1.0 0.767969 0.557292 0.179688 0.222917
0 1.0 0.598437 0.562500 0.200000 0.250000
0 1.0 0.607812 0.550000 0.278125 0.133333
0 1.0 0.453125 0.607292 0.065625 0.160417
0 1.0 0.510938 0.564583 0.143750 0.262500
0 1.0 0.263281 0.554167 0.310937 0.125000
0 1.0 0.361719 0.553125 0.245312 0.152083
0 1.0 0.351562 0.587500 0.109375 0.195833
0 1.0 0.402344 0.591667 0.139063 0.212500
0 1.0 0.188281 0.545833 0.114062 0.220833
0 1.0 0.281250 0.562500 0.150000 0.175000
0 1.0 0.285938 0.558333 0.096875 0.095833
0 1.0 0.053906 0.555208 0.079687 0.081250
0 1.0 0.039844 0.551042 0.079687 0.222917
0 1.0 0.126562 0.553125 0.146875 0.106250
0 1.0 0.132031 0.539583 0.123438 0.254167
0 1.0 0.814063 0.504167 0.084375 0.083333
0 1.0 0.886719 0.502083 0.226562 0.125000
0 1.0 0.939844 0.502083 0.120313 0.104167
0 1.0 0.775000 0.500000 0.253125 0.145833
0 1.0 0.767969 0.523958 0.107813 0.181250
0 1.0 0.818750 0.509375 0.106250 0.202083
0 1.0 0.602344 0.523958 0.089063 0.218750
0 1.0 0.617188 0.496875 0.306250 0.131250
0 1.0 0.666406 0.532292 0.101562 0.189583
0 1.0 0.721875 0.498958 0.237500 0.268750
0 1.0 0.718750 0.523958 0.093750 0.172917
0 1.0 0.458594 0.505208 0.232813 0.122917
0 1.0 0.517188 0.506250 0.225000 0.179167
0 1.0 0.346094 0.506250 0.164062 0.187500
0 1.0 0.340625 0.539583 0.071875 0.183333
0 1.0 0.459375 0.544792 0.106250 0.177083
0 1.0 0.181250 0.494792 0.240625 0.181250
0 1.0 0.278125 0.501042 0.090625 0.089583
0 1.0 0.081250 0.494792 0.115625 0.077083
0 1.0 0.091406 0.492708 0.173437 0.218750
0 1.0 0.150000 0.490625 0.168750 0.097917
0 1.0 0.916406 0.442708 0.114062 0.197917
0 1.0 0.881250 0.451042 0.237500 0.135417
0 1.0 0.947656 0.484375 0.051562 0.106250
0 1.0 0.962500 0.451042 0.075000 0.089583
0 1.0 0.768750 0.485417 0.068750 0.116667
0 1.0 0.796875 0.455208 0.190625 0.110417
0 1.0 0.825781 0.448958 0.189062 0.222917
0 1.0 0.827344 0.463542 0.073438 0.156250
0 1.0 0.885938 0.466667 0.068750 0.133333
0 1.0 0.833594 0.457292 0.039062 0.060417
0 1.0 0.642188 0.451042 0.156250 0.097917
0 1.0 0.669531 0.444792 0.173437 0.189583
0 1.0 0.670312 0.459375 0.081250 0.147917
0 1.0 0.719531 0.453125 0.079687 0.164583
0 1.0 0.518750 0.458333 0.137500 0.195833
0 1.0 0.546094 0.445833 0.117188 0.091667
0 1.0 0.611719 0.457292 0.142187 0.177083
0 1.0 0.609375 0.436458 0.246875 0.285417
0 1.0 0.608594 0.473958 0.067187 0.147917
0 1.0 0.287500 0.452083 0.218750 0.133333
0 1.0 0.322656 0.457292 0.032813 0.052083
0 1.0 0.411719 0.464583 0.101562 0.145833
0 1.0 0.403906 0.450000 0.251563 0.295833
0 1.0 0.425000 0.453125 0.221875 0.106250
0 1.0 0.486719 0.469792 0.079687 0.127083
0 1.0 0.457031 0.482292 0.089063 0.160417
0 1.0 0.525000 0.457292 0.034375 0.052083
0 1.0 0.455469 0.502083 0.048438 0.125000
0 1.0 0.198437 0.452083 0.159375 0.116667
0 1.0 0.228125 0.487500 0.115625 0.154167
0 1.0 0.310937 0.478125 0.065625 0.093750
0 1.0 0.270313 0.446875 0.265625 0.264583
0 1.0 0.286719 0.481250 0.120313 0.158333
0 1.0 0.350781 0.465625 0.098437 0.122917
0 1.0 0.126562 0.446875 0.184375 0.143750
0 1.0 0.085938 0.468750 0.078125 0.158333
0 1.0 0.159375 0.450000 0.093750 0.087500
0 1.0 0.872656 0.396875 0.254688 0.135417
0 1.0 0.945312 0.408333 0.109375 0.162500
0 1.0 0.055469 0.450000 0.079687 0.133333
0 1.0 0.037500 0.454167 0.075000 0.212500
0 1.0 0.119531 0.445833 0.035937 0.054167
0 1.0 0.758594 0.415625 0.117188 0.239583
0 1.0 0.882031 0.401042 0.107813 0.218750
0 1.0 0.889844 0.371875 0.210938 0.335417
0 1.0 0.664062 0.384375 0.240625 0.168750
0 1.0 0.670312 0.378125 0.112500 0.239583
0 1.0 0.717187 0.367708 0.206250 0.331250
0 1.0 0.731250 0.390625 0.237500 0.122917
0 1.0 0.519531 0.391667 0.220312 0.158333
0 1.0 0.547656 0.403125 0.123438 0.268750
0 1.0 0.609375 0.414583 0.075000 0.162500
0 1.0 0.357031 0.393750 0.251563 0.120833
0 1.0 0.335938 0.415625 0.121875 0.222917
0 1.0 0.405469 0.393750 0.160938 0.200000
0 1.0 0.454688 0.416667 0.112500 0.208333
0 1.0 0.296094 0.400000 0.114062 0.108333
0 1.0 0.134375 0.397917 0.162500 0.108333
0 1.0 0.078125 0.425000 0.112500 0.245833
0 1.0 0.175781 0.409375 0.179688 0.214583
0 1.0 0.874219 0.339583 0.251563 0.133333
0 1.0 0.946094 0.379167 0.057813 0.125000
0 1.0 0.954688 0.378125 0.034375 0.093750
0 1.0 0.069531 0.401042 0.070312 0.081250
0 1.0 0.073438 0.397917 0.146875 0.087500
0 1.0 0.825781 0.340625 0.204687 0.247917
0 1.0 0.817969 0.345833 0.095312 0.208333
0 1.0 0.721875 0.333333 0.284375 0.137500
0 1.0 0.763281 0.348958 0.095312 0.181250
0 1.0 0.527344 0.339583 0.289062 0.129167
0 1.0 0.500781 0.360417 0.098437 0.241667
0 1.0 0.558594 0.336458 0.173437 0.222917
0 1.0 0.622656 0.333333 0.245312 0.166667
0 1.0 0.614844 0.356250 0.079687 0.150000
0 1.0 0.392188 0.333333 0.221875 0.270833
0 1.0 0.415625 0.337500 0.293750 0.137500
0 1.0 0.471875 0.356250 0.115625 0.158333
0 1.0 0.448437 0.341667 0.037500 0.091667
0 1.0 0.235156 0.384375 0.092188 0.160417
0 1.0 0.248438 0.341667 0.315625 0.145833
0 1.0 0.314063 0.362500 0.087500 0.133333
0 1.0 0.285156 0.366667 0.139063 0.212500
0 1.0 0.128125 0.341667 0.159375 0.112500
0 1.0 0.135937 0.386458 0.093750 0.177083
0 1.0 0.185156 0.367708 0.117188 0.172917
0 1.0 0.950781 0.301042 0.098437 0.143750
0 1.0 0.946094 0.314583 0.054688 0.108333
0 1.0 0.056250 0.355208 0.093750 0.152083
0 1.0 0.067187 0.341667 0.134375 0.270833
0 1.0 0.034375 0.354167 0.068750 0.220833
0 1.0 0.082031 0.340625 0.104688 0.081250
0 1.0 0.090625 0.382292 0.065625 0.147917
0 1.0 0.822656 0.272917 0.073438 0.150000
0 1.0 0.833594 0.281250 0.289062 0.166667
0 1.0 0.880469 0.267708 0.135937 0.231250
0 1.0 0.842187 0.279167 0.168750 0.116667
0 1.0 0.672656 0.291667 0.264062 0.150000
0 1.0 0.670312 0.301042 0.137500 0.268750
0 1.0 0.757031 0.288542 0.185938 0.243750
0 1.0 0.768750 0.288542 0.075000 0.164583
0 1.0 0.608594 0.288542 0.070312 0.139583
0 1.0 0.601562 0.294792 0.121875 0.264583
0 1.0 0.439844 0.301042 0.114062 0.118750
0 1.0 0.400781 0.306250 0.114062 0.191667
0 1.0 0.485938 0.313542 0.056250 0.093750
0 1.0 0.449219 0.273958 0.226562 0.285417
0 1.0 0.492188 0.303125 0.140625 0.131250
0 1.0 0.531250 0.305208 0.050000 0.064583
0 1.0 0.450781 0.329167 0.064062 0.150000
0 1.0 0.542188 0.296875 0.140625 0.102083
0 1.0 0.229687 0.287500 0.206250 0.129167
0 1.0 0.238281 0.316667 0.117188 0.237500
0 1.0 0.315625 0.305208 0.059375 0.106250
0 1.0 0.359375 0.297917 0.090625 0.150000
0 1.0 0.331250 0.293750 0.150000 0.250000
0 1.0 0.397656 0.296875 0.060937 0.077083
0 1.0 0.151562 0.294792 0.231250 0.164583
0 1.0 0.137500 0.298958 0.071875 0.110417
0 1.0 0.128906 0.319792 0.123438 0.235417
0 1.0 0.197656 0.291667 0.076563 0.120833
0 1.0 0.246094 0.306250 0.064062 0.116667
0 1.0 0.910937 0.238542 0.178125 0.131250
0 1.0 0.056250 0.291667 0.081250 0.141667
0 1.0 0.073438 0.293750 0.065625 0.079167
0 1.0 0.818750 0.247917 0.140625 0.295833
0 1.0 0.710156 0.238542 0.235937 0.177083
0 1.0 0.575000 0.237500 0.125000 0.137500
0 1.0 0.638281 0.233333 0.201563 0.125000
0 1.0 0.413281 0.230208 0.232813 0.131250
0 1.0 0.505469 0.240625 0.079687 0.102083
0 1.0 0.294531 0.237500 0.173437 0.208333
0 1.0 0.276562 0.234375 0.118750 0.127083
0 1.0 0.050781 0.234375 0.101562 0.193750
0 1.0 0.053906 0.241667 0.070312 0.091667
0 1.0 0.075781 0.236458 0.151562 0.106250
0 1.0 0.028906 0.244792 0.057813 0.335417
0 1.0 0.128125 0.033333 0.153125 0.066667
0 1.0 0.130469 0.069792 0.098437 0.139583
0 1.0 0.757812 0.785417 0.218750 0.429167
0 1.0 0.892969 0.555208 0.214062 0.385417
0 1.0 0.142187 0.711458 0.231250 0.547917
0 1.0 0.873437 0.245833 0.253125 0.441667
0 1.0 0.074219 0.528125 0.148438 0.643750
0 1.0 0.106250 0.330208 0.212500 0.406250