0 1.0 0.139063 0.514583 0.278125 0.862500
0 1.0 0.557813 0.620833 0.100000 0.216667
0 1.0 0.811719 0.601042 0.279687 0.127083
0 1.0 0.822656 0.616667 0.110937 0.212500
0 1.0 0.820312 0.611458 0.246875 0.318750
0 1.0 0.767188 0.609375 0.125000 0.277083
0 1.0 0.458594 0.633333 0.060937 0.162500
0 1.0 0.475000 0.614583 0.156250 0.075000
0 1.0 0.456250 0.614583 0.115625 0.212500
0 1.0 0.489844 0.617708 0.054688 0.060417
0 1.0 0.542188 0.608333 0.246875 0.116667
0 1.0 0.696875 0.626042 0.109375 0.372917
0 1.0 0.675000 0.604167 0.212500 0.104167
0 1.0 0.932813 0.609375 0.134375 0.164583
0 1.0 0.610156 0.604167 0.185938 0.250000
0 1.0 0.911719 0.600000 0.176563 0.329167
0 1.0 0.620313 0.625000 0.068750 0.162500
0 1.0 0.442188 0.604167 0.221875 0.262500
0 1.0 0.514844 0.611458 0.123438 0.102083
0 1.0 0.191406 0.621875 0.157812 0.268750
0 1.0 0.126562 0.619792 0.143750 0.310417
0 1.0 0.143750 0.602083 0.287500 0.150000
0 1.0 0.418750 0.611458 0.284375 0.122917
0 1.0 0.454688 0.618750 0.056250 0.079167
0 1.0 0.346094 0.615625 0.248438 0.281250
0 1.0 0.281250 0.635417 0.100000 0.250000
0 1.0 0.242188 0.609375 0.237500 0.114583
0 1.0 0.283594 0.618750 0.051562 0.070833
0 1.0 0.559375 0.610417 0.100000 0.100000
0 1.0 0.557031 0.660417 0.182812 0.187500
0 1.0 0.481250 0.675000 0.084375 0.191667
0 1.0 0.069531 0.653125 0.139063 0.102083
0 1.0 0.142969 0.678125 0.279687 0.347917
0 1.0 0.437500 0.659375 0.093750 0.118750
0 1.0 0.393750 0.668750 0.121875 0.233333
0 1.0 0.635156 0.663542 0.223438 0.118750
0 1.0 0.260937 0.659375 0.250000 0.143750
0 1.0 0.291406 0.665625 0.073438 0.106250
0 1.0 0.616406 0.654167 0.107813 0.237500
0 1.0 0.792188 0.608333 0.050000 0.062500
0 1.0 0.885156 0.614583 0.073438 0.195833
0 1.0 0.842187 0.615625 0.031250 0.056250
0 1.0 0.076563 0.660417 0.131250 0.304167
0 1.0 0.116406 0.656250 0.185938 0.158333
0 1.0 0.032031 0.662500 0.064062 0.233333
0 1.0 0.339062 0.632292 0.087500 0.227083
0 1.0 0.375781 0.658333 0.217188 0.125000
0 1.0 0.960938 0.644792 0.053125 0.189583
0 1.0 0.233594 0.659375 0.132812 0.264583
0 1.0 0.530469 0.543750 0.310937 0.133333
0 1.0 0.180469 0.553125 0.304688 0.131250
0 1.0 0.397656 0.547917 0.117188 0.283333
0 1.0 0.412500 0.553125 0.268750 0.114583
0 1.0 0.342969 0.544792 0.101562 0.293750
0 1.0 0.667188 0.564583 0.100000 0.358333
0 1.0 0.660156 0.543750 0.235937 0.116667
0 1.0 0.270313 0.553125 0.228125 0.110417
0 1.0 0.275781 0.545833 0.154688 0.304167
0 1.0 0.559375 0.561458 0.153125 0.272917
0 1.0 0.878906 0.495833 0.092188 0.400000
0 1.0 0.798438 0.497917 0.040625 0.058333
0 1.0 0.885938 0.509375 0.056250 0.243750
0 1.0 0.075781 0.545833 0.142187 0.250000
0 1.0 0.753125 0.497917 0.275000 0.125000
0 1.0 0.775000 0.493750 0.090625 0.266667
0 1.0 0.771094 0.483333 0.229687 0.341667
0 1.0 0.028906 0.558333 0.057813 0.216667
0 1.0 0.062500 0.546875 0.125000 0.089583
0 1.0 0.285938 0.558333 0.087500 0.087500
0 1.0 0.921875 0.495833 0.156250 0.270833
0 1.0 0.230469 0.547917 0.173437 0.212500
0 1.0 0.814844 0.552083 0.045312 0.058333
0 1.0 0.842187 0.563542 0.059375 0.077083
0 1.0 0.134375 0.603125 0.115625 0.106250
0 1.0 0.386719 0.615625 0.117188 0.097917
0 1.0 0.060156 0.600000 0.120313 0.083333
0 1.0 0.048438 0.603125 0.062500 0.072917
0 1.0 0.821094 0.550000 0.295312 0.129167
0 1.0 0.459375 0.557292 0.131250 0.089583
0 1.0 0.712500 0.575000 0.221875 0.362500
0 1.0 0.955469 0.552083 0.089063 0.100000
0 1.0 0.553125 0.750000 0.121875 0.283333
0 1.0 0.560937 0.758333 0.268750 0.129167
0 1.0 0.291406 0.745833 0.226562 0.325000
0 1.0 0.301563 0.745833 0.115625 0.158333
0 1.0 0.239063 0.757292 0.340625 0.135417
0 1.0 0.292187 0.754167 0.059375 0.083333
0 1.0 0.499219 0.768750 0.270313 0.295833
0 1.0 0.450781 0.745833 0.098437 0.245833
0 1.0 0.471875 0.759375 0.206250 0.110417
0 1.0 0.489844 0.760417 0.067187 0.091667
0 1.0 0.766406 0.779167 0.210938 0.262500
0 1.0 0.713281 0.753125 0.126562 0.414583
0 1.0 0.735156 0.760417 0.317188 0.129167
0 1.0 0.755469 0.763542 0.110937 0.114583
0 1.0 0.396875 0.759375 0.140625 0.310417
0 1.0 0.337500 0.750000 0.109375 0.254167
0 1.0 0.665625 0.758333 0.153125 0.212500
0 1.0 0.609375 0.753125 0.121875 0.310417
0 1.0 0.604688 0.769792 0.256250 0.306250
0 1.0 0.455469 0.756250 0.060937 0.095833
0 1.0 0.937500 0.716667 0.125000 0.175000
0 1.0 0.238281 0.733333 0.179688 0.233333
0 1.0 0.189844 0.767708 0.129688 0.393750
0 1.0 0.191406 0.760417 0.132812 0.120833
0 1.0 0.125781 0.769792 0.179688 0.377083
0 1.0 0.857812 0.733333 0.246875 0.266667
0 1.0 0.824219 0.712500 0.310937 0.129167
0 1.0 0.820312 0.742708 0.128125 0.214583
0 1.0 0.116406 0.763542 0.232813 0.118750
0 1.0 0.372656 0.754167 0.245312 0.116667
0 1.0 0.382031 0.751042 0.114062 0.106250
0 1.0 0.324219 0.763542 0.032813 0.052083
0 1.0 0.960938 0.746875 0.059375 0.181250
0 1.0 0.914844 0.768750 0.170313 0.154167
0 1.0 0.158594 0.821875 0.289062 0.118750
0 1.0 0.172656 0.825000 0.148438 0.200000
0 1.0 0.418750 0.815625 0.315625 0.122917
0 1.0 0.081250 0.818750 0.143750 0.316667
0 1.0 0.134375 0.836458 0.093750 0.081250
0 1.0 0.371875 0.823958 0.112500 0.097917
0 1.0 0.360156 0.803125 0.251563 0.322917
0 1.0 0.241406 0.827083 0.242188 0.095833
0 1.0 0.309375 0.839583 0.028125 0.045833
0 1.0 0.300000 0.817708 0.118750 0.189583
0 1.0 0.872656 0.793750 0.154688 0.245833
0 1.0 0.867969 0.777083 0.070312 0.100000
0 1.0 0.585156 0.761458 0.092188 0.102083
0 1.0 0.489844 0.762500 0.114062 0.300000
0 1.0 0.032813 0.831250 0.065625 0.241667
0 1.0 0.072656 0.819792 0.145313 0.072917
0 1.0 0.071094 0.830208 0.048438 0.052083
0 1.0 0.692969 0.767708 0.089063 0.106250
0 1.0 0.167969 0.704167 0.323437 0.162500
0 1.0 0.880469 0.680208 0.095312 0.172917
0 1.0 0.116406 0.767708 0.107813 0.093750
0 1.0 0.824219 0.660417 0.304688 0.137500
0 1.0 0.108594 0.704167 0.151562 0.137500
0 1.0 0.852344 0.676042 0.039062 0.060417
0 1.0 0.372656 0.706250 0.217188 0.120833
0 1.0 0.291406 0.712500 0.273438 0.137500
0 1.0 0.942969 0.659375 0.114062 0.110417
0 1.0 0.271875 0.704167 0.096875 0.108333
0 1.0 0.758594 0.667708 0.207813 0.235417
0 1.0 0.696094 0.489583 0.089063 0.445833
0 1.0 0.067187 0.709375 0.134375 0.102083
0 1.0 0.042969 0.712500 0.070312 0.087500
0 1.0 0.798438 0.666667 0.087500 0.079167
0 1.0 0.817969 0.719792 0.101562 0.081250
0 1.0 0.867969 0.729167 0.045312 0.062500
0 1.0 0.564063 0.707292 0.293750 0.139583
0 1.0 0.589844 0.711458 0.098437 0.102083
0 1.0 0.050781 0.765625 0.057813 0.060417
0 1.0 0.051562 0.754167 0.103125 0.166667
0 1.0 0.717969 0.713542 0.142187 0.114583
0 1.0 0.529687 0.705208 0.143750 0.122917
0 1.0 0.455469 0.709375 0.217188 0.114583
0 1.0 0.477344 0.713542 0.073438 0.089583
0 1.0 0.435156 0.707292 0.242188 0.247917
0 1.0 0.439844 0.710417 0.076563 0.095833
0 1.0 0.667188 0.713542 0.121875 0.110417
0 1.0 0.336719 0.714583 0.045312 0.075000
0 1.0 0.664844 0.688542 0.229687 0.318750
0 1.0 0.451562 0.402083 0.084375 0.108333
0 1.0 0.459375 0.356250 0.190625 0.129167
0 1.0 0.443750 0.353125 0.246875 0.260417
0 1.0 0.471875 0.386458 0.065625 0.089583
0 1.0 0.156250 0.363542 0.053125 0.164583
0 1.0 0.146094 0.347917 0.179688 0.141667
0 1.0 0.142187 0.312500 0.225000 0.291667
0 1.0 0.957812 0.542708 0.065625 0.272917
0 1.0 0.137500 0.344792 0.115625 0.089583
0 1.0 0.092188 0.359375 0.050000 0.122917
0 1.0 0.322656 0.350000 0.232813 0.104167
0 1.0 0.342187 0.382292 0.096875 0.147917
0 1.0 0.348438 0.353125 0.243750 0.285417
0 1.0 0.362500 0.382292 0.062500 0.102083
0 1.0 0.288281 0.394792 0.048438 0.156250
0 1.0 0.081250 0.356250 0.078125 0.212500
0 1.0 0.632031 0.338542 0.198437 0.110417
0 1.0 0.615625 0.409375 0.037500 0.097917
0 1.0 0.614062 0.355208 0.234375 0.318750
0 1.0 0.550000 0.434375 0.046875 0.106250
0 1.0 0.231250 0.343750 0.090625 0.358333
0 1.0 0.238281 0.341667 0.248438 0.179167
0 1.0 0.455469 0.434375 0.026562 0.056250
0 1.0 0.322656 0.369792 0.042188 0.089583
0 1.0 0.824219 0.293750 0.192188 0.116667
0 1.0 0.834375 0.350000 0.028125 0.079167
0 1.0 0.805469 0.304167 0.242188 0.295833
0 1.0 0.094531 0.341667 0.182812 0.195833
0 1.0 0.014063 0.368750 0.028125 0.108333
0 1.0 0.286719 0.366667 0.114062 0.233333
0 1.0 0.107031 0.345833 0.048438 0.075000
0 1.0 0.054688 0.356250 0.090625 0.116667
0 1.0 0.718750 0.295833 0.040625 0.150000
0 1.0 0.735156 0.289583 0.232813 0.183333
0 1.0 0.724219 0.293750 0.095312 0.183333
0 1.0 0.675000 0.331250 0.093750 0.400000
0 1.0 0.953125 0.332292 0.065625 0.256250
0 1.0 0.952344 0.290625 0.095312 0.097917
0 1.0 0.919531 0.290625 0.160938 0.156250
0 1.0 0.919531 0.319792 0.095312 0.364583
0 1.0 0.823438 0.360417 0.075000 0.220833
0 1.0 0.199219 0.347917 0.067187 0.145833
0 1.0 0.872656 0.309375 0.129688 0.160417
0 1.0 0.135937 0.393750 0.240625 0.145833
0 1.0 0.821875 0.338542 0.284375 0.127083
0 1.0 0.831250 0.382292 0.040625 0.164583
0 1.0 0.776563 0.369792 0.068750 0.264583
0 1.0 0.021875 0.439583 0.043750 0.162500
0 1.0 0.080469 0.386458 0.160938 0.089583
0 1.0 0.076563 0.390625 0.062500 0.077083
0 1.0 0.053125 0.409375 0.106250 0.164583
0 1.0 0.930469 0.342708 0.139063 0.106250
0 1.0 0.268750 0.402083 0.190625 0.129167
0 1.0 0.181250 0.375000 0.118750 0.258333
0 1.0 0.489063 0.409375 0.059375 0.102083
0 1.0 0.788281 0.371875 0.045312 0.177083
0 1.0 0.705469 0.351042 0.079687 0.352083
0 1.0 0.400000 0.412500 0.068750 0.137500
0 1.0 0.404687 0.371875 0.150000 0.168750
0 1.0 0.342187 0.418750 0.050000 0.125000
0 1.0 0.717969 0.354167 0.051562 0.225000
0 1.0 0.898438 0.344792 0.203125 0.164583
0 1.0 0.871094 0.379167 0.064062 0.241667
0 1.0 0.527344 0.342708 0.235937 0.106250
0 1.0 0.875781 0.384375 0.042188 0.152083
0 1.0 0.546875 0.410417 0.068750 0.108333
0 1.0 0.833594 0.343750 0.154688 0.104167
0 1.0 0.823438 0.279167 0.062500 0.166667
0 1.0 0.128125 0.298958 0.143750 0.114583
0 1.0 0.092188 0.283333 0.031250 0.079167
0 1.0 0.101562 0.281250 0.143750 0.204167
0 1.0 0.023438 0.304167 0.046875 0.179167
0 1.0 0.097656 0.300000 0.076563 0.066667
0 1.0 0.688281 0.285417 0.176563 0.112500
0 1.0 0.734375 0.238542 0.284375 0.131250
0 1.0 0.942969 0.223958 0.114062 0.218750
0 1.0 0.177344 0.294792 0.210938 0.168750
0 1.0 0.207031 0.306250 0.035937 0.095833
0 1.0 0.879687 0.271875 0.068750 0.197917
0 1.0 0.855469 0.235417 0.242188 0.325000
0 1.0 0.820312 0.276042 0.096875 0.293750
0 1.0 0.069531 0.027083 0.067187 0.054167
0 1.0 0.027344 0.068750 0.054688 0.095833
0 1.0 0.439063 0.744792 0.878125 0.464583
0 1.0 0.170313 0.045833 0.190625 0.091667
0 1.0 0.176563 0.086458 0.246875 0.172917
0 1.0 0.197656 0.052083 0.076563 0.095833
0 1.0 0.136719 0.082292 0.089063 0.164583
0 1.0 0.158594 0.031250 0.117188 0.062500
0 1.0 0.891406 0.239583 0.217188 0.129167
0 1.0 0.080469 0.081250 0.160938 0.162500
0 1.0 0.118750 0.028125 0.075000 0.056250
0 1.0 0.773438 0.271875 0.071875 0.177083
0 1.0 0.767188 0.272917 0.109375 0.300000
0 1.0 0.078125 0.065625 0.084375 0.102083
0 1.0 0.789062 0.329167 0.034375 0.100000
0 1.0 0.400781 0.344792 0.076563 0.177083
0 1.0 0.410156 0.288542 0.264062 0.110417
0 1.0 0.610156 0.356250 0.054688 0.162500
0 1.0 0.492969 0.328125 0.032813 0.060417
0 1.0 0.681250 0.318750 0.059375 0.212500
0 1.0 0.820312 0.297917 0.071875 0.075000
0 1.0 0.551562 0.356250 0.056250 0.145833
0 1.0 0.601562 0.293750 0.115625 0.079167
0 1.0 0.569531 0.297917 0.170313 0.125000
0 1.0 0.573438 0.312500 0.065625 0.100000
0 1.0 0.496875 0.351042 0.053125 0.152083
0 1.0 0.883594 0.350000 0.029687 0.079167
0 1.0 0.156250 0.321875 0.040625 0.110417
0 1.0 0.407031 0.306250 0.139063 0.162500
0 1.0 0.387500 0.295833 0.075000 0.066667
0 1.0 0.370312 0.320833 0.046875 0.079167
0 1.0 0.254688 0.300000 0.181250 0.100000
0 1.0 0.056250 0.301042 0.071875 0.118750
0 1.0 0.615625 0.339583 0.021875 0.058333
0 1.0 0.629687 0.306250 0.109375 0.154167
0 1.0 0.328906 0.326042 0.026562 0.060417
0 1.0 0.471875 0.301042 0.156250 0.110417
0 1.0 0.232813 0.339583 0.059375 0.191667
0 1.0 0.501563 0.301042 0.234375 0.285417
0 1.0 0.456250 0.369792 0.034375 0.097917
0 1.0 0.521094 0.298958 0.035937 0.047917
0 1.0 0.457031 0.334375 0.076563 0.131250
0 1.0 0.192969 0.491667 0.189062 0.225000
0 1.0 0.141406 0.489583 0.107813 0.287500
0 1.0 0.817187 0.438542 0.150000 0.222917
0 1.0 0.784375 0.445833 0.225000 0.120833
0 1.0 0.043750 0.493750 0.087500 0.091667
0 1.0 0.125000 0.490625 0.212500 0.114583
0 1.0 0.294531 0.487500 0.217188 0.112500
0 1.0 0.921875 0.468750 0.096875 0.462500
0 1.0 0.889062 0.446875 0.221875 0.122917
0 1.0 0.921875 0.444792 0.100000 0.185417
0 1.0 0.828906 0.433333 0.054688 0.175000
0 1.0 0.489063 0.498958 0.059375 0.122917
0 1.0 0.517969 0.457292 0.201563 0.097917
0 1.0 0.506250 0.448958 0.259375 0.222917
0 1.0 0.051562 0.496875 0.103125 0.168750
0 1.0 0.711719 0.423958 0.135937 0.231250
0 1.0 0.672656 0.450000 0.204687 0.112500
0 1.0 0.457031 0.481250 0.042188 0.087500
0 1.0 0.961719 0.446875 0.076563 0.081250
0 1.0 0.671094 0.441667 0.073438 0.283333
0 1.0 0.614062 0.489583 0.053125 0.141667
0 1.0 0.595313 0.457292 0.143750 0.093750
0 1.0 0.810937 0.446875 0.028125 0.052083
0 1.0 0.885156 0.454167 0.039062 0.175000
0 1.0 0.821875 0.493750 0.084375 0.262500
0 1.0 0.479687 0.512500 0.125000 0.204167
0 1.0 0.453906 0.539583 0.070312 0.179167
0 1.0 0.461719 0.487500 0.273438 0.112500
0 1.0 0.450781 0.802083 0.167187 0.216667
0 1.0 0.958594 0.498958 0.082812 0.097917
0 1.0 0.653125 0.506250 0.206250 0.341667
0 1.0 0.614844 0.533333 0.076563 0.200000
0 1.0 0.610938 0.495833 0.225000 0.112500
0 1.0 0.819531 0.500000 0.076563 0.095833
0 1.0 0.862500 0.504167 0.221875 0.341667
0 1.0 0.894531 0.497917 0.210938 0.125000
0 1.0 0.399219 0.496875 0.229687 0.252083
0 1.0 0.371875 0.484375 0.121875 0.110417
0 1.0 0.485156 0.460417 0.060937 0.104167
0 1.0 0.778125 0.384375 0.153125 0.231250
0 1.0 0.759375 0.391667 0.209375 0.120833
0 1.0 0.929688 0.394792 0.140625 0.164583
0 1.0 0.680469 0.390625 0.117188 0.131250
0 1.0 0.849219 0.373958 0.229687 0.285417
0 1.0 0.449219 0.408333 0.310937 0.104167
0 1.0 0.453125 0.454167 0.090625 0.120833
0 1.0 0.446875 0.426042 0.143750 0.143750
0 1.0 0.350781 0.420833 0.167187 0.183333
0 1.0 0.632812 0.395833 0.128125 0.100000
0 1.0 0.610156 0.457292 0.035937 0.102083
0 1.0 0.556250 0.478125 0.065625 0.127083
0 1.0 0.557813 0.403125 0.284375 0.118750
0 1.0 0.227344 0.447917 0.095312 0.083333
0 1.0 0.509375 0.455208 0.031250 0.047917
0 1.0 0.400000 0.461458 0.131250 0.172917
0 1.0 0.143750 0.441667 0.078125 0.079167
0 1.0 0.082031 0.448958 0.092188 0.181250
0 1.0 0.109375 0.440625 0.193750 0.139583
0 1.0 0.413281 0.450000 0.289062 0.125000
0 1.0 0.382031 0.452083 0.029687 0.050000
0 1.0 0.343750 0.459375 0.103125 0.156250
0 1.0 0.573438 0.459375 0.240625 0.156250
0 1.0 0.237500 0.443750 0.090625 0.220833
0 1.0 0.251563 0.447917 0.243750 0.158333
0 1.0 0.151562 0.434375 0.071875 0.177083
0 1.0 0.085156 0.443750 0.035937 0.050000
0 1.0 0.958594 0.437500 0.064062 0.262500
0 1.0 0.289062 0.455208 0.059375 0.147917
0 1.0 0.321094 0.468750 0.054688 0.095833
0 1.0 0.276562 0.444792 0.093750 0.081250
0 1.0 0.506250 0.129167 0.234375 0.258333
0 1.0 0.446875 0.120833 0.053125 0.191667
0 1.0 0.484375 0.126042 0.103125 0.077083
0 1.0 0.660156 0.660417 0.376563 0.520833
0 1.0 0.492188 0.825000 0.065625 0.070833
0 1.0 0.453906 0.644792 0.557813 0.222917
0 1.0 0.230469 0.665625 0.210938 0.547917
0 1.0 0.243750 0.644792 0.487500 0.227083
0 1.0 0.364844 0.753125 0.567187 0.235417
0 1.0 0.749219 0.651042 0.501563 0.222917
0 1.0 0.395313 0.133333 0.090625 0.266667
0 1.0 0.406250 0.125000 0.237500 0.108333
0 1.0 0.429688 0.129167 0.090625 0.087500
0 1.0 0.391406 0.132292 0.242188 0.264583
0 1.0 0.346094 0.140625 0.098437 0.281250
0 1.0 0.781250 0.553125 0.437500 0.227083
0 1.0 0.753125 0.527083 0.362500 0.620833
0 1.0 0.658594 0.517708 0.164062 0.743750
0 1.0 0.714844 0.126042 0.239063 0.172917
0 1.0 0.672656 0.151042 0.110937 0.302083
0 1.0 0.570312 0.116667 0.237500 0.108333
0 1.0 0.500000 0.128125 0.096875 0.239583
0 1.0 0.607031 0.130208 0.079687 0.160417
0 1.0 0.616406 0.127083 0.242188 0.254167
0 1.0 0.548438 0.133333 0.093750 0.241667
0 1.0 0.764062 0.727083 0.350000 0.420833
0 1.0 0.129688 0.170833 0.168750 0.341667
0 1.0 0.664844 0.759375 0.539062 0.243750
0 1.0 0.121094 0.122917 0.242188 0.150000
0 1.0 0.028125 0.180208 0.056250 0.256250
0 1.0 0.051562 0.132292 0.103125 0.110417
0 1.0 0.191406 0.846875 0.382812 0.206250
0 1.0 0.952344 0.079167 0.095312 0.112500
0 1.0 0.932031 0.110417 0.135937 0.220833
0 1.0 0.962500 0.125000 0.062500 0.208333
0 1.0 0.232031 0.123958 0.170313 0.222917
0 1.0 0.182812 0.183333 0.115625 0.366667
0 1.0 0.239063 0.129167 0.237500 0.108333
0 1.0 0.287500 0.138542 0.140625 0.277083
0 1.0 0.286719 0.136458 0.045312 0.060417
0 1.0 0.138281 0.175000 0.276562 0.141667
0 1.0 0.225000 0.452083 0.450000 0.208333
0 1.0 0.323437 0.186458 0.209375 0.102083
0 1.0 0.861719 0.386458 0.164062 0.706250
0 1.0 0.820312 0.367708 0.331250 0.510417
0 1.0 0.739844 0.351042 0.520312 0.222917
0 1.0 0.283594 0.190625 0.251563 0.335417
0 1.0 0.072656 0.176042 0.117188 0.093750
0 1.0 0.183594 0.190625 0.032813 0.097917
0 1.0 0.227344 0.201042 0.110937 0.356250
0 1.0 0.447656 0.195833 0.045312 0.162500
0 1.0 0.515625 0.192708 0.050000 0.052083
0 1.0 0.445312 0.176042 0.096875 0.227083
0 1.0 0.467187 0.188542 0.162500 0.102083
0 1.0 0.485156 0.190625 0.035937 0.068750
0 1.0 0.370312 0.351042 0.609375 0.210417
0 1.0 0.242188 0.316667 0.403125 0.458333
0 1.0 0.617188 0.172917 0.140625 0.170833
0 1.0 0.551562 0.195833 0.068750 0.204167
0 1.0 0.317188 0.192708 0.031250 0.068750
0 1.0 0.656250 0.345833 0.350000 0.483333
0 1.0 0.411719 0.178125 0.160938 0.114583
0 1.0 0.397656 0.181250 0.095312 0.075000
0 1.0 0.360938 0.177083 0.053125 0.091667
0 1.0 0.286719 0.211458 0.089063 0.264583
0 1.0 0.871875 0.151042 0.121875 0.272917
0 1.0 0.846875 0.120833 0.128125 0.137500
0 1.0 0.250781 0.557292 0.501563 0.222917
0 1.0 0.821094 0.162500 0.110937 0.325000
0 1.0 0.760938 0.164583 0.121875 0.329167
0 1.0 0.528125 0.555208 0.537500 0.235417
0 1.0 0.729688 0.446875 0.540625 0.218750
0 1.0 0.449219 0.445833 0.620313 0.200000
0 1.0 0.946875 0.125000 0.106250 0.112500
0 1.0 0.775000 0.062500 0.121875 0.125000
0 1.0 0.871094 0.030208 0.079687 0.060417
0 1.0 0.880469 0.066667 0.048438 0.091667
0 1.0 0.864844 0.043750 0.129688 0.087500
0 1.0 0.867188 0.082292 0.221875 0.164583
0 1.0 0.818750 0.077083 0.065625 0.154167
0 1.0 0.635156 0.033333 0.157812 0.066667
0 1.0 0.670312 0.050000 0.053125 0.083333
0 1.0 0.669531 0.051042 0.114062 0.102083
0 1.0 0.602344 0.038542 0.057813 0.077083
0 1.0 0.768750 0.034375 0.178125 0.068750
0 1.0 0.782813 0.060417 0.050000 0.108333
0 1.0 0.767188 0.088542 0.234375 0.177083
0 1.0 0.507031 0.875000 0.817187 0.250000
0 1.0 0.499219 0.503125 0.554688 0.689583
0 1.0 0.486719 0.295833 0.654687 0.383333
0 1.0 0.285938 0.507292 0.506250 0.564583
0 1.0 0.257812 0.032292 0.134375 0.064583
0 1.0 0.232813 0.051042 0.078125 0.102083
0 1.0 0.044531 0.036458 0.089063 0.072917
0 1.0 0.441406 0.037500 0.135937 0.075000
0 1.0 0.460156 0.037500 0.051562 0.075000
0 1.0 0.426563 0.047917 0.065625 0.095833
0 1.0 0.348438 0.043750 0.065625 0.087500
0 1.0 0.415625 0.030208 0.028125 0.047917
0 1.0 0.389844 0.040625 0.092188 0.081250
0 1.0 0.346094 0.070833 0.229687 0.141667
0 1.0 0.674219 0.659375 0.651563 0.681250
0 1.0 0.288281 0.054167 0.067187 0.108333
0 1.0 0.320312 0.032292 0.100000 0.064583
0 1.0 0.560937 0.045833 0.193750 0.091667
0 1.0 0.547656 0.045833 0.067187 0.091667
0 1.0 0.496875 0.052083 0.053125 0.104167
0 1.0 0.508594 0.036458 0.117188 0.072917
0 1.0 0.710938 0.079167 0.081250 0.158333
0 1.0 0.525000 0.035417 0.034375 0.058333
0 1.0 0.451562 0.066667 0.221875 0.133333
0 1.0 0.756250 0.876042 0.487500 0.247917
0 1.0 0.559375 0.070833 0.118750 0.100000
0 1.0 0.050781 0.080208 0.098437 0.102083
0 1.0 0.454688 0.923958 0.578125 0.152083
0 1.0 0.520312 0.068750 0.040625 0.070833
0 1.0 0.470313 0.064583 0.034375 0.066667
0 1.0 0.619531 0.076042 0.223438 0.122917
0 1.0 0.082031 0.142708 0.114062 0.264583
0 1.0 0.960156 0.075000 0.042188 0.108333
0 1.0 0.951562 0.033333 0.096875 0.066667
0 1.0 0.923438 0.085417 0.068750 0.170833
0 1.0 0.263281 0.070833 0.242188 0.108333
0 1.0 0.648438 0.122917 0.703125 0.245833
0 1.0 0.314063 0.072917 0.037500 0.058333
0 1.0 0.503125 0.070833 0.106250 0.087500
0 1.0 0.440625 0.096875 0.109375 0.193750
0 1.0 0.357812 0.127083 0.715625 0.254167
0 1.0 0.835156 0.921875 0.329688 0.156250
0 1.0 0.285938 0.904167 0.246875 0.191667
0 1.0 0.305469 0.929167 0.092188 0.104167
0 1.0 0.229687 0.920833 0.090625 0.158333
0 1.0 0.909375 0.816667 0.109375 0.187500
0 1.0 0.876563 0.863542 0.246875 0.143750
0 1.0 0.172656 0.914583 0.126562 0.133333
0 1.0 0.135937 0.909375 0.112500 0.181250
0 1.0 0.456250 0.925000 0.215625 0.116667
0 1.0 0.390625 0.904167 0.125000 0.191667
0 1.0 0.410938 0.892708 0.246875 0.214583
0 1.0 0.112500 0.896875 0.225000 0.206250
0 1.0 0.026562 0.930208 0.053125 0.139583
0 1.0 0.715625 0.882292 0.065625 0.081250
0 1.0 0.666406 0.858333 0.239063 0.245833
0 1.0 0.614844 0.845833 0.029687 0.066667
0 1.0 0.635156 0.875000 0.198437 0.104167
0 1.0 0.621094 0.861458 0.029687 0.060417
0 1.0 0.816406 0.838542 0.079687 0.156250
0 1.0 0.517969 0.871875 0.223438 0.097917
0 1.0 0.502344 0.843750 0.064062 0.125000
0 1.0 0.862500 0.872917 0.068750 0.091667
0 1.0 0.080469 0.911458 0.104688 0.177083
0 1.0 0.839063 0.841667 0.256250 0.275000
0 1.0 0.760938 0.879167 0.084375 0.191667
0 1.0 0.805469 0.878125 0.123438 0.127083
0 1.0 0.683594 0.883333 0.035937 0.070833
0 1.0 0.962500 0.830208 0.028125 0.056250
0 1.0 0.950000 0.857292 0.059375 0.089583
0 1.0 0.942969 0.914583 0.114062 0.145833
0 1.0 0.677344 0.911458 0.132812 0.139583
0 1.0 0.607031 0.932292 0.073438 0.135417
0 1.0 0.614844 0.917708 0.273438 0.143750
0 1.0 0.153125 0.959375 0.093750 0.064583
0 1.0 0.715625 0.897917 0.109375 0.204167
0 1.0 0.053125 0.947917 0.106250 0.104167
0 1.0 0.964063 0.922917 0.050000 0.129167
0 1.0 0.353906 0.926042 0.132812 0.127083
0 1.0 0.553125 0.919792 0.087500 0.160417
0 1.0 0.498437 0.894792 0.112500 0.210417
0 1.0 0.448437 0.901042 0.078125 0.177083
0 1.0 0.338281 0.919792 0.289062 0.114583
0 1.0 0.521875 0.816667 0.146875 0.104167
0 1.0 0.803125 0.813542 0.315625 0.143750
0 1.0 0.075781 0.876042 0.151562 0.089583
0 1.0 0.697656 0.831250 0.079687 0.087500
0 1.0 0.964063 0.837500 0.062500 0.162500
0 1.0 0.675781 0.819792 0.270313 0.110417
0 1.0 0.669531 0.825000 0.095312 0.204167
0 1.0 0.074219 0.882292 0.057813 0.072917
0 1.0 0.597656 0.821875 0.082812 0.081250
0 1.0 0.261719 0.830208 0.067187 0.081250
0 1.0 0.750781 0.832292 0.092188 0.102083
0 1.0 0.455469 0.821875 0.064062 0.077083
0 1.0 0.559375 0.839583 0.040625 0.091667
0 1.0 0.610156 0.881250 0.067187 0.070833
0 1.0 0.558594 0.845833 0.279687 0.275000
0 1.0 0.190625 0.883333 0.056250 0.137500
0 1.0 0.562500 0.870833 0.156250 0.162500
0 1.0 0.453906 0.794792 0.035937 0.085417
0 1.0 0.762500 0.869792 0.190625 0.231250
0 1.0 0.725781 0.863542 0.057813 0.147917
0 1.0 0.731250 0.879167 0.209375 0.112500
0 1.0 0.674219 0.869792 0.039062 0.089583
0 1.0 0.343750 0.852083 0.043750 0.095833
0 1.0 0.362500 0.876042 0.187500 0.085417
0 1.0 0.224219 0.857292 0.060937 0.147917
0 1.0 0.201563 0.880208 0.278125 0.118750
0 1.0 0.492188 0.881250 0.053125 0.066667
0 1.0 0.395313 0.836458 0.075000 0.156250
0 1.0 0.454688 0.878125 0.068750 0.081250
0 1.0 0.299219 0.887500 0.098437 0.125000
0 1.0 0.296094 0.870833 0.051562 0.116667
0 1.0 0.301563 0.893750 0.028125 0.041667
0 1.0 0.078906 0.235417 0.157812 0.112500
0 1.0 0.053906 0.239583 0.070312 0.095833
0 1.0 0.055469 0.234375 0.110937 0.235417
0 1.0 0.142187 0.247917 0.075000 0.254167
0 1.0 0.743750 0.228125 0.203125 0.456250
0 1.0 0.896875 0.181250 0.206250 0.125000
0 1.0 0.827344 0.179167 0.154688 0.100000
0 1.0 0.164844 0.238542 0.279687 0.135417
0 1.0 0.394531 0.252083 0.229687 0.329167
0 1.0 0.345313 0.307292 0.062500 0.185417
0 1.0 0.363281 0.237500 0.295312 0.112500
0 1.0 0.344531 0.248958 0.164062 0.193750
0 1.0 0.288281 0.294792 0.067187 0.202083
0 1.0 0.263281 0.260417 0.035937 0.058333
0 1.0 0.214844 0.244792 0.217188 0.347917
0 1.0 0.672656 0.179167 0.279687 0.133333
0 1.0 0.603125 0.202083 0.075000 0.212500
0 1.0 0.706250 0.210417 0.103125 0.258333
0 1.0 0.559375 0.271875 0.218750 0.543750
0 1.0 0.744531 0.248958 0.510938 0.227083
0 1.0 0.524219 0.179167 0.173437 0.087500
0 1.0 0.837500 0.148958 0.325000 0.214583
0 1.0 0.354687 0.251042 0.578125 0.227083
0 1.0 0.767188 0.181250 0.250000 0.175000
0 1.0 0.318750 0.959375 0.106250 0.081250
0 1.0 0.357812 0.960417 0.103125 0.079167
0 1.0 0.278906 0.962500 0.082812 0.062500
0 1.0 0.621094 0.962500 0.073438 0.054167
0 1.0 0.565625 0.957292 0.118750 0.085417
0 1.0 0.501563 0.946875 0.081250 0.106250
0 1.0 0.187500 0.940625 0.081250 0.118750
0 1.0 0.233594 0.961458 0.104688 0.064583
0 1.0 0.818750 0.945833 0.131250 0.108333
0 1.0 0.800000 0.959375 0.078125 0.056250
0 1.0 0.450781 0.955208 0.064062 0.089583
0 1.0 0.742969 0.951042 0.139063 0.097917
0 1.0 0.665625 0.940625 0.068750 0.118750
0 1.0 0.728906 0.960417 0.067187 0.058333
0 1.0 0.911719 0.877083 0.160938 0.245833
0 1.0 0.190625 0.947917 0.215625 0.104167
0 1.0 0.395313 0.952083 0.084375 0.095833
0 1.0 0.443750 0.964583 0.128125 0.070833
0 1.0 0.338281 0.964583 0.048438 0.050000
0 1.0 0.085156 0.960417 0.076563 0.058333
0 1.0 0.574219 0.238542 0.264062 0.106250
0 1.0 0.550781 0.282292 0.067187 0.147917
0 1.0 0.582812 0.244792 0.118750 0.102083
0 1.0 0.552344 0.242708 0.173437 0.193750
0 1.0 0.503125 0.270833 0.062500 0.237500
0 1.0 0.923438 0.948958 0.118750 0.102083
0 1.0 0.874219 0.921875 0.092188 0.156250
0 1.0 0.974219 0.954167 0.045312 0.091667
0 1.0 0.451562 0.280208 0.037500 0.135417
0 1.0 0.464844 0.241667 0.254688 0.100000
0 1.0 0.449219 0.260417 0.092188 0.204167
0 1.0 0.494531 0.250000 0.057813 0.070833
0 1.0 0.396094 0.255208 0.089063 0.310417
0 1.0 0.437500 0.246875 0.075000 0.089583
0 1.0 0.613281 0.244792 0.182812 0.214583
0 1.0 0.676562 0.962500 0.065625 0.054167
0 1.0 0.642969 0.955208 0.142187 0.089583
0 1.0 0.661719 0.254167 0.210938 0.329167
0 1.0 0.605469 0.285417 0.054688 0.170833
0 1.0 0.609375 0.281250 0.037500 0.104167
0 1.0 0.549219 0.648958 0.351562 0.393750
0 1.0 0.246094 0.805208 0.426563 0.389583
0 1.0 0.874219 0.644792 0.251563 0.710417
0 1.0 0.453125 0.202083 0.434375 0.404167
0 1.0 0.083594 0.311458 0.167187 0.622917
0 1.0 0.682031 0.338542 0.635938 0.677083
0 1.0 0.246094 0.464583 0.192188 0.600000
0 1.0 0.921875 0.301042 0.156250 0.602083
0 1.0 0.560156 0.448958 0.254688 0.518750
0 1.0 0.446875 0.338542 0.200000 0.518750
0 1.0 0.246875 0.832292 0.203125 0.335417