0 1.0 0.500000 0.516406 1.000000 0.879687
0 1.0 0.080208 0.601562 0.127083 0.334375
0 1.0 0.220833 0.601562 0.254167 0.112500
0 1.0 0.236458 0.607031 0.168750 0.314063
0 1.0 0.258333 0.605469 0.079167 0.089063
0 1.0 0.503125 0.617188 0.122917 0.193750
0 1.0 0.507292 0.596875 0.106250 0.078125
0 1.0 0.487500 0.604688 0.291667 0.246875
0 1.0 0.173958 0.604688 0.135417 0.303125
0 1.0 0.125000 0.607812 0.104167 0.306250
0 1.0 0.145833 0.600781 0.129167 0.123438
0 1.0 0.388542 0.628906 0.106250 0.201563
0 1.0 0.425000 0.596875 0.229167 0.087500
0 1.0 0.460417 0.603906 0.058333 0.054688
0 1.0 0.396875 0.607812 0.206250 0.193750
0 1.0 0.644792 0.607031 0.243750 0.285938
0 1.0 0.394792 0.601562 0.068750 0.062500
0 1.0 0.284375 0.610156 0.118750 0.264062
0 1.0 0.329167 0.608594 0.029167 0.045312
0 1.0 0.896875 0.544531 0.206250 0.317188
0 1.0 0.805208 0.553906 0.081250 0.076563
0 1.0 0.815625 0.557031 0.147917 0.123438
0 1.0 0.813542 0.554688 0.106250 0.315625
0 1.0 0.802083 0.551562 0.258333 0.175000
0 1.0 0.767708 0.567187 0.081250 0.178125
0 1.0 0.343750 0.635938 0.100000 0.190625
0 1.0 0.065625 0.598437 0.131250 0.093750
0 1.0 0.067708 0.600000 0.052083 0.075000
0 1.0 0.964583 0.624219 0.045833 0.126562
0 1.0 0.950000 0.553906 0.100000 0.107813
0 1.0 0.919792 0.610938 0.118750 0.334375
0 1.0 0.889583 0.607031 0.220833 0.135937
0 1.0 0.177083 0.660156 0.295833 0.132812
0 1.0 0.802083 0.609375 0.058333 0.065625
0 1.0 0.839583 0.612500 0.058333 0.068750
0 1.0 0.809375 0.607031 0.160417 0.139063
0 1.0 0.873958 0.594531 0.102083 0.232813
0 1.0 0.151042 0.661719 0.135417 0.129688
0 1.0 0.111458 0.660937 0.102083 0.112500
0 1.0 0.379167 0.660937 0.104167 0.093750
0 1.0 0.946875 0.617188 0.106250 0.150000
0 1.0 0.046875 0.644531 0.093750 0.314063
0 1.0 0.065625 0.660937 0.052083 0.075000
0 1.0 0.066667 0.657031 0.133333 0.092188
0 1.0 0.604167 0.597656 0.104167 0.107813
0 1.0 0.551042 0.594531 0.097917 0.232813
0 1.0 0.520833 0.595313 0.229167 0.106250
0 1.0 0.559375 0.597656 0.081250 0.076563
0 1.0 0.440625 0.629687 0.060417 0.106250
0 1.0 0.438542 0.617188 0.122917 0.143750
0 1.0 0.757292 0.595313 0.281250 0.306250
0 1.0 0.714583 0.617188 0.120833 0.300000
0 1.0 0.709375 0.598437 0.268750 0.125000
0 1.0 0.737500 0.600781 0.091667 0.098437
0 1.0 0.783333 0.496875 0.283333 0.134375
0 1.0 0.118750 0.548438 0.237500 0.140625
0 1.0 0.714583 0.517969 0.095833 0.232813
0 1.0 0.683333 0.500000 0.262500 0.143750
0 1.0 0.047917 0.551562 0.095833 0.118750
0 1.0 0.964583 0.567969 0.050000 0.145313
0 1.0 0.945833 0.496875 0.108333 0.106250
0 1.0 0.892708 0.498437 0.214583 0.121875
0 1.0 0.785417 0.500000 0.066667 0.075000
0 1.0 0.533333 0.507031 0.137500 0.064062
0 1.0 0.518750 0.539844 0.050000 0.070312
0 1.0 0.508333 0.501563 0.275000 0.231250
0 1.0 0.441667 0.564844 0.041667 0.067187
0 1.0 0.438542 0.537500 0.072917 0.075000
0 1.0 0.512500 0.513281 0.050000 0.048438
0 1.0 0.716667 0.507031 0.275000 0.270313
0 1.0 0.463542 0.512500 0.106250 0.084375
0 1.0 0.393750 0.542969 0.058333 0.110937
0 1.0 0.657292 0.549219 0.093750 0.192188
0 1.0 0.579167 0.503125 0.241667 0.103125
0 1.0 0.398958 0.506250 0.147917 0.121875
0 1.0 0.346875 0.530469 0.064583 0.132812
0 1.0 0.595833 0.533594 0.079167 0.142187
0 1.0 0.600000 0.508594 0.241667 0.251563
0 1.0 0.547917 0.552344 0.050000 0.089063
0 1.0 0.445833 0.595313 0.041667 0.065625
0 1.0 0.489583 0.541406 0.162500 0.082812
0 1.0 0.441667 0.582031 0.083333 0.089063
0 1.0 0.392708 0.583594 0.072917 0.132812
0 1.0 0.632292 0.542969 0.264583 0.135937
0 1.0 0.891667 0.551562 0.216667 0.131250
0 1.0 0.178125 0.557813 0.085417 0.237500
0 1.0 0.171875 0.558594 0.281250 0.279687
0 1.0 0.423958 0.538281 0.160417 0.104688
0 1.0 0.343750 0.576562 0.079167 0.153125
0 1.0 0.375000 0.541406 0.141667 0.079687
0 1.0 0.348958 0.537500 0.235417 0.125000
0 1.0 0.289583 0.542188 0.083333 0.190625
0 1.0 0.309375 0.539844 0.114583 0.107813
0 1.0 0.226042 0.546094 0.293750 0.135937
0 1.0 0.285417 0.768750 0.129167 0.237500
0 1.0 0.247917 0.770312 0.233333 0.115625
0 1.0 0.052083 0.765625 0.104167 0.193750
0 1.0 0.959375 0.759375 0.064583 0.250000
0 1.0 0.959375 0.709375 0.081250 0.100000
0 1.0 0.382292 0.502344 0.114583 0.064062
0 1.0 0.872917 0.710938 0.254167 0.128125
0 1.0 0.927083 0.717187 0.100000 0.115625
0 1.0 0.897917 0.725781 0.204167 0.367188
0 1.0 0.181250 0.783594 0.275000 0.310937
0 1.0 0.188542 0.775000 0.110417 0.165625
0 1.0 0.441667 0.764844 0.158333 0.210938
0 1.0 0.468750 0.766406 0.137500 0.110937
0 1.0 0.435417 0.755469 0.295833 0.279687
0 1.0 0.131250 0.765625 0.262500 0.131250
0 1.0 0.062500 0.763281 0.125000 0.079687
0 1.0 0.127083 0.772656 0.170833 0.226562
0 1.0 0.079167 0.762500 0.116667 0.353125
0 1.0 0.120833 0.772656 0.091667 0.101562
0 1.0 0.714583 0.710156 0.187500 0.235937
0 1.0 0.651042 0.700781 0.114583 0.407813
0 1.0 0.663542 0.711719 0.197917 0.101562
0 1.0 0.685417 0.715625 0.091667 0.096875
0 1.0 0.605208 0.690625 0.139583 0.365625
0 1.0 0.582292 0.712500 0.264583 0.121875
0 1.0 0.776042 0.715625 0.052083 0.062500
0 1.0 0.547917 0.709375 0.116667 0.340625
0 1.0 0.470833 0.715625 0.237500 0.109375
0 1.0 0.522917 0.723437 0.062500 0.071875
0 1.0 0.829167 0.723437 0.037500 0.062500
0 1.0 0.813542 0.709375 0.114583 0.365625
0 1.0 0.764583 0.709375 0.225000 0.103125
0 1.0 0.766667 0.725000 0.108333 0.243750
0 1.0 0.797917 0.717187 0.083333 0.090625
0 1.0 0.068750 0.770312 0.045833 0.065625
0 1.0 0.753125 0.718750 0.081250 0.087500
0 1.0 0.744792 0.775000 0.131250 0.121875
0 1.0 0.711458 0.778906 0.264583 0.323437
0 1.0 0.663542 0.768750 0.272917 0.115625
0 1.0 0.596875 0.771875 0.127083 0.131250
0 1.0 0.831250 0.778906 0.050000 0.082812
0 1.0 0.677083 0.774219 0.129167 0.120313
0 1.0 0.920833 0.770312 0.137500 0.143750
0 1.0 0.783333 0.767188 0.070833 0.081250
0 1.0 0.148958 0.813281 0.264583 0.132812
0 1.0 0.764583 0.777344 0.179167 0.210938
0 1.0 0.821875 0.778906 0.277083 0.323437
0 1.0 0.765625 0.764844 0.306250 0.135937
0 1.0 0.342708 0.765625 0.127083 0.212500
0 1.0 0.363542 0.766406 0.264583 0.117188
0 1.0 0.596875 0.757031 0.239583 0.367188
0 1.0 0.488542 0.770312 0.306250 0.121875
0 1.0 0.298958 0.780469 0.043750 0.067187
0 1.0 0.277083 0.767188 0.266667 0.290625
0 1.0 0.245833 0.776563 0.091667 0.103125
0 1.0 0.533333 0.777344 0.083333 0.092188
0 1.0 0.504167 0.765625 0.129167 0.275000
0 1.0 0.388542 0.750000 0.127083 0.215625
0 1.0 0.609375 0.659375 0.102083 0.121875
0 1.0 0.552083 0.664062 0.087500 0.093750
0 1.0 0.508333 0.657031 0.279167 0.123438
0 1.0 0.809375 0.659375 0.143750 0.140625
0 1.0 0.821875 0.659375 0.252083 0.340625
0 1.0 0.059375 0.714063 0.118750 0.078125
0 1.0 0.766667 0.660937 0.158333 0.203125
0 1.0 0.718750 0.659375 0.216667 0.112500
0 1.0 0.750000 0.662500 0.075000 0.093750
0 1.0 0.669792 0.657031 0.097917 0.107813
0 1.0 0.306250 0.669531 0.029167 0.054688
0 1.0 0.258333 0.665625 0.075000 0.096875
0 1.0 0.797917 0.666406 0.091667 0.098437
0 1.0 0.444792 0.670312 0.093750 0.184375
0 1.0 0.347917 0.662500 0.191667 0.196875
0 1.0 0.394792 0.722656 0.102083 0.085938
0 1.0 0.614583 0.718750 0.087500 0.103125
0 1.0 0.281250 0.724219 0.216667 0.101562
0 1.0 0.336458 0.736719 0.031250 0.051562
0 1.0 0.263542 0.730469 0.064583 0.079687
0 1.0 0.170833 0.717187 0.241667 0.118750
0 1.0 0.462500 0.715625 0.112500 0.096875
0 1.0 0.429167 0.721094 0.079167 0.076563
0 1.0 0.381250 0.716406 0.208333 0.098437
0 1.0 0.959375 0.655469 0.081250 0.098437
0 1.0 0.903125 0.657813 0.193750 0.121875
0 1.0 0.805208 0.661719 0.047917 0.060937
0 1.0 0.838542 0.663281 0.060417 0.073438
0 1.0 0.147917 0.722656 0.116667 0.110937
0 1.0 0.063542 0.718750 0.052083 0.065625
0 1.0 0.661458 0.310937 0.072917 0.212500
0 1.0 0.687500 0.285938 0.133333 0.084375
0 1.0 0.670833 0.289062 0.037500 0.096875
0 1.0 0.675000 0.287500 0.216667 0.134375
0 1.0 0.656250 0.285938 0.225000 0.290625
0 1.0 0.601042 0.285156 0.172917 0.098437
0 1.0 0.788542 0.293750 0.060417 0.065625
0 1.0 0.865625 0.268750 0.060417 0.150000
0 1.0 0.596875 0.287500 0.160417 0.231250
0 1.0 0.555208 0.282813 0.147917 0.321875
0 1.0 0.533333 0.279687 0.216667 0.121875
0 1.0 0.514583 0.291406 0.295833 0.360938
0 1.0 0.865625 0.278906 0.110417 0.317188
0 1.0 0.864583 0.274219 0.233333 0.342187
0 1.0 0.813542 0.307812 0.077083 0.193750
0 1.0 0.783333 0.292187 0.150000 0.103125
0 1.0 0.818750 0.298438 0.037500 0.087500
0 1.0 0.768750 0.332813 0.087500 0.190625
0 1.0 0.777083 0.317188 0.041667 0.078125
0 1.0 0.759375 0.292969 0.235417 0.151562
0 1.0 0.030208 0.361719 0.060417 0.126562
0 1.0 0.037500 0.353906 0.062500 0.067187
0 1.0 0.071875 0.325000 0.143750 0.256250
0 1.0 0.725000 0.299219 0.041667 0.076563
0 1.0 0.343750 0.283594 0.162500 0.351562
0 1.0 0.194792 0.292187 0.068750 0.168750
0 1.0 0.177083 0.238281 0.283333 0.135937
0 1.0 0.166667 0.259375 0.241667 0.306250
0 1.0 0.490625 0.298438 0.118750 0.268750
0 1.0 0.136458 0.249219 0.122917 0.220312
0 1.0 0.064583 0.235937 0.112500 0.328125
0 1.0 0.713542 0.310937 0.089583 0.178125
0 1.0 0.437500 0.310937 0.108333 0.225000
0 1.0 0.313542 0.283594 0.097917 0.092188
0 1.0 0.482292 0.290625 0.072917 0.121875
0 1.0 0.371875 0.279687 0.272917 0.143750
0 1.0 0.511458 0.286719 0.064583 0.089063
0 1.0 0.384375 0.335938 0.177083 0.240625
0 1.0 0.263542 0.342969 0.202083 0.123438
0 1.0 0.557292 0.357031 0.081250 0.192188
0 1.0 0.300000 0.359375 0.091667 0.156250
0 1.0 0.234375 0.372656 0.093750 0.173437
0 1.0 0.211458 0.328906 0.256250 0.270313
0 1.0 0.538542 0.338281 0.268750 0.160938
0 1.0 0.497917 0.371875 0.066667 0.184375
0 1.0 0.487500 0.342969 0.154167 0.120313
0 1.0 0.717708 0.378906 0.068750 0.129688
0 1.0 0.731250 0.342187 0.275000 0.118750
0 1.0 0.414583 0.341406 0.300000 0.151562
0 1.0 0.439583 0.363281 0.045833 0.098437
0 1.0 0.965625 0.298438 0.043750 0.140625
0 1.0 0.962500 0.290625 0.075000 0.090625
0 1.0 0.927083 0.277344 0.145833 0.295312
0 1.0 0.891667 0.292969 0.212500 0.117188
0 1.0 0.195833 0.357812 0.108333 0.137500
0 1.0 0.130208 0.385156 0.081250 0.139063
0 1.0 0.197917 0.385156 0.058333 0.104688
0 1.0 0.161458 0.346094 0.293750 0.151562
0 1.0 0.072917 0.388281 0.070833 0.135937
0 1.0 0.146875 0.347656 0.164583 0.098437
0 1.0 0.438542 0.235937 0.156250 0.231250
0 1.0 0.415625 0.228906 0.347917 0.151562
0 1.0 0.277083 0.257812 0.087500 0.228125
0 1.0 0.582292 0.229687 0.272917 0.128125
0 1.0 0.438542 0.232813 0.089583 0.181250
0 1.0 0.072917 0.028125 0.066667 0.056250
0 1.0 0.031250 0.056250 0.062500 0.112500
0 1.0 0.070833 0.076563 0.141667 0.153125
0 1.0 0.258333 0.248438 0.045833 0.081250
0 1.0 0.234375 0.295312 0.093750 0.228125
0 1.0 0.130208 0.048438 0.185417 0.096875
0 1.0 0.135417 0.085156 0.237500 0.170313
0 1.0 0.078125 0.078906 0.060417 0.110937
0 1.0 0.121875 0.032813 0.093750 0.065625
0 1.0 0.136458 0.066406 0.081250 0.117188
0 1.0 0.137500 0.326562 0.104167 0.184375
0 1.0 0.165625 0.286719 0.168750 0.110937
0 1.0 0.151042 0.318750 0.052083 0.087500
0 1.0 0.060417 0.314063 0.083333 0.171875
0 1.0 0.067708 0.296094 0.031250 0.060937
0 1.0 0.059375 0.290625 0.068750 0.056250
0 1.0 0.967708 0.239063 0.064583 0.250000
0 1.0 0.251042 0.285938 0.197917 0.115625
0 1.0 0.210417 0.316406 0.045833 0.089063
0 1.0 0.233333 0.339844 0.050000 0.110937
0 1.0 0.815625 0.234375 0.172917 0.221875
0 1.0 0.770833 0.233594 0.245833 0.123438
0 1.0 0.771875 0.260937 0.072917 0.153125
0 1.0 0.768750 0.245312 0.245833 0.318750
0 1.0 0.945833 0.234375 0.108333 0.106250
0 1.0 0.718750 0.259375 0.075000 0.153125
0 1.0 0.714583 0.245312 0.175000 0.203125
0 1.0 0.660417 0.248438 0.100000 0.293750
0 1.0 0.669792 0.250781 0.068750 0.170313
0 1.0 0.882292 0.236719 0.235417 0.126562
0 1.0 0.777083 0.237500 0.120833 0.090625
0 1.0 0.523958 0.467969 0.031250 0.035937
0 1.0 0.438542 0.503125 0.039583 0.050000
0 1.0 0.477083 0.473438 0.133333 0.068750
0 1.0 0.460417 0.436719 0.270833 0.242188
0 1.0 0.482292 0.493750 0.052083 0.059375
0 1.0 0.723958 0.457813 0.152083 0.134375
0 1.0 0.655208 0.500000 0.060417 0.103125
0 1.0 0.406250 0.480469 0.087500 0.089063
0 1.0 0.350000 0.490625 0.045833 0.081250
0 1.0 0.318750 0.463281 0.025000 0.032813
0 1.0 0.284375 0.463281 0.164583 0.073438
0 1.0 0.341667 0.430469 0.237500 0.251563
0 1.0 0.366667 0.486719 0.050000 0.067187
0 1.0 0.295833 0.458594 0.066667 0.117188
0 1.0 0.664583 0.473438 0.112500 0.093750
0 1.0 0.594792 0.490625 0.056250 0.093750
0 1.0 0.629167 0.462500 0.083333 0.059375
0 1.0 0.595833 0.465625 0.212500 0.100000
0 1.0 0.554167 0.521094 0.037500 0.054688
0 1.0 0.585417 0.464844 0.062500 0.045312
0 1.0 0.440625 0.502344 0.022917 0.035937
0 1.0 0.809375 0.489844 0.060417 0.132812
0 1.0 0.566667 0.497656 0.070833 0.064062
0 1.0 0.519792 0.527344 0.027083 0.051562
0 1.0 0.523958 0.464062 0.093750 0.053125
0 1.0 0.527083 0.525781 0.025000 0.039062
0 1.0 0.516667 0.493750 0.075000 0.071875
0 1.0 0.395833 0.502344 0.050000 0.070312
0 1.0 0.139583 0.445312 0.150000 0.118750
0 1.0 0.075000 0.484375 0.083333 0.153125
0 1.0 0.156250 0.438281 0.062500 0.042188
0 1.0 0.116667 0.448437 0.233333 0.246875
0 1.0 0.027083 0.461719 0.050000 0.126562
0 1.0 0.043750 0.435937 0.075000 0.056250
0 1.0 0.314583 0.474219 0.041667 0.060937
0 1.0 0.238542 0.437500 0.106250 0.178125
0 1.0 0.940625 0.399219 0.118750 0.132812
0 1.0 0.925000 0.405469 0.150000 0.279687
0 1.0 0.079167 0.440625 0.020833 0.028125
0 1.0 0.244792 0.441406 0.102083 0.054688
0 1.0 0.238542 0.437500 0.227083 0.087500
0 1.0 0.219792 0.430469 0.264583 0.242188
0 1.0 0.428125 0.464062 0.168750 0.075000
0 1.0 0.187500 0.439844 0.070833 0.148438
0 1.0 0.207292 0.446875 0.068750 0.075000
0 1.0 0.130208 0.475000 0.081250 0.162500
0 1.0 0.183333 0.496094 0.175000 0.176563
0 1.0 0.441667 0.508594 0.079167 0.057813
0 1.0 0.405208 0.496875 0.260417 0.234375
0 1.0 0.113542 0.492969 0.227083 0.104688
0 1.0 0.050000 0.492969 0.100000 0.070312
0 1.0 0.307292 0.499219 0.139583 0.067187
0 1.0 0.291667 0.483594 0.129167 0.201563
0 1.0 0.332292 0.498437 0.068750 0.059375
0 1.0 0.279167 0.486719 0.237500 0.251563
0 1.0 0.512500 0.564844 0.045833 0.085938
0 1.0 0.247917 0.491406 0.187500 0.107813
0 1.0 0.809375 0.458594 0.260417 0.295312
0 1.0 0.821875 0.460938 0.147917 0.175000
0 1.0 0.773958 0.493750 0.077083 0.175000
0 1.0 0.773958 0.450000 0.197917 0.100000
0 1.0 0.966667 0.506250 0.045833 0.128125
0 1.0 0.725000 0.469531 0.054167 0.082812
0 1.0 0.936458 0.452344 0.127083 0.139063
0 1.0 0.966667 0.446875 0.066667 0.087500
0 1.0 0.870833 0.471875 0.120833 0.284375
0 1.0 0.779167 0.452344 0.033333 0.051562
0 1.0 0.088542 0.395313 0.177083 0.146875
0 1.0 0.053125 0.402344 0.106250 0.067187
0 1.0 0.035417 0.417187 0.070833 0.118750
0 1.0 0.295833 0.419531 0.091667 0.129688
0 1.0 0.948958 0.344531 0.102083 0.101562
0 1.0 0.962500 0.367188 0.050000 0.103125
0 1.0 0.894792 0.346875 0.210417 0.128125
0 1.0 0.183333 0.392188 0.316667 0.125000
0 1.0 0.453125 0.415625 0.160417 0.156250
0 1.0 0.388542 0.447656 0.064583 0.135937
0 1.0 0.723958 0.336719 0.218750 0.276562
0 1.0 0.658333 0.385156 0.050000 0.120313
0 1.0 0.658333 0.346094 0.150000 0.164062
0 1.0 0.597917 0.341406 0.100000 0.245312
0 1.0 0.792708 0.346875 0.102083 0.093750
0 1.0 0.808333 0.371875 0.075000 0.187500
0 1.0 0.807292 0.343750 0.243750 0.284375
0 1.0 0.770833 0.389844 0.066667 0.117188
0 1.0 0.776042 0.435156 0.056250 0.101562
0 1.0 0.754167 0.401562 0.245833 0.159375
0 1.0 0.651042 0.457031 0.064583 0.101562
0 1.0 0.676042 0.399219 0.268750 0.104688
0 1.0 0.658333 0.457031 0.045833 0.060937
0 1.0 0.595833 0.425000 0.091667 0.153125
0 1.0 0.808333 0.437500 0.062500 0.134375
0 1.0 0.769792 0.434375 0.089583 0.175000
0 1.0 0.341667 0.428125 0.075000 0.153125
0 1.0 0.312500 0.400000 0.275000 0.125000
0 1.0 0.598958 0.403125 0.218750 0.143750
0 1.0 0.556250 0.465625 0.054167 0.090625
0 1.0 0.587500 0.367969 0.237500 0.307812
0 1.0 0.510417 0.471875 0.037500 0.084375
0 1.0 0.442708 0.471875 0.043750 0.081250
0 1.0 0.727083 0.436719 0.058333 0.085938
0 1.0 0.433333 0.642188 0.529167 0.256250
0 1.0 0.916667 0.101562 0.166667 0.203125
0 1.0 0.709375 0.071094 0.327083 0.142187
0 1.0 0.842708 0.074219 0.289583 0.148438
0 1.0 0.816667 0.117969 0.133333 0.235937
0 1.0 0.545833 0.682031 0.466667 0.482812
0 1.0 0.738542 0.647656 0.510417 0.257812
0 1.0 0.741667 0.682031 0.404167 0.520312
0 1.0 0.732292 0.549219 0.518750 0.229687
0 1.0 0.241667 0.671094 0.433333 0.476562
0 1.0 0.209375 0.642188 0.418750 0.234375
0 1.0 0.297917 0.131250 0.266667 0.256250
0 1.0 0.306250 0.134375 0.137500 0.140625
0 1.0 0.235417 0.171875 0.104167 0.212500
0 1.0 0.532292 0.550781 0.610417 0.210938
0 1.0 0.253125 0.130469 0.127083 0.101562
0 1.0 0.184375 0.158594 0.102083 0.220312
0 1.0 0.180208 0.123438 0.272917 0.128125
0 1.0 0.040625 0.158594 0.081250 0.317188
0 1.0 0.060417 0.125781 0.120833 0.085938
0 1.0 0.961458 0.115625 0.056250 0.175000
0 1.0 0.129167 0.143750 0.133333 0.268750
0 1.0 0.845833 0.564844 0.200000 0.704688
0 1.0 0.664583 0.772656 0.579167 0.267188
0 1.0 0.556250 0.095312 0.295833 0.190625
0 1.0 0.501042 0.089844 0.102083 0.179688
0 1.0 0.710417 0.121875 0.125000 0.243750
0 1.0 0.598958 0.096875 0.131250 0.193750
0 1.0 0.553125 0.106250 0.093750 0.187500
0 1.0 0.446875 0.100000 0.081250 0.159375
0 1.0 0.465625 0.075000 0.306250 0.150000
0 1.0 0.391667 0.100781 0.137500 0.201563
0 1.0 0.437500 0.823438 0.466667 0.331250
0 1.0 0.290625 0.843750 0.581250 0.196875
0 1.0 0.655208 0.103125 0.160417 0.206250
0 1.0 0.761458 0.115625 0.131250 0.231250
0 1.0 0.727083 0.347656 0.529167 0.235937
0 1.0 0.744792 0.313281 0.389583 0.529687
0 1.0 0.110417 0.178125 0.187500 0.143750
0 1.0 0.170833 0.446094 0.341667 0.467187
0 1.0 0.441667 0.369531 0.412500 0.579688
0 1.0 0.375000 0.450781 0.633333 0.210938
0 1.0 0.380208 0.328125 0.510417 0.287500
0 1.0 0.193750 0.196094 0.033333 0.064062
0 1.0 0.134375 0.182812 0.118750 0.087500
0 1.0 0.053125 0.182031 0.089583 0.067187
0 1.0 0.478125 0.127344 0.181250 0.089063
0 1.0 0.445833 0.117969 0.154167 0.207813
0 1.0 0.486458 0.126562 0.093750 0.071875
0 1.0 0.403125 0.126562 0.260417 0.103125
0 1.0 0.408333 0.126562 0.125000 0.090625
0 1.0 0.281250 0.174219 0.075000 0.151562
0 1.0 0.296875 0.139063 0.052083 0.053125
0 1.0 0.781250 0.116406 0.333333 0.151562
0 1.0 0.763542 0.438281 0.235417 0.610938
0 1.0 0.737500 0.456250 0.525000 0.228125
0 1.0 0.659375 0.119531 0.322917 0.142187
0 1.0 0.553125 0.060156 0.160417 0.120313
0 1.0 0.305208 0.088281 0.177083 0.160938
0 1.0 0.492708 0.034375 0.085417 0.068750
0 1.0 0.452083 0.069531 0.045833 0.095312
0 1.0 0.457292 0.060156 0.122917 0.120313
0 1.0 0.409375 0.040625 0.239583 0.081250
0 1.0 0.346875 0.081250 0.077083 0.140625
0 1.0 0.616667 0.279687 0.758333 0.390625
0 1.0 0.662500 0.492969 0.620833 0.414062
0 1.0 0.314583 0.484375 0.412500 0.862500
0 1.0 0.132292 0.646875 0.264583 0.706250
0 1.0 0.517708 0.784375 0.964583 0.421875
0 1.0 0.234375 0.068750 0.077083 0.137500
0 1.0 0.247917 0.036719 0.204167 0.073438
0 1.0 0.182292 0.066406 0.106250 0.132812
0 1.0 0.342708 0.489844 0.685417 0.435937
0 1.0 0.347917 0.032813 0.070833 0.065625
0 1.0 0.290625 0.075781 0.052083 0.104688
0 1.0 0.633333 0.878906 0.733333 0.242188
0 1.0 0.341667 0.186719 0.683333 0.373437
0 1.0 0.962500 0.066406 0.037500 0.089063
0 1.0 0.939583 0.035156 0.120833 0.070312
0 1.0 0.227083 0.922656 0.454167 0.154688
0 1.0 0.460417 0.920312 0.633333 0.159375
0 1.0 0.877083 0.063281 0.070833 0.110937
0 1.0 0.858333 0.033594 0.145833 0.067187
0 1.0 0.295833 0.086719 0.116667 0.101562
0 1.0 0.732292 0.840625 0.439583 0.203125
0 1.0 0.237500 0.089844 0.204167 0.179688
0 1.0 0.230208 0.283594 0.460417 0.385937
0 1.0 0.730208 0.120313 0.539583 0.240625
0 1.0 0.706250 0.052344 0.150000 0.104688
0 1.0 0.659375 0.068750 0.089583 0.137500
0 1.0 0.818750 0.057813 0.075000 0.115625
0 1.0 0.660417 0.034375 0.191667 0.068750
0 1.0 0.759375 0.059375 0.072917 0.118750
0 1.0 0.773958 0.036719 0.289583 0.073438
0 1.0 0.601042 0.072656 0.072917 0.132812
0 1.0 0.825000 0.922656 0.350000 0.154688
0 1.0 0.081250 0.885938 0.120833 0.228125
0 1.0 0.821875 0.883594 0.235417 0.167187
0 1.0 0.770833 0.852344 0.058333 0.092188
0 1.0 0.717708 0.864844 0.052083 0.079687
0 1.0 0.729167 0.880469 0.041667 0.060937
0 1.0 0.737500 0.882031 0.270833 0.142187
0 1.0 0.948958 0.888281 0.060417 0.135937
0 1.0 0.925000 0.880469 0.150000 0.164062
0 1.0 0.960417 0.873437 0.033333 0.096875
0 1.0 0.235417 0.887500 0.129167 0.225000
0 1.0 0.132292 0.905469 0.164583 0.167187
0 1.0 0.894792 0.843750 0.206250 0.265625
0 1.0 0.885417 0.871094 0.083333 0.126562
0 1.0 0.854167 0.886719 0.120833 0.114062
0 1.0 0.508333 0.887500 0.204167 0.178125
0 1.0 0.445833 0.833594 0.025000 0.042188
0 1.0 0.461458 0.875000 0.327083 0.109375
0 1.0 0.447917 0.862500 0.062500 0.081250
0 1.0 0.486458 0.886719 0.122917 0.089063
0 1.0 0.661458 0.905469 0.043750 0.070312
0 1.0 0.437500 0.882031 0.120833 0.095312
0 1.0 0.395833 0.871094 0.208333 0.192188
0 1.0 0.351042 0.799219 0.047917 0.089063
0 1.0 0.350000 0.824219 0.070833 0.107813
0 1.0 0.651042 0.883594 0.189583 0.170313
0 1.0 0.614583 0.902344 0.050000 0.085938
0 1.0 0.821875 0.855469 0.056250 0.082812
0 1.0 0.828125 0.882812 0.052083 0.068750
0 1.0 0.506250 0.852344 0.041667 0.070312
0 1.0 0.554167 0.864844 0.045833 0.079687
0 1.0 0.438542 0.925000 0.093750 0.150000
0 1.0 0.054167 0.924219 0.108333 0.142187
0 1.0 0.412500 0.920312 0.345833 0.112500
0 1.0 0.654167 0.927344 0.100000 0.145313
0 1.0 0.682292 0.921875 0.322917 0.109375
0 1.0 0.339583 0.896094 0.116667 0.207813
0 1.0 0.608333 0.923438 0.108333 0.153125
0 1.0 0.190625 0.907813 0.147917 0.150000
0 1.0 0.288542 0.894531 0.118750 0.210938
0 1.0 0.281250 0.914844 0.220833 0.129688
0 1.0 0.558333 0.921875 0.158333 0.137500
0 1.0 0.421875 0.805469 0.372917 0.120313
0 1.0 0.437500 0.807813 0.133333 0.100000
0 1.0 0.293750 0.826562 0.050000 0.100000
0 1.0 0.347917 0.821875 0.275000 0.246875
0 1.0 0.548958 0.825000 0.131250 0.300000
0 1.0 0.604167 0.821094 0.154167 0.135937
0 1.0 0.820833 0.825000 0.133333 0.259375
0 1.0 0.541667 0.824219 0.104167 0.098437
0 1.0 0.718750 0.819531 0.125000 0.204687
0 1.0 0.439583 0.824219 0.104167 0.217188
0 1.0 0.122917 0.818750 0.116667 0.128125
0 1.0 0.065625 0.813281 0.131250 0.085938
0 1.0 0.068750 0.818750 0.058333 0.078125
0 1.0 0.247917 0.816406 0.145833 0.123438
0 1.0 0.178125 0.822656 0.152083 0.282813
0 1.0 0.407292 0.832031 0.068750 0.107813
0 1.0 0.088542 0.842969 0.077083 0.201563
0 1.0 0.108333 0.846094 0.216667 0.270313
0 1.0 0.060417 0.869531 0.120833 0.089063
0 1.0 0.033333 0.875000 0.066667 0.150000
0 1.0 0.238542 0.833594 0.072917 0.151562
0 1.0 0.937500 0.821094 0.125000 0.151562
0 1.0 0.238542 0.871094 0.306250 0.135937
0 1.0 0.270833 0.878906 0.091667 0.098437
0 1.0 0.557292 0.890625 0.077083 0.106250
0 1.0 0.404167 0.798438 0.041667 0.075000
0 1.0 0.184375 0.836719 0.064583 0.151562
0 1.0 0.962500 0.846094 0.058333 0.232813
0 1.0 0.653125 0.830469 0.114583 0.289062
0 1.0 0.608333 0.825000 0.133333 0.300000
0 1.0 0.792708 0.825781 0.139583 0.107813
0 1.0 0.841667 0.835156 0.062500 0.089063
0 1.0 0.659375 0.155469 0.256250 0.295312
0 1.0 0.664583 0.174219 0.158333 0.189062
0 1.0 0.591667 0.184375 0.245833 0.125000
0 1.0 0.552083 0.174219 0.116667 0.245312
0 1.0 0.768750 0.175000 0.183333 0.218750
0 1.0 0.715625 0.187500 0.285417 0.125000
0 1.0 0.471875 0.185156 0.268750 0.160938
0 1.0 0.489583 0.180469 0.108333 0.245312
0 1.0 0.459375 0.149219 0.527083 0.242188
0 1.0 0.348958 0.210938 0.260417 0.421875
0 1.0 0.251042 0.223438 0.239583 0.446875
0 1.0 0.876042 0.181250 0.247917 0.134375
0 1.0 0.273958 0.078125 0.547917 0.156250
0 1.0 0.887500 0.164844 0.225000 0.317188
0 1.0 0.944792 0.172656 0.110417 0.195312
0 1.0 0.340625 0.184375 0.110417 0.090625
0 1.0 0.511458 0.187500 0.127083 0.100000
0 1.0 0.321875 0.199219 0.039583 0.070312
0 1.0 0.247917 0.182031 0.204167 0.104688
0 1.0 0.345833 0.186719 0.120833 0.254688
0 1.0 0.391667 0.174219 0.170833 0.192188
0 1.0 0.247917 0.953125 0.120833 0.093750
0 1.0 0.248958 0.963281 0.072917 0.051562
0 1.0 0.201042 0.957031 0.093750 0.085938
0 1.0 0.133333 0.932813 0.087500 0.134375
0 1.0 0.410417 0.960938 0.100000 0.078125
0 1.0 0.342708 0.942969 0.085417 0.114062
0 1.0 0.198958 0.964063 0.064583 0.050000
0 1.0 0.442708 0.960156 0.085417 0.064062
0 1.0 0.664583 0.950781 0.204167 0.098437
0 1.0 0.397917 0.964844 0.050000 0.042188
0 1.0 0.368750 0.957812 0.116667 0.075000
0 1.0 0.507292 0.937500 0.122917 0.125000
0 1.0 0.310417 0.964063 0.066667 0.050000
0 1.0 0.282292 0.962500 0.068750 0.050000
0 1.0 0.570833 0.955469 0.058333 0.048438
0 1.0 0.291667 0.939063 0.083333 0.121875
0 1.0 0.146875 0.964844 0.077083 0.054688
0 1.0 0.090625 0.950781 0.122917 0.098437
0 1.0 0.761458 0.907031 0.127083 0.185938
0 1.0 0.712500 0.910156 0.125000 0.179688
0 1.0 0.031250 0.944531 0.062500 0.110937
0 1.0 0.071875 0.965625 0.052083 0.046875
0 1.0 0.053125 0.964063 0.072917 0.062500
0 1.0 0.966667 0.917969 0.062500 0.164062
0 1.0 0.914583 0.954688 0.158333 0.090625
0 1.0 0.873958 0.927344 0.110417 0.145313
0 1.0 0.877083 0.954688 0.087500 0.059375
0 1.0 0.836458 0.950000 0.227083 0.100000
0 1.0 0.755208 0.950781 0.168750 0.089063
0 1.0 0.822917 0.933594 0.100000 0.132812
0 1.0 0.063542 0.238281 0.127083 0.092188
0 1.0 0.622917 0.956250 0.054167 0.050000
0 1.0 0.550000 0.949219 0.104167 0.079687
0 1.0 0.523958 0.960938 0.052083 0.043750
0 1.0 0.502083 0.956250 0.087500 0.065625
0 1.0 0.703125 0.958594 0.081250 0.057813
0 1.0 0.666667 0.958594 0.066667 0.054688
0 1.0 0.926042 0.922656 0.102083 0.154688
0 1.0 0.354167 0.732812 0.229167 0.518750
0 1.0 0.448958 0.855469 0.210417 0.289062
0 1.0 0.244792 0.856250 0.252083 0.287500
0 1.0 0.088542 0.234375 0.177083 0.468750
0 1.0 0.661458 0.436719 0.243750 0.507812
0 1.0 0.546875 0.570312 0.210417 0.600000
0 1.0 0.454167 0.532813 0.233333 0.600000
0 1.0 0.348958 0.527344 0.218750 0.557813
0 1.0 0.072917 0.449219 0.145833 0.632812
0 1.0 0.865625 0.340625 0.268750 0.681250