0 1.0 0.500000 0.461358 1.000000 0.669789
0 1.0 0.442969 0.706089 0.204687 0.386417
0 1.0 0.241406 0.819672 0.151562 0.238876
0 1.0 0.084375 0.749415 0.125000 0.407494
0 1.0 0.439844 0.277518 0.857812 0.470726
0 1.0 0.276562 0.809133 0.137500 0.166276
0 1.0 0.785156 0.538642 0.298438 0.135831
0 1.0 0.346875 0.542155 0.134375 0.156909
0 1.0 0.296875 0.531616 0.053125 0.070258
0 1.0 0.278125 0.567916 0.071875 0.170960
0 1.0 0.710938 0.523419 0.078125 0.175644
0 1.0 0.557031 0.542155 0.120313 0.208431
0 1.0 0.251563 0.531616 0.346875 0.121780
0 1.0 0.946094 0.549180 0.060937 0.133489
0 1.0 0.945312 0.548009 0.109375 0.163934
0 1.0 0.775781 0.533958 0.076563 0.131148
0 1.0 0.527344 0.533958 0.189062 0.117096
0 1.0 0.664844 0.530445 0.270313 0.231850
0 1.0 0.508594 0.542155 0.264062 0.283372
0 1.0 0.446875 0.570258 0.065625 0.175644
0 1.0 0.607812 0.545667 0.075000 0.149883
0 1.0 0.512500 0.538642 0.068750 0.074941
0 1.0 0.464062 0.538642 0.112500 0.140515
0 1.0 0.667188 0.544496 0.068750 0.133489
0 1.0 0.691406 0.543326 0.214062 0.103044
0 1.0 0.442188 0.540984 0.131250 0.229508
0 1.0 0.879687 0.543326 0.209375 0.117096
0 1.0 0.914062 0.530445 0.128125 0.245902
0 1.0 0.607812 0.543326 0.156250 0.173302
0 1.0 0.817187 0.536300 0.087500 0.177986
0 1.0 0.348438 0.539813 0.284375 0.236534
0 1.0 0.203906 0.598361 0.245312 0.110070
0 1.0 0.279687 0.619438 0.115625 0.269321
0 1.0 0.278906 0.600703 0.029687 0.053864
0 1.0 0.282031 0.611241 0.270313 0.266979
0 1.0 0.492969 0.639344 0.095312 0.299766
0 1.0 0.517188 0.600703 0.087500 0.096019
0 1.0 0.179688 0.637002 0.128125 0.281030
0 1.0 0.178906 0.617096 0.285938 0.306792
0 1.0 0.124219 0.663934 0.070312 0.236534
0 1.0 0.127344 0.605386 0.254688 0.147541
0 1.0 0.489844 0.600703 0.270313 0.119438
0 1.0 0.762500 0.587822 0.300000 0.117096
0 1.0 0.772656 0.576112 0.104688 0.182670
0 1.0 0.496094 0.597190 0.170313 0.196721
0 1.0 0.449219 0.658080 0.076563 0.224824
0 1.0 0.525000 0.603044 0.031250 0.067916
0 1.0 0.344531 0.603044 0.170313 0.203747
0 1.0 0.660156 0.583138 0.095312 0.224824
0 1.0 0.682813 0.587822 0.128125 0.103044
0 1.0 0.369531 0.596019 0.076563 0.086651
0 1.0 0.389062 0.621780 0.090625 0.274005
0 1.0 0.877344 0.526932 0.082812 0.192037
0 1.0 0.801562 0.539813 0.043750 0.063232
0 1.0 0.841406 0.531616 0.260937 0.234192
0 1.0 0.132031 0.608899 0.042188 0.079625
0 1.0 0.085938 0.646370 0.171875 0.323185
0 1.0 0.135937 0.610070 0.090625 0.110070
0 1.0 0.475781 0.606557 0.035937 0.065574
0 1.0 0.399219 0.618267 0.251563 0.281030
0 1.0 0.240625 0.605386 0.084375 0.091335
0 1.0 0.050781 0.598361 0.101562 0.110070
0 1.0 0.046094 0.617096 0.092188 0.250585
0 1.0 0.066406 0.604215 0.032813 0.084309
0 1.0 0.242188 0.632319 0.081250 0.262295
0 1.0 0.722656 0.495316 0.160938 0.156909
0 1.0 0.691406 0.491803 0.385937 0.117096
0 1.0 0.417187 0.495316 0.096875 0.128806
0 1.0 0.339062 0.517564 0.075000 0.159251
0 1.0 0.328906 0.502342 0.235937 0.110070
0 1.0 0.575781 0.485948 0.285938 0.217799
0 1.0 0.549219 0.489461 0.142187 0.084309
0 1.0 0.733594 0.477752 0.329688 0.229508
0 1.0 0.522656 0.487119 0.220312 0.131148
0 1.0 0.499219 0.502342 0.092188 0.161593
0 1.0 0.106250 0.498829 0.212500 0.248244
0 1.0 0.107031 0.512881 0.095312 0.145199
0 1.0 0.035156 0.557377 0.060937 0.159251
0 1.0 0.091406 0.505855 0.051562 0.084309
0 1.0 0.277344 0.509368 0.120313 0.194379
0 1.0 0.307031 0.509368 0.079687 0.114754
0 1.0 0.245312 0.530445 0.065625 0.170960
0 1.0 0.951562 0.468384 0.096875 0.140515
0 1.0 0.921875 0.474239 0.068750 0.175644
0 1.0 0.870313 0.459016 0.259375 0.149883
0 1.0 0.253906 0.497658 0.210938 0.133489
0 1.0 0.185156 0.536300 0.060937 0.154567
0 1.0 0.184375 0.511710 0.106250 0.199063
0 1.0 0.141406 0.503513 0.089063 0.107728
0 1.0 0.456250 0.468384 0.265625 0.243560
0 1.0 0.067187 0.539813 0.078125 0.156909
0 1.0 0.214062 0.508197 0.075000 0.117096
0 1.0 0.124219 0.545667 0.064062 0.088993
0 1.0 0.083594 0.555035 0.148438 0.187354
0 1.0 0.064062 0.551522 0.040625 0.086651
0 1.0 0.407031 0.538642 0.123438 0.159251
0 1.0 0.460156 0.537471 0.076563 0.077283
0 1.0 0.882812 0.491803 0.162500 0.103044
0 1.0 0.827344 0.494145 0.057813 0.070258
0 1.0 0.069531 0.620609 0.070312 0.187354
0 1.0 0.121875 0.545667 0.150000 0.103044
0 1.0 0.462500 0.706089 0.193750 0.105386
0 1.0 0.404687 0.728337 0.121875 0.290398
0 1.0 0.391406 0.707260 0.254688 0.131148
0 1.0 0.426563 0.716628 0.053125 0.079625
0 1.0 0.171875 0.723653 0.103125 0.131148
0 1.0 0.335156 0.762295 0.076563 0.147541
0 1.0 0.285156 0.716628 0.192188 0.107728
0 1.0 0.313281 0.722482 0.085938 0.086651
0 1.0 0.332031 0.728337 0.251563 0.276347
0 1.0 0.664844 0.704918 0.185938 0.257611
0 1.0 0.602344 0.703747 0.135937 0.400468
0 1.0 0.607812 0.706089 0.278125 0.128806
0 1.0 0.550781 0.708431 0.123438 0.400468
0 1.0 0.523438 0.737705 0.256250 0.393443
0 1.0 0.953906 0.651054 0.092188 0.084309
0 1.0 0.927344 0.654567 0.145313 0.255269
0 1.0 0.572656 0.177986 0.323437 0.252927
0 1.0 0.569531 0.204918 0.082812 0.124122
0 1.0 0.510156 0.258782 0.051562 0.138173
0 1.0 0.293750 0.771663 0.081250 0.152225
0 1.0 0.513281 0.203747 0.120313 0.149883
0 1.0 0.442188 0.264637 0.043750 0.098361
0 1.0 0.552344 0.202576 0.042188 0.063232
0 1.0 0.442969 0.225995 0.104688 0.147541
0 1.0 0.855469 0.656909 0.048438 0.067916
0 1.0 0.856250 0.649883 0.246875 0.302108
0 1.0 0.527344 0.192037 0.357812 0.135831
0 1.0 0.204687 0.721311 0.250000 0.112412
0 1.0 0.275781 0.733021 0.035937 0.056206
0 1.0 0.457813 0.173302 0.290625 0.257611
0 1.0 0.502344 0.217799 0.035937 0.065574
0 1.0 0.396094 0.242389 0.057813 0.133489
0 1.0 0.228906 0.770492 0.242188 0.271663
0 1.0 0.193750 0.759953 0.096875 0.278689
0 1.0 0.140625 0.763466 0.225000 0.121780
0 1.0 0.063281 0.763466 0.120313 0.093677
0 1.0 0.076563 0.770492 0.037500 0.074941
0 1.0 0.965625 0.722482 0.068750 0.217799
0 1.0 0.946094 0.706089 0.107813 0.100703
0 1.0 0.332813 0.777518 0.118750 0.224824
0 1.0 0.276562 0.775176 0.259375 0.154567
0 1.0 0.319531 0.790398 0.051562 0.096019
0 1.0 0.767969 0.696721 0.135937 0.339578
0 1.0 0.775000 0.708431 0.306250 0.138173
0 1.0 0.893750 0.709602 0.212500 0.121780
0 1.0 0.874219 0.690867 0.132812 0.332553
0 1.0 0.799219 0.711944 0.098437 0.088993
0 1.0 0.852344 0.716628 0.045312 0.074941
0 1.0 0.816406 0.692037 0.135937 0.297424
0 1.0 0.962500 0.581967 0.046875 0.138173
0 1.0 0.949219 0.597190 0.101562 0.093677
0 1.0 0.246875 0.715457 0.078125 0.156909
0 1.0 0.203125 0.663934 0.115625 0.105386
0 1.0 0.234375 0.679157 0.171875 0.182670
0 1.0 0.783594 0.597190 0.070312 0.074941
0 1.0 0.885156 0.588993 0.101562 0.199063
0 1.0 0.839844 0.599532 0.048438 0.060890
0 1.0 0.139844 0.654567 0.242188 0.133489
0 1.0 0.164062 0.659251 0.093750 0.119438
0 1.0 0.310156 0.649883 0.273438 0.138173
0 1.0 0.338281 0.658080 0.110937 0.121780
0 1.0 0.086719 0.655738 0.035937 0.074941
0 1.0 0.873437 0.598361 0.253125 0.128806
0 1.0 0.620313 0.592506 0.284375 0.121780
0 1.0 0.582812 0.597190 0.059375 0.079625
0 1.0 0.608594 0.606557 0.229687 0.276347
0 1.0 0.072656 0.654567 0.107813 0.091335
0 1.0 0.728906 0.587822 0.260937 0.257611
0 1.0 0.892188 0.654567 0.215625 0.110070
0 1.0 0.802344 0.653396 0.073438 0.074941
0 1.0 0.530469 0.645199 0.273438 0.138173
0 1.0 0.557031 0.648712 0.114062 0.126464
0 1.0 0.827344 0.647541 0.257812 0.156909
0 1.0 0.125000 0.708431 0.159375 0.096019
0 1.0 0.082031 0.701405 0.082812 0.072600
0 1.0 0.663281 0.644028 0.282813 0.117096
0 1.0 0.965625 0.645199 0.050000 0.142857
0 1.0 0.709375 0.644028 0.134375 0.271663
0 1.0 0.092188 0.706089 0.034375 0.067916
0 1.0 0.284375 0.722482 0.068750 0.147541
0 1.0 0.255469 0.666276 0.032813 0.063232
0 1.0 0.460156 0.656909 0.057813 0.110070
0 1.0 0.546094 0.302108 0.039062 0.060890
0 1.0 0.446094 0.322014 0.114062 0.170960
0 1.0 0.212500 0.322014 0.037500 0.067916
0 1.0 0.139063 0.366511 0.059375 0.128806
0 1.0 0.183594 0.297424 0.245312 0.112412
0 1.0 0.148438 0.346604 0.037500 0.070258
0 1.0 0.166406 0.283372 0.301563 0.243560
0 1.0 0.168750 0.300937 0.115625 0.091335
0 1.0 0.350781 0.357143 0.060937 0.124122
0 1.0 0.425781 0.302108 0.057813 0.070258
0 1.0 0.353125 0.329040 0.093750 0.138173
0 1.0 0.361719 0.297424 0.370312 0.192037
0 1.0 0.385937 0.317330 0.043750 0.077283
0 1.0 0.295312 0.350117 0.062500 0.133489
0 1.0 0.091406 0.307963 0.045312 0.063232
0 1.0 0.070312 0.362998 0.056250 0.126464
0 1.0 0.675000 0.297424 0.143750 0.154567
0 1.0 0.600781 0.357143 0.073438 0.166276
0 1.0 0.641406 0.293911 0.385937 0.133489
0 1.0 0.604688 0.324356 0.028125 0.053864
0 1.0 0.295312 0.320843 0.112500 0.163934
0 1.0 0.444531 0.351288 0.057813 0.126464
0 1.0 0.328906 0.324356 0.035937 0.067916
0 1.0 0.239063 0.347775 0.075000 0.170960
0 1.0 0.243750 0.346604 0.046875 0.098361
0 1.0 0.510156 0.341920 0.054688 0.103044
0 1.0 0.511719 0.292740 0.298438 0.168618
0 1.0 0.513281 0.306792 0.110937 0.140515
0 1.0 0.808594 0.244731 0.339062 0.133489
0 1.0 0.827344 0.276347 0.054688 0.107728
0 1.0 0.075781 0.339578 0.032813 0.060890
0 1.0 0.108594 0.310304 0.092188 0.124122
0 1.0 0.036719 0.351288 0.045312 0.112412
0 1.0 0.113281 0.302108 0.070312 0.065574
0 1.0 0.766406 0.255269 0.176563 0.173302
0 1.0 0.714844 0.295082 0.085938 0.201405
0 1.0 0.721875 0.276347 0.056250 0.107728
0 1.0 0.719531 0.242389 0.335938 0.264637
0 1.0 0.067187 0.313817 0.050000 0.088993
0 1.0 0.964844 0.304450 0.039062 0.140515
0 1.0 0.917969 0.241218 0.164062 0.117096
0 1.0 0.920312 0.235363 0.159375 0.264637
0 1.0 0.232031 0.304450 0.189062 0.182670
0 1.0 0.817969 0.285714 0.092188 0.215457
0 1.0 0.187500 0.320843 0.106250 0.163934
0 1.0 0.882812 0.266979 0.053125 0.121780
0 1.0 0.862500 0.249415 0.115625 0.110070
0 1.0 0.192188 0.347775 0.062500 0.147541
0 1.0 0.214062 0.372365 0.050000 0.079625
0 1.0 0.135156 0.425059 0.048438 0.105386
0 1.0 0.852344 0.303279 0.207813 0.128806
0 1.0 0.850781 0.299766 0.285938 0.262295
0 1.0 0.834375 0.305621 0.034375 0.063232
0 1.0 0.105469 0.366511 0.107813 0.128806
0 1.0 0.035937 0.374707 0.031250 0.065574
0 1.0 0.089844 0.360656 0.054688 0.084309
0 1.0 0.082812 0.334895 0.165625 0.234192
0 1.0 0.382812 0.375878 0.050000 0.081967
0 1.0 0.290625 0.413349 0.043750 0.100703
0 1.0 0.326562 0.353630 0.393750 0.131148
0 1.0 0.289844 0.381733 0.101562 0.149883
0 1.0 0.961719 0.368852 0.039062 0.119438
0 1.0 0.188281 0.357143 0.332813 0.185012
0 1.0 0.951562 0.329040 0.040625 0.081967
0 1.0 0.925000 0.357143 0.075000 0.213115
0 1.0 0.194531 0.415691 0.045312 0.096019
0 1.0 0.189844 0.377049 0.117188 0.145199
0 1.0 0.932031 0.292740 0.135937 0.107728
0 1.0 0.575781 0.309133 0.076563 0.103044
0 1.0 0.772656 0.340749 0.092188 0.208431
0 1.0 0.785156 0.311475 0.032813 0.060890
0 1.0 0.504687 0.314988 0.034375 0.067916
0 1.0 0.396875 0.362998 0.059375 0.112412
0 1.0 0.401562 0.334895 0.109375 0.135831
0 1.0 0.728906 0.316159 0.035937 0.065574
0 1.0 0.664844 0.347775 0.082812 0.199063
0 1.0 0.676562 0.322014 0.034375 0.067916
0 1.0 0.878125 0.350117 0.084375 0.208431
0 1.0 0.852344 0.297424 0.120313 0.093677
0 1.0 0.890625 0.313817 0.028125 0.051522
0 1.0 0.628125 0.303279 0.115625 0.138173
0 1.0 0.549219 0.357143 0.067187 0.147541
0 1.0 0.771875 0.195550 0.134375 0.166276
0 1.0 0.716406 0.231850 0.073438 0.145199
0 1.0 0.946875 0.195550 0.106250 0.161593
0 1.0 0.878125 0.187354 0.243750 0.140515
0 1.0 0.610938 0.231850 0.053125 0.121780
0 1.0 0.714844 0.201405 0.120313 0.159251
0 1.0 0.876563 0.225995 0.075000 0.208431
0 1.0 0.096094 0.257611 0.160938 0.168618
0 1.0 0.851562 0.180328 0.275000 0.276347
0 1.0 0.078906 0.317330 0.054688 0.128806
0 1.0 0.162500 0.244731 0.125000 0.091335
0 1.0 0.264844 0.500000 0.479687 1.000000
0 1.0 0.660156 0.251756 0.060937 0.152225
0 1.0 0.666406 0.201405 0.129688 0.163934
0 1.0 0.486719 0.748244 0.973437 0.470726
0 1.0 0.190625 0.081967 0.290625 0.163934
0 1.0 0.203125 0.063232 0.056250 0.074941
0 1.0 0.140625 0.106557 0.043750 0.114754
0 1.0 0.174219 0.042155 0.104688 0.084309
0 1.0 0.553906 0.245902 0.051562 0.135831
0 1.0 0.822656 0.221311 0.073438 0.142857
0 1.0 0.035937 0.099532 0.037500 0.086651
0 1.0 0.767969 0.233021 0.073438 0.194379
0 1.0 0.078906 0.106557 0.042188 0.096019
0 1.0 0.159375 0.038642 0.040625 0.058548
0 1.0 0.082812 0.078454 0.043750 0.072600
0 1.0 0.131250 0.043326 0.087500 0.086651
0 1.0 0.496875 0.237705 0.306250 0.142857
0 1.0 0.538281 0.242389 0.039062 0.077283
0 1.0 0.394531 0.295082 0.064062 0.140515
0 1.0 0.259375 0.244731 0.193750 0.128806
0 1.0 0.490625 0.244731 0.046875 0.077283
0 1.0 0.635156 0.240047 0.385937 0.138173
0 1.0 0.610938 0.278689 0.043750 0.098361
0 1.0 0.364063 0.261124 0.106250 0.138173
0 1.0 0.399219 0.271663 0.117188 0.173302
0 1.0 0.614844 0.242389 0.170313 0.180328
0 1.0 0.777344 0.271663 0.051562 0.107728
0 1.0 0.548438 0.282201 0.071875 0.147541
0 1.0 0.350000 0.319672 0.046875 0.114754
0 1.0 0.042969 0.302108 0.060937 0.103044
0 1.0 0.091406 0.249415 0.048438 0.077283
0 1.0 0.061719 0.259953 0.076563 0.107728
0 1.0 0.960156 0.254098 0.039062 0.138173
0 1.0 0.235156 0.298595 0.054688 0.114754
0 1.0 0.241406 0.243560 0.385937 0.149883
0 1.0 0.291406 0.252927 0.048438 0.074941
0 1.0 0.312500 0.264637 0.093750 0.121780
0 1.0 0.292969 0.443794 0.301563 0.231850
0 1.0 0.325000 0.489461 0.050000 0.084309
0 1.0 0.913281 0.406323 0.173437 0.161593
0 1.0 0.203125 0.461358 0.143750 0.098361
0 1.0 0.192969 0.469555 0.332813 0.175644
0 1.0 0.482812 0.467213 0.078125 0.124122
0 1.0 0.175000 0.461358 0.034375 0.056206
0 1.0 0.126562 0.462529 0.146875 0.114754
0 1.0 0.035937 0.530445 0.043750 0.096019
0 1.0 0.128906 0.460187 0.029687 0.049180
0 1.0 0.675000 0.449649 0.046875 0.103044
0 1.0 0.667188 0.408665 0.343750 0.156909
0 1.0 0.667969 0.416862 0.157812 0.159251
0 1.0 0.602344 0.453162 0.073438 0.156909
0 1.0 0.875781 0.462529 0.070312 0.189696
0 1.0 0.802344 0.403981 0.279687 0.128806
0 1.0 0.888281 0.464871 0.035937 0.096019
0 1.0 0.824219 0.462529 0.076563 0.189696
0 1.0 0.585156 0.391101 0.323437 0.243560
0 1.0 0.573438 0.422717 0.118750 0.128806
0 1.0 0.521094 0.403981 0.385937 0.124122
0 1.0 0.515625 0.455504 0.053125 0.105386
0 1.0 0.834375 0.461358 0.043750 0.103044
0 1.0 0.807813 0.402810 0.346875 0.257611
0 1.0 0.768750 0.461358 0.075000 0.177986
0 1.0 0.778125 0.462529 0.046875 0.100703
0 1.0 0.094531 0.467213 0.057813 0.072600
0 1.0 0.068750 0.477752 0.056250 0.088993
0 1.0 0.960938 0.477752 0.034375 0.107728
0 1.0 0.952344 0.456674 0.042188 0.098361
0 1.0 0.666406 0.449649 0.070312 0.173302
0 1.0 0.910156 0.456674 0.107813 0.098361
0 1.0 0.827344 0.459016 0.032813 0.060890
0 1.0 0.769531 0.461358 0.185938 0.173302
0 1.0 0.346875 0.521077 0.050000 0.091335
0 1.0 0.340625 0.459016 0.034375 0.056206
0 1.0 0.377344 0.480094 0.070312 0.103044
0 1.0 0.552344 0.489461 0.064062 0.131148
0 1.0 0.260937 0.460187 0.134375 0.086651
0 1.0 0.250000 0.508197 0.050000 0.098361
0 1.0 0.191406 0.517564 0.039062 0.088993
0 1.0 0.509375 0.487119 0.056250 0.103044
0 1.0 0.536719 0.448478 0.039062 0.063232
0 1.0 0.723437 0.483607 0.053125 0.114754
0 1.0 0.435156 0.490632 0.048438 0.100703
0 1.0 0.884375 0.412178 0.040625 0.103044
0 1.0 0.860156 0.353630 0.201563 0.131148
0 1.0 0.551562 0.407494 0.062500 0.112412
0 1.0 0.517969 0.352459 0.385937 0.128806
0 1.0 0.513281 0.402810 0.054688 0.103044
0 1.0 0.778125 0.402810 0.050000 0.112412
0 1.0 0.766406 0.365340 0.182812 0.182670
0 1.0 0.714844 0.416862 0.070312 0.168618
0 1.0 0.732031 0.345433 0.379688 0.128806
0 1.0 0.044531 0.464871 0.051562 0.081967
0 1.0 0.089844 0.400468 0.051562 0.079625
0 1.0 0.061719 0.413349 0.064062 0.091335
0 1.0 0.961719 0.418033 0.029687 0.091335
0 1.0 0.724219 0.345433 0.335938 0.269321
0 1.0 0.244531 0.396956 0.054688 0.096019
0 1.0 0.510156 0.370023 0.123438 0.140515
0 1.0 0.439063 0.381733 0.034375 0.070258
0 1.0 0.435937 0.373536 0.112500 0.156909
0 1.0 0.162500 0.353630 0.106250 0.093677
0 1.0 0.485938 0.380562 0.056250 0.096019
0 1.0 0.398438 0.409836 0.056250 0.117096
0 1.0 0.430469 0.377049 0.064062 0.103044
0 1.0 0.352344 0.406323 0.048438 0.110070
0 1.0 0.612500 0.422717 0.040625 0.086651
0 1.0 0.614844 0.377049 0.167187 0.163934
0 1.0 0.330469 0.377049 0.045312 0.074941
0 1.0 0.560937 0.447307 0.068750 0.117096
0 1.0 0.319531 0.426230 0.073438 0.112412
0 1.0 0.246094 0.477752 0.042188 0.079625
0 1.0 0.192188 0.474239 0.062500 0.128806
0 1.0 0.512500 0.423888 0.125000 0.140515
0 1.0 0.400000 0.432084 0.112500 0.199063
0 1.0 0.391406 0.395785 0.385937 0.131148
0 1.0 0.353125 0.447307 0.090625 0.135831
0 1.0 0.605469 0.454333 0.045312 0.098361
0 1.0 0.136719 0.464871 0.048438 0.086651
0 1.0 0.831250 0.403981 0.043750 0.110070
0 1.0 0.138281 0.413349 0.173437 0.161593
0 1.0 0.374219 0.419204 0.085938 0.117096
0 1.0 0.289062 0.484778 0.059375 0.117096
0 1.0 0.289844 0.455504 0.089063 0.133489
0 1.0 0.951562 0.403981 0.046875 0.105386
0 1.0 0.475781 0.529274 0.876563 0.201405
0 1.0 0.882812 0.763466 0.234375 0.135831
0 1.0 0.399219 0.170960 0.117188 0.182670
0 1.0 0.498437 0.156909 0.031250 0.051522
0 1.0 0.348438 0.208431 0.056250 0.149883
0 1.0 0.403906 0.144028 0.104688 0.077283
0 1.0 0.437500 0.142857 0.400000 0.126464
0 1.0 0.297656 0.137002 0.342187 0.255269
0 1.0 0.306250 0.161593 0.093750 0.121780
0 1.0 0.232031 0.211944 0.060937 0.147541
0 1.0 0.251563 0.144028 0.300000 0.119438
0 1.0 0.259375 0.149883 0.150000 0.103044
0 1.0 0.287500 0.194379 0.075000 0.131148
0 1.0 0.299219 0.160422 0.032813 0.053864
0 1.0 0.143750 0.580796 0.218750 0.646370
0 1.0 0.577344 0.141686 0.167187 0.124122
0 1.0 0.508594 0.208431 0.057813 0.140515
0 1.0 0.502344 0.155738 0.164062 0.170960
0 1.0 0.651563 0.401639 0.218750 0.475410
0 1.0 0.516406 0.430913 0.876563 0.210773
0 1.0 0.217969 0.546838 0.435937 0.217799
0 1.0 0.441406 0.215457 0.048438 0.107728
0 1.0 0.532813 0.156909 0.034375 0.060890
0 1.0 0.649219 0.559719 0.501563 0.501171
0 1.0 0.349219 0.566745 0.510938 0.548009
0 1.0 0.232813 0.580796 0.218750 0.599532
0 1.0 0.549219 0.565574 0.217188 0.644028
0 1.0 0.879687 0.083138 0.240625 0.142857
0 1.0 0.923438 0.140515 0.078125 0.145199
0 1.0 0.038281 0.220141 0.042188 0.103044
0 1.0 0.094531 0.144028 0.085938 0.077283
0 1.0 0.089844 0.153396 0.042188 0.067916
0 1.0 0.092969 0.129977 0.185938 0.250585
0 1.0 0.064062 0.161593 0.081250 0.112412
0 1.0 0.728125 0.750585 0.500000 0.241218
0 1.0 0.820312 0.155738 0.068750 0.152225
0 1.0 0.962500 0.168618 0.037500 0.117096
0 1.0 0.950781 0.144028 0.054688 0.114754
0 1.0 0.944531 0.099532 0.110937 0.156909
0 1.0 0.185156 0.159251 0.104688 0.121780
0 1.0 0.139844 0.217799 0.048438 0.117096
0 1.0 0.722656 0.648712 0.520312 0.248244
0 1.0 0.642188 0.615925 0.231250 0.548009
0 1.0 0.443750 0.659251 0.568750 0.241218
0 1.0 0.156250 0.148712 0.243750 0.147541
0 1.0 0.075781 0.202576 0.051562 0.096019
0 1.0 0.150000 0.148712 0.100000 0.105386
0 1.0 0.191406 0.215457 0.048438 0.121780
0 1.0 0.261719 0.311475 0.470313 0.379391
0 1.0 0.146875 0.365340 0.231250 0.529274
0 1.0 0.072656 0.375878 0.145313 0.620609
0 1.0 0.579688 0.316159 0.453125 0.365340
0 1.0 0.454688 0.365340 0.193750 0.557377
0 1.0 0.771875 0.132319 0.365625 0.142857
0 1.0 0.777344 0.176815 0.054688 0.124122
0 1.0 0.360156 0.344262 0.207813 0.501171
0 1.0 0.561719 0.285714 0.226562 0.510539
0 1.0 0.846094 0.132319 0.110937 0.100703
0 1.0 0.882812 0.181499 0.053125 0.124122
0 1.0 0.238281 0.348946 0.223438 0.548009
0 1.0 0.453125 0.434426 0.634375 0.395785
0 1.0 0.708594 0.145199 0.182812 0.182670
0 1.0 0.666406 0.190867 0.054688 0.124122
0 1.0 0.671094 0.141686 0.317188 0.250585
0 1.0 0.371875 0.553864 0.221875 0.587822
0 1.0 0.619531 0.146370 0.173437 0.189696
0 1.0 0.607031 0.187354 0.051562 0.121780
0 1.0 0.720313 0.192037 0.053125 0.107728
0 1.0 0.669531 0.059719 0.095312 0.105386
0 1.0 0.604688 0.103044 0.050000 0.112412
0 1.0 0.629687 0.040984 0.096875 0.081967
0 1.0 0.603906 0.051522 0.170313 0.103044
0 1.0 0.253125 0.703747 0.506250 0.320843
0 1.0 0.558594 0.076112 0.260937 0.152225
0 1.0 0.573438 0.059719 0.081250 0.096019
0 1.0 0.507031 0.119438 0.045312 0.103044
0 1.0 0.829688 0.057377 0.106250 0.114754
0 1.0 0.775000 0.097190 0.059375 0.138173
0 1.0 0.782813 0.076112 0.043750 0.081967
0 1.0 0.718750 0.110070 0.050000 0.117096
0 1.0 0.737500 0.045667 0.175000 0.091335
0 1.0 0.712500 0.083138 0.275000 0.166276
0 1.0 0.663281 0.112412 0.048438 0.107728
0 1.0 0.683594 0.282201 0.445312 0.564403
0 1.0 0.326562 0.063232 0.050000 0.074941
0 1.0 0.239063 0.114754 0.046875 0.117096
0 1.0 0.260937 0.044496 0.150000 0.088993
0 1.0 0.431250 0.046838 0.278125 0.093677
0 1.0 0.741406 0.879391 0.517188 0.241218
0 1.0 0.189844 0.115925 0.045312 0.110070
0 1.0 0.185938 0.083138 0.071875 0.114754
0 1.0 0.106250 0.036300 0.037500 0.058548
0 1.0 0.074219 0.043326 0.070312 0.086651
0 1.0 0.296875 0.115925 0.040625 0.100703
0 1.0 0.299219 0.078454 0.060937 0.096019
0 1.0 0.505469 0.861827 0.667188 0.276347
0 1.0 0.439063 0.086651 0.071875 0.103044
0 1.0 0.503125 0.046838 0.075000 0.093677
0 1.0 0.482031 0.063232 0.057813 0.084309
0 1.0 0.401562 0.103044 0.053125 0.117096
0 1.0 0.405469 0.070258 0.110937 0.140515
0 1.0 0.246875 0.880562 0.493750 0.238876
0 1.0 0.559375 0.110070 0.046875 0.103044
0 1.0 0.460156 0.045667 0.057813 0.072600
0 1.0 0.349219 0.106557 0.042188 0.100703
0 1.0 0.347656 0.043326 0.032813 0.058548
0 1.0 0.353125 0.081967 0.062500 0.103044
0 1.0 0.321094 0.051522 0.132812 0.103044
0 1.0 0.355469 0.079625 0.279687 0.159251
0 1.0 0.378906 0.059719 0.060937 0.086651
0 1.0 0.530469 0.044496 0.167187 0.088993
0 1.0 0.443750 0.125293 0.034375 0.077283
0 1.0 0.531250 0.042155 0.034375 0.060890
0 1.0 0.469531 0.107728 0.095312 0.112412
0 1.0 0.398438 0.158080 0.056250 0.128806
0 1.0 0.488281 0.096019 0.032813 0.060890
0 1.0 0.143750 0.779859 0.193750 0.398126
0 1.0 0.554688 0.167447 0.050000 0.119438
0 1.0 0.579688 0.092506 0.137500 0.119438
0 1.0 0.370312 0.103044 0.103125 0.121780
0 1.0 0.289844 0.180328 0.042188 0.103044
0 1.0 0.167187 0.923888 0.334375 0.152225
0 1.0 0.287500 0.137002 0.078125 0.114754
0 1.0 0.303906 0.097190 0.035937 0.063232
0 1.0 0.441406 0.183841 0.035937 0.081967
0 1.0 0.500000 0.088993 0.140625 0.107728
0 1.0 0.436719 0.144028 0.085938 0.114754
0 1.0 0.514844 0.096019 0.048438 0.079625
0 1.0 0.722656 0.152225 0.045312 0.088993
0 1.0 0.509375 0.153396 0.059375 0.096019
0 1.0 0.602344 0.139344 0.048438 0.096019
0 1.0 0.344531 0.824356 0.482812 0.220141
0 1.0 0.883594 0.057377 0.104688 0.114754
0 1.0 0.822656 0.103044 0.054688 0.126464
0 1.0 0.829688 0.080796 0.040625 0.072600
0 1.0 0.817969 0.056206 0.235937 0.112412
0 1.0 0.957031 0.112412 0.029687 0.074941
0 1.0 0.930469 0.040984 0.139063 0.081967
0 1.0 0.946094 0.086651 0.045312 0.070258
0 1.0 0.927344 0.093677 0.060937 0.093677
0 1.0 0.878906 0.099532 0.051562 0.119438
0 1.0 0.586719 0.140515 0.745313 0.281030
0 1.0 0.185938 0.176815 0.371875 0.353630
0 1.0 0.888281 0.080796 0.039062 0.072600
0 1.0 0.231250 0.151054 0.053125 0.100703
0 1.0 0.251563 0.086651 0.159375 0.117096
0 1.0 0.864062 0.044496 0.075000 0.070258
0 1.0 0.344531 0.168618 0.045312 0.112412
0 1.0 0.343750 0.135831 0.075000 0.121780
0 1.0 0.150000 0.081967 0.162500 0.121780
0 1.0 0.035937 0.180328 0.040625 0.103044
0 1.0 0.103125 0.086651 0.100000 0.093677
0 1.0 0.096875 0.094848 0.040625 0.077283
0 1.0 0.064844 0.105386 0.082812 0.117096
0 1.0 0.767969 0.843091 0.067187 0.117096
0 1.0 0.736719 0.868852 0.289062 0.112412
0 1.0 0.711719 0.841920 0.067187 0.114754
0 1.0 0.455469 0.800937 0.167187 0.243560
0 1.0 0.392969 0.880562 0.060937 0.121780
0 1.0 0.437500 0.865340 0.300000 0.138173
0 1.0 0.662500 0.891101 0.043750 0.058548
0 1.0 0.654687 0.854801 0.237500 0.234192
0 1.0 0.657813 0.881733 0.150000 0.124122
0 1.0 0.948438 0.882904 0.103125 0.154567
0 1.0 0.921094 0.847775 0.067187 0.131148
0 1.0 0.884375 0.874707 0.231250 0.114754
0 1.0 0.896094 0.860656 0.207813 0.269321
0 1.0 0.875781 0.839578 0.060937 0.114754
0 1.0 0.816406 0.871194 0.182812 0.168618
0 1.0 0.553125 0.873536 0.056250 0.107728
0 1.0 0.542188 0.872365 0.268750 0.124122
0 1.0 0.811719 0.872365 0.110937 0.077283
0 1.0 0.155469 0.855972 0.204687 0.142857
0 1.0 0.462500 0.866511 0.068750 0.079625
0 1.0 0.621875 0.892272 0.053125 0.088993
0 1.0 0.316406 0.868852 0.142187 0.140515
0 1.0 0.054688 0.877049 0.109375 0.100703
0 1.0 0.043750 0.816159 0.087500 0.274005
0 1.0 0.079687 0.884075 0.037500 0.072600
0 1.0 0.352344 0.257611 0.048438 0.117096
0 1.0 0.419531 0.196721 0.067187 0.070258
0 1.0 0.364063 0.192037 0.259375 0.159251
0 1.0 0.382812 0.209602 0.046875 0.081967
0 1.0 0.153125 0.915691 0.187500 0.103044
0 1.0 0.396094 0.903981 0.160938 0.126464
0 1.0 0.313281 0.908665 0.264062 0.107728
0 1.0 0.489844 0.913349 0.207813 0.103044
0 1.0 0.450781 0.872365 0.114062 0.180328
0 1.0 0.482812 0.195550 0.056250 0.086651
0 1.0 0.821094 0.836066 0.054688 0.103044
0 1.0 0.099219 0.874707 0.198437 0.250585
0 1.0 0.069531 0.920375 0.092188 0.084309
0 1.0 0.968750 0.880562 0.031250 0.070258
0 1.0 0.966406 0.893443 0.051562 0.086651
0 1.0 0.852344 0.879391 0.070312 0.072600
0 1.0 0.189844 0.877049 0.107813 0.213115
0 1.0 0.939063 0.759953 0.121875 0.110070
0 1.0 0.926562 0.764637 0.146875 0.269321
0 1.0 0.938281 0.814988 0.123438 0.107728
0 1.0 0.796094 0.766979 0.123438 0.100703
0 1.0 0.842187 0.774005 0.059375 0.086651
0 1.0 0.139844 0.811475 0.279687 0.147541
0 1.0 0.056250 0.816159 0.103125 0.096019
0 1.0 0.074219 0.818501 0.032813 0.072600
0 1.0 0.425000 0.804450 0.050000 0.096019
0 1.0 0.610156 0.768150 0.204687 0.168618
0 1.0 0.533594 0.768150 0.273438 0.135831
0 1.0 0.385156 0.772834 0.289062 0.149883
0 1.0 0.432031 0.781030 0.042188 0.067916
0 1.0 0.768750 0.762295 0.300000 0.142857
0 1.0 0.766406 0.757611 0.251563 0.302108
0 1.0 0.706250 0.802108 0.140625 0.306792
0 1.0 0.728125 0.817330 0.284375 0.135831
0 1.0 0.878125 0.818501 0.243750 0.124122
0 1.0 0.614844 0.826698 0.110937 0.220141
0 1.0 0.261719 0.854801 0.289062 0.168618
0 1.0 0.814844 0.804450 0.126562 0.311475
0 1.0 0.129688 0.862998 0.090625 0.119438
0 1.0 0.789062 0.819672 0.165625 0.103044
0 1.0 0.598437 0.822014 0.268750 0.131148
0 1.0 0.316406 0.805621 0.101562 0.135831
0 1.0 0.530469 0.810304 0.151562 0.196721
0 1.0 0.191406 0.270492 0.048438 0.124122
0 1.0 0.230469 0.195550 0.317188 0.124122
0 1.0 0.332031 0.215457 0.032813 0.060890
0 1.0 0.188281 0.213115 0.029687 0.051522
0 1.0 0.135937 0.268150 0.050000 0.114754
0 1.0 0.433594 0.091335 0.704688 0.182670
0 1.0 0.753125 0.170960 0.218750 0.341920
0 1.0 0.972656 0.960187 0.054688 0.079625
0 1.0 0.938281 0.951991 0.123438 0.096019
0 1.0 0.669531 0.947307 0.220312 0.105386
0 1.0 0.871875 0.943794 0.090625 0.112412
0 1.0 0.817969 0.936768 0.164062 0.126464
0 1.0 0.764062 0.941452 0.090625 0.117096
0 1.0 0.950000 0.188525 0.046875 0.114754
0 1.0 0.915625 0.137002 0.168750 0.152225
0 1.0 0.149219 0.204918 0.117188 0.128806
0 1.0 0.178125 0.195550 0.090625 0.091335
0 1.0 0.035937 0.266979 0.040625 0.098361
0 1.0 0.100781 0.199063 0.073438 0.074941
0 1.0 0.660156 0.228337 0.223438 0.456674
0 1.0 0.050781 0.949649 0.101562 0.100703
0 1.0 0.675781 0.912178 0.260937 0.105386
0 1.0 0.655469 0.921546 0.089063 0.142857
0 1.0 0.867969 0.964871 0.064062 0.060890
0 1.0 0.867188 0.899297 0.115625 0.201405
0 1.0 0.185938 0.949649 0.156250 0.100703
0 1.0 0.132031 0.927400 0.098437 0.145199
0 1.0 0.114062 0.957845 0.115625 0.084309
0 1.0 0.075000 0.960187 0.040625 0.051522
0 1.0 0.613281 0.911007 0.101562 0.177986
0 1.0 0.554688 0.898126 0.096875 0.189696
0 1.0 0.324219 0.190867 0.073438 0.096019
0 1.0 0.814844 0.915691 0.295312 0.126464
0 1.0 0.713281 0.901639 0.117188 0.196721
0 1.0 0.700781 0.957845 0.107813 0.074941
0 1.0 0.399219 0.947307 0.145313 0.105386
0 1.0 0.345313 0.927400 0.106250 0.145199
0 1.0 0.592187 0.961358 0.118750 0.077283
0 1.0 0.564844 0.949649 0.264062 0.100703
0 1.0 0.521094 0.960187 0.123438 0.079625
0 1.0 0.359375 0.959016 0.062500 0.053864
0 1.0 0.287500 0.927400 0.112500 0.145199
0 1.0 0.233594 0.913349 0.101562 0.173302
0 1.0 0.229687 0.954333 0.128125 0.081967
0 1.0 0.496094 0.925059 0.117188 0.149883
0 1.0 0.448437 0.941452 0.087500 0.117096
0 1.0 0.490625 0.966042 0.059375 0.053864
0 1.0 0.479687 0.962529 0.109375 0.074941
0 1.0 0.431250 0.960187 0.106250 0.065574
0 1.0 0.774219 0.480094 0.392188 0.880562
0 1.0 0.549219 0.865340 0.239063 0.269321
0 1.0 0.352344 0.832553 0.223438 0.334895
0 1.0 0.794531 0.545667 0.354687 0.412178
0 1.0 0.928906 0.528103 0.142187 0.587822
0 1.0 0.532813 0.735363 0.509375 0.276347
0 1.0 0.840625 0.797424 0.240625 0.405152
0 1.0 0.502344 0.656909 0.067187 0.128806
0 1.0 0.453125 0.908665 0.446875 0.182670
0 1.0 0.877344 0.322014 0.245312 0.644028
0 1.0 0.505469 0.728337 0.057813 0.084309
0 1.0 0.703906 0.759953 0.292187 0.480094
0 1.0 0.878125 0.641686 0.243750 0.716628