0 1.0 0.360156 0.448586 0.248438 0.655527
0 1.0 0.917188 0.604113 0.131250 0.344473
0 1.0 0.257812 0.674807 0.215625 0.249357
0 1.0 0.189844 0.672237 0.089063 0.244216
0 1.0 0.944531 0.610540 0.110937 0.177378
0 1.0 0.221094 0.663239 0.242188 0.123393
0 1.0 0.245312 0.703085 0.068750 0.192802
0 1.0 0.296875 0.667095 0.040625 0.084833
0 1.0 0.327344 0.649100 0.173437 0.295630
0 1.0 0.313281 0.658098 0.260937 0.138817
0 1.0 0.075781 0.660668 0.129688 0.298201
0 1.0 0.121875 0.661954 0.190625 0.105398
0 1.0 0.453906 0.672237 0.045312 0.089974
0 1.0 0.411719 0.631105 0.242188 0.341902
0 1.0 0.389062 0.663239 0.140625 0.154242
0 1.0 0.382812 0.643959 0.090625 0.275064
0 1.0 0.052344 0.660668 0.104688 0.169666
0 1.0 0.967187 0.645244 0.043750 0.133676
0 1.0 0.660156 0.645244 0.101562 0.241645
0 1.0 0.625781 0.598972 0.235937 0.107969
0 1.0 0.139844 0.658098 0.123438 0.272494
0 1.0 0.884375 0.601542 0.231250 0.133676
0 1.0 0.875000 0.613111 0.125000 0.295630
0 1.0 0.817187 0.604113 0.100000 0.077121
0 1.0 0.665625 0.647815 0.068750 0.149100
0 1.0 0.176563 0.668380 0.087500 0.102828
0 1.0 0.058594 0.661954 0.045312 0.069409
0 1.0 0.820312 0.613111 0.265625 0.331620
0 1.0 0.132031 0.664524 0.076563 0.095116
0 1.0 0.050781 0.656812 0.101562 0.079692
0 1.0 0.817187 0.613111 0.115625 0.249357
0 1.0 0.667188 0.664524 0.225000 0.161954
0 1.0 0.903125 0.658098 0.193750 0.164524
0 1.0 0.817969 0.663239 0.082812 0.071979
0 1.0 0.431250 0.637532 0.109375 0.282776
0 1.0 0.494531 0.646530 0.117188 0.316195
0 1.0 0.458594 0.660668 0.254688 0.133676
0 1.0 0.846875 0.667095 0.081250 0.079692
0 1.0 0.128125 0.709512 0.171875 0.097686
0 1.0 0.764844 0.681234 0.120313 0.293059
0 1.0 0.033594 0.724936 0.067187 0.277635
0 1.0 0.047656 0.708226 0.095312 0.074550
0 1.0 0.050781 0.713368 0.048438 0.064267
0 1.0 0.967187 0.704370 0.046875 0.123393
0 1.0 0.608594 0.674807 0.060937 0.177378
0 1.0 0.606250 0.661954 0.256250 0.290488
0 1.0 0.548438 0.634961 0.087500 0.262211
0 1.0 0.545312 0.659383 0.240625 0.115681
0 1.0 0.575000 0.664524 0.087500 0.100257
0 1.0 0.294531 0.667095 0.076563 0.105398
0 1.0 0.491406 0.667095 0.092188 0.120823
0 1.0 0.778125 0.654242 0.300000 0.125964
0 1.0 0.712500 0.674807 0.121875 0.316195
0 1.0 0.605469 0.669666 0.089063 0.285347
0 1.0 0.044531 0.607969 0.089063 0.069409
0 1.0 0.053906 0.613111 0.039062 0.053985
0 1.0 0.967969 0.588689 0.042188 0.133676
0 1.0 0.943750 0.546272 0.112500 0.100257
0 1.0 0.704688 0.556555 0.265625 0.311054
0 1.0 0.882812 0.548843 0.234375 0.131105
0 1.0 0.214844 0.609254 0.232813 0.107969
0 1.0 0.214062 0.611825 0.106250 0.107969
0 1.0 0.190625 0.609254 0.246875 0.313625
0 1.0 0.131250 0.616967 0.062500 0.071979
0 1.0 0.166406 0.616967 0.085938 0.092545
0 1.0 0.112500 0.610540 0.168750 0.089974
0 1.0 0.775000 0.543702 0.271875 0.156812
0 1.0 0.718750 0.566838 0.081250 0.167095
0 1.0 0.402344 0.538560 0.110937 0.424165
0 1.0 0.650781 0.548843 0.310937 0.120823
0 1.0 0.667188 0.582262 0.068750 0.131105
0 1.0 0.660937 0.553985 0.196875 0.203085
0 1.0 0.594531 0.584833 0.073438 0.187661
0 1.0 0.400781 0.556555 0.254688 0.141388
0 1.0 0.832812 0.548843 0.109375 0.084833
0 1.0 0.774219 0.556555 0.104688 0.233933
0 1.0 0.550000 0.539846 0.240625 0.154242
0 1.0 0.427344 0.610540 0.070312 0.100257
0 1.0 0.292187 0.613111 0.050000 0.074550
0 1.0 0.539062 0.598972 0.193750 0.092545
0 1.0 0.557031 0.600257 0.167187 0.213368
0 1.0 0.704688 0.604113 0.212500 0.133676
0 1.0 0.715625 0.632391 0.081250 0.179949
0 1.0 0.319531 0.602828 0.129688 0.089974
0 1.0 0.569531 0.597686 0.076563 0.079692
0 1.0 0.314063 0.620823 0.021875 0.053985
0 1.0 0.248438 0.645244 0.068750 0.143959
0 1.0 0.511719 0.605398 0.070312 0.079692
0 1.0 0.424219 0.602828 0.198437 0.100257
0 1.0 0.487500 0.609254 0.028125 0.056555
0 1.0 0.771094 0.766067 0.132812 0.082262
0 1.0 0.878125 0.780206 0.168750 0.254499
0 1.0 0.821875 0.772494 0.062500 0.064267
0 1.0 0.811719 0.780206 0.132812 0.254499
0 1.0 0.830469 0.763496 0.310937 0.123393
0 1.0 0.132812 0.705656 0.225000 0.285347
0 1.0 0.492188 0.745501 0.243750 0.272494
0 1.0 0.447656 0.736504 0.098437 0.203085
0 1.0 0.773438 0.766067 0.156250 0.159383
0 1.0 0.050781 0.822622 0.054688 0.077121
0 1.0 0.070312 0.809769 0.140625 0.272494
0 1.0 0.971094 0.796915 0.057813 0.149100
0 1.0 0.939844 0.762211 0.120313 0.095116
0 1.0 0.607031 0.762211 0.085938 0.213368
0 1.0 0.622656 0.762211 0.289062 0.131105
0 1.0 0.549219 0.768638 0.098437 0.107969
0 1.0 0.550000 0.763496 0.168750 0.200514
0 1.0 0.452344 0.759640 0.298438 0.131105
0 1.0 0.217969 0.762211 0.214062 0.125964
0 1.0 0.191406 0.749357 0.117188 0.244216
0 1.0 0.467187 0.764781 0.106250 0.100257
0 1.0 0.718750 0.763496 0.090625 0.179949
0 1.0 0.719531 0.754499 0.242188 0.244216
0 1.0 0.661719 0.737789 0.095312 0.241645
0 1.0 0.325781 0.762211 0.220312 0.146530
0 1.0 0.500000 0.802057 0.125000 0.298201
0 1.0 0.496094 0.809769 0.317188 0.133676
0 1.0 0.193750 0.808483 0.190625 0.141388
0 1.0 0.477344 0.811054 0.120313 0.105398
0 1.0 0.396094 0.804627 0.114062 0.236504
0 1.0 0.384375 0.803342 0.321875 0.125964
0 1.0 0.178125 0.803342 0.256250 0.264781
0 1.0 0.678906 0.807198 0.317188 0.128535
0 1.0 0.670312 0.807198 0.090625 0.190231
0 1.0 0.667188 0.812339 0.256250 0.257069
0 1.0 0.285938 0.793059 0.128125 0.233933
0 1.0 0.546875 0.817481 0.146875 0.128535
0 1.0 0.133594 0.811054 0.120313 0.305913
0 1.0 0.124219 0.818766 0.107813 0.115681
0 1.0 0.033594 0.826478 0.067187 0.264781
0 1.0 0.053906 0.814910 0.107813 0.087404
0 1.0 0.296094 0.809769 0.067187 0.071979
0 1.0 0.237500 0.795630 0.109375 0.280206
0 1.0 0.268750 0.805913 0.128125 0.105398
0 1.0 0.532813 0.708226 0.278125 0.131105
0 1.0 0.564844 0.714653 0.089063 0.107969
0 1.0 0.421094 0.713368 0.289062 0.146530
0 1.0 0.776563 0.706941 0.243750 0.267352
0 1.0 0.732812 0.717224 0.150000 0.128535
0 1.0 0.627344 0.713368 0.145313 0.131105
0 1.0 0.295312 0.710797 0.181250 0.136247
0 1.0 0.224219 0.713368 0.198437 0.125964
0 1.0 0.189062 0.714653 0.065625 0.097686
0 1.0 0.591406 0.577121 0.045312 0.105398
0 1.0 0.139063 0.714653 0.065625 0.087404
0 1.0 0.299219 0.759640 0.104688 0.110540
0 1.0 0.181250 0.766067 0.081250 0.113111
0 1.0 0.125000 0.763496 0.215625 0.107969
0 1.0 0.804688 0.719794 0.096875 0.071979
0 1.0 0.876563 0.717224 0.128125 0.200514
0 1.0 0.846875 0.726221 0.062500 0.064267
0 1.0 0.828125 0.714653 0.300000 0.133676
0 1.0 0.478906 0.713368 0.114062 0.131105
0 1.0 0.136719 0.769923 0.076563 0.095116
0 1.0 0.049219 0.764781 0.098437 0.079692
0 1.0 0.043750 0.771208 0.050000 0.066838
0 1.0 0.942187 0.710797 0.115625 0.095116
0 1.0 0.276562 0.398458 0.128125 0.102828
0 1.0 0.248438 0.419023 0.065625 0.185090
0 1.0 0.286719 0.399743 0.054688 0.089974
0 1.0 0.252344 0.379177 0.226562 0.347044
0 1.0 0.249219 0.388175 0.114062 0.195373
0 1.0 0.185156 0.415167 0.092188 0.254499
0 1.0 0.221094 0.392031 0.142187 0.105398
0 1.0 0.895312 0.331620 0.209375 0.303342
0 1.0 0.301563 0.577121 0.143750 0.249357
0 1.0 0.876563 0.321337 0.115625 0.236504
0 1.0 0.128125 0.412596 0.109375 0.300771
0 1.0 0.159375 0.389460 0.159375 0.105398
0 1.0 0.409375 0.390746 0.250000 0.118252
0 1.0 0.382812 0.353470 0.168750 0.326478
0 1.0 0.033594 0.428021 0.067187 0.244216
0 1.0 0.060156 0.393316 0.120313 0.092545
0 1.0 0.353906 0.393316 0.048438 0.071979
0 1.0 0.292187 0.395887 0.087500 0.298201
0 1.0 0.332031 0.390746 0.051562 0.071979
0 1.0 0.318750 0.375321 0.078125 0.154242
0 1.0 0.884375 0.340617 0.231250 0.131105
0 1.0 0.599219 0.368895 0.079687 0.172237
0 1.0 0.607812 0.341902 0.284375 0.128535
0 1.0 0.075000 0.408740 0.109375 0.323907
0 1.0 0.815625 0.331620 0.115625 0.241645
0 1.0 0.103906 0.395887 0.173437 0.154242
0 1.0 0.768750 0.345758 0.109375 0.208226
0 1.0 0.767188 0.340617 0.259375 0.156812
0 1.0 0.962500 0.340617 0.037500 0.105398
0 1.0 0.955469 0.356041 0.067187 0.146530
0 1.0 0.592969 0.439589 0.048438 0.097686
0 1.0 0.576562 0.403599 0.250000 0.159383
0 1.0 0.834375 0.395887 0.209375 0.143959
0 1.0 0.812500 0.386889 0.265625 0.285347
0 1.0 0.438281 0.415167 0.092188 0.192802
0 1.0 0.068750 0.447301 0.040625 0.051414
0 1.0 0.713281 0.406170 0.114062 0.257069
0 1.0 0.054688 0.455013 0.090625 0.149100
0 1.0 0.963281 0.434447 0.057813 0.174807
0 1.0 0.939844 0.392031 0.120313 0.100257
0 1.0 0.539062 0.449871 0.087500 0.128535
0 1.0 0.508594 0.449871 0.067187 0.154242
0 1.0 0.494531 0.392031 0.229687 0.290488
0 1.0 0.715625 0.394602 0.293750 0.131105
0 1.0 0.707031 0.389460 0.260937 0.275064
0 1.0 0.658594 0.421594 0.101562 0.210797
0 1.0 0.592969 0.437018 0.079687 0.169666
0 1.0 0.665625 0.424165 0.068750 0.128535
0 1.0 0.957031 0.289203 0.051562 0.105398
0 1.0 0.928125 0.289203 0.143750 0.141388
0 1.0 0.921875 0.266067 0.115625 0.295630
0 1.0 0.659375 0.294344 0.243750 0.290488
0 1.0 0.851562 0.285347 0.121875 0.087404
0 1.0 0.885938 0.260925 0.065625 0.120823
0 1.0 0.854688 0.287918 0.212500 0.133676
0 1.0 0.603125 0.307198 0.093750 0.218509
0 1.0 0.139063 0.361183 0.078125 0.182519
0 1.0 0.140625 0.347044 0.212500 0.169666
0 1.0 0.773438 0.269923 0.075000 0.138817
0 1.0 0.053906 0.335476 0.107813 0.084833
0 1.0 0.032031 0.338046 0.064062 0.223650
0 1.0 0.667188 0.290488 0.062500 0.118252
0 1.0 0.028125 0.055270 0.056250 0.105398
0 1.0 0.063281 0.026992 0.054688 0.048843
0 1.0 0.693750 0.677378 0.612500 0.645244
0 1.0 0.317969 0.655527 0.635938 0.688946
0 1.0 0.156250 0.029563 0.090625 0.059126
0 1.0 0.139844 0.060411 0.073438 0.105398
0 1.0 0.138281 0.041131 0.157812 0.082262
0 1.0 0.075000 0.068123 0.062500 0.120823
0 1.0 0.115625 0.026992 0.075000 0.053985
0 1.0 0.099219 0.086118 0.198437 0.172237
0 1.0 0.825781 0.272494 0.064062 0.123393
0 1.0 0.672656 0.286632 0.245312 0.120823
0 1.0 0.767969 0.285347 0.176563 0.200514
0 1.0 0.715625 0.289203 0.115625 0.254499
0 1.0 0.722656 0.275064 0.070312 0.128535
0 1.0 0.659375 0.303342 0.106250 0.236504
0 1.0 0.541406 0.403599 0.060937 0.128535
0 1.0 0.500000 0.403599 0.059375 0.128535
0 1.0 0.496094 0.343188 0.304688 0.141388
0 1.0 0.188281 0.371465 0.057813 0.156812
0 1.0 0.443750 0.356041 0.040625 0.084833
0 1.0 0.667188 0.371465 0.071875 0.131105
0 1.0 0.327344 0.335476 0.123438 0.131105
0 1.0 0.257812 0.376607 0.050000 0.141388
0 1.0 0.212500 0.359897 0.050000 0.118252
0 1.0 0.429688 0.348329 0.134375 0.172237
0 1.0 0.372656 0.341902 0.117188 0.102828
0 1.0 0.021094 0.327763 0.042188 0.141388
0 1.0 0.812500 0.494859 0.275000 0.295630
0 1.0 0.768750 0.496144 0.321875 0.128535
0 1.0 0.421094 0.484576 0.217188 0.336761
0 1.0 0.657813 0.514139 0.090625 0.185090
0 1.0 0.607031 0.497429 0.289062 0.125964
0 1.0 0.713281 0.501285 0.107813 0.241645
0 1.0 0.885938 0.498715 0.228125 0.128535
0 1.0 0.835938 0.501285 0.087500 0.077121
0 1.0 0.874219 0.501285 0.126562 0.246787
0 1.0 0.541406 0.538560 0.067187 0.146530
0 1.0 0.820312 0.498715 0.125000 0.251928
0 1.0 0.488281 0.498715 0.185938 0.215938
0 1.0 0.431250 0.526992 0.087500 0.251928
0 1.0 0.442969 0.496144 0.201563 0.133676
0 1.0 0.132031 0.523136 0.089063 0.290488
0 1.0 0.150000 0.500000 0.209375 0.115681
0 1.0 0.360156 0.506427 0.157812 0.113111
0 1.0 0.590625 0.521851 0.053125 0.097686
0 1.0 0.289062 0.511568 0.037500 0.061697
0 1.0 0.305469 0.478149 0.229687 0.375321
0 1.0 0.508594 0.523136 0.079687 0.197943
0 1.0 0.469531 0.548843 0.070312 0.115681
0 1.0 0.148438 0.557841 0.168750 0.143959
0 1.0 0.335156 0.556555 0.154688 0.110540
0 1.0 0.266406 0.557841 0.107813 0.077121
0 1.0 0.592969 0.553985 0.270313 0.285347
0 1.0 0.239063 0.566838 0.090625 0.275064
0 1.0 0.075781 0.564267 0.089063 0.280206
0 1.0 0.100000 0.556555 0.200000 0.305913
0 1.0 0.050000 0.551414 0.100000 0.079692
0 1.0 0.041406 0.564267 0.082812 0.218509
0 1.0 0.311719 0.571979 0.032813 0.059126
0 1.0 0.968750 0.539846 0.040625 0.133676
0 1.0 0.944531 0.497429 0.110937 0.100257
0 1.0 0.248438 0.556555 0.190625 0.110540
0 1.0 0.186719 0.587404 0.114062 0.228792
0 1.0 0.492969 0.449871 0.245312 0.113111
0 1.0 0.432812 0.458869 0.065625 0.146530
0 1.0 0.182812 0.448586 0.221875 0.331620
0 1.0 0.207031 0.466581 0.060937 0.125964
0 1.0 0.480469 0.447301 0.042188 0.056555
0 1.0 0.635156 0.444730 0.264062 0.123393
0 1.0 0.667188 0.466581 0.062500 0.105398
0 1.0 0.596094 0.492288 0.042188 0.079692
0 1.0 0.313281 0.446015 0.039062 0.064267
0 1.0 0.186719 0.474293 0.060937 0.177378
0 1.0 0.235937 0.447301 0.062500 0.077121
0 1.0 0.196094 0.444730 0.167187 0.154242
0 1.0 0.877344 0.403599 0.107813 0.205656
0 1.0 0.171875 0.446015 0.078125 0.079692
0 1.0 0.128125 0.446015 0.081250 0.069409
0 1.0 0.400781 0.440874 0.029687 0.059126
0 1.0 0.359375 0.426735 0.231250 0.159383
0 1.0 0.286719 0.442159 0.057813 0.087404
0 1.0 0.324219 0.457584 0.039062 0.107969
0 1.0 0.264062 0.444730 0.046875 0.066838
0 1.0 0.189062 0.516710 0.134375 0.200514
0 1.0 0.837500 0.448586 0.212500 0.110540
0 1.0 0.057031 0.496144 0.114062 0.087404
0 1.0 0.264062 0.506427 0.090625 0.071979
0 1.0 0.967969 0.479434 0.039062 0.115681
0 1.0 0.306250 0.506427 0.103125 0.195373
0 1.0 0.241406 0.511568 0.098437 0.113111
0 1.0 0.238281 0.501285 0.176563 0.257069
0 1.0 0.766406 0.458869 0.110937 0.254499
0 1.0 0.767188 0.442159 0.259375 0.143959
0 1.0 0.712500 0.443445 0.181250 0.100257
0 1.0 0.718750 0.455013 0.071875 0.123393
0 1.0 0.963281 0.444730 0.073438 0.082262
0 1.0 0.931250 0.447301 0.137500 0.128535
0 1.0 0.925781 0.443445 0.148438 0.264781
0 1.0 0.842187 0.447301 0.053125 0.056555
0 1.0 0.821094 0.120823 0.270313 0.138817
0 1.0 0.821094 0.128535 0.126562 0.236504
0 1.0 0.554688 0.642674 0.568750 0.226221
0 1.0 0.349219 0.643959 0.492188 0.249357
0 1.0 0.649219 0.616967 0.210938 0.539846
0 1.0 0.546875 0.125964 0.212500 0.154242
0 1.0 0.766406 0.137532 0.126562 0.275064
0 1.0 0.713281 0.122108 0.264062 0.136247
0 1.0 0.710938 0.129820 0.137500 0.239075
0 1.0 0.662500 0.137532 0.134375 0.275064
0 1.0 0.032031 0.182519 0.064062 0.251928
0 1.0 0.053906 0.182519 0.095312 0.071979
0 1.0 0.071875 0.165810 0.143750 0.285347
0 1.0 0.965625 0.174807 0.059375 0.174807
0 1.0 0.945312 0.125964 0.109375 0.102828
0 1.0 0.925000 0.134961 0.150000 0.254499
0 1.0 0.184375 0.217224 0.075000 0.192802
0 1.0 0.246094 0.190231 0.132812 0.092545
0 1.0 0.181250 0.185090 0.250000 0.169666
0 1.0 0.197656 0.192802 0.032813 0.066838
0 1.0 0.121875 0.182519 0.143750 0.092545
0 1.0 0.854688 0.123393 0.137500 0.107969
0 1.0 0.660156 0.759640 0.589063 0.218509
0 1.0 0.276562 0.136247 0.184375 0.092545
0 1.0 0.248438 0.165810 0.065625 0.125964
0 1.0 0.253125 0.131105 0.265625 0.246787
0 1.0 0.208594 0.128535 0.201563 0.097686
0 1.0 0.403906 0.134961 0.289062 0.110540
0 1.0 0.387500 0.176093 0.115625 0.156812
0 1.0 0.424219 0.142674 0.110937 0.089974
0 1.0 0.392188 0.142674 0.246875 0.264781
0 1.0 0.134375 0.140103 0.134375 0.249357
0 1.0 0.229687 0.849614 0.459375 0.203085
0 1.0 0.749219 0.741645 0.395313 0.398458
0 1.0 0.310937 0.178663 0.078125 0.120823
0 1.0 0.298438 0.151671 0.084375 0.066838
0 1.0 0.479687 0.138817 0.100000 0.092545
0 1.0 0.459375 0.150386 0.153125 0.151671
0 1.0 0.339062 0.201799 0.084375 0.136247
0 1.0 0.609375 0.145244 0.121875 0.254499
0 1.0 0.548438 0.155527 0.109375 0.223650
0 1.0 0.348438 0.158098 0.140625 0.146530
0 1.0 0.306250 0.204370 0.053125 0.115681
0 1.0 0.265625 0.746787 0.528125 0.208226
0 1.0 0.502344 0.164524 0.110937 0.215938
0 1.0 0.501563 0.140103 0.250000 0.275064
0 1.0 0.434375 0.196658 0.068750 0.125964
0 1.0 0.712500 0.178663 0.293750 0.136247
0 1.0 0.705469 0.170951 0.242188 0.300771
0 1.0 0.875781 0.167095 0.148438 0.329049
0 1.0 0.852344 0.182519 0.145313 0.102828
0 1.0 0.846875 0.183805 0.231250 0.156812
0 1.0 0.649219 0.446015 0.579688 0.218509
0 1.0 0.538281 0.442159 0.467187 0.483290
0 1.0 0.638281 0.349614 0.589063 0.231362
0 1.0 0.111719 0.236504 0.223438 0.113111
0 1.0 0.343750 0.338046 0.500000 0.233933
0 1.0 0.039844 0.240360 0.079687 0.089974
0 1.0 0.832812 0.249357 0.334375 0.210797
0 1.0 0.229687 0.448586 0.459375 0.223650
0 1.0 0.940625 0.181234 0.118750 0.110540
0 1.0 0.220312 0.556555 0.440625 0.239075
0 1.0 0.196094 0.508997 0.389062 0.508997
0 1.0 0.342969 0.245501 0.117188 0.177378
0 1.0 0.344531 0.200514 0.235937 0.138817
0 1.0 0.241406 0.223650 0.092188 0.236504
0 1.0 0.737500 0.547558 0.525000 0.226221
0 1.0 0.653125 0.537275 0.434375 0.467866
0 1.0 0.607031 0.181234 0.245312 0.167095
0 1.0 0.539844 0.183805 0.198437 0.115681
0 1.0 0.300000 0.201799 0.234375 0.249357
0 1.0 0.339062 0.208226 0.046875 0.077121
0 1.0 0.458594 0.185090 0.282813 0.133676
0 1.0 0.450000 0.191517 0.143750 0.100257
0 1.0 0.857031 0.041131 0.176563 0.082262
0 1.0 0.870313 0.079692 0.246875 0.159383
0 1.0 0.142969 0.125964 0.201563 0.123393
0 1.0 0.819531 0.053985 0.070312 0.107969
0 1.0 0.623437 0.028278 0.109375 0.056555
0 1.0 0.610938 0.051414 0.068750 0.102828
0 1.0 0.609375 0.039846 0.184375 0.079692
0 1.0 0.607031 0.083548 0.242188 0.167095
0 1.0 0.553125 0.062982 0.071875 0.125964
0 1.0 0.785156 0.038560 0.170313 0.077121
0 1.0 0.771875 0.075835 0.246875 0.151671
0 1.0 0.506250 0.877892 0.831250 0.244216
0 1.0 0.712500 0.056555 0.075000 0.113111
0 1.0 0.737500 0.028278 0.115625 0.056555
0 1.0 0.495312 0.655527 0.506250 0.508997
0 1.0 0.058594 0.077121 0.117188 0.087404
0 1.0 0.037500 0.105398 0.075000 0.210797
0 1.0 0.964063 0.061697 0.031250 0.066838
0 1.0 0.769531 0.059126 0.073438 0.118252
0 1.0 0.945312 0.033419 0.109375 0.066838
0 1.0 0.873437 0.047558 0.062500 0.095116
0 1.0 0.925000 0.056555 0.071875 0.113111
0 1.0 0.346094 0.083548 0.232813 0.167095
0 1.0 0.356250 0.056555 0.112500 0.113111
0 1.0 0.293750 0.083548 0.053125 0.105398
0 1.0 0.289062 0.029563 0.103125 0.059126
0 1.0 0.332031 0.025707 0.070312 0.051414
0 1.0 0.469531 0.037275 0.126562 0.074550
0 1.0 0.451562 0.086118 0.237500 0.172237
0 1.0 0.321094 0.323907 0.642188 0.647815
0 1.0 0.192188 0.056555 0.100000 0.107969
0 1.0 0.185938 0.084833 0.237500 0.169666
0 1.0 0.250000 0.057841 0.118750 0.115681
0 1.0 0.249219 0.073265 0.057813 0.089974
0 1.0 0.307031 0.056555 0.098437 0.107969
0 1.0 0.517969 0.029563 0.126562 0.059126
0 1.0 0.507812 0.064267 0.078125 0.113111
0 1.0 0.445312 0.074550 0.037500 0.071979
0 1.0 0.445312 0.066838 0.068750 0.092545
0 1.0 0.660156 0.061697 0.073438 0.123393
0 1.0 0.675781 0.028278 0.129688 0.056555
0 1.0 0.509375 0.182519 0.981250 0.365039
0 1.0 0.396094 0.080977 0.067187 0.146530
0 1.0 0.396875 0.029563 0.193750 0.059126
0 1.0 0.406250 0.056555 0.118750 0.113111
0 1.0 0.343750 0.089974 0.053125 0.107969
0 1.0 0.570312 0.029563 0.115625 0.059126
0 1.0 0.827344 0.844473 0.345313 0.203085
0 1.0 0.224219 0.921594 0.448437 0.156812
0 1.0 0.055469 0.123393 0.110937 0.087404
0 1.0 0.964844 0.113111 0.042188 0.113111
0 1.0 0.182031 0.140103 0.104688 0.197943
0 1.0 0.867969 0.075835 0.151562 0.110540
0 1.0 0.505469 0.077121 0.217188 0.118252
0 1.0 0.741406 0.120823 0.517188 0.241645
0 1.0 0.251563 0.082262 0.215625 0.107969
0 1.0 0.832812 0.922879 0.334375 0.154242
0 1.0 0.302344 0.128535 0.101562 0.133676
0 1.0 0.653906 0.917738 0.589063 0.164524
0 1.0 0.153125 0.917738 0.259375 0.113111
0 1.0 0.400000 0.912596 0.328125 0.128535
0 1.0 0.393750 0.883033 0.143750 0.233933
0 1.0 0.289062 0.881748 0.121875 0.236504
0 1.0 0.343750 0.879177 0.128125 0.241645
0 1.0 0.609375 0.890746 0.256250 0.218509
0 1.0 0.614844 0.916452 0.142187 0.167095
0 1.0 0.506250 0.916452 0.228125 0.146530
0 1.0 0.445312 0.881748 0.118750 0.236504
0 1.0 0.075781 0.893316 0.104688 0.213368
0 1.0 0.051562 0.919023 0.103125 0.079692
0 1.0 0.038281 0.907455 0.076563 0.185090
0 1.0 0.721094 0.811054 0.039062 0.084833
0 1.0 0.738281 0.866324 0.304688 0.123393
0 1.0 0.732031 0.831620 0.032813 0.064267
0 1.0 0.914062 0.870180 0.171875 0.125964
0 1.0 0.955469 0.897172 0.057813 0.087404
0 1.0 0.964063 0.886889 0.031250 0.061697
0 1.0 0.235937 0.893316 0.137500 0.213368
0 1.0 0.189062 0.913882 0.143750 0.172237
0 1.0 0.886719 0.861183 0.070312 0.102828
0 1.0 0.839063 0.883033 0.103125 0.100257
0 1.0 0.106250 0.957584 0.125000 0.084833
0 1.0 0.050000 0.965296 0.068750 0.059126
0 1.0 0.717969 0.911311 0.098437 0.177378
0 1.0 0.918750 0.921594 0.162500 0.141388
0 1.0 0.251563 0.951157 0.153125 0.097686
0 1.0 0.135937 0.938303 0.081250 0.123393
0 1.0 0.171094 0.965296 0.104688 0.069409
0 1.0 0.812500 0.892031 0.128125 0.215938
0 1.0 0.682031 0.915167 0.317188 0.118252
0 1.0 0.665625 0.912596 0.096875 0.174807
0 1.0 0.874219 0.897172 0.132812 0.205656
0 1.0 0.765625 0.892031 0.118750 0.215938
0 1.0 0.764062 0.814910 0.168750 0.102828
0 1.0 0.159375 0.863753 0.159375 0.097686
0 1.0 0.078125 0.835476 0.062500 0.159383
0 1.0 0.028906 0.861183 0.045312 0.138817
0 1.0 0.049219 0.867609 0.098437 0.074550
0 1.0 0.050781 0.870180 0.048438 0.069409
0 1.0 0.291406 0.876607 0.064062 0.071979
0 1.0 0.241406 0.813625 0.067187 0.161954
0 1.0 0.256250 0.871465 0.121875 0.097686
0 1.0 0.193750 0.813625 0.053125 0.125964
0 1.0 0.967187 0.861183 0.062500 0.174807
0 1.0 0.922656 0.812339 0.154688 0.107969
0 1.0 0.814063 0.820051 0.071875 0.082262
0 1.0 0.767969 0.802057 0.048438 0.097686
0 1.0 0.778125 0.823907 0.043750 0.074550
0 1.0 0.487500 0.868895 0.093750 0.092545
0 1.0 0.667969 0.811054 0.032813 0.069409
0 1.0 0.676562 0.841902 0.031250 0.059126
0 1.0 0.448437 0.821337 0.096875 0.161954
0 1.0 0.554688 0.807198 0.050000 0.113111
0 1.0 0.828906 0.853470 0.048438 0.082262
0 1.0 0.448437 0.802057 0.043750 0.097686
0 1.0 0.458594 0.863753 0.264062 0.113111
0 1.0 0.141406 0.814910 0.051562 0.128535
0 1.0 0.341406 0.826478 0.064062 0.136247
0 1.0 0.328906 0.866324 0.207813 0.102828
0 1.0 0.611719 0.816195 0.039062 0.089974
0 1.0 0.619531 0.868895 0.220312 0.102828
0 1.0 0.544531 0.845758 0.260937 0.257069
0 1.0 0.502344 0.820051 0.064062 0.149100
0 1.0 0.884375 0.236504 0.231250 0.133676
0 1.0 0.460156 0.143959 0.557813 0.215938
0 1.0 0.546094 0.269923 0.107813 0.246787
0 1.0 0.716406 0.236504 0.289062 0.133676
0 1.0 0.249219 0.291774 0.135937 0.100257
0 1.0 0.188281 0.313625 0.076563 0.164524
0 1.0 0.193750 0.291774 0.250000 0.182519
0 1.0 0.217969 0.309769 0.039062 0.089974
0 1.0 0.161719 0.286632 0.120313 0.084833
0 1.0 0.147656 0.300771 0.045312 0.118252
0 1.0 0.818750 0.224936 0.118750 0.244216
0 1.0 0.143750 0.298201 0.115625 0.164524
0 1.0 0.074219 0.287918 0.095312 0.277635
0 1.0 0.080469 0.275064 0.045312 0.118252
0 1.0 0.305469 0.309769 0.082812 0.239075
0 1.0 0.059375 0.287918 0.084375 0.066838
0 1.0 0.967969 0.258355 0.064062 0.213368
0 1.0 0.362500 0.242931 0.065625 0.100257
0 1.0 0.289844 0.237789 0.120313 0.120823
0 1.0 0.445312 0.287918 0.071875 0.164524
0 1.0 0.400000 0.233933 0.293750 0.143959
0 1.0 0.437500 0.269923 0.140625 0.215938
0 1.0 0.250000 0.276350 0.068750 0.167095
0 1.0 0.226562 0.235219 0.184375 0.105398
0 1.0 0.182812 0.250643 0.150000 0.203085
0 1.0 0.131250 0.228792 0.221875 0.313625
0 1.0 0.549219 0.255784 0.589063 0.228792
0 1.0 0.494531 0.253213 0.242188 0.280206
0 1.0 0.225000 0.255784 0.450000 0.213368
0 1.0 0.533594 0.232648 0.264062 0.131105
0 1.0 0.501563 0.281491 0.093750 0.228792
0 1.0 0.722656 0.953728 0.170313 0.092545
0 1.0 0.434375 0.961440 0.140625 0.077121
0 1.0 0.713281 0.960154 0.082812 0.064267
0 1.0 0.344531 0.277635 0.195312 0.133676
0 1.0 0.607031 0.948586 0.076563 0.102828
0 1.0 0.664062 0.960154 0.084375 0.064267
0 1.0 0.553125 0.938303 0.087500 0.123393
0 1.0 0.876563 0.943445 0.103125 0.113111
0 1.0 0.878125 0.962725 0.078125 0.059126
0 1.0 0.796875 0.961440 0.131250 0.071979
0 1.0 0.353906 0.962725 0.098437 0.069409
0 1.0 0.331250 0.948586 0.187500 0.102828
0 1.0 0.293750 0.960154 0.081250 0.079692
0 1.0 0.965625 0.944730 0.056250 0.110540
0 1.0 0.501563 0.916452 0.096875 0.167095
0 1.0 0.490625 0.962725 0.075000 0.059126
0 1.0 0.354687 0.078406 0.568750 0.156812
0 1.0 0.498437 0.329049 0.068750 0.118252
0 1.0 0.264062 0.331620 0.031250 0.092545
0 1.0 0.263281 0.295630 0.157812 0.231362
0 1.0 0.528906 0.285347 0.217188 0.149100
0 1.0 0.939063 0.961440 0.121875 0.077121
0 1.0 0.447656 0.353470 0.057813 0.136247
0 1.0 0.817187 0.930591 0.090625 0.138817
0 1.0 0.604688 0.298201 0.050000 0.102828
0 1.0 0.606250 0.284062 0.178125 0.203085
0 1.0 0.346094 0.736504 0.326562 0.341902
0 1.0 0.186719 0.719794 0.373437 0.426735
0 1.0 0.546094 0.739075 0.210938 0.521851
0 1.0 0.873437 0.749357 0.253125 0.419023
0 1.0 0.534375 0.538560 0.243750 0.547558
0 1.0 0.075781 0.542416 0.151562 0.622108
0 1.0 0.438281 0.551414 0.501563 0.244216
0 1.0 0.751563 0.847044 0.218750 0.305913
0 1.0 0.346094 0.883033 0.326562 0.233933
0 1.0 0.257031 0.835476 0.210938 0.329049
0 1.0 0.445312 0.845758 0.203125 0.308483
0 1.0 0.779687 0.299486 0.440625 0.357326
0 1.0 0.675000 0.327763 0.650000 0.655527
0 1.0 0.444531 0.219794 0.210938 0.439589
0 1.0 0.443750 0.508997 0.315625 0.863753
0 1.0 0.432031 0.442159 0.401562 0.313625
0 1.0 0.840625 0.359897 0.206250 0.611825
0 1.0 0.763281 0.464010 0.226562 0.568123
0 1.0 0.761719 0.258355 0.235937 0.516710
0 1.0 0.545312 0.269923 0.215625 0.483290
0 1.0 0.096875 0.352185 0.193750 0.385604
0 1.0 0.308594 0.169666 0.454688 0.339332
0 1.0 0.923438 0.840617 0.153125 0.318766
0 1.0 0.174219 0.332905 0.348438 0.506427