0 1.0 0.522656 0.500000 0.657813 1.000000
0 1.0 0.758594 0.723958 0.264062 0.414583
0 1.0 0.151562 0.696875 0.218750 0.481250
0 1.0 0.299219 0.646875 0.373437 0.556250
0 1.0 0.231250 0.695833 0.196875 0.491667
0 1.0 0.118750 0.610417 0.096875 0.129167
0 1.0 0.092188 0.637500 0.181250 0.279167
0 1.0 0.034375 0.629167 0.068750 0.329167
0 1.0 0.100000 0.605208 0.050000 0.089583
0 1.0 0.962500 0.620833 0.050000 0.170833
0 1.0 0.273438 0.606250 0.056250 0.091667
0 1.0 0.275781 0.591667 0.154688 0.212500
0 1.0 0.226562 0.604167 0.131250 0.258333
0 1.0 0.235937 0.609375 0.265625 0.135417
0 1.0 0.153906 0.609375 0.173437 0.160417
0 1.0 0.946875 0.553125 0.106250 0.106250
0 1.0 0.810156 0.553125 0.257812 0.160417
0 1.0 0.767969 0.583333 0.123438 0.237500
0 1.0 0.708594 0.592708 0.085938 0.202083
0 1.0 0.715625 0.558333 0.284375 0.120833
0 1.0 0.662500 0.591667 0.121875 0.229167
0 1.0 0.925781 0.565625 0.148438 0.277083
0 1.0 0.888281 0.553125 0.223438 0.131250
0 1.0 0.828906 0.575000 0.076563 0.183333
0 1.0 0.875781 0.567708 0.117188 0.289583
0 1.0 0.829688 0.555208 0.068750 0.077083
0 1.0 0.811719 0.609375 0.164062 0.218750
0 1.0 0.307031 0.603125 0.170313 0.114583
0 1.0 0.717187 0.597917 0.178125 0.150000
0 1.0 0.937500 0.604167 0.125000 0.104167
0 1.0 0.883594 0.605208 0.232813 0.131250
0 1.0 0.833594 0.603125 0.064062 0.077083
0 1.0 0.872656 0.605208 0.051562 0.085417
0 1.0 0.863281 0.613542 0.229687 0.302083
0 1.0 0.440625 0.598958 0.134375 0.281250
0 1.0 0.510156 0.606250 0.035937 0.066667
0 1.0 0.396875 0.601042 0.246875 0.122917
0 1.0 0.435156 0.602083 0.051562 0.087500
0 1.0 0.336719 0.569792 0.126562 0.285417
0 1.0 0.618750 0.607292 0.137500 0.264583
0 1.0 0.632812 0.596875 0.190625 0.127083
0 1.0 0.543750 0.629167 0.090625 0.258333
0 1.0 0.487500 0.605208 0.096875 0.085417
0 1.0 0.585156 0.601042 0.098437 0.110417
0 1.0 0.498437 0.626042 0.078125 0.260417
0 1.0 0.508594 0.598958 0.214062 0.114583
0 1.0 0.443750 0.604167 0.062500 0.200000
0 1.0 0.767188 0.546875 0.081250 0.135417
0 1.0 0.767188 0.511458 0.262500 0.156250
0 1.0 0.717969 0.541667 0.064062 0.125000
0 1.0 0.714844 0.493750 0.229687 0.275000
0 1.0 0.602344 0.557292 0.135937 0.093750
0 1.0 0.672656 0.514583 0.264062 0.108333
0 1.0 0.670312 0.553125 0.075000 0.118750
0 1.0 0.614844 0.527083 0.073438 0.150000
0 1.0 0.889062 0.498958 0.221875 0.135417
0 1.0 0.826562 0.505208 0.075000 0.077083
0 1.0 0.392969 0.508333 0.089063 0.254167
0 1.0 0.378125 0.503125 0.268750 0.139583
0 1.0 0.396094 0.478125 0.229687 0.322917
0 1.0 0.269531 0.502083 0.151562 0.120833
0 1.0 0.322656 0.503125 0.189062 0.289583
0 1.0 0.281250 0.545833 0.056250 0.179167
0 1.0 0.277344 0.525000 0.101562 0.245833
0 1.0 0.271094 0.504167 0.070312 0.116667
0 1.0 0.235937 0.533333 0.084375 0.258333
0 1.0 0.621094 0.484375 0.229687 0.306250
0 1.0 0.540625 0.520833 0.081250 0.183333
0 1.0 0.592187 0.517708 0.137500 0.106250
0 1.0 0.498437 0.486458 0.109375 0.289583
0 1.0 0.450781 0.496875 0.139063 0.206250
0 1.0 0.509375 0.505208 0.178125 0.122917
0 1.0 0.492188 0.444792 0.243750 0.372917
0 1.0 0.449219 0.510417 0.107813 0.083333
0 1.0 0.489844 0.563542 0.085938 0.085417
0 1.0 0.457031 0.562500 0.101562 0.154167
0 1.0 0.386719 0.546875 0.167187 0.227083
0 1.0 0.307031 0.550000 0.132812 0.112500
0 1.0 0.560937 0.544792 0.265625 0.289583
0 1.0 0.080469 0.583333 0.098437 0.241667
0 1.0 0.121875 0.555208 0.178125 0.110417
0 1.0 0.241406 0.554167 0.279687 0.162500
0 1.0 0.066406 0.551042 0.060937 0.097917
0 1.0 0.940625 0.501042 0.118750 0.110417
0 1.0 0.290625 0.559375 0.046875 0.106250
0 1.0 0.133594 0.566667 0.070312 0.229167
0 1.0 0.913281 0.725000 0.139063 0.350000
0 1.0 0.893750 0.708333 0.212500 0.179167
0 1.0 0.849219 0.708333 0.104688 0.100000
0 1.0 0.843750 0.748958 0.246875 0.360417
0 1.0 0.123438 0.650000 0.246875 0.141667
0 1.0 0.768750 0.704167 0.278125 0.158333
0 1.0 0.081250 0.759375 0.137500 0.414583
0 1.0 0.125781 0.760417 0.251563 0.129167
0 1.0 0.039844 0.768750 0.079687 0.400000
0 1.0 0.955469 0.740625 0.073438 0.293750
0 1.0 0.935937 0.707292 0.128125 0.114583
0 1.0 0.066406 0.764583 0.060937 0.087500
0 1.0 0.551562 0.712500 0.121875 0.387500
0 1.0 0.582812 0.706250 0.209375 0.125000
0 1.0 0.605469 0.704167 0.079687 0.112500
0 1.0 0.505469 0.731250 0.110937 0.379167
0 1.0 0.499219 0.704167 0.282813 0.141667
0 1.0 0.437500 0.718750 0.100000 0.329167
0 1.0 0.490625 0.710417 0.090625 0.100000
0 1.0 0.514844 0.711458 0.048438 0.093750
0 1.0 0.432031 0.718750 0.260937 0.387500
0 1.0 0.780469 0.722917 0.176563 0.262500
0 1.0 0.709375 0.700000 0.128125 0.354167
0 1.0 0.719531 0.716667 0.132812 0.129167
0 1.0 0.608594 0.693750 0.182812 0.266667
0 1.0 0.667188 0.706250 0.181250 0.162500
0 1.0 0.613281 0.759375 0.289062 0.135417
0 1.0 0.565625 0.764583 0.237500 0.379167
0 1.0 0.496094 0.759375 0.282813 0.127083
0 1.0 0.585156 0.764583 0.095312 0.116667
0 1.0 0.805469 0.762500 0.098437 0.133333
0 1.0 0.747656 0.766667 0.076563 0.108333
0 1.0 0.657813 0.728125 0.128125 0.431250
0 1.0 0.661719 0.753125 0.270313 0.410417
0 1.0 0.282813 0.759375 0.118750 0.218750
0 1.0 0.213281 0.760417 0.129688 0.129167
0 1.0 0.475000 0.763542 0.115625 0.089583
0 1.0 0.185156 0.755208 0.129688 0.281250
0 1.0 0.517969 0.771875 0.039062 0.072917
0 1.0 0.455469 0.765625 0.048438 0.085417
0 1.0 0.245312 0.773958 0.034375 0.064583
0 1.0 0.342969 0.740625 0.151562 0.414583
0 1.0 0.294531 0.760417 0.179688 0.120833
0 1.0 0.511719 0.654167 0.201563 0.129167
0 1.0 0.392969 0.660417 0.142187 0.345833
0 1.0 0.400000 0.653125 0.315625 0.147917
0 1.0 0.434375 0.654167 0.062500 0.108333
0 1.0 0.500000 0.659375 0.053125 0.093750
0 1.0 0.657813 0.651042 0.300000 0.143750
0 1.0 0.577344 0.655208 0.104688 0.127083
0 1.0 0.628906 0.652083 0.148438 0.116667
0 1.0 0.325781 0.655208 0.160938 0.114583
0 1.0 0.094531 0.654167 0.142187 0.100000
0 1.0 0.096875 0.655208 0.053125 0.089583
0 1.0 0.258594 0.648958 0.057813 0.093750
0 1.0 0.198437 0.701042 0.300000 0.143750
0 1.0 0.131250 0.700000 0.137500 0.158333
0 1.0 0.442188 0.706250 0.059375 0.104167
0 1.0 0.316406 0.708333 0.173437 0.120833
0 1.0 0.210156 0.694792 0.142187 0.139583
0 1.0 0.250781 0.705208 0.051562 0.081250
0 1.0 0.279687 0.678125 0.146875 0.227083
0 1.0 0.875000 0.667708 0.090625 0.114583
0 1.0 0.817969 0.658333 0.289062 0.154167
0 1.0 0.082031 0.704167 0.123438 0.095833
0 1.0 0.084375 0.701042 0.053125 0.089583
0 1.0 0.940625 0.656250 0.118750 0.112500
0 1.0 0.602344 0.290625 0.167187 0.206250
0 1.0 0.554688 0.304167 0.121875 0.329167
0 1.0 0.539062 0.287500 0.237500 0.141667
0 1.0 0.486719 0.310417 0.145313 0.279167
0 1.0 0.177344 0.494792 0.217188 0.114583
0 1.0 0.490625 0.284375 0.100000 0.106250
0 1.0 0.785937 0.289583 0.278125 0.154167
0 1.0 0.717187 0.297917 0.112500 0.429167
0 1.0 0.709375 0.295833 0.237500 0.341667
0 1.0 0.666406 0.292708 0.223438 0.106250
0 1.0 0.672656 0.303125 0.045312 0.110417
0 1.0 0.666406 0.296875 0.142187 0.177083
0 1.0 0.600000 0.286458 0.059375 0.147917
0 1.0 0.228906 0.378125 0.032813 0.056250
0 1.0 0.239063 0.300000 0.287500 0.145833
0 1.0 0.195312 0.379167 0.050000 0.120833
0 1.0 0.194531 0.350000 0.076563 0.125000
0 1.0 0.178906 0.307292 0.270313 0.260417
0 1.0 0.135156 0.388542 0.045312 0.102083
0 1.0 0.152344 0.297917 0.204687 0.095833
0 1.0 0.142969 0.382292 0.032813 0.060417
0 1.0 0.086719 0.387500 0.045312 0.100000
0 1.0 0.098437 0.383333 0.025000 0.050000
0 1.0 0.219531 0.337500 0.026562 0.050000
0 1.0 0.402344 0.310417 0.085938 0.229167
0 1.0 0.431250 0.286458 0.293750 0.147917
0 1.0 0.350000 0.363542 0.050000 0.097917
0 1.0 0.391406 0.294792 0.114062 0.089583
0 1.0 0.350000 0.334375 0.087500 0.110417
0 1.0 0.346094 0.294792 0.251563 0.252083
0 1.0 0.367969 0.315625 0.060937 0.089583
0 1.0 0.300781 0.376042 0.051562 0.081250
0 1.0 0.310156 0.297917 0.232813 0.100000
0 1.0 0.301563 0.344792 0.090625 0.093750
0 1.0 0.326562 0.333333 0.031250 0.050000
0 1.0 0.223438 0.382292 0.056250 0.102083
0 1.0 0.282031 0.345833 0.260937 0.266667
0 1.0 0.321094 0.391667 0.042188 0.066667
0 1.0 0.239844 0.375000 0.126562 0.141667
0 1.0 0.773438 0.290625 0.065625 0.172917
0 1.0 0.192969 0.381250 0.107813 0.204167
0 1.0 0.156250 0.361458 0.225000 0.139583
0 1.0 0.411719 0.338542 0.232813 0.164583
0 1.0 0.345313 0.428125 0.046875 0.093750
0 1.0 0.338281 0.353125 0.176563 0.106250
0 1.0 0.342187 0.393750 0.106250 0.137500
0 1.0 0.297656 0.447917 0.042188 0.079167
0 1.0 0.297656 0.404167 0.104688 0.116667
0 1.0 0.878125 0.291667 0.243750 0.137500
0 1.0 0.912500 0.263542 0.140625 0.297917
0 1.0 0.871094 0.310417 0.123438 0.237500
0 1.0 0.857812 0.291667 0.115625 0.095833
0 1.0 0.819531 0.329167 0.095312 0.212500
0 1.0 0.832812 0.323958 0.046875 0.097917
0 1.0 0.832031 0.271875 0.260937 0.318750
0 1.0 0.765625 0.297917 0.106250 0.333333
0 1.0 0.137500 0.354167 0.112500 0.083333
0 1.0 0.100000 0.404167 0.040625 0.104167
0 1.0 0.109375 0.353125 0.218750 0.260417
0 1.0 0.025000 0.418750 0.037500 0.112500
0 1.0 0.093750 0.359375 0.103125 0.077083
0 1.0 0.063281 0.379167 0.060937 0.095833
0 1.0 0.959375 0.307292 0.053125 0.172917
0 1.0 0.939844 0.288542 0.120313 0.106250
0 1.0 0.191406 0.261458 0.079687 0.152083
0 1.0 0.182031 0.251042 0.157812 0.189583
0 1.0 0.139063 0.304167 0.046875 0.112500
0 1.0 0.148438 0.238542 0.296875 0.118750
0 1.0 0.081250 0.314583 0.040625 0.104167
0 1.0 0.101562 0.233333 0.203125 0.291667
0 1.0 0.035156 0.307292 0.039062 0.118750
0 1.0 0.057031 0.238542 0.114062 0.072917
0 1.0 0.346875 0.276042 0.053125 0.156250
0 1.0 0.363281 0.238542 0.289062 0.114583
0 1.0 0.343750 0.259375 0.096875 0.193750
0 1.0 0.299219 0.289583 0.054688 0.129167
0 1.0 0.296094 0.263542 0.110937 0.168750
0 1.0 0.282031 0.231250 0.242188 0.291667
0 1.0 0.223438 0.272917 0.068750 0.195833
0 1.0 0.263281 0.253125 0.060937 0.081250
0 1.0 0.024219 0.071875 0.035937 0.085417
0 1.0 0.075781 0.031250 0.070312 0.062500
0 1.0 0.050000 0.043750 0.100000 0.087500
0 1.0 0.071875 0.071875 0.143750 0.143750
0 1.0 0.519531 0.709375 0.960938 0.543750
0 1.0 0.292969 0.515625 0.498437 0.968750
0 1.0 0.749219 0.500000 0.464062 1.000000
0 1.0 0.542969 0.260417 0.914062 0.470833
0 1.0 0.958594 0.202083 0.064062 0.237500
0 1.0 0.932031 0.181250 0.135937 0.108333
0 1.0 0.872656 0.179167 0.254688 0.145833
0 1.0 0.153906 0.051042 0.232813 0.102083
0 1.0 0.075781 0.065625 0.051562 0.102083
0 1.0 0.143750 0.034375 0.090625 0.068750
0 1.0 0.851562 0.231250 0.171875 0.112500
0 1.0 0.814844 0.236458 0.126562 0.393750
0 1.0 0.410156 0.244792 0.179688 0.235417
0 1.0 0.767969 0.234375 0.182812 0.252083
0 1.0 0.039062 0.379167 0.034375 0.104167
0 1.0 0.063281 0.304167 0.082812 0.054167
0 1.0 0.049219 0.362500 0.035937 0.075000
0 1.0 0.061719 0.333333 0.051562 0.075000
0 1.0 0.937500 0.235417 0.125000 0.145833
0 1.0 0.526563 0.203125 0.265625 0.318750
0 1.0 0.496094 0.240625 0.273438 0.127083
0 1.0 0.719531 0.234375 0.310937 0.127083
0 1.0 0.489844 0.243750 0.117188 0.120833
0 1.0 0.655469 0.236458 0.126562 0.414583
0 1.0 0.603125 0.212500 0.100000 0.220833
0 1.0 0.609375 0.229167 0.243750 0.145833
0 1.0 0.342187 0.505208 0.062500 0.168750
0 1.0 0.263281 0.451042 0.026562 0.052083
0 1.0 0.242188 0.453125 0.156250 0.139583
0 1.0 0.477344 0.337500 0.151562 0.116667
0 1.0 0.310156 0.483333 0.051562 0.108333
0 1.0 0.260937 0.441667 0.081250 0.083333
0 1.0 0.239844 0.494792 0.054688 0.164583
0 1.0 0.235937 0.443750 0.278125 0.179167
0 1.0 0.571875 0.454167 0.093750 0.150000
0 1.0 0.467969 0.445833 0.104688 0.087500
0 1.0 0.453125 0.442708 0.218750 0.160417
0 1.0 0.441406 0.425000 0.070312 0.216667
0 1.0 0.383594 0.451042 0.179688 0.152083
0 1.0 0.493750 0.452083 0.025000 0.050000
0 1.0 0.064062 0.443750 0.065625 0.095833
0 1.0 0.071875 0.448958 0.143750 0.243750
0 1.0 0.960938 0.450000 0.050000 0.150000
0 1.0 0.922656 0.392708 0.154688 0.106250
0 1.0 0.921875 0.393750 0.156250 0.275000
0 1.0 0.199219 0.490625 0.067187 0.206250
0 1.0 0.882031 0.388542 0.223438 0.156250
0 1.0 0.874219 0.421875 0.145313 0.289583
0 1.0 0.230469 0.444792 0.092188 0.093750
0 1.0 0.136719 0.475000 0.060937 0.216667
0 1.0 0.189844 0.438542 0.101562 0.097917
0 1.0 0.030469 0.487500 0.054688 0.137500
0 1.0 0.146875 0.446875 0.134375 0.214583
0 1.0 0.082812 0.475000 0.075000 0.241667
0 1.0 0.162500 0.438542 0.059375 0.077083
0 1.0 0.090625 0.441667 0.034375 0.058333
0 1.0 0.106250 0.510417 0.209375 0.291667
0 1.0 0.052344 0.498958 0.104688 0.093750
0 1.0 0.962500 0.520833 0.040625 0.108333
0 1.0 0.546875 0.450000 0.209375 0.137500
0 1.0 0.880469 0.445833 0.239063 0.129167
0 1.0 0.953125 0.447917 0.093750 0.087500
0 1.0 0.196094 0.509375 0.132812 0.281250
0 1.0 0.714844 0.484375 0.060937 0.135417
0 1.0 0.660937 0.511458 0.071875 0.143750
0 1.0 0.694531 0.451042 0.148438 0.097917
0 1.0 0.672656 0.453125 0.235937 0.160417
0 1.0 0.657813 0.451042 0.081250 0.081250
0 1.0 0.624219 0.485417 0.045312 0.095833
0 1.0 0.573438 0.453125 0.075000 0.072917
0 1.0 0.839844 0.443750 0.035937 0.054167
0 1.0 0.823438 0.489583 0.106250 0.245833
0 1.0 0.800000 0.443750 0.128125 0.087500
0 1.0 0.768750 0.507292 0.053125 0.093750
0 1.0 0.778125 0.448958 0.262500 0.152083
0 1.0 0.947656 0.347917 0.104688 0.150000
0 1.0 0.836719 0.350000 0.295312 0.129167
0 1.0 0.832031 0.389583 0.057813 0.108333
0 1.0 0.147656 0.430208 0.045312 0.139583
0 1.0 0.156250 0.393750 0.103125 0.100000
0 1.0 0.079687 0.419792 0.046875 0.127083
0 1.0 0.101562 0.398958 0.109375 0.172917
0 1.0 0.053906 0.406250 0.085938 0.133333
0 1.0 0.961719 0.346875 0.042188 0.110417
0 1.0 0.597656 0.362500 0.101562 0.316667
0 1.0 0.619531 0.338542 0.289062 0.131250
0 1.0 0.602344 0.362500 0.239063 0.341667
0 1.0 0.453906 0.328125 0.085938 0.181250
0 1.0 0.775000 0.348958 0.187500 0.222917
0 1.0 0.664844 0.365625 0.179688 0.227083
0 1.0 0.660156 0.393750 0.076563 0.229167
0 1.0 0.725781 0.344792 0.289062 0.127083
0 1.0 0.617188 0.389583 0.187500 0.112500
0 1.0 0.610938 0.411458 0.075000 0.185417
0 1.0 0.546875 0.409375 0.118750 0.277083
0 1.0 0.529687 0.395833 0.140625 0.108333
0 1.0 0.828906 0.436458 0.064062 0.127083
0 1.0 0.757812 0.437500 0.100000 0.233333
0 1.0 0.790625 0.393750 0.259375 0.120833
0 1.0 0.713281 0.413542 0.092188 0.231250
0 1.0 0.721875 0.396875 0.228125 0.168750
0 1.0 0.286719 0.471875 0.064062 0.135417
0 1.0 0.196094 0.396875 0.323437 0.127083
0 1.0 0.496094 0.388542 0.204687 0.181250
0 1.0 0.450781 0.390625 0.132812 0.339583
0 1.0 0.487500 0.396875 0.100000 0.089583
0 1.0 0.409375 0.401042 0.206250 0.118750
0 1.0 0.400000 0.402083 0.125000 0.287500
0 1.0 0.316406 0.402083 0.232813 0.112500
0 1.0 0.738281 0.555208 0.492188 0.214583
0 1.0 0.246875 0.648958 0.493750 0.243750
0 1.0 0.185938 0.120833 0.237500 0.241667
0 1.0 0.026562 0.148958 0.053125 0.197917
0 1.0 0.053125 0.123958 0.103125 0.072917
0 1.0 0.444531 0.655208 0.557813 0.247917
0 1.0 0.743750 0.659375 0.465625 0.247917
0 1.0 0.442188 0.597917 0.434375 0.633333
0 1.0 0.507031 0.551042 0.632812 0.214583
0 1.0 0.185938 0.139583 0.096875 0.220833
0 1.0 0.259375 0.554167 0.509375 0.220833
0 1.0 0.434375 0.130208 0.265625 0.260417
0 1.0 0.340625 0.138542 0.115625 0.277083
0 1.0 0.328906 0.123958 0.151562 0.106250
0 1.0 0.660156 0.592708 0.420312 0.560417
0 1.0 0.812500 0.611458 0.303125 0.502083
0 1.0 0.289062 0.121875 0.150000 0.164583
0 1.0 0.833594 0.096875 0.260937 0.193750
0 1.0 0.761719 0.104167 0.101562 0.208333
0 1.0 0.814844 0.093750 0.120313 0.187500
0 1.0 0.559375 0.748958 0.578125 0.277083
0 1.0 0.710938 0.090625 0.093750 0.172917
0 1.0 0.686719 0.080208 0.257812 0.160417
0 1.0 0.154688 0.844792 0.309375 0.218750
0 1.0 0.349219 0.834375 0.492188 0.227083
0 1.0 0.070312 0.133333 0.109375 0.258333
0 1.0 0.137500 0.120833 0.178125 0.108333
0 1.0 0.254688 0.750000 0.509375 0.266667
0 1.0 0.914844 0.101042 0.170313 0.202083
0 1.0 0.964063 0.115625 0.053125 0.164583
0 1.0 0.631250 0.331250 0.390625 0.483333
0 1.0 0.539062 0.354167 0.528125 0.262500
0 1.0 0.349219 0.346875 0.557813 0.235417
0 1.0 0.831250 0.391667 0.218750 0.770833
0 1.0 0.785937 0.351042 0.428125 0.222917
0 1.0 0.142187 0.402083 0.215625 0.483333
0 1.0 0.259375 0.446875 0.518750 0.222917
0 1.0 0.242188 0.483333 0.240625 0.387500
0 1.0 0.762500 0.322917 0.262500 0.545833
0 1.0 0.364063 0.395833 0.403125 0.458333
0 1.0 0.659375 0.242708 0.537500 0.247917
0 1.0 0.048438 0.177083 0.078125 0.120833
0 1.0 0.486719 0.121875 0.148438 0.135417
0 1.0 0.396875 0.137500 0.096875 0.241667
0 1.0 0.785937 0.453125 0.428125 0.218750
0 1.0 0.533594 0.114583 0.226562 0.229167
0 1.0 0.253125 0.131250 0.053125 0.075000
0 1.0 0.615625 0.108333 0.203125 0.216667
0 1.0 0.460156 0.445833 0.610938 0.258333
0 1.0 0.659375 0.085417 0.103125 0.170833
0 1.0 0.650781 0.038542 0.214062 0.077083
0 1.0 0.607812 0.066667 0.093750 0.133333
0 1.0 0.550781 0.081250 0.079687 0.162500
0 1.0 0.576562 0.035417 0.159375 0.070833
0 1.0 0.162500 0.529167 0.325000 0.545833
0 1.0 0.833594 0.040625 0.245312 0.081250
0 1.0 0.822656 0.051042 0.076563 0.102083
0 1.0 0.446875 0.059375 0.100000 0.118750
0 1.0 0.717187 0.786458 0.565625 0.427083
0 1.0 0.353906 0.052083 0.085938 0.104167
0 1.0 0.293750 0.065625 0.056250 0.114583
0 1.0 0.140625 0.070833 0.075000 0.141667
0 1.0 0.267188 0.072917 0.275000 0.145833
0 1.0 0.230469 0.073958 0.082812 0.147917
0 1.0 0.235937 0.039583 0.246875 0.079167
0 1.0 0.187500 0.078125 0.081250 0.147917
0 1.0 0.335156 0.031250 0.042188 0.045833
0 1.0 0.514844 0.034375 0.167187 0.068750
0 1.0 0.497656 0.070833 0.170313 0.141667
0 1.0 0.446875 0.072917 0.050000 0.095833
0 1.0 0.512500 0.032292 0.050000 0.052083
0 1.0 0.396875 0.082292 0.062500 0.156250
0 1.0 0.434375 0.035417 0.237500 0.070833
0 1.0 0.340625 0.075000 0.184375 0.120833
0 1.0 0.744531 0.832292 0.457813 0.235417
0 1.0 0.209375 0.922917 0.418750 0.154167
0 1.0 0.928125 0.058333 0.109375 0.116667
0 1.0 0.874219 0.055208 0.101562 0.110417
0 1.0 0.507031 0.119792 0.773438 0.239583
0 1.0 0.764844 0.071875 0.064062 0.143750
0 1.0 0.776563 0.058333 0.156250 0.116667
0 1.0 0.510938 0.379167 0.371875 0.620833
0 1.0 0.660156 0.921875 0.548438 0.156250
0 1.0 0.263281 0.076042 0.114062 0.118750
0 1.0 0.964063 0.057292 0.034375 0.077083
0 1.0 0.837500 0.923958 0.325000 0.152083
0 1.0 0.719531 0.877083 0.273438 0.154167
0 1.0 0.725000 0.831250 0.059375 0.158333
0 1.0 0.659375 0.802083 0.081250 0.225000
0 1.0 0.651563 0.853125 0.200000 0.247917
0 1.0 0.607812 0.810417 0.059375 0.145833
0 1.0 0.595313 0.879167 0.268750 0.141667
0 1.0 0.547656 0.826042 0.073438 0.202083
0 1.0 0.920312 0.865625 0.137500 0.231250
0 1.0 0.882031 0.829167 0.082812 0.233333
0 1.0 0.873437 0.878125 0.115625 0.110417
0 1.0 0.806250 0.811458 0.140625 0.335417
0 1.0 0.830469 0.870833 0.279687 0.154167
0 1.0 0.375000 0.815625 0.275000 0.335417
0 1.0 0.347656 0.827083 0.073438 0.187500
0 1.0 0.310156 0.877083 0.260937 0.145833
0 1.0 0.276562 0.833333 0.068750 0.212500
0 1.0 0.257812 0.888542 0.056250 0.085417
0 1.0 0.225781 0.773958 0.114062 0.431250
0 1.0 0.207813 0.887500 0.181250 0.150000
0 1.0 0.510156 0.829167 0.076563 0.220833
0 1.0 0.499219 0.875000 0.254688 0.120833
0 1.0 0.494531 0.839583 0.220312 0.279167
0 1.0 0.409375 0.880208 0.143750 0.143750
0 1.0 0.447656 0.847917 0.039062 0.100000
0 1.0 0.482031 0.884375 0.089063 0.110417
0 1.0 0.396875 0.822917 0.100000 0.279167
0 1.0 0.457813 0.921875 0.146875 0.131250
0 1.0 0.394531 0.915625 0.310937 0.127083
0 1.0 0.341406 0.902083 0.104688 0.195833
0 1.0 0.276562 0.901042 0.100000 0.197917
0 1.0 0.253125 0.930208 0.121875 0.097917
0 1.0 0.304688 0.914583 0.096875 0.116667
0 1.0 0.620313 0.917708 0.153125 0.135417
0 1.0 0.546094 0.906250 0.107813 0.187500
0 1.0 0.507031 0.897917 0.107813 0.204167
0 1.0 0.092969 0.895833 0.164062 0.195833
0 1.0 0.066406 0.927083 0.085938 0.104167
0 1.0 0.948438 0.879167 0.062500 0.137500
0 1.0 0.224219 0.863542 0.092188 0.214583
0 1.0 0.179688 0.859375 0.115625 0.281250
0 1.0 0.135937 0.841667 0.128125 0.300000
0 1.0 0.164062 0.825000 0.225000 0.129167
0 1.0 0.229687 0.835417 0.031250 0.066667
0 1.0 0.514844 0.823958 0.135937 0.127083
0 1.0 0.459375 0.822917 0.175000 0.104167
0 1.0 0.507812 0.834375 0.043750 0.077083
0 1.0 0.303125 0.823958 0.184375 0.152083
0 1.0 0.397656 0.819792 0.310937 0.135417
0 1.0 0.442188 0.829167 0.068750 0.100000
0 1.0 0.933594 0.762500 0.132812 0.120833
0 1.0 0.864844 0.767708 0.064062 0.097917
0 1.0 0.833594 0.755208 0.295312 0.139583
0 1.0 0.074219 0.813542 0.148438 0.102083
0 1.0 0.071094 0.819792 0.054688 0.089583
0 1.0 0.064062 0.875000 0.050000 0.087500
0 1.0 0.934375 0.817708 0.131250 0.118750
0 1.0 0.867188 0.819792 0.121875 0.102083
0 1.0 0.064844 0.871875 0.129688 0.106250
0 1.0 0.660937 0.816667 0.328125 0.133333
0 1.0 0.675000 0.821875 0.128125 0.122917
0 1.0 0.900781 0.822917 0.057813 0.095833
0 1.0 0.833594 0.807292 0.289062 0.139583
0 1.0 0.789844 0.807292 0.079687 0.122917
0 1.0 0.750781 0.821875 0.082812 0.106250
0 1.0 0.447656 0.175000 0.310937 0.125000
0 1.0 0.601562 0.173958 0.306250 0.143750
0 1.0 0.546094 0.161458 0.139063 0.181250
0 1.0 0.457813 0.170833 0.134375 0.279167
0 1.0 0.512500 0.177083 0.068750 0.087500
0 1.0 0.353906 0.079167 0.589063 0.158333
0 1.0 0.767188 0.171875 0.268750 0.156250
0 1.0 0.967969 0.943750 0.060937 0.112500
0 1.0 0.928125 0.960417 0.143750 0.079167
0 1.0 0.695312 0.178125 0.265625 0.335417
0 1.0 0.217969 0.176042 0.204687 0.110417
0 1.0 0.264062 0.136458 0.528125 0.231250
0 1.0 0.196094 0.166667 0.029687 0.075000
0 1.0 0.139063 0.189583 0.078125 0.220833
0 1.0 0.139063 0.160417 0.228125 0.137500
0 1.0 0.225000 0.186458 0.106250 0.310417
0 1.0 0.030469 0.227083 0.048438 0.191667
0 1.0 0.034375 0.175000 0.068750 0.075000
0 1.0 0.074219 0.205208 0.070312 0.197917
0 1.0 0.137500 0.171875 0.128125 0.081250
0 1.0 0.457813 0.270833 0.206250 0.450000
0 1.0 0.443750 0.248958 0.528125 0.231250
0 1.0 0.339062 0.171875 0.212500 0.143750
0 1.0 0.357812 0.172917 0.065625 0.116667
0 1.0 0.296094 0.202083 0.092188 0.204167
0 1.0 0.275781 0.175000 0.095312 0.108333
0 1.0 0.314063 0.188542 0.040625 0.077083
0 1.0 0.789844 0.138542 0.420312 0.231250
0 1.0 0.382031 0.179167 0.064062 0.066667
0 1.0 0.242188 0.256250 0.418750 0.404167
0 1.0 0.158594 0.953125 0.135937 0.093750
0 1.0 0.156250 0.962500 0.062500 0.054167
0 1.0 0.094531 0.947917 0.114062 0.104167
0 1.0 0.109375 0.963542 0.034375 0.043750
0 1.0 0.044531 0.912500 0.089063 0.175000
0 1.0 0.089063 0.958333 0.056250 0.066667
0 1.0 0.935937 0.916667 0.128125 0.116667
0 1.0 0.247656 0.963542 0.064062 0.052083
0 1.0 0.287500 0.950000 0.100000 0.100000
0 1.0 0.237500 0.953125 0.075000 0.093750
0 1.0 0.186719 0.961458 0.051562 0.052083
0 1.0 0.769531 0.856250 0.129688 0.254167
0 1.0 0.717187 0.884375 0.106250 0.231250
0 1.0 0.657031 0.895833 0.101562 0.208333
0 1.0 0.864062 0.920833 0.162500 0.116667
0 1.0 0.858594 0.967708 0.114062 0.064583
0 1.0 0.818750 0.926042 0.112500 0.147917
0 1.0 0.767188 0.920833 0.093750 0.158333
0 1.0 0.800000 0.967708 0.087500 0.056250
0 1.0 0.782813 0.961458 0.146875 0.077083
0 1.0 0.716406 0.939583 0.082812 0.120833
0 1.0 0.753906 0.963542 0.092188 0.056250
0 1.0 0.661719 0.946875 0.079687 0.106250
0 1.0 0.694531 0.965625 0.092188 0.056250
0 1.0 0.880469 0.183333 0.239063 0.362500
0 1.0 0.852344 0.175000 0.148438 0.108333
0 1.0 0.867969 0.965625 0.057813 0.052083
0 1.0 0.511719 0.953125 0.129688 0.093750
0 1.0 0.448437 0.956250 0.065625 0.087500
0 1.0 0.509375 0.964583 0.075000 0.050000
0 1.0 0.400781 0.941667 0.085938 0.116667
0 1.0 0.440625 0.963542 0.118750 0.060417
0 1.0 0.342969 0.951042 0.070312 0.097917
0 1.0 0.328906 0.965625 0.048438 0.047917
0 1.0 0.675000 0.959375 0.153125 0.081250
0 1.0 0.610156 0.953125 0.076563 0.093750
0 1.0 0.629687 0.965625 0.087500 0.056250
0 1.0 0.580469 0.956250 0.176563 0.087500
0 1.0 0.558594 0.961458 0.076563 0.052083
0 1.0 0.895312 0.829167 0.209375 0.341667
0 1.0 0.354687 0.165625 0.218750 0.331250
0 1.0 0.072656 0.381250 0.145313 0.600000
0 1.0 0.877344 0.462500 0.245312 0.458333
0 1.0 0.505469 0.850000 0.679688 0.300000