0 1.0 0.603906 0.864583 0.126562 0.229167
0 1.0 0.761719 0.581250 0.229687 0.341667
0 1.0 0.491406 0.804167 0.829688 0.391667
0 1.0 0.064062 0.610417 0.028125 0.054167
0 1.0 0.068750 0.602083 0.137500 0.270833
0 1.0 0.034375 0.640625 0.068750 0.189583
0 1.0 0.300781 0.609375 0.160938 0.202083
0 1.0 0.232813 0.622917 0.112500 0.270833
0 1.0 0.245312 0.601042 0.306250 0.127083
0 1.0 0.277344 0.604167 0.085938 0.104167
0 1.0 0.233594 0.606250 0.276562 0.279167
0 1.0 0.184375 0.613542 0.109375 0.297917
0 1.0 0.900781 0.551042 0.198437 0.181250
0 1.0 0.959375 0.592708 0.040625 0.122917
0 1.0 0.130469 0.616667 0.107813 0.287500
0 1.0 0.142969 0.603125 0.245312 0.118750
0 1.0 0.406250 0.603125 0.259375 0.110417
0 1.0 0.043750 0.605208 0.087500 0.072917
0 1.0 0.427344 0.607292 0.092188 0.102083
0 1.0 0.398438 0.606250 0.237500 0.275000
0 1.0 0.392188 0.632292 0.121875 0.218750
0 1.0 0.947656 0.550000 0.104688 0.108333
0 1.0 0.917188 0.557292 0.140625 0.352083
0 1.0 0.786719 0.544792 0.132812 0.114583
0 1.0 0.607812 0.585417 0.118750 0.275000
0 1.0 0.642188 0.543750 0.168750 0.116667
0 1.0 0.620313 0.570833 0.275000 0.291667
0 1.0 0.558594 0.589583 0.098437 0.220833
0 1.0 0.835156 0.554167 0.167187 0.266667
0 1.0 0.508594 0.604167 0.270313 0.279167
0 1.0 0.135156 0.602083 0.242188 0.312500
0 1.0 0.123438 0.606250 0.071875 0.095833
0 1.0 0.765625 0.539583 0.293750 0.162500
0 1.0 0.747656 0.585417 0.132812 0.162500
0 1.0 0.946875 0.607292 0.106250 0.135417
0 1.0 0.877344 0.607292 0.245312 0.139583
0 1.0 0.521875 0.596875 0.184375 0.135417
0 1.0 0.623437 0.595833 0.206250 0.116667
0 1.0 0.782813 0.602083 0.087500 0.087500
0 1.0 0.825000 0.597917 0.065625 0.091667
0 1.0 0.108594 0.657292 0.217188 0.122917
0 1.0 0.109375 0.658333 0.081250 0.108333
0 1.0 0.706250 0.594792 0.071875 0.106250
0 1.0 0.329688 0.610417 0.031250 0.062500
0 1.0 0.500000 0.626042 0.100000 0.252083
0 1.0 0.442969 0.621875 0.123438 0.227083
0 1.0 0.466406 0.603125 0.073438 0.085417
0 1.0 0.667969 0.597917 0.135937 0.320833
0 1.0 0.685156 0.501042 0.248438 0.168750
0 1.0 0.610938 0.539583 0.071875 0.141667
0 1.0 0.504687 0.533333 0.093750 0.212500
0 1.0 0.517969 0.498958 0.254688 0.118750
0 1.0 0.118750 0.551042 0.225000 0.114583
0 1.0 0.659375 0.521875 0.103125 0.206250
0 1.0 0.719531 0.548958 0.126562 0.285417
0 1.0 0.047656 0.565625 0.095312 0.156250
0 1.0 0.936719 0.497917 0.126562 0.108333
0 1.0 0.566406 0.513542 0.189062 0.210417
0 1.0 0.232031 0.519792 0.110937 0.227083
0 1.0 0.238281 0.502083 0.220312 0.150000
0 1.0 0.188281 0.533333 0.082812 0.229167
0 1.0 0.174219 0.512500 0.260937 0.295833
0 1.0 0.446094 0.510417 0.251563 0.291667
0 1.0 0.455469 0.515625 0.154688 0.185417
0 1.0 0.442188 0.552083 0.068750 0.166667
0 1.0 0.294531 0.536458 0.085938 0.231250
0 1.0 0.340625 0.542708 0.078125 0.231250
0 1.0 0.353906 0.496875 0.260937 0.114583
0 1.0 0.336719 0.506250 0.251563 0.312500
0 1.0 0.353906 0.552083 0.232813 0.112500
0 1.0 0.248438 0.557292 0.259375 0.118750
0 1.0 0.281250 0.562500 0.093750 0.104167
0 1.0 0.871094 0.496875 0.257812 0.139583
0 1.0 0.777344 0.494792 0.229687 0.135417
0 1.0 0.063281 0.554167 0.079687 0.070833
0 1.0 0.068750 0.561458 0.040625 0.068750
0 1.0 0.419531 0.557292 0.170313 0.139583
0 1.0 0.802344 0.716667 0.270313 0.120833
0 1.0 0.814844 0.678125 0.120313 0.327083
0 1.0 0.114062 0.767708 0.096875 0.102083
0 1.0 0.100781 0.773958 0.201563 0.335417
0 1.0 0.033594 0.787500 0.064062 0.258333
0 1.0 0.056250 0.769792 0.034375 0.052083
0 1.0 0.714063 0.691667 0.125000 0.316667
0 1.0 0.742188 0.726042 0.084375 0.077083
0 1.0 0.716406 0.671875 0.251563 0.393750
0 1.0 0.049219 0.761458 0.098437 0.077083
0 1.0 0.960938 0.754167 0.050000 0.187500
0 1.0 0.947656 0.709375 0.104688 0.093750
0 1.0 0.930469 0.720833 0.139063 0.291667
0 1.0 0.239063 0.763542 0.200000 0.243750
0 1.0 0.195312 0.763542 0.300000 0.127083
0 1.0 0.179688 0.769792 0.137500 0.331250
0 1.0 0.857031 0.727083 0.029687 0.050000
0 1.0 0.872656 0.707292 0.176563 0.235417
0 1.0 0.766406 0.703125 0.179688 0.235417
0 1.0 0.503125 0.714583 0.053125 0.079167
0 1.0 0.439063 0.723958 0.256250 0.322917
0 1.0 0.657031 0.714583 0.310937 0.120833
0 1.0 0.442969 0.711458 0.070312 0.102083
0 1.0 0.700781 0.717708 0.076563 0.085417
0 1.0 0.662500 0.696875 0.181250 0.218750
0 1.0 0.602344 0.721875 0.117188 0.360417
0 1.0 0.406250 0.706250 0.293750 0.129167
0 1.0 0.910156 0.714583 0.126562 0.133333
0 1.0 0.789062 0.718750 0.071875 0.066667
0 1.0 0.557031 0.729167 0.114062 0.300000
0 1.0 0.582812 0.718750 0.096875 0.091667
0 1.0 0.500781 0.721875 0.117188 0.339583
0 1.0 0.564844 0.790625 0.173437 0.206250
0 1.0 0.514844 0.767708 0.345313 0.122917
0 1.0 0.774219 0.765625 0.289062 0.118750
0 1.0 0.300000 0.762500 0.150000 0.308333
0 1.0 0.448437 0.772917 0.162500 0.212500
0 1.0 0.389844 0.765625 0.132812 0.360417
0 1.0 0.439844 0.771875 0.079687 0.106250
0 1.0 0.742969 0.770833 0.104688 0.108333
0 1.0 0.650781 0.764583 0.317188 0.129167
0 1.0 0.660937 0.762500 0.118750 0.308333
0 1.0 0.685156 0.772917 0.114062 0.120833
0 1.0 0.647656 0.780208 0.260937 0.335417
0 1.0 0.902344 0.765625 0.145313 0.147917
0 1.0 0.542188 0.788542 0.265625 0.318750
0 1.0 0.783594 0.768750 0.114062 0.087500
0 1.0 0.847656 0.776042 0.035937 0.064583
0 1.0 0.590625 0.779167 0.103125 0.100000
0 1.0 0.510938 0.776042 0.046875 0.068750
0 1.0 0.107031 0.761458 0.214062 0.106250
0 1.0 0.347656 0.762500 0.295312 0.129167
0 1.0 0.328906 0.773958 0.045312 0.068750
0 1.0 0.274219 0.768750 0.120313 0.120833
0 1.0 0.537500 0.775000 0.143750 0.112500
0 1.0 0.409375 0.657292 0.306250 0.135417
0 1.0 0.669531 0.658333 0.304688 0.141667
0 1.0 0.695312 0.656250 0.100000 0.112500
0 1.0 0.632812 0.714583 0.115625 0.108333
0 1.0 0.346094 0.661458 0.170313 0.227083
0 1.0 0.282813 0.659375 0.268750 0.122917
0 1.0 0.339844 0.665625 0.032813 0.068750
0 1.0 0.859375 0.631250 0.106250 0.333333
0 1.0 0.554688 0.655208 0.315625 0.135417
0 1.0 0.574219 0.655208 0.132812 0.131250
0 1.0 0.467187 0.661458 0.078125 0.102083
0 1.0 0.778125 0.644792 0.300000 0.152083
0 1.0 0.044531 0.657292 0.089063 0.085417
0 1.0 0.056250 0.660417 0.031250 0.062500
0 1.0 0.959375 0.638542 0.043750 0.139583
0 1.0 0.277344 0.659375 0.092188 0.110417
0 1.0 0.390625 0.539583 0.087500 0.229167
0 1.0 0.435156 0.663542 0.095312 0.122917
0 1.0 0.188281 0.655208 0.179688 0.152083
0 1.0 0.143750 0.708333 0.121875 0.120833
0 1.0 0.058594 0.708333 0.029687 0.054167
0 1.0 0.053906 0.698958 0.107813 0.193750
0 1.0 0.957812 0.656250 0.084375 0.095833
0 1.0 0.260937 0.709375 0.259375 0.118750
0 1.0 0.321875 0.712500 0.037500 0.066667
0 1.0 0.133594 0.707292 0.267188 0.127083
0 1.0 0.521875 0.713542 0.159375 0.118750
0 1.0 0.442188 0.718750 0.096875 0.295833
0 1.0 0.041406 0.706250 0.082812 0.075000
0 1.0 0.266406 0.710417 0.107813 0.112500
0 1.0 0.178125 0.726042 0.265625 0.335417
0 1.0 0.116406 0.706250 0.076563 0.095833
0 1.0 0.864844 0.665625 0.070312 0.085417
0 1.0 0.824219 0.663542 0.098437 0.081250
0 1.0 0.477344 0.289583 0.070312 0.137500
0 1.0 0.395313 0.266667 0.115625 0.333333
0 1.0 0.406250 0.286458 0.275000 0.122917
0 1.0 0.670312 0.289583 0.240625 0.150000
0 1.0 0.604688 0.260417 0.046875 0.133333
0 1.0 0.292969 0.269792 0.120313 0.327083
0 1.0 0.264062 0.290625 0.209375 0.102083
0 1.0 0.307031 0.287500 0.067187 0.125000
0 1.0 0.602344 0.263542 0.092188 0.285417
0 1.0 0.824219 0.287500 0.107813 0.079167
0 1.0 0.600000 0.267708 0.237500 0.302083
0 1.0 0.545312 0.285417 0.259375 0.120833
0 1.0 0.557813 0.255208 0.100000 0.231250
0 1.0 0.821094 0.284375 0.182812 0.210417
0 1.0 0.773438 0.297917 0.087500 0.216667
0 1.0 0.765625 0.288542 0.300000 0.118750
0 1.0 0.782813 0.290625 0.040625 0.093750
0 1.0 0.764062 0.277083 0.256250 0.291667
0 1.0 0.452344 0.267708 0.120313 0.293750
0 1.0 0.502344 0.269792 0.110937 0.347917
0 1.0 0.341406 0.265625 0.129688 0.297917
0 1.0 0.357031 0.284375 0.092188 0.152083
0 1.0 0.035156 0.267708 0.070312 0.222917
0 1.0 0.043750 0.290625 0.059375 0.077083
0 1.0 0.065625 0.277083 0.131250 0.291667
0 1.0 0.240625 0.272917 0.115625 0.316667
0 1.0 0.940625 0.234375 0.118750 0.106250
0 1.0 0.956250 0.245833 0.081250 0.212500
0 1.0 0.929688 0.223958 0.140625 0.306250
0 1.0 0.215625 0.288542 0.243750 0.156250
0 1.0 0.187500 0.276042 0.112500 0.285417
0 1.0 0.205469 0.287500 0.057813 0.104167
0 1.0 0.132812 0.282292 0.106250 0.285417
0 1.0 0.153125 0.289583 0.171875 0.100000
0 1.0 0.140625 0.275000 0.059375 0.137500
0 1.0 0.137500 0.271875 0.256250 0.322917
0 1.0 0.148438 0.342708 0.218750 0.160417
0 1.0 0.075781 0.362500 0.082812 0.245833
0 1.0 0.332031 0.343750 0.295312 0.133333
0 1.0 0.880469 0.297917 0.092188 0.270833
0 1.0 0.050000 0.346875 0.100000 0.164583
0 1.0 0.960938 0.322917 0.037500 0.116667
0 1.0 0.954688 0.288542 0.090625 0.097917
0 1.0 0.339062 0.340625 0.246875 0.289583
0 1.0 0.307812 0.347917 0.093750 0.158333
0 1.0 0.238281 0.342708 0.254688 0.168750
0 1.0 0.135937 0.361458 0.078125 0.185417
0 1.0 0.509375 0.342708 0.193750 0.156250
0 1.0 0.501563 0.331250 0.225000 0.312500
0 1.0 0.447656 0.321875 0.045312 0.122917
0 1.0 0.022656 0.344792 0.045312 0.177083
0 1.0 0.050781 0.340625 0.095312 0.077083
0 1.0 0.718750 0.291667 0.087500 0.212500
0 1.0 0.730469 0.278125 0.042188 0.089583
0 1.0 0.662500 0.269792 0.081250 0.206250
0 1.0 0.671094 0.265625 0.045312 0.102083
0 1.0 0.887500 0.289583 0.225000 0.129167
0 1.0 0.187500 0.360417 0.087500 0.237500
0 1.0 0.817969 0.304167 0.082812 0.225000
0 1.0 0.828125 0.291667 0.037500 0.087500
0 1.0 0.889844 0.281250 0.039062 0.095833
0 1.0 0.961719 0.177083 0.060937 0.200000
0 1.0 0.947656 0.177083 0.104688 0.100000
0 1.0 0.242188 0.232292 0.293750 0.139583
0 1.0 0.231250 0.216667 0.237500 0.325000
0 1.0 0.875000 0.178125 0.125000 0.356250
0 1.0 0.839844 0.178125 0.101562 0.077083
0 1.0 0.834375 0.172917 0.190625 0.116667
0 1.0 0.132812 0.233333 0.215625 0.170833
0 1.0 0.038281 0.233333 0.067187 0.087500
0 1.0 0.396875 0.219792 0.234375 0.318750
0 1.0 0.353906 0.231250 0.295312 0.129167
0 1.0 0.429688 0.233333 0.112500 0.112500
0 1.0 0.500000 0.536458 1.000000 0.718750
0 1.0 0.068750 0.070833 0.137500 0.141667
0 1.0 0.257031 0.518750 0.464062 0.962500
0 1.0 0.199219 0.050000 0.245312 0.100000
0 1.0 0.203125 0.050000 0.093750 0.091667
0 1.0 0.139063 0.059375 0.050000 0.093750
0 1.0 0.810937 0.178125 0.131250 0.356250
0 1.0 0.076563 0.069792 0.050000 0.089583
0 1.0 0.143750 0.033333 0.071875 0.058333
0 1.0 0.121094 0.039583 0.104688 0.079167
0 1.0 0.725000 0.614583 0.509375 0.770833
0 1.0 0.718750 0.234375 0.293750 0.127083
0 1.0 0.713281 0.225000 0.176563 0.250000
0 1.0 0.885938 0.235417 0.228125 0.129167
0 1.0 0.560937 0.232292 0.284375 0.131250
0 1.0 0.867969 0.233333 0.229687 0.354167
0 1.0 0.078906 0.269792 0.051562 0.139583
0 1.0 0.088281 0.292708 0.176563 0.143750
0 1.0 0.513281 0.221875 0.232813 0.318750
0 1.0 0.262500 0.239583 0.071875 0.091667
0 1.0 0.489844 0.236458 0.089063 0.102083
0 1.0 0.450781 0.205208 0.067187 0.193750
0 1.0 0.240625 0.444792 0.240625 0.143750
0 1.0 0.208594 0.451042 0.142187 0.097917
0 1.0 0.185938 0.466667 0.118750 0.229167
0 1.0 0.502344 0.451042 0.042188 0.052083
0 1.0 0.443750 0.477083 0.084375 0.133333
0 1.0 0.471875 0.468750 0.078125 0.108333
0 1.0 0.406250 0.442708 0.240625 0.110417
0 1.0 0.138281 0.464583 0.154688 0.187500
0 1.0 0.078125 0.490625 0.068750 0.197917
0 1.0 0.125000 0.448958 0.121875 0.085417
0 1.0 0.400000 0.464583 0.112500 0.208333
0 1.0 0.347656 0.446875 0.064062 0.064583
0 1.0 0.343750 0.469792 0.118750 0.239583
0 1.0 0.620313 0.460417 0.309375 0.158333
0 1.0 0.624219 0.475000 0.129688 0.150000
0 1.0 0.561719 0.496875 0.067187 0.168750
0 1.0 0.604688 0.453125 0.078125 0.072917
0 1.0 0.134375 0.495833 0.075000 0.191667
0 1.0 0.810937 0.456250 0.103125 0.200000
0 1.0 0.808594 0.398958 0.273438 0.118750
0 1.0 0.803125 0.410417 0.265625 0.295833
0 1.0 0.770312 0.453125 0.100000 0.172917
0 1.0 0.780469 0.452083 0.064062 0.104167
0 1.0 0.072656 0.447917 0.032813 0.045833
0 1.0 0.033594 0.473958 0.067187 0.197917
0 1.0 0.042969 0.445833 0.085938 0.083333
0 1.0 0.067187 0.446875 0.134375 0.281250
0 1.0 0.357031 0.457292 0.095312 0.131250
0 1.0 0.270313 0.450000 0.153125 0.087500
0 1.0 0.292969 0.464583 0.129688 0.250000
0 1.0 0.952344 0.446875 0.054688 0.118750
0 1.0 0.921094 0.400000 0.157812 0.150000
0 1.0 0.919531 0.406250 0.126562 0.400000
0 1.0 0.308594 0.458333 0.073438 0.120833
0 1.0 0.867188 0.487500 0.100000 0.283333
0 1.0 0.143750 0.498958 0.259375 0.127083
0 1.0 0.050000 0.501042 0.100000 0.072917
0 1.0 0.283594 0.505208 0.092188 0.089583
0 1.0 0.870313 0.487500 0.065625 0.166667
0 1.0 0.780469 0.452083 0.304688 0.112500
0 1.0 0.571875 0.469792 0.125000 0.156250
0 1.0 0.507031 0.471875 0.073438 0.143750
0 1.0 0.512500 0.448958 0.240625 0.139583
0 1.0 0.756250 0.457292 0.165625 0.089583
0 1.0 0.732812 0.494792 0.062500 0.127083
0 1.0 0.530469 0.450000 0.135937 0.087500
0 1.0 0.960156 0.506250 0.032813 0.104167
0 1.0 0.945312 0.444792 0.109375 0.081250
0 1.0 0.660937 0.492708 0.059375 0.106250
0 1.0 0.685937 0.469792 0.140625 0.147917
0 1.0 0.654687 0.455208 0.106250 0.081250
0 1.0 0.615625 0.505208 0.043750 0.085417
0 1.0 0.817969 0.343750 0.323437 0.137500
0 1.0 0.816406 0.389583 0.070312 0.125000
0 1.0 0.770312 0.390625 0.093750 0.168750
0 1.0 0.057813 0.393750 0.115625 0.083333
0 1.0 0.726562 0.380208 0.065625 0.118750
0 1.0 0.724219 0.352083 0.207813 0.195833
0 1.0 0.659375 0.376042 0.087500 0.197917
0 1.0 0.291406 0.391667 0.182812 0.129167
0 1.0 0.961719 0.379167 0.029687 0.079167
0 1.0 0.928906 0.342708 0.142187 0.114583
0 1.0 0.950000 0.387500 0.050000 0.104167
0 1.0 0.189062 0.392708 0.300000 0.135417
0 1.0 0.181250 0.395833 0.256250 0.312500
0 1.0 0.188281 0.393750 0.164062 0.216667
0 1.0 0.344531 0.351042 0.089063 0.260417
0 1.0 0.609375 0.350000 0.084375 0.250000
0 1.0 0.620313 0.342708 0.315625 0.127083
0 1.0 0.882031 0.382292 0.070312 0.156250
0 1.0 0.780469 0.387500 0.064062 0.104167
0 1.0 0.558594 0.393750 0.251563 0.308333
0 1.0 0.499219 0.396875 0.104688 0.264583
0 1.0 0.511719 0.393750 0.260937 0.112500
0 1.0 0.729688 0.450000 0.059375 0.108333
0 1.0 0.400000 0.392708 0.300000 0.131250
0 1.0 0.728906 0.420833 0.160938 0.158333
0 1.0 0.694531 0.401042 0.323437 0.110417
0 1.0 0.678125 0.403125 0.281250 0.268750
0 1.0 0.867188 0.397917 0.200000 0.195833
0 1.0 0.554688 0.409375 0.096875 0.197917
0 1.0 0.450000 0.409375 0.106250 0.177083
0 1.0 0.439844 0.388542 0.239063 0.285417
0 1.0 0.139844 0.423958 0.073438 0.164583
0 1.0 0.613281 0.408333 0.185938 0.195833
0 1.0 0.232813 0.412500 0.112500 0.279167
0 1.0 0.052344 0.126042 0.104688 0.189583
0 1.0 0.960938 0.087500 0.050000 0.125000
0 1.0 0.235156 0.681250 0.426563 0.475000
0 1.0 0.068750 0.830208 0.031250 0.056250
0 1.0 0.564844 0.629167 0.557813 0.262500
0 1.0 0.578906 0.663542 0.442188 0.531250
0 1.0 0.032031 0.151042 0.064062 0.302083
0 1.0 0.910937 0.082292 0.153125 0.164583
0 1.0 0.350781 0.686458 0.207813 0.510417
0 1.0 0.838281 0.648958 0.210938 0.568750
0 1.0 0.128125 0.126042 0.128125 0.235417
0 1.0 0.142969 0.140625 0.242188 0.281250
0 1.0 0.121875 0.118750 0.125000 0.083333
0 1.0 0.053125 0.122917 0.059375 0.058333
0 1.0 0.470313 0.548958 0.621875 0.235417
0 1.0 0.349219 0.563542 0.451562 0.435417
0 1.0 0.360156 0.646875 0.632812 0.227083
0 1.0 0.554688 0.623958 0.215625 0.547917
0 1.0 0.707812 0.081250 0.200000 0.162500
0 1.0 0.821094 0.075000 0.273438 0.150000
0 1.0 0.824219 0.083333 0.120313 0.166667
0 1.0 0.768750 0.096875 0.118750 0.193750
0 1.0 0.232813 0.841667 0.465625 0.208333
0 1.0 0.829688 0.755208 0.340625 0.218750
0 1.0 0.349219 0.773958 0.610938 0.239583
0 1.0 0.249219 0.738542 0.217188 0.502083
0 1.0 0.517969 0.121875 0.270313 0.243750
0 1.0 0.600781 0.103125 0.182812 0.177083
0 1.0 0.663281 0.354167 0.210938 0.587500
0 1.0 0.649219 0.351042 0.567187 0.222917
0 1.0 0.664062 0.360417 0.434375 0.466667
0 1.0 0.231250 0.334375 0.403125 0.485417
0 1.0 0.465625 0.459375 0.656250 0.210417
0 1.0 0.253125 0.454167 0.203125 0.587500
0 1.0 0.502344 0.131250 0.120313 0.262500
0 1.0 0.536719 0.109375 0.235937 0.106250
0 1.0 0.449219 0.337500 0.420312 0.466667
0 1.0 0.360156 0.348958 0.610938 0.210417
0 1.0 0.649219 0.253125 0.567187 0.235417
0 1.0 0.655469 0.125000 0.126562 0.225000
0 1.0 0.303906 0.117708 0.035937 0.056250
0 1.0 0.279687 0.127083 0.234375 0.254167
0 1.0 0.392969 0.132292 0.123438 0.264583
0 1.0 0.235937 0.111458 0.221875 0.106250
0 1.0 0.189062 0.133333 0.109375 0.254167
0 1.0 0.415625 0.110417 0.221875 0.100000
0 1.0 0.445312 0.136458 0.087500 0.210417
0 1.0 0.500000 0.110417 0.093750 0.070833
0 1.0 0.225000 0.453125 0.450000 0.222917
0 1.0 0.447656 0.109375 0.060937 0.077083
0 1.0 0.353125 0.109375 0.109375 0.077083
0 1.0 0.723437 0.500000 0.337500 0.383333
0 1.0 0.339844 0.117708 0.154688 0.193750
0 1.0 0.682031 0.839583 0.439063 0.320833
0 1.0 0.712500 0.063542 0.075000 0.127083
0 1.0 0.659375 0.087500 0.068750 0.112500
0 1.0 0.669531 0.041667 0.204687 0.083333
0 1.0 0.559375 0.064583 0.150000 0.129167
0 1.0 0.510156 0.076042 0.064062 0.131250
0 1.0 0.517969 0.040625 0.160938 0.081250
0 1.0 0.608594 0.079167 0.067187 0.100000
0 1.0 0.741406 0.698958 0.517188 0.327083
0 1.0 0.778125 0.044792 0.250000 0.089583
0 1.0 0.775781 0.065625 0.064062 0.102083
0 1.0 0.056250 0.058333 0.059375 0.079167
0 1.0 0.357812 0.057292 0.078125 0.089583
0 1.0 0.293750 0.045833 0.059375 0.091667
0 1.0 0.445312 0.068750 0.056250 0.083333
0 1.0 0.075781 0.036458 0.042188 0.047917
0 1.0 0.022656 0.066667 0.032813 0.075000
0 1.0 0.897656 0.173958 0.204687 0.156250
0 1.0 0.285938 0.037500 0.165625 0.075000
0 1.0 0.235937 0.054167 0.065625 0.108333
0 1.0 0.500000 0.182292 1.000000 0.364583
0 1.0 0.547656 0.068750 0.060937 0.108333
0 1.0 0.586719 0.038542 0.110937 0.077083
0 1.0 0.509375 0.039583 0.046875 0.054167
0 1.0 0.458594 0.069792 0.229687 0.139583
0 1.0 0.477344 0.062500 0.085938 0.104167
0 1.0 0.400000 0.066667 0.053125 0.100000
0 1.0 0.418750 0.037500 0.193750 0.075000
0 1.0 0.343750 0.066667 0.243750 0.133333
0 1.0 0.446094 0.062500 0.029687 0.054167
0 1.0 0.338281 0.035417 0.048438 0.054167
0 1.0 0.290625 0.103125 0.125000 0.206250
0 1.0 0.549219 0.906250 0.567187 0.187500
0 1.0 0.819531 0.846875 0.360938 0.206250
0 1.0 0.279687 0.917708 0.559375 0.164583
0 1.0 0.235156 0.090625 0.135937 0.181250
0 1.0 0.462500 0.077083 0.046875 0.070833
0 1.0 0.342187 0.090625 0.084375 0.181250
0 1.0 0.369531 0.070833 0.148438 0.095833
0 1.0 0.957031 0.062500 0.029687 0.070833
0 1.0 0.936719 0.039583 0.126562 0.079167
0 1.0 0.946094 0.063542 0.051562 0.089583
0 1.0 0.878906 0.071875 0.067187 0.139583
0 1.0 0.134375 0.068750 0.146875 0.091667
0 1.0 0.136719 0.506250 0.273438 0.845833
0 1.0 0.886719 0.038542 0.114062 0.077083
0 1.0 0.745313 0.118750 0.509375 0.237500
0 1.0 0.260156 0.070833 0.273438 0.112500
0 1.0 0.314063 0.077083 0.043750 0.058333
0 1.0 0.022656 0.103125 0.045312 0.168750
0 1.0 0.257812 0.118750 0.515625 0.237500
0 1.0 0.832812 0.922917 0.334375 0.154167
0 1.0 0.060937 0.075000 0.040625 0.062500
0 1.0 0.928906 0.858333 0.067187 0.175000
0 1.0 0.607812 0.865625 0.278125 0.177083
0 1.0 0.805469 0.878125 0.104688 0.089583
0 1.0 0.889062 0.877083 0.034375 0.079167
0 1.0 0.854688 0.885417 0.062500 0.079167
0 1.0 0.823438 0.858333 0.053125 0.129167
0 1.0 0.522656 0.894792 0.067187 0.118750
0 1.0 0.135156 0.891667 0.270313 0.216667
0 1.0 0.072656 0.910417 0.101562 0.179167
0 1.0 0.811719 0.870833 0.192188 0.212500
0 1.0 0.774219 0.848958 0.048438 0.102083
0 1.0 0.781250 0.871875 0.034375 0.072917
0 1.0 0.032813 0.931250 0.059375 0.083333
0 1.0 0.959375 0.880208 0.025000 0.060417
0 1.0 0.938281 0.870833 0.123438 0.104167
0 1.0 0.948438 0.892708 0.043750 0.085417
0 1.0 0.922656 0.860417 0.154688 0.250000
0 1.0 0.233594 0.887500 0.054688 0.108333
0 1.0 0.249219 0.872917 0.145313 0.141667
0 1.0 0.189062 0.892708 0.046875 0.118750
0 1.0 0.483594 0.870833 0.310937 0.158333
0 1.0 0.457813 0.884375 0.062500 0.110417
0 1.0 0.395313 0.855208 0.075000 0.177083
0 1.0 0.453125 0.867708 0.031250 0.068750
0 1.0 0.718750 0.867708 0.046875 0.102083
0 1.0 0.692187 0.880208 0.231250 0.197917
0 1.0 0.645312 0.867708 0.090625 0.177083
0 1.0 0.573438 0.854167 0.075000 0.154167
0 1.0 0.407813 0.846875 0.284375 0.256250
0 1.0 0.348438 0.848958 0.053125 0.143750
0 1.0 0.353906 0.868750 0.323437 0.137500
0 1.0 0.353906 0.917708 0.323437 0.114583
0 1.0 0.346094 0.900000 0.126562 0.200000
0 1.0 0.293750 0.914583 0.093750 0.170833
0 1.0 0.503906 0.902083 0.110937 0.195833
0 1.0 0.530469 0.911458 0.295312 0.147917
0 1.0 0.185938 0.915625 0.087500 0.168750
0 1.0 0.824219 0.914583 0.082812 0.158333
0 1.0 0.764062 0.902083 0.106250 0.195833
0 1.0 0.446875 0.919792 0.087500 0.160417
0 1.0 0.710938 0.904167 0.093750 0.154167
0 1.0 0.228906 0.923958 0.092188 0.152083
0 1.0 0.243750 0.917708 0.231250 0.135417
0 1.0 0.880469 0.855208 0.051562 0.127083
0 1.0 0.135156 0.916667 0.089063 0.166667
0 1.0 0.882812 0.873958 0.234375 0.135417
0 1.0 0.398438 0.889583 0.146875 0.220833
0 1.0 0.035937 0.920833 0.071875 0.158333
0 1.0 0.254688 0.821875 0.137500 0.131250
0 1.0 0.448437 0.837500 0.090625 0.237500
0 1.0 0.507812 0.831250 0.059375 0.091667
0 1.0 0.151562 0.825000 0.162500 0.145833
0 1.0 0.121875 0.828125 0.093750 0.110417
0 1.0 0.432031 0.825000 0.117188 0.125000
0 1.0 0.332031 0.816667 0.310937 0.133333
0 1.0 0.343750 0.805208 0.140625 0.314583
0 1.0 0.132031 0.823958 0.117188 0.310417
0 1.0 0.050781 0.820833 0.101562 0.075000
0 1.0 0.055469 0.834375 0.110937 0.181250
0 1.0 0.296875 0.830208 0.053125 0.081250
0 1.0 0.940625 0.762500 0.118750 0.104167
0 1.0 0.877344 0.814583 0.245312 0.125000
0 1.0 0.139063 0.883333 0.050000 0.116667
0 1.0 0.812500 0.816667 0.109375 0.250000
0 1.0 0.764062 0.814583 0.121875 0.316667
0 1.0 0.078125 0.880208 0.050000 0.118750
0 1.0 0.103125 0.878125 0.178125 0.118750
0 1.0 0.302344 0.861458 0.051562 0.114583
0 1.0 0.303125 0.868750 0.150000 0.179167
0 1.0 0.860156 0.828125 0.042188 0.064583
0 1.0 0.521094 0.818750 0.357812 0.145833
0 1.0 0.775781 0.823958 0.204687 0.156250
0 1.0 0.714063 0.827083 0.115625 0.316667
0 1.0 0.048438 0.876042 0.096875 0.085417
0 1.0 0.058594 0.885417 0.029687 0.054167
0 1.0 0.961719 0.862500 0.051562 0.162500
0 1.0 0.931250 0.814583 0.137500 0.095833
0 1.0 0.874219 0.814583 0.114062 0.254167
0 1.0 0.805469 0.818750 0.126562 0.083333
0 1.0 0.409375 0.176042 0.268750 0.114583
0 1.0 0.346875 0.166667 0.087500 0.141667
0 1.0 0.295312 0.180208 0.209375 0.106250
0 1.0 0.378906 0.178125 0.107813 0.085417
0 1.0 0.214062 0.180208 0.225000 0.114583
0 1.0 0.304688 0.170833 0.071875 0.125000
0 1.0 0.557031 0.158333 0.120313 0.279167
0 1.0 0.564844 0.175000 0.264062 0.120833
0 1.0 0.453906 0.069792 0.632812 0.139583
0 1.0 0.766406 0.161458 0.157812 0.227083
0 1.0 0.725781 0.170833 0.273438 0.120833
0 1.0 0.970313 0.956250 0.050000 0.087500
0 1.0 0.499219 0.183333 0.085938 0.070833
0 1.0 0.473438 0.180208 0.071875 0.122917
0 1.0 0.746094 0.256250 0.382812 0.458333
0 1.0 0.353906 0.246875 0.589063 0.227083
0 1.0 0.338281 0.237500 0.426563 0.458333
0 1.0 0.552344 0.237500 0.426563 0.450000
0 1.0 0.080469 0.167708 0.139063 0.227083
0 1.0 0.060156 0.179167 0.060937 0.062500
0 1.0 0.190625 0.169792 0.056250 0.102083
0 1.0 0.554688 0.132292 0.600000 0.222917
0 1.0 0.945312 0.120833 0.109375 0.104167
0 1.0 0.854688 0.115625 0.131250 0.097917
0 1.0 0.131250 0.175000 0.143750 0.091667
0 1.0 0.063281 0.960417 0.045312 0.054167
0 1.0 0.050781 0.957292 0.064062 0.077083
0 1.0 0.296094 0.962500 0.051562 0.062500
0 1.0 0.266406 0.957292 0.101562 0.085417
0 1.0 0.304688 0.959375 0.096875 0.081250
0 1.0 0.580469 0.965625 0.029687 0.035417
0 1.0 0.544531 0.958333 0.085938 0.058333
0 1.0 0.224219 0.961458 0.092188 0.060417
0 1.0 0.193750 0.951042 0.168750 0.097917
0 1.0 0.363281 0.963542 0.067187 0.052083
0 1.0 0.464844 0.955208 0.107813 0.089583
0 1.0 0.396875 0.937500 0.090625 0.125000
0 1.0 0.456250 0.963542 0.068750 0.052083
0 1.0 0.344531 0.941667 0.079687 0.116667
0 1.0 0.930469 0.917708 0.139063 0.102083
0 1.0 0.839844 0.919792 0.176563 0.118750
0 1.0 0.871875 0.897917 0.103125 0.204167
0 1.0 0.180469 0.960417 0.067187 0.058333
0 1.0 0.121875 0.952083 0.103125 0.087500
0 1.0 0.146875 0.958333 0.065625 0.058333
0 1.0 0.792969 0.952083 0.120313 0.083333
0 1.0 0.768750 0.961458 0.068750 0.056250
0 1.0 0.933594 0.961458 0.132812 0.077083
0 1.0 0.573438 0.943750 0.109375 0.112500
0 1.0 0.927344 0.938542 0.079687 0.122917
0 1.0 0.654687 0.956250 0.043750 0.041667
0 1.0 0.647656 0.164583 0.251563 0.308333
0 1.0 0.858594 0.961458 0.032813 0.039583
0 1.0 0.860156 0.956250 0.067187 0.066667
0 1.0 0.720313 0.956250 0.106250 0.087500
0 1.0 0.650000 0.921875 0.109375 0.156250
0 1.0 0.716406 0.962500 0.045312 0.045833
0 1.0 0.626563 0.963542 0.025000 0.031250
0 1.0 0.607812 0.955208 0.046875 0.047917
0 1.0 0.635156 0.943750 0.089063 0.066667
0 1.0 0.876563 0.950000 0.140625 0.100000
0 1.0 0.809375 0.958333 0.071875 0.054167
0 1.0 0.515625 0.950000 0.115625 0.100000
0 1.0 0.531250 0.963542 0.031250 0.035417
0 1.0 0.507812 0.957292 0.059375 0.056250
0 1.0 0.858594 0.644792 0.282813 0.272917
0 1.0 0.483594 0.532292 0.504687 0.935417
0 1.0 0.070312 0.448958 0.140625 0.668750
0 1.0 0.875000 0.463542 0.250000 0.435417