0 1.0 0.400391 0.512500 0.257812 0.621875
0 1.0 0.573242 0.617969 0.275391 0.329688
0 1.0 0.292969 0.625781 0.222656 0.329688
0 1.0 0.242188 0.598437 0.230469 0.109375
0 1.0 0.287109 0.602344 0.054688 0.079687
0 1.0 0.437500 0.626563 0.195312 0.303125
0 1.0 0.403320 0.596094 0.197266 0.104688
0 1.0 0.654297 0.610938 0.140625 0.300000
0 1.0 0.442383 0.604688 0.056641 0.087500
0 1.0 0.181641 0.601562 0.121094 0.328125
0 1.0 0.345703 0.598437 0.050781 0.071875
0 1.0 0.293945 0.620313 0.107422 0.306250
0 1.0 0.309570 0.601562 0.017578 0.043750
0 1.0 0.309570 0.593750 0.166016 0.096875
0 1.0 0.058594 0.604688 0.039062 0.053125
0 1.0 0.071289 0.588281 0.142578 0.285938
0 1.0 0.964844 0.567187 0.035156 0.109375
0 1.0 0.953125 0.547656 0.093750 0.092188
0 1.0 0.930664 0.549219 0.138672 0.135937
0 1.0 0.145508 0.600000 0.228516 0.103125
0 1.0 0.917969 0.542188 0.117188 0.340625
0 1.0 0.874023 0.527344 0.123047 0.289062
0 1.0 0.773438 0.551562 0.070312 0.075000
0 1.0 0.128906 0.601562 0.128906 0.321875
0 1.0 0.161133 0.603125 0.095703 0.093750
0 1.0 0.128906 0.603125 0.070312 0.078125
0 1.0 0.047852 0.601562 0.095703 0.071875
0 1.0 0.958984 0.612500 0.066406 0.156250
0 1.0 0.873047 0.600000 0.253906 0.131250
0 1.0 0.891602 0.592969 0.216797 0.301563
0 1.0 0.749023 0.602344 0.060547 0.070312
0 1.0 0.798828 0.603906 0.046875 0.070312
0 1.0 0.812500 0.589063 0.136719 0.306250
0 1.0 0.758789 0.592969 0.275391 0.132812
0 1.0 0.146484 0.657031 0.292969 0.129688
0 1.0 0.134766 0.657031 0.242188 0.307812
0 1.0 0.121094 0.659375 0.125000 0.118750
0 1.0 0.036133 0.672656 0.072266 0.264062
0 1.0 0.065430 0.660156 0.130859 0.092188
0 1.0 0.063477 0.665625 0.044922 0.065625
0 1.0 0.625000 0.591406 0.273438 0.167187
0 1.0 0.600586 0.597656 0.126953 0.104688
0 1.0 0.499023 0.632031 0.123047 0.385937
0 1.0 0.486328 0.599219 0.175781 0.142187
0 1.0 0.754883 0.585938 0.134766 0.284375
0 1.0 0.704102 0.588281 0.197266 0.214062
0 1.0 0.045898 0.550781 0.060547 0.070312
0 1.0 0.956055 0.492969 0.087891 0.089063
0 1.0 0.934570 0.492969 0.130859 0.132812
0 1.0 0.805664 0.539844 0.251953 0.251563
0 1.0 0.807617 0.496094 0.052734 0.064062
0 1.0 0.185547 0.545312 0.222656 0.146875
0 1.0 0.115234 0.546875 0.179688 0.096875
0 1.0 0.132812 0.542969 0.226562 0.323437
0 1.0 0.659180 0.489844 0.119141 0.279687
0 1.0 0.672852 0.500781 0.298828 0.135937
0 1.0 0.607422 0.486719 0.140625 0.310937
0 1.0 0.813477 0.496094 0.162109 0.114062
0 1.0 0.573242 0.499219 0.275391 0.114062
0 1.0 0.551758 0.486719 0.130859 0.267188
0 1.0 0.817383 0.499219 0.103516 0.207813
0 1.0 0.716797 0.504687 0.160156 0.228125
0 1.0 0.963867 0.517969 0.033203 0.107813
0 1.0 0.576172 0.550000 0.304688 0.134375
0 1.0 0.785156 0.554688 0.156250 0.121875
0 1.0 0.312500 0.550781 0.183594 0.104688
0 1.0 0.343750 0.541406 0.128906 0.364063
0 1.0 0.239258 0.542188 0.123047 0.353125
0 1.0 0.281250 0.558594 0.066406 0.089063
0 1.0 0.484375 0.551562 0.257812 0.162500
0 1.0 0.406250 0.548438 0.238281 0.125000
0 1.0 0.085938 0.766406 0.171875 0.226562
0 1.0 0.056641 0.770312 0.113281 0.075000
0 1.0 0.063477 0.776563 0.037109 0.053125
0 1.0 0.048828 0.767969 0.097656 0.160938
0 1.0 0.960938 0.735156 0.058594 0.201563
0 1.0 0.956055 0.717187 0.087891 0.109375
0 1.0 0.928711 0.710156 0.142578 0.279687
0 1.0 0.881836 0.716406 0.236328 0.117188
0 1.0 0.183594 0.742969 0.136719 0.310937
0 1.0 0.268555 0.768750 0.123047 0.115625
0 1.0 0.244141 0.747656 0.207031 0.207813
0 1.0 0.492188 0.720313 0.210938 0.290625
0 1.0 0.341797 0.724219 0.128906 0.245312
0 1.0 0.152344 0.767188 0.304688 0.128125
0 1.0 0.156250 0.774219 0.148438 0.120313
0 1.0 0.126953 0.776563 0.085938 0.090625
0 1.0 0.707031 0.719531 0.164062 0.298438
0 1.0 0.647461 0.707031 0.306641 0.148438
0 1.0 0.605469 0.700000 0.140625 0.346875
0 1.0 0.870117 0.700000 0.130859 0.353125
0 1.0 0.786133 0.717969 0.068359 0.064062
0 1.0 0.844727 0.725000 0.037109 0.053125
0 1.0 0.814453 0.701562 0.132812 0.287500
0 1.0 0.804688 0.714063 0.242188 0.143750
0 1.0 0.650391 0.760938 0.289062 0.140625
0 1.0 0.805664 0.771094 0.115234 0.085938
0 1.0 0.862305 0.780469 0.041016 0.064062
0 1.0 0.862305 0.760156 0.248047 0.323437
0 1.0 0.799805 0.765625 0.333984 0.137500
0 1.0 0.418945 0.777344 0.310547 0.145313
0 1.0 0.401367 0.696094 0.138672 0.310937
0 1.0 0.480469 0.784375 0.031250 0.071875
0 1.0 0.369141 0.775000 0.093750 0.103125
0 1.0 0.627930 0.741406 0.259766 0.335938
0 1.0 0.316406 0.780469 0.035156 0.064062
0 1.0 0.569336 0.770312 0.068359 0.103125
0 1.0 0.548828 0.760938 0.164062 0.231250
0 1.0 0.529297 0.769531 0.085938 0.120313
0 1.0 0.528320 0.785937 0.033203 0.075000
0 1.0 0.626953 0.651563 0.328125 0.156250
0 1.0 0.595703 0.655469 0.117188 0.135937
0 1.0 0.767578 0.653906 0.304688 0.132812
0 1.0 0.356445 0.663281 0.076172 0.110937
0 1.0 0.260742 0.658594 0.279297 0.135937
0 1.0 0.319336 0.667188 0.025391 0.068750
0 1.0 0.271484 0.660937 0.105469 0.131250
0 1.0 0.467773 0.653906 0.306641 0.148438
0 1.0 0.464844 0.663281 0.167969 0.114062
0 1.0 0.455078 0.660937 0.054688 0.103125
0 1.0 0.344727 0.657031 0.162109 0.114062
0 1.0 0.334961 0.720313 0.166016 0.109375
0 1.0 0.351562 0.725000 0.066406 0.093750
0 1.0 0.813477 0.661719 0.044922 0.064062
0 1.0 0.295898 0.728906 0.029297 0.067187
0 1.0 0.263672 0.715625 0.121094 0.134375
0 1.0 0.587891 0.717187 0.082031 0.112500
0 1.0 0.483398 0.715625 0.298828 0.143750
0 1.0 0.506836 0.718750 0.103516 0.128125
0 1.0 0.502930 0.721094 0.052734 0.092188
0 1.0 0.469727 0.717187 0.033203 0.075000
0 1.0 0.068359 0.717969 0.042969 0.064062
0 1.0 0.952148 0.653906 0.095703 0.095312
0 1.0 0.878906 0.655469 0.242188 0.126562
0 1.0 0.763672 0.658594 0.062500 0.067187
0 1.0 0.152344 0.707031 0.304688 0.135937
0 1.0 0.060547 0.711719 0.121094 0.082812
0 1.0 0.124023 0.712500 0.107422 0.112500
0 1.0 0.929688 0.286719 0.140625 0.260937
0 1.0 0.957031 0.305469 0.085938 0.120313
0 1.0 0.891602 0.291406 0.216797 0.135937
0 1.0 0.189453 0.403906 0.054688 0.164062
0 1.0 0.441406 0.468750 0.207031 0.262500
0 1.0 0.851562 0.297656 0.097656 0.082812
0 1.0 0.891602 0.342187 0.041016 0.093750
0 1.0 0.829102 0.351562 0.080078 0.159375
0 1.0 0.846680 0.360156 0.025391 0.054688
0 1.0 0.882812 0.335938 0.089844 0.190625
0 1.0 0.151367 0.357812 0.216797 0.159375
0 1.0 0.072266 0.388281 0.054688 0.179688
0 1.0 0.140625 0.349219 0.117188 0.095312
0 1.0 0.347656 0.361719 0.144531 0.254688
0 1.0 0.036133 0.388281 0.037109 0.139063
0 1.0 0.051758 0.350781 0.103516 0.073438
0 1.0 0.068359 0.341406 0.136719 0.276562
0 1.0 0.951172 0.367188 0.035156 0.087500
0 1.0 0.940430 0.334375 0.033203 0.062500
0 1.0 0.641602 0.295312 0.166016 0.106250
0 1.0 0.600586 0.345313 0.029297 0.075000
0 1.0 0.617188 0.303906 0.257812 0.160938
0 1.0 0.557617 0.366406 0.068359 0.132812
0 1.0 0.567383 0.298438 0.134766 0.096875
0 1.0 0.824219 0.278906 0.246094 0.285938
0 1.0 0.556641 0.295312 0.226562 0.275000
0 1.0 0.512695 0.341406 0.068359 0.151562
0 1.0 0.760742 0.342187 0.083984 0.184375
0 1.0 0.506836 0.301563 0.244141 0.146875
0 1.0 0.520508 0.310937 0.107422 0.134375
0 1.0 0.446289 0.335938 0.091797 0.175000
0 1.0 0.784180 0.293750 0.310547 0.134375
0 1.0 0.774414 0.339844 0.033203 0.073438
0 1.0 0.717773 0.313281 0.103516 0.289062
0 1.0 0.595703 0.345313 0.074219 0.178125
0 1.0 0.711914 0.284375 0.244141 0.306250
0 1.0 0.661133 0.326562 0.095703 0.225000
0 1.0 0.673828 0.324219 0.035156 0.085938
0 1.0 0.725586 0.309375 0.044922 0.118750
0 1.0 0.657227 0.370312 0.193359 0.200000
0 1.0 0.609375 0.400000 0.042969 0.103125
0 1.0 0.557617 0.425781 0.052734 0.104688
0 1.0 0.158203 0.413281 0.042969 0.110937
0 1.0 0.564453 0.367969 0.148438 0.173437
0 1.0 0.512695 0.422656 0.056641 0.114062
0 1.0 0.768555 0.395313 0.048828 0.112500
0 1.0 0.833008 0.361719 0.169922 0.176563
0 1.0 0.781250 0.349219 0.328125 0.120313
0 1.0 0.037109 0.428125 0.062500 0.184375
0 1.0 0.762695 0.366406 0.169922 0.185938
0 1.0 0.724609 0.389844 0.050781 0.117188
0 1.0 0.661133 0.403906 0.064453 0.154688
0 1.0 0.718750 0.387500 0.078125 0.184375
0 1.0 0.282227 0.366406 0.123047 0.245312
0 1.0 0.306641 0.360938 0.074219 0.146875
0 1.0 0.234375 0.378906 0.097656 0.260937
0 1.0 0.248047 0.339844 0.269531 0.135937
0 1.0 0.504883 0.366406 0.173828 0.179688
0 1.0 0.184570 0.379688 0.111328 0.240625
0 1.0 0.187500 0.350000 0.214844 0.290625
0 1.0 0.437500 0.341406 0.175781 0.226562
0 1.0 0.354492 0.337500 0.259766 0.143750
0 1.0 0.286133 0.397656 0.060547 0.164062
0 1.0 0.625000 0.239844 0.226562 0.164062
0 1.0 0.613281 0.227344 0.238281 0.367188
0 1.0 0.552734 0.254688 0.097656 0.256250
0 1.0 0.580078 0.241406 0.128906 0.129688
0 1.0 0.500000 0.303125 0.066406 0.078125
0 1.0 0.502930 0.239063 0.310547 0.131250
0 1.0 0.502930 0.217969 0.126953 0.289062
0 1.0 0.442383 0.254688 0.068359 0.143750
0 1.0 0.438477 0.243750 0.134766 0.200000
0 1.0 0.763672 0.249219 0.093750 0.220312
0 1.0 0.722656 0.235937 0.304688 0.134375
0 1.0 0.603516 0.238281 0.062500 0.185938
0 1.0 0.601562 0.242188 0.097656 0.321875
0 1.0 0.237305 0.267188 0.130859 0.334375
0 1.0 0.248047 0.235937 0.289062 0.140625
0 1.0 0.243164 0.047656 0.173828 0.095312
0 1.0 0.188477 0.053125 0.111328 0.106250
0 1.0 0.134766 0.082031 0.082031 0.164062
0 1.0 0.477539 0.251563 0.091797 0.100000
0 1.0 0.144531 0.087500 0.230469 0.175000
0 1.0 0.078125 0.085156 0.058594 0.126562
0 1.0 0.149414 0.032813 0.068359 0.062500
0 1.0 0.124023 0.043750 0.115234 0.087500
0 1.0 0.031250 0.084375 0.050781 0.115625
0 1.0 0.380859 0.235937 0.109375 0.237500
0 1.0 0.665039 0.241406 0.087891 0.223438
0 1.0 0.298828 0.248438 0.136719 0.203125
0 1.0 0.351562 0.246094 0.171875 0.129688
0 1.0 0.283203 0.254688 0.058594 0.078125
0 1.0 0.319336 0.308594 0.033203 0.076563
0 1.0 0.260742 0.290625 0.181641 0.103125
0 1.0 0.248047 0.332031 0.058594 0.135937
0 1.0 0.215820 0.321094 0.033203 0.076563
0 1.0 0.143555 0.348438 0.080078 0.187500
0 1.0 0.165039 0.293750 0.150391 0.096875
0 1.0 0.154297 0.339844 0.035156 0.079687
0 1.0 0.151367 0.300781 0.263672 0.154688
0 1.0 0.473633 0.323437 0.048828 0.078125
0 1.0 0.386719 0.314063 0.136719 0.237500
0 1.0 0.415039 0.296875 0.279297 0.131250
0 1.0 0.401367 0.298438 0.072266 0.075000
0 1.0 0.374023 0.300781 0.064453 0.104688
0 1.0 0.886719 0.232813 0.226562 0.134375
0 1.0 0.879883 0.253906 0.103516 0.223438
0 1.0 0.821289 0.251563 0.123047 0.293750
0 1.0 0.829102 0.256250 0.080078 0.187500
0 1.0 0.078125 0.301563 0.035156 0.109375
0 1.0 0.037109 0.320312 0.058594 0.225000
0 1.0 0.055664 0.292187 0.076172 0.065625
0 1.0 0.943359 0.269531 0.066406 0.148438
0 1.0 0.697266 0.439063 0.140625 0.093750
0 1.0 0.672852 0.437500 0.267578 0.162500
0 1.0 0.885742 0.454688 0.056641 0.134375
0 1.0 0.604492 0.439844 0.076172 0.067187
0 1.0 0.584961 0.432812 0.138672 0.109375
0 1.0 0.556641 0.435156 0.218750 0.295312
0 1.0 0.824219 0.438281 0.269531 0.117188
0 1.0 0.754883 0.452344 0.173828 0.235937
0 1.0 0.723633 0.472656 0.087891 0.204687
0 1.0 0.757812 0.471875 0.074219 0.190625
0 1.0 0.256836 0.453906 0.091797 0.085938
0 1.0 0.229492 0.451562 0.154297 0.137500
0 1.0 0.299805 0.414062 0.208984 0.306250
0 1.0 0.310547 0.452344 0.054688 0.126562
0 1.0 0.244141 0.446094 0.074219 0.176563
0 1.0 0.214844 0.445312 0.089844 0.090625
0 1.0 0.177734 0.440625 0.218750 0.175000
0 1.0 0.501953 0.454688 0.109375 0.212500
0 1.0 0.511719 0.435156 0.195312 0.126562
0 1.0 0.511719 0.439844 0.027344 0.057813
0 1.0 0.425781 0.433594 0.191406 0.110937
0 1.0 0.393555 0.406250 0.185547 0.271875
0 1.0 0.252930 0.447656 0.021484 0.045312
0 1.0 0.453125 0.410938 0.132812 0.200000
0 1.0 0.318359 0.500000 0.070312 0.078125
0 1.0 0.293945 0.505469 0.072266 0.260937
0 1.0 0.245117 0.505469 0.107422 0.076563
0 1.0 0.873047 0.443750 0.171875 0.200000
0 1.0 0.235352 0.493750 0.224609 0.140625
0 1.0 0.223633 0.489844 0.216797 0.301563
0 1.0 0.187500 0.477344 0.089844 0.273438
0 1.0 0.418945 0.496094 0.236328 0.117188
0 1.0 0.051758 0.485156 0.103516 0.182812
0 1.0 0.960938 0.477344 0.027344 0.067187
0 1.0 0.919922 0.440625 0.085938 0.071875
0 1.0 0.952148 0.477344 0.048828 0.092188
0 1.0 0.917969 0.439063 0.097656 0.146875
0 1.0 0.811523 0.435156 0.021484 0.039062
0 1.0 0.137695 0.489844 0.107422 0.295312
0 1.0 0.162109 0.489844 0.121094 0.082812
0 1.0 0.110352 0.482812 0.162109 0.118750
0 1.0 0.056641 0.490625 0.066406 0.059375
0 1.0 0.300781 0.396094 0.125000 0.110937
0 1.0 0.233398 0.396875 0.279297 0.146875
0 1.0 0.759766 0.400781 0.269531 0.270313
0 1.0 0.474609 0.385156 0.125000 0.117188
0 1.0 0.359375 0.390625 0.269531 0.131250
0 1.0 0.951172 0.367969 0.097656 0.120313
0 1.0 0.908203 0.362500 0.085938 0.187500
0 1.0 0.893555 0.351562 0.212891 0.125000
0 1.0 0.148438 0.419531 0.085938 0.198437
0 1.0 0.891602 0.392969 0.041016 0.085938
0 1.0 0.844727 0.400000 0.033203 0.081250
0 1.0 0.165039 0.403125 0.154297 0.118750
0 1.0 0.067383 0.437500 0.041016 0.103125
0 1.0 0.944336 0.396875 0.037109 0.071875
0 1.0 0.093750 0.408594 0.136719 0.179688
0 1.0 0.059570 0.401562 0.119141 0.096875
0 1.0 0.060547 0.408594 0.058594 0.095312
0 1.0 0.958984 0.390625 0.023438 0.056250
0 1.0 0.919922 0.396875 0.160156 0.109375
0 1.0 0.948242 0.442188 0.048828 0.093750
0 1.0 0.170898 0.442188 0.087891 0.093750
0 1.0 0.090820 0.439844 0.025391 0.054688
0 1.0 0.080078 0.442188 0.062500 0.153125
0 1.0 0.603516 0.412500 0.109375 0.225000
0 1.0 0.877930 0.416406 0.095703 0.201563
0 1.0 0.834961 0.437500 0.044922 0.103125
0 1.0 0.771484 0.398438 0.328125 0.125000
0 1.0 0.766602 0.439844 0.048828 0.126562
0 1.0 0.659180 0.149219 0.134766 0.298438
0 1.0 0.657227 0.124219 0.283203 0.148438
0 1.0 0.552734 0.149219 0.148438 0.298438
0 1.0 0.810547 0.123438 0.253906 0.184375
0 1.0 0.758789 0.149219 0.130859 0.298438
0 1.0 0.607422 0.141406 0.136719 0.282813
0 1.0 0.750977 0.657813 0.259766 0.471875
0 1.0 0.269531 0.650781 0.539062 0.239063
0 1.0 0.255859 0.613281 0.390625 0.467187
0 1.0 0.543945 0.552344 0.529297 0.248438
0 1.0 0.820312 0.157031 0.152344 0.314063
0 1.0 0.907227 0.138281 0.173828 0.235937
0 1.0 0.817383 0.125781 0.150391 0.110937
0 1.0 0.708984 0.149219 0.125000 0.295312
0 1.0 0.626953 0.520312 0.375000 0.484375
0 1.0 0.138672 0.145313 0.140625 0.290625
0 1.0 0.654297 0.749219 0.519531 0.239063
0 1.0 0.711914 0.643750 0.501953 0.234375
0 1.0 0.351562 0.127344 0.136719 0.135937
0 1.0 0.340820 0.135156 0.208984 0.270313
0 1.0 0.294922 0.158594 0.097656 0.229687
0 1.0 0.269531 0.135937 0.238281 0.125000
0 1.0 0.309570 0.143750 0.048828 0.075000
0 1.0 0.070312 0.140625 0.109375 0.268750
0 1.0 0.134766 0.122656 0.132812 0.104688
0 1.0 0.063477 0.126562 0.115234 0.090625
0 1.0 0.228516 0.139063 0.265625 0.278125
0 1.0 0.195312 0.122656 0.238281 0.139063
0 1.0 0.343750 0.156250 0.105469 0.268750
0 1.0 0.511719 0.118750 0.292969 0.143750
0 1.0 0.343750 0.749219 0.546875 0.217188
0 1.0 0.500977 0.128906 0.162109 0.235937
0 1.0 0.448242 0.153125 0.119141 0.250000
0 1.0 0.481445 0.125781 0.087891 0.110937
0 1.0 0.242188 0.135937 0.132812 0.237500
0 1.0 0.437500 0.128906 0.089844 0.120313
0 1.0 0.475586 0.361719 0.580078 0.229687
0 1.0 0.165039 0.316406 0.330078 0.420312
0 1.0 0.317383 0.185938 0.279297 0.143750
0 1.0 0.312500 0.192188 0.066406 0.125000
0 1.0 0.773438 0.351562 0.453125 0.200000
0 1.0 0.637695 0.362500 0.263672 0.431250
0 1.0 0.457031 0.253125 0.382812 0.403125
0 1.0 0.365234 0.254688 0.578125 0.218750
0 1.0 0.719727 0.220312 0.388672 0.434375
0 1.0 0.222656 0.353125 0.445312 0.218750
0 1.0 0.517578 0.178125 0.234375 0.125000
0 1.0 0.502930 0.185156 0.087891 0.095312
0 1.0 0.446289 0.160156 0.232422 0.320312
0 1.0 0.469727 0.174219 0.091797 0.157812
0 1.0 0.418945 0.178906 0.283203 0.148438
0 1.0 0.039062 0.196094 0.078125 0.345313
0 1.0 0.062500 0.181250 0.078125 0.071875
0 1.0 0.938477 0.128906 0.123047 0.110937
0 1.0 0.255859 0.475781 0.230469 0.539062
0 1.0 0.295898 0.433594 0.591797 0.235937
0 1.0 0.958008 0.183594 0.064453 0.204687
0 1.0 0.707031 0.443750 0.519531 0.231250
0 1.0 0.280273 0.554688 0.560547 0.231250
0 1.0 0.116211 0.173437 0.181641 0.146875
0 1.0 0.179688 0.202344 0.128906 0.351562
0 1.0 0.385742 0.182031 0.103516 0.092188
0 1.0 0.190430 0.175781 0.044922 0.089063
0 1.0 0.761719 0.078906 0.261719 0.157812
0 1.0 0.769531 0.051562 0.128906 0.103125
0 1.0 0.506836 0.699219 0.720703 0.326562
0 1.0 0.875000 0.048438 0.066406 0.090625
0 1.0 0.833984 0.042969 0.160156 0.085938
0 1.0 0.499023 0.880469 0.802734 0.239063
0 1.0 0.714844 0.075781 0.070312 0.132812
0 1.0 0.715820 0.035937 0.169922 0.071875
0 1.0 0.666992 0.075781 0.072266 0.148438
0 1.0 0.767578 0.048438 0.054688 0.084375
0 1.0 0.919922 0.051562 0.113281 0.103125
0 1.0 0.640625 0.299219 0.718750 0.307812
0 1.0 0.504883 0.139063 0.728516 0.278125
0 1.0 0.325195 0.325000 0.478516 0.506250
0 1.0 0.813477 0.060937 0.087891 0.121875
0 1.0 0.513672 0.373437 0.535156 0.618750
0 1.0 0.378906 0.489844 0.578125 0.435937
0 1.0 0.292969 0.069531 0.109375 0.139063
0 1.0 0.283203 0.084375 0.238281 0.168750
0 1.0 0.239258 0.082031 0.083984 0.164062
0 1.0 0.384766 0.085938 0.085938 0.171875
0 1.0 0.449219 0.033594 0.132812 0.067187
0 1.0 0.400391 0.084375 0.242188 0.168750
0 1.0 0.416992 0.056250 0.111328 0.112500
0 1.0 0.339844 0.093750 0.074219 0.168750
0 1.0 0.331055 0.032031 0.044922 0.054688
0 1.0 0.482422 0.057813 0.085938 0.103125
0 1.0 0.053711 0.054688 0.087891 0.109375
0 1.0 0.084961 0.031250 0.060547 0.059375
0 1.0 0.668945 0.052344 0.126953 0.104688
0 1.0 0.601562 0.071875 0.082031 0.143750
0 1.0 0.635742 0.035156 0.111328 0.070312
0 1.0 0.749023 0.880469 0.501953 0.239063
0 1.0 0.547852 0.060156 0.064453 0.120313
0 1.0 0.601562 0.032813 0.082031 0.062500
0 1.0 0.570312 0.076563 0.242188 0.153125
0 1.0 0.507812 0.074219 0.078125 0.148438
0 1.0 0.541992 0.031250 0.107422 0.062500
0 1.0 0.456055 0.053906 0.041016 0.076563
0 1.0 0.524414 0.034375 0.033203 0.046875
0 1.0 0.758789 0.103906 0.091797 0.185938
0 1.0 0.227539 0.849219 0.455078 0.198437
0 1.0 0.874023 0.073438 0.251953 0.140625
0 1.0 0.044922 0.100781 0.089844 0.201563
0 1.0 0.830078 0.922656 0.339844 0.154688
0 1.0 0.958984 0.072656 0.035156 0.073438
0 1.0 0.271484 0.921094 0.542969 0.157812
0 1.0 0.450195 0.082031 0.072266 0.114062
0 1.0 0.343750 0.075000 0.187500 0.121875
0 1.0 0.278320 0.080469 0.068359 0.089063
0 1.0 0.470703 0.073438 0.187500 0.131250
0 1.0 0.822266 0.869531 0.214844 0.207813
0 1.0 0.766602 0.826562 0.060547 0.140625
0 1.0 0.751953 0.874219 0.328125 0.135937
0 1.0 0.073242 0.894531 0.146484 0.210938
0 1.0 0.719727 0.825000 0.060547 0.137500
0 1.0 0.697266 0.825781 0.265625 0.270313
0 1.0 0.666992 0.776563 0.072266 0.156250
0 1.0 0.921875 0.869531 0.156250 0.242188
0 1.0 0.925781 0.845313 0.066406 0.143750
0 1.0 0.884766 0.870313 0.230469 0.121875
0 1.0 0.808594 0.873437 0.167969 0.096875
0 1.0 0.128906 0.892969 0.105469 0.214062
0 1.0 0.855469 0.879687 0.070312 0.078125
0 1.0 0.820312 0.835938 0.054688 0.115625
0 1.0 0.832031 0.860156 0.046875 0.095312
0 1.0 0.877930 0.845313 0.052734 0.109375
0 1.0 0.526367 0.872656 0.041016 0.057813
0 1.0 0.448242 0.849219 0.251953 0.229687
0 1.0 0.469727 0.862500 0.138672 0.150000
0 1.0 0.398438 0.801562 0.050781 0.115625
0 1.0 0.421875 0.861719 0.269531 0.095312
0 1.0 0.462891 0.866406 0.058594 0.067187
0 1.0 0.401367 0.861719 0.166016 0.157812
0 1.0 0.352539 0.779687 0.033203 0.065625
0 1.0 0.337891 0.859375 0.175781 0.075000
0 1.0 0.356445 0.803906 0.052734 0.082812
0 1.0 0.257812 0.863281 0.195312 0.076563
0 1.0 0.601562 0.783594 0.039062 0.095312
0 1.0 0.632812 0.870313 0.289062 0.128125
0 1.0 0.555664 0.786719 0.037109 0.107813
0 1.0 0.559570 0.814063 0.056641 0.125000
0 1.0 0.558594 0.839063 0.257812 0.234375
0 1.0 0.524414 0.865625 0.138672 0.115625
0 1.0 0.455078 0.752344 0.019531 0.048438
0 1.0 0.589844 0.868750 0.125000 0.115625
0 1.0 0.443359 0.882812 0.074219 0.165625
0 1.0 0.461914 0.914062 0.306641 0.115625
0 1.0 0.713867 0.892188 0.111328 0.187500
0 1.0 0.342773 0.893750 0.111328 0.212500
0 1.0 0.343750 0.916406 0.261719 0.139063
0 1.0 0.594727 0.917969 0.095703 0.164062
0 1.0 0.505859 0.907031 0.152344 0.176563
0 1.0 0.135742 0.917188 0.240234 0.143750
0 1.0 0.282227 0.899219 0.103516 0.201563
0 1.0 0.028320 0.925000 0.056641 0.150000
0 1.0 0.063477 0.920312 0.126953 0.084375
0 1.0 0.962891 0.870313 0.027344 0.062500
0 1.0 0.956055 0.883594 0.052734 0.089063
0 1.0 0.548828 0.885938 0.113281 0.228125
0 1.0 0.283203 0.893750 0.265625 0.212500
0 1.0 0.233398 0.889062 0.115234 0.221875
0 1.0 0.185547 0.901563 0.101562 0.196875
0 1.0 0.463867 0.797656 0.150391 0.164062
0 1.0 0.480469 0.810937 0.039062 0.065625
0 1.0 0.290039 0.808594 0.076172 0.101562
0 1.0 0.338867 0.808594 0.216797 0.095312
0 1.0 0.597656 0.782031 0.097656 0.245312
0 1.0 0.289062 0.793750 0.128906 0.259375
0 1.0 0.244141 0.814844 0.289062 0.104688
0 1.0 0.311523 0.818750 0.033203 0.046875
0 1.0 0.591797 0.810156 0.164062 0.135937
0 1.0 0.575195 0.807031 0.060547 0.089063
0 1.0 0.531250 0.813281 0.035156 0.067187
0 1.0 0.507812 0.783594 0.105469 0.304688
0 1.0 0.116211 0.817969 0.212891 0.104688
0 1.0 0.133789 0.824219 0.068359 0.082812
0 1.0 0.065430 0.817969 0.099609 0.067187
0 1.0 0.945312 0.764844 0.109375 0.098437
0 1.0 0.081055 0.824219 0.033203 0.051562
0 1.0 0.084961 0.835938 0.048828 0.109375
0 1.0 0.122070 0.863281 0.154297 0.089063
0 1.0 0.139648 0.864844 0.072266 0.085938
0 1.0 0.030273 0.852344 0.037109 0.098437
0 1.0 0.290039 0.799219 0.033203 0.064062
0 1.0 0.086914 0.867188 0.033203 0.056250
0 1.0 0.961914 0.850000 0.060547 0.187500
0 1.0 0.933594 0.811719 0.132812 0.104688
0 1.0 0.078125 0.863281 0.085938 0.064062
0 1.0 0.311523 0.869531 0.037109 0.045312
0 1.0 0.302734 0.871094 0.101562 0.114062
0 1.0 0.241211 0.807813 0.044922 0.100000
0 1.0 0.193359 0.829688 0.062500 0.103125
0 1.0 0.201172 0.862500 0.207031 0.125000
0 1.0 0.458008 0.778125 0.044922 0.078125
0 1.0 0.195312 0.821094 0.035156 0.076563
0 1.0 0.752930 0.789844 0.134766 0.320312
0 1.0 0.744141 0.814063 0.203125 0.140625
0 1.0 0.033203 0.852344 0.066406 0.126562
0 1.0 0.875000 0.812500 0.152344 0.268750
0 1.0 0.852539 0.828906 0.056641 0.070312
0 1.0 0.851562 0.184375 0.144531 0.103125
0 1.0 0.042969 0.233594 0.085938 0.101562
0 1.0 0.827148 0.182031 0.294922 0.135937
0 1.0 0.113281 0.235937 0.226562 0.159375
0 1.0 0.102539 0.236719 0.205078 0.360938
0 1.0 0.927734 0.185156 0.144531 0.110937
0 1.0 0.139648 0.251563 0.099609 0.253125
0 1.0 0.654297 0.078906 0.589844 0.157812
0 1.0 0.970703 0.960938 0.054688 0.078125
0 1.0 0.371094 0.075000 0.644531 0.150000
0 1.0 0.675781 0.178906 0.273438 0.135937
0 1.0 0.189453 0.962500 0.070312 0.062500
0 1.0 0.395508 0.924219 0.091797 0.151562
0 1.0 0.161133 0.951562 0.138672 0.096875
0 1.0 0.143555 0.962500 0.076172 0.062500
0 1.0 0.086914 0.945312 0.138672 0.109375
0 1.0 0.066406 0.965625 0.058594 0.053125
0 1.0 0.047852 0.962500 0.076172 0.075000
0 1.0 0.279297 0.962500 0.078125 0.059375
0 1.0 0.300781 0.948438 0.117188 0.103125
0 1.0 0.238281 0.935156 0.085938 0.129688
0 1.0 0.760742 0.890625 0.115234 0.218750
0 1.0 0.929688 0.919531 0.140625 0.107813
0 1.0 0.704102 0.911719 0.310547 0.123438
0 1.0 0.660156 0.883594 0.125000 0.232813
0 1.0 0.874023 0.910937 0.111328 0.178125
0 1.0 0.818359 0.910156 0.117188 0.179688
0 1.0 0.806641 0.959375 0.140625 0.075000
0 1.0 0.741211 0.960156 0.107422 0.067187
0 1.0 0.719727 0.950000 0.193359 0.100000
0 1.0 0.682617 0.959375 0.115234 0.068750
0 1.0 0.939453 0.953906 0.121094 0.092188
0 1.0 0.848633 0.963281 0.056641 0.054688
0 1.0 0.445312 0.942969 0.070312 0.114062
0 1.0 0.521484 0.957812 0.039062 0.043750
0 1.0 0.489258 0.952344 0.099609 0.085938
0 1.0 0.340820 0.960156 0.048828 0.048438
0 1.0 0.641602 0.961719 0.068359 0.054688
0 1.0 0.604492 0.950000 0.208984 0.100000
0 1.0 0.611328 0.962500 0.058594 0.050000
0 1.0 0.548828 0.959375 0.070312 0.056250
0 1.0 0.553711 0.934375 0.087891 0.131250
0 1.0 0.144531 0.808594 0.253906 0.382812
0 1.0 0.453125 0.825000 0.425781 0.350000
0 1.0 0.244141 0.712500 0.210938 0.518750
0 1.0 0.083008 0.722656 0.166016 0.507812
0 1.0 0.346680 0.733594 0.322266 0.351562
0 1.0 0.124023 0.514062 0.248047 0.759375
0 1.0 0.553711 0.910937 0.462891 0.178125
0 1.0 0.813477 0.508594 0.373047 0.929688
0 1.0 0.687500 0.677344 0.625000 0.645312
0 1.0 0.315430 0.677344 0.630859 0.645312
0 1.0 0.876953 0.449219 0.246094 0.426563
0 1.0 0.820312 0.552344 0.343750 0.410938
0 1.0 0.500000 0.499219 1.000000 0.567187
0 1.0 0.499023 0.611719 0.365234 0.776563
0 1.0 0.351562 0.845313 0.207031 0.309375
0 1.0 0.829102 0.175781 0.341797 0.351562