0 1.0 0.051345 0.053000 0.083130 0.102000
0 1.0 0.073350 0.079000 0.146699 0.158000
0 1.0 0.194377 0.051000 0.085575 0.102000
0 1.0 0.182152 0.086000 0.242054 0.172000
0 1.0 0.160147 0.043000 0.193154 0.086000
0 1.0 0.243276 0.062000 0.154034 0.124000
0 1.0 0.304401 0.055000 0.090465 0.110000
0 1.0 0.277506 0.037000 0.090465 0.074000
0 1.0 0.482885 0.801000 0.863081 0.398000
0 1.0 0.466993 0.519000 0.845966 0.490000
0 1.0 0.356968 0.054000 0.102689 0.108000
0 1.0 0.353301 0.080000 0.251834 0.160000
0 1.0 0.332518 0.029000 0.034230 0.046000
0 1.0 0.415648 0.056000 0.107579 0.112000
0 1.0 0.441320 0.035000 0.085575 0.070000
0 1.0 0.431540 0.033000 0.198044 0.066000
0 1.0 0.480440 0.058000 0.090465 0.096000
0 1.0 0.460880 0.081000 0.246944 0.162000
0 1.0 0.490220 0.180000 0.980440 0.360000
0 1.0 0.513447 0.036000 0.068460 0.072000
0 1.0 0.536675 0.031000 0.031785 0.046000
0 1.0 0.442543 0.082000 0.034230 0.064000
0 1.0 0.522005 0.060000 0.144254 0.120000
0 1.0 0.552567 0.033000 0.107579 0.066000
0 1.0 0.553790 0.092000 0.256724 0.184000
0 1.0 0.568460 0.060000 0.080685 0.120000
0 1.0 0.638142 0.880000 0.723716 0.240000
0 1.0 0.617359 0.048000 0.207824 0.096000
0 1.0 0.602689 0.066000 0.041565 0.080000
0 1.0 0.601467 0.075000 0.058680 0.134000
0 1.0 0.644254 0.087000 0.242054 0.174000
0 1.0 0.671149 0.071000 0.061125 0.106000
0 1.0 0.699267 0.061000 0.146699 0.122000
0 1.0 0.717604 0.053000 0.041565 0.082000
0 1.0 0.630807 0.699000 0.738386 0.294000
0 1.0 0.265281 0.875000 0.530562 0.250000
0 1.0 0.712714 0.071000 0.061125 0.142000
0 1.0 0.759169 0.054000 0.129584 0.108000
0 1.0 0.749389 0.081000 0.256724 0.162000
0 1.0 0.760391 0.048000 0.044010 0.080000
0 1.0 0.821516 0.053000 0.132029 0.106000
0 1.0 0.830073 0.048000 0.036675 0.068000
0 1.0 0.820293 0.058000 0.061125 0.116000
0 1.0 0.875306 0.056000 0.132029 0.112000
0 1.0 0.860636 0.079000 0.239609 0.158000
0 1.0 0.630807 0.502000 0.738386 0.288000
0 1.0 0.249389 0.702000 0.498778 0.340000
0 1.0 0.886308 0.056000 0.041565 0.064000
0 1.0 0.845966 0.028000 0.078240 0.056000
0 1.0 0.876528 0.060000 0.061125 0.116000
0 1.0 0.926650 0.055000 0.102689 0.110000
0 1.0 0.957213 0.061000 0.041565 0.074000
0 1.0 0.948655 0.033000 0.102689 0.066000
0 1.0 0.480440 0.290000 0.633252 0.372000
0 1.0 0.749389 0.299000 0.501222 0.294000
0 1.0 0.243276 0.499000 0.486553 0.350000
0 1.0 0.034230 0.116000 0.068460 0.180000
0 1.0 0.059902 0.077000 0.119804 0.082000
0 1.0 0.742054 0.121000 0.515892 0.242000
0 1.0 0.250611 0.297000 0.501222 0.298000
0 1.0 0.132029 0.126000 0.112469 0.252000
0 1.0 0.185819 0.131000 0.083130 0.226000
0 1.0 0.232274 0.127000 0.127139 0.254000
0 1.0 0.782396 0.922000 0.435208 0.156000
0 1.0 0.250611 0.124000 0.501222 0.248000
0 1.0 0.279951 0.090000 0.041565 0.064000
0 1.0 0.290954 0.121000 0.141809 0.242000
0 1.0 0.381418 0.078000 0.132029 0.100000
0 1.0 0.338631 0.125000 0.085575 0.246000
0 1.0 0.437653 0.083000 0.112469 0.122000
0 1.0 0.402200 0.121000 0.144254 0.242000
0 1.0 0.444988 0.153000 0.053790 0.154000
0 1.0 0.504890 0.134000 0.119804 0.252000
0 1.0 0.443765 0.921000 0.608802 0.158000
0 1.0 0.556235 0.127000 0.129584 0.254000
0 1.0 0.603912 0.120000 0.107579 0.240000
0 1.0 0.662592 0.114000 0.122249 0.200000
0 1.0 0.168704 0.925000 0.337408 0.150000
0 1.0 0.832518 0.851000 0.334963 0.202000
0 1.0 0.700489 0.121000 0.105134 0.242000
0 1.0 0.759169 0.103000 0.095355 0.198000
0 1.0 0.823961 0.108000 0.078240 0.164000
0 1.0 0.880196 0.114000 0.083130 0.176000
0 1.0 0.848411 0.078000 0.132029 0.100000
0 1.0 0.920538 0.115000 0.139364 0.230000
0 1.0 0.948655 0.082000 0.102689 0.128000
0 1.0 0.958435 0.119000 0.068460 0.134000
0 1.0 0.062347 0.128000 0.124694 0.092000
0 1.0 0.103912 0.129000 0.207824 0.178000
0 1.0 0.077017 0.159000 0.095355 0.242000
0 1.0 0.832518 0.751000 0.334963 0.206000
0 1.0 0.278729 0.140000 0.039120 0.068000
0 1.0 0.222494 0.132000 0.268949 0.124000
0 1.0 0.375306 0.124000 0.183374 0.112000
0 1.0 0.416870 0.744000 0.667482 0.200000
0 1.0 0.514670 0.132000 0.051345 0.084000
0 1.0 0.452323 0.166000 0.107579 0.224000
0 1.0 0.498778 0.127000 0.176039 0.110000
0 1.0 0.779951 0.649000 0.440098 0.210000
0 1.0 0.177262 0.747000 0.354523 0.210000
0 1.0 0.636919 0.622000 0.178484 0.528000
0 1.0 0.810513 0.125000 0.193154 0.230000
0 1.0 0.354523 0.654000 0.220049 0.492000
0 1.0 0.413203 0.642000 0.449878 0.396000
0 1.0 0.400978 0.653000 0.655257 0.214000
0 1.0 0.451100 0.633000 0.188264 0.490000
0 1.0 0.559902 0.623000 0.215159 0.454000
0 1.0 0.190709 0.652000 0.381418 0.192000
0 1.0 0.250611 0.654000 0.207824 0.484000
0 1.0 0.782396 0.549000 0.435208 0.210000
0 1.0 0.852078 0.127000 0.090465 0.086000
0 1.0 0.874083 0.152000 0.114914 0.304000
0 1.0 0.641809 0.553000 0.364303 0.442000
0 1.0 0.744499 0.549000 0.237164 0.518000
0 1.0 0.055012 0.185000 0.090465 0.146000
0 1.0 0.343521 0.552000 0.643032 0.196000
0 1.0 0.141809 0.180000 0.268949 0.132000
0 1.0 0.188264 0.188000 0.024450 0.056000
0 1.0 0.171149 0.185000 0.239609 0.318000
0 1.0 0.169927 0.186000 0.134474 0.248000
0 1.0 0.782396 0.449000 0.435208 0.210000
0 1.0 0.432763 0.453000 0.586797 0.230000
0 1.0 0.534230 0.446000 0.388753 0.412000
0 1.0 0.242054 0.176000 0.278729 0.136000
0 1.0 0.321516 0.208000 0.026895 0.068000
0 1.0 0.278729 0.190000 0.234719 0.324000
0 1.0 0.322738 0.187000 0.205379 0.118000
0 1.0 0.293399 0.217000 0.107579 0.294000
0 1.0 0.356968 0.197000 0.048900 0.102000
0 1.0 0.333741 0.209000 0.110024 0.246000
0 1.0 0.407090 0.186000 0.080685 0.084000
0 1.0 0.409535 0.176000 0.246944 0.324000
0 1.0 0.251834 0.458000 0.249389 0.448000
0 1.0 0.350856 0.465000 0.212714 0.530000
0 1.0 0.834963 0.349000 0.330073 0.206000
0 1.0 0.174817 0.451000 0.349633 0.206000
0 1.0 0.419315 0.186000 0.158924 0.148000
0 1.0 0.397311 0.202000 0.095355 0.312000
0 1.0 0.506112 0.208000 0.024450 0.064000
0 1.0 0.502445 0.201000 0.090465 0.110000
0 1.0 0.548900 0.204000 0.051345 0.072000
0 1.0 0.449878 0.236000 0.039120 0.128000
0 1.0 0.519560 0.180000 0.227384 0.172000
0 1.0 0.633252 0.352000 0.557457 0.208000
0 1.0 0.638142 0.359000 0.190709 0.558000
0 1.0 0.556235 0.186000 0.085575 0.216000
0 1.0 0.606357 0.174000 0.239609 0.168000
0 1.0 0.600244 0.186000 0.066015 0.152000
0 1.0 0.459658 0.349000 0.239609 0.462000
0 1.0 0.370416 0.352000 0.589242 0.204000
0 1.0 0.687042 0.150000 0.229829 0.300000
0 1.0 0.753056 0.166000 0.171149 0.244000
0 1.0 0.711491 0.179000 0.288509 0.130000
0 1.0 0.834963 0.249000 0.330073 0.206000
0 1.0 0.168704 0.349000 0.337408 0.202000
0 1.0 0.820293 0.180000 0.114914 0.288000
0 1.0 0.856968 0.185000 0.144254 0.126000
0 1.0 0.903423 0.180000 0.193154 0.172000
0 1.0 0.347188 0.237000 0.224939 0.474000
0 1.0 0.540342 0.249000 0.268949 0.482000
0 1.0 0.955990 0.198000 0.088020 0.204000
0 1.0 0.056235 0.239000 0.112469 0.170000
0 1.0 0.044010 0.241000 0.088020 0.094000
0 1.0 0.028117 0.274000 0.046455 0.148000
0 1.0 0.100244 0.224000 0.200489 0.296000
0 1.0 0.114914 0.236000 0.210269 0.112000
0 1.0 0.138142 0.249000 0.090465 0.198000
0 1.0 0.183374 0.258000 0.166259 0.208000
0 1.0 0.195599 0.299000 0.048900 0.138000
0 1.0 0.540342 0.141000 0.396088 0.278000
0 1.0 0.240831 0.249000 0.222494 0.154000
0 1.0 0.242054 0.271000 0.092910 0.190000
0 1.0 0.286064 0.268000 0.024450 0.052000
0 1.0 0.363081 0.257000 0.158924 0.118000
0 1.0 0.336186 0.280000 0.061125 0.192000
0 1.0 0.404645 0.252000 0.183374 0.240000
0 1.0 0.474328 0.260000 0.034230 0.064000
0 1.0 0.468215 0.259000 0.139364 0.186000
0 1.0 0.544010 0.258000 0.022005 0.056000
0 1.0 0.446210 0.284000 0.070905 0.160000
0 1.0 0.500000 0.249000 0.168704 0.102000
0 1.0 0.446210 0.314000 0.031785 0.108000
0 1.0 0.509780 0.271000 0.056235 0.130000
0 1.0 0.551345 0.239000 0.188264 0.190000
0 1.0 0.558680 0.254000 0.061125 0.120000
0 1.0 0.614914 0.259000 0.031785 0.090000
0 1.0 0.611247 0.236000 0.268949 0.124000
0 1.0 0.608802 0.252000 0.092910 0.228000
0 1.0 0.666259 0.246000 0.061125 0.156000
0 1.0 0.658924 0.245000 0.100244 0.274000
0 1.0 0.706601 0.234000 0.053790 0.148000
0 1.0 0.701711 0.242000 0.092910 0.304000
0 1.0 0.775061 0.233000 0.063570 0.202000
0 1.0 0.759169 0.237000 0.295844 0.126000
0 1.0 0.768949 0.230000 0.100244 0.340000
0 1.0 0.933985 0.954000 0.132029 0.092000
0 1.0 0.971883 0.963000 0.046455 0.074000
0 1.0 0.854523 0.959000 0.090465 0.066000
0 1.0 0.817848 0.937000 0.085575 0.126000
0 1.0 0.876528 0.942000 0.144254 0.116000
0 1.0 0.842298 0.963000 0.026895 0.042000
0 1.0 0.713936 0.944000 0.141809 0.112000
0 1.0 0.762836 0.960000 0.078240 0.060000
0 1.0 0.771394 0.943000 0.139364 0.114000
0 1.0 0.579462 0.951000 0.136919 0.098000
0 1.0 0.613692 0.958000 0.048900 0.048000
0 1.0 0.618582 0.914000 0.210269 0.172000
0 1.0 0.663814 0.958000 0.066015 0.056000
0 1.0 0.603912 0.924000 0.073350 0.152000
0 1.0 0.710269 0.961000 0.075795 0.058000
0 1.0 0.661369 0.929000 0.080685 0.142000
0 1.0 0.447433 0.959000 0.107579 0.070000
0 1.0 0.394866 0.919000 0.095355 0.162000
0 1.0 0.459658 0.921000 0.205379 0.158000
0 1.0 0.500000 0.953000 0.070905 0.074000
0 1.0 0.526895 0.959000 0.031785 0.042000
0 1.0 0.448655 0.939000 0.051345 0.122000
0 1.0 0.504890 0.940000 0.129584 0.120000
0 1.0 0.561125 0.956000 0.056235 0.056000
0 1.0 0.305623 0.961000 0.078240 0.078000
0 1.0 0.303178 0.922000 0.210269 0.156000
0 1.0 0.293399 0.963000 0.034230 0.050000
0 1.0 0.352078 0.947000 0.122249 0.106000
0 1.0 0.359413 0.962000 0.034230 0.044000
0 1.0 0.154034 0.953000 0.141809 0.094000
0 1.0 0.193154 0.961000 0.053790 0.054000
0 1.0 0.135697 0.928000 0.066015 0.144000
0 1.0 0.187042 0.917000 0.114914 0.166000
0 1.0 0.243276 0.962000 0.070905 0.060000
0 1.0 0.244499 0.945000 0.122249 0.110000
0 1.0 0.051345 0.950000 0.102689 0.100000
0 1.0 0.057457 0.963000 0.066015 0.066000
0 1.0 0.078240 0.965000 0.029340 0.042000
0 1.0 0.090465 0.946000 0.117359 0.108000
0 1.0 0.146699 0.961000 0.058680 0.054000
0 1.0 0.842298 0.917000 0.154034 0.126000
0 1.0 0.872861 0.893000 0.097800 0.214000
0 1.0 0.918093 0.913000 0.134474 0.166000
0 1.0 0.957213 0.930000 0.075795 0.140000
0 1.0 0.713936 0.909000 0.083130 0.162000
0 1.0 0.776284 0.915000 0.080685 0.170000
0 1.0 0.551345 0.889000 0.100244 0.222000
0 1.0 0.442543 0.889000 0.053790 0.134000
0 1.0 0.305623 0.912000 0.063570 0.076000
0 1.0 0.286064 0.911000 0.088020 0.178000
0 1.0 0.400978 0.895000 0.239609 0.210000
0 1.0 0.227384 0.896000 0.112469 0.208000
0 1.0 0.070905 0.897000 0.141809 0.206000
0 1.0 0.081907 0.912000 0.056235 0.076000
0 1.0 0.036675 0.910000 0.073350 0.168000
0 1.0 0.116137 0.909000 0.149144 0.114000
0 1.0 0.859413 0.881000 0.026895 0.046000
0 1.0 0.897311 0.847000 0.024450 0.062000
0 1.0 0.792176 0.872000 0.083130 0.068000
0 1.0 0.883863 0.817000 0.041565 0.106000
0 1.0 0.920538 0.852000 0.105134 0.204000
0 1.0 0.881418 0.873000 0.237164 0.122000
0 1.0 0.922983 0.839000 0.061125 0.154000
0 1.0 0.958435 0.870000 0.034230 0.068000
0 1.0 0.964548 0.851000 0.017115 0.046000
0 1.0 0.699267 0.863000 0.278729 0.110000
0 1.0 0.715159 0.761000 0.026895 0.050000
0 1.0 0.782396 0.870000 0.190709 0.124000
0 1.0 0.790954 0.844000 0.022005 0.052000
0 1.0 0.778729 0.808000 0.031785 0.080000
0 1.0 0.836186 0.855000 0.019560 0.050000
0 1.0 0.826406 0.818000 0.034230 0.076000
0 1.0 0.606357 0.844000 0.185819 0.164000
0 1.0 0.602689 0.786000 0.017115 0.032000
0 1.0 0.601467 0.743000 0.024450 0.042000
0 1.0 0.690709 0.796000 0.017115 0.036000
0 1.0 0.677262 0.746000 0.024450 0.048000
0 1.0 0.702934 0.851000 0.256724 0.242000
0 1.0 0.723716 0.811000 0.019560 0.038000
0 1.0 0.542787 0.868000 0.019560 0.040000
0 1.0 0.448655 0.791000 0.046455 0.074000
0 1.0 0.512225 0.864000 0.080685 0.052000
0 1.0 0.451100 0.770000 0.012225 0.032000
0 1.0 0.500000 0.855000 0.183374 0.154000
0 1.0 0.557457 0.860000 0.083130 0.072000
0 1.0 0.522005 0.824000 0.026895 0.056000
0 1.0 0.534230 0.858000 0.198044 0.080000
0 1.0 0.513447 0.799000 0.029340 0.066000
0 1.0 0.573350 0.806000 0.026895 0.052000
0 1.0 0.566015 0.770000 0.022005 0.044000
0 1.0 0.185819 0.874000 0.254279 0.088000
0 1.0 0.295844 0.839000 0.029340 0.062000
0 1.0 0.347188 0.866000 0.141809 0.132000
0 1.0 0.345966 0.849000 0.261614 0.242000
0 1.0 0.350856 0.867000 0.061125 0.058000
0 1.0 0.350856 0.839000 0.070905 0.110000
0 1.0 0.321516 0.867000 0.154034 0.074000
0 1.0 0.399756 0.861000 0.124694 0.130000
0 1.0 0.495110 0.868000 0.022005 0.040000
0 1.0 0.435208 0.865000 0.268949 0.082000
0 1.0 0.397311 0.818000 0.051345 0.112000
0 1.0 0.474328 0.866000 0.088020 0.100000
0 1.0 0.183374 0.851000 0.278729 0.226000
0 1.0 0.198044 0.867000 0.112469 0.086000
0 1.0 0.185819 0.858000 0.039120 0.080000
0 1.0 0.243276 0.870000 0.041565 0.060000
0 1.0 0.229829 0.855000 0.053790 0.114000
0 1.0 0.253056 0.880000 0.026895 0.040000
0 1.0 0.294621 0.839000 0.080685 0.114000
0 1.0 0.114914 0.879000 0.039120 0.066000
0 1.0 0.112469 0.873000 0.092910 0.074000
0 1.0 0.030562 0.880000 0.031785 0.080000
0 1.0 0.096577 0.874000 0.124694 0.128000
0 1.0 0.168704 0.874000 0.048900 0.068000
0 1.0 0.085575 0.868000 0.044010 0.088000
0 1.0 0.204156 0.871000 0.051345 0.066000
0 1.0 0.145477 0.862000 0.051345 0.092000
0 1.0 0.773839 0.819000 0.070905 0.062000
0 1.0 0.898533 0.815000 0.105134 0.118000
0 1.0 0.875306 0.813000 0.249389 0.122000
0 1.0 0.954768 0.830000 0.090465 0.204000
0 1.0 0.938875 0.813000 0.122249 0.098000
0 1.0 0.770171 0.808000 0.176039 0.204000
0 1.0 0.820293 0.815000 0.085575 0.174000
0 1.0 0.843521 0.826000 0.019560 0.040000
0 1.0 0.876528 0.817000 0.095355 0.194000
0 1.0 0.594132 0.794000 0.078240 0.144000
0 1.0 0.606357 0.809000 0.283619 0.130000
0 1.0 0.597800 0.799000 0.105134 0.238000
0 1.0 0.662592 0.792000 0.092910 0.180000
0 1.0 0.701711 0.810000 0.185819 0.136000
0 1.0 0.706601 0.797000 0.088020 0.170000
0 1.0 0.441320 0.796000 0.080685 0.220000
0 1.0 0.506112 0.787000 0.239609 0.246000
0 1.0 0.539120 0.820000 0.095355 0.092000
0 1.0 0.553790 0.797000 0.110024 0.246000
0 1.0 0.319071 0.824000 0.242054 0.100000
0 1.0 0.400978 0.799000 0.180929 0.190000
0 1.0 0.498778 0.836000 0.014670 0.036000
0 1.0 0.418093 0.826000 0.327628 0.108000
0 1.0 0.540342 0.837000 0.014670 0.038000
0 1.0 0.190709 0.828000 0.151589 0.116000
0 1.0 0.238386 0.813000 0.193154 0.178000
0 1.0 0.276284 0.833000 0.034230 0.058000
0 1.0 0.301956 0.815000 0.129584 0.138000
0 1.0 0.277506 0.842000 0.022005 0.040000
0 1.0 0.078240 0.830000 0.117359 0.068000
0 1.0 0.031785 0.856000 0.063570 0.156000
0 1.0 0.108802 0.810000 0.217604 0.252000
0 1.0 0.174817 0.841000 0.031785 0.054000
0 1.0 0.190709 0.835000 0.058680 0.070000
0 1.0 0.130807 0.836000 0.100244 0.188000
0 1.0 0.913203 0.766000 0.139364 0.196000
0 1.0 0.952323 0.766000 0.095355 0.100000
0 1.0 0.106357 0.841000 0.022005 0.042000
0 1.0 0.759169 0.766000 0.305623 0.132000
0 1.0 0.762836 0.765000 0.102689 0.322000
0 1.0 0.815403 0.773000 0.173594 0.218000
0 1.0 0.842298 0.792000 0.017115 0.040000
0 1.0 0.773839 0.780000 0.041565 0.056000
0 1.0 0.645477 0.767000 0.171149 0.222000
0 1.0 0.641809 0.765000 0.300733 0.138000
0 1.0 0.529340 0.762000 0.105134 0.128000
0 1.0 0.501222 0.752000 0.122249 0.264000
0 1.0 0.350856 0.776000 0.134474 0.104000
0 1.0 0.348411 0.768000 0.144254 0.240000
0 1.0 0.337408 0.768000 0.327628 0.128000
0 1.0 0.497555 0.783000 0.017115 0.046000
0 1.0 0.535452 0.776000 0.014670 0.048000
0 1.0 0.447433 0.747000 0.122249 0.258000
0 1.0 0.464548 0.766000 0.268949 0.116000
0 1.0 0.184597 0.803000 0.095355 0.198000
0 1.0 0.306846 0.789000 0.041565 0.066000
0 1.0 0.304401 0.753000 0.300733 0.266000
0 1.0 0.299511 0.795000 0.022005 0.042000
0 1.0 0.161369 0.782000 0.048900 0.068000
0 1.0 0.088020 0.806000 0.117359 0.176000
0 1.0 0.140587 0.772000 0.281174 0.116000
0 1.0 0.182152 0.782000 0.080685 0.092000
0 1.0 0.902200 0.724000 0.097800 0.112000
0 1.0 0.878973 0.718000 0.227384 0.116000
0 1.0 0.943765 0.719000 0.112469 0.182000
0 1.0 0.962103 0.712000 0.075795 0.092000
0 1.0 0.963325 0.753000 0.053790 0.190000
0 1.0 0.050122 0.786000 0.100244 0.148000
0 1.0 0.084352 0.780000 0.022005 0.040000
0 1.0 0.056235 0.770000 0.112469 0.068000
0 1.0 0.706601 0.714000 0.264059 0.112000
0 1.0 0.831296 0.730000 0.063570 0.208000
0 1.0 0.822738 0.719000 0.095355 0.334000
0 1.0 0.836186 0.740000 0.014670 0.028000
0 1.0 0.887531 0.735000 0.053790 0.166000
0 1.0 0.771394 0.727000 0.017115 0.034000
0 1.0 0.876528 0.719000 0.100244 0.318000
0 1.0 0.639364 0.722000 0.119804 0.116000
0 1.0 0.658924 0.705000 0.090465 0.254000
0 1.0 0.700489 0.705000 0.251834 0.318000
0 1.0 0.694377 0.723000 0.122249 0.110000
0 1.0 0.706601 0.720000 0.073350 0.228000
0 1.0 0.546455 0.716000 0.056235 0.088000
0 1.0 0.517115 0.708000 0.300733 0.116000
0 1.0 0.558680 0.719000 0.173594 0.230000
0 1.0 0.627139 0.721000 0.036675 0.062000
0 1.0 0.596577 0.712000 0.063570 0.204000
0 1.0 0.353301 0.710000 0.286064 0.120000
0 1.0 0.498778 0.730000 0.014670 0.048000
0 1.0 0.399756 0.727000 0.134474 0.298000
0 1.0 0.546455 0.725000 0.012225 0.042000
0 1.0 0.480440 0.714000 0.149144 0.080000
0 1.0 0.449878 0.738000 0.058680 0.216000
0 1.0 0.297066 0.721000 0.046455 0.058000
0 1.0 0.235941 0.724000 0.149144 0.268000
0 1.0 0.300733 0.718000 0.176039 0.196000
0 1.0 0.308068 0.727000 0.019560 0.038000
0 1.0 0.228606 0.714000 0.256724 0.100000
0 1.0 0.144254 0.712000 0.083130 0.080000
0 1.0 0.084352 0.728000 0.149144 0.232000
0 1.0 0.133252 0.706000 0.266504 0.112000
0 1.0 0.130807 0.747000 0.095355 0.238000
0 1.0 0.183374 0.724000 0.151589 0.168000
0 1.0 0.888753 0.662000 0.222494 0.120000
0 1.0 0.916870 0.663000 0.107579 0.366000
0 1.0 0.962103 0.659000 0.075795 0.094000
0 1.0 0.051345 0.718000 0.102689 0.140000
0 1.0 0.061125 0.715000 0.029340 0.042000
0 1.0 0.045232 0.708000 0.090465 0.060000
0 1.0 0.024450 0.750000 0.048900 0.168000
0 1.0 0.819071 0.673000 0.176039 0.226000
0 1.0 0.792176 0.664000 0.264059 0.120000
0 1.0 0.847188 0.683000 0.017115 0.034000
0 1.0 0.783619 0.670000 0.022005 0.040000
0 1.0 0.630807 0.672000 0.092910 0.096000
0 1.0 0.597800 0.666000 0.232274 0.112000
0 1.0 0.688264 0.679000 0.085575 0.086000
0 1.0 0.738386 0.674000 0.136919 0.112000
0 1.0 0.610024 0.678000 0.031785 0.052000
0 1.0 0.557457 0.670000 0.097800 0.268000
0 1.0 0.607579 0.645000 0.163814 0.262000
0 1.0 0.607579 0.654000 0.066015 0.216000
0 1.0 0.408313 0.666000 0.210269 0.208000
0 1.0 0.503667 0.680000 0.014670 0.040000
0 1.0 0.415648 0.665000 0.386308 0.110000
0 1.0 0.551345 0.683000 0.012225 0.034000
0 1.0 0.503667 0.668000 0.171149 0.224000
0 1.0 0.547677 0.674000 0.063570 0.076000
0 1.0 0.283619 0.662000 0.048900 0.060000
0 1.0 0.295844 0.669000 0.024450 0.038000
0 1.0 0.210269 0.660000 0.322738 0.100000
0 1.0 0.288509 0.681000 0.088020 0.198000
0 1.0 0.366748 0.659000 0.156479 0.098000
0 1.0 0.343521 0.691000 0.095355 0.218000
0 1.0 0.121027 0.655000 0.202934 0.154000
0 1.0 0.156479 0.656000 0.122249 0.092000
0 1.0 0.187042 0.685000 0.095355 0.190000
0 1.0 0.944988 0.611000 0.110024 0.190000
0 1.0 0.960880 0.604000 0.078240 0.096000
0 1.0 0.960880 0.664000 0.044010 0.148000
0 1.0 0.050122 0.670000 0.095355 0.104000
0 1.0 0.070905 0.668000 0.024450 0.040000
0 1.0 0.030562 0.693000 0.061125 0.130000
0 1.0 0.155257 0.657000 0.061125 0.070000
0 1.0 0.804401 0.604000 0.156479 0.116000
0 1.0 0.828851 0.642000 0.048900 0.156000
0 1.0 0.869193 0.609000 0.222494 0.306000
0 1.0 0.842298 0.618000 0.017115 0.032000
0 1.0 0.882641 0.642000 0.058680 0.168000
0 1.0 0.773839 0.609000 0.026895 0.042000
0 1.0 0.887531 0.605000 0.224939 0.122000
0 1.0 0.616137 0.595000 0.205379 0.106000
0 1.0 0.690709 0.601000 0.158924 0.234000
0 1.0 0.688264 0.601000 0.105134 0.102000
0 1.0 0.704156 0.629000 0.053790 0.162000
0 1.0 0.698044 0.638000 0.080685 0.284000
0 1.0 0.755501 0.604000 0.176039 0.240000
0 1.0 0.743276 0.599000 0.136919 0.106000
0 1.0 0.767726 0.638000 0.073350 0.216000
0 1.0 0.558680 0.604000 0.158924 0.220000
0 1.0 0.601467 0.591000 0.058680 0.078000
0 1.0 0.506112 0.600000 0.014670 0.032000
0 1.0 0.403423 0.624000 0.132029 0.204000
0 1.0 0.420538 0.597000 0.273839 0.078000
0 1.0 0.470660 0.613000 0.173594 0.170000
0 1.0 0.558680 0.603000 0.012225 0.030000
0 1.0 0.442543 0.653000 0.097800 0.166000
0 1.0 0.441320 0.683000 0.036675 0.106000
0 1.0 0.555012 0.593000 0.063570 0.074000
0 1.0 0.517115 0.635000 0.080685 0.202000
0 1.0 0.526895 0.591000 0.222494 0.098000
0 1.0 0.217604 0.603000 0.268949 0.090000
0 1.0 0.228606 0.611000 0.124694 0.238000
0 1.0 0.294621 0.604000 0.207824 0.156000
0 1.0 0.295844 0.602000 0.317848 0.224000
0 1.0 0.288509 0.606000 0.019560 0.028000
0 1.0 0.371638 0.592000 0.073350 0.060000
0 1.0 0.180929 0.615000 0.044010 0.046000
0 1.0 0.132029 0.639000 0.078240 0.150000
0 1.0 0.201711 0.606000 0.090465 0.068000
0 1.0 0.173594 0.620000 0.141809 0.180000
0 1.0 0.182152 0.636000 0.075795 0.148000
0 1.0 0.282396 0.606000 0.026895 0.040000
0 1.0 0.930318 0.552000 0.139364 0.152000
0 1.0 0.960880 0.550000 0.078240 0.096000
0 1.0 0.960880 0.607000 0.039120 0.126000
0 1.0 0.050122 0.631000 0.095355 0.098000
0 1.0 0.074572 0.605000 0.149144 0.230000
0 1.0 0.080685 0.627000 0.019560 0.026000
0 1.0 0.046455 0.617000 0.083130 0.046000
0 1.0 0.026895 0.676000 0.039120 0.092000
0 1.0 0.130807 0.612000 0.188264 0.076000
0 1.0 0.811736 0.549000 0.293399 0.130000
0 1.0 0.820293 0.579000 0.085575 0.294000
0 1.0 0.828851 0.558000 0.078240 0.088000
0 1.0 0.808068 0.554000 0.036675 0.056000
0 1.0 0.874083 0.580000 0.100244 0.300000
0 1.0 0.693154 0.544000 0.227384 0.164000
0 1.0 0.700489 0.567000 0.061125 0.162000
0 1.0 0.827628 0.579000 0.051345 0.162000
0 1.0 0.574572 0.551000 0.249389 0.146000
0 1.0 0.557457 0.595000 0.068460 0.158000
0 1.0 0.613692 0.556000 0.195599 0.280000
0 1.0 0.602689 0.577000 0.066015 0.182000
0 1.0 0.427873 0.558000 0.391198 0.128000
0 1.0 0.398533 0.589000 0.058680 0.138000
0 1.0 0.477995 0.572000 0.100244 0.112000
0 1.0 0.546455 0.570000 0.026895 0.056000
0 1.0 0.432763 0.608000 0.083130 0.124000
0 1.0 0.536675 0.567000 0.075795 0.066000
0 1.0 0.438875 0.648000 0.026895 0.068000
0 1.0 0.511002 0.560000 0.180929 0.200000
0 1.0 0.515892 0.623000 0.044010 0.130000
0 1.0 0.300733 0.559000 0.141809 0.134000
0 1.0 0.308068 0.560000 0.039120 0.056000
0 1.0 0.257946 0.556000 0.310513 0.112000
0 1.0 0.284841 0.583000 0.061125 0.122000
0 1.0 0.348411 0.580000 0.124694 0.152000
0 1.0 0.347188 0.608000 0.053790 0.108000
0 1.0 0.413203 0.560000 0.151589 0.152000
0 1.0 0.400978 0.540000 0.278729 0.240000
0 1.0 0.477995 0.563000 0.041565 0.070000
0 1.0 0.147922 0.557000 0.183374 0.126000
0 1.0 0.187042 0.547000 0.295844 0.242000
0 1.0 0.959658 0.498000 0.080685 0.096000
0 1.0 0.050122 0.580000 0.080685 0.096000
0 1.0 0.068460 0.565000 0.039120 0.050000
0 1.0 0.031785 0.613000 0.053790 0.082000
0 1.0 0.029340 0.645000 0.029340 0.074000
0 1.0 0.129584 0.557000 0.097800 0.094000
0 1.0 0.069682 0.608000 0.066015 0.120000
0 1.0 0.874083 0.497000 0.188264 0.230000
0 1.0 0.822738 0.506000 0.114914 0.104000
0 1.0 0.878973 0.519000 0.066015 0.178000
0 1.0 0.814181 0.503000 0.044010 0.062000
0 1.0 0.918093 0.515000 0.110024 0.346000
0 1.0 0.696822 0.514000 0.088020 0.264000
0 1.0 0.757946 0.499000 0.171149 0.222000
0 1.0 0.771394 0.520000 0.075795 0.204000
0 1.0 0.827628 0.514000 0.056235 0.176000
0 1.0 0.789731 0.499000 0.278729 0.130000
0 1.0 0.589242 0.499000 0.298289 0.118000
0 1.0 0.665037 0.519000 0.088020 0.198000
0 1.0 0.469438 0.520000 0.122249 0.140000
0 1.0 0.469438 0.487000 0.229829 0.286000
0 1.0 0.497555 0.520000 0.080685 0.076000
0 1.0 0.431540 0.558000 0.080685 0.116000
0 1.0 0.502445 0.513000 0.251834 0.094000
0 1.0 0.440098 0.593000 0.024450 0.066000
0 1.0 0.515892 0.547000 0.063570 0.142000
0 1.0 0.548900 0.504000 0.124694 0.088000
0 1.0 0.234719 0.511000 0.141809 0.094000
0 1.0 0.343521 0.517000 0.173594 0.166000
0 1.0 0.338631 0.490000 0.276284 0.260000
0 1.0 0.344743 0.546000 0.063570 0.140000
0 1.0 0.426650 0.519000 0.149144 0.090000
0 1.0 0.403423 0.540000 0.058680 0.156000
0 1.0 0.165037 0.503000 0.178484 0.098000
0 1.0 0.195599 0.523000 0.092910 0.106000
0 1.0 0.188264 0.565000 0.058680 0.118000
0 1.0 0.242054 0.504000 0.195599 0.176000
0 1.0 0.231051 0.527000 0.090465 0.178000
0 1.0 0.050122 0.524000 0.085575 0.120000
0 1.0 0.070905 0.504000 0.141809 0.252000
0 1.0 0.030562 0.550000 0.061125 0.120000
0 1.0 0.066015 0.504000 0.088020 0.064000
0 1.0 0.030562 0.580000 0.031785 0.092000
0 1.0 0.073350 0.561000 0.058680 0.134000
0 1.0 0.815403 0.446000 0.163814 0.104000
0 1.0 0.886308 0.482000 0.036675 0.104000
0 1.0 0.830073 0.447000 0.017115 0.038000
0 1.0 0.918093 0.449000 0.163814 0.134000
0 1.0 0.969438 0.447000 0.061125 0.066000
0 1.0 0.962103 0.496000 0.026895 0.076000
0 1.0 0.711491 0.444000 0.283619 0.136000
0 1.0 0.778729 0.497000 0.046455 0.118000
0 1.0 0.833741 0.485000 0.034230 0.114000
0 1.0 0.616137 0.454000 0.239609 0.156000
0 1.0 0.623472 0.533000 0.029340 0.054000
0 1.0 0.619804 0.541000 0.051345 0.098000
0 1.0 0.667482 0.500000 0.063570 0.124000
0 1.0 0.689487 0.461000 0.166259 0.210000
0 1.0 0.702934 0.495000 0.046455 0.114000
0 1.0 0.482885 0.442000 0.183374 0.104000
0 1.0 0.436430 0.505000 0.066015 0.110000
0 1.0 0.562347 0.446000 0.014670 0.032000
0 1.0 0.441320 0.543000 0.017115 0.050000
0 1.0 0.517115 0.520000 0.036675 0.088000
0 1.0 0.566015 0.466000 0.242054 0.256000
0 1.0 0.551345 0.533000 0.036675 0.058000
0 1.0 0.597800 0.446000 0.144254 0.100000
0 1.0 0.331296 0.452000 0.149144 0.080000
0 1.0 0.286064 0.497000 0.044010 0.106000
0 1.0 0.367971 0.482000 0.061125 0.100000
0 1.0 0.276284 0.442000 0.200489 0.124000
0 1.0 0.336186 0.467000 0.119804 0.178000
0 1.0 0.321516 0.447000 0.017115 0.038000
0 1.0 0.341076 0.475000 0.046455 0.102000
0 1.0 0.410758 0.459000 0.132029 0.186000
0 1.0 0.405868 0.476000 0.068460 0.156000
0 1.0 0.498778 0.494000 0.044010 0.084000
0 1.0 0.221271 0.486000 0.036675 0.068000
0 1.0 0.193154 0.452000 0.234719 0.124000
0 1.0 0.257946 0.455000 0.026895 0.042000
0 1.0 0.200489 0.515000 0.034230 0.078000
0 1.0 0.249389 0.492000 0.048900 0.088000
0 1.0 0.286064 0.444000 0.058680 0.060000
0 1.0 0.319071 0.486000 0.036675 0.072000
0 1.0 0.277506 0.472000 0.114914 0.164000
0 1.0 0.045232 0.453000 0.090465 0.074000
0 1.0 0.026895 0.505000 0.044010 0.098000
0 1.0 0.090465 0.451000 0.014670 0.030000
0 1.0 0.028117 0.521000 0.026895 0.086000
0 1.0 0.092910 0.480000 0.107579 0.132000
0 1.0 0.107579 0.456000 0.200489 0.108000
0 1.0 0.085575 0.515000 0.039120 0.086000
0 1.0 0.152812 0.452000 0.031785 0.044000
0 1.0 0.150367 0.480000 0.095355 0.116000
0 1.0 0.141809 0.518000 0.044010 0.080000
0 1.0 0.195599 0.453000 0.044010 0.050000
0 1.0 0.810513 0.398000 0.237164 0.128000
0 1.0 0.869193 0.428000 0.085575 0.252000
0 1.0 0.907090 0.394000 0.185819 0.308000
0 1.0 0.916870 0.396000 0.166259 0.108000
0 1.0 0.951100 0.440000 0.058680 0.120000
0 1.0 0.059902 0.481000 0.061125 0.094000
0 1.0 0.777506 0.455000 0.053790 0.134000
0 1.0 0.839853 0.447000 0.036675 0.122000
0 1.0 0.827628 0.440000 0.080685 0.260000
0 1.0 0.876528 0.440000 0.041565 0.124000
0 1.0 0.618582 0.489000 0.024450 0.050000
0 1.0 0.623472 0.396000 0.283619 0.124000
0 1.0 0.611247 0.481000 0.073350 0.130000
0 1.0 0.667482 0.466000 0.048900 0.096000
0 1.0 0.498778 0.392000 0.195599 0.108000
0 1.0 0.440098 0.460000 0.044010 0.120000
0 1.0 0.513447 0.396000 0.229829 0.272000
0 1.0 0.512225 0.450000 0.051345 0.116000
0 1.0 0.504890 0.456000 0.075795 0.188000
0 1.0 0.553790 0.473000 0.046455 0.074000
0 1.0 0.547677 0.481000 0.073350 0.130000
0 1.0 0.349633 0.395000 0.151589 0.190000
0 1.0 0.359413 0.388000 0.293399 0.128000
0 1.0 0.407090 0.384000 0.246944 0.276000
0 1.0 0.402200 0.398000 0.095355 0.228000
0 1.0 0.475550 0.404000 0.100244 0.140000
0 1.0 0.195599 0.421000 0.097800 0.162000
0 1.0 0.220049 0.387000 0.210269 0.102000
0 1.0 0.243276 0.390000 0.183374 0.208000
0 1.0 0.244499 0.422000 0.058680 0.140000
0 1.0 0.295844 0.397000 0.117359 0.170000
0 1.0 0.066015 0.396000 0.132029 0.084000
0 1.0 0.086797 0.406000 0.173594 0.184000
0 1.0 0.073350 0.463000 0.048900 0.102000
0 1.0 0.127139 0.390000 0.195599 0.104000
0 1.0 0.141809 0.455000 0.053790 0.102000
0 1.0 0.922983 0.347000 0.100244 0.166000
0 1.0 0.902200 0.346000 0.195599 0.124000
0 1.0 0.947433 0.374000 0.051345 0.104000
0 1.0 0.958435 0.357000 0.024450 0.066000
0 1.0 0.028117 0.452000 0.056235 0.124000
0 1.0 0.781174 0.392000 0.046455 0.124000
0 1.0 0.759169 0.350000 0.300733 0.120000
0 1.0 0.770171 0.381000 0.092910 0.246000
0 1.0 0.841076 0.400000 0.034230 0.108000
0 1.0 0.872861 0.390000 0.044010 0.116000
0 1.0 0.844743 0.348000 0.144254 0.096000
0 1.0 0.617359 0.346000 0.305623 0.112000
0 1.0 0.614914 0.410000 0.056235 0.132000
0 1.0 0.649144 0.359000 0.178484 0.186000
0 1.0 0.669927 0.405000 0.044010 0.102000
0 1.0 0.665037 0.406000 0.063570 0.160000
0 1.0 0.698044 0.351000 0.246944 0.290000
0 1.0 0.698044 0.402000 0.046455 0.112000
0 1.0 0.514670 0.382000 0.056235 0.132000
0 1.0 0.545232 0.387000 0.058680 0.118000
0 1.0 0.621027 0.412000 0.024450 0.064000
0 1.0 0.342298 0.375000 0.053790 0.138000
0 1.0 0.427873 0.337000 0.298289 0.134000
0 1.0 0.487775 0.368000 0.051345 0.096000
0 1.0 0.430318 0.351000 0.092910 0.174000
0 1.0 0.512225 0.348000 0.139364 0.092000
0 1.0 0.440098 0.353000 0.014670 0.042000
0 1.0 0.199267 0.404000 0.041565 0.100000
0 1.0 0.244499 0.364000 0.068460 0.132000
0 1.0 0.256724 0.342000 0.264059 0.128000
0 1.0 0.319071 0.361000 0.036675 0.082000
0 1.0 0.293399 0.325000 0.229829 0.238000
0 1.0 0.295844 0.363000 0.058680 0.134000
0 1.0 0.365526 0.357000 0.061125 0.106000
0 1.0 0.111247 0.348000 0.207824 0.132000
0 1.0 0.083130 0.392000 0.048900 0.092000
0 1.0 0.136919 0.345000 0.112469 0.082000
0 1.0 0.075795 0.398000 0.068460 0.160000
0 1.0 0.139364 0.398000 0.053790 0.096000
0 1.0 0.226161 0.370000 0.046455 0.084000
0 1.0 0.199267 0.366000 0.110024 0.156000
0 1.0 0.893643 0.296000 0.212714 0.156000
0 1.0 0.964548 0.296000 0.070905 0.128000
0 1.0 0.933985 0.291000 0.132029 0.266000
0 1.0 0.951100 0.304000 0.039120 0.084000
0 1.0 0.053790 0.361000 0.073350 0.098000
0 1.0 0.070905 0.337000 0.141809 0.242000
0 1.0 0.022005 0.369000 0.044010 0.122000
0 1.0 0.015892 0.366000 0.026895 0.072000
0 1.0 0.762836 0.295000 0.278729 0.122000
0 1.0 0.828851 0.303000 0.141809 0.166000
0 1.0 0.845966 0.319000 0.024450 0.066000
0 1.0 0.859413 0.305000 0.090465 0.082000
0 1.0 0.883863 0.311000 0.026895 0.070000
0 1.0 0.870416 0.326000 0.083130 0.228000
0 1.0 0.644254 0.297000 0.242054 0.146000
0 1.0 0.671149 0.334000 0.031785 0.068000
0 1.0 0.710269 0.305000 0.124694 0.150000
0 1.0 0.701711 0.319000 0.024450 0.058000
0 1.0 0.696822 0.339000 0.073350 0.198000
0 1.0 0.771394 0.300000 0.134474 0.164000
0 1.0 0.788509 0.307000 0.022005 0.062000
0 1.0 0.512225 0.295000 0.227384 0.142000
0 1.0 0.519560 0.342000 0.031785 0.084000
0 1.0 0.506112 0.341000 0.083130 0.206000
0 1.0 0.567237 0.309000 0.078240 0.106000
0 1.0 0.553790 0.314000 0.031785 0.064000
0 1.0 0.547677 0.332000 0.088020 0.188000
0 1.0 0.601467 0.296000 0.239609 0.280000
0 1.0 0.617359 0.306000 0.017115 0.040000
0 1.0 0.608802 0.316000 0.068460 0.144000
0 1.0 0.431540 0.300000 0.022005 0.052000
0 1.0 0.409535 0.314000 0.095355 0.192000
0 1.0 0.419315 0.288000 0.232274 0.112000
0 1.0 0.513447 0.332000 0.014670 0.040000
0 1.0 0.562347 0.306000 0.019560 0.040000
0 1.0 0.441320 0.351000 0.036675 0.114000
0 1.0 0.244499 0.352000 0.044010 0.084000
0 1.0 0.264059 0.294000 0.234719 0.120000
0 1.0 0.330073 0.325000 0.024450 0.062000
0 1.0 0.301956 0.301000 0.119804 0.202000
0 1.0 0.376528 0.316000 0.034230 0.076000
0 1.0 0.103912 0.296000 0.207824 0.128000
0 1.0 0.072127 0.299000 0.022005 0.046000
0 1.0 0.130807 0.292000 0.114914 0.076000
0 1.0 0.064792 0.301000 0.070905 0.142000
0 1.0 0.154034 0.314000 0.029340 0.056000
0 1.0 0.171149 0.291000 0.112469 0.070000
0 1.0 0.136919 0.320000 0.073350 0.152000
0 1.0 0.234719 0.330000 0.024450 0.052000
0 1.0 0.204156 0.316000 0.095355 0.148000
0 1.0 0.245721 0.303000 0.110024 0.082000
0 1.0 0.200489 0.341000 0.053790 0.122000
0 1.0 0.916870 0.238000 0.166259 0.112000
0 1.0 0.040342 0.300000 0.080685 0.064000
0 1.0 0.034230 0.302000 0.039120 0.080000
0 1.0 0.831296 0.257000 0.053790 0.162000
0 1.0 0.861858 0.245000 0.070905 0.094000
0 1.0 0.875306 0.238000 0.083130 0.244000
0 1.0 0.026895 0.056000 0.053790 0.092000
0 1.0 0.062347 0.028000 0.051345 0.048000
0 1.0 0.100244 0.037000 0.122249 0.074000
0 1.0 0.074572 0.073000 0.066015 0.126000
0 1.0 0.138142 0.060000 0.095355 0.120000
0 1.0 0.640587 0.240000 0.454768 0.288000
0 1.0 0.140587 0.343000 0.222494 0.538000
0 1.0 0.893643 0.746000 0.212714 0.380000
0 1.0 0.635697 0.749000 0.464548 0.242000
0 1.0 0.073350 0.665000 0.146699 0.538000
0 1.0 0.827628 0.641000 0.344743 0.458000
0 1.0 0.140587 0.755000 0.217604 0.466000
0 1.0 0.645477 0.787000 0.205379 0.426000
0 1.0 0.446210 0.817000 0.237164 0.366000
0 1.0 0.849633 0.230000 0.193154 0.460000
0 1.0 0.323961 0.674000 0.647922 0.652000
0 1.0 0.323961 0.324000 0.647922 0.648000
0 1.0 0.667482 0.671000 0.665037 0.658000
0 1.0 0.850856 0.471000 0.185819 0.622000
0 1.0 0.826406 0.453000 0.347188 0.450000
0 1.0 0.141809 0.549000 0.210269 0.546000
0 1.0 0.074572 0.349000 0.149144 0.598000
0 1.0 0.749389 0.272000 0.207824 0.544000
0 1.0 0.674817 0.328000 0.650367 0.656000
0 1.0 0.548900 0.863000 0.246944 0.274000
0 1.0 0.473105 0.509000 0.413203 0.930000
0 1.0 0.751834 0.794000 0.207824 0.412000
0 1.0 0.207824 0.499000 0.415648 0.814000