0 1.0 0.593750 0.677986 0.121875 0.386417
0 1.0 0.939844 0.555035 0.120313 0.173302
0 1.0 0.105469 0.593677 0.210938 0.128806
0 1.0 0.074219 0.604215 0.129688 0.365340
0 1.0 0.103906 0.592506 0.079687 0.112412
0 1.0 0.778125 0.545667 0.240625 0.182670
0 1.0 0.711719 0.594848 0.117188 0.323185
0 1.0 0.943750 0.590164 0.068750 0.163934
0 1.0 0.770312 0.586651 0.143750 0.283372
0 1.0 0.277344 0.592506 0.164062 0.238876
0 1.0 0.242969 0.662763 0.139063 0.407494
0 1.0 0.217188 0.591335 0.334375 0.156909
0 1.0 0.246094 0.591335 0.120313 0.147541
0 1.0 0.182031 0.625293 0.139063 0.379391
0 1.0 0.899219 0.540984 0.164062 0.243560
0 1.0 0.842187 0.544496 0.115625 0.100703
0 1.0 0.502344 0.569087 0.189062 0.229508
0 1.0 0.439063 0.607728 0.087500 0.292740
0 1.0 0.481250 0.545667 0.315625 0.140515
0 1.0 0.647656 0.550351 0.317188 0.135831
0 1.0 0.664844 0.586651 0.085938 0.227166
0 1.0 0.655469 0.562061 0.182812 0.215457
0 1.0 0.342187 0.553864 0.118750 0.316159
0 1.0 0.359375 0.548009 0.250000 0.163934
0 1.0 0.574219 0.599532 0.260937 0.290398
0 1.0 0.591406 0.572600 0.164062 0.199063
0 1.0 0.823438 0.570258 0.134375 0.320843
0 1.0 0.783594 0.598361 0.310937 0.138173
0 1.0 0.402344 0.628806 0.120313 0.400468
0 1.0 0.492188 0.596019 0.056250 0.105386
0 1.0 0.719531 0.632319 0.242188 0.327869
0 1.0 0.129688 0.628806 0.131250 0.400468
0 1.0 0.418750 0.594848 0.300000 0.140515
0 1.0 0.465625 0.596019 0.034375 0.086651
0 1.0 0.402344 0.593677 0.070312 0.110070
0 1.0 0.034375 0.604215 0.065625 0.281030
0 1.0 0.050781 0.597190 0.089063 0.079625
0 1.0 0.071875 0.599532 0.028125 0.065574
0 1.0 0.329688 0.627635 0.237500 0.355972
0 1.0 0.332031 0.593677 0.026562 0.072600
0 1.0 0.718750 0.515222 0.256250 0.281030
0 1.0 0.650781 0.502342 0.310937 0.124122
0 1.0 0.344531 0.498829 0.304688 0.131148
0 1.0 0.300000 0.517564 0.078125 0.276347
0 1.0 0.606250 0.507026 0.187500 0.203747
0 1.0 0.550781 0.511710 0.126562 0.306792
0 1.0 0.532813 0.501171 0.315625 0.126464
0 1.0 0.530469 0.505855 0.285938 0.295082
0 1.0 0.846875 0.505855 0.196875 0.177986
0 1.0 0.437500 0.509368 0.131250 0.292740
0 1.0 0.718750 0.544496 0.084375 0.185012
0 1.0 0.088281 0.507026 0.176563 0.203747
0 1.0 0.094531 0.492974 0.132812 0.096019
0 1.0 0.045312 0.521077 0.090625 0.283372
0 1.0 0.244531 0.490632 0.279687 0.119438
0 1.0 0.274219 0.496487 0.270313 0.276347
0 1.0 0.297656 0.491803 0.151562 0.210773
0 1.0 0.883594 0.453162 0.232813 0.128806
0 1.0 0.896875 0.457845 0.206250 0.316159
0 1.0 0.412500 0.560890 0.225000 0.302108
0 1.0 0.075781 0.542155 0.142187 0.105386
0 1.0 0.296875 0.549180 0.090625 0.119438
0 1.0 0.176563 0.586651 0.306250 0.325527
0 1.0 0.958594 0.551522 0.045312 0.156909
0 1.0 0.922656 0.498829 0.154688 0.126464
0 1.0 0.607031 0.530445 0.073438 0.180328
0 1.0 0.221875 0.549180 0.193750 0.231850
0 1.0 0.153906 0.540984 0.307812 0.154567
0 1.0 0.728125 0.721311 0.153125 0.281030
0 1.0 0.653906 0.681499 0.107813 0.365340
0 1.0 0.943750 0.710773 0.112500 0.231850
0 1.0 0.875781 0.708431 0.248438 0.133489
0 1.0 0.886719 0.702576 0.195312 0.337237
0 1.0 0.814063 0.709602 0.078125 0.088993
0 1.0 0.539062 0.707260 0.278125 0.140515
0 1.0 0.559375 0.708431 0.121875 0.142857
0 1.0 0.847656 0.720141 0.045312 0.096019
0 1.0 0.823438 0.721311 0.109375 0.299766
0 1.0 0.123438 0.765808 0.246875 0.140515
0 1.0 0.085938 0.734192 0.109375 0.269321
0 1.0 0.134375 0.770492 0.068750 0.112412
0 1.0 0.031250 0.736534 0.062500 0.236534
0 1.0 0.060937 0.763466 0.121875 0.103044
0 1.0 0.086719 0.771663 0.026562 0.067916
0 1.0 0.718750 0.707260 0.293750 0.149883
0 1.0 0.222656 0.714286 0.289062 0.131148
0 1.0 0.276562 0.725995 0.065625 0.098361
0 1.0 0.492969 0.681499 0.110937 0.379391
0 1.0 0.525781 0.724824 0.039062 0.072600
0 1.0 0.415625 0.713115 0.293750 0.124122
0 1.0 0.463281 0.721311 0.054688 0.088993
0 1.0 0.421875 0.768150 0.306250 0.145199
0 1.0 0.473438 0.777518 0.043750 0.093677
0 1.0 0.401562 0.730679 0.221875 0.295082
0 1.0 0.679688 0.771663 0.159375 0.161593
0 1.0 0.652344 0.717799 0.217188 0.306792
0 1.0 0.595313 0.771663 0.284375 0.147541
0 1.0 0.279687 0.723653 0.128125 0.355972
0 1.0 0.242188 0.776347 0.071875 0.110070
0 1.0 0.841406 0.762295 0.057813 0.119438
0 1.0 0.777344 0.761124 0.289062 0.154567
0 1.0 0.775000 0.725995 0.096875 0.266979
0 1.0 0.470313 0.752927 0.131250 0.222482
0 1.0 0.330469 0.762295 0.126562 0.236534
0 1.0 0.203125 0.774005 0.187500 0.166276
0 1.0 0.190625 0.747073 0.109375 0.304450
0 1.0 0.533594 0.777518 0.035937 0.088993
0 1.0 0.128906 0.733021 0.104688 0.295082
0 1.0 0.171875 0.771663 0.100000 0.133489
0 1.0 0.364063 0.775176 0.112500 0.135831
0 1.0 0.517188 0.649883 0.237500 0.185012
0 1.0 0.148438 0.663934 0.159375 0.152225
0 1.0 0.462500 0.653396 0.053125 0.098361
0 1.0 0.344531 0.655738 0.229687 0.121780
0 1.0 0.638281 0.649883 0.317188 0.133489
0 1.0 0.244531 0.655738 0.279687 0.126464
0 1.0 0.306250 0.663934 0.043750 0.086651
0 1.0 0.850000 0.596019 0.075000 0.100703
0 1.0 0.379688 0.658080 0.106250 0.121780
0 1.0 0.044531 0.661593 0.089063 0.086651
0 1.0 0.145313 0.085480 0.225000 0.170960
0 1.0 0.109375 0.665105 0.090625 0.117096
0 1.0 0.056250 0.669789 0.034375 0.070258
0 1.0 0.053125 0.656909 0.106250 0.222482
0 1.0 0.955469 0.641686 0.054688 0.192037
0 1.0 0.847656 0.667447 0.092188 0.117096
0 1.0 0.814844 0.654567 0.289062 0.133489
0 1.0 0.110156 0.714286 0.220312 0.121780
0 1.0 0.168750 0.718970 0.100000 0.126464
0 1.0 0.066406 0.718970 0.029687 0.070258
0 1.0 0.369531 0.718970 0.129688 0.131148
0 1.0 0.131250 0.721311 0.062500 0.103044
0 1.0 0.517969 0.655738 0.060937 0.107728
0 1.0 0.808594 0.677986 0.214062 0.348946
0 1.0 0.050000 0.713115 0.100000 0.096019
0 1.0 0.161719 0.283372 0.145313 0.088993
0 1.0 0.150000 0.305621 0.043750 0.119438
0 1.0 0.142187 0.288056 0.234375 0.295082
0 1.0 0.071875 0.322014 0.075000 0.217799
0 1.0 0.400781 0.288056 0.170313 0.252927
0 1.0 0.346875 0.312646 0.096875 0.213115
0 1.0 0.415625 0.290398 0.059375 0.074941
0 1.0 0.377344 0.306792 0.067187 0.131148
0 1.0 0.299219 0.331382 0.073438 0.185012
0 1.0 0.339062 0.295082 0.212500 0.112412
0 1.0 0.068750 0.288056 0.137500 0.271663
0 1.0 0.054688 0.298595 0.065625 0.119438
0 1.0 0.961719 0.244731 0.067187 0.278689
0 1.0 0.937500 0.230679 0.125000 0.119438
0 1.0 0.586719 0.281030 0.254688 0.182670
0 1.0 0.302344 0.285714 0.251563 0.281030
0 1.0 0.341406 0.318501 0.029687 0.074941
0 1.0 0.240625 0.310304 0.093750 0.259953
0 1.0 0.254688 0.286885 0.221875 0.119438
0 1.0 0.139844 0.310304 0.095312 0.274005
0 1.0 0.503125 0.288056 0.137500 0.266979
0 1.0 0.525000 0.286885 0.046875 0.081967
0 1.0 0.451562 0.272834 0.128125 0.311475
0 1.0 0.249219 0.309133 0.042188 0.121780
0 1.0 0.035156 0.334895 0.051562 0.196721
0 1.0 0.709375 0.225995 0.128125 0.372365
0 1.0 0.682031 0.231850 0.304688 0.135831
0 1.0 0.655469 0.233021 0.126562 0.334895
0 1.0 0.927344 0.225995 0.117188 0.339578
0 1.0 0.184375 0.295082 0.103125 0.290398
0 1.0 0.103906 0.288056 0.201563 0.145199
0 1.0 0.214062 0.297424 0.031250 0.084309
0 1.0 0.885156 0.204918 0.095312 0.217799
0 1.0 0.822656 0.217799 0.120313 0.393443
0 1.0 0.821094 0.236534 0.310937 0.131148
0 1.0 0.830469 0.204918 0.076563 0.189696
0 1.0 0.081250 0.306792 0.025000 0.070258
0 1.0 0.872656 0.285714 0.226562 0.299766
0 1.0 0.825000 0.286885 0.237500 0.124122
0 1.0 0.834375 0.242389 0.037500 0.091335
0 1.0 0.113281 0.347775 0.226562 0.156909
0 1.0 0.595313 0.270492 0.056250 0.133489
0 1.0 0.025000 0.371194 0.034375 0.119438
0 1.0 0.066406 0.341920 0.079687 0.074941
0 1.0 0.721094 0.272834 0.045312 0.105386
0 1.0 0.684375 0.292740 0.253125 0.168618
0 1.0 0.341406 0.346604 0.245312 0.131148
0 1.0 0.301563 0.353630 0.128125 0.243560
0 1.0 0.953906 0.283372 0.092188 0.107728
0 1.0 0.947656 0.259953 0.051562 0.154567
0 1.0 0.187500 0.365340 0.068750 0.192037
0 1.0 0.211719 0.347775 0.214062 0.119438
0 1.0 0.135937 0.394614 0.068750 0.180328
0 1.0 0.778125 0.257611 0.046875 0.117096
0 1.0 0.762500 0.290398 0.275000 0.299766
0 1.0 0.489844 0.286885 0.067187 0.156909
0 1.0 0.425000 0.283372 0.268750 0.131148
0 1.0 0.596094 0.284543 0.117188 0.311475
0 1.0 0.668750 0.283372 0.050000 0.121780
0 1.0 0.903125 0.289227 0.193750 0.175644
0 1.0 0.767969 0.271663 0.101562 0.299766
0 1.0 0.893750 0.218970 0.040625 0.086651
0 1.0 0.545312 0.266979 0.103125 0.196721
0 1.0 0.896094 0.286885 0.070312 0.077283
0 1.0 0.709375 0.180328 0.293750 0.135831
0 1.0 0.717187 0.163934 0.256250 0.323185
0 1.0 0.909375 0.183841 0.181250 0.128806
0 1.0 0.590625 0.180328 0.100000 0.252927
0 1.0 0.589063 0.185012 0.243750 0.173302
0 1.0 0.191406 0.238876 0.245312 0.168618
0 1.0 0.898438 0.183841 0.100000 0.100703
0 1.0 0.877344 0.160422 0.217188 0.306792
0 1.0 0.121875 0.235363 0.168750 0.105386
0 1.0 0.063281 0.237705 0.126562 0.096019
0 1.0 0.061719 0.035129 0.070312 0.070258
0 1.0 0.677344 0.676815 0.645312 0.646370
0 1.0 0.245312 0.544496 0.437500 0.911007
0 1.0 0.548438 0.182670 0.134375 0.266979
0 1.0 0.193750 0.045667 0.187500 0.091335
0 1.0 0.201563 0.051522 0.071875 0.093677
0 1.0 0.139063 0.080796 0.050000 0.133489
0 1.0 0.189844 0.030445 0.067187 0.060890
0 1.0 0.400781 0.718970 0.801562 0.557377
0 1.0 0.828125 0.179157 0.262500 0.175644
0 1.0 0.085156 0.081967 0.051562 0.121780
0 1.0 0.153125 0.031616 0.050000 0.053864
0 1.0 0.126562 0.037471 0.096875 0.074941
0 1.0 0.104688 0.057377 0.084375 0.105386
0 1.0 0.431250 0.234192 0.334375 0.149883
0 1.0 0.658594 0.233021 0.085938 0.208431
0 1.0 0.300781 0.268150 0.120313 0.227166
0 1.0 0.307031 0.257611 0.029687 0.065574
0 1.0 0.528125 0.243560 0.043750 0.098361
0 1.0 0.374219 0.243560 0.157812 0.140515
0 1.0 0.035937 0.276347 0.071875 0.220141
0 1.0 0.050781 0.242389 0.057813 0.081967
0 1.0 0.470313 0.245902 0.050000 0.098361
0 1.0 0.322656 0.453162 0.057813 0.110070
0 1.0 0.239844 0.477752 0.101562 0.234192
0 1.0 0.239063 0.443794 0.096875 0.077283
0 1.0 0.928125 0.379391 0.143750 0.299766
0 1.0 0.949219 0.393443 0.101562 0.187354
0 1.0 0.907813 0.395785 0.184375 0.117096
0 1.0 0.178125 0.448478 0.271875 0.142857
0 1.0 0.196094 0.463700 0.079687 0.098361
0 1.0 0.162500 0.450820 0.137500 0.086651
0 1.0 0.132031 0.487119 0.089063 0.140515
0 1.0 0.464844 0.447307 0.245312 0.145199
0 1.0 0.446094 0.450820 0.242188 0.316159
0 1.0 0.074219 0.502342 0.082812 0.189696
0 1.0 0.034375 0.515222 0.053125 0.187354
0 1.0 0.353906 0.449649 0.132812 0.196721
0 1.0 0.285156 0.441452 0.232813 0.105386
0 1.0 0.150000 0.448478 0.075000 0.067916
0 1.0 0.651563 0.396956 0.193750 0.222482
0 1.0 0.820312 0.398126 0.184375 0.112412
0 1.0 0.882031 0.428571 0.104688 0.215457
0 1.0 0.539844 0.360656 0.260937 0.337237
0 1.0 0.508594 0.394614 0.298438 0.138173
0 1.0 0.770312 0.401639 0.259375 0.161593
0 1.0 0.823438 0.421546 0.109375 0.285714
0 1.0 0.832031 0.426230 0.070312 0.168618
0 1.0 0.819531 0.398126 0.270313 0.337237
0 1.0 0.765625 0.442623 0.090625 0.224824
0 1.0 0.773438 0.444965 0.056250 0.131148
0 1.0 0.128906 0.448478 0.023438 0.039813
0 1.0 0.660937 0.427400 0.100000 0.241218
0 1.0 0.635156 0.394614 0.304688 0.133489
0 1.0 0.668750 0.432084 0.056250 0.138173
0 1.0 0.076563 0.446136 0.103125 0.086651
0 1.0 0.953906 0.451991 0.092188 0.088993
0 1.0 0.668750 0.489461 0.056250 0.131148
0 1.0 0.657031 0.454333 0.264062 0.159251
0 1.0 0.493750 0.446136 0.059375 0.067916
0 1.0 0.617969 0.469555 0.057813 0.147541
0 1.0 0.851562 0.451991 0.034375 0.056206
0 1.0 0.610156 0.464871 0.098437 0.259953
0 1.0 0.960156 0.477752 0.048438 0.163934
0 1.0 0.800000 0.451991 0.093750 0.084309
0 1.0 0.776563 0.512881 0.062500 0.121780
0 1.0 0.353125 0.443794 0.221875 0.292740
0 1.0 0.551562 0.446136 0.228125 0.114754
0 1.0 0.833594 0.494145 0.060937 0.140515
0 1.0 0.187500 0.487119 0.093750 0.196721
0 1.0 0.444531 0.453162 0.073438 0.250585
0 1.0 0.775000 0.476581 0.171875 0.189696
0 1.0 0.332031 0.440281 0.026562 0.046838
0 1.0 0.732031 0.453162 0.117188 0.086651
0 1.0 0.713281 0.502342 0.057813 0.110070
0 1.0 0.505469 0.339578 0.295312 0.145199
0 1.0 0.771875 0.339578 0.306250 0.140515
0 1.0 0.711719 0.372365 0.082812 0.220141
0 1.0 0.767969 0.368852 0.073438 0.180328
0 1.0 0.064062 0.409836 0.068750 0.074941
0 1.0 0.073438 0.405152 0.146875 0.276347
0 1.0 0.051562 0.407494 0.103125 0.149883
0 1.0 0.956250 0.314988 0.040625 0.138173
0 1.0 0.928906 0.340749 0.142187 0.119438
0 1.0 0.635156 0.336066 0.304688 0.138173
0 1.0 0.880469 0.324356 0.110937 0.278689
0 1.0 0.666406 0.368852 0.070312 0.175644
0 1.0 0.450781 0.288056 0.057813 0.131148
0 1.0 0.128125 0.343091 0.143750 0.100703
0 1.0 0.090625 0.396956 0.040625 0.100703
0 1.0 0.336719 0.360656 0.042188 0.093677
0 1.0 0.239844 0.366511 0.054688 0.152225
0 1.0 0.236719 0.400468 0.310937 0.135831
0 1.0 0.239844 0.416862 0.064062 0.149883
0 1.0 0.181250 0.406323 0.112500 0.241218
0 1.0 0.448437 0.396956 0.125000 0.339578
0 1.0 0.712500 0.395785 0.153125 0.098361
0 1.0 0.716406 0.439110 0.051562 0.110070
0 1.0 0.403906 0.389930 0.223438 0.152225
0 1.0 0.138281 0.407494 0.245312 0.163934
0 1.0 0.946875 0.336066 0.068750 0.194379
0 1.0 0.301563 0.395785 0.159375 0.103044
0 1.0 0.539062 0.644028 0.528125 0.252927
0 1.0 0.475781 0.626464 0.223438 0.423888
0 1.0 0.232031 0.146370 0.126562 0.292740
0 1.0 0.198437 0.131148 0.250000 0.131148
0 1.0 0.183594 0.159251 0.076563 0.224824
0 1.0 0.139844 0.167447 0.070312 0.217799
0 1.0 0.794531 0.574941 0.285938 0.442623
0 1.0 0.342187 0.638173 0.418750 0.456674
0 1.0 0.643750 0.543326 0.568750 0.234192
0 1.0 0.459375 0.128806 0.146875 0.206089
0 1.0 0.396094 0.148712 0.104688 0.297424
0 1.0 0.269531 0.644028 0.539062 0.243560
0 1.0 0.421875 0.129977 0.300000 0.128806
0 1.0 0.480469 0.137002 0.029687 0.067916
0 1.0 0.399219 0.140515 0.229687 0.281030
0 1.0 0.347656 0.148712 0.085938 0.259953
0 1.0 0.382031 0.127635 0.142187 0.100703
0 1.0 0.293750 0.154567 0.071875 0.224824
0 1.0 0.728125 0.747073 0.490625 0.220141
0 1.0 0.299219 0.129977 0.139063 0.199063
0 1.0 0.459375 0.750585 0.578125 0.217799
0 1.0 0.932813 0.076112 0.134375 0.105386
0 1.0 0.950000 0.125293 0.065625 0.161593
0 1.0 0.926562 0.108899 0.146875 0.217799
0 1.0 0.872656 0.122951 0.082812 0.245902
0 1.0 0.879687 0.072600 0.156250 0.112412
0 1.0 0.071094 0.134660 0.142187 0.264637
0 1.0 0.778125 0.649883 0.443750 0.227166
0 1.0 0.217969 0.749415 0.435937 0.234192
0 1.0 0.135156 0.716628 0.270313 0.449649
0 1.0 0.273438 0.144028 0.025000 0.053864
0 1.0 0.078906 0.137002 0.057813 0.081967
0 1.0 0.081250 0.177986 0.078125 0.229508
0 1.0 0.121875 0.131148 0.184375 0.117096
0 1.0 0.030469 0.186183 0.048438 0.185012
0 1.0 0.849219 0.401639 0.185938 0.620609
0 1.0 0.722656 0.345433 0.539062 0.241218
0 1.0 0.449219 0.347775 0.567187 0.227166
0 1.0 0.464062 0.359485 0.368750 0.466042
0 1.0 0.247656 0.422717 0.207813 0.681499
0 1.0 0.561719 0.124122 0.289062 0.140515
0 1.0 0.651563 0.371194 0.262500 0.498829
0 1.0 0.132031 0.463700 0.264062 0.435597
0 1.0 0.727344 0.245902 0.545312 0.234192
0 1.0 0.727344 0.256440 0.420312 0.484778
0 1.0 0.821875 0.121780 0.300000 0.149883
0 1.0 0.836719 0.125293 0.067187 0.194379
0 1.0 0.220312 0.354801 0.440625 0.217799
0 1.0 0.657813 0.131148 0.109375 0.262295
0 1.0 0.652344 0.119438 0.248438 0.173302
0 1.0 0.712500 0.112412 0.118750 0.224824
0 1.0 0.658594 0.455504 0.498437 0.274005
0 1.0 0.360156 0.544496 0.679688 0.227166
0 1.0 0.503906 0.146370 0.101562 0.283372
0 1.0 0.499219 0.131148 0.145313 0.098361
0 1.0 0.531250 0.135831 0.031250 0.065574
0 1.0 0.274219 0.461358 0.548438 0.210773
0 1.0 0.439063 0.167447 0.068750 0.241218
0 1.0 0.353125 0.451991 0.434375 0.459016
0 1.0 0.828125 0.070258 0.062500 0.140515
0 1.0 0.815625 0.037471 0.181250 0.074941
0 1.0 0.838281 0.055035 0.032813 0.081967
0 1.0 0.771875 0.051522 0.071875 0.103044
0 1.0 0.769531 0.081967 0.251563 0.163934
0 1.0 0.250000 0.879391 0.500000 0.241218
0 1.0 0.579688 0.040984 0.106250 0.081967
0 1.0 0.714063 0.646370 0.309375 0.655738
0 1.0 0.711719 0.048009 0.067187 0.096019
0 1.0 0.714844 0.043326 0.154688 0.086651
0 1.0 0.660937 0.055035 0.059375 0.110070
0 1.0 0.882031 0.065574 0.029687 0.065574
0 1.0 0.494531 0.532787 0.576562 0.564403
0 1.0 0.876563 0.033958 0.071875 0.063232
0 1.0 0.349219 0.060890 0.054688 0.121780
0 1.0 0.332031 0.033958 0.023438 0.044496
0 1.0 0.310937 0.038642 0.096875 0.077283
0 1.0 0.350781 0.077283 0.242188 0.154567
0 1.0 0.566406 0.051522 0.042188 0.088993
0 1.0 0.328906 0.339578 0.657813 0.679157
0 1.0 0.372656 0.051522 0.070312 0.093677
0 1.0 0.290625 0.062061 0.056250 0.124122
0 1.0 0.029687 0.058548 0.056250 0.103044
0 1.0 0.230469 0.077283 0.085938 0.154567
0 1.0 0.428125 0.051522 0.068750 0.098361
0 1.0 0.266406 0.040984 0.123438 0.081967
0 1.0 0.242969 0.076112 0.251563 0.152225
0 1.0 0.185156 0.080796 0.070312 0.161593
0 1.0 0.230469 0.031616 0.073438 0.063232
0 1.0 0.093750 0.030445 0.037500 0.046838
0 1.0 0.749219 0.880562 0.501563 0.238876
0 1.0 0.602344 0.062061 0.060937 0.124122
0 1.0 0.606250 0.048009 0.037500 0.077283
0 1.0 0.604688 0.074941 0.246875 0.149883
0 1.0 0.599219 0.032787 0.060937 0.056206
0 1.0 0.635156 0.032787 0.098437 0.065574
0 1.0 0.542969 0.035129 0.023438 0.042155
0 1.0 0.521094 0.040984 0.042188 0.063232
0 1.0 0.453125 0.074941 0.221875 0.149883
0 1.0 0.488281 0.059719 0.048438 0.081967
0 1.0 0.402344 0.081967 0.070312 0.163934
0 1.0 0.434375 0.036300 0.209375 0.072600
0 1.0 0.499219 0.206089 0.892188 0.412178
0 1.0 0.505469 0.083138 0.070312 0.166276
0 1.0 0.539844 0.033958 0.117188 0.067916
0 1.0 0.443750 0.066745 0.031250 0.081967
0 1.0 0.467969 0.036300 0.039062 0.053864
0 1.0 0.506250 0.074941 0.112500 0.093677
0 1.0 0.169531 0.923888 0.339062 0.152225
0 1.0 0.530469 0.074941 0.029687 0.070258
0 1.0 0.538281 0.845433 0.610938 0.192037
0 1.0 0.485938 0.077283 0.025000 0.065574
0 1.0 0.549219 0.920375 0.579688 0.159251
0 1.0 0.771094 0.117096 0.123438 0.234192
0 1.0 0.551562 0.117096 0.084375 0.234192
0 1.0 0.633594 0.120609 0.732812 0.241218
0 1.0 0.035156 0.120609 0.070312 0.189696
0 1.0 0.253906 0.121780 0.507812 0.243560
0 1.0 0.835156 0.920375 0.329688 0.159251
0 1.0 0.171094 0.307963 0.342187 0.545667
0 1.0 0.873437 0.069087 0.050000 0.128806
0 1.0 0.275781 0.076112 0.026562 0.053864
0 1.0 0.957812 0.074941 0.028125 0.070258
0 1.0 0.925781 0.035129 0.139063 0.070258
0 1.0 0.925000 0.090164 0.071875 0.156909
0 1.0 0.131250 0.077283 0.131250 0.093677
0 1.0 0.547656 0.841920 0.242188 0.213115
0 1.0 0.507812 0.800937 0.065625 0.140515
0 1.0 0.527344 0.859485 0.235937 0.107728
0 1.0 0.764844 0.866511 0.254688 0.149883
0 1.0 0.711719 0.783372 0.064062 0.156909
0 1.0 0.745313 0.867681 0.128125 0.114754
0 1.0 0.714063 0.836066 0.237500 0.238876
0 1.0 0.399219 0.841920 0.073438 0.128806
0 1.0 0.436719 0.861827 0.082812 0.093677
0 1.0 0.403906 0.847775 0.270313 0.210773
0 1.0 0.962500 0.832553 0.031250 0.100703
0 1.0 0.932813 0.865340 0.134375 0.114754
0 1.0 0.957031 0.854801 0.054688 0.131148
0 1.0 0.664844 0.795082 0.054688 0.128806
0 1.0 0.660156 0.860656 0.323437 0.119438
0 1.0 0.692187 0.861827 0.118750 0.103044
0 1.0 0.599219 0.785714 0.067187 0.156909
0 1.0 0.870313 0.776347 0.075000 0.194379
0 1.0 0.799219 0.870023 0.117188 0.096019
0 1.0 0.845313 0.873536 0.081250 0.093677
0 1.0 0.855469 0.834895 0.242188 0.259953
0 1.0 0.819531 0.772834 0.067187 0.168618
0 1.0 0.467187 0.824356 0.059375 0.112412
0 1.0 0.512500 0.864169 0.053125 0.074941
0 1.0 0.463281 0.855972 0.157812 0.161593
0 1.0 0.139844 0.848946 0.229687 0.245902
0 1.0 0.125000 0.861827 0.131250 0.098361
0 1.0 0.086719 0.820843 0.076563 0.170960
0 1.0 0.351562 0.861827 0.153125 0.131148
0 1.0 0.291406 0.813817 0.079687 0.180328
0 1.0 0.267188 0.868852 0.209375 0.135831
0 1.0 0.342187 0.830211 0.065625 0.161593
0 1.0 0.563281 0.800937 0.057813 0.135831
0 1.0 0.460938 0.795082 0.037500 0.086651
0 1.0 0.592969 0.861827 0.092188 0.093677
0 1.0 0.250000 0.829040 0.090625 0.168618
0 1.0 0.279687 0.871194 0.093750 0.112412
0 1.0 0.189062 0.829040 0.068750 0.159251
0 1.0 0.560937 0.907494 0.153125 0.180328
0 1.0 0.246875 0.915691 0.196875 0.121780
0 1.0 0.185156 0.881733 0.110937 0.236534
0 1.0 0.477344 0.909836 0.254688 0.110070
0 1.0 0.052344 0.911007 0.104688 0.168618
0 1.0 0.396094 0.886417 0.114062 0.227166
0 1.0 0.725000 0.913349 0.250000 0.145199
0 1.0 0.658594 0.881733 0.101562 0.236534
0 1.0 0.372656 0.914520 0.195312 0.100703
0 1.0 0.133594 0.875878 0.110937 0.248244
0 1.0 0.772656 0.792740 0.067187 0.189696
0 1.0 0.288281 0.889930 0.107813 0.220141
0 1.0 0.238281 0.885246 0.120313 0.229508
0 1.0 0.924219 0.858314 0.151562 0.250585
0 1.0 0.925000 0.807963 0.078125 0.210773
0 1.0 0.125000 0.810304 0.193750 0.117096
0 1.0 0.232031 0.817330 0.264062 0.145199
0 1.0 0.956250 0.745902 0.059375 0.231850
0 1.0 0.492969 0.814988 0.232813 0.131148
0 1.0 0.533594 0.818501 0.039062 0.081967
0 1.0 0.078125 0.807963 0.115625 0.088993
0 1.0 0.101562 0.811475 0.028125 0.067916
0 1.0 0.067187 0.805621 0.134375 0.266979
0 1.0 0.875781 0.766979 0.248438 0.138173
0 1.0 0.142187 0.813817 0.065625 0.105386
0 1.0 0.835938 0.807963 0.153125 0.140515
0 1.0 0.032031 0.817330 0.045312 0.154567
0 1.0 0.068750 0.860656 0.084375 0.072600
0 1.0 0.081250 0.865340 0.037500 0.067916
0 1.0 0.955469 0.806792 0.089063 0.259953
0 1.0 0.388281 0.783372 0.117188 0.269321
0 1.0 0.599219 0.814988 0.182812 0.154567
0 1.0 0.857812 0.762295 0.115625 0.316159
0 1.0 0.850000 0.811475 0.053125 0.091335
0 1.0 0.560937 0.774005 0.140625 0.222482
0 1.0 0.503906 0.791569 0.129688 0.210773
0 1.0 0.143750 0.176815 0.212500 0.166276
0 1.0 0.333594 0.202576 0.023438 0.063232
0 1.0 0.245312 0.180328 0.293750 0.135831
0 1.0 0.713281 0.887588 0.120313 0.224824
0 1.0 0.233594 0.180328 0.242188 0.295082
0 1.0 0.196094 0.186183 0.026562 0.067916
0 1.0 0.081250 0.183841 0.062500 0.067916
0 1.0 0.052344 0.190867 0.070312 0.128806
0 1.0 0.540625 0.215457 0.218750 0.430913
0 1.0 0.486719 0.201405 0.045312 0.107728
0 1.0 0.464844 0.072600 0.632812 0.145199
0 1.0 0.439844 0.182670 0.104688 0.131148
0 1.0 0.918750 0.950820 0.162500 0.098361
0 1.0 0.869531 0.918033 0.095312 0.163934
0 1.0 0.849219 0.957845 0.064062 0.056206
0 1.0 0.425000 0.181499 0.321875 0.138173
0 1.0 0.135937 0.202576 0.121875 0.283372
0 1.0 0.350000 0.225995 0.075000 0.208431
0 1.0 0.403906 0.187354 0.120313 0.093677
0 1.0 0.370312 0.188525 0.056250 0.105386
0 1.0 0.316406 0.188525 0.117188 0.142857
0 1.0 0.533594 0.193208 0.064062 0.086651
0 1.0 0.549219 0.251756 0.448437 0.288056
0 1.0 0.454688 0.291569 0.196875 0.526932
0 1.0 0.351562 0.269321 0.203125 0.538642
0 1.0 0.360156 0.251756 0.589063 0.227166
0 1.0 0.341406 0.230679 0.410938 0.433255
0 1.0 0.939844 0.127635 0.120313 0.114754
0 1.0 0.898438 0.124122 0.103125 0.107728
0 1.0 0.232813 0.951991 0.153125 0.096019
0 1.0 0.187500 0.961358 0.062500 0.053864
0 1.0 0.148438 0.949649 0.193750 0.100703
0 1.0 0.134375 0.962529 0.093750 0.065574
0 1.0 0.450000 0.959016 0.118750 0.067916
0 1.0 0.411719 0.942623 0.139063 0.114754
0 1.0 0.257812 0.960187 0.059375 0.056206
0 1.0 0.069531 0.966042 0.070312 0.058548
0 1.0 0.273438 0.959016 0.100000 0.081967
0 1.0 0.087500 0.941452 0.134375 0.117096
0 1.0 0.804688 0.913349 0.171875 0.107728
0 1.0 0.815625 0.881733 0.109375 0.236534
0 1.0 0.508594 0.882904 0.120313 0.234192
0 1.0 0.765625 0.878220 0.106250 0.243560
0 1.0 0.961719 0.912178 0.060937 0.175644
0 1.0 0.598437 0.878220 0.096875 0.243560
0 1.0 0.607031 0.909836 0.310937 0.124122
0 1.0 0.935156 0.915691 0.129688 0.107728
0 1.0 0.664062 0.935597 0.150000 0.128806
0 1.0 0.628906 0.956674 0.098437 0.063232
0 1.0 0.607031 0.946136 0.179688 0.107728
0 1.0 0.844531 0.954333 0.110937 0.086651
0 1.0 0.970313 0.951991 0.056250 0.096019
0 1.0 0.771875 0.959016 0.131250 0.072600
0 1.0 0.589063 0.959016 0.090625 0.063232
0 1.0 0.546094 0.959016 0.101562 0.067916
0 1.0 0.522656 0.948478 0.179688 0.103044
0 1.0 0.450781 0.928571 0.076563 0.142857
0 1.0 0.496094 0.959016 0.082812 0.063232
0 1.0 0.688281 0.956674 0.107813 0.067916
0 1.0 0.338281 0.925059 0.089063 0.149883
0 1.0 0.363281 0.960187 0.064062 0.056206
0 1.0 0.328125 0.947307 0.212500 0.105386
0 1.0 0.545312 0.772834 0.200000 0.454333
0 1.0 0.353906 0.811475 0.245312 0.377049
0 1.0 0.238281 0.795082 0.245312 0.409836
0 1.0 0.926562 0.638173 0.146875 0.559719
0 1.0 0.451562 0.813817 0.250000 0.372365
0 1.0 0.810156 0.528103 0.364063 0.929742
0 1.0 0.082812 0.261124 0.165625 0.517564