0 1.0 0.511719 0.504684 0.867188 0.915691
0 1.0 0.227344 0.606557 0.260937 0.285714
0 1.0 0.238281 0.619438 0.126562 0.274005
0 1.0 0.248438 0.599532 0.278125 0.126464
0 1.0 0.307031 0.596019 0.145313 0.189696
0 1.0 0.297656 0.600703 0.064062 0.086651
0 1.0 0.183594 0.626464 0.123438 0.353630
0 1.0 0.192969 0.604215 0.123438 0.126464
0 1.0 0.125781 0.619438 0.123438 0.316159
0 1.0 0.347656 0.605386 0.039062 0.072600
0 1.0 0.435937 0.600703 0.106250 0.199063
0 1.0 0.433594 0.604215 0.254688 0.126464
0 1.0 0.458594 0.576112 0.251563 0.266979
0 1.0 0.386719 0.584309 0.110937 0.250585
0 1.0 0.360156 0.605386 0.151562 0.110070
0 1.0 0.128125 0.600703 0.184375 0.110070
0 1.0 0.414062 0.605386 0.112500 0.110070
0 1.0 0.946094 0.564403 0.107813 0.168618
0 1.0 0.921875 0.551522 0.131250 0.367681
0 1.0 0.892969 0.555035 0.214062 0.121780
0 1.0 0.872656 0.548009 0.123438 0.299766
0 1.0 0.808594 0.555035 0.073438 0.070258
0 1.0 0.824219 0.559719 0.129688 0.098361
0 1.0 0.810156 0.564403 0.135937 0.327869
0 1.0 0.805469 0.549180 0.279687 0.128806
0 1.0 0.074219 0.615925 0.114062 0.299766
0 1.0 0.103125 0.605386 0.081250 0.086651
0 1.0 0.025000 0.610070 0.050000 0.217799
0 1.0 0.046094 0.601874 0.092188 0.074941
0 1.0 0.053125 0.604215 0.106250 0.187354
0 1.0 0.962500 0.594848 0.046875 0.135831
0 1.0 0.955469 0.631148 0.076563 0.161593
0 1.0 0.883594 0.606557 0.232813 0.121780
0 1.0 0.499219 0.603044 0.132812 0.245902
0 1.0 0.780469 0.610070 0.073438 0.072600
0 1.0 0.818750 0.614754 0.059375 0.072600
0 1.0 0.164844 0.666276 0.260937 0.348946
0 1.0 0.124219 0.655738 0.232813 0.131148
0 1.0 0.106250 0.660422 0.109375 0.112412
0 1.0 0.049219 0.656909 0.098437 0.081967
0 1.0 0.650000 0.606557 0.281250 0.290398
0 1.0 0.606250 0.619438 0.109375 0.245902
0 1.0 0.594531 0.598361 0.289062 0.114754
0 1.0 0.554688 0.610070 0.118750 0.241218
0 1.0 0.778125 0.603044 0.259375 0.119438
0 1.0 0.545312 0.599532 0.290625 0.252927
0 1.0 0.765625 0.588993 0.106250 0.264637
0 1.0 0.755469 0.615925 0.251563 0.299766
0 1.0 0.671875 0.604215 0.137500 0.103044
0 1.0 0.713281 0.635831 0.101562 0.278689
0 1.0 0.665625 0.628806 0.096875 0.227166
0 1.0 0.801562 0.500000 0.109375 0.086651
0 1.0 0.862500 0.487119 0.246875 0.323185
0 1.0 0.810156 0.502342 0.232813 0.152225
0 1.0 0.769531 0.514052 0.079687 0.166276
0 1.0 0.761719 0.496487 0.260937 0.295082
0 1.0 0.089063 0.552693 0.178125 0.145199
0 1.0 0.106250 0.549180 0.212500 0.306792
0 1.0 0.054688 0.551522 0.109375 0.091335
0 1.0 0.946875 0.497658 0.106250 0.100703
0 1.0 0.957031 0.526932 0.067187 0.131148
0 1.0 0.896094 0.498829 0.207813 0.121780
0 1.0 0.562500 0.504684 0.115625 0.189696
0 1.0 0.554688 0.502342 0.268750 0.152225
0 1.0 0.492188 0.508197 0.121875 0.266979
0 1.0 0.492188 0.487119 0.281250 0.323185
0 1.0 0.432812 0.511710 0.125000 0.288056
0 1.0 0.433594 0.501171 0.232813 0.131148
0 1.0 0.712500 0.504684 0.100000 0.269321
0 1.0 0.712500 0.496487 0.300000 0.121780
0 1.0 0.660937 0.492974 0.093750 0.213115
0 1.0 0.645312 0.489461 0.259375 0.276347
0 1.0 0.608594 0.498829 0.104688 0.243560
0 1.0 0.599219 0.548009 0.207813 0.196721
0 1.0 0.712500 0.552693 0.271875 0.159251
0 1.0 0.607031 0.558548 0.082812 0.142857
0 1.0 0.245312 0.552693 0.256250 0.131148
0 1.0 0.413281 0.555035 0.264062 0.135831
0 1.0 0.352344 0.558548 0.082812 0.245902
0 1.0 0.343750 0.557377 0.240625 0.192037
0 1.0 0.081250 0.762295 0.146875 0.320843
0 1.0 0.118750 0.769321 0.115625 0.119438
0 1.0 0.035937 0.765808 0.071875 0.295082
0 1.0 0.063281 0.761124 0.126562 0.098361
0 1.0 0.048438 0.769321 0.059375 0.081967
0 1.0 0.962500 0.740047 0.059375 0.206089
0 1.0 0.950781 0.710773 0.098437 0.100703
0 1.0 0.925781 0.702576 0.148438 0.290398
0 1.0 0.889062 0.711944 0.221875 0.126464
0 1.0 0.230469 0.743560 0.117188 0.320843
0 1.0 0.217969 0.766979 0.310937 0.133489
0 1.0 0.243750 0.768150 0.131250 0.126464
0 1.0 0.213281 0.749415 0.270313 0.323185
0 1.0 0.117188 0.763466 0.234375 0.131148
0 1.0 0.180469 0.759953 0.167187 0.217799
0 1.0 0.757031 0.703747 0.173437 0.236534
0 1.0 0.706250 0.710773 0.225000 0.119438
0 1.0 0.707031 0.721311 0.251563 0.341920
0 1.0 0.664844 0.708431 0.182812 0.222482
0 1.0 0.598437 0.709602 0.250000 0.117096
0 1.0 0.607031 0.714286 0.098437 0.243560
0 1.0 0.585938 0.707260 0.275000 0.327869
0 1.0 0.875000 0.700234 0.125000 0.346604
0 1.0 0.782813 0.715457 0.075000 0.072600
0 1.0 0.837500 0.722482 0.046875 0.067916
0 1.0 0.810937 0.699063 0.118750 0.288056
0 1.0 0.731250 0.762295 0.284375 0.133489
0 1.0 0.709375 0.775176 0.109375 0.365340
0 1.0 0.300000 0.765808 0.118750 0.168618
0 1.0 0.663281 0.764637 0.107813 0.339578
0 1.0 0.685156 0.764637 0.126562 0.133489
0 1.0 0.885938 0.765808 0.228125 0.135831
0 1.0 0.845313 0.776347 0.050000 0.072600
0 1.0 0.857812 0.765808 0.256250 0.341920
0 1.0 0.786719 0.768150 0.114062 0.088993
0 1.0 0.451562 0.764637 0.284375 0.302108
0 1.0 0.455469 0.762295 0.157812 0.189696
0 1.0 0.392969 0.743560 0.120313 0.306792
0 1.0 0.412500 0.766979 0.300000 0.124122
0 1.0 0.442188 0.771663 0.090625 0.096019
0 1.0 0.341406 0.743560 0.117188 0.306792
0 1.0 0.595313 0.764637 0.315625 0.133489
0 1.0 0.348438 0.759953 0.256250 0.311475
0 1.0 0.307031 0.777518 0.045312 0.065574
0 1.0 0.602344 0.766979 0.182812 0.227166
0 1.0 0.550781 0.768150 0.126562 0.332553
0 1.0 0.571875 0.772834 0.128125 0.117096
0 1.0 0.479687 0.776347 0.084375 0.091335
0 1.0 0.503906 0.756440 0.126562 0.299766
0 1.0 0.654687 0.656909 0.300000 0.128806
0 1.0 0.682813 0.661593 0.125000 0.124122
0 1.0 0.559375 0.654567 0.187500 0.133489
0 1.0 0.818750 0.666276 0.059375 0.077283
0 1.0 0.860938 0.645199 0.237500 0.311475
0 1.0 0.777344 0.655738 0.289062 0.135831
0 1.0 0.362500 0.648712 0.137500 0.117096
0 1.0 0.341406 0.642857 0.239063 0.259953
0 1.0 0.297656 0.656909 0.204687 0.110070
0 1.0 0.346875 0.659251 0.037500 0.063232
0 1.0 0.282031 0.658080 0.076563 0.098361
0 1.0 0.440625 0.654567 0.228125 0.114754
0 1.0 0.459375 0.655738 0.100000 0.093677
0 1.0 0.439844 0.713115 0.073438 0.077283
0 1.0 0.335156 0.709602 0.217188 0.103044
0 1.0 0.288281 0.699063 0.154688 0.311475
0 1.0 0.314063 0.722482 0.034375 0.058548
0 1.0 0.214062 0.711944 0.315625 0.131148
0 1.0 0.248438 0.715457 0.093750 0.105386
0 1.0 0.577344 0.716628 0.120313 0.107728
0 1.0 0.486719 0.708431 0.295312 0.124122
0 1.0 0.439844 0.696721 0.098437 0.231850
0 1.0 0.484375 0.713115 0.068750 0.077283
0 1.0 0.056250 0.708431 0.112500 0.091335
0 1.0 0.887500 0.656909 0.225000 0.128806
0 1.0 0.777344 0.661593 0.079687 0.077283
0 1.0 0.118750 0.717799 0.121875 0.119438
0 1.0 0.701562 0.295082 0.228125 0.168618
0 1.0 0.671094 0.243560 0.123438 0.346604
0 1.0 0.607812 0.216628 0.078125 0.189696
0 1.0 0.595313 0.284543 0.284375 0.142857
0 1.0 0.553906 0.200234 0.076563 0.185012
0 1.0 0.845313 0.288056 0.140625 0.093677
0 1.0 0.878125 0.262295 0.075000 0.196721
0 1.0 0.850000 0.291569 0.231250 0.147541
0 1.0 0.857812 0.289227 0.256250 0.367681
0 1.0 0.817969 0.284543 0.117188 0.414520
0 1.0 0.822656 0.283372 0.076563 0.238876
0 1.0 0.709375 0.270492 0.087500 0.269321
0 1.0 0.768750 0.279859 0.109375 0.386417
0 1.0 0.772656 0.277518 0.064062 0.208431
0 1.0 0.338281 0.272834 0.129688 0.414520
0 1.0 0.375781 0.292740 0.129688 0.103044
0 1.0 0.346094 0.290398 0.248438 0.173302
0 1.0 0.284375 0.270492 0.128125 0.400468
0 1.0 0.300781 0.274005 0.079687 0.168618
0 1.0 0.245312 0.272834 0.096875 0.358314
0 1.0 0.251563 0.286885 0.228125 0.124122
0 1.0 0.246094 0.270492 0.070312 0.217799
0 1.0 0.181250 0.285714 0.121875 0.323185
0 1.0 0.549219 0.262295 0.301563 0.290398
0 1.0 0.502344 0.225995 0.101562 0.227166
0 1.0 0.501563 0.290398 0.253125 0.163934
0 1.0 0.446094 0.247073 0.098437 0.259953
0 1.0 0.391406 0.256440 0.110937 0.311475
0 1.0 0.419531 0.339578 0.289062 0.135831
0 1.0 0.392188 0.351288 0.143750 0.346604
0 1.0 0.335938 0.350117 0.212500 0.161593
0 1.0 0.355469 0.346604 0.095312 0.168618
0 1.0 0.299219 0.337237 0.092188 0.173302
0 1.0 0.242188 0.340749 0.284375 0.138173
0 1.0 0.550781 0.303279 0.098437 0.241218
0 1.0 0.557031 0.341920 0.232813 0.163934
0 1.0 0.502344 0.314988 0.142187 0.316159
0 1.0 0.441406 0.319672 0.154688 0.283372
0 1.0 0.092969 0.346604 0.182812 0.229508
0 1.0 0.025000 0.347775 0.050000 0.194379
0 1.0 0.062500 0.338407 0.125000 0.100703
0 1.0 0.961719 0.295082 0.054688 0.154567
0 1.0 0.946875 0.284543 0.106250 0.096019
0 1.0 0.922656 0.285714 0.154688 0.149883
0 1.0 0.233594 0.338407 0.239063 0.311475
0 1.0 0.241406 0.339578 0.145313 0.206089
0 1.0 0.171094 0.343091 0.220312 0.189696
0 1.0 0.267188 0.235363 0.178125 0.114754
0 1.0 0.301563 0.233021 0.046875 0.086651
0 1.0 0.177344 0.235363 0.310937 0.152225
0 1.0 0.166406 0.234192 0.251563 0.341920
0 1.0 0.474219 0.224824 0.310937 0.126464
0 1.0 0.494531 0.223653 0.104688 0.105386
0 1.0 0.456250 0.221311 0.265625 0.302108
0 1.0 0.437500 0.223653 0.096875 0.110070
0 1.0 0.369531 0.229508 0.232813 0.135831
0 1.0 0.332031 0.204918 0.229687 0.381733
0 1.0 0.069531 0.024590 0.054688 0.049180
0 1.0 0.023438 0.048009 0.046875 0.091335
0 1.0 0.042969 0.035129 0.085938 0.070258
0 1.0 0.074219 0.076112 0.148438 0.152225
0 1.0 0.193750 0.051522 0.068750 0.103044
0 1.0 0.261719 0.500000 0.489063 1.000000
0 1.0 0.077344 0.216628 0.135937 0.358314
0 1.0 0.135937 0.039813 0.156250 0.079625
0 1.0 0.078125 0.059719 0.062500 0.114754
0 1.0 0.112500 0.028103 0.093750 0.056206
0 1.0 0.187500 0.074941 0.265625 0.149883
0 1.0 0.048438 0.286885 0.093750 0.156909
0 1.0 0.919531 0.233021 0.160938 0.124122
0 1.0 0.914844 0.220141 0.135937 0.365340
0 1.0 0.832812 0.233021 0.284375 0.133489
0 1.0 0.186719 0.293911 0.076563 0.142857
0 1.0 0.124219 0.288056 0.198437 0.117096
0 1.0 0.135156 0.266979 0.107813 0.215457
0 1.0 0.073438 0.270492 0.062500 0.138173
0 1.0 0.646875 0.230679 0.231250 0.166276
0 1.0 0.554688 0.196721 0.125000 0.257611
0 1.0 0.814844 0.231850 0.182812 0.243560
0 1.0 0.764844 0.221311 0.260937 0.348946
0 1.0 0.481250 0.450820 0.231250 0.161593
0 1.0 0.442969 0.447307 0.101562 0.088993
0 1.0 0.386719 0.464871 0.117188 0.330211
0 1.0 0.400000 0.443794 0.250000 0.119438
0 1.0 0.357031 0.449649 0.067187 0.070258
0 1.0 0.660156 0.446136 0.232813 0.114754
0 1.0 0.557813 0.448478 0.156250 0.100703
0 1.0 0.560156 0.449649 0.182812 0.206089
0 1.0 0.193750 0.460187 0.071875 0.119438
0 1.0 0.127344 0.449649 0.126562 0.299766
0 1.0 0.152344 0.449649 0.104688 0.088993
0 1.0 0.131250 0.449649 0.228125 0.159251
0 1.0 0.075000 0.467213 0.112500 0.269321
0 1.0 0.025781 0.474239 0.051562 0.189696
0 1.0 0.056250 0.447307 0.050000 0.060890
0 1.0 0.045312 0.448478 0.090625 0.114754
0 1.0 0.366406 0.469555 0.089063 0.170960
0 1.0 0.295312 0.446136 0.115625 0.334895
0 1.0 0.329688 0.455504 0.125000 0.114754
0 1.0 0.164062 0.441452 0.265625 0.339578
0 1.0 0.267188 0.450820 0.096875 0.081967
0 1.0 0.243750 0.467213 0.078125 0.180328
0 1.0 0.256250 0.450820 0.184375 0.138173
0 1.0 0.185938 0.455504 0.103125 0.274005
0 1.0 0.189844 0.504684 0.229687 0.124122
0 1.0 0.711719 0.436768 0.179688 0.217799
0 1.0 0.103906 0.500000 0.207813 0.114754
0 1.0 0.368750 0.498829 0.159375 0.107728
0 1.0 0.235156 0.523419 0.107813 0.236534
0 1.0 0.233594 0.498829 0.260937 0.295082
0 1.0 0.817187 0.436768 0.118750 0.278689
0 1.0 0.830469 0.446136 0.232813 0.128806
0 1.0 0.766406 0.436768 0.098437 0.264637
0 1.0 0.055469 0.500000 0.110937 0.091335
0 1.0 0.773438 0.439110 0.065625 0.152225
0 1.0 0.963281 0.481265 0.042188 0.119438
0 1.0 0.960938 0.448478 0.078125 0.086651
0 1.0 0.929688 0.451991 0.140625 0.135831
0 1.0 0.921094 0.439110 0.157812 0.269321
0 1.0 0.871094 0.429742 0.117188 0.264637
0 1.0 0.829688 0.446136 0.050000 0.072600
0 1.0 0.875000 0.434426 0.081250 0.161593
0 1.0 0.060937 0.392272 0.121875 0.105386
0 1.0 0.962500 0.428571 0.056250 0.177986
0 1.0 0.962500 0.334895 0.037500 0.107728
0 1.0 0.925781 0.340749 0.148438 0.119438
0 1.0 0.956250 0.347775 0.062500 0.147541
0 1.0 0.039062 0.408665 0.078125 0.250585
0 1.0 0.321875 0.398126 0.134375 0.117096
0 1.0 0.296094 0.393443 0.229687 0.360656
0 1.0 0.242969 0.393443 0.289062 0.131148
0 1.0 0.777344 0.341920 0.254688 0.182670
0 1.0 0.654687 0.346604 0.218750 0.163934
0 1.0 0.610938 0.318501 0.112500 0.295082
0 1.0 0.865625 0.340749 0.100000 0.259953
0 1.0 0.710156 0.378220 0.114062 0.264637
0 1.0 0.660937 0.387588 0.121875 0.311475
0 1.0 0.653906 0.394614 0.304688 0.128806
0 1.0 0.937500 0.395785 0.125000 0.112412
0 1.0 0.877344 0.393443 0.245312 0.145199
0 1.0 0.428125 0.391101 0.278125 0.140515
0 1.0 0.346094 0.425059 0.095312 0.339578
0 1.0 0.592187 0.381733 0.265625 0.337237
0 1.0 0.242188 0.132319 0.115625 0.241218
0 1.0 0.284375 0.126464 0.137500 0.135831
0 1.0 0.254688 0.134660 0.256250 0.259953
0 1.0 0.186719 0.153396 0.085938 0.245902
0 1.0 0.186719 0.124122 0.310937 0.149883
0 1.0 0.059375 0.829040 0.118750 0.224824
0 1.0 0.127344 0.146370 0.117188 0.264637
0 1.0 0.357031 0.122951 0.220312 0.185012
0 1.0 0.957812 0.107728 0.084375 0.149883
0 1.0 0.916406 0.077283 0.167187 0.140515
0 1.0 0.560156 0.673302 0.476562 0.475410
0 1.0 0.453906 0.646370 0.557813 0.243560
0 1.0 0.728125 0.646370 0.537500 0.238876
0 1.0 0.734375 0.688525 0.396875 0.482436
0 1.0 0.717969 0.553864 0.557813 0.222482
0 1.0 0.364844 0.551522 0.557813 0.222482
0 1.0 0.501563 0.124122 0.118750 0.210773
0 1.0 0.508594 0.126464 0.332813 0.159251
0 1.0 0.360156 0.133489 0.082812 0.117096
0 1.0 0.482031 0.129977 0.098437 0.124122
0 1.0 0.444531 0.128806 0.160938 0.192037
0 1.0 0.607031 0.085480 0.257812 0.170960
0 1.0 0.761719 0.073770 0.310937 0.147541
0 1.0 0.761719 0.115925 0.107813 0.217799
0 1.0 0.701562 0.138173 0.118750 0.276347
0 1.0 0.266406 0.763466 0.532813 0.248244
0 1.0 0.509375 0.081967 0.237500 0.163934
0 1.0 0.649219 0.764637 0.567187 0.259953
0 1.0 0.592969 0.103044 0.082812 0.154567
0 1.0 0.166406 0.843091 0.332813 0.206089
0 1.0 0.885156 0.114754 0.229687 0.229508
0 1.0 0.814063 0.124122 0.121875 0.248244
0 1.0 0.028906 0.152225 0.057813 0.238876
0 1.0 0.064062 0.124122 0.128125 0.098361
0 1.0 0.046875 0.180328 0.093750 0.107728
0 1.0 0.179688 0.183841 0.053125 0.110070
0 1.0 0.125781 0.175644 0.251563 0.145199
0 1.0 0.382031 0.387588 0.382812 0.559719
0 1.0 0.258594 0.456674 0.517188 0.238876
0 1.0 0.238281 0.416862 0.382812 0.529274
0 1.0 0.138281 0.469555 0.248438 0.667447
0 1.0 0.746875 0.348946 0.506250 0.238876
0 1.0 0.258594 0.351288 0.517188 0.234192
0 1.0 0.634375 0.234192 0.390625 0.468384
0 1.0 0.539062 0.351288 0.518750 0.257611
0 1.0 0.524219 0.334895 0.426563 0.548009
0 1.0 0.276562 0.173302 0.175000 0.112412
0 1.0 0.345313 0.166276 0.093750 0.131148
0 1.0 0.675781 0.117096 0.264062 0.140515
0 1.0 0.600000 0.118267 0.121875 0.236534
0 1.0 0.817187 0.118267 0.209375 0.142857
0 1.0 0.638281 0.454333 0.589063 0.238876
0 1.0 0.745313 0.442623 0.390625 0.510539
0 1.0 0.340625 0.701405 0.681250 0.437939
0 1.0 0.700781 0.052693 0.142187 0.105386
0 1.0 0.653906 0.067916 0.082812 0.121780
0 1.0 0.613281 0.040984 0.220312 0.081967
0 1.0 0.514062 0.872365 0.815625 0.255269
0 1.0 0.499219 0.207260 0.895312 0.405152
0 1.0 0.597656 0.090164 0.051562 0.100703
0 1.0 0.507031 0.103044 0.064062 0.117096
0 1.0 0.557031 0.093677 0.076563 0.140515
0 1.0 0.558594 0.057377 0.129688 0.114754
0 1.0 0.179688 0.645199 0.359375 0.597190
0 1.0 0.505469 0.480094 0.654687 0.444965
0 1.0 0.263281 0.046838 0.098437 0.093677
0 1.0 0.135937 0.049180 0.071875 0.098361
0 1.0 0.224219 0.035129 0.095312 0.060890
0 1.0 0.314063 0.073770 0.246875 0.147541
0 1.0 0.325000 0.056206 0.093750 0.093677
0 1.0 0.234375 0.063232 0.065625 0.121780
0 1.0 0.295312 0.032787 0.125000 0.065574
0 1.0 0.400000 0.099532 0.071875 0.119438
0 1.0 0.437500 0.036300 0.184375 0.072600
0 1.0 0.401562 0.073770 0.112500 0.128806
0 1.0 0.349219 0.085480 0.070312 0.105386
0 1.0 0.400000 0.036300 0.053125 0.053864
0 1.0 0.444531 0.103044 0.045312 0.074941
0 1.0 0.515625 0.033958 0.071875 0.063232
0 1.0 0.445312 0.084309 0.075000 0.088993
0 1.0 0.497656 0.043326 0.126562 0.086651
0 1.0 0.470313 0.060890 0.103125 0.098361
0 1.0 0.371875 0.045667 0.156250 0.091335
0 1.0 0.300781 0.069087 0.057813 0.091335
0 1.0 0.363281 0.037471 0.089063 0.065574
0 1.0 0.284375 0.076112 0.131250 0.100703
0 1.0 0.953906 0.051522 0.092188 0.103044
0 1.0 0.922656 0.058548 0.089063 0.117096
0 1.0 0.901563 0.031616 0.175000 0.063232
0 1.0 0.217188 0.922717 0.434375 0.154567
0 1.0 0.824219 0.846604 0.351562 0.203747
0 1.0 0.453906 0.920375 0.589063 0.159251
0 1.0 0.416406 0.080796 0.289062 0.142857
0 1.0 0.443750 0.156909 0.062500 0.135831
0 1.0 0.765625 0.035129 0.196875 0.070258
0 1.0 0.772656 0.045667 0.042188 0.067916
0 1.0 0.709375 0.070258 0.071875 0.140515
0 1.0 0.734375 0.118267 0.531250 0.236534
0 1.0 0.832812 0.922717 0.334375 0.154567
0 1.0 0.045312 0.079625 0.090625 0.098361
0 1.0 0.966406 0.046838 0.032813 0.065574
0 1.0 0.365625 0.122951 0.731250 0.245902
0 1.0 0.822656 0.051522 0.064062 0.103044
0 1.0 0.830469 0.045667 0.045312 0.063232
0 1.0 0.820312 0.051522 0.150000 0.103044
0 1.0 0.765625 0.059719 0.062500 0.119438
0 1.0 0.872656 0.051522 0.079687 0.103044
0 1.0 0.886719 0.881733 0.092188 0.138173
0 1.0 0.839844 0.882904 0.123438 0.121780
0 1.0 0.818750 0.864169 0.065625 0.131148
0 1.0 0.407031 0.172131 0.067187 0.091335
0 1.0 0.766406 0.841920 0.064062 0.124122
0 1.0 0.705469 0.847775 0.076563 0.168618
0 1.0 0.735156 0.875878 0.289062 0.145199
0 1.0 0.036719 0.901639 0.073438 0.196721
0 1.0 0.079687 0.915691 0.159375 0.107728
0 1.0 0.964063 0.875878 0.034375 0.079625
0 1.0 0.953906 0.881733 0.067187 0.110070
0 1.0 0.916406 0.870023 0.167187 0.241218
0 1.0 0.555469 0.875878 0.204687 0.192037
0 1.0 0.507812 0.854801 0.056250 0.126464
0 1.0 0.447656 0.832553 0.039062 0.081967
0 1.0 0.462500 0.874707 0.300000 0.114754
0 1.0 0.482812 0.881733 0.112500 0.096019
0 1.0 0.397656 0.843091 0.057813 0.135831
0 1.0 0.401562 0.858314 0.290625 0.255269
0 1.0 0.447656 0.850117 0.073438 0.117096
0 1.0 0.666406 0.888759 0.051562 0.105386
0 1.0 0.673438 0.855972 0.243750 0.250585
0 1.0 0.625000 0.900468 0.040625 0.081967
0 1.0 0.560156 0.864169 0.045312 0.093677
0 1.0 0.553906 0.926230 0.092188 0.147541
0 1.0 0.557813 0.916862 0.328125 0.119438
0 1.0 0.501563 0.918033 0.118750 0.163934
0 1.0 0.444531 0.912178 0.089063 0.175644
0 1.0 0.392188 0.902810 0.112500 0.194379
0 1.0 0.702344 0.906323 0.110937 0.187354
0 1.0 0.660937 0.921546 0.103125 0.156909
0 1.0 0.620313 0.925059 0.134375 0.131148
0 1.0 0.675781 0.922717 0.304688 0.121780
0 1.0 0.232813 0.915691 0.196875 0.163934
0 1.0 0.132031 0.909836 0.107813 0.180328
0 1.0 0.103125 0.888759 0.206250 0.222482
0 1.0 0.340625 0.912178 0.103125 0.175644
0 1.0 0.360156 0.915691 0.317188 0.121780
0 1.0 0.303125 0.921546 0.128125 0.133489
0 1.0 0.459375 0.817330 0.334375 0.121780
0 1.0 0.485156 0.822014 0.101562 0.093677
0 1.0 0.346094 0.852459 0.048438 0.107728
0 1.0 0.429688 0.818501 0.131250 0.114754
0 1.0 0.322656 0.813817 0.304688 0.124122
0 1.0 0.682813 0.820843 0.146875 0.133489
0 1.0 0.608594 0.830211 0.107813 0.302108
0 1.0 0.598437 0.814988 0.321875 0.126464
0 1.0 0.567187 0.824356 0.156250 0.121780
0 1.0 0.143750 0.820843 0.200000 0.147541
0 1.0 0.055469 0.816159 0.110937 0.096019
0 1.0 0.948438 0.763466 0.103125 0.107728
0 1.0 0.296094 0.824356 0.048438 0.065574
0 1.0 0.246094 0.820843 0.126562 0.110070
0 1.0 0.180469 0.875878 0.179688 0.187354
0 1.0 0.134375 0.864169 0.062500 0.126464
0 1.0 0.338281 0.873536 0.282813 0.121780
0 1.0 0.295312 0.858314 0.043750 0.096019
0 1.0 0.297656 0.861827 0.082812 0.131148
0 1.0 0.232031 0.851288 0.067187 0.156909
0 1.0 0.192188 0.860656 0.056250 0.114754
0 1.0 0.291406 0.862998 0.270313 0.245902
0 1.0 0.817969 0.812646 0.135937 0.271663
0 1.0 0.807031 0.819672 0.207813 0.154567
0 1.0 0.756250 0.814988 0.140625 0.351288
0 1.0 0.964844 0.845433 0.064062 0.206089
0 1.0 0.935156 0.813817 0.129688 0.114754
0 1.0 0.802344 0.818501 0.132812 0.096019
0 1.0 0.852344 0.825527 0.057813 0.081967
0 1.0 0.691406 0.175644 0.273438 0.135831
0 1.0 0.917969 0.181499 0.164062 0.124122
0 1.0 0.951562 0.188525 0.096875 0.189696
0 1.0 0.821094 0.179157 0.289062 0.142857
0 1.0 0.560156 0.154567 0.239063 0.309133
0 1.0 0.392188 0.238876 0.528125 0.243560
0 1.0 0.514062 0.162763 0.212500 0.147541
0 1.0 0.518750 0.176815 0.068750 0.077283
0 1.0 0.744531 0.243560 0.510938 0.238876
0 1.0 0.303125 0.960187 0.093750 0.079625
0 1.0 0.235937 0.948478 0.078125 0.103044
0 1.0 0.270313 0.963700 0.106250 0.058548
0 1.0 0.190625 0.948478 0.075000 0.103044
0 1.0 0.203906 0.955504 0.185938 0.088993
0 1.0 0.134375 0.948478 0.075000 0.103044
0 1.0 0.487500 0.962529 0.109375 0.074941
0 1.0 0.396875 0.948478 0.078125 0.103044
0 1.0 0.441406 0.963700 0.110937 0.063232
0 1.0 0.342187 0.955504 0.075000 0.088993
0 1.0 0.360156 0.966042 0.076563 0.053864
0 1.0 0.820312 0.930913 0.096875 0.138173
0 1.0 0.767188 0.912178 0.115625 0.175644
0 1.0 0.066406 0.964871 0.070312 0.051522
0 1.0 0.053125 0.947307 0.106250 0.105386
0 1.0 0.968750 0.935597 0.056250 0.128806
0 1.0 0.043750 0.233021 0.087500 0.114754
0 1.0 0.922656 0.925059 0.095312 0.149883
0 1.0 0.920312 0.961358 0.153125 0.077283
0 1.0 0.508594 0.964871 0.073438 0.051522
0 1.0 0.875000 0.934426 0.106250 0.131148
0 1.0 0.839844 0.962529 0.067187 0.056206
0 1.0 0.817969 0.961358 0.123438 0.067916
0 1.0 0.612500 0.957845 0.075000 0.084309
0 1.0 0.667188 0.960187 0.071875 0.056206
0 1.0 0.557031 0.960187 0.076563 0.079625
0 1.0 0.529687 0.955504 0.162500 0.088993
0 1.0 0.767188 0.950820 0.084375 0.098361
0 1.0 0.757812 0.953162 0.193750 0.093677
0 1.0 0.707812 0.951991 0.084375 0.096019
0 1.0 0.737500 0.962529 0.093750 0.060890
0 1.0 0.545312 0.559719 0.243750 0.548009
0 1.0 0.875000 0.490632 0.250000 0.831382
0 1.0 0.657813 0.911007 0.490625 0.177986
0 1.0 0.546875 0.809133 0.250000 0.381733
0 1.0 0.090625 0.336066 0.181250 0.517564
0 1.0 0.642188 0.174473 0.200000 0.348946
0 1.0 0.355469 0.538642 0.332813 0.365340
0 1.0 0.247656 0.522248 0.214062 0.632319
0 1.0 0.656250 0.586651 0.206250 0.578454