0 1.0 0.470833 0.594531 0.587500 0.729688
0 1.0 0.347917 0.622656 0.087500 0.201563
0 1.0 0.288542 0.596875 0.135417 0.215625
0 1.0 0.265625 0.610156 0.097917 0.067187
0 1.0 0.118750 0.603906 0.204167 0.360938
0 1.0 0.355208 0.601562 0.285417 0.290625
0 1.0 0.376042 0.611719 0.060417 0.057813
0 1.0 0.121875 0.594531 0.077083 0.095312
0 1.0 0.113542 0.597656 0.227083 0.107813
0 1.0 0.306250 0.610938 0.029167 0.043750
0 1.0 0.221875 0.585938 0.143750 0.365625
0 1.0 0.213542 0.602344 0.164583 0.089063
0 1.0 0.235417 0.600781 0.075000 0.076563
0 1.0 0.868750 0.541406 0.116667 0.220312
0 1.0 0.839583 0.543750 0.083333 0.109375
0 1.0 0.843750 0.542188 0.225000 0.290625
0 1.0 0.827083 0.543750 0.287500 0.131250
0 1.0 0.813542 0.559375 0.118750 0.228125
0 1.0 0.770833 0.576562 0.125000 0.240625
0 1.0 0.713542 0.551562 0.102083 0.259375
0 1.0 0.700000 0.546875 0.345833 0.115625
0 1.0 0.039583 0.626563 0.079167 0.284375
0 1.0 0.063542 0.596094 0.127083 0.085938
0 1.0 0.063542 0.598437 0.047917 0.071875
0 1.0 0.958333 0.573438 0.045833 0.175000
0 1.0 0.938542 0.549219 0.122917 0.098437
0 1.0 0.926042 0.545312 0.147917 0.275000
0 1.0 0.783333 0.603125 0.058333 0.071875
0 1.0 0.818750 0.602344 0.058333 0.076563
0 1.0 0.820833 0.597656 0.225000 0.117188
0 1.0 0.475000 0.626563 0.120833 0.134375
0 1.0 0.771875 0.590625 0.239583 0.281250
0 1.0 0.110417 0.657031 0.108333 0.132812
0 1.0 0.059375 0.657031 0.118750 0.098437
0 1.0 0.051042 0.660156 0.047917 0.082812
0 1.0 0.961458 0.639062 0.043750 0.168750
0 1.0 0.955208 0.597656 0.089583 0.098437
0 1.0 0.886458 0.599219 0.189583 0.151562
0 1.0 0.572917 0.625000 0.291667 0.312500
0 1.0 0.503125 0.664062 0.072917 0.159375
0 1.0 0.542708 0.600000 0.314583 0.109375
0 1.0 0.552083 0.605469 0.154167 0.104688
0 1.0 0.513542 0.621875 0.218750 0.200000
0 1.0 0.453125 0.642188 0.052083 0.106250
0 1.0 0.531250 0.614844 0.045833 0.057813
0 1.0 0.395833 0.629687 0.070833 0.165625
0 1.0 0.465625 0.614844 0.060417 0.060937
0 1.0 0.413542 0.613281 0.143750 0.151562
0 1.0 0.514583 0.607031 0.141667 0.073438
0 1.0 0.696875 0.595313 0.235417 0.093750
0 1.0 0.656250 0.632812 0.133333 0.284375
0 1.0 0.604167 0.635938 0.112500 0.275000
0 1.0 0.545833 0.648438 0.095833 0.240625
0 1.0 0.798958 0.496875 0.293750 0.134375
0 1.0 0.701042 0.494531 0.272917 0.164062
0 1.0 0.776042 0.519531 0.093750 0.151562
0 1.0 0.063542 0.552344 0.127083 0.210938
0 1.0 0.956250 0.511719 0.041667 0.129688
0 1.0 0.938542 0.493750 0.122917 0.109375
0 1.0 0.835417 0.498437 0.100000 0.100000
0 1.0 0.511458 0.505469 0.247917 0.123438
0 1.0 0.513542 0.445312 0.285417 0.346875
0 1.0 0.444792 0.492969 0.064583 0.157812
0 1.0 0.440625 0.473438 0.122917 0.196875
0 1.0 0.660417 0.527344 0.108333 0.198437
0 1.0 0.390625 0.489844 0.093750 0.242188
0 1.0 0.443750 0.504687 0.129167 0.090625
0 1.0 0.339583 0.486719 0.104167 0.254688
0 1.0 0.354167 0.502344 0.133333 0.101562
0 1.0 0.638542 0.494531 0.264583 0.276562
0 1.0 0.602083 0.527344 0.083333 0.176563
0 1.0 0.503125 0.478906 0.131250 0.245312
0 1.0 0.615625 0.497656 0.189583 0.173437
0 1.0 0.560417 0.521094 0.095833 0.229687
0 1.0 0.561458 0.550781 0.222917 0.182812
0 1.0 0.502083 0.576562 0.079167 0.193750
0 1.0 0.533333 0.555469 0.354167 0.107813
0 1.0 0.443750 0.574219 0.054167 0.132812
0 1.0 0.078125 0.546875 0.072917 0.103125
0 1.0 0.484375 0.557031 0.143750 0.101562
0 1.0 0.412500 0.509375 0.291667 0.325000
0 1.0 0.178125 0.540625 0.239583 0.184375
0 1.0 0.413542 0.542969 0.131250 0.170313
0 1.0 0.081250 0.541406 0.150000 0.104688
0 1.0 0.390625 0.553906 0.106250 0.076563
0 1.0 0.254167 0.558594 0.141667 0.098437
0 1.0 0.281250 0.558594 0.050000 0.076563
0 1.0 0.944792 0.710938 0.110417 0.106250
0 1.0 0.953125 0.755469 0.056250 0.170313
0 1.0 0.926042 0.714844 0.147917 0.285938
0 1.0 0.877083 0.710156 0.245833 0.132812
0 1.0 0.875000 0.712500 0.133333 0.365625
0 1.0 0.789583 0.710938 0.083333 0.081250
0 1.0 0.846875 0.716406 0.035417 0.067187
0 1.0 0.806250 0.712500 0.137500 0.353125
0 1.0 0.194792 0.764062 0.106250 0.175000
0 1.0 0.125000 0.768750 0.120833 0.371875
0 1.0 0.133333 0.764844 0.266667 0.135937
0 1.0 0.077083 0.740625 0.137500 0.406250
0 1.0 0.127083 0.772656 0.087500 0.101562
0 1.0 0.032292 0.762500 0.064583 0.268750
0 1.0 0.070833 0.763281 0.141667 0.085938
0 1.0 0.076042 0.768750 0.039583 0.062500
0 1.0 0.616667 0.731250 0.112500 0.300000
0 1.0 0.604167 0.710156 0.162500 0.157812
0 1.0 0.544792 0.740625 0.131250 0.334375
0 1.0 0.569792 0.713281 0.081250 0.110937
0 1.0 0.508333 0.753125 0.079167 0.228125
0 1.0 0.520833 0.707812 0.241667 0.118750
0 1.0 0.544792 0.713281 0.056250 0.079687
0 1.0 0.800000 0.707031 0.262500 0.182812
0 1.0 0.767708 0.699219 0.139583 0.267188
0 1.0 0.696875 0.719531 0.122917 0.289062
0 1.0 0.706250 0.707031 0.287500 0.145313
0 1.0 0.732292 0.710938 0.114583 0.140625
0 1.0 0.658333 0.721875 0.104167 0.240625
0 1.0 0.638542 0.771875 0.289583 0.146875
0 1.0 0.178125 0.776563 0.264583 0.375000
0 1.0 0.587500 0.778906 0.104167 0.132812
0 1.0 0.786458 0.764844 0.322917 0.145313
0 1.0 0.361458 0.763281 0.168750 0.154688
0 1.0 0.343750 0.802344 0.279167 0.329688
0 1.0 0.267708 0.771094 0.064583 0.089063
0 1.0 0.296875 0.775000 0.156250 0.190625
0 1.0 0.226042 0.771094 0.081250 0.110937
0 1.0 0.233333 0.776563 0.195833 0.243750
0 1.0 0.181250 0.768750 0.120833 0.365625
0 1.0 0.536458 0.762500 0.264583 0.137500
0 1.0 0.546875 0.769531 0.085417 0.114062
0 1.0 0.456250 0.771875 0.070833 0.225000
0 1.0 0.531250 0.778125 0.033333 0.068750
0 1.0 0.391667 0.784375 0.125000 0.306250
0 1.0 0.467708 0.771094 0.043750 0.089063
0 1.0 0.537500 0.664844 0.104167 0.104688
0 1.0 0.459375 0.685156 0.122917 0.198437
0 1.0 0.787500 0.657031 0.141667 0.135937
0 1.0 0.737500 0.663281 0.133333 0.129688
0 1.0 0.626042 0.648438 0.339583 0.131250
0 1.0 0.248958 0.658594 0.177083 0.101562
0 1.0 0.176042 0.635156 0.122917 0.351562
0 1.0 0.155208 0.659375 0.260417 0.128125
0 1.0 0.531250 0.676562 0.041667 0.065625
0 1.0 0.121875 0.635156 0.097917 0.339062
0 1.0 0.391667 0.703906 0.087500 0.189062
0 1.0 0.440625 0.666406 0.268750 0.114062
0 1.0 0.460417 0.675781 0.066667 0.079687
0 1.0 0.414583 0.668750 0.279167 0.256250
0 1.0 0.301042 0.669531 0.114583 0.139063
0 1.0 0.351042 0.685156 0.114583 0.182812
0 1.0 0.369792 0.667969 0.118750 0.095312
0 1.0 0.316667 0.670312 0.058333 0.062500
0 1.0 0.288542 0.662500 0.260417 0.290625
0 1.0 0.323958 0.730469 0.052083 0.064062
0 1.0 0.235417 0.717187 0.254167 0.125000
0 1.0 0.259375 0.722656 0.093750 0.101562
0 1.0 0.148958 0.714063 0.285417 0.146875
0 1.0 0.540625 0.724219 0.027083 0.054688
0 1.0 0.421875 0.716406 0.339583 0.123438
0 1.0 0.403125 0.718750 0.189583 0.200000
0 1.0 0.478125 0.728125 0.035417 0.059375
0 1.0 0.863542 0.658594 0.272917 0.126562
0 1.0 0.761458 0.660156 0.093750 0.085938
0 1.0 0.806250 0.664062 0.058333 0.075000
0 1.0 0.848958 0.657031 0.247917 0.329688
0 1.0 0.116667 0.722656 0.112500 0.123438
0 1.0 0.069792 0.713281 0.139583 0.101562
0 1.0 0.060417 0.717969 0.050000 0.076563
0 1.0 0.942708 0.654687 0.114583 0.103125
0 1.0 0.702083 0.300781 0.270833 0.342187
0 1.0 0.712500 0.278125 0.166667 0.215625
0 1.0 0.657292 0.272656 0.106250 0.273438
0 1.0 0.662500 0.285156 0.245833 0.123438
0 1.0 0.662500 0.255469 0.070833 0.139063
0 1.0 0.590625 0.239844 0.106250 0.182812
0 1.0 0.595833 0.293750 0.258333 0.168750
0 1.0 0.556250 0.301563 0.133333 0.259375
0 1.0 0.887500 0.314063 0.058333 0.103125
0 1.0 0.869792 0.300000 0.177083 0.115625
0 1.0 0.862500 0.282031 0.250000 0.323437
0 1.0 0.820833 0.342187 0.100000 0.225000
0 1.0 0.834375 0.324219 0.052083 0.098437
0 1.0 0.764583 0.313281 0.108333 0.317188
0 1.0 0.784375 0.286719 0.306250 0.123438
0 1.0 0.776042 0.296875 0.064583 0.153125
0 1.0 0.720833 0.283594 0.079167 0.182812
0 1.0 0.401042 0.293750 0.156250 0.118750
0 1.0 0.352083 0.288281 0.125000 0.173437
0 1.0 0.371875 0.297656 0.289583 0.179688
0 1.0 0.291667 0.288281 0.120833 0.217188
0 1.0 0.282292 0.297656 0.222917 0.120313
0 1.0 0.300000 0.253906 0.279167 0.270313
0 1.0 0.317708 0.301563 0.043750 0.075000
0 1.0 0.233333 0.297656 0.100000 0.198437
0 1.0 0.180208 0.287500 0.197917 0.100000
0 1.0 0.235417 0.283594 0.066667 0.104688
0 1.0 0.175000 0.301563 0.104167 0.212500
0 1.0 0.496875 0.310156 0.131250 0.232813
0 1.0 0.483333 0.293750 0.270833 0.137500
0 1.0 0.447917 0.314063 0.133333 0.209375
0 1.0 0.350000 0.350000 0.079167 0.159375
0 1.0 0.293750 0.357031 0.066667 0.154688
0 1.0 0.322917 0.338281 0.241667 0.114062
0 1.0 0.309375 0.353906 0.060417 0.098437
0 1.0 0.547917 0.342969 0.229167 0.223438
0 1.0 0.451042 0.307031 0.072917 0.126562
0 1.0 0.439583 0.362500 0.341667 0.281250
0 1.0 0.022917 0.300781 0.029167 0.082812
0 1.0 0.084375 0.328906 0.068750 0.067187
0 1.0 0.028125 0.321094 0.056250 0.157812
0 1.0 0.068750 0.340625 0.137500 0.256250
0 1.0 0.956250 0.372656 0.037500 0.089063
0 1.0 0.951042 0.294531 0.097917 0.098437
0 1.0 0.945833 0.350000 0.041667 0.078125
0 1.0 0.238542 0.333594 0.268750 0.145313
0 1.0 0.921875 0.286719 0.156250 0.260937
0 1.0 0.880208 0.326562 0.106250 0.209375
0 1.0 0.181250 0.340625 0.062500 0.159375
0 1.0 0.171875 0.354687 0.256250 0.290625
0 1.0 0.128125 0.344531 0.068750 0.179688
0 1.0 0.082292 0.360156 0.077083 0.198437
0 1.0 0.125000 0.330469 0.150000 0.082812
0 1.0 0.207292 0.254688 0.277083 0.137500
0 1.0 0.289583 0.210938 0.154167 0.268750
0 1.0 0.247917 0.261719 0.058333 0.079687
0 1.0 0.226042 0.214062 0.114583 0.275000
0 1.0 0.169792 0.210156 0.252083 0.276562
0 1.0 0.489583 0.221875 0.250000 0.306250
0 1.0 0.440625 0.242188 0.097917 0.187500
0 1.0 0.442708 0.248438 0.322917 0.125000
0 1.0 0.463542 0.255469 0.156250 0.110937
0 1.0 0.390625 0.233594 0.160417 0.276562
0 1.0 0.031250 0.081250 0.041667 0.128125
0 1.0 0.097917 0.032031 0.050000 0.048438
0 1.0 0.068750 0.036719 0.075000 0.070312
0 1.0 0.071875 0.082812 0.143750 0.165625
0 1.0 0.308333 0.514844 0.554167 0.970313
0 1.0 0.536458 0.249219 0.927083 0.454688
0 1.0 0.742708 0.392969 0.514583 0.785937
0 1.0 0.133333 0.232813 0.095833 0.206250
0 1.0 0.073958 0.214844 0.093750 0.232813
0 1.0 0.125000 0.248438 0.183333 0.112500
0 1.0 0.103125 0.057813 0.093750 0.103125
0 1.0 0.156250 0.044531 0.133333 0.089063
0 1.0 0.082292 0.088281 0.047917 0.098437
0 1.0 0.146875 0.032813 0.077083 0.062500
0 1.0 0.064583 0.288281 0.050000 0.092188
0 1.0 0.958333 0.295312 0.041667 0.131250
0 1.0 0.933333 0.238281 0.133333 0.104688
0 1.0 0.881250 0.236719 0.237500 0.132812
0 1.0 0.879167 0.220312 0.145833 0.365625
0 1.0 0.213542 0.292969 0.031250 0.057813
0 1.0 0.142708 0.260156 0.047917 0.085938
0 1.0 0.104167 0.285156 0.033333 0.067187
0 1.0 0.078125 0.245312 0.031250 0.062500
0 1.0 0.141667 0.284375 0.087500 0.093750
0 1.0 0.103125 0.281250 0.206250 0.265625
0 1.0 0.038542 0.245312 0.047917 0.106250
0 1.0 0.671875 0.232031 0.322917 0.139063
0 1.0 0.597917 0.235937 0.133333 0.359375
0 1.0 0.541667 0.244531 0.279167 0.151562
0 1.0 0.820833 0.239063 0.120833 0.315625
0 1.0 0.772917 0.232031 0.262500 0.167187
0 1.0 0.512500 0.450781 0.037500 0.070312
0 1.0 0.442708 0.398438 0.135417 0.190625
0 1.0 0.458333 0.449219 0.254167 0.176563
0 1.0 0.473958 0.432031 0.102083 0.173437
0 1.0 0.350000 0.453125 0.029167 0.056250
0 1.0 0.313542 0.455469 0.172917 0.132812
0 1.0 0.283333 0.465625 0.070833 0.171875
0 1.0 0.603125 0.487500 0.064583 0.109375
0 1.0 0.572917 0.451562 0.170833 0.115625
0 1.0 0.448958 0.409375 0.068750 0.137500
0 1.0 0.557292 0.451562 0.272917 0.181250
0 1.0 0.514583 0.450000 0.087500 0.087500
0 1.0 0.141667 0.448437 0.233333 0.275000
0 1.0 0.086458 0.493750 0.093750 0.187500
0 1.0 0.128125 0.457031 0.127083 0.082812
0 1.0 0.103125 0.461719 0.193750 0.123438
0 1.0 0.107292 0.456250 0.039583 0.053125
0 1.0 0.033333 0.477344 0.066667 0.167187
0 1.0 0.070833 0.460938 0.100000 0.090625
0 1.0 0.071875 0.451562 0.143750 0.256250
0 1.0 0.959375 0.459375 0.047917 0.134375
0 1.0 0.929167 0.396875 0.141667 0.109375
0 1.0 0.244792 0.454688 0.214583 0.178125
0 1.0 0.234375 0.471875 0.122917 0.268750
0 1.0 0.210417 0.447656 0.112500 0.101562
0 1.0 0.184375 0.471875 0.081250 0.206250
0 1.0 0.128125 0.487500 0.081250 0.175000
0 1.0 0.119792 0.524219 0.122917 0.260937
0 1.0 0.028125 0.546094 0.056250 0.198437
0 1.0 0.087500 0.498437 0.145833 0.100000
0 1.0 0.282292 0.505469 0.106250 0.229687
0 1.0 0.216667 0.500000 0.166667 0.125000
0 1.0 0.240625 0.501563 0.072917 0.109375
0 1.0 0.862500 0.775000 0.050000 0.090625
0 1.0 0.809375 0.449219 0.185417 0.117188
0 1.0 0.775000 0.492969 0.054167 0.095312
0 1.0 0.715625 0.446094 0.193750 0.117188
0 1.0 0.725000 0.464844 0.075000 0.179688
0 1.0 0.662500 0.486719 0.066667 0.110937
0 1.0 0.948958 0.445312 0.102083 0.087500
0 1.0 0.912500 0.449219 0.175000 0.145313
0 1.0 0.915625 0.456250 0.106250 0.250000
0 1.0 0.873958 0.450781 0.035417 0.064062
0 1.0 0.881250 0.475000 0.075000 0.153125
0 1.0 0.070833 0.397656 0.141667 0.098437
0 1.0 0.036458 0.416406 0.072917 0.179688
0 1.0 0.958333 0.397656 0.029167 0.070312
0 1.0 0.933333 0.345313 0.133333 0.109375
0 1.0 0.946875 0.395313 0.052083 0.090625
0 1.0 0.222917 0.395313 0.283333 0.131250
0 1.0 0.180208 0.406250 0.122917 0.306250
0 1.0 0.129167 0.406250 0.112500 0.284375
0 1.0 0.715625 0.368750 0.110417 0.328125
0 1.0 0.709375 0.341406 0.352083 0.114062
0 1.0 0.648958 0.363281 0.093750 0.201563
0 1.0 0.913542 0.369531 0.127083 0.257812
0 1.0 0.598958 0.366406 0.110417 0.223438
0 1.0 0.882292 0.350000 0.168750 0.093750
0 1.0 0.880208 0.396875 0.089583 0.153125
0 1.0 0.837500 0.341406 0.300000 0.123438
0 1.0 0.829167 0.413281 0.075000 0.132812
0 1.0 0.773958 0.386719 0.068750 0.167187
0 1.0 0.790625 0.396875 0.306250 0.134375
0 1.0 0.781250 0.403125 0.266667 0.296875
0 1.0 0.288542 0.410156 0.135417 0.192188
0 1.0 0.653125 0.434375 0.089583 0.175000
0 1.0 0.656250 0.394531 0.254167 0.132812
0 1.0 0.637500 0.389062 0.295833 0.318750
0 1.0 0.596875 0.431250 0.097917 0.171875
0 1.0 0.893750 0.400000 0.212500 0.165625
0 1.0 0.873958 0.425000 0.127083 0.284375
0 1.0 0.759375 0.440625 0.093750 0.225000
0 1.0 0.819792 0.441406 0.122917 0.254688
0 1.0 0.386458 0.375781 0.152083 0.310937
0 1.0 0.382292 0.403125 0.164583 0.118750
0 1.0 0.301042 0.396094 0.185417 0.101562
0 1.0 0.290625 0.403125 0.264583 0.290625
0 1.0 0.552083 0.400000 0.137500 0.250000
0 1.0 0.514583 0.384375 0.212500 0.128125
0 1.0 0.189583 0.119531 0.241667 0.145313
0 1.0 0.240625 0.639062 0.235417 0.578125
0 1.0 0.268750 0.653125 0.537500 0.234375
0 1.0 0.945833 0.778906 0.108333 0.192188
0 1.0 0.728125 0.545312 0.518750 0.218750
0 1.0 0.393750 0.155469 0.295833 0.310937
0 1.0 0.242708 0.134375 0.185417 0.262500
0 1.0 0.176042 0.153906 0.143750 0.292187
0 1.0 0.185417 0.174219 0.079167 0.229687
0 1.0 0.613542 0.560156 0.260417 0.567187
0 1.0 0.533333 0.545312 0.529167 0.231250
0 1.0 0.277083 0.552344 0.554167 0.226562
0 1.0 0.493750 0.135156 0.150000 0.270313
0 1.0 0.483333 0.120313 0.295833 0.162500
0 1.0 0.368750 0.118750 0.187500 0.140625
0 1.0 0.744792 0.571094 0.368750 0.467187
0 1.0 0.270833 0.132031 0.062500 0.107813
0 1.0 0.845833 0.077344 0.216667 0.129688
0 1.0 0.847917 0.116406 0.275000 0.232813
0 1.0 0.634375 0.727344 0.418750 0.442188
0 1.0 0.443750 0.756250 0.566667 0.271875
0 1.0 0.662500 0.106250 0.112500 0.203125
0 1.0 0.728125 0.764062 0.518750 0.243750
0 1.0 0.759375 0.125000 0.139583 0.250000
0 1.0 0.931250 0.076563 0.137500 0.115625
0 1.0 0.961458 0.111719 0.077083 0.142187
0 1.0 0.122917 0.122656 0.220833 0.192188
0 1.0 0.716667 0.651563 0.529167 0.231250
0 1.0 0.914583 0.135937 0.133333 0.271875
0 1.0 0.033333 0.171094 0.045833 0.217188
0 1.0 0.096875 0.126562 0.131250 0.093750
0 1.0 0.096875 0.186719 0.085417 0.073438
0 1.0 0.056250 0.192969 0.066667 0.139063
0 1.0 0.966667 0.181250 0.066667 0.209375
0 1.0 0.191667 0.192969 0.216667 0.135937
0 1.0 0.182292 0.200000 0.035417 0.081250
0 1.0 0.305208 0.177344 0.085417 0.167187
0 1.0 0.783333 0.249219 0.325000 0.476562
0 1.0 0.732292 0.238281 0.518750 0.239063
0 1.0 0.271875 0.350781 0.543750 0.248438
0 1.0 0.538542 0.264062 0.527083 0.218750
0 1.0 0.682292 0.123438 0.293750 0.153125
0 1.0 0.721875 0.446875 0.510417 0.231250
0 1.0 0.601042 0.125781 0.122917 0.223438
0 1.0 0.602083 0.138281 0.233333 0.270313
0 1.0 0.073958 0.481250 0.147917 0.621875
0 1.0 0.817708 0.133594 0.135417 0.232813
0 1.0 0.381250 0.426563 0.579167 0.281250
0 1.0 0.123958 0.632031 0.247917 0.720313
0 1.0 0.502083 0.032813 0.175000 0.065625
0 1.0 0.718750 0.062500 0.158333 0.125000
0 1.0 0.655208 0.072656 0.068750 0.145313
0 1.0 0.661458 0.046094 0.189583 0.092188
0 1.0 0.602083 0.087500 0.075000 0.175000
0 1.0 0.635417 0.031250 0.112500 0.062500
0 1.0 0.304167 0.336719 0.325000 0.657813
0 1.0 0.816667 0.062500 0.083333 0.125000
0 1.0 0.820833 0.038281 0.237500 0.076563
0 1.0 0.764583 0.073438 0.095833 0.146875
0 1.0 0.238542 0.054688 0.139583 0.109375
0 1.0 0.188542 0.075000 0.060417 0.115625
0 1.0 0.494792 0.095312 0.093750 0.190625
0 1.0 0.479167 0.771094 0.895833 0.445312
0 1.0 0.411458 0.063281 0.135417 0.126562
0 1.0 0.345833 0.085156 0.070833 0.151562
0 1.0 0.302083 0.053125 0.108333 0.106250
0 1.0 0.227083 0.073438 0.070833 0.146875
0 1.0 0.295833 0.194531 0.591667 0.389062
0 1.0 0.748958 0.880469 0.502083 0.239063
0 1.0 0.406250 0.034375 0.233333 0.068750
0 1.0 0.322917 0.029687 0.058333 0.053125
0 1.0 0.554167 0.085156 0.075000 0.170313
0 1.0 0.564583 0.032813 0.141667 0.065625
0 1.0 0.364583 0.875000 0.729167 0.250000
0 1.0 0.355208 0.058594 0.127083 0.117188
0 1.0 0.448958 0.078125 0.056250 0.109375
0 1.0 0.486458 0.028125 0.072917 0.056250
0 1.0 0.396875 0.121875 0.110417 0.234375
0 1.0 0.344792 0.137500 0.114583 0.259375
0 1.0 0.565625 0.843750 0.547917 0.196875
0 1.0 0.226042 0.075000 0.293750 0.150000
0 1.0 0.270833 0.085156 0.075000 0.107813
0 1.0 0.223958 0.923438 0.447917 0.153125
0 1.0 0.767708 0.085156 0.272917 0.170313
0 1.0 0.455208 0.121875 0.106250 0.221875
0 1.0 0.530208 0.078125 0.289583 0.150000
0 1.0 0.498958 0.131250 0.789583 0.262500
0 1.0 0.559375 0.925000 0.589583 0.150000
0 1.0 0.827083 0.923438 0.345833 0.153125
0 1.0 0.960417 0.055469 0.054167 0.085938
0 1.0 0.137500 0.350000 0.275000 0.700000
0 1.0 0.498958 0.382031 0.489583 0.454688
0 1.0 0.867708 0.030469 0.106250 0.060937
0 1.0 0.941667 0.035156 0.116667 0.070312
0 1.0 0.127083 0.076563 0.175000 0.121875
0 1.0 0.035417 0.117969 0.070833 0.235937
0 1.0 0.765625 0.879687 0.206250 0.150000
0 1.0 0.710417 0.883594 0.058333 0.101562
0 1.0 0.644792 0.872656 0.310417 0.142187
0 1.0 0.665625 0.862500 0.060417 0.109375
0 1.0 0.606250 0.848437 0.075000 0.140625
0 1.0 0.931250 0.875781 0.091667 0.173437
0 1.0 0.900000 0.863281 0.200000 0.242188
0 1.0 0.884375 0.882812 0.052083 0.084375
0 1.0 0.807292 0.882031 0.131250 0.076563
0 1.0 0.895833 0.903906 0.041667 0.064062
0 1.0 0.867708 0.892969 0.047917 0.051562
0 1.0 0.818750 0.867969 0.054167 0.082812
0 1.0 0.828125 0.885938 0.043750 0.059375
0 1.0 0.769792 0.860938 0.043750 0.071875
0 1.0 0.778125 0.878125 0.035417 0.053125
0 1.0 0.396875 0.871875 0.289583 0.143750
0 1.0 0.434375 0.872656 0.072917 0.110937
0 1.0 0.343750 0.835938 0.070833 0.159375
0 1.0 0.343750 0.846875 0.137500 0.231250
0 1.0 0.293750 0.842187 0.070833 0.156250
0 1.0 0.263542 0.872656 0.306250 0.148438
0 1.0 0.229167 0.842969 0.104167 0.220312
0 1.0 0.553125 0.849219 0.089583 0.217188
0 1.0 0.603125 0.876563 0.131250 0.115625
0 1.0 0.580208 0.839844 0.206250 0.285938
0 1.0 0.513542 0.829688 0.056250 0.187500
0 1.0 0.542708 0.871875 0.202083 0.096875
0 1.0 0.400000 0.826562 0.070833 0.171875
0 1.0 0.512500 0.861719 0.150000 0.239063
0 1.0 0.462500 0.820312 0.029167 0.090625
0 1.0 0.465625 0.874219 0.202083 0.107813
0 1.0 0.464583 0.839844 0.091667 0.210938
0 1.0 0.510417 0.877344 0.037500 0.067187
0 1.0 0.441667 0.839844 0.225000 0.279687
0 1.0 0.479167 0.924219 0.112500 0.114062
0 1.0 0.416667 0.914844 0.141667 0.126562
0 1.0 0.883333 0.876563 0.233333 0.115625
0 1.0 0.351042 0.913281 0.268750 0.154688
0 1.0 0.288542 0.889062 0.122917 0.221875
0 1.0 0.622917 0.921094 0.279167 0.129688
0 1.0 0.519792 0.922656 0.235417 0.148438
0 1.0 0.080208 0.887500 0.127083 0.225000
0 1.0 0.118750 0.910937 0.237500 0.128125
0 1.0 0.028125 0.907813 0.056250 0.181250
0 1.0 0.961458 0.873437 0.035417 0.096875
0 1.0 0.953125 0.882812 0.060417 0.128125
0 1.0 0.053125 0.915625 0.093750 0.096875
0 1.0 0.183333 0.889844 0.116667 0.220312
0 1.0 0.132292 0.889062 0.106250 0.221875
0 1.0 0.347917 0.810937 0.283333 0.146875
0 1.0 0.278125 0.822656 0.072917 0.098437
0 1.0 0.226042 0.814844 0.306250 0.145313
0 1.0 0.245833 0.821875 0.104167 0.125000
0 1.0 0.542708 0.807813 0.297917 0.128125
0 1.0 0.522917 0.821094 0.033333 0.070312
0 1.0 0.058333 0.824219 0.050000 0.067187
0 1.0 0.055208 0.828906 0.110417 0.185938
0 1.0 0.885417 0.768750 0.229167 0.140625
0 1.0 0.814583 0.767969 0.116667 0.101562
0 1.0 0.057292 0.816406 0.114583 0.082812
0 1.0 0.109375 0.817969 0.218750 0.120313
0 1.0 0.054167 0.875781 0.066667 0.089063
0 1.0 0.962500 0.840625 0.062500 0.225000
0 1.0 0.184375 0.857812 0.064583 0.165625
0 1.0 0.134375 0.842187 0.056250 0.143750
0 1.0 0.700000 0.814063 0.329167 0.125000
0 1.0 0.701042 0.810156 0.152083 0.223438
0 1.0 0.659375 0.821094 0.122917 0.289062
0 1.0 0.801042 0.823438 0.156250 0.103125
0 1.0 0.856250 0.828906 0.050000 0.073438
0 1.0 0.855208 0.803125 0.252083 0.290625
0 1.0 0.763542 0.803125 0.131250 0.284375
0 1.0 0.718750 0.174219 0.133333 0.295312
0 1.0 0.728125 0.179688 0.293750 0.140625
0 1.0 0.619792 0.180469 0.264583 0.129688
0 1.0 0.878125 0.178125 0.243750 0.137500
0 1.0 0.970833 0.955469 0.050000 0.089063
0 1.0 0.923958 0.960156 0.152083 0.079687
0 1.0 0.557292 0.292187 0.243750 0.465625
0 1.0 0.390625 0.179688 0.127083 0.109375
0 1.0 0.547917 0.165625 0.154167 0.200000
0 1.0 0.498958 0.178125 0.235417 0.125000
0 1.0 0.737500 0.147656 0.491667 0.257812
0 1.0 0.143750 0.950000 0.204167 0.100000
0 1.0 0.080208 0.933594 0.089583 0.132812
0 1.0 0.137500 0.962500 0.100000 0.065625
0 1.0 0.071875 0.962500 0.064583 0.053125
0 1.0 0.926042 0.922656 0.147917 0.107813
0 1.0 0.291667 0.932031 0.087500 0.135937
0 1.0 0.282292 0.964063 0.093750 0.059375
0 1.0 0.235417 0.923438 0.100000 0.153125
0 1.0 0.177083 0.961719 0.104167 0.064062
0 1.0 0.230208 0.961719 0.131250 0.070312
0 1.0 0.133333 0.936719 0.075000 0.126562
0 1.0 0.761458 0.913281 0.110417 0.173437
0 1.0 0.707292 0.908594 0.110417 0.182812
0 1.0 0.952083 0.921875 0.079167 0.156250
0 1.0 0.839583 0.921094 0.179167 0.104688
0 1.0 0.882292 0.925000 0.097917 0.137500
0 1.0 0.845833 0.953906 0.120833 0.070312
0 1.0 0.818750 0.940625 0.104167 0.118750
0 1.0 0.787500 0.955469 0.091667 0.064062
0 1.0 0.354167 0.949219 0.120833 0.101562
0 1.0 0.735417 0.949219 0.187500 0.101562
0 1.0 0.663542 0.931250 0.102083 0.137500
0 1.0 0.032292 0.242188 0.052083 0.190625
0 1.0 0.084375 0.261719 0.035417 0.060937
0 1.0 0.059375 0.245312 0.072917 0.121875
0 1.0 0.866667 0.954688 0.050000 0.053125
0 1.0 0.517708 0.950781 0.110417 0.098437
0 1.0 0.452083 0.942187 0.075000 0.115625
0 1.0 0.533333 0.960938 0.045833 0.046875
0 1.0 0.519792 0.953906 0.047917 0.064062
0 1.0 0.710417 0.956250 0.091667 0.068750
0 1.0 0.382292 0.960938 0.068750 0.053125
0 1.0 0.459375 0.959375 0.072917 0.056250
0 1.0 0.604167 0.929688 0.104167 0.140625
0 1.0 0.672917 0.956250 0.062500 0.059375
0 1.0 0.559375 0.951562 0.093750 0.081250
0 1.0 0.647917 0.958594 0.062500 0.057813
0 1.0 0.622917 0.948438 0.095833 0.084375
0 1.0 0.589583 0.959375 0.054167 0.050000
0 1.0 0.465625 0.527344 0.247917 0.632812
0 1.0 0.353125 0.607031 0.247917 0.632812
0 1.0 0.106250 0.834375 0.212500 0.328125
0 1.0 0.647917 0.505469 0.704167 0.414062
0 1.0 0.751042 0.795312 0.214583 0.409375
0 1.0 0.640625 0.800000 0.218750 0.400000
0 1.0 0.873958 0.339844 0.247917 0.679688
0 1.0 0.880208 0.655469 0.239583 0.689063
0 1.0 0.504167 0.737500 0.304167 0.525000