0 1.0 0.309375 0.538642 0.556250 0.857143
0 1.0 0.142969 0.618267 0.285938 0.716628
0 1.0 0.602344 0.651054 0.076563 0.201405
0 1.0 0.617188 0.603044 0.278125 0.133489
0 1.0 0.264062 0.610070 0.143750 0.124122
0 1.0 0.236719 0.588993 0.120313 0.259953
0 1.0 0.343750 0.563232 0.237500 0.330211
0 1.0 0.284375 0.576112 0.078125 0.257611
0 1.0 0.316406 0.619438 0.079687 0.081967
0 1.0 0.508594 0.632319 0.054688 0.182670
0 1.0 0.517969 0.612412 0.176563 0.100703
0 1.0 0.761719 0.613583 0.107813 0.257611
0 1.0 0.775000 0.608899 0.250000 0.112412
0 1.0 0.450781 0.581967 0.092188 0.269321
0 1.0 0.458594 0.613583 0.101562 0.079625
0 1.0 0.437500 0.559719 0.246875 0.355972
0 1.0 0.390625 0.612412 0.240625 0.100703
0 1.0 0.421875 0.615925 0.081250 0.079625
0 1.0 0.642969 0.585480 0.248438 0.318501
0 1.0 0.030469 0.610070 0.060937 0.077283
0 1.0 0.035156 0.626464 0.064062 0.170960
0 1.0 0.057031 0.592506 0.114062 0.266979
0 1.0 0.960156 0.607728 0.039062 0.147541
0 1.0 0.951562 0.551522 0.096875 0.100703
0 1.0 0.184375 0.573770 0.140625 0.313817
0 1.0 0.149219 0.610070 0.173437 0.105386
0 1.0 0.900781 0.542155 0.198437 0.311475
0 1.0 0.821094 0.551522 0.079687 0.081967
0 1.0 0.537500 0.615925 0.078125 0.088993
0 1.0 0.508594 0.611241 0.167187 0.206089
0 1.0 0.564844 0.586651 0.176563 0.231850
0 1.0 0.197656 0.555035 0.279687 0.355972
0 1.0 0.129688 0.570258 0.109375 0.288056
0 1.0 0.102344 0.608899 0.085938 0.079625
0 1.0 0.062500 0.628806 0.059375 0.185012
0 1.0 0.342969 0.585480 0.107813 0.295082
0 1.0 0.361719 0.615925 0.117188 0.088993
0 1.0 0.360938 0.651054 0.156250 0.177986
0 1.0 0.033594 0.653396 0.045312 0.088993
0 1.0 0.957031 0.606557 0.085938 0.103044
0 1.0 0.921875 0.591335 0.103125 0.339578
0 1.0 0.903906 0.610070 0.192188 0.128806
0 1.0 0.158594 0.663934 0.220312 0.124122
0 1.0 0.494531 0.670960 0.270313 0.325527
0 1.0 0.511719 0.685012 0.117188 0.142857
0 1.0 0.481250 0.680328 0.106250 0.086651
0 1.0 0.387500 0.669789 0.109375 0.088993
0 1.0 0.110156 0.660422 0.060937 0.093677
0 1.0 0.152344 0.654567 0.242188 0.334895
0 1.0 0.089844 0.656909 0.179688 0.119438
0 1.0 0.716406 0.605386 0.173437 0.203747
0 1.0 0.653906 0.632319 0.073438 0.201405
0 1.0 0.826562 0.611241 0.053125 0.070258
0 1.0 0.554688 0.607728 0.087500 0.250585
0 1.0 0.594531 0.604215 0.060937 0.079625
0 1.0 0.879687 0.593677 0.093750 0.222482
0 1.0 0.862500 0.615925 0.046875 0.074941
0 1.0 0.821875 0.607728 0.100000 0.255269
0 1.0 0.826562 0.590164 0.246875 0.281030
0 1.0 0.721094 0.624122 0.082812 0.180328
0 1.0 0.037500 0.573770 0.075000 0.149883
0 1.0 0.941406 0.497658 0.117188 0.105386
0 1.0 0.225781 0.558548 0.226562 0.156909
0 1.0 0.805469 0.501171 0.095312 0.088993
0 1.0 0.144531 0.551522 0.204687 0.147541
0 1.0 0.114844 0.551522 0.073438 0.072600
0 1.0 0.030469 0.557377 0.051562 0.074941
0 1.0 0.363281 0.553864 0.176563 0.100703
0 1.0 0.081250 0.557377 0.103125 0.173302
0 1.0 0.646875 0.489461 0.253125 0.163934
0 1.0 0.600000 0.517564 0.140625 0.318501
0 1.0 0.808594 0.503513 0.148438 0.135831
0 1.0 0.828125 0.514052 0.090625 0.231850
0 1.0 0.756250 0.521077 0.103125 0.274005
0 1.0 0.766406 0.505855 0.229687 0.290398
0 1.0 0.717187 0.492974 0.109375 0.236534
0 1.0 0.651563 0.545667 0.300000 0.126464
0 1.0 0.892188 0.551522 0.215625 0.128806
0 1.0 0.266406 0.659251 0.148438 0.133489
0 1.0 0.292969 0.517564 0.120313 0.309133
0 1.0 0.306250 0.558548 0.146875 0.124122
0 1.0 0.235937 0.559719 0.143750 0.112412
0 1.0 0.503125 0.563232 0.081250 0.278689
0 1.0 0.508594 0.548009 0.260937 0.131148
0 1.0 0.161719 0.553864 0.092188 0.086651
0 1.0 0.784375 0.545667 0.293750 0.121780
0 1.0 0.504687 0.536300 0.200000 0.257611
0 1.0 0.072656 0.762295 0.101562 0.339578
0 1.0 0.113281 0.758782 0.226562 0.117096
0 1.0 0.031250 0.774005 0.062500 0.358314
0 1.0 0.048438 0.758782 0.096875 0.084309
0 1.0 0.339844 0.673302 0.060937 0.067916
0 1.0 0.251563 0.763466 0.284375 0.121780
0 1.0 0.291406 0.764637 0.126562 0.302108
0 1.0 0.304688 0.772834 0.034375 0.060890
0 1.0 0.962500 0.741218 0.062500 0.245902
0 1.0 0.946875 0.707260 0.106250 0.098361
0 1.0 0.923438 0.725995 0.153125 0.290398
0 1.0 0.314063 0.766979 0.100000 0.170960
0 1.0 0.235937 0.761124 0.134375 0.365340
0 1.0 0.228906 0.778689 0.307812 0.353630
0 1.0 0.138281 0.775176 0.192188 0.257611
0 1.0 0.440625 0.747073 0.146875 0.248244
0 1.0 0.494531 0.764637 0.082812 0.100703
0 1.0 0.449219 0.771663 0.270313 0.311475
0 1.0 0.151562 0.768150 0.103125 0.112412
0 1.0 0.734375 0.714286 0.193750 0.131148
0 1.0 0.710938 0.757611 0.081250 0.227166
0 1.0 0.704688 0.742389 0.256250 0.285714
0 1.0 0.652344 0.764637 0.076563 0.245902
0 1.0 0.613281 0.715457 0.282813 0.119438
0 1.0 0.646094 0.728337 0.164062 0.182670
0 1.0 0.602344 0.769321 0.104688 0.255269
0 1.0 0.871094 0.734192 0.132812 0.358314
0 1.0 0.878906 0.709602 0.242188 0.131148
0 1.0 0.817187 0.734192 0.125000 0.353630
0 1.0 0.814844 0.707260 0.204687 0.206089
0 1.0 0.760938 0.747073 0.115625 0.346604
0 1.0 0.693750 0.764637 0.293750 0.128806
0 1.0 0.046875 0.830211 0.093750 0.199063
0 1.0 0.640625 0.796253 0.231250 0.290398
0 1.0 0.937500 0.759953 0.125000 0.100703
0 1.0 0.881250 0.765808 0.237500 0.131148
0 1.0 0.767188 0.769321 0.100000 0.081967
0 1.0 0.142187 0.817330 0.284375 0.131148
0 1.0 0.149219 0.822014 0.132812 0.126464
0 1.0 0.821875 0.788056 0.281250 0.330211
0 1.0 0.421875 0.757611 0.240625 0.114754
0 1.0 0.457813 0.759953 0.078125 0.086651
0 1.0 0.341406 0.759953 0.126562 0.096019
0 1.0 0.347656 0.736534 0.145313 0.292740
0 1.0 0.560156 0.802108 0.092188 0.255269
0 1.0 0.542188 0.758782 0.321875 0.135831
0 1.0 0.811719 0.779859 0.067187 0.084309
0 1.0 0.582031 0.765808 0.104688 0.107728
0 1.0 0.509375 0.796253 0.125000 0.327869
0 1.0 0.719531 0.661593 0.317188 0.119438
0 1.0 0.808594 0.711944 0.076563 0.070258
0 1.0 0.829688 0.659251 0.050000 0.067916
0 1.0 0.611719 0.683841 0.148438 0.177986
0 1.0 0.655469 0.717799 0.054688 0.128806
0 1.0 0.182812 0.715457 0.143750 0.320843
0 1.0 0.189062 0.714286 0.137500 0.135831
0 1.0 0.862500 0.659251 0.050000 0.081967
0 1.0 0.032813 0.706089 0.059375 0.086651
0 1.0 0.439844 0.674473 0.057813 0.074941
0 1.0 0.603125 0.723653 0.053125 0.121780
0 1.0 0.558594 0.693208 0.064062 0.177986
0 1.0 0.285156 0.648712 0.110937 0.262295
0 1.0 0.289062 0.645199 0.256250 0.278689
0 1.0 0.321094 0.654567 0.085938 0.124122
0 1.0 0.577344 0.689696 0.060937 0.067916
0 1.0 0.558594 0.680328 0.129688 0.156909
0 1.0 0.517188 0.711944 0.059375 0.168618
0 1.0 0.539844 0.688525 0.070312 0.074941
0 1.0 0.395313 0.639344 0.159375 0.309133
0 1.0 0.504687 0.685012 0.043750 0.067916
0 1.0 0.457031 0.660422 0.104688 0.140515
0 1.0 0.406250 0.669789 0.275000 0.117096
0 1.0 0.434375 0.711944 0.150000 0.112412
0 1.0 0.470313 0.720141 0.043750 0.081967
0 1.0 0.372656 0.710773 0.076563 0.081967
0 1.0 0.599219 0.723653 0.229687 0.271663
0 1.0 0.324219 0.722482 0.035937 0.063232
0 1.0 0.322656 0.710773 0.079687 0.128806
0 1.0 0.852344 0.715457 0.048438 0.067916
0 1.0 0.545312 0.716628 0.068750 0.093677
0 1.0 0.511719 0.715457 0.198437 0.114754
0 1.0 0.118750 0.708431 0.081250 0.105386
0 1.0 0.282813 0.716628 0.181250 0.098361
0 1.0 0.953125 0.655738 0.093750 0.098361
0 1.0 0.909375 0.659251 0.181250 0.119438
0 1.0 0.045312 0.704918 0.090625 0.196721
0 1.0 0.500000 0.715457 0.071875 0.086651
0 1.0 0.528125 0.717799 0.031250 0.077283
0 1.0 0.114844 0.708431 0.229687 0.119438
0 1.0 0.151562 0.713115 0.062500 0.091335
0 1.0 0.955469 0.285714 0.089063 0.163934
0 1.0 0.919531 0.284543 0.120313 0.400468
0 1.0 0.881250 0.290398 0.237500 0.131148
0 1.0 0.183594 0.346604 0.239063 0.341920
0 1.0 0.876563 0.270492 0.084375 0.185012
0 1.0 0.817969 0.303279 0.104688 0.311475
0 1.0 0.825000 0.283372 0.059375 0.135831
0 1.0 0.802344 0.286885 0.267188 0.161593
0 1.0 0.817969 0.288056 0.079687 0.070258
0 1.0 0.146875 0.330211 0.131250 0.224824
0 1.0 0.081250 0.359485 0.093750 0.255269
0 1.0 0.128125 0.340749 0.128125 0.105386
0 1.0 0.101562 0.324356 0.200000 0.316159
0 1.0 0.088281 0.337237 0.089063 0.088993
0 1.0 0.285938 0.340749 0.109375 0.311475
0 1.0 0.028125 0.346604 0.056250 0.206089
0 1.0 0.871875 0.288056 0.121875 0.346604
0 1.0 0.609375 0.285714 0.243750 0.177986
0 1.0 0.560156 0.270492 0.101562 0.316159
0 1.0 0.560937 0.288056 0.171875 0.117096
0 1.0 0.491406 0.282201 0.135937 0.353630
0 1.0 0.509375 0.285714 0.215625 0.177986
0 1.0 0.762500 0.292740 0.275000 0.318501
0 1.0 0.512500 0.295082 0.065625 0.074941
0 1.0 0.767969 0.310304 0.098437 0.259953
0 1.0 0.778125 0.296253 0.050000 0.114754
0 1.0 0.707031 0.322014 0.101562 0.259953
0 1.0 0.718750 0.288056 0.268750 0.117096
0 1.0 0.713281 0.300937 0.060937 0.124122
0 1.0 0.635156 0.286885 0.148438 0.105386
0 1.0 0.657813 0.312646 0.084375 0.269321
0 1.0 0.667188 0.306792 0.050000 0.140515
0 1.0 0.652344 0.295082 0.248438 0.327869
0 1.0 0.596875 0.288056 0.093750 0.327869
0 1.0 0.613281 0.341920 0.289062 0.126464
0 1.0 0.607812 0.344262 0.062500 0.215457
0 1.0 0.820312 0.351288 0.190625 0.215457
0 1.0 0.765625 0.343091 0.300000 0.119438
0 1.0 0.767188 0.374707 0.071875 0.182670
0 1.0 0.288281 0.354801 0.060937 0.096019
0 1.0 0.325000 0.360656 0.037500 0.098361
0 1.0 0.267188 0.336066 0.118750 0.110070
0 1.0 0.435156 0.310304 0.054688 0.185012
0 1.0 0.182812 0.339578 0.181250 0.126464
0 1.0 0.431250 0.314988 0.118750 0.316159
0 1.0 0.221875 0.334895 0.146875 0.234192
0 1.0 0.492969 0.343091 0.151562 0.096019
0 1.0 0.458594 0.336066 0.114062 0.203747
0 1.0 0.418750 0.338407 0.240625 0.124122
0 1.0 0.422656 0.345433 0.104688 0.124122
0 1.0 0.351562 0.346604 0.081250 0.224824
0 1.0 0.382031 0.348946 0.092188 0.093677
0 1.0 0.351562 0.334895 0.150000 0.304450
0 1.0 0.557813 0.230679 0.250000 0.142857
0 1.0 0.515625 0.234192 0.046875 0.112412
0 1.0 0.762500 0.224824 0.190625 0.215457
0 1.0 0.663281 0.228337 0.295312 0.138173
0 1.0 0.034375 0.055035 0.068750 0.110070
0 1.0 0.074219 0.073770 0.148438 0.147541
0 1.0 0.142187 0.055035 0.093750 0.110070
0 1.0 0.303125 0.071429 0.225000 0.142857
0 1.0 0.579688 0.729508 0.840625 0.489461
0 1.0 0.739062 0.564403 0.518750 0.871194
0 1.0 0.200781 0.056206 0.095312 0.107728
0 1.0 0.400781 0.245902 0.132812 0.346604
0 1.0 0.415625 0.234192 0.284375 0.149883
0 1.0 0.444531 0.240047 0.079687 0.119438
0 1.0 0.050781 0.029274 0.079687 0.058548
0 1.0 0.135156 0.086651 0.239063 0.173302
0 1.0 0.064844 0.049180 0.057813 0.098361
0 1.0 0.090625 0.032787 0.081250 0.065574
0 1.0 0.308594 0.319672 0.048438 0.110070
0 1.0 0.230469 0.282201 0.117188 0.114754
0 1.0 0.149219 0.278689 0.217188 0.145199
0 1.0 0.473438 0.281030 0.087500 0.168618
0 1.0 0.416406 0.292740 0.254688 0.121780
0 1.0 0.429688 0.299766 0.100000 0.107728
0 1.0 0.267188 0.320843 0.256250 0.318501
0 1.0 0.400781 0.297424 0.051562 0.079625
0 1.0 0.598437 0.288056 0.050000 0.177986
0 1.0 0.366406 0.303279 0.079687 0.147541
0 1.0 0.285938 0.291569 0.193750 0.124122
0 1.0 0.900000 0.230679 0.200000 0.166276
0 1.0 0.808594 0.234192 0.151562 0.112412
0 1.0 0.855469 0.231850 0.251563 0.341920
0 1.0 0.072656 0.282201 0.104688 0.096019
0 1.0 0.056250 0.303279 0.112500 0.199063
0 1.0 0.935156 0.234192 0.129688 0.112412
0 1.0 0.658594 0.464871 0.095312 0.259953
0 1.0 0.601562 0.450820 0.215625 0.133489
0 1.0 0.555469 0.474239 0.126562 0.283372
0 1.0 0.871094 0.450820 0.179688 0.227166
0 1.0 0.149219 0.468384 0.242188 0.341920
0 1.0 0.821094 0.448478 0.254688 0.133489
0 1.0 0.762500 0.471897 0.068750 0.152225
0 1.0 0.715625 0.444965 0.228125 0.117096
0 1.0 0.957812 0.496487 0.062500 0.149883
0 1.0 0.367188 0.453162 0.128125 0.142857
0 1.0 0.296875 0.425059 0.084375 0.250585
0 1.0 0.317188 0.460187 0.109375 0.100703
0 1.0 0.498437 0.453162 0.109375 0.274005
0 1.0 0.229687 0.447307 0.056250 0.079625
0 1.0 0.192188 0.441452 0.240625 0.170960
0 1.0 0.243750 0.425059 0.087500 0.166276
0 1.0 0.181250 0.392272 0.125000 0.311475
0 1.0 0.133594 0.455504 0.060937 0.077283
0 1.0 0.333594 0.448478 0.048438 0.119438
0 1.0 0.521094 0.444965 0.217188 0.135831
0 1.0 0.508594 0.453162 0.260937 0.278689
0 1.0 0.442188 0.430913 0.065625 0.187354
0 1.0 0.484375 0.443794 0.068750 0.081967
0 1.0 0.441406 0.443794 0.110937 0.259953
0 1.0 0.707031 0.436768 0.214062 0.278689
0 1.0 0.396094 0.433255 0.135937 0.276347
0 1.0 0.351562 0.440281 0.053125 0.163934
0 1.0 0.397656 0.451991 0.029687 0.065574
0 1.0 0.377344 0.502342 0.132812 0.133489
0 1.0 0.291406 0.508197 0.198437 0.121780
0 1.0 0.314063 0.510539 0.093750 0.103044
0 1.0 0.291406 0.435597 0.260937 0.379391
0 1.0 0.245312 0.485948 0.109375 0.175644
0 1.0 0.117969 0.507026 0.145313 0.105386
0 1.0 0.347656 0.470726 0.145313 0.295082
0 1.0 0.040625 0.518735 0.081250 0.138173
0 1.0 0.958594 0.446136 0.082812 0.091335
0 1.0 0.927344 0.448478 0.145313 0.142857
0 1.0 0.914062 0.463700 0.128125 0.337237
0 1.0 0.829688 0.449649 0.040625 0.060890
0 1.0 0.124219 0.476581 0.092188 0.264637
0 1.0 0.103125 0.504684 0.071875 0.072600
0 1.0 0.068750 0.514052 0.059375 0.189696
0 1.0 0.050000 0.498829 0.075000 0.060890
0 1.0 0.295312 0.400468 0.112500 0.098361
0 1.0 0.319531 0.393443 0.067187 0.159251
0 1.0 0.223438 0.388759 0.137500 0.107728
0 1.0 0.107031 0.450820 0.210938 0.152225
0 1.0 0.155469 0.393443 0.254688 0.135831
0 1.0 0.471094 0.396956 0.220312 0.110070
0 1.0 0.388281 0.398126 0.167187 0.121780
0 1.0 0.400000 0.403981 0.081250 0.114754
0 1.0 0.925781 0.345433 0.148438 0.147541
0 1.0 0.451562 0.370023 0.221875 0.341920
0 1.0 0.830469 0.344262 0.145313 0.098361
0 1.0 0.821094 0.360656 0.073438 0.173302
0 1.0 0.138281 0.382904 0.082812 0.213115
0 1.0 0.132812 0.400468 0.118750 0.112412
0 1.0 0.957812 0.366511 0.065625 0.166276
0 1.0 0.068750 0.393443 0.109375 0.084309
0 1.0 0.052344 0.387588 0.104688 0.189696
0 1.0 0.939063 0.394614 0.121875 0.110070
0 1.0 0.905469 0.398126 0.189062 0.159251
0 1.0 0.839063 0.398126 0.143750 0.103044
0 1.0 0.133594 0.459016 0.123438 0.098361
0 1.0 0.077344 0.455504 0.070312 0.194379
0 1.0 0.048438 0.448478 0.084375 0.128806
0 1.0 0.025781 0.474239 0.051562 0.189696
0 1.0 0.075781 0.444965 0.042188 0.056206
0 1.0 0.607031 0.393443 0.110937 0.332553
0 1.0 0.603906 0.399297 0.289062 0.128806
0 1.0 0.602344 0.401639 0.242188 0.306792
0 1.0 0.821094 0.425059 0.104688 0.283372
0 1.0 0.762500 0.402810 0.250000 0.177986
0 1.0 0.767188 0.665105 0.243750 0.557377
0 1.0 0.732031 0.551522 0.535937 0.227166
0 1.0 0.307031 0.833724 0.032813 0.060890
0 1.0 0.239063 0.138173 0.131250 0.266979
0 1.0 0.233594 0.128806 0.173437 0.126464
0 1.0 0.192969 0.167447 0.076563 0.213115
0 1.0 0.035156 0.139344 0.070312 0.278689
0 1.0 0.139844 0.153396 0.104688 0.274005
0 1.0 0.388281 0.612412 0.276562 0.611241
0 1.0 0.449219 0.649883 0.520312 0.227166
0 1.0 0.623437 0.574941 0.390625 0.484778
0 1.0 0.532813 0.540984 0.528125 0.248244
0 1.0 0.384375 0.161593 0.290625 0.295082
0 1.0 0.343750 0.161593 0.115625 0.290398
0 1.0 0.232031 0.528103 0.248438 0.718970
0 1.0 0.502344 0.183841 0.095312 0.236534
0 1.0 0.505469 0.128806 0.245312 0.131148
0 1.0 0.378906 0.121780 0.148438 0.117096
0 1.0 0.288281 0.147541 0.126562 0.295082
0 1.0 0.280469 0.133489 0.070312 0.088993
0 1.0 0.840625 0.585480 0.203125 0.693208
0 1.0 0.874219 0.090164 0.210938 0.180328
0 1.0 0.808594 0.127635 0.101562 0.203747
0 1.0 0.656250 0.725995 0.403125 0.426230
0 1.0 0.550781 0.690867 0.210938 0.566745
0 1.0 0.073438 0.154567 0.131250 0.309133
0 1.0 0.668750 0.101874 0.281250 0.203747
0 1.0 0.592969 0.131148 0.076563 0.182670
0 1.0 0.765625 0.085480 0.203125 0.170960
0 1.0 0.767969 0.115925 0.107813 0.208431
0 1.0 0.649219 0.761124 0.557813 0.229508
0 1.0 0.958594 0.113583 0.073438 0.147541
0 1.0 0.933594 0.080796 0.132812 0.133489
0 1.0 0.784375 0.647541 0.431250 0.208431
0 1.0 0.071094 0.125293 0.142187 0.096019
0 1.0 0.732031 0.350117 0.535937 0.231850
0 1.0 0.540625 0.364169 0.234375 0.578454
0 1.0 0.443750 0.346604 0.537500 0.238876
0 1.0 0.349219 0.344262 0.248438 0.529274
0 1.0 0.121094 0.183841 0.145313 0.096019
0 1.0 0.652344 0.326698 0.426563 0.466042
0 1.0 0.917969 0.145199 0.135937 0.262295
0 1.0 0.040625 0.186183 0.075000 0.063232
0 1.0 0.046875 0.185012 0.084375 0.135831
0 1.0 0.288281 0.179157 0.085938 0.100703
0 1.0 0.242188 0.183841 0.221875 0.105386
0 1.0 0.728125 0.234192 0.528125 0.248244
0 1.0 0.094531 0.188525 0.129688 0.170960
0 1.0 0.170313 0.185012 0.253125 0.140515
0 1.0 0.167187 0.189696 0.256250 0.341920
0 1.0 0.208594 0.199063 0.035937 0.070258
0 1.0 0.718750 0.151054 0.118750 0.203747
0 1.0 0.657031 0.177986 0.095312 0.224824
0 1.0 0.786719 0.450820 0.426563 0.217799
0 1.0 0.745313 0.442623 0.390625 0.510539
0 1.0 0.489844 0.163934 0.260937 0.281030
0 1.0 0.442969 0.170960 0.098437 0.224824
0 1.0 0.471875 0.131148 0.131250 0.107728
0 1.0 0.600000 0.155738 0.296875 0.259953
0 1.0 0.557813 0.195550 0.068750 0.199063
0 1.0 0.360156 0.447307 0.567187 0.238876
0 1.0 0.623437 0.129977 0.246875 0.119438
0 1.0 0.775000 0.124122 0.334375 0.131148
0 1.0 0.502344 0.065574 0.067187 0.126464
0 1.0 0.502344 0.031616 0.204687 0.063232
0 1.0 0.717187 0.058548 0.156250 0.117096
0 1.0 0.670312 0.036300 0.187500 0.072600
0 1.0 0.666406 0.055035 0.082812 0.100703
0 1.0 0.600000 0.056206 0.062500 0.112412
0 1.0 0.258594 0.703747 0.517188 0.320843
0 1.0 0.126562 0.343091 0.253125 0.658080
0 1.0 0.814844 0.066745 0.076563 0.133489
0 1.0 0.830469 0.036300 0.217188 0.072600
0 1.0 0.765625 0.065574 0.078125 0.131148
0 1.0 0.266406 0.039813 0.148438 0.079625
0 1.0 0.239063 0.058548 0.075000 0.112412
0 1.0 0.177344 0.032787 0.129688 0.065574
0 1.0 0.196875 0.080796 0.053125 0.124122
0 1.0 0.562500 0.050351 0.128125 0.100703
0 1.0 0.538281 0.208431 0.801562 0.416862
0 1.0 0.399219 0.072600 0.070312 0.121780
0 1.0 0.413281 0.032787 0.254688 0.065574
0 1.0 0.332813 0.806792 0.665625 0.386417
0 1.0 0.649219 0.874707 0.701562 0.250585
0 1.0 0.620313 0.053864 0.137500 0.107728
0 1.0 0.398438 0.074941 0.281250 0.149883
0 1.0 0.553906 0.074941 0.270313 0.149883
0 1.0 0.557813 0.069087 0.062500 0.114754
0 1.0 0.410156 0.050351 0.129688 0.100703
0 1.0 0.346094 0.064403 0.070312 0.128806
0 1.0 0.357031 0.031616 0.085938 0.058548
0 1.0 0.282813 0.067916 0.087500 0.135831
0 1.0 0.443750 0.074941 0.046875 0.074941
0 1.0 0.483594 0.028103 0.098437 0.056206
0 1.0 0.464062 0.050351 0.118750 0.096019
0 1.0 0.394531 0.127635 0.095312 0.208431
0 1.0 0.227344 0.923888 0.454688 0.152225
0 1.0 0.436719 0.113583 0.139063 0.208431
0 1.0 0.664844 0.100703 0.098437 0.149883
0 1.0 0.449219 0.827869 0.457813 0.231850
0 1.0 0.560937 0.124122 0.090625 0.159251
0 1.0 0.350781 0.122951 0.701562 0.245902
0 1.0 0.832812 0.923888 0.334375 0.152225
0 1.0 0.958594 0.065574 0.051562 0.084309
0 1.0 0.954688 0.055035 0.090625 0.110070
0 1.0 0.514062 0.381733 0.546875 0.665105
0 1.0 0.454688 0.920375 0.568750 0.159251
0 1.0 0.911719 0.033958 0.176563 0.067916
0 1.0 0.873437 0.059719 0.084375 0.119438
0 1.0 0.142969 0.909836 0.179688 0.175644
0 1.0 0.075000 0.912178 0.087500 0.175644
0 1.0 0.818750 0.868852 0.206250 0.220141
0 1.0 0.757812 0.864169 0.071875 0.192037
0 1.0 0.762500 0.872365 0.168750 0.170960
0 1.0 0.717187 0.845433 0.062500 0.187354
0 1.0 0.953906 0.893443 0.064062 0.124122
0 1.0 0.914844 0.877049 0.170313 0.166276
0 1.0 0.044531 0.927400 0.089063 0.140515
0 1.0 0.962500 0.882904 0.037500 0.088993
0 1.0 0.237500 0.907494 0.103125 0.185012
0 1.0 0.248438 0.916862 0.240625 0.119438
0 1.0 0.814063 0.873536 0.121875 0.117096
0 1.0 0.491406 0.868852 0.257812 0.201405
0 1.0 0.446094 0.860656 0.057813 0.128806
0 1.0 0.700781 0.846604 0.217188 0.269321
0 1.0 0.647656 0.858314 0.070312 0.231850
0 1.0 0.342969 0.847775 0.051562 0.131148
0 1.0 0.391406 0.881733 0.139063 0.096019
0 1.0 0.614062 0.826698 0.071875 0.201405
0 1.0 0.601562 0.870023 0.275000 0.152225
0 1.0 0.446875 0.913349 0.090625 0.154567
0 1.0 0.428125 0.916862 0.240625 0.142857
0 1.0 0.653906 0.921546 0.264062 0.133489
0 1.0 0.341406 0.919204 0.079687 0.156909
0 1.0 0.941406 0.920375 0.117188 0.159251
0 1.0 0.546875 0.916862 0.228125 0.166276
0 1.0 0.614844 0.871194 0.120313 0.243560
0 1.0 0.192969 0.872365 0.285938 0.255269
0 1.0 0.376563 0.884075 0.296875 0.222482
0 1.0 0.369531 0.919204 0.104688 0.119438
0 1.0 0.293750 0.913349 0.078125 0.173302
0 1.0 0.319531 0.929742 0.089063 0.088993
0 1.0 0.443750 0.820843 0.106250 0.283372
0 1.0 0.468750 0.812646 0.328125 0.140515
0 1.0 0.452344 0.820843 0.135937 0.110070
0 1.0 0.369531 0.818501 0.214062 0.105386
0 1.0 0.601562 0.804450 0.293750 0.138173
0 1.0 0.789844 0.817330 0.304688 0.154567
0 1.0 0.557031 0.831382 0.176563 0.262295
0 1.0 0.053906 0.814988 0.107813 0.088993
0 1.0 0.257031 0.823185 0.317188 0.124122
0 1.0 0.575000 0.817330 0.112500 0.121780
0 1.0 0.254688 0.826698 0.137500 0.131148
0 1.0 0.389844 0.845433 0.085938 0.163934
0 1.0 0.073438 0.870023 0.059375 0.152225
0 1.0 0.116406 0.878220 0.101562 0.121780
0 1.0 0.089063 0.871194 0.168750 0.210773
0 1.0 0.024219 0.911007 0.042188 0.135831
0 1.0 0.040625 0.878220 0.062500 0.088993
0 1.0 0.300781 0.845433 0.048438 0.126464
0 1.0 0.276562 0.880562 0.225000 0.107728
0 1.0 0.300000 0.852459 0.096875 0.201405
0 1.0 0.314063 0.884075 0.031250 0.058548
0 1.0 0.572656 0.870023 0.101562 0.138173
0 1.0 0.185938 0.864169 0.078125 0.173302
0 1.0 0.963281 0.848946 0.060937 0.199063
0 1.0 0.924219 0.816159 0.151562 0.114754
0 1.0 0.242188 0.860656 0.065625 0.147541
0 1.0 0.777344 0.824356 0.132812 0.107728
0 1.0 0.818750 0.836066 0.078125 0.103044
0 1.0 0.817969 0.182670 0.317188 0.149883
0 1.0 0.816406 0.201405 0.123438 0.248244
0 1.0 0.960938 0.208431 0.062500 0.224824
0 1.0 0.932031 0.180328 0.135937 0.117096
0 1.0 0.826562 0.182670 0.171875 0.117096
0 1.0 0.065625 0.237705 0.131250 0.100703
0 1.0 0.235937 0.247073 0.159375 0.147541
0 1.0 0.192969 0.285714 0.095312 0.234192
0 1.0 0.146875 0.237705 0.284375 0.138173
0 1.0 0.711719 0.079625 0.576562 0.159251
0 1.0 0.121875 0.250585 0.121875 0.126464
0 1.0 0.481250 0.072600 0.621875 0.145199
0 1.0 0.443750 0.236534 0.528125 0.266979
0 1.0 0.249219 0.262295 0.482812 0.252927
0 1.0 0.363281 0.181499 0.092188 0.100703
0 1.0 0.493750 0.186183 0.084375 0.105386
0 1.0 0.629687 0.180328 0.228125 0.135831
0 1.0 0.582812 0.218970 0.081250 0.227166
0 1.0 0.246094 0.964871 0.079687 0.060890
0 1.0 0.187500 0.949649 0.112500 0.100703
0 1.0 0.131250 0.942623 0.087500 0.114754
0 1.0 0.181250 0.962529 0.068750 0.056206
0 1.0 0.418750 0.956674 0.106250 0.086651
0 1.0 0.422656 0.961358 0.032813 0.039813
0 1.0 0.675000 0.949649 0.131250 0.100703
0 1.0 0.364844 0.959016 0.101562 0.081967
0 1.0 0.350781 0.963700 0.057813 0.049180
0 1.0 0.312500 0.962529 0.081250 0.074941
0 1.0 0.510938 0.930913 0.100000 0.138173
0 1.0 0.558594 0.960187 0.064062 0.056206
0 1.0 0.537500 0.954333 0.121875 0.091335
0 1.0 0.050781 0.961358 0.076563 0.063232
0 1.0 0.714063 0.889930 0.109375 0.215457
0 1.0 0.965625 0.933255 0.059375 0.133489
0 1.0 0.850000 0.913349 0.137500 0.112412
0 1.0 0.250781 0.954333 0.129688 0.091335
0 1.0 0.832812 0.960187 0.059375 0.051522
0 1.0 0.802344 0.960187 0.095312 0.065574
0 1.0 0.820312 0.937939 0.103125 0.124122
0 1.0 0.764062 0.925059 0.106250 0.149883
0 1.0 0.346875 0.243560 0.140625 0.145199
0 1.0 0.263281 0.257611 0.032813 0.070258
0 1.0 0.292187 0.250585 0.115625 0.192037
0 1.0 0.753125 0.962529 0.112500 0.070258
0 1.0 0.505469 0.963700 0.042188 0.053864
0 1.0 0.487500 0.960187 0.081250 0.079625
0 1.0 0.475000 0.960187 0.050000 0.051522
0 1.0 0.460156 0.957845 0.070312 0.070258
0 1.0 0.697656 0.961358 0.073438 0.063232
0 1.0 0.932813 0.963700 0.125000 0.072600
0 1.0 0.607812 0.954333 0.068750 0.077283
0 1.0 0.647656 0.961358 0.067187 0.063232
0 1.0 0.557031 0.915691 0.082812 0.168618
0 1.0 0.437500 0.266979 0.321875 0.430913
0 1.0 0.071875 0.448478 0.143750 0.611241
0 1.0 0.894531 0.348946 0.210938 0.384075
0 1.0 0.265625 0.550351 0.528125 0.234192
0 1.0 0.078125 0.717799 0.156250 0.517564
0 1.0 0.891406 0.839578 0.217188 0.320843
0 1.0 0.246094 0.110070 0.345313 0.220141