0 1.0 0.130045 0.828906 0.237668 0.323437
0 1.0 0.257848 0.779687 0.506726 0.303125
0 1.0 0.482063 0.809375 0.860987 0.359375
0 1.0 0.710762 0.600000 0.062780 0.062500
0 1.0 0.669283 0.604688 0.226457 0.284375
0 1.0 0.670404 0.610156 0.161435 0.179688
0 1.0 0.602018 0.632031 0.069507 0.198437
0 1.0 0.632287 0.596094 0.192825 0.082812
0 1.0 0.606502 0.635156 0.047085 0.120313
0 1.0 0.228700 0.604688 0.242152 0.087500
0 1.0 0.298206 0.630469 0.139013 0.170313
0 1.0 0.301570 0.610156 0.029148 0.042188
0 1.0 0.281390 0.627344 0.239910 0.260937
0 1.0 0.221973 0.654687 0.080717 0.140625
0 1.0 0.549327 0.599219 0.174888 0.223438
0 1.0 0.488789 0.598437 0.134529 0.340625
0 1.0 0.809417 0.615625 0.170404 0.215625
0 1.0 0.783632 0.596094 0.239910 0.095312
0 1.0 0.779148 0.637500 0.056054 0.128125
0 1.0 0.397982 0.616406 0.262332 0.307812
0 1.0 0.489910 0.605469 0.033632 0.054688
0 1.0 0.392377 0.642188 0.085202 0.206250
0 1.0 0.374439 0.600000 0.300448 0.115625
0 1.0 0.419283 0.605469 0.058296 0.076563
0 1.0 0.041480 0.678906 0.078475 0.092188
0 1.0 0.084081 0.633594 0.029148 0.035937
0 1.0 0.079596 0.614062 0.159193 0.256250
0 1.0 0.049327 0.649219 0.098655 0.101562
0 1.0 0.959641 0.608594 0.040359 0.135937
0 1.0 0.941704 0.550781 0.116592 0.104688
0 1.0 0.928251 0.551562 0.143498 0.265625
0 1.0 0.263453 0.607031 0.091928 0.076563
0 1.0 0.180493 0.682031 0.069507 0.110937
0 1.0 0.179372 0.657813 0.107623 0.115625
0 1.0 0.224215 0.613281 0.089686 0.067187
0 1.0 0.873318 0.583594 0.073991 0.220312
0 1.0 0.498879 0.597656 0.199552 0.095312
0 1.0 0.530269 0.598437 0.065022 0.078125
0 1.0 0.452915 0.619531 0.098655 0.254688
0 1.0 0.326233 0.611719 0.109865 0.095312
0 1.0 0.159193 0.614844 0.233184 0.082812
0 1.0 0.134529 0.678125 0.089686 0.096875
0 1.0 0.183857 0.625781 0.062780 0.054688
0 1.0 0.128924 0.640625 0.204036 0.156250
0 1.0 0.066143 0.704688 0.065022 0.090625
0 1.0 0.331839 0.676562 0.085202 0.140625
0 1.0 0.219731 0.675781 0.264574 0.095312
0 1.0 0.952915 0.607031 0.094170 0.095312
0 1.0 0.951794 0.642969 0.056054 0.132812
0 1.0 0.191704 0.675781 0.311659 0.239063
0 1.0 0.440583 0.674219 0.181614 0.098437
0 1.0 0.487668 0.685156 0.038117 0.060937
0 1.0 0.134529 0.728906 0.080717 0.123438
0 1.0 0.323991 0.691406 0.199552 0.182812
0 1.0 0.118834 0.693750 0.192825 0.146875
0 1.0 0.065022 0.710938 0.116592 0.134375
0 1.0 0.671525 0.629687 0.073991 0.181250
0 1.0 0.683857 0.632031 0.044843 0.104688
0 1.0 0.891256 0.610156 0.217489 0.120313
0 1.0 0.873318 0.650000 0.042601 0.112500
0 1.0 0.864350 0.647656 0.073991 0.201563
0 1.0 0.785874 0.611719 0.056054 0.054688
0 1.0 0.604260 0.608594 0.159193 0.182812
0 1.0 0.782511 0.550781 0.116592 0.095312
0 1.0 0.585202 0.599219 0.049327 0.060937
0 1.0 0.846413 0.621094 0.024664 0.039062
0 1.0 0.864350 0.604688 0.221973 0.296875
0 1.0 0.825112 0.639844 0.053812 0.132812
0 1.0 0.817265 0.608594 0.123318 0.095312
0 1.0 0.063901 0.683594 0.047085 0.048438
0 1.0 0.710762 0.625781 0.080717 0.198437
0 1.0 0.720852 0.635156 0.051570 0.120313
0 1.0 0.149103 0.686719 0.060538 0.057813
0 1.0 0.052691 0.592969 0.091928 0.098437
0 1.0 0.960762 0.552344 0.042601 0.151562
0 1.0 0.939462 0.500781 0.121076 0.107813
0 1.0 0.245516 0.553906 0.311659 0.135937
0 1.0 0.883408 0.577344 0.049327 0.126562
0 1.0 0.865471 0.496094 0.089686 0.282813
0 1.0 0.801570 0.505469 0.105381 0.095312
0 1.0 0.810538 0.507031 0.186099 0.151562
0 1.0 0.848655 0.480469 0.244395 0.295312
0 1.0 0.190583 0.546875 0.269058 0.246875
0 1.0 0.196188 0.571094 0.150224 0.142187
0 1.0 0.134529 0.632812 0.062780 0.100000
0 1.0 0.408072 0.559375 0.165919 0.203125
0 1.0 0.344170 0.550000 0.244395 0.118750
0 1.0 0.031390 0.660937 0.044843 0.084375
0 1.0 0.066143 0.558594 0.127803 0.073438
0 1.0 0.071749 0.568750 0.053812 0.065625
0 1.0 0.614350 0.536719 0.053812 0.157812
0 1.0 0.625561 0.502344 0.278027 0.145313
0 1.0 0.551570 0.546094 0.089686 0.195312
0 1.0 0.812780 0.496875 0.100897 0.231250
0 1.0 0.071749 0.660937 0.049327 0.078125
0 1.0 0.131166 0.558594 0.190583 0.101562
0 1.0 0.076233 0.639062 0.067265 0.075000
0 1.0 0.097534 0.592187 0.159193 0.134375
0 1.0 0.753363 0.468750 0.237668 0.300000
0 1.0 0.701794 0.499219 0.112108 0.273438
0 1.0 0.889013 0.550000 0.221973 0.125000
0 1.0 0.613229 0.577344 0.042601 0.101562
0 1.0 0.567265 0.541406 0.197309 0.123438
0 1.0 0.818386 0.557031 0.071749 0.157812
0 1.0 0.726457 0.544531 0.224215 0.148438
0 1.0 0.059417 0.620313 0.118834 0.056250
0 1.0 0.710762 0.554688 0.076233 0.156250
0 1.0 0.164798 0.628125 0.038117 0.046875
0 1.0 0.293722 0.582812 0.094170 0.159375
0 1.0 0.508969 0.539062 0.228700 0.184375
0 1.0 0.774664 0.560937 0.096413 0.237500
0 1.0 0.676009 0.559375 0.056054 0.121875
0 1.0 0.036996 0.765625 0.073991 0.225000
0 1.0 0.326233 0.767969 0.208520 0.154688
0 1.0 0.508969 0.675000 0.080717 0.090625
0 1.0 0.318386 0.767188 0.071749 0.084375
0 1.0 0.952915 0.737500 0.071749 0.190625
0 1.0 0.931614 0.709375 0.136771 0.125000
0 1.0 0.926009 0.724219 0.147982 0.285938
0 1.0 0.854260 0.708594 0.269058 0.126562
0 1.0 0.227578 0.781250 0.145740 0.259375
0 1.0 0.253363 0.756250 0.210762 0.143750
0 1.0 0.180493 0.787500 0.114350 0.246875
0 1.0 0.446188 0.770312 0.183857 0.159375
0 1.0 0.458520 0.784375 0.100897 0.078125
0 1.0 0.387892 0.771094 0.147982 0.201563
0 1.0 0.097534 0.749219 0.056054 0.095312
0 1.0 0.706278 0.718750 0.260090 0.256250
0 1.0 0.662556 0.710156 0.118834 0.264062
0 1.0 0.710762 0.709375 0.071749 0.071875
0 1.0 0.598655 0.719531 0.103139 0.245312
0 1.0 0.865471 0.725000 0.094170 0.293750
0 1.0 0.775785 0.710156 0.053812 0.070312
0 1.0 0.869955 0.730469 0.062780 0.173437
0 1.0 0.681614 0.705469 0.269058 0.098437
0 1.0 0.873318 0.710938 0.123318 0.121875
0 1.0 0.826233 0.722656 0.073991 0.164062
0 1.0 0.804933 0.726562 0.251121 0.256250
0 1.0 0.766816 0.710156 0.116592 0.264062
0 1.0 0.087444 0.743750 0.174888 0.125000
0 1.0 0.819507 0.719531 0.105381 0.264062
0 1.0 0.765695 0.757031 0.311659 0.126562
0 1.0 0.088565 0.812500 0.047085 0.078125
0 1.0 0.063901 0.805469 0.127803 0.257812
0 1.0 0.531390 0.776563 0.089686 0.068750
0 1.0 0.689462 0.761719 0.159193 0.107813
0 1.0 0.945067 0.757031 0.109865 0.098437
0 1.0 0.873318 0.757812 0.253363 0.128125
0 1.0 0.715247 0.770312 0.094170 0.190625
0 1.0 0.616592 0.763281 0.251121 0.092188
0 1.0 0.623318 0.767188 0.264574 0.256250
0 1.0 0.610987 0.767969 0.163677 0.164062
0 1.0 0.544843 0.780469 0.094170 0.201563
0 1.0 0.502242 0.772656 0.246637 0.089063
0 1.0 0.770179 0.757031 0.087444 0.079687
0 1.0 0.831839 0.763281 0.031390 0.064062
0 1.0 0.862108 0.785937 0.230942 0.334375
0 1.0 0.496637 0.800000 0.136771 0.209375
0 1.0 0.737668 0.675781 0.112108 0.089063
0 1.0 0.715247 0.662500 0.152466 0.178125
0 1.0 0.679372 0.667188 0.201794 0.096875
0 1.0 0.828475 0.714063 0.029148 0.059375
0 1.0 0.785874 0.676562 0.042601 0.056250
0 1.0 0.838565 0.689063 0.026906 0.043750
0 1.0 0.547085 0.653906 0.112108 0.264062
0 1.0 0.567265 0.669531 0.165919 0.085938
0 1.0 0.886771 0.669531 0.190583 0.160938
0 1.0 0.167040 0.717187 0.163677 0.134375
0 1.0 0.804933 0.671875 0.260090 0.112500
0 1.0 0.829596 0.687500 0.053812 0.128125
0 1.0 0.821749 0.681250 0.127803 0.106250
0 1.0 0.644619 0.672656 0.100897 0.089063
0 1.0 0.589686 0.675000 0.062780 0.075000
0 1.0 0.298206 0.691406 0.031390 0.042188
0 1.0 0.224215 0.695312 0.107623 0.156250
0 1.0 0.243274 0.684375 0.132287 0.084375
0 1.0 0.452915 0.667969 0.179372 0.207813
0 1.0 0.387892 0.685156 0.143498 0.198437
0 1.0 0.421525 0.683594 0.080717 0.085938
0 1.0 0.417040 0.732812 0.107623 0.084375
0 1.0 0.331839 0.744531 0.107623 0.151562
0 1.0 0.312780 0.723437 0.298206 0.103125
0 1.0 0.658072 0.712500 0.073991 0.062500
0 1.0 0.535874 0.717187 0.206278 0.078125
0 1.0 0.576233 0.722656 0.044843 0.048438
0 1.0 0.544843 0.698438 0.255605 0.265625
0 1.0 0.445067 0.723437 0.208520 0.090625
0 1.0 0.496637 0.727344 0.136771 0.164062
0 1.0 0.747758 0.706250 0.105381 0.093750
0 1.0 0.488789 0.731250 0.067265 0.062500
0 1.0 0.295964 0.732812 0.044843 0.050000
0 1.0 0.946188 0.662500 0.107623 0.093750
0 1.0 0.446188 0.753906 0.085202 0.123438
0 1.0 0.456278 0.739062 0.042601 0.050000
0 1.0 0.432735 0.724219 0.264574 0.251563
0 1.0 0.192825 0.364844 0.242152 0.301563
0 1.0 0.201794 0.359375 0.098655 0.137500
0 1.0 0.134529 0.400781 0.071749 0.207813
0 1.0 0.158072 0.345313 0.284753 0.128125
0 1.0 0.821749 0.332031 0.091928 0.254688
0 1.0 0.808296 0.292969 0.253363 0.126562
0 1.0 0.806054 0.286719 0.275785 0.301563
0 1.0 0.772422 0.328906 0.091928 0.204687
0 1.0 0.782511 0.314063 0.044843 0.081250
0 1.0 0.054933 0.338281 0.109865 0.089063
0 1.0 0.032511 0.356250 0.065022 0.231250
0 1.0 0.831839 0.317188 0.044843 0.103125
0 1.0 0.102018 0.350000 0.204036 0.290625
0 1.0 0.021300 0.350000 0.042601 0.159375
0 1.0 0.352018 0.352344 0.094170 0.145313
0 1.0 0.297085 0.382031 0.065022 0.176563
0 1.0 0.266816 0.344531 0.282511 0.123438
0 1.0 0.294843 0.374219 0.123318 0.245312
0 1.0 0.955157 0.296094 0.058296 0.129688
0 1.0 0.924888 0.291406 0.150224 0.157812
0 1.0 0.918161 0.289062 0.123318 0.400000
0 1.0 0.551570 0.292187 0.246637 0.143750
0 1.0 0.566143 0.303125 0.109865 0.146875
0 1.0 0.501121 0.342187 0.078475 0.178125
0 1.0 0.501121 0.289062 0.239910 0.290625
0 1.0 0.711883 0.332031 0.100897 0.245312
0 1.0 0.723094 0.311719 0.051570 0.101562
0 1.0 0.721973 0.299219 0.269058 0.157812
0 1.0 0.391256 0.260156 0.100897 0.273438
0 1.0 0.405830 0.286719 0.255605 0.101562
0 1.0 0.662556 0.325781 0.100897 0.242188
0 1.0 0.673767 0.311719 0.051570 0.101562
0 1.0 0.605381 0.313281 0.080717 0.198437
0 1.0 0.877803 0.295312 0.100897 0.334375
0 1.0 0.832960 0.292969 0.100897 0.082812
0 1.0 0.885650 0.278906 0.049327 0.132812
0 1.0 0.672646 0.297656 0.251121 0.279687
0 1.0 0.875561 0.334375 0.186099 0.221875
0 1.0 0.792601 0.344531 0.316143 0.129688
0 1.0 0.553812 0.360938 0.188341 0.206250
0 1.0 0.497758 0.422656 0.062780 0.114062
0 1.0 0.452915 0.384375 0.031390 0.053125
0 1.0 0.045964 0.389844 0.091928 0.117188
0 1.0 0.959641 0.363281 0.035874 0.114062
0 1.0 0.937220 0.343750 0.125561 0.109375
0 1.0 0.670404 0.389844 0.080717 0.160938
0 1.0 0.605381 0.390625 0.067265 0.184375
0 1.0 0.626682 0.343750 0.311659 0.128125
0 1.0 0.607623 0.382031 0.044843 0.107813
0 1.0 0.820628 0.345313 0.170404 0.106250
0 1.0 0.878924 0.359375 0.071749 0.200000
0 1.0 0.182735 0.403906 0.065022 0.167187
0 1.0 0.486547 0.348438 0.242152 0.112500
0 1.0 0.452915 0.385156 0.098655 0.117188
0 1.0 0.395740 0.357031 0.082960 0.229687
0 1.0 0.141256 0.357031 0.143498 0.176563
0 1.0 0.082960 0.388281 0.067265 0.204687
0 1.0 0.411435 0.346094 0.253363 0.154688
0 1.0 0.234305 0.379688 0.109865 0.215625
0 1.0 0.610987 0.350781 0.262332 0.285938
0 1.0 0.547085 0.397656 0.071749 0.157812
0 1.0 0.338565 0.336719 0.255605 0.307812
0 1.0 0.500000 0.254688 0.107623 0.306250
0 1.0 0.501121 0.232031 0.316143 0.129688
0 1.0 0.764574 0.238281 0.304933 0.135937
0 1.0 0.774664 0.240625 0.091928 0.190625
0 1.0 0.443946 0.221875 0.242152 0.312500
0 1.0 0.429372 0.225781 0.141256 0.123438
0 1.0 0.710762 0.232031 0.192825 0.223438
0 1.0 0.906951 0.237500 0.186099 0.165625
0 1.0 0.557175 0.235937 0.186099 0.221875
0 1.0 0.737668 0.530469 0.470852 0.939063
0 1.0 0.337444 0.673438 0.674888 0.653125
0 1.0 0.559417 0.260937 0.881166 0.471875
0 1.0 0.344170 0.232813 0.118834 0.315625
0 1.0 0.328475 0.339844 0.656951 0.679688
0 1.0 0.149103 0.032031 0.114350 0.064062
0 1.0 0.136771 0.064844 0.107623 0.129688
0 1.0 0.132287 0.045312 0.197309 0.090625
0 1.0 0.136771 0.092969 0.246637 0.185938
0 1.0 0.076233 0.065625 0.071749 0.128125
0 1.0 0.622197 0.236719 0.293722 0.126562
0 1.0 0.603139 0.246094 0.071749 0.182812
0 1.0 0.612108 0.235937 0.251121 0.306250
0 1.0 0.500000 0.517969 1.000000 0.757812
0 1.0 0.441704 0.242969 0.080717 0.201563
0 1.0 0.021300 0.060156 0.038117 0.092188
0 1.0 0.062780 0.027344 0.058296 0.054688
0 1.0 0.044843 0.038281 0.089686 0.076563
0 1.0 0.186099 0.317188 0.085202 0.190625
0 1.0 0.443946 0.328906 0.067265 0.151562
0 1.0 0.512332 0.294531 0.069507 0.064062
0 1.0 0.443946 0.303906 0.121076 0.185938
0 1.0 0.486547 0.312500 0.049327 0.084375
0 1.0 0.147982 0.295312 0.210762 0.115625
0 1.0 0.076233 0.307031 0.071749 0.204687
0 1.0 0.121076 0.295312 0.125561 0.078125
0 1.0 0.084081 0.296875 0.033632 0.084375
0 1.0 0.332960 0.284375 0.239910 0.131250
0 1.0 0.146861 0.310937 0.047085 0.103125
0 1.0 0.363229 0.288281 0.112108 0.076563
0 1.0 0.635650 0.290625 0.213004 0.112500
0 1.0 0.612108 0.301563 0.035874 0.081250
0 1.0 0.238789 0.290625 0.186099 0.203125
0 1.0 0.316143 0.297656 0.040359 0.079687
0 1.0 0.237668 0.310937 0.089686 0.209375
0 1.0 0.241031 0.301563 0.047085 0.100000
0 1.0 0.170404 0.291406 0.116592 0.073438
0 1.0 0.869955 0.219531 0.242152 0.323437
0 1.0 0.821749 0.235937 0.082960 0.212500
0 1.0 0.099776 0.299219 0.096413 0.132812
0 1.0 0.049327 0.291406 0.080717 0.057813
0 1.0 0.031390 0.283594 0.062780 0.154688
0 1.0 0.275785 0.295312 0.183857 0.084375
0 1.0 0.298206 0.290625 0.112108 0.228125
0 1.0 0.965247 0.264062 0.069507 0.256250
0 1.0 0.215247 0.312500 0.040359 0.071875
0 1.0 0.595291 0.450781 0.172646 0.104688
0 1.0 0.621076 0.510938 0.031390 0.090625
0 1.0 0.570628 0.453906 0.266816 0.157812
0 1.0 0.786996 0.442969 0.304933 0.135937
0 1.0 0.496637 0.482031 0.091928 0.135937
0 1.0 0.498879 0.453125 0.226457 0.125000
0 1.0 0.118834 0.502344 0.174888 0.104688
0 1.0 0.080717 0.544531 0.076233 0.142187
0 1.0 0.774664 0.478125 0.114350 0.259375
0 1.0 0.968610 0.446875 0.062780 0.078125
0 1.0 0.954036 0.482031 0.060538 0.135937
0 1.0 0.927130 0.449219 0.145740 0.142187
0 1.0 0.289238 0.484375 0.121076 0.196875
0 1.0 0.560538 0.497656 0.071749 0.120313
0 1.0 0.521300 0.453125 0.150224 0.081250
0 1.0 0.180493 0.509375 0.069507 0.175000
0 1.0 0.229821 0.446094 0.091928 0.073438
0 1.0 0.193946 0.449219 0.244395 0.145313
0 1.0 0.202915 0.484375 0.091928 0.140625
0 1.0 0.137892 0.496875 0.065022 0.212500
0 1.0 0.230942 0.456250 0.246637 0.318750
0 1.0 0.452915 0.500000 0.053812 0.100000
0 1.0 0.536996 0.451562 0.033632 0.046875
0 1.0 0.451794 0.476562 0.105381 0.128125
0 1.0 0.458520 0.458594 0.230942 0.239063
0 1.0 0.669283 0.490625 0.082960 0.209375
0 1.0 0.263453 0.445312 0.190583 0.090625
0 1.0 0.667040 0.447656 0.248879 0.170313
0 1.0 0.328475 0.511719 0.056054 0.145313
0 1.0 0.366592 0.447656 0.029148 0.045312
0 1.0 0.322870 0.482812 0.089686 0.156250
0 1.0 0.320628 0.446094 0.206278 0.126562
0 1.0 0.336323 0.458594 0.255605 0.285938
0 1.0 0.356502 0.477344 0.076233 0.114062
0 1.0 0.682735 0.444531 0.168161 0.107813
0 1.0 0.235426 0.505469 0.269058 0.117188
0 1.0 0.233184 0.804688 0.408072 0.156250
0 1.0 0.455157 0.529687 0.134529 0.259375
0 1.0 0.315022 0.539844 0.105381 0.179688
0 1.0 0.394619 0.558594 0.071749 0.214062
0 1.0 0.236547 0.546094 0.073991 0.160938
0 1.0 0.829596 0.447656 0.026906 0.045312
0 1.0 0.869955 0.464844 0.053812 0.148438
0 1.0 0.321749 0.557813 0.056054 0.140625
0 1.0 0.104260 0.496875 0.208520 0.318750
0 1.0 0.028027 0.558594 0.042601 0.135937
0 1.0 0.060538 0.501563 0.121076 0.078125
0 1.0 0.034753 0.532031 0.069507 0.167187
0 1.0 0.344170 0.502344 0.307175 0.129688
0 1.0 0.177130 0.450000 0.112108 0.275000
0 1.0 0.208520 0.389844 0.300448 0.132812
0 1.0 0.471973 0.414062 0.195067 0.115625
0 1.0 0.688341 0.392188 0.304933 0.131250
0 1.0 0.411435 0.400781 0.159193 0.170313
0 1.0 0.545964 0.400000 0.293722 0.125000
0 1.0 0.353139 0.395313 0.334081 0.125000
0 1.0 0.897982 0.393750 0.204036 0.121875
0 1.0 0.187220 0.447656 0.073991 0.067187
0 1.0 0.122197 0.447656 0.078475 0.073438
0 1.0 0.804933 0.392188 0.242152 0.125000
0 1.0 0.401345 0.479687 0.080717 0.137500
0 1.0 0.088565 0.484375 0.056054 0.153125
0 1.0 0.102018 0.448437 0.204036 0.131250
0 1.0 0.244395 0.487500 0.085202 0.165625
0 1.0 0.078475 0.445312 0.040359 0.050000
0 1.0 0.049327 0.443750 0.098655 0.100000
0 1.0 0.297085 0.482812 0.078475 0.125000
0 1.0 0.607623 0.454688 0.040359 0.100000
0 1.0 0.802691 0.408594 0.179372 0.239063
0 1.0 0.949552 0.403125 0.100897 0.156250
0 1.0 0.752242 0.664844 0.230942 0.557813
0 1.0 0.710762 0.653125 0.538117 0.218750
0 1.0 0.347534 0.809375 0.049327 0.062500
0 1.0 0.078475 0.142969 0.121076 0.273438
0 1.0 0.917040 0.113281 0.143498 0.226562
0 1.0 0.883408 0.077344 0.165919 0.117188
0 1.0 0.812780 0.121875 0.114350 0.243750
0 1.0 0.048206 0.125781 0.096413 0.117188
0 1.0 0.965247 0.115625 0.056054 0.134375
0 1.0 0.941704 0.076563 0.116592 0.109375
0 1.0 0.411435 0.659375 0.643498 0.200000
0 1.0 0.649103 0.549219 0.526906 0.229687
0 1.0 0.652466 0.549219 0.412556 0.467187
0 1.0 0.251121 0.128906 0.300448 0.145313
0 1.0 0.244395 0.135937 0.143498 0.237500
0 1.0 0.188341 0.155469 0.085202 0.195312
0 1.0 0.130045 0.149219 0.107623 0.245312
0 1.0 0.028027 0.152344 0.056054 0.229687
0 1.0 0.127803 0.692969 0.255605 0.404687
0 1.0 0.854260 0.554688 0.174888 0.718750
0 1.0 0.633408 0.778125 0.621076 0.231250
0 1.0 0.819507 0.111719 0.262332 0.223438
0 1.0 0.769058 0.103125 0.116592 0.206250
0 1.0 0.422646 0.825000 0.491031 0.228125
0 1.0 0.362108 0.807031 0.239910 0.360938
0 1.0 0.241031 0.796094 0.239910 0.367188
0 1.0 0.709641 0.094531 0.190583 0.189062
0 1.0 0.727578 0.335156 0.343049 0.510938
0 1.0 0.144619 0.453906 0.266816 0.554688
0 1.0 0.345291 0.133594 0.143498 0.223438
0 1.0 0.659193 0.142187 0.125561 0.284375
0 1.0 0.338565 0.449219 0.578475 0.214062
0 1.0 0.779148 0.350781 0.441704 0.223438
0 1.0 0.559417 0.354687 0.589686 0.231250
0 1.0 0.118834 0.179688 0.183857 0.109375
0 1.0 0.860987 0.123438 0.161435 0.112500
0 1.0 0.056054 0.182031 0.094170 0.073438
0 1.0 0.965247 0.171094 0.069507 0.204687
0 1.0 0.338565 0.350781 0.569507 0.214062
0 1.0 0.226457 0.353125 0.376682 0.484375
0 1.0 0.438341 0.549219 0.612108 0.223438
0 1.0 0.322870 0.578906 0.457399 0.426563
0 1.0 0.550448 0.121094 0.186099 0.210938
0 1.0 0.503363 0.138281 0.123318 0.276562
0 1.0 0.482063 0.129688 0.264574 0.259375
0 1.0 0.438341 0.124219 0.100897 0.201563
0 1.0 0.293722 0.156250 0.089686 0.187500
0 1.0 0.727578 0.442188 0.473094 0.234375
0 1.0 0.598655 0.140625 0.121076 0.281250
0 1.0 0.617713 0.124219 0.289238 0.135937
0 1.0 0.403587 0.127344 0.269058 0.154688
0 1.0 0.668161 0.428125 0.210762 0.475000
0 1.0 0.554933 0.032031 0.136771 0.064062
0 1.0 0.661435 0.064844 0.076233 0.129688
0 1.0 0.665919 0.032813 0.156951 0.065625
0 1.0 0.603139 0.058594 0.071749 0.117188
0 1.0 0.616592 0.030469 0.103139 0.060937
0 1.0 0.598655 0.043750 0.192825 0.087500
0 1.0 0.491031 0.044531 0.219731 0.089063
0 1.0 0.443946 0.060156 0.053812 0.098437
0 1.0 0.493274 0.028906 0.062780 0.057813
0 1.0 0.441704 0.065625 0.116592 0.131250
0 1.0 0.741031 0.880469 0.517937 0.239063
0 1.0 0.552691 0.062500 0.073991 0.125000
0 1.0 0.716368 0.053906 0.078475 0.107813
0 1.0 0.498879 0.499219 0.562780 0.517188
0 1.0 0.506726 0.066406 0.103139 0.132812
0 1.0 0.288117 0.041406 0.136771 0.082812
0 1.0 0.482063 0.231250 0.112108 0.118750
0 1.0 0.239910 0.082812 0.103139 0.165625
0 1.0 0.193946 0.055469 0.109865 0.110937
0 1.0 0.390135 0.085156 0.107623 0.170313
0 1.0 0.411435 0.033594 0.213004 0.067187
0 1.0 0.340807 0.075781 0.071749 0.145313
0 1.0 0.330717 0.026562 0.051570 0.053125
0 1.0 0.297085 0.072656 0.065022 0.132812
0 1.0 0.270179 0.081250 0.293722 0.131250
0 1.0 0.294843 0.116406 0.145740 0.217188
0 1.0 0.465247 0.915625 0.589686 0.168750
0 1.0 0.746637 0.818750 0.278027 0.312500
0 1.0 0.362108 0.078906 0.213004 0.126562
0 1.0 0.449552 0.078906 0.248879 0.139063
0 1.0 0.613229 0.076563 0.244395 0.131250
0 1.0 0.211883 0.921094 0.423767 0.157812
0 1.0 0.783632 0.032813 0.172646 0.065625
0 1.0 0.772422 0.053125 0.078475 0.106250
0 1.0 0.876682 0.063281 0.080717 0.126562
0 1.0 0.876682 0.032031 0.103139 0.064062
0 1.0 0.684978 0.142187 0.630045 0.284375
0 1.0 0.346413 0.121094 0.692825 0.242188
0 1.0 0.817265 0.061719 0.069507 0.123438
0 1.0 0.047085 0.083594 0.094170 0.104688
0 1.0 0.960762 0.065625 0.038117 0.087500
0 1.0 0.906951 0.045312 0.186099 0.090625
0 1.0 0.946188 0.034375 0.107623 0.068750
0 1.0 0.827354 0.922656 0.345291 0.154688
0 1.0 0.775785 0.767188 0.040359 0.065625
0 1.0 0.937220 0.125781 0.125561 0.110937
0 1.0 0.784753 0.807031 0.044843 0.067187
0 1.0 0.721973 0.771094 0.035874 0.057813
0 1.0 0.725336 0.867969 0.329596 0.132812
0 1.0 0.729821 0.814063 0.038117 0.059375
0 1.0 0.918161 0.875000 0.163677 0.125000
0 1.0 0.951794 0.879687 0.056054 0.103125
0 1.0 0.053812 0.922656 0.094170 0.110937
0 1.0 0.961883 0.860938 0.031390 0.068750
0 1.0 0.302691 0.902344 0.143498 0.148438
0 1.0 0.230942 0.892188 0.116592 0.209375
0 1.0 0.884529 0.814844 0.060538 0.107813
0 1.0 0.811659 0.881250 0.219731 0.134375
0 1.0 0.891256 0.864844 0.069507 0.123438
0 1.0 0.504484 0.845313 0.080717 0.112500
0 1.0 0.463004 0.866406 0.253363 0.157812
0 1.0 0.452915 0.767969 0.022422 0.035937
0 1.0 0.670404 0.776563 0.031390 0.050000
0 1.0 0.677130 0.821875 0.031390 0.053125
0 1.0 0.344170 0.764844 0.042601 0.070312
0 1.0 0.372197 0.858594 0.300448 0.126562
0 1.0 0.920404 0.852344 0.091928 0.198437
0 1.0 0.600897 0.796094 0.035874 0.051562
0 1.0 0.600897 0.832031 0.035874 0.054688
0 1.0 0.609865 0.861719 0.192825 0.173437
0 1.0 0.550448 0.829688 0.033632 0.059375
0 1.0 0.827354 0.782813 0.058296 0.103125
0 1.0 0.834081 0.824219 0.058296 0.098437
0 1.0 0.765695 0.884375 0.136771 0.231250
0 1.0 0.450673 0.848437 0.071749 0.106250
0 1.0 0.389013 0.867188 0.123318 0.206250
0 1.0 0.656951 0.897656 0.103139 0.204687
0 1.0 0.697309 0.911719 0.345291 0.129688
0 1.0 0.599776 0.907813 0.114350 0.165625
0 1.0 0.542601 0.898438 0.103139 0.203125
0 1.0 0.535874 0.908594 0.322870 0.120313
0 1.0 0.178251 0.868750 0.159193 0.215625
0 1.0 0.405830 0.907813 0.309417 0.137500
0 1.0 0.337444 0.864062 0.114350 0.193750
0 1.0 0.088565 0.920312 0.177130 0.134375
0 1.0 0.300448 0.868750 0.300448 0.221875
0 1.0 0.498879 0.885938 0.118834 0.215625
0 1.0 0.450673 0.840625 0.112108 0.184375
0 1.0 0.430493 0.808594 0.340807 0.126562
0 1.0 0.718610 0.812500 0.338565 0.140625
0 1.0 0.348655 0.780469 0.082960 0.101562
0 1.0 0.664798 0.812500 0.100897 0.237500
0 1.0 0.585202 0.814063 0.309417 0.121875
0 1.0 0.820628 0.827344 0.044843 0.067187
0 1.0 0.825112 0.810156 0.121076 0.245312
0 1.0 0.474215 0.814844 0.132287 0.104688
0 1.0 0.131166 0.815625 0.114350 0.143750
0 1.0 0.525785 0.820312 0.096413 0.081250
0 1.0 0.261211 0.807031 0.150224 0.120313
0 1.0 0.393498 0.796094 0.056054 0.089063
0 1.0 0.400224 0.803906 0.109865 0.117188
0 1.0 0.121076 0.861719 0.161435 0.195312
0 1.0 0.075112 0.866406 0.150224 0.114062
0 1.0 0.070628 0.866406 0.047085 0.085938
0 1.0 0.298206 0.799219 0.058296 0.095312
0 1.0 0.545964 0.857031 0.056054 0.082812
0 1.0 0.554933 0.866406 0.177130 0.120313
0 1.0 0.778027 0.804688 0.134529 0.212500
0 1.0 0.327354 0.864844 0.049327 0.070312
0 1.0 0.960762 0.830469 0.060538 0.232813
0 1.0 0.938341 0.814063 0.123318 0.103125
0 1.0 0.236547 0.817969 0.056054 0.114062
0 1.0 0.216368 0.867188 0.316143 0.143750
0 1.0 0.869955 0.813281 0.260090 0.132812
0 1.0 0.752242 0.817187 0.123318 0.090625
0 1.0 0.830717 0.178125 0.311659 0.137500
0 1.0 0.714126 0.905469 0.114350 0.179688
0 1.0 0.922646 0.183594 0.154709 0.160938
0 1.0 0.557175 0.179688 0.132287 0.175000
0 1.0 0.766816 0.176563 0.264574 0.318750
0 1.0 0.671525 0.181250 0.289238 0.131250
0 1.0 0.062780 0.233594 0.125561 0.089063
0 1.0 0.051570 0.230469 0.103139 0.185938
0 1.0 0.202915 0.230469 0.289238 0.120313
0 1.0 0.186099 0.246094 0.107623 0.176563
0 1.0 0.186099 0.233594 0.246637 0.285938
0 1.0 0.130045 0.254688 0.103139 0.278125
0 1.0 0.841928 0.181250 0.168161 0.106250
0 1.0 0.542601 0.079687 0.578475 0.159375
0 1.0 0.100897 0.232813 0.201794 0.134375
0 1.0 0.102018 0.224219 0.204036 0.310937
0 1.0 0.254484 0.178906 0.280269 0.135937
0 1.0 0.560538 0.246094 0.578475 0.223438
0 1.0 0.337444 0.246875 0.558296 0.218750
0 1.0 0.197309 0.186719 0.040359 0.073438
0 1.0 0.313901 0.183594 0.058296 0.095312
0 1.0 0.459641 0.178125 0.085202 0.125000
0 1.0 0.389013 0.174219 0.136771 0.273438
0 1.0 0.663677 0.171094 0.242152 0.301563
0 1.0 0.544843 0.184375 0.264574 0.125000
0 1.0 0.363229 0.178125 0.206278 0.121875
0 1.0 0.498879 0.949219 0.190583 0.101562
0 1.0 0.190583 0.949219 0.192825 0.101562
0 1.0 0.417040 0.952344 0.147982 0.092188
0 1.0 0.338565 0.929688 0.098655 0.140625
0 1.0 0.356502 0.957812 0.103139 0.059375
0 1.0 0.691704 0.961719 0.118834 0.070312
0 1.0 0.635650 0.961719 0.127803 0.064062
0 1.0 0.299327 0.949219 0.118834 0.101562
0 1.0 0.517937 0.957031 0.107623 0.060937
0 1.0 0.875561 0.900781 0.154709 0.198437
0 1.0 0.817265 0.890625 0.127803 0.218750
0 1.0 0.140135 0.965625 0.145740 0.068750
0 1.0 0.036996 0.902344 0.073991 0.195312
0 1.0 0.071749 0.964063 0.076233 0.056250
0 1.0 0.964126 0.927344 0.062780 0.145313
0 1.0 0.191704 0.919531 0.105381 0.160938
0 1.0 0.885650 0.954688 0.103139 0.062500
0 1.0 0.877803 0.950781 0.172646 0.092188
0 1.0 0.936099 0.959375 0.127803 0.081250
0 1.0 0.356502 0.223438 0.304933 0.128125
0 1.0 0.280269 0.231250 0.058296 0.068750
0 1.0 0.289238 0.223438 0.170404 0.200000
0 1.0 0.571749 0.956250 0.156951 0.087500
0 1.0 0.766816 0.931250 0.098655 0.137500
0 1.0 0.797085 0.956250 0.213004 0.087500
0 1.0 0.454036 0.929688 0.082960 0.140625
0 1.0 0.716368 0.950781 0.248879 0.098437
0 1.0 0.591928 0.960938 0.089686 0.053125
0 1.0 0.822870 0.549219 0.354260 0.467187
0 1.0 0.549327 0.653125 0.493274 0.450000
0 1.0 0.080717 0.565625 0.161435 0.621875
0 1.0 0.447309 0.481250 0.208520 0.537500
0 1.0 0.536996 0.554688 0.226457 0.518750
0 1.0 0.433857 0.847656 0.226457 0.304688
0 1.0 0.653587 0.855469 0.230942 0.289062
0 1.0 0.354260 0.210938 0.206278 0.421875
0 1.0 0.246637 0.222656 0.210762 0.445312
0 1.0 0.552691 0.344531 0.230942 0.557813
0 1.0 0.570628 0.446875 0.473094 0.271875
0 1.0 0.448430 0.246094 0.376682 0.457813
0 1.0 0.550448 0.864844 0.257848 0.270313
0 1.0 0.496637 0.785937 0.298206 0.428125
0 1.0 0.880045 0.346875 0.239910 0.693750
0 1.0 0.923767 0.837500 0.152466 0.325000