0 1.0 0.568269 0.689063 0.278846 0.431250
0 1.0 0.863462 0.441406 0.215385 0.176563
0 1.0 0.634615 0.615625 0.196154 0.218750
0 1.0 0.493269 0.446094 0.171154 0.182812
0 1.0 0.500000 0.508594 1.000000 0.520312
0 1.0 0.398077 0.442969 0.203846 0.189062
0 1.0 0.925962 0.576562 0.128846 0.421875
0 1.0 0.422115 0.610156 0.121154 0.120313
0 1.0 0.535577 0.639062 0.132692 0.278125
0 1.0 0.393269 0.592187 0.167308 0.234375
0 1.0 0.342308 0.554688 0.142308 0.321875
0 1.0 0.331731 0.610156 0.190385 0.117188
0 1.0 0.290385 0.572656 0.107692 0.254688
0 1.0 0.259615 0.615625 0.092308 0.100000
0 1.0 0.228846 0.560937 0.138462 0.284375
0 1.0 0.925962 0.544531 0.148077 0.154688
0 1.0 0.241346 0.610938 0.171154 0.137500
0 1.0 0.521154 0.604688 0.246154 0.128125
0 1.0 0.450962 0.597656 0.101923 0.254688
0 1.0 0.479808 0.613281 0.117308 0.117188
0 1.0 0.446154 0.567187 0.246154 0.318750
0 1.0 0.134615 0.585938 0.196154 0.231250
0 1.0 0.201923 0.650000 0.284615 0.128125
0 1.0 0.191346 0.631250 0.159615 0.253125
0 1.0 0.784615 0.609375 0.180769 0.165625
0 1.0 0.073077 0.644531 0.138462 0.357812
0 1.0 0.122115 0.654687 0.201923 0.109375
0 1.0 0.037500 0.660937 0.075000 0.300000
0 1.0 0.340385 0.657031 0.246154 0.126562
0 1.0 0.277885 0.658594 0.125000 0.110937
0 1.0 0.274038 0.640625 0.271154 0.243750
0 1.0 0.865385 0.591406 0.192308 0.248438
0 1.0 0.064423 0.656250 0.128846 0.087500
0 1.0 0.714423 0.610938 0.128846 0.250000
0 1.0 0.954808 0.604688 0.075000 0.293750
0 1.0 0.930769 0.603906 0.138462 0.107813
0 1.0 0.837500 0.616406 0.132692 0.114062
0 1.0 0.344231 0.544531 0.196154 0.110937
0 1.0 0.268269 0.541406 0.094231 0.095312
0 1.0 0.918269 0.488281 0.163462 0.098437
0 1.0 0.232692 0.541406 0.288462 0.139063
0 1.0 0.228846 0.516406 0.265385 0.323437
0 1.0 0.568269 0.575781 0.217308 0.251563
0 1.0 0.514423 0.544531 0.175000 0.092188
0 1.0 0.506731 0.546094 0.167308 0.248438
0 1.0 0.414423 0.542969 0.151923 0.126562
0 1.0 0.046154 0.518750 0.092308 0.209375
0 1.0 0.071154 0.535156 0.061538 0.060937
0 1.0 0.955769 0.505469 0.080769 0.214062
0 1.0 0.719231 0.478906 0.273077 0.139063
0 1.0 0.188462 0.529687 0.134615 0.240625
0 1.0 0.143269 0.537500 0.201923 0.090625
0 1.0 0.060577 0.601562 0.121154 0.071875
0 1.0 0.053846 0.591406 0.107692 0.185938
0 1.0 0.428846 0.662500 0.115385 0.118750
0 1.0 0.160577 0.607031 0.171154 0.132812
0 1.0 0.811538 0.538281 0.315385 0.139063
0 1.0 0.136538 0.607031 0.103846 0.095312
0 1.0 0.709615 0.551562 0.223077 0.143750
0 1.0 0.607692 0.564063 0.211538 0.134375
0 1.0 0.823077 0.539062 0.130769 0.084375
0 1.0 0.821154 0.542188 0.153846 0.306250
0 1.0 0.756731 0.554688 0.140385 0.293750
0 1.0 0.150962 0.774219 0.148077 0.129688
0 1.0 0.135577 0.728906 0.259615 0.323437
0 1.0 0.336538 0.746094 0.257692 0.279687
0 1.0 0.288462 0.728125 0.115385 0.275000
0 1.0 0.248077 0.767969 0.288462 0.132812
0 1.0 0.275962 0.772656 0.128846 0.107813
0 1.0 0.957692 0.735156 0.065385 0.198437
0 1.0 0.931731 0.710938 0.136538 0.115625
0 1.0 0.083654 0.750000 0.167308 0.218750
0 1.0 0.592308 0.759375 0.246154 0.115625
0 1.0 0.225962 0.728125 0.140385 0.321875
0 1.0 0.455769 0.731250 0.111538 0.293750
0 1.0 0.468269 0.766406 0.232692 0.126562
0 1.0 0.460577 0.750781 0.236538 0.342187
0 1.0 0.757692 0.696875 0.142308 0.259375
0 1.0 0.750000 0.707812 0.300000 0.128125
0 1.0 0.033654 0.756250 0.067308 0.225000
0 1.0 0.059615 0.768750 0.119231 0.084375
0 1.0 0.063462 0.774219 0.057692 0.073438
0 1.0 0.672115 0.693750 0.225000 0.306250
0 1.0 0.928846 0.707812 0.142308 0.265625
0 1.0 0.824038 0.703906 0.209615 0.223438
0 1.0 0.820192 0.774219 0.263462 0.157812
0 1.0 0.051923 0.810937 0.103846 0.146875
0 1.0 0.925962 0.764844 0.148077 0.114062
0 1.0 0.066346 0.816406 0.059615 0.073438
0 1.0 0.195192 0.796094 0.275000 0.295312
0 1.0 0.126923 0.811719 0.130769 0.273438
0 1.0 0.139423 0.807813 0.259615 0.115625
0 1.0 0.698077 0.731250 0.123077 0.275000
0 1.0 0.694231 0.771875 0.273077 0.146875
0 1.0 0.389423 0.739844 0.121154 0.310937
0 1.0 0.875962 0.736719 0.163462 0.220312
0 1.0 0.800962 0.645312 0.117308 0.115625
0 1.0 0.687500 0.645312 0.263462 0.128125
0 1.0 0.468269 0.239844 0.321154 0.117188
0 1.0 0.449038 0.287500 0.105769 0.106250
0 1.0 0.199038 0.704688 0.317308 0.131250
0 1.0 0.222115 0.707031 0.132692 0.120313
0 1.0 0.869231 0.644531 0.123077 0.223438
0 1.0 0.841346 0.667969 0.121154 0.114062
0 1.0 0.060577 0.710938 0.117308 0.078125
0 1.0 0.533654 0.650781 0.278846 0.132812
0 1.0 0.497115 0.245312 0.255769 0.290625
0 1.0 0.502885 0.246875 0.182692 0.175000
0 1.0 0.448077 0.307812 0.065385 0.100000
0 1.0 0.531731 0.653125 0.117308 0.118750
0 1.0 0.487500 0.657813 0.109615 0.115625
0 1.0 0.391346 0.282813 0.090385 0.146875
0 1.0 0.400962 0.238281 0.259615 0.276562
0 1.0 0.345192 0.314063 0.071154 0.103125
0 1.0 0.495192 0.710938 0.082692 0.103125
0 1.0 0.409615 0.703125 0.311538 0.131250
0 1.0 0.431731 0.707031 0.105769 0.104688
0 1.0 0.344231 0.693750 0.126923 0.293750
0 1.0 0.613462 0.684375 0.303846 0.159375
0 1.0 0.851923 0.707031 0.146154 0.110937
0 1.0 0.511538 0.707812 0.265385 0.121875
0 1.0 0.534615 0.718750 0.080769 0.096875
0 1.0 0.773077 0.708594 0.134615 0.117188
0 1.0 0.112500 0.711719 0.182692 0.104688
0 1.0 0.366346 0.703125 0.136538 0.115625
0 1.0 0.296154 0.702344 0.092308 0.092188
0 1.0 0.936538 0.660156 0.126923 0.101562
0 1.0 0.063462 0.715625 0.057692 0.075000
0 1.0 0.268269 0.702344 0.132692 0.126562
0 1.0 0.261538 0.354687 0.250000 0.096875
0 1.0 0.226923 0.410156 0.080769 0.082812
0 1.0 0.235577 0.376563 0.328846 0.218750
0 1.0 0.911538 0.297656 0.176923 0.101562
0 1.0 0.918269 0.339844 0.105769 0.110937
0 1.0 0.887500 0.314063 0.225000 0.265625
0 1.0 0.200000 0.382812 0.092308 0.081250
0 1.0 0.125962 0.425781 0.086538 0.114062
0 1.0 0.162500 0.356250 0.278846 0.106250
0 1.0 0.137500 0.384375 0.144231 0.115625
0 1.0 0.079808 0.434375 0.086538 0.109375
0 1.0 0.392308 0.416406 0.096154 0.135937
0 1.0 0.419231 0.355469 0.346154 0.107813
0 1.0 0.402885 0.383594 0.301923 0.229687
0 1.0 0.405769 0.384375 0.150000 0.118750
0 1.0 0.347115 0.413281 0.075000 0.098437
0 1.0 0.026923 0.413281 0.053846 0.076563
0 1.0 0.075000 0.356250 0.134615 0.065625
0 1.0 0.291346 0.416406 0.067308 0.085938
0 1.0 0.290385 0.394531 0.146154 0.114062
0 1.0 0.311538 0.386719 0.080769 0.073438
0 1.0 0.109615 0.371875 0.219231 0.225000
0 1.0 0.669231 0.310156 0.146154 0.145313
0 1.0 0.600000 0.339062 0.096154 0.159375
0 1.0 0.620192 0.294531 0.209615 0.098437
0 1.0 0.873077 0.372656 0.100000 0.104688
0 1.0 0.895192 0.300781 0.105769 0.070312
0 1.0 0.883654 0.357031 0.059615 0.051562
0 1.0 0.816346 0.360156 0.098077 0.123438
0 1.0 0.846154 0.295312 0.188462 0.090625
0 1.0 0.828846 0.346875 0.053846 0.059375
0 1.0 0.835577 0.300781 0.294231 0.139063
0 1.0 0.504808 0.296094 0.263462 0.104688
0 1.0 0.498077 0.370312 0.073077 0.078125
0 1.0 0.770192 0.345313 0.101923 0.143750
0 1.0 0.779808 0.326562 0.063462 0.075000
0 1.0 0.661538 0.310156 0.276923 0.270313
0 1.0 0.059615 0.381250 0.084615 0.084375
0 1.0 0.960577 0.363281 0.067308 0.107813
0 1.0 0.950000 0.314063 0.100000 0.112500
0 1.0 0.661538 0.371875 0.173077 0.140625
0 1.0 0.597115 0.415625 0.078846 0.121875
0 1.0 0.610577 0.348438 0.348077 0.115625
0 1.0 0.466346 0.393750 0.117308 0.103125
0 1.0 0.813462 0.422656 0.103846 0.129688
0 1.0 0.836538 0.353125 0.273077 0.115625
0 1.0 0.826923 0.381250 0.284615 0.246875
0 1.0 0.768269 0.425000 0.098077 0.121875
0 1.0 0.777885 0.381250 0.178846 0.134375
0 1.0 0.909615 0.389844 0.169231 0.198437
0 1.0 0.949038 0.392188 0.078846 0.112500
0 1.0 0.550000 0.419531 0.084615 0.132812
0 1.0 0.539423 0.369531 0.271154 0.254688
0 1.0 0.548077 0.382812 0.146154 0.134375
0 1.0 0.496154 0.412500 0.103846 0.125000
0 1.0 0.245192 0.377344 0.151923 0.107813
0 1.0 0.189423 0.419531 0.067308 0.092188
0 1.0 0.449038 0.400781 0.048077 0.073438
0 1.0 0.468269 0.357031 0.182692 0.082812
0 1.0 0.713462 0.419531 0.080769 0.114062
0 1.0 0.661538 0.407813 0.073077 0.087500
0 1.0 0.348077 0.389844 0.138462 0.120313
0 1.0 0.915385 0.242969 0.150000 0.182812
0 1.0 0.845192 0.242969 0.178846 0.098437
0 1.0 0.506731 0.325000 0.148077 0.121875
0 1.0 0.819231 0.250781 0.103846 0.173437
0 1.0 0.772115 0.246094 0.121154 0.220312
0 1.0 0.773077 0.242969 0.273077 0.157812
0 1.0 0.030769 0.385156 0.057692 0.079687
0 1.0 0.075000 0.303125 0.092308 0.050000
0 1.0 0.077885 0.298438 0.155769 0.234375
0 1.0 0.662500 0.248438 0.186538 0.215625
0 1.0 0.669231 0.235156 0.311538 0.126562
0 1.0 0.054808 0.333594 0.075000 0.073438
0 1.0 0.548077 0.276562 0.111538 0.246875
0 1.0 0.409615 0.734375 0.819231 0.528125
0 1.0 0.659615 0.328125 0.680769 0.656250
0 1.0 0.140385 0.043750 0.203846 0.087500
0 1.0 0.139423 0.089844 0.251923 0.179688
0 1.0 0.073077 0.072656 0.076923 0.139063
0 1.0 0.121154 0.028906 0.111538 0.057813
0 1.0 0.136538 0.061719 0.103846 0.123438
0 1.0 0.708654 0.249219 0.121154 0.310937
0 1.0 0.031731 0.058594 0.063462 0.117188
0 1.0 0.682692 0.685937 0.634615 0.628125
0 1.0 0.604808 0.270313 0.113462 0.275000
0 1.0 0.599038 0.248438 0.251923 0.312500
0 1.0 0.555769 0.349219 0.073077 0.082812
0 1.0 0.562500 0.323437 0.128846 0.118750
0 1.0 0.820192 0.239063 0.275000 0.312500
0 1.0 0.242308 0.325000 0.173077 0.106250
0 1.0 0.493269 0.307812 0.101923 0.065625
0 1.0 0.454808 0.367969 0.082692 0.067187
0 1.0 0.710577 0.335938 0.101923 0.165625
0 1.0 0.734615 0.295312 0.238462 0.103125
0 1.0 0.718269 0.321875 0.067308 0.090625
0 1.0 0.665385 0.329688 0.065385 0.090625
0 1.0 0.407692 0.326562 0.142308 0.103125
0 1.0 0.397115 0.306250 0.105769 0.062500
0 1.0 0.350000 0.362500 0.088462 0.059375
0 1.0 0.363462 0.313281 0.253846 0.107813
0 1.0 0.603846 0.326562 0.053846 0.078125
0 1.0 0.230769 0.378125 0.057692 0.046875
0 1.0 0.948077 0.261719 0.103846 0.132812
0 1.0 0.188462 0.357812 0.100000 0.068750
0 1.0 0.475000 0.335156 0.069231 0.064062
0 1.0 0.209615 0.339844 0.050000 0.051562
0 1.0 0.165385 0.302344 0.169231 0.079687
0 1.0 0.136538 0.380469 0.057692 0.045312
0 1.0 0.138462 0.335938 0.161538 0.103125
0 1.0 0.183654 0.307031 0.290385 0.242188
0 1.0 0.389423 0.375781 0.082692 0.085938
0 1.0 0.079808 0.375781 0.048077 0.042188
0 1.0 0.346154 0.312500 0.280769 0.234375
0 1.0 0.369231 0.335938 0.069231 0.059375
0 1.0 0.300000 0.362500 0.092308 0.059375
0 1.0 0.305769 0.318750 0.165385 0.081250
0 1.0 0.319231 0.342969 0.053846 0.048438
0 1.0 0.071154 0.495312 0.073077 0.075000
0 1.0 0.080769 0.471094 0.161538 0.242188
0 1.0 0.722115 0.482812 0.078846 0.087500
0 1.0 0.960577 0.437500 0.063462 0.131250
0 1.0 0.540385 0.468750 0.115385 0.187500
0 1.0 0.201923 0.484375 0.303846 0.162500
0 1.0 0.146154 0.491406 0.180769 0.110937
0 1.0 0.603846 0.445312 0.253846 0.168750
0 1.0 0.281731 0.437500 0.328846 0.171875
0 1.0 0.446154 0.440625 0.084615 0.137500
0 1.0 0.604808 0.476562 0.109615 0.137500
0 1.0 0.660577 0.496875 0.113462 0.171875
0 1.0 0.664423 0.494531 0.290385 0.229687
0 1.0 0.266346 0.477344 0.148077 0.123438
0 1.0 0.570192 0.489844 0.217308 0.104688
0 1.0 0.790385 0.468750 0.292308 0.221875
0 1.0 0.715385 0.511719 0.138462 0.207813
0 1.0 0.353846 0.481250 0.215385 0.134375
0 1.0 0.291346 0.484375 0.163462 0.240625
0 1.0 0.448077 0.480469 0.126923 0.223438
0 1.0 0.186538 0.442188 0.138462 0.165625
0 1.0 0.468269 0.405469 0.278846 0.145313
0 1.0 0.725000 0.415625 0.315385 0.143750
0 1.0 0.668269 0.460156 0.082692 0.095312
0 1.0 0.227885 0.450000 0.109615 0.143750
0 1.0 0.087500 0.396875 0.136538 0.081250
0 1.0 0.045192 0.453125 0.086538 0.112500
0 1.0 0.782692 0.457031 0.096154 0.110937
0 1.0 0.100962 0.442188 0.055769 0.068750
0 1.0 0.793269 0.653125 0.413462 0.234375
0 1.0 0.709615 0.627344 0.403846 0.432812
0 1.0 0.500000 0.161719 0.130769 0.323437
0 1.0 0.508654 0.122656 0.305769 0.139063
0 1.0 0.355769 0.656250 0.434615 0.459375
0 1.0 0.445192 0.155469 0.109615 0.279687
0 1.0 0.394231 0.155469 0.126923 0.310937
0 1.0 0.414423 0.122656 0.205769 0.154688
0 1.0 0.549038 0.553125 0.567308 0.234375
0 1.0 0.281731 0.525781 0.548077 0.267188
0 1.0 0.820192 0.125000 0.190385 0.231250
0 1.0 0.765385 0.152344 0.126923 0.304688
0 1.0 0.480769 0.646094 0.500000 0.276562
0 1.0 0.661538 0.143750 0.126923 0.250000
0 1.0 0.661538 0.121875 0.257692 0.162500
0 1.0 0.601923 0.153906 0.123077 0.307812
0 1.0 0.550000 0.157031 0.126923 0.314063
0 1.0 0.075962 0.163281 0.125000 0.326562
0 1.0 0.036538 0.161719 0.073077 0.279687
0 1.0 0.073077 0.125000 0.146154 0.096875
0 1.0 0.965385 0.128125 0.057692 0.159375
0 1.0 0.232692 0.147656 0.146154 0.295312
0 1.0 0.227885 0.120313 0.248077 0.168750
0 1.0 0.184615 0.161719 0.123077 0.317188
0 1.0 0.933654 0.076563 0.132692 0.109375
0 1.0 0.920192 0.109375 0.159615 0.218750
0 1.0 0.860577 0.075000 0.201923 0.121875
0 1.0 0.723077 0.747656 0.457692 0.235937
0 1.0 0.343269 0.152344 0.121154 0.304688
0 1.0 0.291346 0.153125 0.117308 0.300000
0 1.0 0.278846 0.127344 0.123077 0.114062
0 1.0 0.128846 0.157031 0.130769 0.314063
0 1.0 0.931731 0.125781 0.136538 0.104688
0 1.0 0.149038 0.464844 0.248077 0.382812
0 1.0 0.777885 0.123438 0.309615 0.137500
0 1.0 0.454808 0.382812 0.771154 0.165625
0 1.0 0.423077 0.438281 0.596154 0.204687
0 1.0 0.353846 0.491406 0.230769 0.354687
0 1.0 0.063462 0.181250 0.126923 0.081250
0 1.0 0.571154 0.382031 0.569231 0.298438
0 1.0 0.138462 0.178125 0.257692 0.171875
0 1.0 0.712500 0.141406 0.136538 0.273438
0 1.0 0.670192 0.460156 0.501923 0.298438
0 1.0 0.877885 0.157031 0.136538 0.314063
0 1.0 0.716346 0.055469 0.155769 0.110937
0 1.0 0.659615 0.064844 0.076923 0.129688
0 1.0 0.670192 0.033594 0.198077 0.067187
0 1.0 0.816346 0.067969 0.082692 0.135937
0 1.0 0.829808 0.033594 0.205769 0.067187
0 1.0 0.765385 0.064844 0.084615 0.129688
0 1.0 0.552885 0.064062 0.075000 0.128125
0 1.0 0.570192 0.032813 0.155769 0.065625
0 1.0 0.353846 0.875000 0.707692 0.250000
0 1.0 0.749038 0.878125 0.501923 0.243750
0 1.0 0.911538 0.032813 0.176923 0.065625
0 1.0 0.873077 0.063281 0.084615 0.126562
0 1.0 0.289423 0.323437 0.321154 0.646875
0 1.0 0.772115 0.075781 0.255769 0.151562
0 1.0 0.962500 0.056250 0.063462 0.093750
0 1.0 0.292308 0.064062 0.115385 0.128125
0 1.0 0.613462 0.055469 0.150000 0.110937
0 1.0 0.293269 0.075781 0.255769 0.151562
0 1.0 0.251923 0.032813 0.188462 0.065625
0 1.0 0.065385 0.026562 0.080769 0.053125
0 1.0 0.186538 0.076563 0.084615 0.153125
0 1.0 0.235577 0.064844 0.109615 0.129688
0 1.0 0.502885 0.064062 0.105769 0.128125
0 1.0 0.500962 0.045312 0.244231 0.090625
0 1.0 0.448077 0.059375 0.065385 0.115625
0 1.0 0.487500 0.030469 0.117308 0.060937
0 1.0 0.452885 0.075781 0.251923 0.151562
0 1.0 0.608654 0.075781 0.251923 0.151562
0 1.0 0.395192 0.075781 0.090385 0.151562
0 1.0 0.408654 0.033594 0.232692 0.067187
0 1.0 0.338462 0.030469 0.115385 0.060937
0 1.0 0.345192 0.064062 0.117308 0.128125
0 1.0 0.216346 0.921875 0.432692 0.156250
0 1.0 0.494231 0.319531 0.303846 0.639062
0 1.0 0.499038 0.324219 0.909615 0.351562
0 1.0 0.668269 0.146875 0.655769 0.293750
0 1.0 0.365385 0.128125 0.730769 0.256250
0 1.0 0.286538 0.517188 0.400000 0.528125
0 1.0 0.258654 0.304688 0.517308 0.303125
0 1.0 0.142308 0.296094 0.284615 0.592187
0 1.0 0.834615 0.923438 0.330769 0.153125
0 1.0 0.104808 0.894531 0.209615 0.210938
0 1.0 0.030769 0.927344 0.061538 0.145313
0 1.0 0.061538 0.921094 0.123077 0.076563
0 1.0 0.935577 0.864062 0.128846 0.100000
0 1.0 0.952885 0.839844 0.071154 0.110937
0 1.0 0.925962 0.860938 0.148077 0.246875
0 1.0 0.239423 0.909375 0.194231 0.181250
0 1.0 0.184615 0.889062 0.119231 0.221875
0 1.0 0.395192 0.889062 0.113462 0.221875
0 1.0 0.697115 0.862500 0.225000 0.100000
0 1.0 0.959615 0.826562 0.042308 0.084375
0 1.0 0.463462 0.847656 0.061538 0.104688
0 1.0 0.500000 0.872656 0.119231 0.110937
0 1.0 0.708654 0.811719 0.094231 0.114062
0 1.0 0.657692 0.816406 0.115385 0.139063
0 1.0 0.632692 0.837500 0.296154 0.234375
0 1.0 0.610577 0.823438 0.090385 0.156250
0 1.0 0.584615 0.865625 0.196154 0.153125
0 1.0 0.874038 0.817187 0.101923 0.178125
0 1.0 0.826923 0.859375 0.150000 0.090625
0 1.0 0.871154 0.849219 0.207692 0.185938
0 1.0 0.811538 0.814063 0.100000 0.171875
0 1.0 0.772115 0.795312 0.090385 0.140625
0 1.0 0.777885 0.839844 0.290385 0.242188
0 1.0 0.705769 0.883594 0.130769 0.232813
0 1.0 0.715385 0.914844 0.311538 0.107813
0 1.0 0.604808 0.912500 0.267308 0.118750
0 1.0 0.833654 0.918750 0.205769 0.096875
0 1.0 0.817308 0.880469 0.142308 0.239063
0 1.0 0.136538 0.948438 0.142308 0.103125
0 1.0 0.401923 0.916406 0.253846 0.132812
0 1.0 0.342308 0.883594 0.123077 0.232813
0 1.0 0.506731 0.842187 0.132692 0.225000
0 1.0 0.511538 0.913281 0.173077 0.089063
0 1.0 0.445192 0.898438 0.086538 0.168750
0 1.0 0.449038 0.871094 0.271154 0.242188
0 1.0 0.474038 0.820312 0.221154 0.131250
0 1.0 0.344231 0.807813 0.311538 0.131250
0 1.0 0.345192 0.800000 0.148077 0.271875
0 1.0 0.600000 0.761719 0.153846 0.385937
0 1.0 0.768269 0.786719 0.140385 0.220312
0 1.0 0.128846 0.810937 0.100000 0.103125
0 1.0 0.288462 0.812500 0.107692 0.100000
0 1.0 0.534615 0.777344 0.169231 0.379688
0 1.0 0.240385 0.804688 0.153846 0.128125
0 1.0 0.188462 0.792188 0.142308 0.240625
0 1.0 0.395192 0.827344 0.071154 0.151562
0 1.0 0.418269 0.874219 0.351923 0.126562
0 1.0 0.346154 0.807813 0.073077 0.162500
0 1.0 0.361538 0.871875 0.134615 0.106250
0 1.0 0.027885 0.857812 0.044231 0.109375
0 1.0 0.055769 0.870313 0.111538 0.068750
0 1.0 0.285577 0.875000 0.086538 0.078125
0 1.0 0.283654 0.841406 0.259615 0.279687
0 1.0 0.453846 0.814844 0.038462 0.073438
0 1.0 0.190385 0.834375 0.088462 0.153125
0 1.0 0.191346 0.868750 0.186538 0.128125
0 1.0 0.082692 0.846875 0.092308 0.150000
0 1.0 0.128846 0.875000 0.103846 0.093750
0 1.0 0.292308 0.860156 0.153846 0.176563
0 1.0 0.930769 0.807813 0.138462 0.096875
0 1.0 0.234615 0.823438 0.076923 0.181250
0 1.0 0.764423 0.181250 0.263462 0.171875
0 1.0 0.670192 0.181250 0.294231 0.131250
0 1.0 0.847115 0.183594 0.221154 0.154688
0 1.0 0.709615 0.195312 0.250000 0.334375
0 1.0 0.564423 0.183594 0.255769 0.126562
0 1.0 0.075000 0.276562 0.092308 0.168750
0 1.0 0.114423 0.246094 0.190385 0.126562
0 1.0 0.029808 0.298438 0.055769 0.125000
0 1.0 0.075000 0.240625 0.150000 0.084375
0 1.0 0.959615 0.226562 0.073077 0.128125
0 1.0 0.933654 0.185938 0.132692 0.143750
0 1.0 0.549038 0.075781 0.621154 0.151562
0 1.0 0.297115 0.186719 0.278846 0.117188
0 1.0 0.306731 0.190625 0.082692 0.125000
0 1.0 0.564423 0.253125 0.667308 0.231250
0 1.0 0.183654 0.187500 0.075000 0.125000
0 1.0 0.375962 0.183594 0.171154 0.101562
0 1.0 0.484615 0.185938 0.153846 0.100000
0 1.0 0.418269 0.181250 0.305769 0.134375
0 1.0 0.433654 0.962500 0.098077 0.056250
0 1.0 0.661538 0.925000 0.103846 0.150000
0 1.0 0.681731 0.957812 0.217308 0.078125
0 1.0 0.397115 0.950000 0.132692 0.100000
0 1.0 0.345192 0.946094 0.086538 0.107813
0 1.0 0.375962 0.963281 0.071154 0.051562
0 1.0 0.289423 0.940625 0.082692 0.118750
0 1.0 0.297115 0.962500 0.094231 0.059375
0 1.0 0.582692 0.967187 0.123077 0.062500
0 1.0 0.542308 0.940625 0.150000 0.118750
0 1.0 0.508654 0.969531 0.071154 0.045312
0 1.0 0.464423 0.959375 0.171154 0.081250
0 1.0 0.063462 0.965625 0.073077 0.053125
0 1.0 0.050962 0.955469 0.101923 0.089063
0 1.0 0.933654 0.917969 0.132692 0.095312
0 1.0 0.237500 0.939844 0.090385 0.120313
0 1.0 0.254808 0.962500 0.098077 0.062500
0 1.0 0.962500 0.911719 0.071154 0.176563
0 1.0 0.235577 0.954688 0.171154 0.090625
0 1.0 0.185577 0.943750 0.086538 0.112500
0 1.0 0.354808 0.262500 0.155769 0.134375
0 1.0 0.292308 0.310937 0.073077 0.100000
0 1.0 0.269231 0.243750 0.311538 0.109375
0 1.0 0.297115 0.289062 0.113462 0.103125
0 1.0 0.293269 0.253906 0.113462 0.085938
0 1.0 0.291346 0.238281 0.275000 0.260937
0 1.0 0.607692 0.947656 0.176923 0.104688
0 1.0 0.231731 0.276562 0.098077 0.125000
0 1.0 0.919231 0.960156 0.161538 0.079687
0 1.0 0.189423 0.310937 0.067308 0.106250
0 1.0 0.185577 0.263281 0.167308 0.151562
0 1.0 0.126923 0.282813 0.092308 0.153125
0 1.0 0.771154 0.933594 0.165385 0.132812
0 1.0 0.870192 0.917969 0.105769 0.164062
0 1.0 0.858654 0.963281 0.109615 0.070312
0 1.0 0.821154 0.957031 0.219231 0.085938
0 1.0 0.147115 0.673438 0.294231 0.653125
0 1.0 0.559615 0.804688 0.230769 0.187500
0 1.0 0.072115 0.459375 0.144231 0.518750
0 1.0 0.844231 0.653125 0.203846 0.509375
0 1.0 0.553846 0.921875 0.557692 0.156250
0 1.0 0.501923 0.572656 0.365385 0.526563
0 1.0 0.781731 0.302344 0.436538 0.351562
0 1.0 0.514423 0.778906 0.086538 0.085938
0 1.0 0.875000 0.817969 0.250000 0.364063
0 1.0 0.343269 0.160938 0.351923 0.321875
0 1.0 0.886538 0.458594 0.226923 0.332813
0 1.0 0.862500 0.316406 0.275000 0.632812
0 1.0 0.813462 0.508594 0.373077 0.526563
0 1.0 0.503846 0.794531 0.430769 0.410938