0 1.0 0.696875 0.226636 0.106250 0.453271
0 1.0 0.550781 0.500000 0.501563 1.000000
0 1.0 0.061719 0.608645 0.042188 0.063084
0 1.0 0.071094 0.601636 0.142187 0.268692
0 1.0 0.960156 0.551402 0.045312 0.182243
0 1.0 0.300781 0.610981 0.167187 0.245327
0 1.0 0.235156 0.613318 0.120313 0.306075
0 1.0 0.260937 0.599299 0.250000 0.114486
0 1.0 0.310156 0.605140 0.035937 0.070093
0 1.0 0.182031 0.619159 0.101562 0.289720
0 1.0 0.214062 0.601636 0.103125 0.109813
0 1.0 0.865625 0.566589 0.096875 0.469626
0 1.0 0.502344 0.596963 0.164062 0.273364
0 1.0 0.437500 0.613318 0.096875 0.422897
0 1.0 0.478125 0.600467 0.228125 0.107477
0 1.0 0.132031 0.613318 0.110937 0.310748
0 1.0 0.155469 0.601636 0.232813 0.109813
0 1.0 0.355469 0.615654 0.160938 0.292056
0 1.0 0.485156 0.605140 0.023438 0.065421
0 1.0 0.353906 0.594626 0.204687 0.109813
0 1.0 0.379688 0.601636 0.059375 0.100467
0 1.0 0.846094 0.550234 0.032813 0.053738
0 1.0 0.932813 0.544393 0.134375 0.144860
0 1.0 0.920312 0.577103 0.093750 0.429907
0 1.0 0.610938 0.528037 0.128125 0.406542
0 1.0 0.602344 0.543224 0.223438 0.175234
0 1.0 0.545312 0.570093 0.084375 0.327103
0 1.0 0.872656 0.540888 0.170313 0.254673
0 1.0 0.825000 0.573598 0.100000 0.469626
0 1.0 0.818750 0.549065 0.259375 0.116822
0 1.0 0.864844 0.551402 0.057813 0.079439
0 1.0 0.182031 0.605140 0.060937 0.084112
0 1.0 0.962500 0.544393 0.075000 0.088785
0 1.0 0.028125 0.639019 0.056250 0.212617
0 1.0 0.059375 0.601636 0.118750 0.081776
0 1.0 0.748437 0.545561 0.237500 0.380841
0 1.0 0.707031 0.551402 0.264062 0.130841
0 1.0 0.708594 0.533879 0.107813 0.278037
0 1.0 0.139063 0.606308 0.059375 0.081776
0 1.0 0.657031 0.605140 0.195312 0.102804
0 1.0 0.934375 0.602804 0.131250 0.135514
0 1.0 0.914844 0.598131 0.164062 0.252336
0 1.0 0.808594 0.605140 0.042188 0.056075
0 1.0 0.198437 0.658879 0.193750 0.158879
0 1.0 0.185938 0.664720 0.243750 0.301402
0 1.0 0.870313 0.609813 0.021875 0.051402
0 1.0 0.122656 0.657710 0.245312 0.119159
0 1.0 0.126562 0.661215 0.084375 0.102804
0 1.0 0.060937 0.657710 0.121875 0.091121
0 1.0 0.056250 0.663551 0.046875 0.070093
0 1.0 0.569531 0.600467 0.264062 0.126168
0 1.0 0.321875 0.607477 0.018750 0.051402
0 1.0 0.544531 0.600467 0.114062 0.121495
0 1.0 0.546875 0.587617 0.206250 0.394860
0 1.0 0.812500 0.596963 0.225000 0.105140
0 1.0 0.807813 0.622664 0.243750 0.362150
0 1.0 0.541406 0.607477 0.023438 0.060748
0 1.0 0.921875 0.488318 0.156250 0.112150
0 1.0 0.604688 0.492991 0.275000 0.135514
0 1.0 0.878125 0.481308 0.053125 0.074766
0 1.0 0.827344 0.490654 0.167187 0.098131
0 1.0 0.834375 0.503505 0.062500 0.250000
0 1.0 0.820312 0.481308 0.140625 0.214953
0 1.0 0.137500 0.549065 0.221875 0.308411
0 1.0 0.115625 0.551402 0.225000 0.116822
0 1.0 0.764844 0.496495 0.092188 0.292056
0 1.0 0.946094 0.505841 0.057813 0.161215
0 1.0 0.760156 0.485981 0.245312 0.158879
0 1.0 0.341406 0.491822 0.164062 0.264019
0 1.0 0.302344 0.514019 0.060937 0.228972
0 1.0 0.546094 0.498832 0.129688 0.250000
0 1.0 0.507812 0.522196 0.106250 0.273364
0 1.0 0.185938 0.515187 0.084375 0.268692
0 1.0 0.192188 0.498832 0.284375 0.133178
0 1.0 0.492969 0.495327 0.110937 0.149533
0 1.0 0.436719 0.538551 0.064062 0.264019
0 1.0 0.699219 0.483645 0.179688 0.266355
0 1.0 0.379688 0.497664 0.093750 0.121495
0 1.0 0.322656 0.554907 0.198437 0.123832
0 1.0 0.508594 0.546729 0.289062 0.130841
0 1.0 0.505469 0.552570 0.073438 0.114486
0 1.0 0.449219 0.587617 0.198437 0.348131
0 1.0 0.365625 0.563084 0.028125 0.079439
0 1.0 0.314063 0.567757 0.090625 0.163551
0 1.0 0.278906 0.558411 0.089063 0.126168
0 1.0 0.238281 0.551402 0.229687 0.299065
0 1.0 0.205469 0.553738 0.254688 0.126168
0 1.0 0.867188 0.488318 0.021875 0.046729
0 1.0 0.876563 0.510514 0.059375 0.240654
0 1.0 0.396094 0.582944 0.104688 0.408879
0 1.0 0.048438 0.553738 0.071875 0.088785
0 1.0 0.039844 0.568925 0.079687 0.231308
0 1.0 0.462500 0.559579 0.062500 0.109813
0 1.0 0.126562 0.771028 0.100000 0.107477
0 1.0 0.101562 0.767523 0.203125 0.306075
0 1.0 0.030469 0.783879 0.060937 0.231308
0 1.0 0.060156 0.762850 0.120313 0.086449
0 1.0 0.053125 0.769860 0.046875 0.067757
0 1.0 0.960938 0.734813 0.068750 0.212617
0 1.0 0.939063 0.713785 0.121875 0.105140
0 1.0 0.705469 0.706776 0.242188 0.352804
0 1.0 0.613281 0.710280 0.270313 0.135514
0 1.0 0.642969 0.700935 0.114062 0.303738
0 1.0 0.880469 0.718458 0.239063 0.147196
0 1.0 0.911719 0.693925 0.135937 0.303738
0 1.0 0.239844 0.751168 0.179688 0.221963
0 1.0 0.182812 0.759346 0.121875 0.327103
0 1.0 0.201563 0.761682 0.284375 0.126168
0 1.0 0.839844 0.709112 0.095312 0.259346
0 1.0 0.686719 0.720794 0.082812 0.105140
0 1.0 0.425000 0.714953 0.300000 0.135514
0 1.0 0.463281 0.718458 0.042188 0.091121
0 1.0 0.649219 0.718458 0.082812 0.114486
0 1.0 0.594531 0.690421 0.107813 0.399533
0 1.0 0.403906 0.671729 0.195312 0.343458
0 1.0 0.789844 0.724299 0.060937 0.079439
0 1.0 0.837500 0.735981 0.040625 0.079439
0 1.0 0.539844 0.704439 0.129688 0.362150
0 1.0 0.767969 0.709112 0.185938 0.254673
0 1.0 0.753125 0.713785 0.268750 0.123832
0 1.0 0.770312 0.719626 0.112500 0.112150
0 1.0 0.810156 0.771028 0.123438 0.121495
0 1.0 0.708594 0.750000 0.126562 0.327103
0 1.0 0.691406 0.766355 0.279687 0.135514
0 1.0 0.714844 0.771028 0.092188 0.116822
0 1.0 0.482812 0.773364 0.034375 0.088785
0 1.0 0.355469 0.709112 0.107813 0.278037
0 1.0 0.647656 0.767523 0.176563 0.240654
0 1.0 0.660156 0.773364 0.085938 0.121495
0 1.0 0.842969 0.768692 0.279687 0.144860
0 1.0 0.511719 0.766355 0.295312 0.140187
0 1.0 0.458594 0.742991 0.167187 0.261682
0 1.0 0.360156 0.765187 0.295312 0.137850
0 1.0 0.386719 0.767523 0.082812 0.105140
0 1.0 0.348438 0.740654 0.212500 0.275701
0 1.0 0.289062 0.718458 0.121875 0.282710
0 1.0 0.342187 0.769860 0.028125 0.063084
0 1.0 0.596875 0.775701 0.184375 0.182243
0 1.0 0.284375 0.761682 0.075000 0.102804
0 1.0 0.533594 0.781542 0.032813 0.081776
0 1.0 0.425000 0.654206 0.278125 0.130841
0 1.0 0.585156 0.665888 0.229687 0.130841
0 1.0 0.616406 0.671729 0.107813 0.128505
0 1.0 0.647656 0.616822 0.226562 0.411215
0 1.0 0.600000 0.608645 0.075000 0.292056
0 1.0 0.311719 0.662383 0.023438 0.067757
0 1.0 0.860156 0.672897 0.035937 0.065421
0 1.0 0.812500 0.664720 0.215625 0.161215
0 1.0 0.721875 0.661215 0.256250 0.121495
0 1.0 0.956250 0.599299 0.087500 0.086449
0 1.0 0.279687 0.661215 0.084375 0.116822
0 1.0 0.961719 0.619159 0.057813 0.205607
0 1.0 0.543750 0.660047 0.028125 0.077103
0 1.0 0.166406 0.661215 0.101562 0.116822
0 1.0 0.454688 0.655374 0.046875 0.109813
0 1.0 0.366406 0.711449 0.123438 0.133178
0 1.0 0.808594 0.660047 0.045312 0.063084
0 1.0 0.342969 0.721963 0.026562 0.060748
0 1.0 0.946875 0.655374 0.106250 0.095794
0 1.0 0.953906 0.664720 0.092188 0.254673
0 1.0 0.251563 0.710280 0.300000 0.135514
0 1.0 0.519531 0.713785 0.145313 0.147196
0 1.0 0.540625 0.723131 0.028125 0.067757
0 1.0 0.159375 0.717290 0.103125 0.107477
0 1.0 0.056250 0.711449 0.112500 0.081776
0 1.0 0.053906 0.716121 0.045312 0.063084
0 1.0 0.284375 0.716121 0.081250 0.105140
0 1.0 0.884375 0.658879 0.231250 0.130841
0 1.0 0.116406 0.711449 0.232813 0.114486
0 1.0 0.127344 0.716121 0.085938 0.095794
0 1.0 0.760938 0.240654 0.121875 0.462617
0 1.0 0.765625 0.288551 0.284375 0.133178
0 1.0 0.767188 0.239486 0.065625 0.235981
0 1.0 0.407031 0.300234 0.101562 0.366822
0 1.0 0.416406 0.289720 0.254688 0.126168
0 1.0 0.649219 0.290888 0.223438 0.161215
0 1.0 0.596875 0.232477 0.121875 0.399533
0 1.0 0.888281 0.289720 0.223438 0.121495
0 1.0 0.918750 0.253505 0.125000 0.460280
0 1.0 0.868750 0.246495 0.106250 0.492991
0 1.0 0.822656 0.282710 0.170313 0.285047
0 1.0 0.564063 0.272196 0.068750 0.207944
0 1.0 0.554688 0.288551 0.240625 0.161215
0 1.0 0.492188 0.281542 0.121875 0.436916
0 1.0 0.839063 0.289720 0.121875 0.088785
0 1.0 0.484375 0.278037 0.037500 0.107477
0 1.0 0.148438 0.310748 0.040625 0.088785
0 1.0 0.151562 0.290888 0.156250 0.105140
0 1.0 0.137500 0.289720 0.234375 0.280374
0 1.0 0.067969 0.322430 0.079687 0.196262
0 1.0 0.441406 0.296729 0.029687 0.060748
0 1.0 0.351562 0.331776 0.109375 0.233645
0 1.0 0.357812 0.304907 0.243750 0.334112
0 1.0 0.391406 0.302570 0.032813 0.077103
0 1.0 0.289844 0.359813 0.054688 0.154206
0 1.0 0.357812 0.299065 0.159375 0.084112
0 1.0 0.596875 0.234813 0.056250 0.193925
0 1.0 0.559375 0.275701 0.106250 0.373832
0 1.0 0.340625 0.332944 0.018750 0.044393
0 1.0 0.246875 0.350467 0.068750 0.172897
0 1.0 0.262500 0.352804 0.021875 0.056075
0 1.0 0.450000 0.297897 0.084375 0.357477
0 1.0 0.539844 0.293224 0.029687 0.058411
0 1.0 0.264062 0.289720 0.171875 0.098131
0 1.0 0.493750 0.350467 0.193750 0.238318
0 1.0 0.447656 0.348131 0.042188 0.205607
0 1.0 0.466406 0.348131 0.073438 0.158879
0 1.0 0.145313 0.355140 0.131250 0.168224
0 1.0 0.078125 0.391355 0.081250 0.212617
0 1.0 0.134375 0.345794 0.093750 0.079439
0 1.0 0.382031 0.345794 0.273438 0.130841
0 1.0 0.350781 0.410047 0.067187 0.250000
0 1.0 0.617188 0.348131 0.278125 0.135514
0 1.0 0.600000 0.323598 0.062500 0.207944
0 1.0 0.611719 0.288551 0.242188 0.408879
0 1.0 0.550000 0.371495 0.059375 0.182243
0 1.0 0.267188 0.343458 0.237500 0.126168
0 1.0 0.246094 0.392523 0.051562 0.130841
0 1.0 0.247656 0.348131 0.239063 0.280374
0 1.0 0.138281 0.384346 0.064062 0.147196
0 1.0 0.839844 0.260514 0.067187 0.264019
0 1.0 0.368750 0.365654 0.062500 0.128505
0 1.0 0.017188 0.365654 0.034375 0.119159
0 1.0 0.060156 0.343458 0.095312 0.074766
0 1.0 0.067969 0.343458 0.135937 0.266355
0 1.0 0.951562 0.294393 0.062500 0.280374
0 1.0 0.951562 0.289720 0.096875 0.107477
0 1.0 0.296094 0.410047 0.039062 0.142523
0 1.0 0.292969 0.379673 0.104688 0.240654
0 1.0 0.333594 0.376168 0.029687 0.074766
0 1.0 0.164844 0.345794 0.264062 0.121495
0 1.0 0.193750 0.399533 0.053125 0.154206
0 1.0 0.193750 0.366822 0.106250 0.191589
0 1.0 0.217188 0.370327 0.043750 0.091121
0 1.0 0.457813 0.250000 0.050000 0.088785
0 1.0 0.417969 0.247664 0.214062 0.308411
0 1.0 0.353906 0.314252 0.051562 0.161215
0 1.0 0.385156 0.242991 0.254688 0.126168
0 1.0 0.362500 0.250000 0.125000 0.177570
0 1.0 0.292187 0.320093 0.040625 0.121495
0 1.0 0.040625 0.238318 0.081250 0.112150
0 1.0 0.068750 0.228972 0.137500 0.280374
0 1.0 0.936719 0.175234 0.126562 0.116822
0 1.0 0.953906 0.200935 0.089063 0.359813
0 1.0 0.251563 0.238318 0.265625 0.126168
0 1.0 0.296094 0.289720 0.076563 0.140187
0 1.0 0.306250 0.264019 0.021875 0.051402
0 1.0 0.238281 0.279206 0.082812 0.217290
0 1.0 0.505469 0.234813 0.279687 0.137850
0 1.0 0.141406 0.245327 0.179688 0.154206
0 1.0 0.132812 0.247664 0.096875 0.285047
0 1.0 0.027344 0.258178 0.054688 0.259346
0 1.0 0.737500 0.470794 0.446875 0.941589
0 1.0 0.557031 0.257009 0.885938 0.471963
0 1.0 0.243750 0.276869 0.053125 0.119159
0 1.0 0.178125 0.045561 0.215625 0.091121
0 1.0 0.196094 0.054907 0.101562 0.109813
0 1.0 0.134375 0.071262 0.071875 0.142523
0 1.0 0.149219 0.030374 0.104688 0.060748
0 1.0 0.139844 0.087617 0.229687 0.175234
0 1.0 0.240625 0.242991 0.225000 0.285047
0 1.0 0.196875 0.301402 0.040625 0.121495
0 1.0 0.197656 0.276869 0.070312 0.142523
0 1.0 0.075781 0.067757 0.060937 0.126168
0 1.0 0.093750 0.038551 0.125000 0.077103
0 1.0 0.074219 0.308411 0.029687 0.065421
0 1.0 0.096094 0.293224 0.192188 0.128505
0 1.0 0.053125 0.292056 0.075000 0.065421
0 1.0 0.032813 0.303738 0.053125 0.130841
0 1.0 0.719531 0.232477 0.289062 0.128505
0 1.0 0.932813 0.234813 0.134375 0.119159
0 1.0 0.196094 0.335280 0.060937 0.156542
0 1.0 0.258594 0.300234 0.067187 0.063084
0 1.0 0.232031 0.324766 0.017188 0.042056
0 1.0 0.164844 0.288551 0.104688 0.067757
0 1.0 0.515625 0.240654 0.040625 0.093458
0 1.0 0.620313 0.223131 0.228125 0.184579
0 1.0 0.842969 0.232477 0.273438 0.133178
0 1.0 0.585156 0.232477 0.107813 0.137850
0 1.0 0.543750 0.478972 0.053125 0.172897
0 1.0 0.561719 0.443925 0.232813 0.182243
0 1.0 0.524219 0.443925 0.179688 0.116822
0 1.0 0.244531 0.459112 0.142187 0.207944
0 1.0 0.255469 0.450935 0.032813 0.056075
0 1.0 0.546094 0.447430 0.020313 0.049065
0 1.0 0.441406 0.454439 0.092188 0.287383
0 1.0 0.458594 0.428738 0.201563 0.301402
0 1.0 0.492969 0.477804 0.042188 0.114486
0 1.0 0.437500 0.443925 0.225000 0.121495
0 1.0 0.714844 0.446262 0.073438 0.205607
0 1.0 0.638281 0.441589 0.245312 0.140187
0 1.0 0.357031 0.446262 0.020313 0.042056
0 1.0 0.297656 0.440421 0.204687 0.142523
0 1.0 0.900781 0.404206 0.198437 0.144860
0 1.0 0.920312 0.401869 0.071875 0.186916
0 1.0 0.181250 0.455607 0.234375 0.317757
0 1.0 0.208594 0.473131 0.048438 0.105140
0 1.0 0.137500 0.487150 0.078125 0.235981
0 1.0 0.183594 0.448598 0.054688 0.070093
0 1.0 0.146094 0.447430 0.223438 0.156542
0 1.0 0.077344 0.483645 0.082812 0.252336
0 1.0 0.137500 0.445093 0.059375 0.067757
0 1.0 0.807813 0.369159 0.225000 0.280374
0 1.0 0.771875 0.397196 0.278125 0.140187
0 1.0 0.415625 0.447430 0.084375 0.156542
0 1.0 0.100781 0.455607 0.201563 0.289720
0 1.0 0.025781 0.474299 0.042188 0.144860
0 1.0 0.370312 0.464953 0.046875 0.116822
0 1.0 0.357031 0.447430 0.107813 0.086449
0 1.0 0.339062 0.478972 0.028125 0.088785
0 1.0 0.282813 0.440421 0.062500 0.067757
0 1.0 0.249219 0.481308 0.054688 0.172897
0 1.0 0.866406 0.431075 0.082812 0.310748
0 1.0 0.932813 0.447430 0.068750 0.123832
0 1.0 0.428125 0.496495 0.300000 0.133178
0 1.0 0.447656 0.496495 0.098437 0.128505
0 1.0 0.348438 0.523364 0.078125 0.322430
0 1.0 0.063281 0.498832 0.126562 0.095794
0 1.0 0.282813 0.498832 0.228125 0.114486
0 1.0 0.299219 0.502336 0.085938 0.112150
0 1.0 0.901563 0.447430 0.028125 0.058411
0 1.0 0.882031 0.446262 0.039062 0.149533
0 1.0 0.900781 0.447430 0.085938 0.105140
0 1.0 0.864844 0.427570 0.214062 0.257009
0 1.0 0.115625 0.496495 0.193750 0.109813
0 1.0 0.842187 0.443925 0.050000 0.172897
0 1.0 0.513281 0.481308 0.054688 0.168224
0 1.0 0.442969 0.470794 0.035937 0.165888
0 1.0 0.821094 0.446262 0.204687 0.116822
0 1.0 0.959375 0.461449 0.028125 0.086449
0 1.0 0.158594 0.392523 0.229687 0.116822
0 1.0 0.775000 0.404206 0.050000 0.158879
0 1.0 0.079687 0.392523 0.159375 0.107477
0 1.0 0.032813 0.427570 0.065625 0.186916
0 1.0 0.349219 0.393692 0.232813 0.161215
0 1.0 0.305469 0.407710 0.229687 0.329439
0 1.0 0.260937 0.389019 0.268750 0.128505
0 1.0 0.901563 0.351636 0.196875 0.123832
0 1.0 0.799219 0.349299 0.270313 0.128505
0 1.0 0.560156 0.350467 0.164062 0.210280
0 1.0 0.497656 0.375000 0.073438 0.273364
0 1.0 0.505469 0.348131 0.295312 0.126168
0 1.0 0.774219 0.328271 0.051562 0.207944
0 1.0 0.721875 0.349299 0.240625 0.165888
0 1.0 0.753125 0.285047 0.243750 0.387850
0 1.0 0.950000 0.380841 0.031250 0.135514
0 1.0 0.675000 0.304907 0.078125 0.268692
0 1.0 0.922656 0.341121 0.114062 0.210280
0 1.0 0.839063 0.352804 0.143750 0.102804
0 1.0 0.874219 0.338785 0.042188 0.186916
0 1.0 0.835938 0.377336 0.090625 0.310748
0 1.0 0.710938 0.327103 0.068750 0.242991
0 1.0 0.508594 0.399533 0.289062 0.126168
0 1.0 0.082031 0.446262 0.017188 0.037383
0 1.0 0.058594 0.460280 0.082812 0.135514
0 1.0 0.950000 0.405374 0.100000 0.114486
0 1.0 0.657813 0.401869 0.078125 0.219626
0 1.0 0.642969 0.399533 0.164062 0.242991
0 1.0 0.239063 0.443925 0.050000 0.144860
0 1.0 0.400781 0.397196 0.170313 0.233645
0 1.0 0.599219 0.432243 0.070312 0.200935
0 1.0 0.571094 0.133178 0.160938 0.257009
0 1.0 0.511719 0.121495 0.304688 0.140187
0 1.0 0.508594 0.163551 0.242188 0.327103
0 1.0 0.436719 0.193925 0.076563 0.294393
0 1.0 0.502344 0.130841 0.060937 0.102804
0 1.0 0.354687 0.650701 0.518750 0.235981
0 1.0 0.367188 0.601636 0.343750 0.483645
0 1.0 0.725000 0.545561 0.550000 0.221963
0 1.0 0.487500 0.125000 0.156250 0.109813
0 1.0 0.457031 0.139019 0.170313 0.235981
0 1.0 0.405469 0.171729 0.070312 0.254673
0 1.0 0.635938 0.122664 0.278125 0.151869
0 1.0 0.459375 0.540888 0.528125 0.231308
0 1.0 0.368750 0.507009 0.171875 0.588785
0 1.0 0.846094 0.501168 0.182812 0.679907
0 1.0 0.660937 0.154206 0.159375 0.303738
0 1.0 0.087500 0.129673 0.175000 0.226636
0 1.0 0.028906 0.162383 0.057813 0.254673
0 1.0 0.064062 0.126168 0.128125 0.093458
0 1.0 0.654687 0.753505 0.537500 0.231308
0 1.0 0.542188 0.690421 0.356250 0.418224
0 1.0 0.213281 0.128505 0.210938 0.163551
0 1.0 0.190625 0.168224 0.071875 0.224299
0 1.0 0.824219 0.095794 0.164062 0.191589
0 1.0 0.453906 0.752336 0.482812 0.228972
0 1.0 0.958594 0.100467 0.048438 0.168224
0 1.0 0.930469 0.078271 0.139063 0.133178
0 1.0 0.924219 0.130841 0.104688 0.261682
0 1.0 0.275781 0.140187 0.035937 0.065421
0 1.0 0.289062 0.137850 0.225000 0.275701
0 1.0 0.293750 0.134346 0.125000 0.179907
0 1.0 0.450000 0.128505 0.065625 0.102804
0 1.0 0.351562 0.179907 0.056250 0.200935
0 1.0 0.388281 0.126168 0.123438 0.098131
0 1.0 0.358594 0.125000 0.223438 0.161215
0 1.0 0.294531 0.179907 0.054688 0.182243
0 1.0 0.185938 0.146028 0.134375 0.273364
0 1.0 0.261719 0.752336 0.523438 0.219626
0 1.0 0.742188 0.654206 0.515625 0.238318
0 1.0 0.721875 0.352804 0.556250 0.233645
0 1.0 0.054688 0.182243 0.109375 0.084112
0 1.0 0.894531 0.117991 0.210938 0.175234
0 1.0 0.883594 0.120327 0.110937 0.105140
0 1.0 0.475781 0.356308 0.579688 0.221963
0 1.0 0.447656 0.373832 0.207813 0.677570
0 1.0 0.165625 0.182243 0.243750 0.182243
0 1.0 0.201563 0.197430 0.021875 0.053738
0 1.0 0.227344 0.350467 0.454688 0.205607
0 1.0 0.778125 0.244159 0.443750 0.235981
0 1.0 0.259375 0.380841 0.200000 0.579439
0 1.0 0.194531 0.223131 0.051562 0.161215
0 1.0 0.224219 0.189252 0.217188 0.121495
0 1.0 0.536719 0.461449 0.423438 0.292056
0 1.0 0.769531 0.447430 0.460938 0.207944
0 1.0 0.821094 0.169393 0.095312 0.338785
0 1.0 0.826562 0.156542 0.225000 0.313084
0 1.0 0.375000 0.452103 0.431250 0.282710
0 1.0 0.765625 0.123832 0.240625 0.191589
0 1.0 0.232813 0.551402 0.465625 0.214953
0 1.0 0.260156 0.526869 0.364063 0.502336
0 1.0 0.232813 0.450935 0.465625 0.210280
0 1.0 0.638281 0.419393 0.342187 0.623832
0 1.0 0.779687 0.051402 0.093750 0.102804
0 1.0 0.808594 0.042056 0.204687 0.084112
0 1.0 0.834375 0.056075 0.050000 0.112150
0 1.0 0.714844 0.085280 0.085938 0.170561
0 1.0 0.732031 0.039720 0.198437 0.079439
0 1.0 0.723437 0.053738 0.056250 0.107477
0 1.0 0.705469 0.078271 0.242188 0.156542
0 1.0 0.661719 0.068925 0.054688 0.137850
0 1.0 0.605469 0.087617 0.085938 0.175234
0 1.0 0.657813 0.032710 0.093750 0.065421
0 1.0 0.499219 0.879673 0.817187 0.240654
0 1.0 0.878125 0.058411 0.115625 0.116822
0 1.0 0.752344 0.125000 0.495312 0.250000
0 1.0 0.338281 0.028037 0.029687 0.042056
0 1.0 0.342187 0.061916 0.090625 0.123832
0 1.0 0.310156 0.038551 0.145313 0.077103
0 1.0 0.296094 0.067757 0.054688 0.135514
0 1.0 0.557031 0.063084 0.060937 0.107477
0 1.0 0.657031 0.491822 0.685937 0.413551
0 1.0 0.237500 0.084112 0.100000 0.168224
0 1.0 0.251563 0.032710 0.168750 0.065421
0 1.0 0.062500 0.026869 0.056250 0.053738
0 1.0 0.027344 0.058411 0.054688 0.107477
0 1.0 0.040625 0.035047 0.081250 0.070093
0 1.0 0.406250 0.072430 0.109375 0.144860
0 1.0 0.450000 0.032710 0.065625 0.065421
0 1.0 0.405469 0.085280 0.229687 0.170561
0 1.0 0.624219 0.032710 0.067187 0.060748
0 1.0 0.537500 0.031542 0.025000 0.044393
0 1.0 0.445312 0.075935 0.081250 0.133178
0 1.0 0.510156 0.035047 0.057813 0.070093
0 1.0 0.478906 0.051402 0.060937 0.084112
0 1.0 0.428125 0.033879 0.193750 0.067757
0 1.0 0.584375 0.051402 0.081250 0.102804
0 1.0 0.552344 0.031542 0.079687 0.063084
0 1.0 0.514844 0.071262 0.064062 0.123832
0 1.0 0.445312 0.093458 0.040625 0.107477
0 1.0 0.506250 0.150701 0.093750 0.301402
0 1.0 0.521094 0.073598 0.242188 0.123832
0 1.0 0.829688 0.846963 0.340625 0.207944
0 1.0 0.666406 0.107477 0.107813 0.200935
0 1.0 0.403125 0.134346 0.134375 0.268692
0 1.0 0.339062 0.115654 0.115625 0.231308
0 1.0 0.271875 0.846963 0.543750 0.198598
0 1.0 0.830469 0.098131 0.070312 0.182243
0 1.0 0.770312 0.101636 0.103125 0.203271
0 1.0 0.514062 0.129673 0.759375 0.259346
0 1.0 0.050781 0.081776 0.076563 0.088785
0 1.0 0.942187 0.067757 0.053125 0.130841
0 1.0 0.342969 0.329439 0.454688 0.565421
0 1.0 0.271875 0.922897 0.543750 0.154206
0 1.0 0.278125 0.087617 0.040625 0.063084
0 1.0 0.226562 0.073598 0.268750 0.133178
0 1.0 0.253906 0.123832 0.507812 0.247664
0 1.0 0.832812 0.920561 0.334375 0.158879
0 1.0 0.549219 0.924065 0.567187 0.151869
0 1.0 0.821875 0.804907 0.078125 0.156542
0 1.0 0.521094 0.846963 0.060937 0.151869
0 1.0 0.508594 0.831776 0.232813 0.224299
0 1.0 0.451562 0.788551 0.031250 0.081776
0 1.0 0.772656 0.875000 0.173437 0.170561
0 1.0 0.721094 0.842290 0.035937 0.072430
0 1.0 0.678906 0.871495 0.242188 0.107477
0 1.0 0.732031 0.875000 0.032813 0.067757
0 1.0 0.710156 0.843458 0.270313 0.238318
0 1.0 0.547656 0.870327 0.101562 0.109813
0 1.0 0.041406 0.924065 0.082812 0.091121
0 1.0 0.071875 0.896028 0.143750 0.207944
0 1.0 0.964063 0.858645 0.028125 0.063084
0 1.0 0.919531 0.862150 0.160938 0.116822
0 1.0 0.592969 0.789720 0.032813 0.079439
0 1.0 0.553906 0.866822 0.232813 0.135514
0 1.0 0.589844 0.828271 0.032813 0.077103
0 1.0 0.824219 0.864486 0.148438 0.107477
0 1.0 0.878906 0.821262 0.070312 0.109813
0 1.0 0.921094 0.827103 0.092188 0.177570
0 1.0 0.239063 0.850467 0.265625 0.266355
0 1.0 0.189062 0.842290 0.050000 0.133178
0 1.0 0.202344 0.867991 0.270313 0.119159
0 1.0 0.185156 0.849299 0.098437 0.198598
0 1.0 0.455469 0.815421 0.076563 0.144860
0 1.0 0.540625 0.875000 0.034375 0.072430
0 1.0 0.398438 0.804907 0.053125 0.147196
0 1.0 0.431250 0.867991 0.293750 0.128505
0 1.0 0.485938 0.870327 0.031250 0.067757
0 1.0 0.406250 0.857477 0.150000 0.172897
0 1.0 0.085938 0.862150 0.081250 0.168224
0 1.0 0.126562 0.872664 0.096875 0.109813
0 1.0 0.475781 0.862150 0.117188 0.140187
0 1.0 0.665625 0.811916 0.037500 0.077103
0 1.0 0.670312 0.844626 0.034375 0.072430
0 1.0 0.354687 0.804907 0.043750 0.114486
0 1.0 0.385156 0.866822 0.139063 0.088785
0 1.0 0.347656 0.848131 0.251563 0.238318
0 1.0 0.557031 0.820093 0.057813 0.149533
0 1.0 0.503906 0.885514 0.098437 0.228972
0 1.0 0.521094 0.910047 0.289062 0.109813
0 1.0 0.196094 0.919393 0.295312 0.123832
0 1.0 0.500000 0.908879 0.087500 0.088785
0 1.0 0.429688 0.910047 0.128125 0.114486
0 1.0 0.721094 0.917056 0.079687 0.147196
0 1.0 0.714844 0.914720 0.276562 0.137850
0 1.0 0.656250 0.891355 0.096875 0.212617
0 1.0 0.345313 0.886682 0.128125 0.226636
0 1.0 0.285938 0.892523 0.100000 0.214953
0 1.0 0.608594 0.898364 0.157812 0.156542
0 1.0 0.546875 0.884346 0.121875 0.207944
0 1.0 0.188281 0.913551 0.129688 0.163551
0 1.0 0.136719 0.898364 0.120313 0.203271
0 1.0 0.774219 0.855140 0.042188 0.084112
0 1.0 0.781250 0.877336 0.037500 0.072430
0 1.0 0.137500 0.885514 0.237500 0.228972
0 1.0 0.360156 0.911215 0.317188 0.116822
0 1.0 0.235156 0.886682 0.107813 0.226636
0 1.0 0.525781 0.824766 0.045312 0.079439
0 1.0 0.391406 0.782710 0.110937 0.285047
0 1.0 0.431250 0.813084 0.300000 0.130841
0 1.0 0.127344 0.815421 0.254688 0.126168
0 1.0 0.124219 0.822430 0.098437 0.112150
0 1.0 0.379688 0.815421 0.137500 0.116822
0 1.0 0.478125 0.816589 0.046875 0.086449
0 1.0 0.575781 0.803738 0.098437 0.214953
0 1.0 0.254688 0.813084 0.137500 0.126168
0 1.0 0.053906 0.821262 0.051562 0.072430
0 1.0 0.920312 0.765187 0.159375 0.123832
0 1.0 0.059375 0.815421 0.118750 0.088785
0 1.0 0.329688 0.821262 0.031250 0.058411
0 1.0 0.304688 0.808411 0.137500 0.182243
0 1.0 0.239063 0.809579 0.340625 0.128505
0 1.0 0.139063 0.851636 0.053125 0.147196
0 1.0 0.769531 0.822430 0.114062 0.228972
0 1.0 0.055469 0.869159 0.110937 0.084112
0 1.0 0.031250 0.875000 0.062500 0.151869
0 1.0 0.056250 0.875000 0.050000 0.072430
0 1.0 0.293750 0.814252 0.034375 0.086449
0 1.0 0.297656 0.827103 0.064062 0.126168
0 1.0 0.301563 0.876168 0.043750 0.060748
0 1.0 0.239063 0.838785 0.059375 0.168224
0 1.0 0.507812 0.759346 0.118750 0.322430
0 1.0 0.803125 0.814252 0.162500 0.123832
0 1.0 0.960938 0.842290 0.071875 0.184579
0 1.0 0.700000 0.817757 0.150000 0.130841
0 1.0 0.911719 0.807243 0.176563 0.114486
0 1.0 0.868750 0.804907 0.156250 0.254673
0 1.0 0.657031 0.174065 0.279687 0.147196
0 1.0 0.825000 0.077103 0.350000 0.154206
0 1.0 0.511719 0.177570 0.279687 0.144860
0 1.0 0.969531 0.959112 0.057813 0.081776
0 1.0 0.381250 0.072430 0.609375 0.144860
0 1.0 0.833594 0.175234 0.289062 0.135514
0 1.0 0.871875 0.915888 0.103125 0.168224
0 1.0 0.821094 0.960280 0.051562 0.056075
0 1.0 0.356250 0.257009 0.040625 0.135514
0 1.0 0.419531 0.185748 0.092188 0.095794
0 1.0 0.378906 0.193925 0.042188 0.088785
0 1.0 0.293750 0.245327 0.046875 0.140187
0 1.0 0.344531 0.189252 0.220312 0.116822
0 1.0 0.381250 0.245327 0.546875 0.228972
0 1.0 0.330469 0.204439 0.020313 0.049065
0 1.0 0.239844 0.192757 0.114062 0.245327
0 1.0 0.557813 0.220794 0.415625 0.357477
0 1.0 0.503125 0.183411 0.096875 0.100467
0 1.0 0.471094 0.200935 0.079687 0.168224
0 1.0 0.256250 0.957944 0.112500 0.084112
0 1.0 0.186719 0.942757 0.079687 0.114486
0 1.0 0.078125 0.941589 0.078125 0.116822
0 1.0 0.134375 0.964953 0.090625 0.065421
0 1.0 0.810937 0.915888 0.175000 0.112150
0 1.0 0.453125 0.962617 0.075000 0.056075
0 1.0 0.399219 0.912383 0.120313 0.175234
0 1.0 0.375781 0.963785 0.051562 0.049065
0 1.0 0.346875 0.954439 0.137500 0.091121
0 1.0 0.060156 0.966121 0.064062 0.053738
0 1.0 0.298438 0.964953 0.050000 0.065421
0 1.0 0.029687 0.950935 0.059375 0.098131
0 1.0 0.814063 0.878505 0.128125 0.242991
0 1.0 0.442188 0.891355 0.090625 0.212617
0 1.0 0.772656 0.915888 0.082812 0.158879
0 1.0 0.957812 0.921729 0.084375 0.156542
0 1.0 0.920312 0.880841 0.125000 0.238318
0 1.0 0.902344 0.950935 0.167187 0.098131
0 1.0 0.599219 0.928738 0.101562 0.142523
0 1.0 0.817187 0.922897 0.090625 0.154206
0 1.0 0.551562 0.919393 0.068750 0.161215
0 1.0 0.871094 0.171729 0.154688 0.114486
0 1.0 0.746875 0.960280 0.068750 0.051402
0 1.0 0.592187 0.959112 0.056250 0.053738
0 1.0 0.562500 0.950935 0.159375 0.098131
0 1.0 0.564844 0.960280 0.051562 0.051402
0 1.0 0.511719 0.939252 0.145313 0.121495
0 1.0 0.198437 0.952103 0.187500 0.095794
0 1.0 0.463281 0.947430 0.114062 0.105140
0 1.0 0.780469 0.952103 0.132812 0.095794
0 1.0 0.525000 0.963785 0.031250 0.039720
0 1.0 0.500781 0.959112 0.082812 0.077103
0 1.0 0.727344 0.957944 0.110937 0.084112
0 1.0 0.290625 0.943925 0.075000 0.112150
0 1.0 0.700781 0.960280 0.057813 0.051402
0 1.0 0.675000 0.954439 0.128125 0.091121
0 1.0 0.645312 0.959112 0.056250 0.053738
0 1.0 0.870313 0.748832 0.259375 0.394860
0 1.0 0.865625 0.328271 0.262500 0.656542
0 1.0 0.249219 0.726636 0.204687 0.518692
0 1.0 0.143750 0.728972 0.215625 0.542056
0 1.0 0.565625 0.740654 0.868750 0.471963
0 1.0 0.549219 0.783879 0.198437 0.432243
0 1.0 0.545312 0.825935 0.403125 0.348131
0 1.0 0.167187 0.255841 0.334375 0.450935
0 1.0 0.328125 0.667056 0.656250 0.665888
0 1.0 0.557813 0.089953 0.471875 0.179907
0 1.0 0.354687 0.179907 0.203125 0.359813
0 1.0 0.073438 0.554907 0.146875 0.609813
0 1.0 0.922656 0.470794 0.154688 0.600467
0 1.0 0.184375 0.515187 0.368750 0.829439
0 1.0 0.075781 0.282710 0.151562 0.565421
0 1.0 0.823438 0.657710 0.353125 0.684579