0 1.0 0.157031 0.179167 0.314063 0.345833
0 1.0 0.925000 0.556250 0.150000 0.158333
0 1.0 0.663281 0.572917 0.129688 0.245833
0 1.0 0.675781 0.554167 0.264062 0.145833
0 1.0 0.950781 0.584375 0.070312 0.189583
0 1.0 0.603906 0.569792 0.126562 0.260417
0 1.0 0.855469 0.530208 0.242188 0.335417
0 1.0 0.814844 0.550000 0.295312 0.145833
0 1.0 0.125000 0.612500 0.143750 0.283333
0 1.0 0.150781 0.607292 0.148438 0.139583
0 1.0 0.820312 0.557292 0.121875 0.222917
0 1.0 0.762500 0.566667 0.118750 0.200000
0 1.0 0.767188 0.548958 0.246875 0.252083
0 1.0 0.544531 0.554167 0.251563 0.308333
0 1.0 0.351562 0.546875 0.146875 0.314583
0 1.0 0.346875 0.553125 0.228125 0.189583
0 1.0 0.296094 0.567708 0.129688 0.306250
0 1.0 0.260937 0.548958 0.300000 0.147917
0 1.0 0.567187 0.548958 0.246875 0.135417
0 1.0 0.231250 0.572917 0.131250 0.283333
0 1.0 0.875000 0.541667 0.121875 0.262500
0 1.0 0.491406 0.554167 0.248438 0.191667
0 1.0 0.450000 0.551042 0.137500 0.306250
0 1.0 0.706250 0.566667 0.115625 0.204167
0 1.0 0.369531 0.597917 0.126562 0.137500
0 1.0 0.241406 0.598958 0.289062 0.147917
0 1.0 0.275781 0.603125 0.076563 0.106250
0 1.0 0.554688 0.609375 0.143750 0.260417
0 1.0 0.579688 0.608333 0.240625 0.133333
0 1.0 0.495312 0.604167 0.118750 0.275000
0 1.0 0.484375 0.603125 0.109375 0.127083
0 1.0 0.078125 0.603125 0.128125 0.089583
0 1.0 0.041406 0.604167 0.082812 0.262500
0 1.0 0.089063 0.607292 0.046875 0.072917
0 1.0 0.233594 0.597917 0.120313 0.133333
0 1.0 0.921875 0.548958 0.115625 0.393750
0 1.0 0.799219 0.550000 0.132812 0.108333
0 1.0 0.194531 0.616667 0.114062 0.270833
0 1.0 0.425781 0.600000 0.310937 0.141667
0 1.0 0.435156 0.598958 0.114062 0.127083
0 1.0 0.296094 0.496875 0.192188 0.227083
0 1.0 0.226562 0.498958 0.293750 0.122917
0 1.0 0.184375 0.508333 0.118750 0.245833
0 1.0 0.453906 0.500000 0.257812 0.183333
0 1.0 0.125781 0.496875 0.151562 0.272917
0 1.0 0.725000 0.504167 0.212500 0.120833
0 1.0 0.392188 0.498958 0.128125 0.347917
0 1.0 0.618750 0.512500 0.234375 0.312500
0 1.0 0.560937 0.496875 0.278125 0.135417
0 1.0 0.903906 0.446875 0.167187 0.227083
0 1.0 0.069531 0.508333 0.126562 0.316667
0 1.0 0.821875 0.468750 0.109375 0.212500
0 1.0 0.766406 0.487500 0.107813 0.229167
0 1.0 0.789844 0.447917 0.264062 0.116667
0 1.0 0.125000 0.498958 0.187500 0.118750
0 1.0 0.075781 0.497917 0.142187 0.095833
0 1.0 0.962500 0.495833 0.053125 0.175000
0 1.0 0.937500 0.442708 0.125000 0.110417
0 1.0 0.872656 0.495833 0.254688 0.137500
0 1.0 0.159375 0.553125 0.171875 0.114583
0 1.0 0.081250 0.548958 0.131250 0.093750
0 1.0 0.933594 0.498958 0.132812 0.114583
0 1.0 0.567187 0.701042 0.128125 0.118750
0 1.0 0.556250 0.702083 0.221875 0.266667
0 1.0 0.817187 0.740625 0.243750 0.322917
0 1.0 0.771094 0.706250 0.126562 0.333333
0 1.0 0.771875 0.703125 0.306250 0.139583
0 1.0 0.447656 0.721875 0.098437 0.227083
0 1.0 0.475000 0.710417 0.159375 0.108333
0 1.0 0.441406 0.695833 0.229687 0.291667
0 1.0 0.418750 0.708333 0.306250 0.141667
0 1.0 0.702344 0.690625 0.129688 0.335417
0 1.0 0.653906 0.703125 0.295312 0.127083
0 1.0 0.878906 0.706250 0.242188 0.141667
0 1.0 0.924219 0.711458 0.132812 0.327083
0 1.0 0.204687 0.711458 0.209375 0.127083
0 1.0 0.179688 0.721875 0.146875 0.314583
0 1.0 0.132031 0.731250 0.114062 0.300000
0 1.0 0.337500 0.709375 0.121875 0.322917
0 1.0 0.029687 0.712500 0.059375 0.245833
0 1.0 0.058594 0.710417 0.117188 0.095833
0 1.0 0.662500 0.698958 0.171875 0.227083
0 1.0 0.364063 0.714583 0.125000 0.125000
0 1.0 0.286719 0.712500 0.120313 0.333333
0 1.0 0.301563 0.719792 0.046875 0.081250
0 1.0 0.232031 0.706250 0.129688 0.366667
0 1.0 0.285938 0.764583 0.225000 0.337500
0 1.0 0.239063 0.767708 0.221875 0.118750
0 1.0 0.271875 0.773958 0.090625 0.110417
0 1.0 0.499219 0.757292 0.145313 0.272917
0 1.0 0.161719 0.779167 0.270313 0.341667
0 1.0 0.142969 0.764583 0.242188 0.137500
0 1.0 0.446875 0.765625 0.259375 0.131250
0 1.0 0.467187 0.767708 0.100000 0.114583
0 1.0 0.391406 0.758333 0.120313 0.316667
0 1.0 0.301563 0.776042 0.046875 0.077083
0 1.0 0.605469 0.748958 0.123438 0.310417
0 1.0 0.610938 0.765625 0.306250 0.131250
0 1.0 0.848437 0.708333 0.115625 0.100000
0 1.0 0.144531 0.773958 0.073438 0.102083
0 1.0 0.081250 0.756250 0.153125 0.345833
0 1.0 0.357031 0.764583 0.201563 0.112500
0 1.0 0.057813 0.760417 0.115625 0.087500
0 1.0 0.953906 0.747917 0.057813 0.220833
0 1.0 0.945312 0.708333 0.109375 0.120833
0 1.0 0.058594 0.766667 0.042188 0.066667
0 1.0 0.128906 0.659375 0.104688 0.122917
0 1.0 0.067187 0.661458 0.134375 0.097917
0 1.0 0.071875 0.663542 0.056250 0.085417
0 1.0 0.957812 0.654167 0.053125 0.212500
0 1.0 0.944531 0.604167 0.110937 0.108333
0 1.0 0.229687 0.653125 0.275000 0.135417
0 1.0 0.251563 0.651042 0.112500 0.131250
0 1.0 0.293750 0.661458 0.065625 0.106250
0 1.0 0.278906 0.640625 0.217188 0.318750
0 1.0 0.524219 0.661458 0.264062 0.127083
0 1.0 0.389062 0.648958 0.134375 0.277083
0 1.0 0.721875 0.595833 0.293750 0.137500
0 1.0 0.872656 0.604167 0.254688 0.129167
0 1.0 0.783594 0.608333 0.135937 0.100000
0 1.0 0.826562 0.613542 0.075000 0.093750
0 1.0 0.076563 0.643750 0.128125 0.316667
0 1.0 0.811719 0.607292 0.192188 0.222917
0 1.0 0.821094 0.660417 0.295312 0.137500
0 1.0 0.118750 0.710417 0.212500 0.125000
0 1.0 0.144531 0.715625 0.076563 0.110417
0 1.0 0.716406 0.650000 0.304688 0.133333
0 1.0 0.053125 0.714583 0.050000 0.079167
0 1.0 0.951562 0.657292 0.096875 0.114583
0 1.0 0.274219 0.714583 0.073438 0.100000
0 1.0 0.875000 0.666667 0.125000 0.300000
0 1.0 0.817187 0.663542 0.109375 0.097917
0 1.0 0.489844 0.666667 0.114062 0.120833
0 1.0 0.369531 0.662500 0.229687 0.120833
0 1.0 0.622656 0.653125 0.201563 0.147917
0 1.0 0.210156 0.286458 0.242188 0.260417
0 1.0 0.920312 0.217708 0.137500 0.314583
0 1.0 0.892969 0.240625 0.214062 0.160417
0 1.0 0.846875 0.211458 0.265625 0.335417
0 1.0 0.072656 0.247917 0.145313 0.366667
0 1.0 0.115625 0.292708 0.196875 0.122917
0 1.0 0.767969 0.232292 0.148438 0.306250
0 1.0 0.410156 0.279167 0.226562 0.262500
0 1.0 0.340625 0.304167 0.100000 0.220833
0 1.0 0.382031 0.285417 0.114062 0.095833
0 1.0 0.075000 0.288542 0.121875 0.085417
0 1.0 0.042969 0.272917 0.085938 0.262500
0 1.0 0.960156 0.229167 0.073438 0.275000
0 1.0 0.222656 0.293750 0.120313 0.220833
0 1.0 0.608594 0.236458 0.176563 0.252083
0 1.0 0.547656 0.247917 0.126562 0.250000
0 1.0 0.554688 0.234375 0.300000 0.143750
0 1.0 0.804688 0.240625 0.271875 0.181250
0 1.0 0.492188 0.226042 0.221875 0.289583
0 1.0 0.457813 0.247917 0.112500 0.220833
0 1.0 0.712500 0.219792 0.140625 0.327083
0 1.0 0.872656 0.289583 0.254688 0.133333
0 1.0 0.614062 0.292708 0.240625 0.131250
0 1.0 0.612500 0.255208 0.106250 0.181250
0 1.0 0.134375 0.281250 0.131250 0.212500
0 1.0 0.543750 0.291667 0.240625 0.175000
0 1.0 0.810937 0.267708 0.084375 0.168750
0 1.0 0.124219 0.347917 0.176563 0.141667
0 1.0 0.725000 0.286458 0.228125 0.143750
0 1.0 0.721875 0.260417 0.096875 0.183333
0 1.0 0.659375 0.257292 0.121875 0.264583
0 1.0 0.297656 0.283333 0.304688 0.133333
0 1.0 0.291406 0.283333 0.151562 0.250000
0 1.0 0.314063 0.288542 0.128125 0.114583
0 1.0 0.483594 0.287500 0.148438 0.116667
0 1.0 0.394531 0.297917 0.110937 0.233333
0 1.0 0.664844 0.260417 0.082812 0.162500
0 1.0 0.478125 0.186458 0.175000 0.122917
0 1.0 0.663281 0.152083 0.142187 0.304167
0 1.0 0.672656 0.176042 0.323437 0.139583
0 1.0 0.392188 0.162500 0.265625 0.295833
0 1.0 0.396094 0.183333 0.160938 0.208333
0 1.0 0.339062 0.167708 0.125000 0.264583
0 1.0 0.353125 0.184375 0.162500 0.114583
0 1.0 0.820312 0.152083 0.146875 0.295833
0 1.0 0.811719 0.169792 0.317188 0.139583
0 1.0 0.057031 0.039583 0.114062 0.079167
0 1.0 0.237500 0.500000 0.446875 1.000000
0 1.0 0.450000 0.741667 0.900000 0.470833
0 1.0 0.520312 0.248958 0.959375 0.447917
0 1.0 0.185938 0.072917 0.140625 0.145833
0 1.0 0.185938 0.051042 0.300000 0.102083
0 1.0 0.289062 0.158333 0.143750 0.287500
0 1.0 0.285156 0.181250 0.304688 0.145833
0 1.0 0.301563 0.176042 0.128125 0.127083
0 1.0 0.548438 0.182292 0.200000 0.222917
0 1.0 0.091406 0.068750 0.164062 0.133333
0 1.0 0.139844 0.066667 0.101562 0.125000
0 1.0 0.140625 0.031250 0.096875 0.058333
0 1.0 0.190625 0.216667 0.146875 0.300000
0 1.0 0.146094 0.240625 0.279687 0.156250
0 1.0 0.675781 0.236458 0.310937 0.143750
0 1.0 0.350781 0.240625 0.223438 0.127083
0 1.0 0.275000 0.205208 0.246875 0.289583
0 1.0 0.082031 0.235417 0.164062 0.116667
0 1.0 0.930469 0.175000 0.139063 0.112500
0 1.0 0.876563 0.167708 0.162500 0.110417
0 1.0 0.831250 0.395833 0.284375 0.137500
0 1.0 0.762500 0.387500 0.118750 0.279167
0 1.0 0.032031 0.456250 0.060937 0.225000
0 1.0 0.088281 0.442708 0.051562 0.064583
0 1.0 0.058594 0.444792 0.114062 0.114583
0 1.0 0.709375 0.409375 0.115625 0.260417
0 1.0 0.725781 0.392708 0.264062 0.110417
0 1.0 0.710156 0.377083 0.251563 0.300000
0 1.0 0.191406 0.458333 0.201563 0.158333
0 1.0 0.192188 0.458333 0.100000 0.129167
0 1.0 0.439063 0.391667 0.162500 0.258333
0 1.0 0.413281 0.391667 0.289062 0.137500
0 1.0 0.663281 0.398958 0.110937 0.235417
0 1.0 0.341406 0.412500 0.129688 0.254167
0 1.0 0.608594 0.384375 0.139063 0.339583
0 1.0 0.623437 0.388542 0.250000 0.122917
0 1.0 0.285938 0.406250 0.115625 0.212500
0 1.0 0.550781 0.383333 0.135937 0.291667
0 1.0 0.498437 0.381250 0.137500 0.333333
0 1.0 0.544531 0.438542 0.260937 0.306250
0 1.0 0.480469 0.445833 0.242188 0.129167
0 1.0 0.269531 0.447917 0.217188 0.116667
0 1.0 0.709375 0.494792 0.090625 0.160417
0 1.0 0.675781 0.450000 0.220312 0.116667
0 1.0 0.668750 0.471875 0.096875 0.189583
0 1.0 0.826562 0.440625 0.109375 0.097917
0 1.0 0.131250 0.425000 0.221875 0.316667
0 1.0 0.140625 0.444792 0.103125 0.093750
0 1.0 0.310156 0.442708 0.110937 0.089583
0 1.0 0.610938 0.459375 0.106250 0.218750
0 1.0 0.231250 0.473958 0.100000 0.160417
0 1.0 0.270313 0.453125 0.096875 0.081250
0 1.0 0.348438 0.334375 0.206250 0.285417
0 1.0 0.298438 0.404167 0.165625 0.116667
0 1.0 0.336719 0.352083 0.092188 0.108333
0 1.0 0.312500 0.359375 0.093750 0.147917
0 1.0 0.228125 0.362500 0.093750 0.204167
0 1.0 0.246094 0.340625 0.232813 0.122917
0 1.0 0.502344 0.334375 0.289062 0.135417
0 1.0 0.784375 0.339583 0.306250 0.133333
0 1.0 0.442188 0.322917 0.087500 0.162500
0 1.0 0.066406 0.341667 0.104688 0.112500
0 1.0 0.941406 0.287500 0.117188 0.108333
0 1.0 0.951562 0.267708 0.062500 0.152083
0 1.0 0.878125 0.268750 0.137500 0.300000
0 1.0 0.882812 0.255208 0.078125 0.139583
0 1.0 0.179688 0.330208 0.146875 0.222917
0 1.0 0.385156 0.344792 0.145313 0.106250
0 1.0 0.137500 0.391667 0.159375 0.112500
0 1.0 0.063281 0.396875 0.092188 0.097917
0 1.0 0.959375 0.338542 0.046875 0.147917
0 1.0 0.925781 0.341667 0.148438 0.112500
0 1.0 0.924219 0.336458 0.151562 0.268750
0 1.0 0.288281 0.375000 0.229687 0.270833
0 1.0 0.237500 0.413542 0.134375 0.152083
0 1.0 0.659375 0.336458 0.253125 0.152083
0 1.0 0.183594 0.401042 0.185938 0.160417
0 1.0 0.812500 0.330208 0.103125 0.189583
0 1.0 0.858594 0.329167 0.260937 0.312500
0 1.0 0.039844 0.137500 0.079687 0.229167
0 1.0 0.163281 0.651042 0.326562 0.218750
0 1.0 0.353906 0.648958 0.557813 0.227083
0 1.0 0.342187 0.631250 0.228125 0.516667
0 1.0 0.232031 0.648958 0.226562 0.577083
0 1.0 0.787500 0.648958 0.425000 0.218750
0 1.0 0.137500 0.109375 0.275000 0.160417
0 1.0 0.121875 0.146875 0.175000 0.268750
0 1.0 0.773438 0.564583 0.243750 0.579167
0 1.0 0.664844 0.544792 0.539062 0.235417
0 1.0 0.275781 0.103125 0.223438 0.152083
0 1.0 0.138281 0.554167 0.248438 0.704167
0 1.0 0.165625 0.551042 0.331250 0.214583
0 1.0 0.349219 0.546875 0.539062 0.227083
0 1.0 0.733594 0.766667 0.473438 0.250000
0 1.0 0.872656 0.101042 0.129688 0.168750
0 1.0 0.345313 0.764583 0.481250 0.283333
0 1.0 0.653125 0.733333 0.203125 0.466667
0 1.0 0.828906 0.094792 0.270313 0.189583
0 1.0 0.558594 0.767708 0.498437 0.272917
0 1.0 0.957031 0.121875 0.054688 0.168750
0 1.0 0.927344 0.091667 0.145313 0.183333
0 1.0 0.745313 0.322917 0.375000 0.520833
0 1.0 0.653906 0.343750 0.589063 0.225000
0 1.0 0.549219 0.341667 0.410938 0.500000
0 1.0 0.717187 0.103125 0.278125 0.185417
0 1.0 0.164062 0.351042 0.328125 0.218750
0 1.0 0.560937 0.116667 0.340625 0.162500
0 1.0 0.614062 0.136458 0.143750 0.264583
0 1.0 0.653125 0.234375 0.234375 0.468750
0 1.0 0.665625 0.235417 0.528125 0.262500
0 1.0 0.445312 0.227083 0.418750 0.412500
0 1.0 0.762500 0.118750 0.140625 0.233333
0 1.0 0.349219 0.348958 0.579688 0.222917
0 1.0 0.344531 0.331250 0.248438 0.525000
0 1.0 0.229687 0.292708 0.271875 0.543750
0 1.0 0.549219 0.454167 0.589063 0.225000
0 1.0 0.460938 0.126042 0.218750 0.222917
0 1.0 0.212500 0.454167 0.425000 0.225000
0 1.0 0.541406 0.527083 0.410938 0.420833
0 1.0 0.439063 0.501042 0.218750 0.518750
0 1.0 0.785156 0.451042 0.429688 0.218750
0 1.0 0.689844 0.679167 0.517188 0.537500
0 1.0 0.505469 0.047917 0.098437 0.095833
0 1.0 0.761719 0.060417 0.185938 0.120833
0 1.0 0.669531 0.043750 0.304688 0.087500
0 1.0 0.667969 0.059375 0.139063 0.118750
0 1.0 0.607812 0.053125 0.071875 0.106250
0 1.0 0.864844 0.044792 0.201563 0.089583
0 1.0 0.768750 0.069792 0.071875 0.139583
0 1.0 0.706250 0.498958 0.587500 0.497917
0 1.0 0.467969 0.498958 0.617188 0.877083
0 1.0 0.521094 0.038542 0.270313 0.077083
0 1.0 0.335938 0.064583 0.190625 0.129167
0 1.0 0.292969 0.087500 0.098437 0.154167
0 1.0 0.444531 0.066667 0.060937 0.091667
0 1.0 0.441406 0.052083 0.101562 0.104167
0 1.0 0.028125 0.068750 0.056250 0.087500
0 1.0 0.239844 0.093750 0.079687 0.141667
0 1.0 0.186719 0.097917 0.082812 0.145833
0 1.0 0.082031 0.027083 0.070312 0.054167
0 1.0 0.507031 0.875000 0.817187 0.250000
0 1.0 0.246875 0.879167 0.493750 0.241667
0 1.0 0.442188 0.073958 0.306250 0.147917
0 1.0 0.556250 0.047917 0.071875 0.095833
0 1.0 0.391406 0.072917 0.076563 0.133333
0 1.0 0.554688 0.105208 0.121875 0.210417
0 1.0 0.824219 0.846875 0.351562 0.202083
0 1.0 0.453125 0.108333 0.090625 0.175000
0 1.0 0.752344 0.802083 0.226562 0.395833
0 1.0 0.242188 0.281250 0.484375 0.333333
0 1.0 0.164062 0.922917 0.328125 0.154167
0 1.0 0.942187 0.078125 0.068750 0.135417
0 1.0 0.745313 0.115625 0.509375 0.231250
0 1.0 0.484375 0.116667 0.862500 0.233333
0 1.0 0.737500 0.917708 0.525000 0.164583
0 1.0 0.446094 0.856250 0.251563 0.229167
0 1.0 0.398438 0.844792 0.062500 0.143750
0 1.0 0.344531 0.873958 0.064062 0.147917
0 1.0 0.346875 0.876042 0.262500 0.168750
0 1.0 0.613281 0.854167 0.057813 0.120833
0 1.0 0.625000 0.865625 0.243750 0.172917
0 1.0 0.288281 0.877083 0.107813 0.170833
0 1.0 0.867969 0.866667 0.126562 0.245833
0 1.0 0.559375 0.833333 0.068750 0.154167
0 1.0 0.503125 0.832292 0.068750 0.147917
0 1.0 0.505469 0.865625 0.310937 0.135417
0 1.0 0.706250 0.860417 0.128125 0.250000
0 1.0 0.116406 0.877083 0.154688 0.166667
0 1.0 0.292187 0.867708 0.056250 0.118750
0 1.0 0.251563 0.876042 0.284375 0.139583
0 1.0 0.063281 0.870833 0.126562 0.195833
0 1.0 0.932031 0.814583 0.135937 0.116667
0 1.0 0.952344 0.835417 0.095312 0.229167
0 1.0 0.235937 0.864583 0.096875 0.225000
0 1.0 0.191406 0.852083 0.067187 0.175000
0 1.0 0.450000 0.817708 0.050000 0.102083
0 1.0 0.447656 0.834375 0.107813 0.164583
0 1.0 0.126562 0.838542 0.093750 0.202083
0 1.0 0.453906 0.905208 0.164062 0.172917
0 1.0 0.025000 0.904167 0.050000 0.154167
0 1.0 0.282031 0.917708 0.289062 0.131250
0 1.0 0.956250 0.869792 0.034375 0.081250
0 1.0 0.555469 0.882292 0.110937 0.235417
0 1.0 0.570312 0.912500 0.321875 0.125000
0 1.0 0.186719 0.894792 0.107813 0.210417
0 1.0 0.765625 0.873958 0.093750 0.197917
0 1.0 0.053906 0.921875 0.107813 0.106250
0 1.0 0.917969 0.871875 0.164062 0.127083
0 1.0 0.676562 0.842708 0.078125 0.156250
0 1.0 0.946094 0.882292 0.067187 0.118750
0 1.0 0.821094 0.858333 0.123438 0.220833
0 1.0 0.942187 0.764583 0.115625 0.116667
0 1.0 0.884375 0.766667 0.231250 0.137500
0 1.0 0.852344 0.762500 0.132812 0.100000
0 1.0 0.180469 0.817708 0.254688 0.135417
0 1.0 0.139844 0.828125 0.082812 0.114583
0 1.0 0.335938 0.825000 0.143750 0.279167
0 1.0 0.343750 0.819792 0.190625 0.139583
0 1.0 0.039844 0.809375 0.079687 0.264583
0 1.0 0.073438 0.826042 0.046875 0.072917
0 1.0 0.554688 0.746875 0.118750 0.322917
0 1.0 0.561719 0.769792 0.145313 0.122917
0 1.0 0.762500 0.763542 0.328125 0.135417
0 1.0 0.069531 0.817708 0.123438 0.089583
0 1.0 0.705469 0.773958 0.179688 0.235417
0 1.0 0.675781 0.818750 0.295312 0.137500
0 1.0 0.859375 0.832292 0.090625 0.118750
0 1.0 0.024219 0.847917 0.042188 0.137500
0 1.0 0.066406 0.876042 0.060937 0.089583
0 1.0 0.265625 0.828125 0.065625 0.093750
0 1.0 0.567187 0.818750 0.193750 0.133333
0 1.0 0.561719 0.816667 0.260937 0.270833
0 1.0 0.075781 0.177083 0.101562 0.087500
0 1.0 0.158594 0.173958 0.217188 0.156250
0 1.0 0.254688 0.079167 0.509375 0.154167
0 1.0 0.948438 0.947917 0.103125 0.104167
0 1.0 0.867188 0.961458 0.053125 0.047917
0 1.0 0.860156 0.953125 0.098437 0.068750
0 1.0 0.831250 0.900000 0.243750 0.200000
0 1.0 0.825781 0.941667 0.139063 0.116667
0 1.0 0.132031 0.932292 0.101562 0.135417
0 1.0 0.181250 0.960417 0.096875 0.062500
0 1.0 0.143750 0.951042 0.196875 0.097917
0 1.0 0.075000 0.964583 0.053125 0.050000
0 1.0 0.051562 0.962500 0.090625 0.075000
0 1.0 0.289844 0.932292 0.117188 0.135417
0 1.0 0.296875 0.954167 0.071875 0.062500
0 1.0 0.741406 0.908333 0.254688 0.129167
0 1.0 0.923438 0.915625 0.153125 0.114583
0 1.0 0.394531 0.891667 0.126562 0.216667
0 1.0 0.339844 0.897917 0.117188 0.204167
0 1.0 0.604688 0.888542 0.109375 0.222917
0 1.0 0.496875 0.882292 0.118750 0.235417
0 1.0 0.615625 0.950000 0.118750 0.100000
0 1.0 0.566406 0.948958 0.114062 0.102083
0 1.0 0.499219 0.930208 0.085938 0.139583
0 1.0 0.450781 0.930208 0.073438 0.139583
0 1.0 0.477344 0.965625 0.057813 0.047917
0 1.0 0.558594 0.964583 0.060937 0.050000
0 1.0 0.821875 0.962500 0.062500 0.050000
0 1.0 0.766406 0.931250 0.114062 0.137500
0 1.0 0.768750 0.962500 0.071875 0.054167
0 1.0 0.667188 0.926042 0.081250 0.147917
0 1.0 0.728906 0.963542 0.057813 0.052083
0 1.0 0.700781 0.957292 0.120313 0.085417
0 1.0 0.676562 0.964583 0.065625 0.054167
0 1.0 0.250781 0.946875 0.120313 0.106250
0 1.0 0.233594 0.958333 0.092188 0.058333
0 1.0 0.398438 0.933333 0.090625 0.133333
0 1.0 0.425000 0.962500 0.093750 0.058333
0 1.0 0.143750 0.961458 0.106250 0.064583
0 1.0 0.085156 0.921875 0.139063 0.156250
0 1.0 0.342969 0.943750 0.079687 0.112500
0 1.0 0.369531 0.962500 0.045312 0.045833
0 1.0 0.614062 0.964583 0.065625 0.050000
0 1.0 0.353906 0.451042 0.454688 0.272917
0 1.0 0.244531 0.854167 0.245312 0.291667
0 1.0 0.819531 0.517708 0.357812 0.964583
0 1.0 0.086719 0.414583 0.173437 0.575000
0 1.0 0.925000 0.835417 0.150000 0.329167
0 1.0 0.499219 0.763542 0.292187 0.472917
0 1.0 0.878906 0.756250 0.242188 0.487500