0 1.0 0.056250 0.061298 0.068750 0.088942
0 1.0 0.138281 0.138221 0.026562 0.064904
0 1.0 0.196094 0.055288 0.089063 0.096154
0 1.0 0.185156 0.080529 0.229687 0.161058
0 1.0 0.186719 0.093750 0.057813 0.081731
0 1.0 0.208594 0.033654 0.129688 0.067308
0 1.0 0.191406 0.131010 0.026562 0.064904
0 1.0 0.235937 0.057692 0.159375 0.115385
0 1.0 0.240625 0.088942 0.050000 0.086538
0 1.0 0.239844 0.112981 0.035937 0.086538
0 1.0 0.308594 0.056490 0.085938 0.098558
0 1.0 0.292969 0.074519 0.229687 0.149038
0 1.0 0.499219 0.788462 0.876563 0.423077
0 1.0 0.491406 0.507212 0.907813 0.423077
0 1.0 0.295312 0.085337 0.059375 0.084135
0 1.0 0.278906 0.034856 0.135937 0.069712
0 1.0 0.296875 0.125000 0.021875 0.052885
0 1.0 0.359375 0.057692 0.115625 0.115385
0 1.0 0.350781 0.082933 0.060937 0.093750
0 1.0 0.328906 0.030048 0.042188 0.050481
0 1.0 0.350000 0.115385 0.028125 0.072115
0 1.0 0.410156 0.057692 0.123438 0.115385
0 1.0 0.403125 0.075721 0.221875 0.151442
0 1.0 0.425000 0.034856 0.221875 0.069712
0 1.0 0.399219 0.099760 0.042188 0.103365
0 1.0 0.473438 0.058894 0.087500 0.093750
0 1.0 0.442188 0.093750 0.050000 0.067308
0 1.0 0.528125 0.032452 0.034375 0.045673
0 1.0 0.449219 0.134615 0.014063 0.033654
0 1.0 0.510156 0.056490 0.126562 0.112981
0 1.0 0.510938 0.075721 0.221875 0.151442
0 1.0 0.514062 0.099760 0.037500 0.064904
0 1.0 0.512500 0.125000 0.025000 0.062500
0 1.0 0.562500 0.052885 0.115625 0.105769
0 1.0 0.567187 0.102163 0.034375 0.055288
0 1.0 0.641406 0.877404 0.717187 0.245192
0 1.0 0.566406 0.134615 0.023438 0.052885
0 1.0 0.613281 0.054087 0.135937 0.108173
0 1.0 0.610938 0.109375 0.018750 0.036058
0 1.0 0.647656 0.032452 0.126562 0.064904
0 1.0 0.610938 0.137019 0.018750 0.048077
0 1.0 0.664062 0.073317 0.225000 0.146635
0 1.0 0.677344 0.111779 0.020313 0.036058
0 1.0 0.672656 0.144231 0.020313 0.048077
0 1.0 0.713281 0.054087 0.145313 0.108173
0 1.0 0.741406 0.695913 0.517188 0.276442
0 1.0 0.253906 0.878606 0.507812 0.242788
0 1.0 0.732812 0.098558 0.021875 0.038462
0 1.0 0.725000 0.125000 0.025000 0.062500
0 1.0 0.769531 0.055288 0.145313 0.110577
0 1.0 0.771094 0.078125 0.229687 0.156250
0 1.0 0.786719 0.100962 0.020313 0.038462
0 1.0 0.778125 0.128606 0.031250 0.069712
0 1.0 0.825000 0.098558 0.028125 0.043269
0 1.0 0.834375 0.032452 0.187500 0.064904
0 1.0 0.817969 0.121394 0.035937 0.074519
0 1.0 0.876563 0.060096 0.134375 0.120192
0 1.0 0.350000 0.692308 0.700000 0.384615
0 1.0 0.699219 0.498798 0.379688 0.564904
0 1.0 0.745313 0.504808 0.509375 0.298077
0 1.0 0.867969 0.085337 0.229687 0.170673
0 1.0 0.886719 0.086538 0.029687 0.048077
0 1.0 0.879687 0.027644 0.078125 0.055288
0 1.0 0.879687 0.096154 0.040625 0.076923
0 1.0 0.927344 0.052885 0.101562 0.105769
0 1.0 0.928125 0.078125 0.059375 0.084135
0 1.0 0.964063 0.050481 0.071875 0.100962
0 1.0 0.956250 0.081731 0.031250 0.048077
0 1.0 0.964063 0.105769 0.018750 0.043269
0 1.0 0.054688 0.115385 0.084375 0.100962
0 1.0 0.071094 0.106971 0.142187 0.213942
0 1.0 0.073438 0.102163 0.040625 0.064904
0 1.0 0.042188 0.169471 0.031250 0.060096
0 1.0 0.069531 0.090144 0.104688 0.074519
0 1.0 0.035937 0.203125 0.021875 0.060096
0 1.0 0.116406 0.090144 0.114062 0.112981
0 1.0 0.085938 0.174279 0.031250 0.055288
0 1.0 0.082812 0.201923 0.021875 0.057692
0 1.0 0.468750 0.316106 0.862500 0.290865
0 1.0 0.749219 0.301683 0.501563 0.286058
0 1.0 0.232031 0.495192 0.464062 0.346154
0 1.0 0.745313 0.121394 0.509375 0.242788
0 1.0 0.220312 0.311298 0.440625 0.343750
0 1.0 0.147656 0.187500 0.023438 0.038462
0 1.0 0.142969 0.222356 0.017188 0.040865
0 1.0 0.200000 0.180288 0.025000 0.038462
0 1.0 0.203125 0.228365 0.012500 0.028846
0 1.0 0.241406 0.087740 0.110937 0.098558
0 1.0 0.246875 0.174279 0.021875 0.040865
0 1.0 0.241406 0.199519 0.023438 0.052885
0 1.0 0.308594 0.112981 0.057813 0.072115
0 1.0 0.246875 0.120192 0.493750 0.240385
0 1.0 0.289062 0.102163 0.021875 0.040865
0 1.0 0.297656 0.169471 0.035937 0.050481
0 1.0 0.301563 0.221154 0.012500 0.033654
0 1.0 0.352344 0.156250 0.035937 0.057692
0 1.0 0.403906 0.084135 0.089063 0.076923
0 1.0 0.353125 0.199519 0.018750 0.048077
0 1.0 0.470313 0.094952 0.034375 0.064904
0 1.0 0.406250 0.133413 0.065625 0.098558
0 1.0 0.777344 0.923077 0.445312 0.153846
0 1.0 0.401562 0.165865 0.031250 0.081731
0 1.0 0.475000 0.111779 0.062500 0.074519
0 1.0 0.442969 0.167067 0.029687 0.045673
0 1.0 0.525000 0.091346 0.081250 0.067308
0 1.0 0.449219 0.217548 0.010937 0.026442
0 1.0 0.523438 0.176683 0.018750 0.036058
0 1.0 0.517969 0.211538 0.014063 0.038462
0 1.0 0.564844 0.110577 0.098437 0.091346
0 1.0 0.444531 0.925481 0.632812 0.149038
0 1.0 0.578906 0.187500 0.017188 0.028846
0 1.0 0.585938 0.085337 0.225000 0.098558
0 1.0 0.571094 0.218750 0.014063 0.033654
0 1.0 0.617188 0.104567 0.109375 0.103365
0 1.0 0.617188 0.195913 0.009375 0.021635
0 1.0 0.615625 0.218750 0.012500 0.033654
0 1.0 0.662500 0.104567 0.118750 0.103365
0 1.0 0.689063 0.193510 0.009375 0.021635
0 1.0 0.679688 0.218750 0.012500 0.033654
0 1.0 0.716406 0.105769 0.120313 0.110577
0 1.0 0.171875 0.923077 0.343750 0.153846
0 1.0 0.741406 0.198317 0.010937 0.021635
0 1.0 0.730469 0.211538 0.020313 0.043269
0 1.0 0.792969 0.195913 0.014063 0.026442
0 1.0 0.778906 0.203125 0.026562 0.060096
0 1.0 0.828906 0.182692 0.020313 0.038462
0 1.0 0.819531 0.187500 0.039062 0.076923
0 1.0 0.864844 0.099760 0.129688 0.108173
0 1.0 0.890625 0.171875 0.025000 0.045673
0 1.0 0.882812 0.177885 0.043750 0.091346
0 1.0 0.922656 0.104567 0.129688 0.151442
0 1.0 0.926562 0.151442 0.059375 0.096154
0 1.0 0.439063 0.849760 0.656250 0.199519
0 1.0 0.956250 0.162260 0.037500 0.064904
0 1.0 0.964844 0.193510 0.023438 0.060096
0 1.0 0.052344 0.173077 0.067187 0.086538
0 1.0 0.076563 0.158654 0.021875 0.033654
0 1.0 0.046875 0.209135 0.037500 0.067308
0 1.0 0.056250 0.147837 0.068750 0.050481
0 1.0 0.039062 0.235577 0.025000 0.072115
0 1.0 0.089063 0.165865 0.109375 0.115385
0 1.0 0.116406 0.150240 0.085938 0.074519
0 1.0 0.081250 0.222356 0.021875 0.045673
0 1.0 0.078906 0.242788 0.023438 0.057692
0 1.0 0.137500 0.173077 0.087500 0.081731
0 1.0 0.829688 0.745192 0.340625 0.211538
0 1.0 0.135156 0.131010 0.229687 0.237981
0 1.0 0.153906 0.227163 0.017188 0.036058
0 1.0 0.159375 0.147837 0.087500 0.055288
0 1.0 0.145313 0.248798 0.018750 0.045673
0 1.0 0.221094 0.146635 0.120313 0.057692
0 1.0 0.203125 0.258413 0.012500 0.031250
0 1.0 0.246875 0.164663 0.081250 0.079327
0 1.0 0.236719 0.133413 0.229687 0.247596
0 1.0 0.274219 0.161058 0.029687 0.038462
0 1.0 0.246875 0.215144 0.018750 0.036058
0 1.0 0.652344 0.752404 0.223438 0.495192
0 1.0 0.749219 0.742788 0.239063 0.432692
0 1.0 0.238281 0.224760 0.029687 0.064904
0 1.0 0.315625 0.182692 0.034375 0.048077
0 1.0 0.289062 0.170673 0.009375 0.019231
0 1.0 0.300781 0.212740 0.029687 0.045673
0 1.0 0.297656 0.245192 0.017188 0.038462
0 1.0 0.364844 0.168269 0.064062 0.067308
0 1.0 0.350781 0.125000 0.220312 0.230769
0 1.0 0.388281 0.149038 0.029687 0.033654
0 1.0 0.353125 0.227163 0.021875 0.050481
0 1.0 0.500781 0.159856 0.010937 0.026442
0 1.0 0.460156 0.748798 0.632812 0.213942
0 1.0 0.400000 0.165865 0.081250 0.100962
0 1.0 0.434375 0.144231 0.153125 0.062500
0 1.0 0.485938 0.179087 0.037500 0.045673
0 1.0 0.456250 0.127404 0.218750 0.230769
0 1.0 0.550781 0.159856 0.010937 0.021635
0 1.0 0.441406 0.206731 0.026562 0.043269
0 1.0 0.540625 0.151442 0.028125 0.028846
0 1.0 0.444531 0.239183 0.014063 0.031250
0 1.0 0.515625 0.169471 0.081250 0.074519
0 1.0 0.537500 0.152644 0.075000 0.055288
0 1.0 0.526563 0.216346 0.018750 0.033654
0 1.0 0.517188 0.227163 0.025000 0.055288
0 1.0 0.571875 0.179087 0.053125 0.055288
0 1.0 0.219531 0.754808 0.439063 0.225962
0 1.0 0.135156 0.716346 0.226562 0.567308
0 1.0 0.842969 0.652644 0.232813 0.353365
0 1.0 0.564063 0.132212 0.221875 0.230769
0 1.0 0.598437 0.158654 0.050000 0.043269
0 1.0 0.595313 0.146635 0.103125 0.048077
0 1.0 0.565625 0.236779 0.021875 0.050481
0 1.0 0.621875 0.170673 0.068750 0.072115
0 1.0 0.617188 0.151442 0.134375 0.076923
0 1.0 0.626563 0.231971 0.009375 0.021635
0 1.0 0.648438 0.143029 0.093750 0.055288
0 1.0 0.618750 0.236779 0.018750 0.045673
0 1.0 0.675781 0.173077 0.070312 0.072115
0 1.0 0.671875 0.153846 0.153125 0.081731
0 1.0 0.692969 0.235577 0.010937 0.024038
0 1.0 0.485938 0.641827 0.668750 0.201923
0 1.0 0.564063 0.638221 0.484375 0.367788
0 1.0 0.678906 0.242788 0.017188 0.048077
0 1.0 0.724219 0.168269 0.098437 0.096154
0 1.0 0.726562 0.137019 0.237500 0.235577
0 1.0 0.746094 0.231971 0.010937 0.026442
0 1.0 0.740625 0.141827 0.181250 0.076923
0 1.0 0.732031 0.236779 0.023438 0.060096
0 1.0 0.778125 0.144231 0.228125 0.120192
0 1.0 0.788281 0.219952 0.014063 0.036058
0 1.0 0.821875 0.133413 0.237500 0.233173
0 1.0 0.172656 0.649038 0.345313 0.211538
0 1.0 0.838281 0.206731 0.020313 0.048077
0 1.0 0.871094 0.151442 0.154688 0.144231
0 1.0 0.837500 0.151442 0.100000 0.076923
0 1.0 0.895312 0.206731 0.021875 0.048077
0 1.0 0.832812 0.143029 0.050000 0.055288
0 1.0 0.928906 0.186298 0.057813 0.098558
0 1.0 0.953906 0.155048 0.092188 0.122596
0 1.0 0.549219 0.549279 0.232813 0.439904
0 1.0 0.554688 0.551683 0.706250 0.218750
0 1.0 0.956250 0.201923 0.034375 0.067308
0 1.0 0.964063 0.219952 0.028125 0.074519
0 1.0 0.063281 0.222356 0.035937 0.060096
0 1.0 0.061719 0.215144 0.020313 0.031250
0 1.0 0.034375 0.218750 0.068750 0.115385
0 1.0 0.062500 0.207933 0.028125 0.036058
0 1.0 0.098437 0.210337 0.065625 0.084135
0 1.0 0.080469 0.231971 0.048438 0.088942
0 1.0 0.140625 0.205529 0.071875 0.055288
0 1.0 0.842969 0.456731 0.220312 0.480769
0 1.0 0.835156 0.449519 0.329688 0.211538
0 1.0 0.140625 0.248798 0.046875 0.074519
0 1.0 0.162500 0.205529 0.187500 0.074519
0 1.0 0.139844 0.286058 0.020313 0.057692
0 1.0 0.200781 0.235577 0.010937 0.019231
0 1.0 0.185938 0.201923 0.243750 0.259615
0 1.0 0.178906 0.250000 0.045312 0.067308
0 1.0 0.246094 0.206731 0.092188 0.052885
0 1.0 0.196875 0.301683 0.012500 0.040865
0 1.0 0.239844 0.201923 0.135937 0.120192
0 1.0 0.439063 0.453125 0.731250 0.189904
0 1.0 0.453125 0.465144 0.215625 0.492788
0 1.0 0.542188 0.460337 0.459375 0.411058
0 1.0 0.142187 0.432692 0.243750 0.456731
0 1.0 0.356250 0.443510 0.218750 0.483173
0 1.0 0.242188 0.234375 0.056250 0.098558
0 1.0 0.330469 0.233173 0.010937 0.019231
0 1.0 0.286719 0.193510 0.239063 0.242788
0 1.0 0.319531 0.212740 0.014063 0.026442
0 1.0 0.287500 0.231971 0.062500 0.084135
0 1.0 0.297656 0.210337 0.132812 0.050481
0 1.0 0.292969 0.280048 0.023438 0.060096
0 1.0 0.385937 0.223558 0.015625 0.028846
0 1.0 0.331250 0.199519 0.106250 0.062500
0 1.0 0.346094 0.228365 0.076563 0.105769
0 1.0 0.400000 0.204327 0.018750 0.028846
0 1.0 0.350781 0.270433 0.029687 0.074519
0 1.0 0.411719 0.200721 0.089063 0.098558
0 1.0 0.755469 0.383413 0.254688 0.473558
0 1.0 0.412500 0.188702 0.225000 0.242788
0 1.0 0.490625 0.205529 0.015625 0.026442
0 1.0 0.443750 0.197115 0.165625 0.057692
0 1.0 0.393750 0.233173 0.065625 0.168269
0 1.0 0.514844 0.234375 0.010937 0.021635
0 1.0 0.553906 0.218750 0.014063 0.024038
0 1.0 0.430469 0.241587 0.057813 0.079327
0 1.0 0.577344 0.213942 0.014063 0.024038
0 1.0 0.437500 0.282452 0.015625 0.040865
0 1.0 0.513281 0.205529 0.107813 0.098558
0 1.0 0.517969 0.192308 0.239063 0.250000
0 1.0 0.532031 0.200721 0.098437 0.055288
0 1.0 0.516406 0.241587 0.045312 0.079327
0 1.0 0.238281 0.359375 0.210938 0.459135
0 1.0 0.832812 0.251202 0.334375 0.204327
0 1.0 0.571875 0.211538 0.056250 0.062500
0 1.0 0.597656 0.207933 0.064062 0.045673
0 1.0 0.559375 0.239183 0.046875 0.079327
0 1.0 0.607812 0.200721 0.143750 0.055288
0 1.0 0.621875 0.203125 0.084375 0.084135
0 1.0 0.621094 0.188702 0.242188 0.237981
0 1.0 0.613281 0.252404 0.017188 0.043269
0 1.0 0.608594 0.254808 0.029687 0.076923
0 1.0 0.673438 0.201923 0.109375 0.100962
0 1.0 0.685156 0.195913 0.242188 0.084135
0 1.0 0.670312 0.246394 0.031250 0.079327
0 1.0 0.721875 0.239183 0.043750 0.117788
0 1.0 0.771094 0.185096 0.164062 0.153846
0 1.0 0.778906 0.213942 0.042188 0.096154
0 1.0 0.769531 0.210337 0.070312 0.180288
0 1.0 0.533594 0.253606 0.645312 0.189904
0 1.0 0.820312 0.206731 0.062500 0.129808
0 1.0 0.818750 0.206731 0.090625 0.072115
0 1.0 0.885156 0.213942 0.051562 0.096154
0 1.0 0.878125 0.211538 0.081250 0.168269
0 1.0 0.895312 0.182692 0.209375 0.250000
0 1.0 0.922656 0.207933 0.101562 0.156250
0 1.0 0.889844 0.192308 0.220312 0.110577
0 1.0 0.955469 0.200721 0.089063 0.117788
0 1.0 0.053906 0.243990 0.107813 0.141827
0 1.0 0.029687 0.276442 0.056250 0.105769
0 1.0 0.050781 0.228365 0.079687 0.072115
0 1.0 0.028125 0.319712 0.034375 0.105769
0 1.0 0.093750 0.263221 0.187500 0.237981
0 1.0 0.544531 0.151442 0.632812 0.192308
0 1.0 0.089844 0.306490 0.026562 0.064904
0 1.0 0.118750 0.239183 0.150000 0.093750
0 1.0 0.085938 0.338942 0.028125 0.086538
0 1.0 0.147656 0.348558 0.020313 0.038462
0 1.0 0.143750 0.376202 0.018750 0.055288
0 1.0 0.170313 0.266827 0.153125 0.120192
0 1.0 0.183594 0.241587 0.254688 0.117788
0 1.0 0.192188 0.344952 0.028125 0.040865
0 1.0 0.200781 0.395433 0.010937 0.026442
0 1.0 0.253906 0.239183 0.114062 0.117788
0 1.0 0.241406 0.317308 0.029687 0.062500
0 1.0 0.250000 0.248798 0.012500 0.031250
0 1.0 0.300000 0.324519 0.050000 0.076923
0 1.0 0.303906 0.379808 0.014063 0.043269
0 1.0 0.344531 0.248798 0.157812 0.156250
0 1.0 0.360156 0.259615 0.232813 0.259615
0 1.0 0.347656 0.310096 0.060937 0.096154
0 1.0 0.375000 0.233173 0.300000 0.105769
0 1.0 0.350781 0.367788 0.020313 0.062500
0 1.0 0.503906 0.236779 0.014063 0.040865
0 1.0 0.398438 0.281250 0.096875 0.182692
0 1.0 0.396094 0.313702 0.048438 0.156250
0 1.0 0.464844 0.248798 0.157812 0.146635
0 1.0 0.456250 0.257212 0.225000 0.254808
0 1.0 0.548438 0.239183 0.015625 0.040865
0 1.0 0.431250 0.314904 0.059375 0.091346
0 1.0 0.438281 0.376202 0.014063 0.045673
0 1.0 0.517188 0.227163 0.184375 0.117788
0 1.0 0.449219 0.078125 0.579688 0.156250
0 1.0 0.518750 0.296875 0.037500 0.084135
0 1.0 0.564063 0.254808 0.256250 0.250000
0 1.0 0.557031 0.281250 0.051562 0.086538
0 1.0 0.585938 0.222356 0.240625 0.088942
0 1.0 0.613281 0.231971 0.154688 0.151442
0 1.0 0.610938 0.270433 0.015625 0.036058
0 1.0 0.603906 0.301683 0.042188 0.112981
0 1.0 0.685937 0.272837 0.015625 0.036058
0 1.0 0.670312 0.298077 0.046875 0.115385
0 1.0 0.713281 0.231971 0.164062 0.156250
0 1.0 0.721094 0.245192 0.260937 0.235577
0 1.0 0.734375 0.258413 0.018750 0.045673
0 1.0 0.720313 0.282452 0.059375 0.156250
0 1.0 0.790625 0.225962 0.259375 0.105769
0 1.0 0.935156 0.925481 0.129688 0.149038
0 1.0 0.966406 0.956731 0.067187 0.086538
0 1.0 0.811719 0.219952 0.170313 0.189904
0 1.0 0.817969 0.242788 0.092188 0.274038
0 1.0 0.836719 0.231971 0.079687 0.084135
0 1.0 0.885156 0.245192 0.039062 0.086538
0 1.0 0.820312 0.935096 0.103125 0.129808
0 1.0 0.878125 0.942308 0.146875 0.115385
0 1.0 0.865625 0.956731 0.043750 0.057692
0 1.0 0.851562 0.960337 0.031250 0.040865
0 1.0 0.914844 0.957933 0.110937 0.084135
0 1.0 0.662500 0.960337 0.068750 0.079327
0 1.0 0.722656 0.953125 0.132812 0.093750
0 1.0 0.762500 0.962740 0.068750 0.055288
0 1.0 0.773438 0.945913 0.143750 0.108173
0 1.0 0.790625 0.961538 0.071875 0.057692
0 1.0 0.566406 0.923077 0.217188 0.153846
0 1.0 0.567187 0.956731 0.100000 0.086538
0 1.0 0.592187 0.963942 0.037500 0.043269
0 1.0 0.614062 0.959135 0.112500 0.081731
0 1.0 0.635156 0.965144 0.054688 0.050481
0 1.0 0.716406 0.965144 0.045312 0.045673
0 1.0 0.397656 0.945913 0.110937 0.108173
0 1.0 0.462500 0.961538 0.056250 0.048077
0 1.0 0.458594 0.925481 0.210938 0.149038
0 1.0 0.487500 0.961538 0.046875 0.057692
0 1.0 0.447656 0.950721 0.104688 0.098558
0 1.0 0.512500 0.965144 0.018750 0.031250
0 1.0 0.512500 0.956731 0.106250 0.086538
0 1.0 0.546094 0.963942 0.039062 0.043269
0 1.0 0.235156 0.968750 0.064062 0.062500
0 1.0 0.314063 0.975962 0.050000 0.048077
0 1.0 0.302344 0.927885 0.217188 0.144231
0 1.0 0.288281 0.959135 0.020313 0.038462
0 1.0 0.292187 0.948317 0.103125 0.103365
0 1.0 0.282813 0.965144 0.018750 0.031250
0 1.0 0.360938 0.967548 0.071875 0.064904
0 1.0 0.334375 0.954327 0.065625 0.062500
0 1.0 0.345313 0.947115 0.106250 0.105769
0 1.0 0.363281 0.961538 0.014063 0.028846
0 1.0 0.153125 0.950721 0.090625 0.079327
0 1.0 0.203125 0.961538 0.018750 0.033654
0 1.0 0.201563 0.978365 0.046875 0.043269
0 1.0 0.183594 0.965144 0.054688 0.069712
0 1.0 0.243750 0.951923 0.043750 0.057692
0 1.0 0.258594 0.960337 0.017188 0.031250
0 1.0 0.056250 0.960337 0.068750 0.079327
0 1.0 0.069531 0.926683 0.139063 0.146635
0 1.0 0.078906 0.948317 0.020313 0.050481
0 1.0 0.087500 0.955529 0.015625 0.036058
0 1.0 0.027344 0.957933 0.054688 0.084135
0 1.0 0.096094 0.965144 0.070312 0.069712
0 1.0 0.157812 0.950721 0.040625 0.060096
0 1.0 0.190625 0.959135 0.018750 0.033654
0 1.0 0.867969 0.884615 0.242188 0.230769
0 1.0 0.872656 0.921875 0.095312 0.093750
0 1.0 0.872656 0.897837 0.101562 0.204327
0 1.0 0.721094 0.907452 0.079687 0.185096
0 1.0 0.776563 0.909856 0.087500 0.180288
0 1.0 0.542188 0.877404 0.121875 0.245192
0 1.0 0.610156 0.923077 0.070312 0.153846
0 1.0 0.667969 0.918269 0.154688 0.163462
0 1.0 0.657031 0.889423 0.279687 0.221154
0 1.0 0.485156 0.937500 0.076563 0.076923
0 1.0 0.496875 0.885817 0.115625 0.228365
0 1.0 0.324219 0.947115 0.020313 0.033654
0 1.0 0.401562 0.893029 0.256250 0.213942
0 1.0 0.128906 0.949519 0.064062 0.100962
0 1.0 0.189062 0.936298 0.100000 0.103365
0 1.0 0.239063 0.935096 0.093750 0.076923
0 1.0 0.963281 0.826923 0.017188 0.038462
0 1.0 0.071875 0.950721 0.018750 0.040865
0 1.0 0.900781 0.884615 0.023438 0.043269
0 1.0 0.889844 0.793269 0.035937 0.072115
0 1.0 0.821094 0.873798 0.104688 0.069712
0 1.0 0.877344 0.748798 0.048438 0.093750
0 1.0 0.924219 0.861779 0.139063 0.185096
0 1.0 0.924219 0.807692 0.060937 0.134615
0 1.0 0.953906 0.859375 0.035937 0.064904
0 1.0 0.737500 0.783654 0.018750 0.043269
0 1.0 0.734375 0.861779 0.250000 0.093750
0 1.0 0.724219 0.730769 0.029687 0.062500
0 1.0 0.769531 0.856971 0.189062 0.189904
0 1.0 0.793750 0.811298 0.021875 0.050481
0 1.0 0.780469 0.760817 0.035937 0.074519
0 1.0 0.842969 0.879808 0.170313 0.120192
0 1.0 0.836719 0.799279 0.023438 0.055288
0 1.0 0.826562 0.752404 0.040625 0.096154
0 1.0 0.547656 0.748798 0.032813 0.069712
0 1.0 0.597656 0.847356 0.185938 0.194712
0 1.0 0.621875 0.808894 0.018750 0.045673
0 1.0 0.617188 0.764423 0.031250 0.067308
0 1.0 0.660156 0.850962 0.167187 0.163462
0 1.0 0.692969 0.870192 0.123438 0.096154
0 1.0 0.682813 0.782452 0.015625 0.036058
0 1.0 0.671094 0.739183 0.023438 0.050481
0 1.0 0.765625 0.870192 0.096875 0.086538
0 1.0 0.525781 0.883413 0.023438 0.050481
0 1.0 0.457031 0.852163 0.057813 0.112981
0 1.0 0.474219 0.873798 0.220312 0.103365
0 1.0 0.458594 0.832933 0.017188 0.045673
0 1.0 0.501563 0.843750 0.218750 0.254808
0 1.0 0.504687 0.822115 0.065625 0.158654
0 1.0 0.572656 0.868990 0.076563 0.084135
0 1.0 0.547656 0.787260 0.057813 0.108173
0 1.0 0.548438 0.864183 0.225000 0.108173
0 1.0 0.304688 0.908654 0.046875 0.076923
0 1.0 0.220312 0.890625 0.159375 0.069712
0 1.0 0.301563 0.917067 0.021875 0.050481
0 1.0 0.355469 0.894231 0.104688 0.110577
0 1.0 0.351562 0.909856 0.046875 0.079327
0 1.0 0.341406 0.879808 0.207813 0.091346
0 1.0 0.480469 0.882212 0.032813 0.057692
0 1.0 0.403125 0.884615 0.071875 0.120192
0 1.0 0.131250 0.930288 0.018750 0.048077
0 1.0 0.187500 0.899038 0.062500 0.072115
0 1.0 0.196875 0.915865 0.031250 0.057692
0 1.0 0.243750 0.884615 0.146875 0.129808
0 1.0 0.264062 0.895433 0.043750 0.050481
0 1.0 0.241406 0.930288 0.020313 0.043269
0 1.0 0.234375 0.913462 0.028125 0.062500
0 1.0 0.296094 0.858173 0.260937 0.230769
0 1.0 0.285938 0.901442 0.015625 0.028846
0 1.0 0.102344 0.905048 0.010937 0.026442
0 1.0 0.045312 0.936298 0.034375 0.069712
0 1.0 0.066406 0.893029 0.054688 0.045673
0 1.0 0.038281 0.948317 0.023438 0.069712
0 1.0 0.093750 0.905048 0.087500 0.098558
0 1.0 0.101562 0.859375 0.203125 0.242788
0 1.0 0.170313 0.902644 0.018750 0.036058
0 1.0 0.096094 0.936298 0.029687 0.060096
0 1.0 0.131250 0.894231 0.103125 0.067308
0 1.0 0.087500 0.954327 0.021875 0.067308
0 1.0 0.156250 0.890625 0.190625 0.098558
0 1.0 0.875781 0.772837 0.139063 0.223558
0 1.0 0.774219 0.817308 0.104688 0.072115
0 1.0 0.866406 0.810096 0.267188 0.125000
0 1.0 0.950000 0.824519 0.081250 0.168269
0 1.0 0.054688 0.912260 0.056250 0.079327
0 1.0 0.710938 0.789663 0.121875 0.324519
0 1.0 0.803125 0.811298 0.115625 0.098558
0 1.0 0.775781 0.771635 0.120313 0.211538
0 1.0 0.818750 0.763221 0.115625 0.223558
0 1.0 0.857812 0.820913 0.021875 0.040865
0 1.0 0.604688 0.774038 0.084375 0.177885
0 1.0 0.604688 0.805288 0.315625 0.125000
0 1.0 0.660937 0.788462 0.196875 0.211538
0 1.0 0.666406 0.760817 0.073438 0.151442
0 1.0 0.660156 0.786058 0.114062 0.322115
0 1.0 0.743750 0.808894 0.353125 0.122596
0 1.0 0.453125 0.806490 0.128125 0.252404
0 1.0 0.490625 0.811298 0.131250 0.103365
0 1.0 0.558594 0.794471 0.173437 0.213942
0 1.0 0.296094 0.832933 0.070312 0.209135
0 1.0 0.360156 0.810096 0.270313 0.278846
0 1.0 0.336719 0.816106 0.179688 0.132212
0 1.0 0.339844 0.819712 0.129688 0.245192
0 1.0 0.488281 0.813702 0.032813 0.079327
0 1.0 0.425000 0.810096 0.346875 0.153846
0 1.0 0.389844 0.817308 0.117188 0.293269
0 1.0 0.528125 0.813702 0.031250 0.074519
0 1.0 0.176563 0.819712 0.256250 0.264423
0 1.0 0.172656 0.823317 0.204687 0.146635
0 1.0 0.184375 0.840144 0.093750 0.165865
0 1.0 0.264062 0.819712 0.096875 0.105769
0 1.0 0.232813 0.817308 0.106250 0.216346
0 1.0 0.293750 0.830529 0.028125 0.055288
0 1.0 0.039844 0.873798 0.051562 0.093750
0 1.0 0.057031 0.825721 0.114062 0.074519
0 1.0 0.157031 0.837740 0.039062 0.064904
0 1.0 0.084375 0.876202 0.056250 0.098558
0 1.0 0.138281 0.865385 0.070312 0.115385
0 1.0 0.914844 0.742788 0.110937 0.269231
0 1.0 0.947656 0.759615 0.089063 0.201923
0 1.0 0.920312 0.753606 0.159375 0.117788
0 1.0 0.089844 0.840144 0.017188 0.040865
0 1.0 0.844531 0.759615 0.035937 0.067308
0 1.0 0.780469 0.758413 0.076563 0.088942
0 1.0 0.623437 0.756010 0.328125 0.132212
0 1.0 0.720313 0.748798 0.196875 0.189904
0 1.0 0.711719 0.725962 0.098437 0.163462
0 1.0 0.508594 0.766827 0.120313 0.168269
0 1.0 0.563281 0.768029 0.048438 0.084135
0 1.0 0.394531 0.765625 0.092188 0.098558
0 1.0 0.378906 0.762019 0.304688 0.125000
0 1.0 0.492969 0.771635 0.029687 0.076923
0 1.0 0.441406 0.752404 0.242188 0.278846
0 1.0 0.532813 0.771635 0.028125 0.076923
0 1.0 0.182031 0.764423 0.132812 0.293269
0 1.0 0.199219 0.765625 0.304688 0.127404
0 1.0 0.236719 0.754808 0.185938 0.235577
0 1.0 0.261719 0.771635 0.095312 0.105769
0 1.0 0.291406 0.776442 0.029687 0.057692
0 1.0 0.291406 0.752404 0.132812 0.293269
0 1.0 0.030469 0.796875 0.051562 0.223558
0 1.0 0.085938 0.764423 0.171875 0.225962
0 1.0 0.126562 0.776442 0.062500 0.081731
0 1.0 0.073438 0.783654 0.071875 0.245192
0 1.0 0.164062 0.771635 0.125000 0.120192
0 1.0 0.130469 0.766827 0.139063 0.307692
0 1.0 0.917969 0.701923 0.164062 0.134615
0 1.0 0.953906 0.725962 0.045312 0.153846
0 1.0 0.053906 0.776442 0.026562 0.048077
0 1.0 0.052344 0.765625 0.104688 0.084135
0 1.0 0.794531 0.699519 0.092188 0.177885
0 1.0 0.827344 0.709135 0.057813 0.149038
0 1.0 0.860156 0.700721 0.179688 0.189904
0 1.0 0.832031 0.706731 0.032813 0.076923
0 1.0 0.773438 0.706731 0.031250 0.067308
0 1.0 0.657031 0.692308 0.185938 0.182692
0 1.0 0.667188 0.713942 0.050000 0.129808
0 1.0 0.697656 0.698317 0.373437 0.132212
0 1.0 0.785937 0.692308 0.196875 0.197115
0 1.0 0.583594 0.716346 0.026562 0.057692
0 1.0 0.542969 0.710337 0.189062 0.098558
0 1.0 0.509375 0.756010 0.056250 0.185096
0 1.0 0.575781 0.710337 0.170313 0.218750
0 1.0 0.649219 0.706731 0.039062 0.086538
0 1.0 0.537500 0.724760 0.084375 0.218750
0 1.0 0.617188 0.716346 0.068750 0.158654
0 1.0 0.343750 0.697115 0.146875 0.302885
0 1.0 0.350781 0.709135 0.242188 0.110577
0 1.0 0.493750 0.723558 0.018750 0.048077
0 1.0 0.541406 0.725962 0.017188 0.048077
0 1.0 0.471094 0.717548 0.198437 0.098558
0 1.0 0.461719 0.737981 0.064062 0.201923
0 1.0 0.292187 0.712740 0.056250 0.079327
0 1.0 0.245312 0.709135 0.306250 0.125000
0 1.0 0.311719 0.716346 0.023438 0.048077
0 1.0 0.385156 0.712740 0.060937 0.074519
0 1.0 0.121094 0.713942 0.042188 0.067308
0 1.0 0.090625 0.709135 0.181250 0.100962
0 1.0 0.184375 0.713942 0.071875 0.096154
0 1.0 0.224219 0.710337 0.076563 0.098558
0 1.0 0.917969 0.685096 0.079687 0.201923
0 1.0 0.950781 0.657452 0.098437 0.141827
0 1.0 0.906250 0.655048 0.137500 0.122596
0 1.0 0.942187 0.689904 0.050000 0.125000
0 1.0 0.052344 0.697115 0.104688 0.206731
0 1.0 0.050781 0.712740 0.023438 0.045673
0 1.0 0.036719 0.707933 0.073438 0.074519
0 1.0 0.033594 0.705529 0.067187 0.353365
0 1.0 0.803125 0.662260 0.359375 0.132212
0 1.0 0.878125 0.659856 0.025000 0.064904
0 1.0 0.871875 0.697115 0.053125 0.134615
0 1.0 0.817969 0.658654 0.026562 0.057692
0 1.0 0.862500 0.691106 0.081250 0.213942
0 1.0 0.679688 0.673077 0.134375 0.105769
0 1.0 0.709375 0.695913 0.053125 0.103365
0 1.0 0.567969 0.663462 0.104688 0.081731
0 1.0 0.648438 0.670673 0.043750 0.076923
0 1.0 0.629687 0.664663 0.156250 0.098558
0 1.0 0.631250 0.692308 0.040625 0.105769
0 1.0 0.400781 0.645433 0.182812 0.199519
0 1.0 0.498437 0.665865 0.018750 0.052885
0 1.0 0.434375 0.658654 0.300000 0.120192
0 1.0 0.467969 0.665865 0.110937 0.144231
0 1.0 0.551562 0.669471 0.015625 0.050481
0 1.0 0.506250 0.664663 0.096875 0.074519
0 1.0 0.520312 0.674279 0.125000 0.165865
0 1.0 0.510938 0.670673 0.234375 0.259615
0 1.0 0.591406 0.670673 0.029687 0.062500
0 1.0 0.300000 0.649038 0.043750 0.081731
0 1.0 0.237500 0.644231 0.143750 0.278846
0 1.0 0.251563 0.650240 0.221875 0.112981
0 1.0 0.316406 0.657452 0.023438 0.050481
0 1.0 0.282813 0.651442 0.115625 0.254808
0 1.0 0.377344 0.655048 0.064062 0.079327
0 1.0 0.353906 0.656250 0.195312 0.100962
0 1.0 0.073438 0.631010 0.143750 0.310096
0 1.0 0.094531 0.652644 0.189062 0.108173
0 1.0 0.160938 0.646635 0.128125 0.134615
0 1.0 0.133594 0.635817 0.179688 0.314904
0 1.0 0.216406 0.645433 0.092188 0.108173
0 1.0 0.926562 0.606971 0.146875 0.237981
0 1.0 0.937500 0.652644 0.040625 0.098558
0 1.0 0.929688 0.618990 0.100000 0.088942
0 1.0 0.953125 0.663462 0.031250 0.096154
0 1.0 0.051562 0.656250 0.028125 0.052885
0 1.0 0.041406 0.652644 0.082812 0.084135
0 1.0 0.108594 0.653846 0.070312 0.086538
0 1.0 0.832812 0.622596 0.196875 0.115385
0 1.0 0.903125 0.641827 0.015625 0.028846
0 1.0 0.900781 0.670673 0.026562 0.067308
0 1.0 0.817187 0.628606 0.018750 0.036058
0 1.0 0.673438 0.691106 0.025000 0.064904
0 1.0 0.682031 0.616587 0.273438 0.098558
0 1.0 0.728906 0.610577 0.348438 0.254808
0 1.0 0.714844 0.685096 0.032813 0.067308
0 1.0 0.798438 0.680288 0.031250 0.086538
0 1.0 0.523438 0.653846 0.040625 0.158654
0 1.0 0.564844 0.625000 0.164062 0.192308
0 1.0 0.600000 0.623798 0.059375 0.055288
0 1.0 0.545312 0.645433 0.065625 0.156250
0 1.0 0.579688 0.615385 0.206250 0.081731
0 1.0 0.631250 0.688702 0.025000 0.060096
0 1.0 0.687500 0.622596 0.131250 0.081731
0 1.0 0.406250 0.590144 0.265625 0.257212
0 1.0 0.488281 0.612981 0.020313 0.043269
0 1.0 0.425000 0.604567 0.246875 0.098558
0 1.0 0.392188 0.593750 0.109375 0.259615
0 1.0 0.463281 0.602163 0.189062 0.185096
0 1.0 0.546094 0.612981 0.014063 0.033654
0 1.0 0.439844 0.628606 0.048438 0.127404
0 1.0 0.563281 0.617788 0.032813 0.038462
0 1.0 0.232813 0.599760 0.237500 0.098558
0 1.0 0.291406 0.592548 0.251563 0.242788
0 1.0 0.296875 0.608173 0.015625 0.028846
0 1.0 0.357031 0.600962 0.064062 0.067308
0 1.0 0.328906 0.598558 0.204687 0.096154
0 1.0 0.337500 0.594952 0.096875 0.223558
0 1.0 0.183594 0.592548 0.195312 0.199519
0 1.0 0.286719 0.605769 0.039062 0.057692
0 1.0 0.971094 0.563702 0.057813 0.084135
0 1.0 0.064062 0.597356 0.021875 0.036058
0 1.0 0.044531 0.576923 0.089063 0.293269
0 1.0 0.030469 0.594952 0.060937 0.050481
0 1.0 0.121875 0.596154 0.056250 0.062500
0 1.0 0.093750 0.594952 0.184375 0.088942
0 1.0 0.841406 0.643029 0.017188 0.040865
0 1.0 0.808594 0.566106 0.273438 0.122596
0 1.0 0.826562 0.641827 0.043750 0.105769
0 1.0 0.887500 0.593750 0.128125 0.134615
0 1.0 0.842187 0.582933 0.043750 0.050481
0 1.0 0.805469 0.575721 0.017188 0.036058
0 1.0 0.888281 0.644231 0.035937 0.096154
0 1.0 0.902344 0.563702 0.195312 0.112981
0 1.0 0.956250 0.593750 0.087500 0.125000
0 1.0 0.717187 0.581731 0.150000 0.139423
0 1.0 0.731250 0.640625 0.018750 0.040865
0 1.0 0.717969 0.651442 0.045312 0.096154
0 1.0 0.778125 0.590144 0.153125 0.141827
0 1.0 0.799219 0.649038 0.017188 0.038462
0 1.0 0.782813 0.647837 0.040625 0.088942
0 1.0 0.554688 0.549279 0.240625 0.156250
0 1.0 0.547656 0.594952 0.054688 0.151442
0 1.0 0.608594 0.578125 0.164062 0.170673
0 1.0 0.611719 0.561298 0.242188 0.271635
0 1.0 0.600781 0.656250 0.017188 0.038462
0 1.0 0.660937 0.582933 0.150000 0.141827
0 1.0 0.681250 0.655048 0.015625 0.036058
0 1.0 0.678906 0.554087 0.289062 0.117788
0 1.0 0.421875 0.542067 0.275000 0.117788
0 1.0 0.500000 0.546875 0.053125 0.084135
0 1.0 0.429688 0.574519 0.106250 0.182692
0 1.0 0.437500 0.581731 0.034375 0.096154
0 1.0 0.241406 0.548077 0.098437 0.221154
0 1.0 0.285156 0.543269 0.154688 0.182692
0 1.0 0.283594 0.540865 0.039062 0.057692
0 1.0 0.235937 0.540865 0.228125 0.091346
0 1.0 0.279687 0.563702 0.059375 0.165865
0 1.0 0.334375 0.540865 0.143750 0.240385
0 1.0 0.332031 0.539663 0.235937 0.103365
0 1.0 0.164062 0.532452 0.190625 0.132212
0 1.0 0.125781 0.513221 0.160938 0.242788
0 1.0 0.190625 0.526442 0.090625 0.177885
0 1.0 0.215625 0.525240 0.265625 0.257212
0 1.0 0.933594 0.592548 0.035937 0.060096
0 1.0 0.961719 0.501202 0.076563 0.084135
0 1.0 0.949219 0.629808 0.017188 0.043269
0 1.0 0.078906 0.537260 0.026562 0.055288
0 1.0 0.066406 0.542067 0.060937 0.060096
0 1.0 0.126562 0.528846 0.090625 0.100962
0 1.0 0.070312 0.508413 0.121875 0.233173
0 1.0 0.828906 0.608173 0.035937 0.081731
0 1.0 0.872656 0.524038 0.167187 0.163462
0 1.0 0.821094 0.519231 0.085938 0.091346
0 1.0 0.895312 0.605769 0.015625 0.033654
0 1.0 0.811719 0.510817 0.032813 0.055288
0 1.0 0.884375 0.610577 0.034375 0.076923
0 1.0 0.903125 0.520433 0.193750 0.286058
0 1.0 0.924219 0.572115 0.073438 0.115385
0 1.0 0.925781 0.598558 0.048438 0.110577
0 1.0 0.927344 0.508413 0.145313 0.141827
0 1.0 0.686719 0.508413 0.254688 0.141827
0 1.0 0.735156 0.596154 0.020313 0.048077
0 1.0 0.723437 0.604567 0.037500 0.084135
0 1.0 0.772656 0.525240 0.157812 0.151442
0 1.0 0.794531 0.593750 0.017188 0.038462
0 1.0 0.781250 0.602163 0.031250 0.074519
0 1.0 0.840625 0.603365 0.015625 0.038462
0 1.0 0.553125 0.534856 0.071875 0.209135
0 1.0 0.567187 0.491587 0.293750 0.112981
0 1.0 0.600781 0.509615 0.170313 0.187500
0 1.0 0.585156 0.576923 0.023438 0.062500
0 1.0 0.589063 0.592548 0.037500 0.103365
0 1.0 0.685937 0.605769 0.015625 0.038462
0 1.0 0.674219 0.623798 0.023438 0.060096
0 1.0 0.398438 0.504808 0.071875 0.182692
0 1.0 0.460938 0.502404 0.175000 0.177885
0 1.0 0.485156 0.491587 0.114062 0.112981
0 1.0 0.430469 0.549279 0.032813 0.093750
0 1.0 0.527344 0.546875 0.060937 0.161058
0 1.0 0.527344 0.493990 0.107813 0.084135
0 1.0 0.242969 0.480769 0.148438 0.105769
0 1.0 0.350781 0.491587 0.254688 0.228365
0 1.0 0.317969 0.486779 0.129688 0.103365
0 1.0 0.332031 0.518029 0.073438 0.185096
0 1.0 0.424219 0.487981 0.160938 0.115385
0 1.0 0.167969 0.489183 0.295312 0.137019
0 1.0 0.957031 0.584135 0.014063 0.043269
0 1.0 0.089844 0.491587 0.042188 0.088942
0 1.0 0.084375 0.490385 0.109375 0.105769
0 1.0 0.035156 0.480769 0.070312 0.201923
0 1.0 0.137500 0.490385 0.162500 0.110577
0 1.0 0.811719 0.451923 0.176563 0.096154
0 1.0 0.892188 0.527644 0.018750 0.040865
0 1.0 0.830469 0.445913 0.020313 0.036058
0 1.0 0.882031 0.545673 0.035937 0.091346
0 1.0 0.922656 0.460337 0.089063 0.137019
0 1.0 0.896094 0.447115 0.207813 0.115385
0 1.0 0.925781 0.524038 0.057813 0.182692
0 1.0 0.943750 0.540865 0.031250 0.057692
0 1.0 0.985156 0.444712 0.029687 0.062500
0 1.0 0.733594 0.543269 0.020313 0.043269
0 1.0 0.675000 0.449519 0.284375 0.115385
0 1.0 0.723437 0.557692 0.034375 0.086538
0 1.0 0.769531 0.465144 0.170313 0.170673
0 1.0 0.788281 0.536058 0.020313 0.048077
0 1.0 0.778125 0.539663 0.034375 0.088942
0 1.0 0.837500 0.532452 0.018750 0.045673
0 1.0 0.828125 0.545673 0.037500 0.096154
0 1.0 0.564063 0.530048 0.031250 0.112981
0 1.0 0.582812 0.543269 0.021875 0.057692
0 1.0 0.589063 0.549279 0.031250 0.088942
0 1.0 0.647656 0.465144 0.251563 0.271635
0 1.0 0.681250 0.554087 0.018750 0.040865
0 1.0 0.672656 0.567308 0.026562 0.067308
0 1.0 0.419531 0.468750 0.073438 0.134615
0 1.0 0.550000 0.460337 0.012500 0.031250
0 1.0 0.428906 0.486779 0.017188 0.050481
0 1.0 0.494531 0.448317 0.264062 0.262019
0 1.0 0.532031 0.522837 0.023438 0.074519
0 1.0 0.508594 0.457933 0.204687 0.112981
0 1.0 0.522656 0.533654 0.029687 0.110577
0 1.0 0.562500 0.472356 0.096875 0.132212
0 1.0 0.292187 0.461538 0.068750 0.144231
0 1.0 0.317188 0.447115 0.190625 0.096154
0 1.0 0.295312 0.484375 0.028125 0.084135
0 1.0 0.382812 0.480769 0.034375 0.067308
0 1.0 0.337500 0.456731 0.087500 0.129808
0 1.0 0.338281 0.445913 0.014063 0.026442
0 1.0 0.337500 0.474760 0.043750 0.093750
0 1.0 0.403906 0.451923 0.264062 0.144231
0 1.0 0.510156 0.492788 0.023438 0.057692
0 1.0 0.125000 0.471154 0.071875 0.182692
0 1.0 0.205469 0.471154 0.054688 0.081731
0 1.0 0.189062 0.459135 0.096875 0.134615
0 1.0 0.246094 0.451923 0.048438 0.072115
0 1.0 0.225781 0.443510 0.273438 0.132212
0 1.0 0.253125 0.509615 0.031250 0.062500
0 1.0 0.242969 0.508413 0.060937 0.122596
0 1.0 0.328125 0.478365 0.021875 0.052885
0 1.0 0.094531 0.445913 0.042188 0.084135
0 1.0 0.121875 0.442308 0.015625 0.048077
0 1.0 0.034375 0.471154 0.040625 0.125000
0 1.0 0.096094 0.441106 0.192188 0.228365
0 1.0 0.153125 0.448317 0.028125 0.060096
0 1.0 0.077344 0.474760 0.067187 0.180288
0 1.0 0.879687 0.436298 0.040625 0.108173
0 1.0 0.817969 0.391827 0.232813 0.125000
0 1.0 0.874219 0.430288 0.076563 0.216346
0 1.0 0.910156 0.387019 0.160938 0.211538
0 1.0 0.921094 0.421875 0.098437 0.334135
0 1.0 0.951562 0.401442 0.096875 0.129808
0 1.0 0.947656 0.460337 0.045312 0.093750
0 1.0 0.959375 0.487981 0.028125 0.086538
0 1.0 0.718750 0.445913 0.068750 0.156250
0 1.0 0.767969 0.396635 0.173437 0.197115
0 1.0 0.780469 0.438702 0.032813 0.088942
0 1.0 0.771094 0.435096 0.067187 0.177885
0 1.0 0.828906 0.431490 0.039062 0.108173
0 1.0 0.822656 0.427885 0.076563 0.211538
0 1.0 0.595313 0.407452 0.234375 0.266827
0 1.0 0.581250 0.487981 0.018750 0.048077
0 1.0 0.652344 0.405048 0.185938 0.170673
0 1.0 0.672656 0.465144 0.023438 0.050481
0 1.0 0.663281 0.459135 0.057813 0.125000
0 1.0 0.702344 0.405048 0.251563 0.286058
0 1.0 0.725781 0.451923 0.032813 0.076923
0 1.0 0.529687 0.485577 0.018750 0.052885
0 1.0 0.516406 0.484375 0.042188 0.112981
0 1.0 0.542969 0.419471 0.173437 0.175481
0 1.0 0.563281 0.481971 0.032813 0.074519
0 1.0 0.364844 0.417067 0.104688 0.151442
0 1.0 0.343750 0.409856 0.268750 0.165865
0 1.0 0.412500 0.439904 0.043750 0.120192
0 1.0 0.471875 0.419471 0.103125 0.156250
0 1.0 0.183594 0.405048 0.307812 0.247596
0 1.0 0.204687 0.403846 0.359375 0.115385
0 1.0 0.260156 0.490385 0.020313 0.048077
0 1.0 0.316406 0.418269 0.064062 0.115385
0 1.0 0.065625 0.401442 0.128125 0.072115
0 1.0 0.126562 0.406250 0.109375 0.105769
0 1.0 0.083594 0.447115 0.042188 0.115385
0 1.0 0.139844 0.454327 0.035937 0.105769
0 1.0 0.874219 0.275240 0.048438 0.112981
0 1.0 0.918750 0.334135 0.106250 0.149038
0 1.0 0.947656 0.354567 0.042188 0.084135
0 1.0 0.962500 0.308894 0.012500 0.031250
0 1.0 0.050781 0.417067 0.101562 0.156250
0 1.0 0.089844 0.407452 0.023438 0.045673
0 1.0 0.770312 0.343750 0.253125 0.139423
0 1.0 0.786719 0.325721 0.023438 0.079327
0 1.0 0.776563 0.259615 0.040625 0.100962
0 1.0 0.817187 0.331731 0.243750 0.283654
0 1.0 0.832812 0.332933 0.031250 0.093750
0 1.0 0.825781 0.281250 0.048438 0.125000
0 1.0 0.882812 0.338942 0.031250 0.091346
0 1.0 0.849219 0.340144 0.089063 0.074519
0 1.0 0.590625 0.403846 0.015625 0.038462
0 1.0 0.614062 0.335337 0.268750 0.103365
0 1.0 0.592187 0.388221 0.025000 0.060096
0 1.0 0.646094 0.341346 0.251563 0.259615
0 1.0 0.677344 0.365385 0.017188 0.043269
0 1.0 0.669531 0.328125 0.026562 0.060096
0 1.0 0.733594 0.336538 0.023438 0.062500
0 1.0 0.726562 0.281250 0.031250 0.067308
0 1.0 0.426563 0.425481 0.012500 0.033654
0 1.0 0.493750 0.367788 0.178125 0.187500
0 1.0 0.516406 0.421875 0.029687 0.064904
0 1.0 0.505469 0.340144 0.289062 0.112981
0 1.0 0.558594 0.418269 0.039062 0.072115
0 1.0 0.382031 0.362981 0.242188 0.110577
0 1.0 0.346094 0.441106 0.023438 0.074519
0 1.0 0.402344 0.371394 0.142187 0.194712
0 1.0 0.405469 0.344952 0.239063 0.290865
0 1.0 0.403125 0.397837 0.081250 0.161058
0 1.0 0.477344 0.384615 0.070312 0.115385
0 1.0 0.171094 0.389423 0.079687 0.134615
0 1.0 0.230469 0.360577 0.264062 0.110577
0 1.0 0.183594 0.431490 0.026562 0.074519
0 1.0 0.246875 0.377404 0.131250 0.129808
0 1.0 0.261719 0.436298 0.017188 0.045673
0 1.0 0.333594 0.396635 0.017188 0.043269
0 1.0 0.311719 0.437500 0.020313 0.072115
0 1.0 0.375781 0.393029 0.032813 0.069712
0 1.0 0.025000 0.384615 0.028125 0.076923
0 1.0 0.086719 0.359375 0.160938 0.213942
0 1.0 0.092188 0.414663 0.034375 0.103365
0 1.0 0.131250 0.349760 0.096875 0.074519
0 1.0 0.139063 0.355769 0.240625 0.139423
0 1.0 0.139844 0.409856 0.035937 0.093750
0 1.0 0.204687 0.393029 0.028125 0.055288
0 1.0 0.898438 0.280048 0.203125 0.141827
0 1.0 0.930469 0.247596 0.057813 0.110577
0 1.0 0.927344 0.263221 0.079687 0.199519
0 1.0 0.964844 0.288462 0.070312 0.120192
0 1.0 0.954688 0.260817 0.025000 0.050481
0 1.0 0.976562 0.280048 0.046875 0.074519
0 1.0 0.061719 0.370192 0.067187 0.115385
0 1.0 0.084375 0.366587 0.021875 0.040865
0 1.0 0.026562 0.385817 0.053125 0.132212
0 1.0 0.078906 0.356971 0.064062 0.055288
0 1.0 0.800781 0.218750 0.010937 0.028846
0 1.0 0.778125 0.272837 0.246875 0.098558
0 1.0 0.846094 0.221154 0.010937 0.028846
0 1.0 0.850000 0.281250 0.153125 0.081731
0 1.0 0.900000 0.235577 0.012500 0.028846
0 1.0 0.864844 0.278846 0.032813 0.038462
0 1.0 0.595313 0.278846 0.025000 0.052885
0 1.0 0.662500 0.276442 0.153125 0.144231
0 1.0 0.695312 0.252404 0.009375 0.019231
0 1.0 0.678125 0.270433 0.028125 0.060096
0 1.0 0.525781 0.331731 0.014063 0.033654
0 1.0 0.511719 0.277644 0.204687 0.093750
0 1.0 0.513281 0.341346 0.035937 0.091346
0 1.0 0.567187 0.293269 0.018750 0.033654
0 1.0 0.562500 0.319712 0.037500 0.081731
0 1.0 0.599219 0.260817 0.007812 0.016827
0 1.0 0.447656 0.292067 0.017188 0.036058
0 1.0 0.351562 0.403846 0.021875 0.052885
0 1.0 0.416406 0.284856 0.170313 0.112981
0 1.0 0.403906 0.349760 0.073438 0.112981
0 1.0 0.402344 0.378606 0.045312 0.108173
0 1.0 0.521094 0.334135 0.010937 0.028846
0 1.0 0.433594 0.397837 0.014063 0.040865
0 1.0 0.193750 0.396635 0.021875 0.048077
0 1.0 0.245312 0.306490 0.137500 0.132212
0 1.0 0.258594 0.382212 0.010937 0.024038
0 1.0 0.232813 0.286058 0.240625 0.110577
0 1.0 0.246875 0.394231 0.034375 0.072115
0 1.0 0.335156 0.347356 0.010937 0.026442
0 1.0 0.275000 0.301683 0.256250 0.242788
0 1.0 0.291406 0.296875 0.126562 0.079327
0 1.0 0.313281 0.364183 0.035937 0.060096
0 1.0 0.310937 0.401442 0.025000 0.057692
0 1.0 0.388281 0.338942 0.017188 0.038462
0 1.0 0.079687 0.347356 0.012500 0.031250
0 1.0 0.134375 0.283654 0.056250 0.072115
0 1.0 0.153906 0.365385 0.014063 0.028846
0 1.0 0.217969 0.338942 0.010937 0.024038
0 1.0 0.190625 0.360577 0.021875 0.038462
0 1.0 0.242188 0.298077 0.109375 0.072115
0 1.0 0.067187 0.313702 0.053125 0.093750
0 1.0 0.076563 0.295673 0.028125 0.043269
0 1.0 0.050781 0.305288 0.026562 0.057692
0 1.0 0.038281 0.331731 0.035937 0.096154
0 1.0 0.094531 0.312500 0.085938 0.125000
0 1.0 0.041406 0.034856 0.079687 0.069712
0 1.0 0.037500 0.099760 0.031250 0.060096
0 1.0 0.068750 0.028846 0.053125 0.048077
0 1.0 0.033594 0.125000 0.020313 0.062500
0 1.0 0.092969 0.061298 0.117188 0.122596
0 1.0 0.118750 0.030048 0.090625 0.060096
0 1.0 0.079687 0.128606 0.028125 0.069712
0 1.0 0.143750 0.060096 0.128125 0.120192
0 1.0 0.141406 0.104567 0.042188 0.064904
0 1.0 0.542969 0.383413 0.245312 0.454327
0 1.0 0.246094 0.731971 0.192188 0.536058
0 1.0 0.555469 0.745192 0.345313 0.346154
0 1.0 0.361719 0.653846 0.223438 0.519231
0 1.0 0.246094 0.649038 0.357812 0.394231
0 1.0 0.493750 0.673077 0.303125 0.653846
0 1.0 0.294531 0.513221 0.314063 0.718750
0 1.0 0.541406 0.179087 0.426563 0.358173
0 1.0 0.671094 0.324519 0.657813 0.649038
0 1.0 0.479687 0.514423 0.506250 0.759615
0 1.0 0.324219 0.328125 0.648438 0.656250
0 1.0 0.500000 0.188702 1.000000 0.377404
0 1.0 0.892969 0.350962 0.214062 0.365385
0 1.0 0.071094 0.432692 0.142187 0.538462
0 1.0 0.441406 0.277644 0.442188 0.382212
0 1.0 0.823438 0.508413 0.353125 0.944712
0 1.0 0.910937 0.748798 0.178125 0.454327
0 1.0 0.180469 0.508413 0.360938 0.930288
0 1.0 0.140625 0.218750 0.281250 0.437500
0 1.0 0.864844 0.218750 0.270313 0.437500