0 1.0 0.673438 0.759375 0.225000 0.285417
0 1.0 0.147656 0.667708 0.070312 0.072917
0 1.0 0.110156 0.659375 0.220312 0.256250
0 1.0 0.025781 0.694792 0.051562 0.147917
0 1.0 0.057031 0.662500 0.114062 0.066667
0 1.0 0.086719 0.670833 0.020313 0.037500
0 1.0 0.598437 0.655208 0.056250 0.102083
0 1.0 0.052344 0.666667 0.104688 0.141667
0 1.0 0.957812 0.679167 0.034375 0.083333
0 1.0 0.951562 0.602083 0.096875 0.079167
0 1.0 0.947656 0.662500 0.054688 0.095833
0 1.0 0.931250 0.611458 0.137500 0.260417
0 1.0 0.225781 0.675000 0.142187 0.229167
0 1.0 0.249219 0.666667 0.082812 0.091667
0 1.0 0.183594 0.688542 0.101562 0.206250
0 1.0 0.196094 0.662500 0.310937 0.120833
0 1.0 0.088281 0.685417 0.085938 0.141667
0 1.0 0.133594 0.684375 0.095312 0.193750
0 1.0 0.174219 0.667708 0.107813 0.102083
0 1.0 0.775000 0.611458 0.196875 0.097917
0 1.0 0.736719 0.622917 0.301563 0.275000
0 1.0 0.714063 0.666667 0.118750 0.220833
0 1.0 0.712500 0.621875 0.178125 0.085417
0 1.0 0.864062 0.606250 0.250000 0.100000
0 1.0 0.657813 0.651042 0.131250 0.218750
0 1.0 0.594531 0.654167 0.085938 0.166667
0 1.0 0.635156 0.610417 0.310937 0.104167
0 1.0 0.886719 0.605208 0.101562 0.089583
0 1.0 0.875000 0.638542 0.090625 0.172917
0 1.0 0.758594 0.614583 0.023438 0.033333
0 1.0 0.885938 0.644792 0.046875 0.085417
0 1.0 0.827344 0.620833 0.020313 0.025000
0 1.0 0.763281 0.658333 0.082812 0.145833
0 1.0 0.814063 0.632292 0.106250 0.218750
0 1.0 0.821094 0.635417 0.073438 0.137500
0 1.0 0.858594 0.600000 0.242188 0.270833
0 1.0 0.688281 0.660417 0.317188 0.120833
0 1.0 0.764844 0.664583 0.026562 0.041667
0 1.0 0.889062 0.689583 0.056250 0.120833
0 1.0 0.829688 0.676042 0.025000 0.039583
0 1.0 0.876563 0.672917 0.196875 0.200000
0 1.0 0.753125 0.697917 0.115625 0.254167
0 1.0 0.415625 0.660417 0.306250 0.120833
0 1.0 0.392969 0.661458 0.154688 0.277083
0 1.0 0.480469 0.667708 0.029687 0.064583
0 1.0 0.337500 0.663542 0.115625 0.264583
0 1.0 0.322656 0.659375 0.229687 0.106250
0 1.0 0.290625 0.668750 0.118750 0.250000
0 1.0 0.271094 0.671875 0.029687 0.047917
0 1.0 0.557813 0.696875 0.081250 0.202083
0 1.0 0.611719 0.655208 0.198437 0.093750
0 1.0 0.579688 0.676042 0.275000 0.256250
0 1.0 0.508594 0.703125 0.079687 0.206250
0 1.0 0.540625 0.659375 0.090625 0.102083
0 1.0 0.502344 0.667708 0.189062 0.210417
0 1.0 0.447656 0.690625 0.060937 0.164583
0 1.0 0.490625 0.661458 0.121875 0.085417
0 1.0 0.535937 0.666667 0.021875 0.054167
0 1.0 0.765625 0.550000 0.365625 0.104167
0 1.0 0.772656 0.617708 0.054688 0.077083
0 1.0 0.714844 0.635417 0.076563 0.116667
0 1.0 0.637500 0.618750 0.156250 0.087500
0 1.0 0.664844 0.585417 0.073438 0.104167
0 1.0 0.669531 0.552083 0.273438 0.141667
0 1.0 0.882812 0.553125 0.234375 0.114583
0 1.0 0.808594 0.563542 0.035937 0.047917
0 1.0 0.836719 0.566667 0.064062 0.062500
0 1.0 0.825781 0.600000 0.048438 0.079167
0 1.0 0.816406 0.555208 0.179688 0.147917
0 1.0 0.884375 0.600000 0.037500 0.062500
0 1.0 0.444531 0.582292 0.082812 0.106250
0 1.0 0.484375 0.558333 0.100000 0.079167
0 1.0 0.451562 0.548958 0.237500 0.239583
0 1.0 0.457031 0.564583 0.139063 0.129167
0 1.0 0.390625 0.567708 0.093750 0.193750
0 1.0 0.595313 0.605208 0.059375 0.093750
0 1.0 0.340625 0.577083 0.087500 0.187500
0 1.0 0.347656 0.550000 0.167187 0.087500
0 1.0 0.339062 0.553125 0.243750 0.256250
0 1.0 0.292187 0.588542 0.084375 0.160417
0 1.0 0.596094 0.608333 0.039062 0.058333
0 1.0 0.628125 0.565625 0.275000 0.252083
0 1.0 0.561719 0.620833 0.051562 0.095833
0 1.0 0.589063 0.546875 0.321875 0.093750
0 1.0 0.562500 0.597917 0.081250 0.100000
0 1.0 0.557031 0.560417 0.182812 0.141667
0 1.0 0.507812 0.604167 0.056250 0.108333
0 1.0 0.448437 0.597917 0.031250 0.062500
0 1.0 0.453906 0.609375 0.176563 0.160417
0 1.0 0.415625 0.601042 0.206250 0.077083
0 1.0 0.488281 0.608333 0.017188 0.033333
0 1.0 0.944531 0.564583 0.110937 0.137500
0 1.0 0.338281 0.598958 0.170313 0.072917
0 1.0 0.369531 0.602083 0.057813 0.054167
0 1.0 0.228906 0.602083 0.204687 0.079167
0 1.0 0.142187 0.075000 0.037500 0.095833
0 1.0 0.560156 0.642708 0.114062 0.172917
0 1.0 0.541406 0.611458 0.017188 0.027083
0 1.0 0.527344 0.605208 0.273438 0.085417
0 1.0 0.510156 0.637500 0.095312 0.154167
0 1.0 0.484375 0.605208 0.140625 0.060417
0 1.0 0.449219 0.632292 0.101562 0.143750
0 1.0 0.081250 0.647917 0.050000 0.108333
0 1.0 0.106250 0.605208 0.184375 0.068750
0 1.0 0.133594 0.610417 0.054688 0.045833
0 1.0 0.025000 0.635417 0.040625 0.112500
0 1.0 0.308594 0.608333 0.020313 0.033333
0 1.0 0.068750 0.612500 0.018750 0.029167
0 1.0 0.070312 0.602083 0.140625 0.245833
0 1.0 0.046875 0.615625 0.093750 0.127083
0 1.0 0.957812 0.636458 0.025000 0.060417
0 1.0 0.960156 0.548958 0.079687 0.081250
0 1.0 0.942187 0.612500 0.046875 0.075000
0 1.0 0.041406 0.605208 0.070312 0.043750
0 1.0 0.289844 0.601042 0.185938 0.185417
0 1.0 0.264062 0.606250 0.043750 0.054167
0 1.0 0.231250 0.606250 0.265625 0.270833
0 1.0 0.177344 0.620833 0.182812 0.183333
0 1.0 0.159375 0.611458 0.090625 0.068750
0 1.0 0.607031 0.758333 0.126562 0.283333
0 1.0 0.552344 0.781250 0.126562 0.304167
0 1.0 0.589063 0.766667 0.340625 0.141667
0 1.0 0.617969 0.771875 0.048438 0.077083
0 1.0 0.855469 0.791667 0.023438 0.041667
0 1.0 0.862500 0.766667 0.234375 0.279167
0 1.0 0.799219 0.764583 0.345313 0.141667
0 1.0 0.810156 0.756250 0.173437 0.195833
0 1.0 0.339062 0.778125 0.137500 0.268750
0 1.0 0.310156 0.764583 0.323437 0.133333
0 1.0 0.275781 0.784375 0.032813 0.052083
0 1.0 0.292187 0.767708 0.146875 0.164583
0 1.0 0.228906 0.770833 0.129688 0.279167
0 1.0 0.502344 0.792708 0.126562 0.289583
0 1.0 0.544531 0.767708 0.073438 0.097917
0 1.0 0.448437 0.805208 0.087500 0.197917
0 1.0 0.399219 0.765625 0.214062 0.210417
0 1.0 0.525781 0.781250 0.026562 0.054167
0 1.0 0.478125 0.780208 0.031250 0.060417
0 1.0 0.465625 0.772917 0.225000 0.108333
0 1.0 0.336719 0.813542 0.170313 0.122917
0 1.0 0.343750 0.823958 0.284375 0.260417
0 1.0 0.292969 0.839583 0.110937 0.216667
0 1.0 0.214062 0.817708 0.300000 0.110417
0 1.0 0.283594 0.827083 0.029687 0.045833
0 1.0 0.284375 0.815625 0.087500 0.102083
0 1.0 0.233594 0.814583 0.279687 0.266667
0 1.0 0.183594 0.808333 0.129688 0.300000
0 1.0 0.499219 0.815625 0.351562 0.118750
0 1.0 0.527344 0.823958 0.092188 0.089583
0 1.0 0.489844 0.823958 0.254688 0.281250
0 1.0 0.467969 0.827083 0.042188 0.066667
0 1.0 0.525781 0.836458 0.026562 0.047917
0 1.0 0.076563 0.821875 0.028125 0.047917
0 1.0 0.074219 0.817708 0.148438 0.260417
0 1.0 0.959375 0.781250 0.059375 0.145833
0 1.0 0.943750 0.762500 0.112500 0.100000
0 1.0 0.921875 0.767708 0.125000 0.168750
0 1.0 0.782813 0.780208 0.062500 0.064583
0 1.0 0.182031 0.810417 0.085938 0.100000
0 1.0 0.134375 0.817708 0.065625 0.077083
0 1.0 0.034375 0.840625 0.068750 0.197917
0 1.0 0.057031 0.815625 0.114062 0.072917
0 1.0 0.300781 0.716667 0.232813 0.104167
0 1.0 0.336719 0.718750 0.270313 0.279167
0 1.0 0.175781 0.720833 0.273438 0.104167
0 1.0 0.255469 0.730208 0.029687 0.043750
0 1.0 0.595313 0.721875 0.071875 0.085417
0 1.0 0.545312 0.722917 0.065625 0.083333
0 1.0 0.483594 0.732292 0.023438 0.047917
0 1.0 0.475000 0.722917 0.140625 0.087500
0 1.0 0.532813 0.732292 0.021875 0.043750
0 1.0 0.458594 0.713542 0.173437 0.189583
0 1.0 0.406250 0.718750 0.315625 0.112500
0 1.0 0.063281 0.711458 0.126562 0.064583
0 1.0 0.094531 0.720833 0.020313 0.037500
0 1.0 0.958594 0.726042 0.045312 0.122917
0 1.0 0.230469 0.718750 0.101562 0.100000
0 1.0 0.939844 0.660417 0.120313 0.125000
0 1.0 0.225000 0.716667 0.265625 0.262500
0 1.0 0.184375 0.714583 0.075000 0.100000
0 1.0 0.157031 0.714583 0.051562 0.066667
0 1.0 0.060937 0.766667 0.121875 0.066667
0 1.0 0.092188 0.776042 0.021875 0.039583
0 1.0 0.049219 0.772917 0.098437 0.154167
0 1.0 0.954688 0.710417 0.090625 0.095833
0 1.0 0.138281 0.758333 0.132812 0.300000
0 1.0 0.158594 0.764583 0.295312 0.137500
0 1.0 0.186719 0.769792 0.079687 0.102083
0 1.0 0.151562 0.778125 0.053125 0.068750
0 1.0 0.607031 0.725000 0.089063 0.175000
0 1.0 0.785937 0.718750 0.031250 0.050000
0 1.0 0.854688 0.730208 0.021875 0.039583
0 1.0 0.786719 0.706250 0.351562 0.141667
0 1.0 0.846875 0.327083 0.246875 0.233333
0 1.0 0.860156 0.350000 0.170313 0.145833
0 1.0 0.832812 0.415625 0.037500 0.077083
0 1.0 0.843750 0.414583 0.018750 0.037500
0 1.0 0.247656 0.552083 0.232813 0.091667
0 1.0 0.787500 0.346875 0.306250 0.102083
0 1.0 0.794531 0.428125 0.014063 0.027083
0 1.0 0.727344 0.435417 0.026562 0.045833
0 1.0 0.742969 0.435417 0.010937 0.020833
0 1.0 0.775781 0.421875 0.039062 0.068750
0 1.0 0.050781 0.413542 0.048438 0.060417
0 1.0 0.067187 0.395833 0.134375 0.250000
0 1.0 0.046094 0.423958 0.079687 0.106250
0 1.0 0.960156 0.400000 0.014063 0.025000
0 1.0 0.928906 0.342708 0.142187 0.102083
0 1.0 0.942187 0.402083 0.031250 0.041667
0 1.0 0.925781 0.338542 0.148438 0.227083
0 1.0 0.921094 0.387500 0.064062 0.125000
0 1.0 0.872656 0.387500 0.070312 0.125000
0 1.0 0.882031 0.394792 0.032813 0.060417
0 1.0 0.956250 0.366667 0.087500 0.095833
0 1.0 0.562500 0.377083 0.081250 0.066667
0 1.0 0.514844 0.440625 0.023438 0.047917
0 1.0 0.530469 0.353125 0.195312 0.072917
0 1.0 0.523438 0.428125 0.018750 0.031250
0 1.0 0.508594 0.340625 0.232813 0.243750
0 1.0 0.508594 0.372917 0.098437 0.083333
0 1.0 0.444531 0.412500 0.014063 0.029167
0 1.0 0.437500 0.394792 0.046875 0.064583
0 1.0 0.474219 0.388542 0.042188 0.056250
0 1.0 0.403906 0.409375 0.045312 0.102083
0 1.0 0.428125 0.358333 0.206250 0.083333
0 1.0 0.735156 0.334375 0.279687 0.239583
0 1.0 0.726562 0.368750 0.118750 0.087500
0 1.0 0.673438 0.437500 0.021875 0.037500
0 1.0 0.691406 0.355208 0.260937 0.077083
0 1.0 0.685156 0.438542 0.010937 0.018750
0 1.0 0.667969 0.368750 0.117188 0.079167
0 1.0 0.627344 0.440625 0.007812 0.018750
0 1.0 0.614844 0.359375 0.220312 0.102083
0 1.0 0.614062 0.343750 0.243750 0.233333
0 1.0 0.607812 0.365625 0.109375 0.085417
0 1.0 0.571875 0.447917 0.018750 0.037500
0 1.0 0.577344 0.435417 0.014063 0.025000
0 1.0 0.621094 0.441667 0.017188 0.037500
0 1.0 0.527344 0.400000 0.235937 0.087500
0 1.0 0.523438 0.486458 0.018750 0.031250
0 1.0 0.444531 0.475000 0.039062 0.075000
0 1.0 0.032031 0.460417 0.039062 0.083333
0 1.0 0.453906 0.393750 0.229687 0.241667
0 1.0 0.455469 0.418750 0.095312 0.087500
0 1.0 0.395313 0.440625 0.065625 0.127083
0 1.0 0.425000 0.404167 0.137500 0.079167
0 1.0 0.403125 0.441667 0.043750 0.075000
0 1.0 0.664062 0.481250 0.046875 0.075000
0 1.0 0.682031 0.398958 0.304688 0.089583
0 1.0 0.680469 0.487500 0.014063 0.025000
0 1.0 0.668750 0.405208 0.275000 0.247917
0 1.0 0.604688 0.490625 0.037500 0.064583
0 1.0 0.511719 0.489583 0.035937 0.070833
0 1.0 0.563281 0.493750 0.042188 0.070833
0 1.0 0.573438 0.490625 0.018750 0.027083
0 1.0 0.560937 0.417708 0.131250 0.097917
0 1.0 0.613281 0.495833 0.010937 0.020833
0 1.0 0.192188 0.450000 0.059375 0.083333
0 1.0 0.183594 0.410417 0.254688 0.145833
0 1.0 0.190625 0.420833 0.109375 0.120833
0 1.0 0.143750 0.478125 0.046875 0.093750
0 1.0 0.152344 0.478125 0.023438 0.047917
0 1.0 0.349219 0.475000 0.054688 0.095833
0 1.0 0.077344 0.481250 0.039062 0.083333
0 1.0 0.137500 0.402083 0.146875 0.091667
0 1.0 0.087500 0.475000 0.025000 0.050000
0 1.0 0.090625 0.418750 0.137500 0.145833
0 1.0 0.144531 0.393750 0.242188 0.262500
0 1.0 0.360156 0.405208 0.220312 0.093750
0 1.0 0.335938 0.386458 0.246875 0.243750
0 1.0 0.357812 0.420833 0.115625 0.108333
0 1.0 0.293750 0.467708 0.059375 0.097917
0 1.0 0.303125 0.420833 0.121875 0.112500
0 1.0 0.222656 0.475000 0.054688 0.087500
0 1.0 0.225000 0.476042 0.031250 0.047917
0 1.0 0.557031 0.291667 0.204687 0.100000
0 1.0 0.569531 0.315625 0.051562 0.056250
0 1.0 0.510156 0.391667 0.023438 0.045833
0 1.0 0.522656 0.388542 0.010937 0.022917
0 1.0 0.405469 0.334375 0.217188 0.260417
0 1.0 0.448437 0.388542 0.021875 0.043750
0 1.0 0.542969 0.302083 0.029687 0.033333
0 1.0 0.449219 0.357292 0.035937 0.052083
0 1.0 0.480469 0.302083 0.123438 0.083333
0 1.0 0.495312 0.340625 0.015625 0.031250
0 1.0 0.406250 0.363542 0.050000 0.097917
0 1.0 0.425000 0.289583 0.181250 0.075000
0 1.0 0.521094 0.316667 0.067187 0.075000
0 1.0 0.747656 0.372917 0.007812 0.012500
0 1.0 0.729688 0.311458 0.084375 0.077083
0 1.0 0.675000 0.385417 0.025000 0.037500
0 1.0 0.688281 0.283333 0.254688 0.079167
0 1.0 0.691406 0.367708 0.007812 0.010417
0 1.0 0.583594 0.382292 0.010937 0.018750
0 1.0 0.666406 0.307292 0.101562 0.081250
0 1.0 0.617969 0.382292 0.020313 0.039583
0 1.0 0.626563 0.367708 0.006250 0.010417
0 1.0 0.613281 0.301042 0.092188 0.089583
0 1.0 0.574219 0.388542 0.023438 0.043750
0 1.0 0.240625 0.297917 0.265625 0.300000
0 1.0 0.367969 0.341667 0.039062 0.062500
0 1.0 0.068750 0.052083 0.050000 0.050000
0 1.0 0.167969 0.040625 0.082812 0.064583
0 1.0 0.151562 0.046875 0.137500 0.093750
0 1.0 0.132812 0.077083 0.225000 0.154167
0 1.0 0.415625 0.353125 0.037500 0.064583
0 1.0 0.153125 0.041667 0.043750 0.050000
0 1.0 0.090625 0.079167 0.037500 0.062500
0 1.0 0.134375 0.050000 0.078125 0.066667
0 1.0 0.107031 0.061458 0.076563 0.089583
0 1.0 0.028906 0.068750 0.026562 0.062500
0 1.0 0.091406 0.042708 0.029687 0.039583
0 1.0 0.415625 0.313542 0.081250 0.102083
0 1.0 0.363281 0.363542 0.035937 0.068750
0 1.0 0.412500 0.294792 0.040625 0.039583
0 1.0 0.245312 0.301042 0.131250 0.135417
0 1.0 0.359375 0.291667 0.196875 0.091667
0 1.0 0.343750 0.293750 0.246875 0.275000
0 1.0 0.288281 0.341667 0.060937 0.112500
0 1.0 0.317188 0.296875 0.143750 0.064583
0 1.0 0.332031 0.319792 0.020313 0.039583
0 1.0 0.228906 0.344792 0.067187 0.127083
0 1.0 0.235156 0.334375 0.026562 0.052083
0 1.0 0.387500 0.325000 0.028125 0.045833
0 1.0 0.196094 0.428125 0.035937 0.081250
0 1.0 0.211719 0.354167 0.214062 0.095833
0 1.0 0.203906 0.386458 0.060937 0.089583
0 1.0 0.141406 0.426042 0.042188 0.102083
0 1.0 0.080469 0.422917 0.039062 0.100000
0 1.0 0.128125 0.346875 0.125000 0.081250
0 1.0 0.089844 0.412500 0.032813 0.070833
0 1.0 0.111719 0.354167 0.204687 0.125000
0 1.0 0.360938 0.428125 0.028125 0.060417
0 1.0 0.365625 0.403125 0.056250 0.077083
0 1.0 0.359375 0.370833 0.196875 0.095833
0 1.0 0.381250 0.389583 0.046875 0.062500
0 1.0 0.287500 0.422917 0.034375 0.066667
0 1.0 0.285156 0.396875 0.076563 0.097917
0 1.0 0.324219 0.391667 0.042188 0.058333
0 1.0 0.225781 0.422917 0.051562 0.095833
0 1.0 0.854688 0.289583 0.087500 0.066667
0 1.0 0.881250 0.354167 0.021875 0.037500
0 1.0 0.850000 0.297917 0.200000 0.108333
0 1.0 0.832031 0.379167 0.054688 0.087500
0 1.0 0.849219 0.375000 0.014063 0.025000
0 1.0 0.776563 0.388542 0.040625 0.060417
0 1.0 0.795312 0.377083 0.009375 0.016667
0 1.0 0.772656 0.303125 0.167187 0.127083
0 1.0 0.728906 0.385417 0.032813 0.045833
0 1.0 0.023438 0.400000 0.031250 0.108333
0 1.0 0.057031 0.343750 0.079687 0.058333
0 1.0 0.046875 0.367708 0.084375 0.122917
0 1.0 0.961719 0.391667 0.023438 0.050000
0 1.0 0.960938 0.292708 0.078125 0.085417
0 1.0 0.921875 0.341667 0.078125 0.141667
0 1.0 0.947656 0.354167 0.026562 0.037500
0 1.0 0.450000 0.561458 0.028125 0.060417
0 1.0 0.481250 0.497917 0.228125 0.079167
0 1.0 0.446094 0.536458 0.070312 0.093750
0 1.0 0.457031 0.511458 0.142187 0.131250
0 1.0 0.417187 0.498958 0.150000 0.093750
0 1.0 0.400781 0.503125 0.182812 0.189583
0 1.0 0.319531 0.495833 0.242188 0.091667
0 1.0 0.342187 0.519792 0.115625 0.177083
0 1.0 0.662500 0.498958 0.190625 0.156250
0 1.0 0.602344 0.570833 0.045312 0.087500
0 1.0 0.601562 0.547917 0.031250 0.050000
0 1.0 0.562500 0.573958 0.043750 0.081250
0 1.0 0.559375 0.550000 0.071875 0.087500
0 1.0 0.564844 0.494792 0.248438 0.114583
0 1.0 0.505469 0.567708 0.042188 0.081250
0 1.0 0.515625 0.504167 0.246875 0.225000
0 1.0 0.164844 0.490625 0.232813 0.093750
0 1.0 0.139844 0.537500 0.070312 0.100000
0 1.0 0.150000 0.501042 0.246875 0.264583
0 1.0 0.075781 0.555208 0.045312 0.106250
0 1.0 0.083594 0.502083 0.129688 0.129167
0 1.0 0.025781 0.548958 0.035937 0.102083
0 1.0 0.059375 0.501042 0.059375 0.043750
0 1.0 0.066406 0.498958 0.132812 0.247917
0 1.0 0.045312 0.511458 0.071875 0.097917
0 1.0 0.118750 0.491667 0.115625 0.083333
0 1.0 0.290625 0.542708 0.068750 0.131250
0 1.0 0.258594 0.497917 0.095312 0.070833
0 1.0 0.283594 0.498958 0.229687 0.247917
0 1.0 0.231250 0.542708 0.068750 0.127083
0 1.0 0.241406 0.502083 0.182812 0.158333
0 1.0 0.188281 0.545833 0.060937 0.129167
0 1.0 0.185938 0.521875 0.100000 0.139583
0 1.0 0.153906 0.547917 0.204687 0.116667
0 1.0 0.079687 0.605208 0.043750 0.106250
0 1.0 0.118750 0.546875 0.171875 0.072917
0 1.0 0.040625 0.553125 0.062500 0.043750
0 1.0 0.029687 0.577083 0.059375 0.129167
0 1.0 0.051562 0.555208 0.031250 0.039583
0 1.0 0.959375 0.586458 0.018750 0.043750
0 1.0 0.964063 0.496875 0.071875 0.072917
0 1.0 0.280469 0.557292 0.073438 0.068750
0 1.0 0.228906 0.594792 0.079687 0.143750
0 1.0 0.141406 0.597917 0.073438 0.108333
0 1.0 0.185938 0.604167 0.068750 0.137500
0 1.0 0.813281 0.501042 0.251563 0.252083
0 1.0 0.774219 0.573958 0.057813 0.110417
0 1.0 0.775000 0.491667 0.340625 0.108333
0 1.0 0.781250 0.555208 0.037500 0.060417
0 1.0 0.769531 0.504167 0.179688 0.145833
0 1.0 0.945312 0.558333 0.040625 0.058333
0 1.0 0.723437 0.555208 0.043750 0.060417
0 1.0 0.671094 0.534375 0.051562 0.068750
0 1.0 0.720313 0.577083 0.059375 0.108333
0 1.0 0.933594 0.502083 0.132812 0.112500
0 1.0 0.928125 0.508333 0.143750 0.245833
0 1.0 0.873437 0.558333 0.062500 0.120833
0 1.0 0.804688 0.503125 0.028125 0.039583
0 1.0 0.880469 0.555208 0.039062 0.068750
0 1.0 0.809375 0.508333 0.125000 0.079167
0 1.0 0.822656 0.564583 0.057813 0.112500
0 1.0 0.829688 0.555208 0.037500 0.064583
0 1.0 0.200000 0.472917 0.053125 0.066667
0 1.0 0.141406 0.523958 0.035937 0.072917
0 1.0 0.147656 0.512500 0.026562 0.045833
0 1.0 0.149219 0.463542 0.110937 0.106250
0 1.0 0.084375 0.520833 0.034375 0.075000
0 1.0 0.960938 0.533333 0.015625 0.029167
0 1.0 0.092969 0.510417 0.023438 0.045833
0 1.0 0.100000 0.469792 0.081250 0.093750
0 1.0 0.025781 0.506250 0.026562 0.070833
0 1.0 0.093750 0.456250 0.015625 0.029167
0 1.0 0.059375 0.460417 0.050000 0.054167
0 1.0 0.159375 0.453125 0.043750 0.052083
0 1.0 0.299219 0.520833 0.045312 0.075000
0 1.0 0.289062 0.447917 0.200000 0.095833
0 1.0 0.285938 0.443750 0.056250 0.054167
0 1.0 0.235156 0.507292 0.035937 0.047917
0 1.0 0.245312 0.466667 0.121875 0.100000
0 1.0 0.193750 0.509375 0.040625 0.077083
0 1.0 0.233594 0.451042 0.082812 0.064583
0 1.0 0.829688 0.459375 0.056250 0.106250
0 1.0 0.817969 0.398958 0.304688 0.102083
0 1.0 0.845313 0.472917 0.015625 0.033333
0 1.0 0.775781 0.478125 0.048438 0.085417
0 1.0 0.721875 0.478125 0.046875 0.085417
0 1.0 0.739062 0.485417 0.015625 0.029167
0 1.0 0.794531 0.488542 0.014063 0.027083
0 1.0 0.960938 0.496875 0.021875 0.043750
0 1.0 0.928906 0.396875 0.142187 0.097917
0 1.0 0.946875 0.472917 0.031250 0.045833
0 1.0 0.957812 0.413542 0.084375 0.097917
0 1.0 0.917969 0.434375 0.082812 0.156250
0 1.0 0.872656 0.450000 0.060937 0.108333
0 1.0 0.885156 0.462500 0.020313 0.041667
0 1.0 0.839844 0.530208 0.017188 0.035417
0 1.0 0.817969 0.471875 0.129688 0.118750
0 1.0 0.793750 0.429167 0.134375 0.062500
0 1.0 0.795312 0.540625 0.015625 0.027083
0 1.0 0.780469 0.434375 0.254688 0.097917
0 1.0 0.735156 0.432292 0.148438 0.064583
0 1.0 0.735156 0.525000 0.020313 0.033333
0 1.0 0.714844 0.461458 0.157812 0.122917
0 1.0 0.975781 0.442708 0.048438 0.043750
0 1.0 0.949219 0.518750 0.029687 0.037500
0 1.0 0.920312 0.445833 0.159375 0.091667
0 1.0 0.922656 0.517708 0.060937 0.114583
0 1.0 0.877344 0.520833 0.051562 0.087500
0 1.0 0.817187 0.441667 0.012500 0.020833
0 1.0 0.889062 0.515625 0.018750 0.031250
0 1.0 0.871094 0.472917 0.139063 0.116667
0 1.0 0.511719 0.473958 0.098437 0.085417
0 1.0 0.450000 0.509375 0.015625 0.035417
0 1.0 0.550000 0.437500 0.012500 0.020833
0 1.0 0.447656 0.496875 0.032813 0.052083
0 1.0 0.469531 0.431250 0.182812 0.075000
0 1.0 0.350781 0.515625 0.035937 0.068750
0 1.0 0.353906 0.440625 0.014063 0.027083
0 1.0 0.478906 0.482292 0.045312 0.060417
0 1.0 0.680469 0.513542 0.020313 0.031250
0 1.0 0.677344 0.434375 0.248438 0.106250
0 1.0 0.657813 0.433333 0.159375 0.066667
0 1.0 0.612500 0.522917 0.012500 0.020833
0 1.0 0.519531 0.533333 0.020313 0.033333
0 1.0 0.614844 0.456250 0.164062 0.125000
0 1.0 0.564844 0.543750 0.023438 0.045833
0 1.0 0.623437 0.433333 0.068750 0.041667
0 1.0 0.565625 0.527083 0.021875 0.033333
0 1.0 0.572656 0.431250 0.235937 0.091667
0 1.0 0.564844 0.469792 0.104688 0.093750
0 1.0 0.514062 0.546875 0.025000 0.052083
0 1.0 0.561719 0.434375 0.064062 0.043750
0 1.0 0.561719 0.126042 0.242188 0.231250
0 1.0 0.575781 0.139583 0.139063 0.133333
0 1.0 0.505469 0.173958 0.064062 0.139583
0 1.0 0.658594 0.173958 0.039062 0.068750
0 1.0 0.660156 0.120833 0.251563 0.225000
0 1.0 0.657031 0.137500 0.170313 0.141667
0 1.0 0.609375 0.186458 0.053125 0.114583
0 1.0 0.613281 0.181250 0.029687 0.058333
0 1.0 0.506250 0.137500 0.103125 0.062500
0 1.0 0.430469 0.163542 0.092188 0.122917
0 1.0 0.520312 0.142708 0.031250 0.043750
0 1.0 0.450781 0.126042 0.242188 0.239583
0 1.0 0.460938 0.137500 0.121875 0.116667
0 1.0 0.393750 0.167708 0.084375 0.164583
0 1.0 0.409375 0.133333 0.268750 0.095833
0 1.0 0.578125 0.666667 0.403125 0.404167
0 1.0 0.481250 0.655208 0.656250 0.218750
0 1.0 0.653125 0.180208 0.056250 0.110417
0 1.0 0.559375 0.540625 0.600000 0.231250
0 1.0 0.831250 0.163542 0.046875 0.089583
0 1.0 0.565625 0.186458 0.050000 0.110417
0 1.0 0.810937 0.126042 0.275000 0.247917
0 1.0 0.770312 0.156250 0.087500 0.175000
0 1.0 0.743750 0.128125 0.293750 0.122917
0 1.0 0.782031 0.159375 0.048438 0.089583
0 1.0 0.726562 0.159375 0.043750 0.072917
0 1.0 0.778906 0.543750 0.442188 0.212500
0 1.0 0.246094 0.659375 0.410938 0.410417
0 1.0 0.139844 0.128125 0.110937 0.222917
0 1.0 0.435937 0.193750 0.040625 0.087500
0 1.0 0.742188 0.738542 0.231250 0.447917
0 1.0 0.707031 0.743750 0.482812 0.262500
0 1.0 0.470313 0.751042 0.668750 0.243750
0 1.0 0.027344 0.152083 0.054688 0.229167
0 1.0 0.078125 0.115625 0.075000 0.064583
0 1.0 0.070312 0.122917 0.140625 0.245833
0 1.0 0.219531 0.139583 0.095312 0.233333
0 1.0 0.232813 0.118750 0.168750 0.095833
0 1.0 0.150000 0.114583 0.171875 0.112500
0 1.0 0.229687 0.133333 0.256250 0.241667
0 1.0 0.182031 0.143750 0.079687 0.216667
0 1.0 0.147656 0.748958 0.207813 0.502083
0 1.0 0.442188 0.139583 0.059375 0.062500
0 1.0 0.537500 0.137500 0.118750 0.087500
0 1.0 0.510156 0.132292 0.164062 0.143750
0 1.0 0.353906 0.180208 0.051562 0.110417
0 1.0 0.357031 0.131250 0.129688 0.070833
0 1.0 0.355469 0.153125 0.095312 0.135417
0 1.0 0.348438 0.126042 0.243750 0.231250
0 1.0 0.287500 0.180208 0.053125 0.110417
0 1.0 0.289844 0.154167 0.101562 0.133333
0 1.0 0.303906 0.141667 0.026562 0.037500
0 1.0 0.339062 0.183333 0.184375 0.083333
0 1.0 0.653125 0.423958 0.215625 0.568750
0 1.0 0.649219 0.354167 0.589063 0.204167
0 1.0 0.506250 0.242708 0.050000 0.127083
0 1.0 0.546094 0.175000 0.129688 0.070833
0 1.0 0.519531 0.171875 0.223438 0.114583
0 1.0 0.717969 0.164583 0.073438 0.137500
0 1.0 0.441406 0.252083 0.032813 0.079167
0 1.0 0.534375 0.186458 0.056250 0.052083
0 1.0 0.435156 0.215625 0.073438 0.110417
0 1.0 0.487500 0.180208 0.106250 0.089583
0 1.0 0.480469 0.208333 0.032813 0.050000
0 1.0 0.508594 0.192708 0.251563 0.252083
0 1.0 0.645312 0.457292 0.481250 0.235417
0 1.0 0.230469 0.446875 0.460938 0.202083
0 1.0 0.289062 0.227083 0.053125 0.108333
0 1.0 0.399219 0.181250 0.229687 0.245833
0 1.0 0.357031 0.223958 0.039062 0.081250
0 1.0 0.410156 0.179167 0.070312 0.058333
0 1.0 0.351562 0.203125 0.093750 0.127083
0 1.0 0.366406 0.196875 0.045312 0.064583
0 1.0 0.675781 0.177083 0.273438 0.100000
0 1.0 0.359375 0.350000 0.621875 0.200000
0 1.0 0.415625 0.172917 0.240625 0.095833
0 1.0 0.664062 0.203125 0.053125 0.089583
0 1.0 0.832812 0.252083 0.334375 0.208333
0 1.0 0.607031 0.181250 0.229687 0.233333
0 1.0 0.610156 0.179167 0.129688 0.141667
0 1.0 0.565625 0.230208 0.053125 0.118750
0 1.0 0.721094 0.194792 0.260937 0.256250
0 1.0 0.927344 0.137500 0.145313 0.250000
0 1.0 0.946094 0.137500 0.107813 0.154167
0 1.0 0.875781 0.152083 0.107813 0.225000
0 1.0 0.829688 0.130208 0.103125 0.085417
0 1.0 0.882812 0.153125 0.071875 0.135417
0 1.0 0.128125 0.176042 0.140625 0.089583
0 1.0 0.821875 0.164583 0.078125 0.166667
0 1.0 0.274219 0.546875 0.548438 0.218750
0 1.0 0.961719 0.165625 0.051562 0.114583
0 1.0 0.188281 0.183333 0.023438 0.054167
0 1.0 0.142969 0.177083 0.245312 0.125000
0 1.0 0.128906 0.168750 0.229687 0.312500
0 1.0 0.286719 0.188542 0.260937 0.252083
0 1.0 0.326562 0.206250 0.021875 0.037500
0 1.0 0.260937 0.177083 0.190625 0.100000
0 1.0 0.059375 0.179167 0.065625 0.058333
0 1.0 0.050781 0.178125 0.082812 0.147917
0 1.0 0.735156 0.030208 0.145313 0.060417
0 1.0 0.666406 0.059375 0.142187 0.118750
0 1.0 0.611719 0.131250 0.035937 0.070833
0 1.0 0.645312 0.030208 0.121875 0.060417
0 1.0 0.872656 0.060417 0.160938 0.120833
0 1.0 0.821094 0.082292 0.070312 0.135417
0 1.0 0.830469 0.032292 0.192188 0.064583
0 1.0 0.717969 0.087500 0.064062 0.116667
0 1.0 0.768750 0.080208 0.084375 0.160417
0 1.0 0.776563 0.068750 0.056250 0.091667
0 1.0 0.766406 0.062500 0.170313 0.125000
0 1.0 0.828125 0.068750 0.050000 0.079167
0 1.0 0.057813 0.088542 0.093750 0.127083
0 1.0 0.677344 0.533333 0.439063 0.487500
0 1.0 0.964844 0.071875 0.026562 0.056250
0 1.0 0.499219 0.304167 0.832812 0.308333
0 1.0 0.952344 0.031250 0.095312 0.062500
0 1.0 0.921094 0.072917 0.076563 0.145833
0 1.0 0.875781 0.068750 0.067187 0.116667
0 1.0 0.873437 0.027083 0.084375 0.054167
0 1.0 0.018750 0.112500 0.037500 0.108333
0 1.0 0.353906 0.060417 0.110937 0.112500
0 1.0 0.290625 0.093750 0.037500 0.075000
0 1.0 0.228906 0.038542 0.110937 0.068750
0 1.0 0.500000 0.525000 1.000000 0.412500
0 1.0 0.499219 0.806250 0.982812 0.379167
0 1.0 0.290625 0.071875 0.062500 0.085417
0 1.0 0.300781 0.033333 0.042188 0.045833
0 1.0 0.507031 0.041667 0.201563 0.083333
0 1.0 0.506250 0.080208 0.234375 0.160417
0 1.0 0.443750 0.090625 0.031250 0.060417
0 1.0 0.509375 0.032292 0.050000 0.043750
0 1.0 0.182031 0.068750 0.076563 0.120833
0 1.0 0.219531 0.068750 0.054688 0.095833
0 1.0 0.293750 0.076042 0.246875 0.152083
0 1.0 0.353906 0.083333 0.064062 0.091667
0 1.0 0.280469 0.042708 0.170313 0.085417
0 1.0 0.567969 0.091667 0.048438 0.070833
0 1.0 0.567969 0.063542 0.101562 0.097917
0 1.0 0.507031 0.096875 0.051562 0.102083
0 1.0 0.439063 0.073958 0.078125 0.097917
0 1.0 0.261719 0.879167 0.523438 0.241667
0 1.0 0.657031 0.118750 0.045312 0.087500
0 1.0 0.659375 0.094792 0.040625 0.060417
0 1.0 0.467969 0.060417 0.104688 0.108333
0 1.0 0.395313 0.087500 0.065625 0.129167
0 1.0 0.418750 0.032292 0.212500 0.064583
0 1.0 0.400781 0.079167 0.239063 0.158333
0 1.0 0.589844 0.032292 0.110937 0.060417
0 1.0 0.352344 0.100000 0.039062 0.079167
0 1.0 0.615625 0.112500 0.025000 0.041667
0 1.0 0.613281 0.062500 0.123438 0.108333
0 1.0 0.738281 0.878125 0.523438 0.243750
0 1.0 0.404687 0.059375 0.134375 0.118750
0 1.0 0.470313 0.851042 0.706250 0.185417
0 1.0 0.961719 0.123958 0.057813 0.122917
0 1.0 0.778906 0.123958 0.054688 0.097917
0 1.0 0.721094 0.131250 0.045312 0.079167
0 1.0 0.177344 0.923958 0.354687 0.152083
0 1.0 0.659375 0.148958 0.037500 0.064583
0 1.0 0.611719 0.162500 0.039062 0.079167
0 1.0 0.949219 0.076042 0.101562 0.097917
0 1.0 0.355469 0.134375 0.042188 0.089583
0 1.0 0.395313 0.116667 0.103125 0.141667
0 1.0 0.081250 0.112500 0.075000 0.166667
0 1.0 0.645312 0.122917 0.709375 0.245833
0 1.0 0.360938 0.119792 0.721875 0.239583
0 1.0 0.301563 0.100000 0.112500 0.120833
0 1.0 0.615625 0.162500 0.025000 0.050000
0 1.0 0.566406 0.150000 0.042188 0.087500
0 1.0 0.576562 0.088542 0.209375 0.102083
0 1.0 0.459375 0.921875 0.656250 0.156250
0 1.0 0.289844 0.142708 0.048438 0.097917
0 1.0 0.232031 0.095833 0.035937 0.058333
0 1.0 0.827344 0.922917 0.345313 0.154167
0 1.0 0.492969 0.090625 0.135937 0.085417
0 1.0 0.289062 0.923958 0.334375 0.114583
0 1.0 0.292187 0.915625 0.150000 0.168750
0 1.0 0.309375 0.928125 0.084375 0.077083
0 1.0 0.228125 0.907292 0.121875 0.185417
0 1.0 0.444531 0.926042 0.085938 0.147917
0 1.0 0.464844 0.921875 0.254688 0.114583
0 1.0 0.484375 0.926042 0.093750 0.093750
0 1.0 0.391406 0.908333 0.117188 0.183333
0 1.0 0.396094 0.902083 0.270313 0.195833
0 1.0 0.353906 0.922917 0.145313 0.129167
0 1.0 0.942969 0.887500 0.035937 0.058333
0 1.0 0.925000 0.880208 0.150000 0.147917
0 1.0 0.927344 0.867708 0.054688 0.102083
0 1.0 0.132031 0.917708 0.095312 0.164583
0 1.0 0.887500 0.867708 0.037500 0.064583
0 1.0 0.789844 0.879167 0.092188 0.066667
0 1.0 0.900781 0.906250 0.023438 0.050000
0 1.0 0.864844 0.889583 0.026562 0.037500
0 1.0 0.827344 0.852083 0.042188 0.066667
0 1.0 0.900000 0.853125 0.200000 0.256250
0 1.0 0.156250 0.922917 0.203125 0.116667
0 1.0 0.081250 0.929167 0.090625 0.141667
0 1.0 0.027344 0.939583 0.054688 0.120833
0 1.0 0.081250 0.931250 0.050000 0.066667
0 1.0 0.953125 0.864583 0.018750 0.037500
0 1.0 0.945312 0.925000 0.109375 0.133333
0 1.0 0.854688 0.929167 0.181250 0.091667
0 1.0 0.881250 0.935417 0.075000 0.116667
0 1.0 0.817187 0.926042 0.103125 0.147917
0 1.0 0.182031 0.955208 0.095312 0.089583
0 1.0 0.165625 0.960417 0.043750 0.050000
0 1.0 0.139844 0.956250 0.079687 0.083333
0 1.0 0.109375 0.962500 0.031250 0.045833
0 1.0 0.089063 0.960417 0.050000 0.066667
0 1.0 0.050781 0.955208 0.098437 0.089583
0 1.0 0.957031 0.946875 0.045312 0.106250
0 1.0 0.664844 0.912500 0.182812 0.145833
0 1.0 0.599219 0.918750 0.095312 0.162500
0 1.0 0.603125 0.933333 0.053125 0.091667
0 1.0 0.545312 0.920833 0.096875 0.158333
0 1.0 0.556250 0.904167 0.265625 0.191667
0 1.0 0.502344 0.909375 0.104688 0.181250
0 1.0 0.764844 0.919792 0.101562 0.160417
0 1.0 0.717187 0.909375 0.087500 0.139583
0 1.0 0.667188 0.916667 0.068750 0.112500
0 1.0 0.959375 0.845833 0.059375 0.166667
0 1.0 0.933594 0.811458 0.132812 0.097917
0 1.0 0.871875 0.811458 0.256250 0.122917
0 1.0 0.796094 0.869792 0.323437 0.131250
0 1.0 0.757812 0.820833 0.109375 0.079167
0 1.0 0.829688 0.830208 0.025000 0.043750
0 1.0 0.200000 0.870833 0.131250 0.158333
0 1.0 0.137500 0.855208 0.037500 0.077083
0 1.0 0.171094 0.877083 0.220312 0.095833
0 1.0 0.194531 0.883333 0.060937 0.066667
0 1.0 0.139844 0.866667 0.189062 0.179167
0 1.0 0.088281 0.867708 0.032813 0.064583
0 1.0 0.050781 0.884375 0.101562 0.127083
0 1.0 0.139844 0.883333 0.045312 0.050000
0 1.0 0.032813 0.872917 0.034375 0.075000
0 1.0 0.057031 0.876042 0.079687 0.056250
0 1.0 0.081250 0.883333 0.025000 0.037500
0 1.0 0.112500 0.877083 0.150000 0.075000
0 1.0 0.690625 0.800000 0.115625 0.133333
0 1.0 0.657813 0.809375 0.328125 0.152083
0 1.0 0.587500 0.826042 0.037500 0.060417
0 1.0 0.748437 0.795833 0.121875 0.283333
0 1.0 0.690625 0.878125 0.137500 0.106250
0 1.0 0.658594 0.856250 0.210938 0.195833
0 1.0 0.606250 0.839583 0.034375 0.075000
0 1.0 0.617188 0.860417 0.021875 0.045833
0 1.0 0.550000 0.883333 0.034375 0.066667
0 1.0 0.582812 0.895833 0.037500 0.050000
0 1.0 0.510938 0.916667 0.046875 0.104167
0 1.0 0.508594 0.885417 0.260937 0.095833
0 1.0 0.840625 0.887500 0.025000 0.041667
0 1.0 0.768750 0.842708 0.046875 0.093750
0 1.0 0.778906 0.862500 0.029687 0.058333
0 1.0 0.678906 0.836458 0.035937 0.068750
0 1.0 0.721094 0.818750 0.048438 0.091667
0 1.0 0.671094 0.811458 0.048438 0.097917
0 1.0 0.300000 0.892708 0.034375 0.060417
0 1.0 0.302344 0.892708 0.079687 0.097917
0 1.0 0.291406 0.898958 0.026562 0.035417
0 1.0 0.257812 0.881250 0.315625 0.116667
0 1.0 0.231250 0.900000 0.043750 0.079167
0 1.0 0.196875 0.848958 0.043750 0.110417
0 1.0 0.540625 0.891667 0.071875 0.066667
0 1.0 0.447656 0.885417 0.023438 0.041667
0 1.0 0.528906 0.898958 0.026562 0.043750
0 1.0 0.358594 0.885417 0.101562 0.079167
0 1.0 0.394531 0.882292 0.048438 0.089583
0 1.0 0.485156 0.892708 0.029687 0.047917
0 1.0 0.339062 0.905208 0.053125 0.093750
0 1.0 0.467969 0.892708 0.135937 0.131250
0 1.0 0.516406 0.314583 0.029687 0.066667
0 1.0 0.517188 0.241667 0.181250 0.133333
0 1.0 0.442188 0.315625 0.050000 0.081250
0 1.0 0.489844 0.250000 0.064062 0.075000
0 1.0 0.451562 0.261458 0.153125 0.156250
0 1.0 0.400781 0.270833 0.095312 0.170833
0 1.0 0.661719 0.247917 0.229687 0.237500
0 1.0 0.657031 0.242708 0.160938 0.152083
0 1.0 0.616406 0.298958 0.029687 0.097917
0 1.0 0.449219 0.257292 0.229687 0.252083
0 1.0 0.357812 0.310417 0.037500 0.091667
0 1.0 0.357031 0.232292 0.279687 0.110417
0 1.0 0.350781 0.246875 0.160938 0.164583
0 1.0 0.290625 0.283333 0.043750 0.095833
0 1.0 0.232813 0.239583 0.225000 0.104167
0 1.0 0.289844 0.266667 0.082812 0.125000
0 1.0 0.288281 0.251042 0.035937 0.056250
0 1.0 0.357031 0.277083 0.073438 0.108333
0 1.0 0.667969 0.313542 0.029687 0.077083
0 1.0 0.675000 0.284375 0.021875 0.043750
0 1.0 0.619531 0.273958 0.017188 0.047917
0 1.0 0.826562 0.304167 0.068750 0.150000
0 1.0 0.837500 0.298958 0.031250 0.064583
0 1.0 0.571094 0.296875 0.035937 0.068750
0 1.0 0.559375 0.250000 0.221875 0.245833
0 1.0 0.510156 0.333333 0.029687 0.083333
0 1.0 0.785156 0.284375 0.026562 0.052083
0 1.0 0.738281 0.230208 0.279687 0.110417
0 1.0 0.731250 0.294792 0.021875 0.043750
0 1.0 0.810937 0.181250 0.121875 0.075000
0 1.0 0.821094 0.179167 0.304688 0.112500
0 1.0 0.828906 0.221875 0.060937 0.118750
0 1.0 0.174219 0.226042 0.170313 0.218750
0 1.0 0.082031 0.219792 0.157812 0.227083
0 1.0 0.032813 0.238542 0.065625 0.322917
0 1.0 0.065625 0.230208 0.131250 0.089583
0 1.0 0.050781 0.233333 0.057813 0.070833
0 1.0 0.967969 0.245833 0.039062 0.108333
0 1.0 0.778906 0.204167 0.060937 0.108333
0 1.0 0.714063 0.219792 0.084375 0.168750
0 1.0 0.719531 0.211458 0.057813 0.097917
0 1.0 0.660156 0.257292 0.557813 0.222917
0 1.0 0.343750 0.246875 0.568750 0.218750
0 1.0 0.110937 0.230208 0.156250 0.139583
0 1.0 0.229687 0.248958 0.096875 0.268750
0 1.0 0.186719 0.241667 0.085938 0.275000
0 1.0 0.954688 0.193750 0.090625 0.129167
0 1.0 0.612500 0.953125 0.109375 0.081250
0 1.0 0.639062 0.958333 0.025000 0.037500
0 1.0 0.569531 0.964583 0.070312 0.070833
0 1.0 0.586719 0.956250 0.026562 0.041667
0 1.0 0.840625 0.958333 0.050000 0.045833
0 1.0 0.772656 0.958333 0.045312 0.041667
0 1.0 0.721094 0.956250 0.114062 0.087500
0 1.0 0.691406 0.959375 0.035937 0.039583
0 1.0 0.666406 0.946875 0.101562 0.106250
0 1.0 0.329688 0.953125 0.037500 0.056250
0 1.0 0.314063 0.957292 0.050000 0.056250
0 1.0 0.294531 0.951042 0.082812 0.089583
0 1.0 0.543750 0.961458 0.025000 0.039583
0 1.0 0.264062 0.961458 0.046875 0.052083
0 1.0 0.215625 0.960417 0.046875 0.050000
0 1.0 0.252344 0.944792 0.135937 0.110417
0 1.0 0.530469 0.955208 0.035937 0.056250
0 1.0 0.469531 0.958333 0.085938 0.083333
0 1.0 0.412500 0.954167 0.096875 0.091667
0 1.0 0.382031 0.958333 0.026562 0.041667
0 1.0 0.349219 0.951042 0.101562 0.085417
0 1.0 0.805469 0.241667 0.148438 0.083333
0 1.0 0.878125 0.284375 0.068750 0.139583
0 1.0 0.891406 0.962500 0.135937 0.075000
0 1.0 0.094531 0.290625 0.110937 0.147917
0 1.0 0.063281 0.289583 0.079687 0.058333
0 1.0 0.035937 0.298958 0.062500 0.156250
0 1.0 0.779687 0.078125 0.440625 0.156250
0 1.0 0.773438 0.294792 0.065625 0.139583
0 1.0 0.932031 0.242708 0.135937 0.131250
0 1.0 0.918750 0.257292 0.103125 0.272917
0 1.0 0.860938 0.957292 0.021875 0.035417
0 1.0 0.969531 0.322917 0.029687 0.079167
0 1.0 0.864844 0.953125 0.045312 0.056250
0 1.0 0.190625 0.318750 0.071875 0.162500
0 1.0 0.217969 0.313542 0.026562 0.052083
0 1.0 0.141406 0.315625 0.082812 0.197917
0 1.0 0.150000 0.304167 0.031250 0.070833
0 1.0 0.128125 0.289583 0.112500 0.079167
0 1.0 0.072656 0.292708 0.023438 0.060417
0 1.0 0.565625 0.794792 0.231250 0.410417
0 1.0 0.746875 0.507292 0.203125 0.527083
0 1.0 0.814063 0.645833 0.371875 0.433333
0 1.0 0.846875 0.570833 0.200000 0.558333
0 1.0 0.074219 0.654167 0.148438 0.587500
0 1.0 0.449219 0.680208 0.204687 0.510417
0 1.0 0.475000 0.563542 0.484375 0.418750
0 1.0 0.247656 0.469792 0.214062 0.518750
0 1.0 0.352344 0.580208 0.207813 0.547917
0 1.0 0.246094 0.193750 0.410938 0.387500
0 1.0 0.083594 0.251042 0.167187 0.502083
0 1.0 0.335938 0.670833 0.671875 0.658333
0 1.0 0.328125 0.323958 0.656250 0.647917
0 1.0 0.142187 0.459375 0.218750 0.556250
0 1.0 0.547656 0.364583 0.207813 0.529167
0 1.0 0.564063 0.363542 0.475000 0.381250
0 1.0 0.508594 0.536458 0.320312 0.718750
0 1.0 0.847656 0.365625 0.195312 0.518750
0 1.0 0.446094 0.252083 0.426563 0.404167
0 1.0 0.891406 0.248958 0.217188 0.352083
0 1.0 0.338281 0.338542 0.420312 0.410417
0 1.0 0.178906 0.498958 0.357812 0.947917
0 1.0 0.671094 0.323958 0.657813 0.647917
0 1.0 0.913281 0.561458 0.173437 0.481250
0 1.0 0.826562 0.528125 0.346875 0.943750