0 1.0 0.348946 0.619531 0.416862 0.539062
0 1.0 0.419204 0.500000 0.468384 1.000000
0 1.0 0.608899 0.678906 0.107728 0.423438
0 1.0 0.462529 0.597656 0.124122 0.182812
0 1.0 0.427400 0.616406 0.255269 0.360938
0 1.0 0.502342 0.610938 0.035129 0.062500
0 1.0 0.442623 0.608594 0.224824 0.114062
0 1.0 0.444965 0.639062 0.098361 0.334375
0 1.0 0.585480 0.655469 0.304450 0.135937
0 1.0 0.913349 0.596094 0.149883 0.182812
0 1.0 0.604215 0.657031 0.140515 0.145313
0 1.0 0.788056 0.603125 0.194379 0.106250
0 1.0 0.285714 0.644531 0.145199 0.423438
0 1.0 0.222482 0.655469 0.224824 0.117188
0 1.0 0.768150 0.627344 0.107728 0.173437
0 1.0 0.598361 0.595313 0.124122 0.118750
0 1.0 0.392272 0.617188 0.119438 0.393750
0 1.0 0.585480 0.618750 0.243560 0.353125
0 1.0 0.599532 0.592187 0.163934 0.215625
0 1.0 0.498829 0.629687 0.126464 0.378125
0 1.0 0.564403 0.603125 0.070258 0.087500
0 1.0 0.532787 0.602344 0.231850 0.110937
0 1.0 0.228337 0.626563 0.128806 0.415625
0 1.0 0.220141 0.602344 0.163934 0.104688
0 1.0 0.248244 0.602344 0.056206 0.082812
0 1.0 0.525761 0.604688 0.063232 0.087500
0 1.0 0.185012 0.607031 0.112412 0.332813
0 1.0 0.134660 0.601562 0.110070 0.393750
0 1.0 0.139344 0.602344 0.170960 0.101562
0 1.0 0.449649 0.604688 0.051522 0.078125
0 1.0 0.331382 0.650781 0.274005 0.129688
0 1.0 0.336066 0.572656 0.189696 0.276562
0 1.0 0.083138 0.666406 0.128806 0.385937
0 1.0 0.108899 0.658594 0.217799 0.126562
0 1.0 0.045667 0.663281 0.067916 0.092188
0 1.0 0.059719 0.657031 0.119438 0.192188
0 1.0 0.961358 0.645312 0.044496 0.131250
0 1.0 0.947307 0.604688 0.105386 0.093750
0 1.0 0.496487 0.685937 0.229508 0.387500
0 1.0 0.446136 0.657813 0.311475 0.128125
0 1.0 0.251756 0.659375 0.091335 0.103125
0 1.0 0.772834 0.604688 0.290398 0.284375
0 1.0 0.707260 0.626563 0.126464 0.334375
0 1.0 0.649883 0.635938 0.114754 0.415625
0 1.0 0.675644 0.601562 0.269321 0.112500
0 1.0 0.689696 0.599219 0.128806 0.104688
0 1.0 0.810304 0.607031 0.079625 0.064062
0 1.0 0.857143 0.611719 0.060890 0.060937
0 1.0 0.816159 0.628906 0.114754 0.217188
0 1.0 0.283372 0.537500 0.079625 0.106250
0 1.0 0.251756 0.549219 0.185012 0.107813
0 1.0 0.504684 0.544531 0.274005 0.142187
0 1.0 0.057377 0.605469 0.114754 0.085938
0 1.0 0.245902 0.532031 0.196721 0.248438
0 1.0 0.146370 0.548438 0.166276 0.100000
0 1.0 0.477752 0.551562 0.103044 0.103125
0 1.0 0.399297 0.544531 0.259953 0.139063
0 1.0 0.419204 0.542969 0.117096 0.123438
0 1.0 0.672131 0.546875 0.262295 0.153125
0 1.0 0.656909 0.570312 0.091335 0.228125
0 1.0 0.918033 0.489844 0.117096 0.298438
0 1.0 0.881733 0.501563 0.236534 0.140625
0 1.0 0.858314 0.506250 0.086651 0.087500
0 1.0 0.886417 0.525000 0.077283 0.134375
0 1.0 0.855972 0.482812 0.259953 0.275000
0 1.0 0.817330 0.533594 0.093677 0.176563
0 1.0 0.879391 0.521094 0.110070 0.214062
0 1.0 0.125293 0.549219 0.213115 0.329688
0 1.0 0.093677 0.553125 0.126464 0.134375
0 1.0 0.031616 0.545312 0.058548 0.209375
0 1.0 0.055035 0.551562 0.110070 0.093750
0 1.0 0.961358 0.549219 0.044496 0.129688
0 1.0 0.943794 0.500000 0.112412 0.106250
0 1.0 0.946136 0.557031 0.107728 0.145313
0 1.0 0.854801 0.552344 0.074941 0.073438
0 1.0 0.820843 0.548438 0.330211 0.131250
0 1.0 0.820843 0.579688 0.077283 0.115625
0 1.0 0.316159 0.593750 0.145199 0.112500
0 1.0 0.441452 0.658594 0.067916 0.085938
0 1.0 0.961358 0.598437 0.039813 0.115625
0 1.0 0.550351 0.579688 0.126464 0.300000
0 1.0 0.442623 0.567187 0.056206 0.165625
0 1.0 0.770492 0.572656 0.093677 0.142187
0 1.0 0.714286 0.559375 0.098361 0.181250
0 1.0 0.266979 0.774219 0.281030 0.285938
0 1.0 0.189696 0.781250 0.093677 0.275000
0 1.0 0.227166 0.767188 0.327869 0.131250
0 1.0 0.446136 0.749219 0.147541 0.304688
0 1.0 0.420375 0.777344 0.278689 0.182812
0 1.0 0.128806 0.762500 0.149883 0.337500
0 1.0 0.151054 0.770312 0.138173 0.146875
0 1.0 0.347775 0.771875 0.124122 0.259375
0 1.0 0.323185 0.785156 0.238876 0.148438
0 1.0 0.573770 0.746094 0.248244 0.335938
0 1.0 0.531616 0.771094 0.299766 0.148438
0 1.0 0.848946 0.735156 0.259953 0.301563
0 1.0 0.765808 0.725781 0.140515 0.310937
0 1.0 0.789227 0.702344 0.299766 0.139063
0 1.0 0.046838 0.778125 0.093677 0.293750
0 1.0 0.055035 0.768750 0.067916 0.090625
0 1.0 0.066745 0.760156 0.133489 0.101562
0 1.0 0.957845 0.741406 0.056206 0.217188
0 1.0 0.933255 0.709375 0.133489 0.150000
0 1.0 0.918033 0.737500 0.121780 0.328125
0 1.0 0.807963 0.765625 0.196721 0.131250
0 1.0 0.152225 0.813281 0.304450 0.154688
0 1.0 0.088993 0.818750 0.177986 0.271875
0 1.0 0.065574 0.816406 0.131148 0.098437
0 1.0 0.920375 0.762500 0.159251 0.162500
0 1.0 0.706089 0.756250 0.110070 0.321875
0 1.0 0.666276 0.764844 0.320843 0.132812
0 1.0 0.654567 0.758594 0.180328 0.282813
0 1.0 0.878220 0.675000 0.145199 0.243750
0 1.0 0.859485 0.661719 0.088993 0.082812
0 1.0 0.820843 0.655469 0.320843 0.135937
0 1.0 0.048009 0.717187 0.067916 0.087500
0 1.0 0.263466 0.720313 0.264637 0.118750
0 1.0 0.946136 0.655469 0.107728 0.095312
0 1.0 0.210773 0.722656 0.126464 0.104688
0 1.0 0.533958 0.660937 0.074941 0.106250
0 1.0 0.500000 0.664844 0.049180 0.076563
0 1.0 0.685012 0.658594 0.156909 0.135937
0 1.0 0.826698 0.657031 0.088993 0.073438
0 1.0 0.663934 0.675781 0.245902 0.354687
0 1.0 0.564403 0.718750 0.159251 0.150000
0 1.0 0.387588 0.715625 0.288056 0.115625
0 1.0 0.669789 0.707031 0.299766 0.123438
0 1.0 0.820843 0.708594 0.119438 0.095312
0 1.0 0.469555 0.721094 0.124122 0.110937
0 1.0 0.155738 0.717969 0.105386 0.120313
0 1.0 0.118267 0.711719 0.236534 0.123438
0 1.0 0.110070 0.718750 0.103044 0.109375
0 1.0 0.388759 0.709375 0.192037 0.271875
0 1.0 0.290398 0.732812 0.126464 0.103125
0 1.0 0.477752 0.341406 0.135831 0.110937
0 1.0 0.703747 0.334375 0.114754 0.328125
0 1.0 0.464871 0.341406 0.227166 0.173437
0 1.0 0.457845 0.296875 0.274005 0.387500
0 1.0 0.403981 0.319531 0.166276 0.257812
0 1.0 0.345433 0.316406 0.138173 0.392188
0 1.0 0.334895 0.339844 0.182670 0.110937
0 1.0 0.594848 0.313281 0.117096 0.345313
0 1.0 0.579625 0.339062 0.288056 0.146875
0 1.0 0.877049 0.344531 0.091335 0.235937
0 1.0 0.540984 0.312500 0.196721 0.271875
0 1.0 0.127635 0.325781 0.133489 0.292187
0 1.0 0.151054 0.341406 0.213115 0.154688
0 1.0 0.077283 0.294531 0.112412 0.439063
0 1.0 0.030445 0.310156 0.060890 0.232813
0 1.0 0.059719 0.340625 0.119438 0.090625
0 1.0 0.291569 0.322656 0.128806 0.317188
0 1.0 0.961358 0.304688 0.053864 0.175000
0 1.0 0.953162 0.288281 0.093677 0.101562
0 1.0 0.263466 0.341406 0.264637 0.132812
0 1.0 0.233021 0.350781 0.105386 0.270313
0 1.0 0.251756 0.325000 0.264637 0.353125
0 1.0 0.189696 0.344531 0.088993 0.282813
0 1.0 0.168618 0.392188 0.117096 0.100000
0 1.0 0.099532 0.396094 0.185012 0.101562
0 1.0 0.078454 0.375781 0.081967 0.267188
0 1.0 0.658080 0.330469 0.149883 0.204687
0 1.0 0.038642 0.388281 0.077283 0.310937
0 1.0 0.051522 0.395313 0.103044 0.084375
0 1.0 0.961358 0.363281 0.044496 0.142187
0 1.0 0.935597 0.342187 0.128806 0.112500
0 1.0 0.296253 0.410938 0.161593 0.096875
0 1.0 0.231850 0.425781 0.084309 0.198437
0 1.0 0.245902 0.410156 0.196721 0.185938
0 1.0 0.199063 0.400000 0.220141 0.121875
0 1.0 0.894614 0.226562 0.210773 0.325000
0 1.0 0.810304 0.335938 0.192037 0.221875
0 1.0 0.758782 0.342969 0.281030 0.135937
0 1.0 0.762295 0.332031 0.255269 0.342187
0 1.0 0.923888 0.343750 0.152225 0.300000
0 1.0 0.839578 0.341406 0.185012 0.110937
0 1.0 0.855972 0.350781 0.264637 0.348438
0 1.0 0.817330 0.349219 0.093677 0.220312
0 1.0 0.125293 0.225781 0.213115 0.367188
0 1.0 0.112412 0.298438 0.173302 0.109375
0 1.0 0.059719 0.292969 0.100703 0.079687
0 1.0 0.275176 0.284375 0.264637 0.153125
0 1.0 0.231850 0.283594 0.084309 0.179688
0 1.0 0.197892 0.292187 0.077283 0.137500
0 1.0 0.024590 0.072656 0.044496 0.120313
0 1.0 0.065574 0.027344 0.065574 0.054688
0 1.0 0.072600 0.081250 0.145199 0.162500
0 1.0 0.126464 0.064062 0.084309 0.128125
0 1.0 0.759953 0.500781 0.437939 0.998437
0 1.0 0.940281 0.232813 0.119438 0.112500
0 1.0 0.588993 0.720313 0.822014 0.537500
0 1.0 0.956674 0.248438 0.086651 0.228125
0 1.0 0.905152 0.229687 0.189696 0.159375
0 1.0 0.142857 0.043750 0.173302 0.087500
0 1.0 0.112412 0.028906 0.103044 0.057813
0 1.0 0.768150 0.263281 0.107728 0.273438
0 1.0 0.761124 0.287500 0.201405 0.121875
0 1.0 0.771663 0.257812 0.072600 0.159375
0 1.0 0.711944 0.271094 0.084309 0.185938
0 1.0 0.696721 0.285938 0.231850 0.171875
0 1.0 0.651054 0.281250 0.070258 0.190625
0 1.0 0.891101 0.289062 0.217799 0.128125
0 1.0 0.851288 0.288281 0.105386 0.085938
0 1.0 0.884075 0.253125 0.063232 0.153125
0 1.0 0.822014 0.265625 0.070258 0.162500
0 1.0 0.490632 0.283594 0.110070 0.117188
0 1.0 0.462529 0.281250 0.147541 0.231250
0 1.0 0.638173 0.275000 0.259953 0.312500
0 1.0 0.370023 0.282813 0.131148 0.109375
0 1.0 0.592506 0.284375 0.168618 0.121875
0 1.0 0.498829 0.281250 0.309133 0.159375
0 1.0 0.880562 0.447656 0.238876 0.135937
0 1.0 0.770492 0.230469 0.295082 0.135937
0 1.0 0.854801 0.449219 0.056206 0.067187
0 1.0 0.826698 0.482031 0.065574 0.139063
0 1.0 0.151054 0.499219 0.175644 0.142187
0 1.0 0.399297 0.501563 0.156909 0.240625
0 1.0 0.076112 0.508594 0.100703 0.339062
0 1.0 0.093677 0.497656 0.149883 0.101562
0 1.0 0.272834 0.486719 0.306792 0.142187
0 1.0 0.050351 0.500000 0.100703 0.087500
0 1.0 0.044496 0.491406 0.088993 0.276562
0 1.0 0.961358 0.496094 0.039813 0.126562
0 1.0 0.955504 0.446875 0.088993 0.093750
0 1.0 0.666276 0.458594 0.142857 0.173437
0 1.0 0.605386 0.456250 0.105386 0.240625
0 1.0 0.591335 0.450000 0.236534 0.096875
0 1.0 0.580796 0.428125 0.257611 0.290625
0 1.0 0.548009 0.435156 0.177986 0.173437
0 1.0 0.498829 0.446875 0.098361 0.225000
0 1.0 0.769321 0.478125 0.086651 0.212500
0 1.0 0.777518 0.445312 0.215457 0.112500
0 1.0 0.771663 0.450781 0.274005 0.295312
0 1.0 0.713115 0.467187 0.077283 0.178125
0 1.0 0.663934 0.467969 0.072600 0.232813
0 1.0 0.591335 0.497656 0.292740 0.126562
0 1.0 0.508197 0.499219 0.196721 0.185938
0 1.0 0.722482 0.501563 0.259953 0.171875
0 1.0 0.113583 0.821094 0.119438 0.135937
0 1.0 0.297424 0.486719 0.173302 0.220312
0 1.0 0.440281 0.496094 0.060890 0.160938
0 1.0 0.199063 0.493750 0.149883 0.196875
0 1.0 0.449649 0.488281 0.238876 0.117188
0 1.0 0.578454 0.395313 0.304450 0.131250
0 1.0 0.768150 0.409375 0.121780 0.328125
0 1.0 0.765808 0.396094 0.295082 0.129688
0 1.0 0.960187 0.453125 0.056206 0.193750
0 1.0 0.936768 0.394531 0.126464 0.107813
0 1.0 0.836066 0.235156 0.149883 0.104688
0 1.0 0.812646 0.235937 0.117096 0.340625
0 1.0 0.448478 0.399219 0.255269 0.117188
0 1.0 0.333724 0.400781 0.180328 0.192188
0 1.0 0.241218 0.487500 0.084309 0.131250
0 1.0 0.238876 0.453906 0.140515 0.085938
0 1.0 0.203747 0.453125 0.266979 0.140625
0 1.0 0.132319 0.446875 0.100703 0.371875
0 1.0 0.435597 0.428125 0.084309 0.237500
0 1.0 0.477752 0.456250 0.140515 0.087500
0 1.0 0.378220 0.460156 0.269321 0.154688
0 1.0 0.344262 0.471875 0.107728 0.190625
0 1.0 0.177986 0.448437 0.098361 0.075000
0 1.0 0.877049 0.419531 0.119438 0.310937
0 1.0 0.845433 0.393750 0.163934 0.109375
0 1.0 0.148712 0.446094 0.105386 0.164062
0 1.0 0.118267 0.450781 0.081967 0.073438
0 1.0 0.090164 0.451562 0.180328 0.128125
0 1.0 0.059719 0.450000 0.044496 0.053125
0 1.0 0.037471 0.450781 0.074941 0.092188
0 1.0 0.597190 0.164062 0.084309 0.150000
0 1.0 0.586651 0.134375 0.255269 0.140625
0 1.0 0.553864 0.161719 0.124122 0.217188
0 1.0 0.508197 0.605469 0.402810 0.529687
0 1.0 0.713115 0.153906 0.105386 0.157812
0 1.0 0.703747 0.132812 0.245902 0.143750
0 1.0 0.649883 0.168750 0.096019 0.209375
0 1.0 0.505855 0.161719 0.117096 0.195312
0 1.0 0.489461 0.159375 0.276347 0.206250
0 1.0 0.447307 0.159375 0.098361 0.162500
0 1.0 0.654567 0.140625 0.259953 0.234375
0 1.0 0.757611 0.142969 0.269321 0.251563
0 1.0 0.880562 0.153906 0.103044 0.189062
0 1.0 0.852459 0.133594 0.201405 0.139063
0 1.0 0.834895 0.575781 0.213115 0.610938
0 1.0 0.818501 0.156250 0.100703 0.178125
0 1.0 0.743560 0.544531 0.498829 0.226562
0 1.0 0.156909 0.649219 0.313817 0.214062
0 1.0 0.765808 0.146094 0.121780 0.201563
0 1.0 0.670960 0.585156 0.433255 0.510938
0 1.0 0.532787 0.544531 0.559719 0.226562
0 1.0 0.427400 0.747656 0.508197 0.251563
0 1.0 0.118267 0.120313 0.236534 0.150000
0 1.0 0.040984 0.152344 0.081967 0.279687
0 1.0 0.538642 0.654687 0.557377 0.243750
0 1.0 0.257611 0.125000 0.309133 0.143750
0 1.0 0.234192 0.132812 0.145199 0.240625
0 1.0 0.966042 0.112500 0.049180 0.134375
0 1.0 0.948478 0.075781 0.103044 0.095312
0 1.0 0.665105 0.743750 0.548009 0.243750
0 1.0 0.921546 0.117188 0.105386 0.234375
0 1.0 0.892272 0.075781 0.215457 0.114062
0 1.0 0.297424 0.140625 0.131148 0.162500
0 1.0 0.392272 0.162500 0.124122 0.171875
0 1.0 0.414520 0.137500 0.299766 0.109375
0 1.0 0.182670 0.155469 0.135831 0.310937
0 1.0 0.749415 0.660156 0.482436 0.248438
0 1.0 0.348946 0.162500 0.098361 0.162500
0 1.0 0.352459 0.135156 0.274005 0.198437
0 1.0 0.528103 0.339062 0.475410 0.253125
0 1.0 0.365340 0.338281 0.243560 0.501563
0 1.0 0.734192 0.351562 0.531616 0.231250
0 1.0 0.302108 0.202344 0.290398 0.276562
0 1.0 0.756440 0.338281 0.374707 0.520312
0 1.0 0.074941 0.382031 0.149883 0.764062
0 1.0 0.783372 0.243750 0.433255 0.231250
0 1.0 0.269321 0.344531 0.529274 0.248438
0 1.0 0.181499 0.294531 0.348946 0.529687
0 1.0 0.086651 0.156250 0.159251 0.296875
0 1.0 0.058548 0.177344 0.117096 0.092188
0 1.0 0.966042 0.168750 0.058548 0.171875
0 1.0 0.139344 0.173437 0.259953 0.140625
0 1.0 0.942623 0.128125 0.114754 0.103125
0 1.0 0.224824 0.544531 0.449649 0.239063
0 1.0 0.195550 0.607031 0.391101 0.520312
0 1.0 0.179157 0.178125 0.072600 0.146875
0 1.0 0.407494 0.197656 0.276347 0.232813
0 1.0 0.659251 0.456250 0.611241 0.218750
0 1.0 0.406323 0.466406 0.484778 0.226562
0 1.0 0.265808 0.171875 0.274005 0.131250
0 1.0 0.656909 0.032031 0.156909 0.064062
0 1.0 0.662763 0.058594 0.065574 0.079687
0 1.0 0.596019 0.103906 0.053864 0.095312
0 1.0 0.599532 0.076563 0.046838 0.059375
0 1.0 0.606557 0.082031 0.234192 0.164062
0 1.0 0.613583 0.057813 0.121780 0.106250
0 1.0 0.549180 0.109375 0.058548 0.103125
0 1.0 0.586651 0.032031 0.105386 0.060937
0 1.0 0.562061 0.061719 0.126464 0.114062
0 1.0 0.507026 0.107031 0.058548 0.104688
0 1.0 0.517564 0.030469 0.121780 0.060937
0 1.0 0.496487 0.042188 0.206089 0.084375
0 1.0 0.501171 0.084375 0.243560 0.168750
0 1.0 0.709602 0.053125 0.149883 0.106250
0 1.0 0.341920 0.302344 0.548009 0.445312
0 1.0 0.818501 0.057031 0.072600 0.114062
0 1.0 0.923888 0.050781 0.119438 0.101562
0 1.0 0.875878 0.054688 0.070258 0.109375
0 1.0 0.867681 0.028125 0.096019 0.056250
0 1.0 0.860656 0.039844 0.180328 0.079687
0 1.0 0.810304 0.083594 0.257611 0.167187
0 1.0 0.766979 0.059375 0.081967 0.118750
0 1.0 0.717799 0.046875 0.067916 0.093750
0 1.0 0.756440 0.031250 0.177986 0.062500
0 1.0 0.593677 0.268750 0.812646 0.518750
0 1.0 0.297424 0.034375 0.154567 0.068750
0 1.0 0.298595 0.076563 0.100703 0.125000
0 1.0 0.236534 0.077344 0.084309 0.154688
0 1.0 0.233021 0.045312 0.194379 0.090625
0 1.0 0.186183 0.074219 0.077283 0.148438
0 1.0 0.187354 0.082031 0.252927 0.164062
0 1.0 0.292740 0.782813 0.585480 0.434375
0 1.0 0.357143 0.060937 0.147541 0.121875
0 1.0 0.505855 0.065625 0.121780 0.112500
0 1.0 0.450820 0.091406 0.067916 0.095312
0 1.0 0.361827 0.492969 0.723653 0.429688
0 1.0 0.459016 0.067187 0.135831 0.121875
0 1.0 0.744731 0.878906 0.510539 0.242188
0 1.0 0.490632 0.877344 0.817330 0.245312
0 1.0 0.395785 0.100781 0.098361 0.142187
0 1.0 0.425059 0.032031 0.213115 0.064062
0 1.0 0.407494 0.087500 0.248244 0.175000
0 1.0 0.346604 0.091406 0.074941 0.123438
0 1.0 0.362998 0.028906 0.088993 0.057813
0 1.0 0.659251 0.108594 0.086651 0.120313
0 1.0 0.551522 0.143750 0.081967 0.134375
0 1.0 0.699063 0.078125 0.264637 0.112500
0 1.0 0.714286 0.095312 0.093677 0.137500
0 1.0 0.166276 0.925000 0.332553 0.150000
0 1.0 0.966042 0.044531 0.035129 0.073438
0 1.0 0.950820 0.032813 0.098361 0.065625
0 1.0 0.832553 0.923438 0.334895 0.153125
0 1.0 0.641686 0.124219 0.716628 0.248438
0 1.0 0.346604 0.127344 0.693208 0.254688
0 1.0 0.285714 0.092188 0.206089 0.118750
0 1.0 0.448478 0.924219 0.587822 0.151562
0 1.0 0.881733 0.795312 0.091335 0.175000
0 1.0 0.823185 0.865625 0.217799 0.100000
0 1.0 0.871194 0.846094 0.206089 0.195312
0 1.0 0.771663 0.811719 0.063232 0.139063
0 1.0 0.790398 0.832031 0.278689 0.242188
0 1.0 0.083138 0.910937 0.096019 0.178125
0 1.0 0.032787 0.921094 0.065574 0.157812
0 1.0 0.083138 0.917188 0.166276 0.106250
0 1.0 0.962529 0.855469 0.032787 0.076563
0 1.0 0.237705 0.885938 0.124122 0.228125
0 1.0 0.926230 0.868750 0.147541 0.106250
0 1.0 0.542155 0.863281 0.292740 0.114062
0 1.0 0.819672 0.802344 0.065574 0.132812
0 1.0 0.501171 0.811719 0.074941 0.120313
0 1.0 0.448478 0.836719 0.067916 0.114062
0 1.0 0.437939 0.855469 0.182670 0.139063
0 1.0 0.716628 0.814063 0.056206 0.128125
0 1.0 0.724824 0.864844 0.316159 0.110937
0 1.0 0.955504 0.867188 0.060890 0.100000
0 1.0 0.549180 0.827344 0.063232 0.104688
0 1.0 0.656909 0.839063 0.264637 0.221875
0 1.0 0.658080 0.858594 0.159251 0.148438
0 1.0 0.613583 0.833594 0.060890 0.117188
0 1.0 0.667447 0.844531 0.056206 0.101562
0 1.0 0.549180 0.900000 0.124122 0.175000
0 1.0 0.553864 0.913281 0.227166 0.098437
0 1.0 0.823185 0.907813 0.091335 0.162500
0 1.0 0.496487 0.892188 0.140515 0.178125
0 1.0 0.446136 0.895312 0.105386 0.196875
0 1.0 0.455504 0.910937 0.306792 0.087500
0 1.0 0.446136 0.884375 0.283372 0.231250
0 1.0 0.385246 0.885938 0.119438 0.206250
0 1.0 0.730679 0.916406 0.327869 0.098437
0 1.0 0.717799 0.907813 0.086651 0.156250
0 1.0 0.944965 0.925781 0.110070 0.139063
0 1.0 0.665105 0.916406 0.149883 0.139063
0 1.0 0.606557 0.899219 0.103044 0.201563
0 1.0 0.599532 0.892188 0.276347 0.215625
0 1.0 0.185012 0.885938 0.117096 0.228125
0 1.0 0.126464 0.912500 0.098361 0.175000
0 1.0 0.345433 0.873437 0.114754 0.212500
0 1.0 0.353630 0.905469 0.206089 0.098437
0 1.0 0.333724 0.878125 0.255269 0.225000
0 1.0 0.295082 0.892188 0.112412 0.190625
0 1.0 0.811475 0.796094 0.128806 0.295312
0 1.0 0.509368 0.783594 0.152225 0.270313
0 1.0 0.740047 0.818750 0.182670 0.146875
0 1.0 0.962529 0.824219 0.060890 0.204687
0 1.0 0.576112 0.817969 0.318501 0.160938
0 1.0 0.244731 0.843750 0.217799 0.196875
0 1.0 0.127635 0.867188 0.072600 0.165625
0 1.0 0.162763 0.871875 0.245902 0.137500
0 1.0 0.384075 0.836719 0.088993 0.148438
0 1.0 0.298595 0.835938 0.086651 0.137500
0 1.0 0.841920 0.807031 0.147541 0.135937
0 1.0 0.069087 0.871094 0.138173 0.092188
0 1.0 0.277518 0.242188 0.110070 0.125000
0 1.0 0.229508 0.232813 0.131148 0.321875
0 1.0 0.416862 0.229687 0.159251 0.168750
0 1.0 0.195550 0.241406 0.306792 0.139063
0 1.0 0.175644 0.245312 0.173302 0.262500
0 1.0 0.585480 0.228906 0.257611 0.142187
0 1.0 0.817330 0.176563 0.295082 0.140625
0 1.0 0.836066 0.178125 0.121780 0.096875
0 1.0 0.103044 0.233594 0.168618 0.139063
0 1.0 0.040984 0.243750 0.081967 0.100000
0 1.0 0.056206 0.223438 0.112412 0.246875
0 1.0 0.943794 0.178125 0.112412 0.109375
0 1.0 0.502342 0.941406 0.110070 0.117188
0 1.0 0.201405 0.958594 0.149883 0.079687
0 1.0 0.399297 0.941406 0.161593 0.117188
0 1.0 0.362998 0.964844 0.117096 0.064062
0 1.0 0.663934 0.956250 0.086651 0.087500
0 1.0 0.677986 0.955469 0.208431 0.089063
0 1.0 0.530445 0.961719 0.124122 0.064062
0 1.0 0.282201 0.962500 0.152225 0.068750
0 1.0 0.873536 0.885938 0.117096 0.228125
0 1.0 0.841920 0.917188 0.250585 0.090625
0 1.0 0.128806 0.958594 0.135831 0.076563
0 1.0 0.765808 0.897656 0.103044 0.204687
0 1.0 0.085480 0.960156 0.086651 0.064062
0 1.0 0.964871 0.939063 0.056206 0.121875
0 1.0 0.874707 0.947656 0.086651 0.104688
0 1.0 0.848946 0.965625 0.077283 0.053125
0 1.0 0.817330 0.949219 0.074941 0.101562
0 1.0 0.833724 0.964063 0.145199 0.071875
0 1.0 0.950820 0.962500 0.098361 0.075000
0 1.0 0.770492 0.954688 0.093677 0.090625
0 1.0 0.758782 0.957031 0.215457 0.085938
0 1.0 0.647541 0.260937 0.100703 0.306250
0 1.0 0.576112 0.958594 0.149883 0.082812
0 1.0 0.711944 0.955469 0.065574 0.089063
0 1.0 0.459016 0.963281 0.098361 0.060937
0 1.0 0.592506 0.963281 0.093677 0.057813
0 1.0 0.551522 0.950781 0.072600 0.098437
0 1.0 0.254098 0.502344 0.231850 0.539062
0 1.0 0.141686 0.438281 0.185012 0.704688
0 1.0 0.505855 0.428906 0.266979 0.645312
0 1.0 0.249415 0.829688 0.456674 0.250000
0 1.0 0.895785 0.649219 0.208431 0.385937
0 1.0 0.542155 0.180469 0.208431 0.360938
0 1.0 0.542155 0.821875 0.433255 0.356250
0 1.0 0.846604 0.151562 0.236534 0.303125
0 1.0 0.193208 0.457813 0.386417 0.259375
0 1.0 0.648712 0.485938 0.201405 0.656250
0 1.0 0.667447 0.440625 0.346604 0.371875
0 1.0 0.500000 0.503906 1.000000 0.732812
0 1.0 0.878220 0.350781 0.243560 0.701562