0 1.0 0.461358 0.517969 0.763466 0.685937
0 1.0 0.436768 0.262500 0.447307 0.293750
0 1.0 0.508197 0.616406 0.093677 0.232813
0 1.0 0.517564 0.607812 0.266979 0.128125
0 1.0 0.552693 0.614062 0.056206 0.078125
0 1.0 0.088993 0.610156 0.140515 0.145313
0 1.0 0.146370 0.617969 0.035129 0.042188
0 1.0 0.510539 0.585938 0.248244 0.281250
0 1.0 0.440281 0.619531 0.135831 0.176563
0 1.0 0.188525 0.625000 0.142857 0.150000
0 1.0 0.129977 0.617188 0.133489 0.278125
0 1.0 0.133489 0.612500 0.140515 0.078125
0 1.0 0.173302 0.615625 0.037471 0.043750
0 1.0 0.389930 0.599219 0.166276 0.235937
0 1.0 0.394614 0.609375 0.274005 0.121875
0 1.0 0.661593 0.589063 0.161593 0.293750
0 1.0 0.663934 0.603125 0.316159 0.165625
0 1.0 0.586651 0.607812 0.100703 0.246875
0 1.0 0.256440 0.609375 0.255269 0.100000
0 1.0 0.295082 0.655469 0.107728 0.129688
0 1.0 0.329040 0.620313 0.030445 0.040625
0 1.0 0.292740 0.596875 0.323185 0.290625
0 1.0 0.304450 0.627344 0.177986 0.164062
0 1.0 0.052693 0.633594 0.081967 0.089063
0 1.0 0.960187 0.623437 0.042155 0.090625
0 1.0 0.947307 0.552344 0.105386 0.098437
0 1.0 0.240047 0.682813 0.077283 0.128125
0 1.0 0.292740 0.622656 0.065574 0.060937
0 1.0 0.451991 0.614062 0.042155 0.068750
0 1.0 0.193208 0.616406 0.100703 0.076563
0 1.0 0.839578 0.560937 0.100703 0.084375
0 1.0 0.881733 0.580469 0.091335 0.132812
0 1.0 0.813817 0.558594 0.063232 0.067187
0 1.0 0.192037 0.587500 0.295082 0.381250
0 1.0 0.336066 0.651563 0.081967 0.143750
0 1.0 0.343091 0.609375 0.091335 0.087500
0 1.0 0.290398 0.679688 0.065574 0.115625
0 1.0 0.060890 0.627344 0.037471 0.035937
0 1.0 0.873536 0.559375 0.210773 0.196875
0 1.0 0.185012 0.719531 0.107728 0.220312
0 1.0 0.214286 0.669531 0.208431 0.114062
0 1.0 0.833724 0.616406 0.046838 0.057813
0 1.0 0.792740 0.628906 0.128806 0.289062
0 1.0 0.796253 0.600781 0.290398 0.151562
0 1.0 0.070258 0.694531 0.126464 0.298438
0 1.0 0.124122 0.660156 0.206089 0.095312
0 1.0 0.140515 0.667188 0.060890 0.071875
0 1.0 0.353630 0.674219 0.084309 0.082812
0 1.0 0.288056 0.725781 0.060890 0.117188
0 1.0 0.289227 0.700000 0.110070 0.140625
0 1.0 0.049180 0.678906 0.098361 0.142187
0 1.0 0.962529 0.666406 0.042155 0.101562
0 1.0 0.946136 0.604688 0.107728 0.096875
0 1.0 0.553864 0.623437 0.091335 0.237500
0 1.0 0.028103 0.716406 0.056206 0.173437
0 1.0 0.508197 0.618750 0.028103 0.056250
0 1.0 0.050351 0.662500 0.049180 0.059375
0 1.0 0.914520 0.620313 0.138173 0.334375
0 1.0 0.779859 0.611719 0.070258 0.073438
0 1.0 0.183841 0.580469 0.096019 0.145313
0 1.0 0.216628 0.540625 0.278689 0.137500
0 1.0 0.911007 0.492188 0.168618 0.200000
0 1.0 0.811475 0.500000 0.063232 0.062500
0 1.0 0.881733 0.532031 0.100703 0.132812
0 1.0 0.826698 0.503125 0.117096 0.084375
0 1.0 0.381733 0.657813 0.248244 0.265625
0 1.0 0.175644 0.546094 0.140515 0.120313
0 1.0 0.147541 0.525000 0.196721 0.218750
0 1.0 0.069087 0.582812 0.077283 0.121875
0 1.0 0.140515 0.557031 0.088993 0.076563
0 1.0 0.096019 0.552344 0.159251 0.160938
0 1.0 0.327869 0.549219 0.220141 0.135937
0 1.0 0.043326 0.561719 0.086651 0.057813
0 1.0 0.237705 0.599219 0.086651 0.123438
0 1.0 0.620609 0.534375 0.290398 0.318750
0 1.0 0.802108 0.555469 0.105386 0.179688
0 1.0 0.802108 0.492969 0.283372 0.129688
0 1.0 0.763466 0.530469 0.145199 0.279687
0 1.0 0.496487 0.493750 0.182670 0.234375
0 1.0 0.449649 0.502344 0.238876 0.104688
0 1.0 0.959016 0.561719 0.039813 0.085938
0 1.0 0.946136 0.493750 0.107728 0.093750
0 1.0 0.632319 0.498437 0.281030 0.131250
0 1.0 0.560890 0.547656 0.316159 0.145313
0 1.0 0.730679 0.555469 0.285714 0.151562
0 1.0 0.449649 0.555469 0.220141 0.126562
0 1.0 0.449649 0.589063 0.079625 0.181250
0 1.0 0.429742 0.547656 0.255269 0.301563
0 1.0 0.290398 0.587500 0.121780 0.156250
0 1.0 0.930913 0.717187 0.138173 0.140625
0 1.0 0.207260 0.760938 0.264637 0.162500
0 1.0 0.128806 0.756250 0.140515 0.265625
0 1.0 0.796253 0.709375 0.304450 0.137500
0 1.0 0.221311 0.764844 0.119438 0.160938
0 1.0 0.386417 0.740625 0.154567 0.293750
0 1.0 0.393443 0.763281 0.309133 0.160938
0 1.0 0.149883 0.767188 0.074941 0.118750
0 1.0 0.284543 0.760156 0.133489 0.232813
0 1.0 0.298595 0.760938 0.067916 0.112500
0 1.0 0.891101 0.707031 0.217799 0.295312
0 1.0 0.770492 0.717187 0.103044 0.087500
0 1.0 0.838407 0.726562 0.042155 0.065625
0 1.0 0.592506 0.710938 0.084309 0.087500
0 1.0 0.556206 0.698438 0.292740 0.256250
0 1.0 0.564403 0.695312 0.168618 0.168750
0 1.0 0.504684 0.708594 0.208431 0.107813
0 1.0 0.791569 0.692969 0.229508 0.335938
0 1.0 0.060890 0.760156 0.121780 0.089063
0 1.0 0.043326 0.760156 0.086651 0.254688
0 1.0 0.058548 0.764844 0.051522 0.073438
0 1.0 0.964871 0.750000 0.056206 0.165625
0 1.0 0.725995 0.711719 0.177986 0.223438
0 1.0 0.659251 0.691406 0.142857 0.304688
0 1.0 0.656909 0.713281 0.283372 0.132812
0 1.0 0.681499 0.715625 0.093677 0.096875
0 1.0 0.792740 0.771094 0.147541 0.114062
0 1.0 0.854801 0.775781 0.051522 0.079687
0 1.0 0.804450 0.731250 0.119438 0.293750
0 1.0 0.807963 0.765625 0.304450 0.153125
0 1.0 0.562061 0.758594 0.196721 0.185938
0 1.0 0.502342 0.734375 0.105386 0.228125
0 1.0 0.498829 0.759375 0.215457 0.134375
0 1.0 0.078454 0.817187 0.156909 0.096875
0 1.0 0.672131 0.768750 0.154567 0.128125
0 1.0 0.076112 0.807813 0.152225 0.265625
0 1.0 0.070258 0.822656 0.056206 0.073438
0 1.0 0.550351 0.737500 0.098361 0.225000
0 1.0 0.480094 0.764062 0.337237 0.265625
0 1.0 0.437939 0.693750 0.074941 0.125000
0 1.0 0.429742 0.719531 0.161593 0.207813
0 1.0 0.341920 0.750000 0.126464 0.228125
0 1.0 0.662763 0.706250 0.103044 0.187500
0 1.0 0.786885 0.660156 0.098361 0.079687
0 1.0 0.841920 0.666406 0.053864 0.064062
0 1.0 0.566745 0.660937 0.074941 0.106250
0 1.0 0.752927 0.652344 0.283372 0.135937
0 1.0 0.050351 0.713281 0.049180 0.070312
0 1.0 0.880562 0.656250 0.238876 0.118750
0 1.0 0.498829 0.663281 0.220141 0.139063
0 1.0 0.531616 0.666406 0.074941 0.107813
0 1.0 0.502342 0.676562 0.035129 0.071875
0 1.0 0.199063 0.675781 0.065574 0.082812
0 1.0 0.724824 0.636719 0.142857 0.232813
0 1.0 0.386417 0.667969 0.299766 0.126562
0 1.0 0.439110 0.673438 0.049180 0.071875
0 1.0 0.617096 0.657813 0.208431 0.137500
0 1.0 0.324356 0.692969 0.030445 0.042188
0 1.0 0.480094 0.713281 0.042155 0.067187
0 1.0 0.539813 0.708594 0.086651 0.089063
0 1.0 0.344262 0.708594 0.299766 0.126562
0 1.0 0.391101 0.717187 0.056206 0.081250
0 1.0 0.632319 0.710938 0.145199 0.109375
0 1.0 0.223653 0.711719 0.142857 0.120313
0 1.0 0.204918 0.718750 0.063232 0.106250
0 1.0 0.154567 0.714844 0.060890 0.098437
0 1.0 0.144028 0.709375 0.185012 0.115625
0 1.0 0.336066 0.716406 0.096019 0.098437
0 1.0 0.948478 0.671094 0.103044 0.142187
0 1.0 0.323185 0.719531 0.042155 0.073438
0 1.0 0.278689 0.726562 0.271663 0.265625
0 1.0 0.135831 0.428906 0.070258 0.089063
0 1.0 0.168618 0.354687 0.295082 0.106250
0 1.0 0.160422 0.336719 0.259953 0.242188
0 1.0 0.827869 0.288281 0.180328 0.101562
0 1.0 0.826698 0.309375 0.028103 0.043750
0 1.0 0.099532 0.373437 0.142857 0.106250
0 1.0 0.029274 0.397656 0.025761 0.051562
0 1.0 0.069087 0.355469 0.086651 0.051562
0 1.0 0.032787 0.394531 0.051522 0.070312
0 1.0 0.074941 0.341406 0.149883 0.229687
0 1.0 0.059719 0.382812 0.063232 0.071875
0 1.0 0.819672 0.302344 0.281030 0.270313
0 1.0 0.347775 0.333594 0.166276 0.182812
0 1.0 0.299766 0.363281 0.084309 0.123438
0 1.0 0.311475 0.326562 0.295082 0.246875
0 1.0 0.327869 0.346875 0.098361 0.118750
0 1.0 0.235363 0.400781 0.081967 0.114062
0 1.0 0.199063 0.370312 0.093677 0.090625
0 1.0 0.922717 0.295312 0.154567 0.256250
0 1.0 0.959016 0.305469 0.081967 0.114062
0 1.0 0.182670 0.407031 0.060890 0.079687
0 1.0 0.557377 0.274219 0.234192 0.248438
0 1.0 0.763466 0.328906 0.088993 0.145313
0 1.0 0.774005 0.307031 0.035129 0.051562
0 1.0 0.756440 0.288281 0.276347 0.164062
0 1.0 0.963700 0.344531 0.039813 0.079687
0 1.0 0.711944 0.317188 0.117096 0.162500
0 1.0 0.716628 0.296094 0.060890 0.070312
0 1.0 0.672131 0.300781 0.285714 0.285938
0 1.0 0.388759 0.283594 0.187354 0.239063
0 1.0 0.957845 0.324219 0.042155 0.057813
0 1.0 0.632319 0.292187 0.140515 0.259375
0 1.0 0.877049 0.323437 0.096019 0.162500
0 1.0 0.867681 0.290625 0.081967 0.065625
0 1.0 0.887588 0.298438 0.037471 0.056250
0 1.0 0.881733 0.299219 0.170960 0.164062
0 1.0 0.814988 0.332031 0.084309 0.145313
0 1.0 0.813817 0.342969 0.316159 0.126562
0 1.0 0.812646 0.395313 0.060890 0.093750
0 1.0 0.492974 0.313281 0.147541 0.270313
0 1.0 0.508197 0.335938 0.304450 0.153125
0 1.0 0.764637 0.400000 0.077283 0.106250
0 1.0 0.711944 0.384375 0.103044 0.140625
0 1.0 0.704918 0.352344 0.196721 0.167187
0 1.0 0.963700 0.407031 0.030445 0.057813
0 1.0 0.936768 0.341406 0.126464 0.098437
0 1.0 0.953162 0.402344 0.056206 0.079687
0 1.0 0.646370 0.344531 0.103044 0.145313
0 1.0 0.878220 0.388281 0.112412 0.167187
0 1.0 0.854801 0.346875 0.173302 0.093750
0 1.0 0.450820 0.285156 0.053864 0.089063
0 1.0 0.078454 0.435156 0.053864 0.082812
0 1.0 0.140515 0.355469 0.163934 0.076563
0 1.0 0.247073 0.356250 0.180328 0.134375
0 1.0 0.559719 0.335156 0.117096 0.192188
0 1.0 0.762295 0.270313 0.105386 0.225000
0 1.0 0.751756 0.232031 0.299766 0.132812
0 1.0 0.768150 0.249219 0.065574 0.114062
0 1.0 0.711944 0.246094 0.107728 0.170313
0 1.0 0.466042 0.241406 0.238876 0.239063
0 1.0 0.634660 0.232813 0.290398 0.162500
0 1.0 0.886417 0.235937 0.227166 0.128125
0 1.0 0.811475 0.238281 0.152225 0.104688
0 1.0 0.878220 0.238281 0.098361 0.182812
0 1.0 0.112412 0.029687 0.107728 0.059375
0 1.0 0.255269 0.032813 0.168618 0.065625
0 1.0 0.448478 0.729688 0.896956 0.496875
0 1.0 0.180328 0.084375 0.243560 0.168750
0 1.0 0.192037 0.052344 0.112412 0.104688
0 1.0 0.131148 0.068750 0.074941 0.137500
0 1.0 0.161593 0.032031 0.131148 0.064062
0 1.0 0.073770 0.065625 0.072600 0.131250
0 1.0 0.023419 0.057031 0.046838 0.114062
0 1.0 0.463700 0.251563 0.112412 0.184375
0 1.0 0.149883 0.318750 0.135831 0.112500
0 1.0 0.396956 0.294531 0.152225 0.126562
0 1.0 0.272834 0.294531 0.231850 0.135937
0 1.0 0.251756 0.354687 0.039813 0.056250
0 1.0 0.149883 0.357031 0.042155 0.045312
0 1.0 0.818501 0.257812 0.100703 0.228125
0 1.0 0.826698 0.246094 0.060890 0.117188
0 1.0 0.085480 0.350000 0.025761 0.037500
0 1.0 0.108899 0.300000 0.194379 0.106250
0 1.0 0.032787 0.367188 0.042155 0.090625
0 1.0 0.069087 0.296875 0.091335 0.056250
0 1.0 0.042155 0.339844 0.037471 0.060937
0 1.0 0.057377 0.317969 0.058548 0.073438
0 1.0 0.176815 0.292187 0.128806 0.071875
0 1.0 0.242389 0.300000 0.152225 0.090625
0 1.0 0.215457 0.326562 0.042155 0.062500
0 1.0 0.832553 0.454688 0.208431 0.112500
0 1.0 0.860656 0.444531 0.264637 0.251563
0 1.0 0.055035 0.419531 0.081967 0.079687
0 1.0 0.496487 0.435937 0.248244 0.125000
0 1.0 0.489461 0.418750 0.262295 0.318750
0 1.0 0.455504 0.434375 0.081967 0.181250
0 1.0 0.492974 0.440625 0.053864 0.056250
0 1.0 0.718970 0.484375 0.112412 0.193750
0 1.0 0.715457 0.450000 0.217799 0.115625
0 1.0 0.741218 0.471875 0.250585 0.275000
0 1.0 0.050351 0.521094 0.096019 0.117188
0 1.0 0.962529 0.503125 0.037471 0.065625
0 1.0 0.961358 0.447656 0.077283 0.082812
0 1.0 0.885246 0.497656 0.074941 0.076563
0 1.0 0.593677 0.467969 0.100703 0.232813
0 1.0 0.629977 0.444531 0.177986 0.098437
0 1.0 0.592506 0.449219 0.070258 0.126562
0 1.0 0.501171 0.439063 0.145199 0.078125
0 1.0 0.214286 0.457031 0.288056 0.179688
0 1.0 0.185012 0.506250 0.074941 0.131250
0 1.0 0.387588 0.459375 0.124122 0.284375
0 1.0 0.403981 0.433594 0.255269 0.135937
0 1.0 0.387588 0.432031 0.306792 0.329688
0 1.0 0.659251 0.490625 0.110070 0.187500
0 1.0 0.319672 0.439844 0.030445 0.051562
0 1.0 0.339578 0.410938 0.145199 0.212500
0 1.0 0.546838 0.450000 0.096019 0.237500
0 1.0 0.295082 0.432812 0.229508 0.121875
0 1.0 0.317330 0.499219 0.292740 0.176563
0 1.0 0.286885 0.530469 0.058548 0.107813
0 1.0 0.841920 0.452344 0.039813 0.054688
0 1.0 0.156909 0.490625 0.177986 0.103125
0 1.0 0.763466 0.487500 0.103044 0.156250
0 1.0 0.345433 0.508594 0.100703 0.229687
0 1.0 0.033958 0.586719 0.044496 0.098437
0 1.0 0.053864 0.500781 0.084309 0.057813
0 1.0 0.257611 0.496875 0.393443 0.296875
0 1.0 0.230679 0.521094 0.124122 0.198437
0 1.0 0.282201 0.514844 0.124122 0.160938
0 1.0 0.244731 0.384375 0.353630 0.246875
0 1.0 0.228337 0.402344 0.236534 0.142187
0 1.0 0.181499 0.440625 0.105386 0.137500
0 1.0 0.453162 0.388281 0.138173 0.254688
0 1.0 0.461358 0.390625 0.177986 0.112500
0 1.0 0.380562 0.378125 0.119438 0.181250
0 1.0 0.148712 0.400000 0.156909 0.075000
0 1.0 0.672131 0.400781 0.234192 0.110937
0 1.0 0.667447 0.416406 0.093677 0.110937
0 1.0 0.366511 0.389844 0.236534 0.129688
0 1.0 0.600703 0.360938 0.110070 0.187500
0 1.0 0.599532 0.351562 0.262295 0.300000
0 1.0 0.551522 0.391406 0.274005 0.117188
0 1.0 0.134660 0.437500 0.119438 0.153125
0 1.0 0.153396 0.403125 0.264637 0.109375
0 1.0 0.117096 0.393750 0.234192 0.209375
0 1.0 0.030445 0.478125 0.046838 0.090625
0 1.0 0.087822 0.407813 0.138173 0.068750
0 1.0 0.316159 0.393750 0.163934 0.093750
0 1.0 0.919204 0.372656 0.124122 0.242188
0 1.0 0.076112 0.508594 0.063232 0.107813
0 1.0 0.174473 0.435156 0.072600 0.057813
0 1.0 0.084309 0.475000 0.051522 0.062500
0 1.0 0.029274 0.531250 0.030445 0.065625
0 1.0 0.121780 0.440625 0.023419 0.034375
0 1.0 0.292740 0.483594 0.056206 0.107813
0 1.0 0.290398 0.454688 0.103044 0.125000
0 1.0 0.805621 0.450000 0.098361 0.156250
0 1.0 0.799766 0.398438 0.278689 0.121875
0 1.0 0.814988 0.450000 0.060890 0.090625
0 1.0 0.062061 0.438281 0.124122 0.076563
0 1.0 0.700234 0.393750 0.271663 0.281250
0 1.0 0.074941 0.453906 0.149883 0.226562
0 1.0 0.060890 0.464844 0.065574 0.076563
0 1.0 0.962529 0.478125 0.042155 0.087500
0 1.0 0.930913 0.398438 0.138173 0.109375
0 1.0 0.878220 0.450000 0.112412 0.153125
0 1.0 0.538642 0.650781 0.622951 0.260937
0 1.0 0.323185 0.623437 0.491803 0.484375
0 1.0 0.395785 0.196875 0.065574 0.128125
0 1.0 0.446136 0.147656 0.269321 0.098437
0 1.0 0.544496 0.186719 0.114754 0.120313
0 1.0 0.231850 0.158594 0.103044 0.254688
0 1.0 0.248244 0.135156 0.177986 0.098437
0 1.0 0.456674 0.154688 0.098361 0.075000
0 1.0 0.414520 0.146875 0.262295 0.225000
0 1.0 0.415691 0.159375 0.128806 0.118750
0 1.0 0.352459 0.174219 0.091335 0.132812
0 1.0 0.295082 0.196094 0.056206 0.126562
0 1.0 0.299766 0.171094 0.098361 0.142187
0 1.0 0.333724 0.153125 0.035129 0.046875
0 1.0 0.823185 0.549219 0.344262 0.457813
0 1.0 0.536300 0.146094 0.215457 0.110937
0 1.0 0.704918 0.145313 0.262295 0.265625
0 1.0 0.660422 0.200000 0.074941 0.165625
0 1.0 0.632319 0.132812 0.304450 0.118750
0 1.0 0.537471 0.175000 0.297424 0.246875
0 1.0 0.501171 0.196875 0.103044 0.143750
0 1.0 0.437939 0.196094 0.074941 0.104688
0 1.0 0.509368 0.156250 0.091335 0.065625
0 1.0 0.448478 0.543750 0.667447 0.256250
0 1.0 0.087822 0.128906 0.175644 0.235937
0 1.0 0.035129 0.156250 0.070258 0.259375
0 1.0 0.062061 0.126562 0.124122 0.093750
0 1.0 0.969555 0.118750 0.046838 0.112500
0 1.0 0.953162 0.078125 0.093677 0.090625
0 1.0 0.721311 0.082031 0.234192 0.104688
0 1.0 0.923888 0.102344 0.152225 0.204687
0 1.0 0.872365 0.115625 0.105386 0.206250
0 1.0 0.839578 0.083594 0.100703 0.079687
0 1.0 0.706089 0.751563 0.569087 0.203125
0 1.0 0.139344 0.125781 0.259953 0.135937
0 1.0 0.781030 0.651563 0.437939 0.218750
0 1.0 0.715457 0.620313 0.348946 0.418750
0 1.0 0.292740 0.139844 0.229508 0.251563
0 1.0 0.132319 0.164844 0.110070 0.279687
0 1.0 0.182670 0.168750 0.088993 0.225000
0 1.0 0.052693 0.184375 0.105386 0.078125
0 1.0 0.132319 0.180469 0.241218 0.160938
0 1.0 0.599532 0.215625 0.112412 0.175000
0 1.0 0.296253 0.382031 0.503513 0.457813
0 1.0 0.538642 0.371094 0.501171 0.492188
0 1.0 0.074941 0.202344 0.098361 0.264062
0 1.0 0.341920 0.258594 0.074941 0.123438
0 1.0 0.344262 0.224219 0.135831 0.145313
0 1.0 0.353630 0.189844 0.224824 0.107813
0 1.0 0.299766 0.221875 0.112412 0.128125
0 1.0 0.332553 0.215625 0.037471 0.059375
0 1.0 0.296253 0.261719 0.063232 0.117188
0 1.0 0.257611 0.180469 0.281030 0.114062
0 1.0 0.168618 0.195312 0.243560 0.325000
0 1.0 0.194379 0.197656 0.032787 0.064062
0 1.0 0.562061 0.428125 0.257611 0.546875
0 1.0 0.816159 0.168750 0.100703 0.209375
0 1.0 0.820843 0.130469 0.236534 0.114062
0 1.0 0.769321 0.169531 0.072600 0.117188
0 1.0 0.762295 0.141406 0.189696 0.176563
0 1.0 0.709602 0.184375 0.088993 0.184375
0 1.0 0.966042 0.166406 0.063232 0.120313
0 1.0 0.950820 0.128906 0.098361 0.092188
0 1.0 0.824356 0.138281 0.248244 0.270313
0 1.0 0.830211 0.132031 0.091335 0.076563
0 1.0 0.716628 0.438281 0.355972 0.482812
0 1.0 0.627635 0.453906 0.529274 0.248438
0 1.0 0.716628 0.066406 0.060890 0.104688
0 1.0 0.728337 0.029687 0.126464 0.059375
0 1.0 0.139344 0.536719 0.278689 0.720313
0 1.0 0.659251 0.088281 0.053864 0.092188
0 1.0 0.665105 0.038281 0.163934 0.076563
0 1.0 0.659251 0.077344 0.236534 0.154688
0 1.0 0.631148 0.027344 0.105386 0.054688
0 1.0 0.603044 0.089063 0.044496 0.046875
0 1.0 0.360656 0.876563 0.721311 0.246875
0 1.0 0.600703 0.109375 0.053864 0.075000
0 1.0 0.826698 0.030469 0.135831 0.060937
0 1.0 0.827869 0.056250 0.049180 0.071875
0 1.0 0.768150 0.069531 0.070258 0.126562
0 1.0 0.775176 0.058594 0.051522 0.073438
0 1.0 0.874707 0.055469 0.142857 0.110937
0 1.0 0.292740 0.078125 0.046838 0.100000
0 1.0 0.296253 0.055469 0.077283 0.104688
0 1.0 0.235363 0.077344 0.081967 0.154688
0 1.0 0.473068 0.068750 0.093677 0.075000
0 1.0 0.395785 0.107031 0.060890 0.095312
0 1.0 0.427400 0.031250 0.180328 0.062500
0 1.0 0.401639 0.078906 0.086651 0.085938
0 1.0 0.432084 0.038281 0.091335 0.057813
0 1.0 0.409836 0.075000 0.238876 0.150000
0 1.0 0.351288 0.093750 0.046838 0.084375
0 1.0 0.053864 0.026562 0.074941 0.053125
0 1.0 0.614754 0.056250 0.128806 0.100000
0 1.0 0.555035 0.109375 0.060890 0.071875
0 1.0 0.579625 0.028125 0.114754 0.056250
0 1.0 0.337237 0.032813 0.051522 0.046875
0 1.0 0.556206 0.079687 0.259953 0.159375
0 1.0 0.564403 0.061719 0.121780 0.085938
0 1.0 0.501171 0.128125 0.056206 0.068750
0 1.0 0.505855 0.107031 0.060890 0.054688
0 1.0 0.523419 0.036719 0.170960 0.073438
0 1.0 0.511710 0.064844 0.124122 0.089063
0 1.0 0.724824 0.058594 0.044496 0.060937
0 1.0 0.318501 0.039844 0.140515 0.076563
0 1.0 0.361827 0.061719 0.086651 0.089063
0 1.0 0.446136 0.121875 0.044496 0.050000
0 1.0 0.517564 0.032813 0.056206 0.043750
0 1.0 0.330211 0.175781 0.660422 0.351562
0 1.0 0.449649 0.102344 0.065574 0.051562
0 1.0 0.522248 0.101562 0.182670 0.090625
0 1.0 0.830211 0.846875 0.339578 0.203125
0 1.0 0.669789 0.134375 0.065574 0.096875
0 1.0 0.598361 0.171875 0.077283 0.106250
0 1.0 0.440281 0.091406 0.234192 0.079687
0 1.0 0.351288 0.153125 0.056206 0.118750
0 1.0 0.355972 0.126562 0.084309 0.125000
0 1.0 0.293911 0.141406 0.063232 0.148438
0 1.0 0.275176 0.085156 0.199063 0.082812
0 1.0 0.501171 0.178125 0.065574 0.084375
0 1.0 0.824356 0.081250 0.201405 0.103125
0 1.0 0.766979 0.121875 0.091335 0.175000
0 1.0 0.622951 0.842187 0.655738 0.203125
0 1.0 0.550351 0.168750 0.070258 0.090625
0 1.0 0.169789 0.846875 0.339578 0.203125
0 1.0 0.714286 0.118750 0.065574 0.103125
0 1.0 0.873536 0.057031 0.060890 0.101562
0 1.0 0.866511 0.028906 0.079625 0.057813
0 1.0 0.285714 0.244531 0.313817 0.489063
0 1.0 0.046838 0.080469 0.093677 0.101562
0 1.0 0.724824 0.921875 0.550351 0.156250
0 1.0 0.168618 0.312500 0.337237 0.471875
0 1.0 0.645199 0.124219 0.709602 0.248438
0 1.0 0.920375 0.061719 0.084309 0.123438
0 1.0 0.920375 0.030469 0.140515 0.060937
0 1.0 0.216628 0.923438 0.433255 0.153125
0 1.0 0.293911 0.110937 0.105386 0.159375
0 1.0 0.306792 0.093750 0.046838 0.053125
0 1.0 0.473068 0.115625 0.126464 0.103125
0 1.0 0.966042 0.060156 0.035129 0.070312
0 1.0 0.921546 0.858594 0.156909 0.251563
0 1.0 0.881733 0.869531 0.236534 0.126562
0 1.0 0.654567 0.853125 0.194379 0.171875
0 1.0 0.608899 0.773438 0.042155 0.071875
0 1.0 0.882904 0.826562 0.051522 0.096875
0 1.0 0.861827 0.875000 0.060890 0.065625
0 1.0 0.822014 0.779687 0.056206 0.121875
0 1.0 0.829040 0.817187 0.042155 0.087500
0 1.0 0.608899 0.803906 0.042155 0.067187
0 1.0 0.132319 0.911719 0.180328 0.164062
0 1.0 0.077283 0.898438 0.112412 0.203125
0 1.0 0.789227 0.793750 0.042155 0.071875
0 1.0 0.786885 0.866406 0.201405 0.114062
0 1.0 0.962529 0.852344 0.028103 0.064062
0 1.0 0.953162 0.867188 0.051522 0.090625
0 1.0 0.346604 0.864062 0.121780 0.081250
0 1.0 0.592506 0.846094 0.313817 0.239063
0 1.0 0.556206 0.802344 0.044496 0.079687
0 1.0 0.538642 0.863281 0.346604 0.114062
0 1.0 0.558548 0.857031 0.194379 0.167187
0 1.0 0.505855 0.811719 0.056206 0.098437
0 1.0 0.230679 0.847656 0.175644 0.154688
0 1.0 0.195550 0.807813 0.077283 0.156250
0 1.0 0.778689 0.755469 0.039813 0.079687
0 1.0 0.449649 0.785937 0.032787 0.050000
0 1.0 0.716628 0.764062 0.051522 0.100000
0 1.0 0.350117 0.796094 0.096019 0.135937
0 1.0 0.667447 0.761719 0.042155 0.073438
0 1.0 0.647541 0.860156 0.264637 0.092188
0 1.0 0.674473 0.791406 0.037471 0.060937
0 1.0 0.723653 0.796094 0.042155 0.073438
0 1.0 0.604215 0.888281 0.121780 0.223438
0 1.0 0.330211 0.916406 0.257611 0.126562
0 1.0 0.284543 0.880469 0.114754 0.239063
0 1.0 0.553864 0.914062 0.278689 0.140625
0 1.0 0.498829 0.888281 0.121780 0.223438
0 1.0 0.498829 0.884375 0.295082 0.231250
0 1.0 0.769321 0.879687 0.114754 0.240625
0 1.0 0.443794 0.896875 0.105386 0.206250
0 1.0 0.469555 0.919531 0.208431 0.120313
0 1.0 0.714286 0.897656 0.107728 0.204687
0 1.0 0.722482 0.916406 0.269321 0.132812
0 1.0 0.662763 0.900000 0.112412 0.200000
0 1.0 0.190867 0.873437 0.114754 0.246875
0 1.0 0.875878 0.795312 0.060890 0.121875
0 1.0 0.385246 0.885156 0.128806 0.229687
0 1.0 0.046838 0.921875 0.093677 0.084375
0 1.0 0.032787 0.907813 0.065574 0.181250
0 1.0 0.443794 0.789844 0.114754 0.214062
0 1.0 0.713115 0.780469 0.114754 0.279687
0 1.0 0.721311 0.803906 0.323185 0.126562
0 1.0 0.660422 0.792969 0.126464 0.264062
0 1.0 0.357143 0.807813 0.283372 0.143750
0 1.0 0.135831 0.814844 0.103044 0.114062
0 1.0 0.296253 0.809375 0.110070 0.109375
0 1.0 0.306792 0.872656 0.046838 0.051562
0 1.0 0.288056 0.820312 0.276347 0.234375
0 1.0 0.303279 0.853125 0.110070 0.109375
0 1.0 0.233021 0.792969 0.067916 0.132812
0 1.0 0.887588 0.810156 0.187354 0.139063
0 1.0 0.174473 0.866406 0.185012 0.092188
0 1.0 0.446136 0.816406 0.077283 0.089063
0 1.0 0.466042 0.870313 0.107728 0.084375
0 1.0 0.391101 0.810937 0.074941 0.121875
0 1.0 0.399297 0.866406 0.278689 0.104688
0 1.0 0.414520 0.863281 0.107728 0.082812
0 1.0 0.346604 0.771094 0.056206 0.095312
0 1.0 0.031616 0.842969 0.053864 0.154688
0 1.0 0.076112 0.868750 0.091335 0.065625
0 1.0 0.651054 0.789844 0.285714 0.229687
0 1.0 0.877049 0.796875 0.138173 0.300000
0 1.0 0.077283 0.835938 0.074941 0.156250
0 1.0 0.769321 0.771875 0.133489 0.300000
0 1.0 0.050351 0.867188 0.100703 0.146875
0 1.0 0.963700 0.843750 0.067916 0.184375
0 1.0 0.894614 0.180469 0.210773 0.164062
0 1.0 0.823185 0.184375 0.110070 0.087500
0 1.0 0.818501 0.184375 0.213115 0.140625
0 1.0 0.106557 0.241406 0.213115 0.148438
0 1.0 0.028103 0.276562 0.046838 0.131250
0 1.0 0.044496 0.243750 0.088993 0.090625
0 1.0 0.916862 0.201563 0.124122 0.300000
0 1.0 0.078454 0.270313 0.072600 0.178125
0 1.0 0.299766 0.317188 0.070258 0.128125
0 1.0 0.329040 0.256250 0.063232 0.078125
0 1.0 0.240047 0.289062 0.081967 0.187500
0 1.0 0.259953 0.237500 0.304450 0.131250
0 1.0 0.448478 0.075781 0.578454 0.151562
0 1.0 0.244731 0.254688 0.269321 0.275000
0 1.0 0.968384 0.233594 0.053864 0.129688
0 1.0 0.937939 0.181250 0.124122 0.106250
0 1.0 0.186183 0.298438 0.058548 0.128125
0 1.0 0.179157 0.255469 0.166276 0.185938
0 1.0 0.135831 0.279687 0.079625 0.165625
0 1.0 0.394614 0.224219 0.105386 0.198437
0 1.0 0.716628 0.254688 0.501171 0.234375
0 1.0 0.736534 0.185938 0.283372 0.115625
0 1.0 0.566745 0.189844 0.304450 0.126562
0 1.0 0.555035 0.246094 0.131148 0.217188
0 1.0 0.045667 0.961719 0.091335 0.076563
0 1.0 0.300937 0.950000 0.133489 0.100000
0 1.0 0.234192 0.927344 0.093677 0.145313
0 1.0 0.225995 0.960156 0.142857 0.073438
0 1.0 0.867681 0.883594 0.119438 0.232813
0 1.0 0.843091 0.916406 0.224824 0.104688
0 1.0 0.449649 0.946094 0.074941 0.107813
0 1.0 0.193208 0.944531 0.133489 0.110937
0 1.0 0.132319 0.929688 0.096019 0.140625
0 1.0 0.391101 0.935156 0.093677 0.129688
0 1.0 0.346604 0.932813 0.093677 0.134375
0 1.0 0.352459 0.962500 0.086651 0.056250
0 1.0 0.437939 0.962500 0.135831 0.065625
0 1.0 0.941452 0.920312 0.117096 0.153125
0 1.0 0.818501 0.879687 0.110070 0.240625
0 1.0 0.137002 0.962500 0.105386 0.065625
0 1.0 0.964871 0.930469 0.056206 0.139063
0 1.0 0.715457 0.952344 0.170960 0.095312
0 1.0 0.926230 0.964844 0.138173 0.070312
0 1.0 0.606557 0.950781 0.206089 0.098437
0 1.0 0.552693 0.951562 0.079625 0.096875
0 1.0 0.588993 0.964844 0.091335 0.060937
0 1.0 0.867681 0.961719 0.058548 0.048438
0 1.0 0.864169 0.957812 0.098361 0.075000
0 1.0 0.341920 0.295312 0.103044 0.184375
0 1.0 0.385246 0.236719 0.316159 0.151562
0 1.0 0.770492 0.941406 0.149883 0.117188
0 1.0 0.608899 0.942969 0.084309 0.114062
0 1.0 0.629977 0.963281 0.107728 0.067187
0 1.0 0.799766 0.959375 0.138173 0.068750
0 1.0 0.487119 0.961719 0.117096 0.076563
0 1.0 0.675644 0.962500 0.119438 0.068750
0 1.0 0.508197 0.653906 0.332553 0.670312
0 1.0 0.073770 0.638281 0.147541 0.567187
0 1.0 0.748244 0.283594 0.283372 0.423438
0 1.0 0.354801 0.886719 0.339578 0.226562
0 1.0 0.074941 0.264062 0.149883 0.528125
0 1.0 0.841920 0.364844 0.208431 0.539062
0 1.0 0.167447 0.712500 0.306792 0.359375
0 1.0 0.848946 0.706250 0.194379 0.518750
0 1.0 0.748244 0.839844 0.339578 0.320312
0 1.0 0.646370 0.489844 0.707260 0.414062
0 1.0 0.925059 0.464844 0.149883 0.557813
0 1.0 0.519906 0.265625 0.960187 0.471875
0 1.0 0.720141 0.599219 0.526932 0.801562