0 1.0 0.500000 0.551042 1.000000 0.777083
0 1.0 0.896875 0.559375 0.200000 0.335417
0 1.0 0.861719 0.542708 0.076563 0.081250
0 1.0 0.885156 0.566667 0.114062 0.220833
0 1.0 0.885938 0.545833 0.084375 0.104167
0 1.0 0.825000 0.541667 0.259375 0.129167
0 1.0 0.817969 0.556250 0.104688 0.212500
0 1.0 0.805469 0.556250 0.279687 0.312500
0 1.0 0.130469 0.618750 0.182812 0.200000
0 1.0 0.137500 0.609375 0.159375 0.093750
0 1.0 0.078125 0.596875 0.137500 0.272917
0 1.0 0.170313 0.613542 0.040625 0.064583
0 1.0 0.028125 0.632292 0.056250 0.189583
0 1.0 0.075781 0.604167 0.104688 0.062500
0 1.0 0.094531 0.608333 0.029687 0.050000
0 1.0 0.957812 0.572917 0.056250 0.145833
0 1.0 0.941406 0.550000 0.117188 0.100000
0 1.0 0.542188 0.548958 0.268750 0.152083
0 1.0 0.553125 0.566667 0.165625 0.250000
0 1.0 0.505469 0.598958 0.095312 0.181250
0 1.0 0.438281 0.602083 0.057813 0.120833
0 1.0 0.450000 0.554167 0.190625 0.112500
0 1.0 0.460938 0.559375 0.306250 0.260417
0 1.0 0.393750 0.591667 0.078125 0.154167
0 1.0 0.384375 0.553125 0.359375 0.143750
0 1.0 0.714844 0.563542 0.145313 0.306250
0 1.0 0.719531 0.545833 0.254688 0.133333
0 1.0 0.665625 0.566667 0.106250 0.250000
0 1.0 0.655469 0.576042 0.329688 0.285417
0 1.0 0.592969 0.610417 0.135937 0.270833
0 1.0 0.613281 0.601042 0.264062 0.147917
0 1.0 0.544531 0.602083 0.117188 0.125000
0 1.0 0.762500 0.603125 0.340625 0.147917
0 1.0 0.295312 0.594792 0.265625 0.302083
0 1.0 0.300000 0.601042 0.153125 0.185417
0 1.0 0.237500 0.616667 0.115625 0.275000
0 1.0 0.232813 0.607292 0.190625 0.106250
0 1.0 0.266406 0.609375 0.054688 0.077083
0 1.0 0.185156 0.638542 0.082812 0.189583
0 1.0 0.442969 0.663542 0.057813 0.118750
0 1.0 0.232031 0.611458 0.089063 0.102083
0 1.0 0.133594 0.638542 0.079687 0.189583
0 1.0 0.145313 0.583333 0.265625 0.312500
0 1.0 0.443750 0.614583 0.168750 0.091667
0 1.0 0.489844 0.620833 0.042188 0.054167
0 1.0 0.389062 0.651042 0.075000 0.156250
0 1.0 0.403125 0.607292 0.334375 0.114583
0 1.0 0.301563 0.608333 0.028125 0.050000
0 1.0 0.395313 0.613542 0.196875 0.189583
0 1.0 0.344531 0.657292 0.073438 0.143750
0 1.0 0.341406 0.632292 0.142187 0.181250
0 1.0 0.349219 0.603125 0.095312 0.093750
0 1.0 0.509375 0.500000 0.253125 0.162500
0 1.0 0.433594 0.552083 0.060937 0.137500
0 1.0 0.443750 0.491667 0.225000 0.116667
0 1.0 0.392188 0.513542 0.134375 0.193750
0 1.0 0.342187 0.548958 0.071875 0.135417
0 1.0 0.335156 0.492708 0.304688 0.131250
0 1.0 0.335938 0.525000 0.146875 0.170833
0 1.0 0.657031 0.498958 0.323437 0.127083
0 1.0 0.667188 0.498958 0.087500 0.156250
0 1.0 0.600781 0.506250 0.142187 0.208333
0 1.0 0.592969 0.510417 0.270313 0.279167
0 1.0 0.129688 0.511458 0.146875 0.214583
0 1.0 0.078906 0.493750 0.157812 0.254167
0 1.0 0.029687 0.527083 0.056250 0.125000
0 1.0 0.063281 0.496875 0.126562 0.085417
0 1.0 0.959375 0.495833 0.043750 0.108333
0 1.0 0.941406 0.448958 0.117188 0.097917
0 1.0 0.286719 0.539583 0.079687 0.166667
0 1.0 0.282813 0.518750 0.146875 0.204167
0 1.0 0.233594 0.542708 0.082812 0.168750
0 1.0 0.158594 0.487500 0.279687 0.141667
0 1.0 0.228906 0.501042 0.276562 0.256250
0 1.0 0.195312 0.527083 0.100000 0.204167
0 1.0 0.174219 0.553125 0.195312 0.106250
0 1.0 0.130469 0.575000 0.114062 0.204167
0 1.0 0.828125 0.490625 0.300000 0.135417
0 1.0 0.766406 0.505208 0.139063 0.272917
0 1.0 0.057813 0.552083 0.115625 0.062500
0 1.0 0.063281 0.556250 0.054688 0.058333
0 1.0 0.050781 0.557292 0.101562 0.139583
0 1.0 0.925781 0.500000 0.148438 0.104167
0 1.0 0.917188 0.486458 0.125000 0.306250
0 1.0 0.885938 0.496875 0.096875 0.085417
0 1.0 0.768750 0.704167 0.346875 0.137500
0 1.0 0.760938 0.698958 0.159375 0.247917
0 1.0 0.760156 0.707292 0.323437 0.318750
0 1.0 0.712500 0.721875 0.140625 0.335417
0 1.0 0.872656 0.613542 0.076563 0.097917
0 1.0 0.657031 0.728125 0.135937 0.306250
0 1.0 0.659375 0.715625 0.240625 0.152083
0 1.0 0.600781 0.721875 0.110937 0.268750
0 1.0 0.934375 0.694792 0.131250 0.181250
0 1.0 0.907813 0.685417 0.150000 0.379167
0 1.0 0.804688 0.709375 0.181250 0.106250
0 1.0 0.855469 0.709375 0.085938 0.089583
0 1.0 0.823438 0.693750 0.125000 0.320833
0 1.0 0.384375 0.750000 0.096875 0.229167
0 1.0 0.428125 0.715625 0.334375 0.122917
0 1.0 0.470313 0.726042 0.050000 0.072917
0 1.0 0.398438 0.714583 0.265625 0.291667
0 1.0 0.345313 0.756250 0.087500 0.204167
0 1.0 0.381250 0.717708 0.159375 0.097917
0 1.0 0.289844 0.743750 0.095312 0.225000
0 1.0 0.304688 0.716667 0.168750 0.091667
0 1.0 0.339844 0.726042 0.035937 0.064583
0 1.0 0.236719 0.725000 0.123438 0.275000
0 1.0 0.402344 0.723958 0.076563 0.085417
0 1.0 0.589063 0.716667 0.187500 0.129167
0 1.0 0.616406 0.700000 0.285938 0.308333
0 1.0 0.549219 0.722917 0.073438 0.091667
0 1.0 0.546094 0.711458 0.176563 0.218750
0 1.0 0.466406 0.726042 0.142187 0.177083
0 1.0 0.504687 0.719792 0.100000 0.097917
0 1.0 0.494531 0.726042 0.039062 0.068750
0 1.0 0.494531 0.760417 0.226562 0.275000
0 1.0 0.445312 0.773958 0.081250 0.193750
0 1.0 0.471094 0.764583 0.220312 0.133333
0 1.0 0.510156 0.771875 0.042188 0.081250
0 1.0 0.454688 0.772917 0.062500 0.104167
0 1.0 0.372656 0.766667 0.170313 0.120833
0 1.0 0.389844 0.775000 0.079687 0.112500
0 1.0 0.650781 0.767708 0.289062 0.152083
0 1.0 0.682813 0.777083 0.284375 0.295833
0 1.0 0.609375 0.780208 0.081250 0.156250
0 1.0 0.525000 0.767708 0.090625 0.110417
0 1.0 0.545312 0.773958 0.209375 0.122917
0 1.0 0.577344 0.780208 0.057813 0.089583
0 1.0 0.176563 0.768750 0.090625 0.137500
0 1.0 0.130469 0.770833 0.260937 0.366667
0 1.0 0.132812 0.765625 0.153125 0.227083
0 1.0 0.175000 0.764583 0.037500 0.087500
0 1.0 0.055469 0.755208 0.110937 0.093750
0 1.0 0.040625 0.748958 0.081250 0.314583
0 1.0 0.076563 0.756250 0.025000 0.070833
0 1.0 0.272656 0.765625 0.304688 0.152083
0 1.0 0.311719 0.772917 0.045312 0.091667
0 1.0 0.188281 0.755208 0.142187 0.272917
0 1.0 0.231250 0.768750 0.112500 0.129167
0 1.0 0.366406 0.671875 0.092188 0.085417
0 1.0 0.245312 0.671875 0.321875 0.114583
0 1.0 0.306250 0.682292 0.031250 0.052083
0 1.0 0.279687 0.673958 0.059375 0.085417
0 1.0 0.496094 0.662500 0.235937 0.108333
0 1.0 0.496875 0.653125 0.256250 0.285417
0 1.0 0.446875 0.713542 0.065625 0.139583
0 1.0 0.457813 0.676042 0.065625 0.072917
0 1.0 0.507812 0.682292 0.037500 0.052083
0 1.0 0.937500 0.603125 0.125000 0.110417
0 1.0 0.884375 0.606250 0.231250 0.141667
0 1.0 0.218750 0.667708 0.121875 0.122917
0 1.0 0.830469 0.606250 0.107813 0.091667
0 1.0 0.913281 0.450000 0.173437 0.158333
0 1.0 0.199219 0.650000 0.260937 0.279167
0 1.0 0.157031 0.665625 0.057813 0.106250
0 1.0 0.077344 0.651042 0.154688 0.106250
0 1.0 0.104688 0.657292 0.028125 0.072917
0 1.0 0.054688 0.667708 0.109375 0.202083
0 1.0 0.064844 0.701042 0.129688 0.097917
0 1.0 0.089063 0.704167 0.028125 0.070833
0 1.0 0.956250 0.660417 0.068750 0.204167
0 1.0 0.307812 0.722917 0.056250 0.087500
0 1.0 0.229687 0.713542 0.162500 0.102083
0 1.0 0.152344 0.704167 0.279687 0.141667
0 1.0 0.169531 0.705208 0.092188 0.127083
0 1.0 0.164844 0.710417 0.042188 0.087500
0 1.0 0.718750 0.647917 0.215625 0.216667
0 1.0 0.549219 0.662500 0.098437 0.108333
0 1.0 0.604688 0.654167 0.268750 0.133333
0 1.0 0.820312 0.659375 0.184375 0.118750
0 1.0 0.810156 0.658333 0.298438 0.170833
0 1.0 0.232813 0.286458 0.218750 0.214583
0 1.0 0.126562 0.316667 0.128125 0.229167
0 1.0 0.155469 0.294792 0.242188 0.131250
0 1.0 0.072656 0.319792 0.101562 0.202083
0 1.0 0.080469 0.304167 0.064062 0.104167
0 1.0 0.134375 0.295833 0.096875 0.129167
0 1.0 0.421875 0.278125 0.212500 0.139583
0 1.0 0.407813 0.277083 0.306250 0.279167
0 1.0 0.338281 0.285417 0.117188 0.250000
0 1.0 0.360156 0.280208 0.198437 0.106250
0 1.0 0.339062 0.278125 0.309375 0.168750
0 1.0 0.284375 0.291667 0.134375 0.170833
0 1.0 0.856250 0.216667 0.265625 0.312500
0 1.0 0.811719 0.254167 0.123438 0.212500
0 1.0 0.783594 0.244792 0.279687 0.127083
0 1.0 0.813281 0.265625 0.082812 0.135417
0 1.0 0.032813 0.322917 0.065625 0.179167
0 1.0 0.767188 0.256250 0.115625 0.154167
0 1.0 0.720313 0.239583 0.146875 0.229167
0 1.0 0.725781 0.225000 0.107813 0.125000
0 1.0 0.075000 0.291667 0.140625 0.083333
0 1.0 0.960156 0.272917 0.054688 0.170833
0 1.0 0.939844 0.237500 0.120313 0.108333
0 1.0 0.921875 0.230208 0.115625 0.352083
0 1.0 0.884375 0.240625 0.231250 0.160417
0 1.0 0.876563 0.238542 0.131250 0.268750
0 1.0 0.882812 0.245833 0.087500 0.166667
0 1.0 0.920312 0.290625 0.109375 0.152083
0 1.0 0.878906 0.316667 0.101562 0.162500
0 1.0 0.888281 0.301042 0.039062 0.056250
0 1.0 0.808594 0.283333 0.204687 0.129167
0 1.0 0.817969 0.268750 0.054688 0.087500
0 1.0 0.078125 0.384375 0.081250 0.160417
0 1.0 0.128906 0.338542 0.257812 0.122917
0 1.0 0.027344 0.381250 0.045312 0.095833
0 1.0 0.955469 0.335417 0.039062 0.104167
0 1.0 0.557813 0.272917 0.315625 0.150000
0 1.0 0.549219 0.230208 0.160938 0.172917
0 1.0 0.505469 0.263542 0.154688 0.260417
0 1.0 0.449219 0.266667 0.110937 0.225000
0 1.0 0.512500 0.286458 0.106250 0.089583
0 1.0 0.396094 0.266667 0.135937 0.275000
0 1.0 0.712500 0.272917 0.237500 0.129167
0 1.0 0.735938 0.230208 0.059375 0.077083
0 1.0 0.650000 0.247917 0.118750 0.195833
0 1.0 0.653125 0.227083 0.087500 0.104167
0 1.0 0.638281 0.271875 0.289062 0.235417
0 1.0 0.610938 0.229167 0.121875 0.179167
0 1.0 0.737500 0.187500 0.300000 0.133333
0 1.0 0.640625 0.183333 0.300000 0.200000
0 1.0 0.874219 0.179167 0.251563 0.141667
0 1.0 0.783594 0.185417 0.135937 0.108333
0 1.0 0.027344 0.056250 0.045312 0.087500
0 1.0 0.062500 0.027083 0.068750 0.054167
0 1.0 0.075000 0.075000 0.150000 0.150000
0 1.0 0.253125 0.535417 0.456250 0.929167
0 1.0 0.749219 0.500000 0.454688 1.000000
0 1.0 0.553125 0.256250 0.893750 0.470833
0 1.0 0.548438 0.185417 0.293750 0.141667
0 1.0 0.131250 0.045833 0.240625 0.091667
0 1.0 0.073438 0.062500 0.068750 0.112500
0 1.0 0.112500 0.029167 0.125000 0.058333
0 1.0 0.459375 0.215625 0.184375 0.231250
0 1.0 0.440625 0.218750 0.346875 0.141667
0 1.0 0.126562 0.238542 0.171875 0.264583
0 1.0 0.074219 0.242708 0.126562 0.289583
0 1.0 0.128906 0.238542 0.257812 0.127083
0 1.0 0.049219 0.240625 0.098437 0.102083
0 1.0 0.961719 0.191667 0.073438 0.225000
0 1.0 0.933594 0.180208 0.132812 0.114583
0 1.0 0.340625 0.223958 0.200000 0.189583
0 1.0 0.222656 0.232292 0.289062 0.147917
0 1.0 0.247656 0.234375 0.126562 0.122917
0 1.0 0.032031 0.493750 0.045312 0.087500
0 1.0 0.078125 0.448958 0.053125 0.060417
0 1.0 0.051562 0.453125 0.103125 0.097917
0 1.0 0.879687 0.392708 0.240625 0.139583
0 1.0 0.893750 0.406250 0.206250 0.295833
0 1.0 0.935156 0.393750 0.129688 0.112500
0 1.0 0.201563 0.452083 0.187500 0.120833
0 1.0 0.128906 0.484375 0.082812 0.160417
0 1.0 0.727344 0.396875 0.235937 0.139583
0 1.0 0.704688 0.348958 0.290625 0.322917
0 1.0 0.648438 0.362500 0.131250 0.287500
0 1.0 0.603906 0.387500 0.310937 0.129167
0 1.0 0.553125 0.368750 0.140625 0.283333
0 1.0 0.810156 0.400000 0.120313 0.275000
0 1.0 0.719531 0.386458 0.098437 0.181250
0 1.0 0.793750 0.455208 0.221875 0.106250
0 1.0 0.771094 0.436458 0.114062 0.164583
0 1.0 0.781250 0.437500 0.275000 0.270833
0 1.0 0.710938 0.462500 0.096875 0.183333
0 1.0 0.656250 0.437500 0.093750 0.212500
0 1.0 0.666406 0.453125 0.279687 0.106250
0 1.0 0.825000 0.471875 0.071875 0.122917
0 1.0 0.851562 0.456250 0.043750 0.066667
0 1.0 0.396094 0.506250 0.070312 0.112500
0 1.0 0.406250 0.453125 0.359375 0.114583
0 1.0 0.415625 0.468750 0.115625 0.104167
0 1.0 0.343750 0.508333 0.056250 0.083333
0 1.0 0.362500 0.453125 0.100000 0.072917
0 1.0 0.342187 0.484375 0.115625 0.106250
0 1.0 0.606250 0.436458 0.125000 0.189583
0 1.0 0.285938 0.453125 0.240625 0.135417
0 1.0 0.299219 0.465625 0.120313 0.106250
0 1.0 0.548438 0.448958 0.293750 0.102083
0 1.0 0.542969 0.434375 0.270313 0.289583
0 1.0 0.546094 0.461458 0.176563 0.160417
0 1.0 0.471875 0.465625 0.121875 0.110417
0 1.0 0.432812 0.493750 0.046875 0.079167
0 1.0 0.484375 0.451042 0.081250 0.068750
0 1.0 0.458594 0.443750 0.279687 0.229167
0 1.0 0.601562 0.334375 0.300000 0.143750
0 1.0 0.508594 0.301042 0.276562 0.310417
0 1.0 0.825000 0.328125 0.259375 0.177083
0 1.0 0.770312 0.328125 0.140625 0.264583
0 1.0 0.707031 0.327083 0.304688 0.141667
0 1.0 0.727344 0.318750 0.104688 0.183333
0 1.0 0.237500 0.362500 0.140625 0.216667
0 1.0 0.187500 0.365625 0.115625 0.197917
0 1.0 0.435937 0.306250 0.053125 0.091667
0 1.0 0.125781 0.375000 0.089063 0.187500
0 1.0 0.481250 0.337500 0.250000 0.129167
0 1.0 0.393750 0.360417 0.100000 0.220833
0 1.0 0.343750 0.371875 0.081250 0.168750
0 1.0 0.337500 0.339583 0.365625 0.141667
0 1.0 0.339844 0.356250 0.148438 0.216667
0 1.0 0.342187 0.429167 0.118750 0.129167
0 1.0 0.334375 0.403125 0.309375 0.160417
0 1.0 0.289844 0.418750 0.120313 0.170833
0 1.0 0.277344 0.372917 0.285938 0.266667
0 1.0 0.234375 0.431250 0.093750 0.108333
0 1.0 0.192969 0.395833 0.304688 0.133333
0 1.0 0.498437 0.378125 0.143750 0.252083
0 1.0 0.507031 0.395833 0.254688 0.145833
0 1.0 0.434375 0.428125 0.084375 0.135417
0 1.0 0.388281 0.440625 0.079687 0.127083
0 1.0 0.413281 0.411458 0.157812 0.147917
0 1.0 0.938281 0.341667 0.123438 0.104167
0 1.0 0.944531 0.391667 0.054688 0.104167
0 1.0 0.873437 0.382292 0.115625 0.193750
0 1.0 0.145313 0.403125 0.265625 0.260417
0 1.0 0.075000 0.437500 0.100000 0.195833
0 1.0 0.957031 0.388542 0.032813 0.077083
0 1.0 0.075781 0.395833 0.151562 0.091667
0 1.0 0.331250 0.656250 0.459375 0.450000
0 1.0 0.182812 0.656250 0.365625 0.512500
0 1.0 0.075781 0.648958 0.151562 0.577083
0 1.0 0.919531 0.112500 0.160938 0.225000
0 1.0 0.689844 0.678125 0.520312 0.485417
0 1.0 0.570312 0.644792 0.656250 0.243750
0 1.0 0.821875 0.123958 0.115625 0.177083
0 1.0 0.820312 0.090625 0.262500 0.181250
0 1.0 0.763281 0.134375 0.104688 0.197917
0 1.0 0.962500 0.128125 0.056250 0.164583
0 1.0 0.559375 0.551042 0.668750 0.235417
0 1.0 0.836719 0.565625 0.204687 0.610417
0 1.0 0.050781 0.127083 0.101562 0.112500
0 1.0 0.044531 0.143750 0.089063 0.262500
0 1.0 0.662500 0.110417 0.206250 0.162500
0 1.0 0.604688 0.173958 0.068750 0.102083
0 1.0 0.595313 0.086458 0.275000 0.118750
0 1.0 0.486719 0.766667 0.632812 0.254167
0 1.0 0.370312 0.837500 0.621875 0.200000
0 1.0 0.234375 0.814583 0.268750 0.366667
0 1.0 0.660937 0.175000 0.068750 0.104167
0 1.0 0.716406 0.148958 0.085938 0.147917
0 1.0 0.726562 0.111458 0.275000 0.222917
0 1.0 0.249219 0.760417 0.498437 0.266667
0 1.0 0.489063 0.142708 0.318750 0.247917
0 1.0 0.397656 0.148958 0.110937 0.177083
0 1.0 0.456250 0.138542 0.250000 0.102083
0 1.0 0.470313 0.145833 0.071875 0.070833
0 1.0 0.554688 0.331250 0.568750 0.254167
0 1.0 0.346875 0.333333 0.231250 0.475000
0 1.0 0.357812 0.148958 0.153125 0.131250
0 1.0 0.286719 0.189583 0.064062 0.129167
0 1.0 0.253906 0.138542 0.242188 0.093750
0 1.0 0.286719 0.166667 0.107813 0.145833
0 1.0 0.296094 0.146875 0.042188 0.052083
0 1.0 0.272656 0.132292 0.251563 0.252083
0 1.0 0.828125 0.348958 0.228125 0.527083
0 1.0 0.357812 0.327083 0.506250 0.287500
0 1.0 0.633594 0.238542 0.539062 0.227083
0 1.0 0.503906 0.177083 0.117188 0.195833
0 1.0 0.453906 0.183333 0.067187 0.125000
0 1.0 0.457813 0.163542 0.118750 0.156250
0 1.0 0.515625 0.150000 0.090625 0.079167
0 1.0 0.434375 0.552083 0.484375 0.404167
0 1.0 0.175781 0.119792 0.273438 0.168750
0 1.0 0.126562 0.145833 0.137500 0.283333
0 1.0 0.345313 0.470833 0.293750 0.445833
0 1.0 0.285156 0.457292 0.570312 0.210417
0 1.0 0.332813 0.180208 0.071875 0.131250
0 1.0 0.391406 0.136458 0.104688 0.072917
0 1.0 0.643750 0.454167 0.600000 0.225000
0 1.0 0.671094 0.452083 0.467187 0.475000
0 1.0 0.189062 0.152083 0.100000 0.216667
0 1.0 0.517188 0.673958 0.437500 0.556250
0 1.0 0.553125 0.136458 0.121875 0.114583
0 1.0 0.560937 0.102083 0.071875 0.066667
0 1.0 0.567187 0.043750 0.200000 0.087500
0 1.0 0.503906 0.115625 0.054688 0.072917
0 1.0 0.610156 0.063542 0.132812 0.093750
0 1.0 0.668750 0.809375 0.662500 0.364583
0 1.0 0.295312 0.056250 0.071875 0.104167
0 1.0 0.135937 0.062500 0.071875 0.125000
0 1.0 0.240625 0.070833 0.084375 0.141667
0 1.0 0.233594 0.032292 0.201563 0.064583
0 1.0 0.222656 0.079167 0.251563 0.158333
0 1.0 0.190625 0.065625 0.065625 0.127083
0 1.0 0.350781 0.071875 0.254688 0.143750
0 1.0 0.362500 0.054167 0.087500 0.083333
0 1.0 0.510156 0.064583 0.139063 0.100000
0 1.0 0.457031 0.109375 0.029687 0.043750
0 1.0 0.518750 0.033333 0.059375 0.050000
0 1.0 0.461719 0.096875 0.054688 0.056250
0 1.0 0.467969 0.081250 0.260937 0.162500
0 1.0 0.321094 0.038542 0.151562 0.077083
0 1.0 0.396094 0.084375 0.064062 0.097917
0 1.0 0.428125 0.031250 0.221875 0.062500
0 1.0 0.434375 0.035417 0.106250 0.066667
0 1.0 0.345313 0.082292 0.037500 0.077083
0 1.0 0.344531 0.031250 0.057813 0.050000
0 1.0 0.333594 0.120833 0.085938 0.116667
0 1.0 0.377344 0.089583 0.142187 0.100000
0 1.0 0.257031 0.083333 0.220312 0.095833
0 1.0 0.289062 0.091667 0.056250 0.062500
0 1.0 0.335938 0.143750 0.053125 0.108333
0 1.0 0.475781 0.921875 0.598437 0.156250
0 1.0 0.028906 0.112500 0.057813 0.175000
0 1.0 0.214844 0.918750 0.429688 0.162500
0 1.0 0.808594 0.847917 0.382812 0.195833
0 1.0 0.503125 0.094792 0.193750 0.093750
0 1.0 0.289062 0.103125 0.112500 0.131250
0 1.0 0.494531 0.336458 0.320312 0.656250
0 1.0 0.764844 0.081250 0.070312 0.129167
0 1.0 0.775000 0.034375 0.184375 0.068750
0 1.0 0.717969 0.090625 0.067187 0.110417
0 1.0 0.717187 0.065625 0.131250 0.122917
0 1.0 0.657813 0.113542 0.046875 0.064583
0 1.0 0.682031 0.032292 0.164062 0.064583
0 1.0 0.667969 0.065625 0.126562 0.097917
0 1.0 0.602344 0.125000 0.054688 0.070833
0 1.0 0.643750 0.125000 0.712500 0.250000
0 1.0 0.047656 0.076042 0.095312 0.106250
0 1.0 0.958594 0.081250 0.035937 0.083333
0 1.0 0.943750 0.035417 0.112500 0.070833
0 1.0 0.928906 0.084375 0.079687 0.168750
0 1.0 0.361719 0.123958 0.723437 0.247917
0 1.0 0.861719 0.032292 0.107813 0.064583
0 1.0 0.878125 0.060417 0.065625 0.091667
0 1.0 0.860156 0.045833 0.185938 0.091667
0 1.0 0.766406 0.921875 0.467187 0.156250
0 1.0 0.817187 0.068750 0.075000 0.137500
0 1.0 0.666406 0.867708 0.239063 0.206250
0 1.0 0.612500 0.814583 0.053125 0.104167
0 1.0 0.554688 0.785417 0.043750 0.075000
0 1.0 0.580469 0.876042 0.289062 0.152083
0 1.0 0.502344 0.794792 0.057813 0.102083
0 1.0 0.502344 0.873958 0.214062 0.118750
0 1.0 0.502344 0.829167 0.076563 0.120833
0 1.0 0.520312 0.851042 0.256250 0.239583
0 1.0 0.559375 0.816667 0.065625 0.091667
0 1.0 0.761719 0.848958 0.048438 0.085417
0 1.0 0.720313 0.852083 0.062500 0.100000
0 1.0 0.667969 0.830208 0.051562 0.093750
0 1.0 0.285938 0.841667 0.203125 0.250000
0 1.0 0.248438 0.808333 0.071875 0.150000
0 1.0 0.239063 0.866667 0.265625 0.150000
0 1.0 0.269531 0.868750 0.092188 0.129167
0 1.0 0.196875 0.805208 0.050000 0.114583
0 1.0 0.444531 0.820833 0.035937 0.066667
0 1.0 0.192188 0.821875 0.100000 0.156250
0 1.0 0.176563 0.861458 0.215625 0.218750
0 1.0 0.131250 0.792708 0.071875 0.135417
0 1.0 0.430469 0.879167 0.151562 0.108333
0 1.0 0.439063 0.850000 0.081250 0.125000
0 1.0 0.459375 0.883333 0.059375 0.087500
0 1.0 0.391406 0.833333 0.064062 0.137500
0 1.0 0.350000 0.873958 0.037500 0.072917
0 1.0 0.389844 0.861458 0.164062 0.214583
0 1.0 0.347656 0.823958 0.060937 0.139583
0 1.0 0.402344 0.875000 0.067187 0.095833
0 1.0 0.298438 0.813542 0.065625 0.168750
0 1.0 0.364063 0.915625 0.193750 0.131250
0 1.0 0.814063 0.864583 0.062500 0.104167
0 1.0 0.300781 0.898958 0.120313 0.160417
0 1.0 0.496094 0.877083 0.114062 0.220833
0 1.0 0.530469 0.913542 0.310937 0.127083
0 1.0 0.455469 0.912500 0.132812 0.133333
0 1.0 0.920312 0.875000 0.159375 0.108333
0 1.0 0.950000 0.903125 0.053125 0.072917
0 1.0 0.909375 0.855208 0.181250 0.252083
0 1.0 0.915625 0.858333 0.071875 0.133333
0 1.0 0.882031 0.854167 0.089063 0.162500
0 1.0 0.808594 0.881250 0.242188 0.116667
0 1.0 0.077344 0.863542 0.135937 0.272917
0 1.0 0.960938 0.894792 0.028125 0.052083
0 1.0 0.027344 0.879167 0.054688 0.195833
0 1.0 0.064062 0.915625 0.128125 0.106250
0 1.0 0.196094 0.812500 0.345313 0.150000
0 1.0 0.342969 0.817708 0.117188 0.268750
0 1.0 0.375000 0.806250 0.300000 0.145833
0 1.0 0.793750 0.768750 0.334375 0.154167
0 1.0 0.053906 0.812500 0.107813 0.091667
0 1.0 0.061719 0.818750 0.039062 0.079167
0 1.0 0.962500 0.765625 0.062500 0.164583
0 1.0 0.930469 0.761458 0.139063 0.118750
0 1.0 0.821094 0.771875 0.145313 0.093750
0 1.0 0.872656 0.777083 0.064062 0.079167
0 1.0 0.801562 0.821875 0.175000 0.097917
0 1.0 0.852344 0.829167 0.089063 0.087500
0 1.0 0.816406 0.807292 0.117188 0.214583
0 1.0 0.753906 0.823958 0.132812 0.268750
0 1.0 0.124219 0.875000 0.145313 0.150000
0 1.0 0.053906 0.868750 0.107813 0.100000
0 1.0 0.961719 0.858333 0.054688 0.145833
0 1.0 0.926562 0.815625 0.146875 0.106250
0 1.0 0.550781 0.796875 0.148438 0.227083
0 1.0 0.527344 0.807292 0.098437 0.114583
0 1.0 0.437500 0.819792 0.146875 0.264583
0 1.0 0.713281 0.825000 0.126562 0.220833
0 1.0 0.608594 0.820833 0.123438 0.287500
0 1.0 0.610938 0.812500 0.328125 0.145833
0 1.0 0.632812 0.814583 0.121875 0.125000
0 1.0 0.173437 0.183333 0.278125 0.166667
0 1.0 0.190625 0.188542 0.062500 0.093750
0 1.0 0.118750 0.181250 0.221875 0.112500
0 1.0 0.292187 0.191667 0.259375 0.108333
0 1.0 0.057031 0.183333 0.114062 0.079167
0 1.0 0.391406 0.188542 0.167187 0.089583
0 1.0 0.970313 0.962500 0.050000 0.075000
0 1.0 0.945312 0.956250 0.109375 0.087500
0 1.0 0.301563 0.201042 0.050000 0.072917
0 1.0 0.236719 0.186458 0.145313 0.268750
0 1.0 0.240625 0.258333 0.262500 0.416667
0 1.0 0.266406 0.255208 0.473438 0.268750
0 1.0 0.143750 0.244792 0.234375 0.489583
0 1.0 0.579688 0.137500 0.328125 0.125000
0 1.0 0.096094 0.942708 0.139063 0.114583
0 1.0 0.044531 0.964583 0.076563 0.054167
0 1.0 0.285938 0.962500 0.090625 0.058333
0 1.0 0.242188 0.913542 0.134375 0.172917
0 1.0 0.189062 0.918750 0.100000 0.162500
0 1.0 0.229687 0.961458 0.109375 0.064583
0 1.0 0.199219 0.950000 0.207813 0.100000
0 1.0 0.132812 0.917708 0.106250 0.164583
0 1.0 0.131250 0.964583 0.100000 0.062500
0 1.0 0.705469 0.910417 0.167187 0.141667
0 1.0 0.659375 0.894792 0.106250 0.193750
0 1.0 0.907813 0.921875 0.140625 0.139583
0 1.0 0.550781 0.885417 0.117188 0.220833
0 1.0 0.808594 0.903125 0.107813 0.193750
0 1.0 0.714844 0.889583 0.095312 0.141667
0 1.0 0.761719 0.902083 0.110937 0.195833
0 1.0 0.806250 0.956250 0.225000 0.079167
0 1.0 0.714063 0.940625 0.078125 0.118750
0 1.0 0.700781 0.954167 0.167187 0.075000
0 1.0 0.605469 0.926042 0.082812 0.147917
0 1.0 0.852344 0.957292 0.110937 0.064583
0 1.0 0.878125 0.945833 0.109375 0.108333
0 1.0 0.457031 0.952083 0.110937 0.095833
0 1.0 0.396875 0.919792 0.087500 0.160417
0 1.0 0.346094 0.925000 0.085938 0.150000
0 1.0 0.410156 0.960417 0.070312 0.054167
0 1.0 0.635938 0.954167 0.153125 0.075000
0 1.0 0.382031 0.956250 0.129688 0.083333
0 1.0 0.347656 0.964583 0.079687 0.054167
0 1.0 0.303125 0.947917 0.103125 0.104167
0 1.0 0.609375 0.945833 0.268750 0.108333
0 1.0 0.567969 0.957292 0.107813 0.064583
0 1.0 0.500000 0.925000 0.078125 0.150000
0 1.0 0.508594 0.959375 0.107813 0.060417
0 1.0 0.471094 0.960417 0.073438 0.054167
0 1.0 0.349219 0.806250 0.239063 0.366667
0 1.0 0.553906 0.728125 0.239063 0.464583
0 1.0 0.845313 0.825000 0.203125 0.350000
0 1.0 0.350781 0.187500 0.282813 0.375000
0 1.0 0.082812 0.344792 0.165625 0.489583
0 1.0 0.922656 0.348958 0.154688 0.577083