0 1.0 0.440421 0.772656 0.394860 0.320312
0 1.0 0.500000 0.522656 1.000000 0.757812
0 1.0 0.545561 0.601562 0.147196 0.212500
0 1.0 0.553738 0.602344 0.107477 0.082812
0 1.0 0.553738 0.597656 0.280374 0.251563
0 1.0 0.494159 0.619531 0.109813 0.232813
0 1.0 0.526869 0.600000 0.250000 0.106250
0 1.0 0.773364 0.620313 0.121495 0.278125
0 1.0 0.449766 0.626563 0.077103 0.162500
0 1.0 0.457944 0.610938 0.186916 0.087500
0 1.0 0.515187 0.619531 0.025701 0.042188
0 1.0 0.457944 0.604688 0.238318 0.318750
0 1.0 0.717290 0.628906 0.084112 0.232813
0 1.0 0.721963 0.601562 0.280374 0.118750
0 1.0 0.657710 0.639062 0.086449 0.175000
0 1.0 0.918224 0.612500 0.144860 0.287500
0 1.0 0.649533 0.611719 0.200935 0.189062
0 1.0 0.605140 0.629687 0.098131 0.175000
0 1.0 0.390187 0.601562 0.116822 0.275000
0 1.0 0.248832 0.607812 0.058411 0.093750
0 1.0 0.237150 0.611719 0.184579 0.210938
0 1.0 0.179907 0.647656 0.074766 0.217188
0 1.0 0.198598 0.602344 0.261682 0.107813
0 1.0 0.213785 0.606250 0.105140 0.096875
0 1.0 0.140187 0.629687 0.102804 0.259375
0 1.0 0.168224 0.608594 0.088785 0.101562
0 1.0 0.133178 0.618750 0.242991 0.281250
0 1.0 0.075935 0.617188 0.105140 0.306250
0 1.0 0.335280 0.628906 0.081776 0.217188
0 1.0 0.126168 0.607031 0.079439 0.101562
0 1.0 0.490654 0.618750 0.028037 0.043750
0 1.0 0.335280 0.607031 0.268692 0.101562
0 1.0 0.364486 0.611719 0.098131 0.082812
0 1.0 0.285047 0.635938 0.098131 0.268750
0 1.0 0.273364 0.617188 0.023364 0.046875
0 1.0 0.343458 0.597656 0.271028 0.279687
0 1.0 0.260514 0.651563 0.086449 0.115625
0 1.0 0.228972 0.699219 0.224299 0.348438
0 1.0 0.216121 0.653125 0.133178 0.137500
0 1.0 0.433411 0.662500 0.310748 0.131250
0 1.0 0.462617 0.667188 0.084112 0.103125
0 1.0 0.417056 0.682813 0.245327 0.275000
0 1.0 0.232477 0.651563 0.306075 0.143750
0 1.0 0.268692 0.660156 0.042056 0.082812
0 1.0 0.811916 0.605469 0.081776 0.082812
0 1.0 0.875000 0.620313 0.100467 0.190625
0 1.0 0.842290 0.609375 0.072430 0.081250
0 1.0 0.865654 0.607812 0.203271 0.221875
0 1.0 0.128505 0.657031 0.088785 0.117188
0 1.0 0.334112 0.675000 0.140187 0.259375
0 1.0 0.033879 0.672656 0.067757 0.264062
0 1.0 0.063084 0.656250 0.126168 0.106250
0 1.0 0.058411 0.660937 0.051402 0.087500
0 1.0 0.940421 0.600781 0.119159 0.101562
0 1.0 0.959112 0.632031 0.049065 0.126562
0 1.0 0.211449 0.553906 0.306075 0.107813
0 1.0 0.181075 0.577344 0.119159 0.245312
0 1.0 0.114486 0.552344 0.228972 0.117188
0 1.0 0.086449 0.557031 0.172897 0.239063
0 1.0 0.032710 0.551562 0.065421 0.275000
0 1.0 0.375000 0.546875 0.221963 0.090625
0 1.0 0.342290 0.567187 0.128505 0.259375
0 1.0 0.293224 0.559375 0.086449 0.087500
0 1.0 0.286215 0.564844 0.128505 0.179688
0 1.0 0.864486 0.506250 0.252336 0.306250
0 1.0 0.817757 0.539844 0.107477 0.245312
0 1.0 0.824766 0.499219 0.289720 0.104688
0 1.0 0.775701 0.535156 0.070093 0.142187
0 1.0 0.716121 0.542969 0.081776 0.198437
0 1.0 0.718458 0.502344 0.264019 0.079687
0 1.0 0.723131 0.539844 0.058411 0.120313
0 1.0 0.040888 0.555469 0.081776 0.095312
0 1.0 0.956776 0.542969 0.049065 0.126562
0 1.0 0.949766 0.499219 0.100467 0.089063
0 1.0 0.866822 0.507812 0.121495 0.071875
0 1.0 0.924065 0.499219 0.114486 0.351562
0 1.0 0.904206 0.503125 0.191589 0.137500
0 1.0 0.876168 0.530469 0.112150 0.235937
0 1.0 0.857477 0.503906 0.070093 0.054688
0 1.0 0.836449 0.557031 0.074766 0.070312
0 1.0 0.849299 0.565625 0.128505 0.093750
0 1.0 0.827103 0.554688 0.303738 0.131250
0 1.0 0.660047 0.603125 0.058411 0.096875
0 1.0 0.778037 0.592187 0.074766 0.156250
0 1.0 0.775701 0.568750 0.275701 0.265625
0 1.0 0.064252 0.603906 0.128505 0.095312
0 1.0 0.058411 0.610938 0.051402 0.071875
0 1.0 0.947430 0.551562 0.105140 0.093750
0 1.0 0.532710 0.544531 0.186916 0.098437
0 1.0 0.500000 0.553125 0.182243 0.200000
0 1.0 0.721963 0.554688 0.303738 0.109375
0 1.0 0.508178 0.548438 0.091121 0.068750
0 1.0 0.467290 0.548438 0.056075 0.071875
0 1.0 0.456776 0.580469 0.063084 0.135937
0 1.0 0.724299 0.589844 0.056075 0.120313
0 1.0 0.607477 0.550781 0.214953 0.101562
0 1.0 0.600467 0.592969 0.060748 0.085938
0 1.0 0.275701 0.762500 0.135514 0.343750
0 1.0 0.294393 0.773438 0.060748 0.090625
0 1.0 0.238318 0.764844 0.294393 0.126562
0 1.0 0.262850 0.773438 0.119159 0.121875
0 1.0 0.183411 0.775000 0.119159 0.365625
0 1.0 0.454439 0.754687 0.217290 0.243750
0 1.0 0.132009 0.765625 0.128505 0.400000
0 1.0 0.716121 0.756250 0.095794 0.328125
0 1.0 0.350467 0.760938 0.317757 0.143750
0 1.0 0.351636 0.769531 0.207944 0.251563
0 1.0 0.578271 0.774219 0.264019 0.270313
0 1.0 0.935748 0.702344 0.128505 0.195312
0 1.0 0.878505 0.707031 0.242991 0.132812
0 1.0 0.891355 0.719531 0.217290 0.342187
0 1.0 0.873832 0.709375 0.126168 0.262500
0 1.0 0.862150 0.715625 0.042056 0.068750
0 1.0 0.810748 0.703125 0.130841 0.359375
0 1.0 0.810748 0.710156 0.107477 0.089063
0 1.0 0.161215 0.771875 0.149533 0.143750
0 1.0 0.070093 0.778125 0.126168 0.406250
0 1.0 0.064252 0.760938 0.128505 0.100000
0 1.0 0.060748 0.769531 0.046729 0.076563
0 1.0 0.927570 0.763281 0.144860 0.151562
0 1.0 0.808411 0.767969 0.154206 0.101562
0 1.0 0.855140 0.777344 0.060748 0.082812
0 1.0 0.836449 0.763281 0.303738 0.132812
0 1.0 0.149533 0.814844 0.299065 0.145313
0 1.0 0.137850 0.819531 0.247664 0.317188
0 1.0 0.067757 0.815625 0.135514 0.100000
0 1.0 0.060748 0.826562 0.046729 0.078125
0 1.0 0.963785 0.750000 0.063084 0.209375
0 1.0 0.130841 0.825781 0.098131 0.120313
0 1.0 0.601636 0.746875 0.119159 0.212500
0 1.0 0.543224 0.765625 0.119159 0.246875
0 1.0 0.769860 0.762500 0.128505 0.393750
0 1.0 0.714953 0.761719 0.289720 0.123438
0 1.0 0.713785 0.774219 0.264019 0.335938
0 1.0 0.649533 0.756250 0.098131 0.240625
0 1.0 0.820093 0.657813 0.088785 0.090625
0 1.0 0.851636 0.660156 0.058411 0.082812
0 1.0 0.787383 0.650000 0.294393 0.134375
0 1.0 0.129673 0.709375 0.259346 0.131250
0 1.0 0.132009 0.713281 0.086449 0.107813
0 1.0 0.064252 0.710938 0.128505 0.103125
0 1.0 0.058411 0.715625 0.051402 0.081250
0 1.0 0.710280 0.510938 0.280374 0.290625
0 1.0 0.717290 0.646094 0.280374 0.270313
0 1.0 0.600467 0.647656 0.200935 0.185938
0 1.0 0.601636 0.713281 0.212617 0.139063
0 1.0 0.537383 0.713281 0.210280 0.192188
0 1.0 0.714953 0.705469 0.322430 0.120313
0 1.0 0.713785 0.700781 0.189252 0.214062
0 1.0 0.640187 0.703125 0.271028 0.290625
0 1.0 0.242991 0.707812 0.322430 0.137500
0 1.0 0.276869 0.714844 0.086449 0.114062
0 1.0 0.200935 0.710156 0.107477 0.120313
0 1.0 0.467290 0.720313 0.149533 0.143750
0 1.0 0.366822 0.708594 0.163551 0.139063
0 1.0 0.297897 0.718750 0.039720 0.078125
0 1.0 0.114486 0.335156 0.135514 0.092188
0 1.0 0.085280 0.359375 0.077103 0.168750
0 1.0 0.102804 0.335938 0.205607 0.162500
0 1.0 0.022196 0.347656 0.044393 0.117188
0 1.0 0.060748 0.332813 0.121495 0.081250
0 1.0 0.292056 0.350781 0.060748 0.139063
0 1.0 0.957944 0.307031 0.070093 0.242188
0 1.0 0.949766 0.285938 0.100467 0.106250
0 1.0 0.927570 0.289844 0.144860 0.167187
0 1.0 0.921729 0.292187 0.128505 0.437500
0 1.0 0.313084 0.361719 0.032710 0.064062
0 1.0 0.234813 0.322656 0.128505 0.235937
0 1.0 0.258178 0.340625 0.268692 0.109375
0 1.0 0.238318 0.323437 0.079439 0.131250
0 1.0 0.242991 0.294531 0.233645 0.295312
0 1.0 0.189252 0.353125 0.065421 0.162500
0 1.0 0.439252 0.346094 0.130841 0.148438
0 1.0 0.210280 0.346875 0.056075 0.084375
0 1.0 0.139019 0.375781 0.058411 0.164062
0 1.0 0.033879 0.353906 0.067757 0.189062
0 1.0 0.767523 0.283594 0.184579 0.235937
0 1.0 0.716121 0.290625 0.240654 0.125000
0 1.0 0.721963 0.283594 0.084112 0.151562
0 1.0 0.670561 0.293750 0.070093 0.128125
0 1.0 0.663551 0.288281 0.261682 0.295312
0 1.0 0.591121 0.295312 0.098131 0.193750
0 1.0 0.601636 0.292969 0.156542 0.107813
0 1.0 0.584112 0.297656 0.261682 0.167187
0 1.0 0.661215 0.291406 0.116822 0.232813
0 1.0 0.836449 0.283594 0.163551 0.104688
0 1.0 0.880841 0.271094 0.088785 0.223438
0 1.0 0.836449 0.283594 0.257009 0.170313
0 1.0 0.816589 0.285938 0.123832 0.353125
0 1.0 0.821262 0.273438 0.086449 0.209375
0 1.0 0.772196 0.273438 0.091121 0.187500
0 1.0 0.767523 0.343750 0.306075 0.143750
0 1.0 0.769860 0.343750 0.114486 0.240625
0 1.0 0.717290 0.351562 0.112150 0.196875
0 1.0 0.668224 0.359375 0.088785 0.162500
0 1.0 0.594626 0.366406 0.072430 0.148438
0 1.0 0.883178 0.342187 0.233645 0.128125
0 1.0 0.873832 0.325781 0.135514 0.373437
0 1.0 0.137850 0.410156 0.102804 0.254688
0 1.0 0.462617 0.327344 0.238318 0.239063
0 1.0 0.393692 0.368750 0.077103 0.140625
0 1.0 0.443925 0.339062 0.317757 0.118750
0 1.0 0.616822 0.346094 0.317757 0.135937
0 1.0 0.350467 0.353906 0.102804 0.145313
0 1.0 0.350467 0.322656 0.257009 0.242188
0 1.0 0.380841 0.360938 0.046729 0.071875
0 1.0 0.292056 0.333594 0.126168 0.198437
0 1.0 0.348131 0.381250 0.046729 0.109375
0 1.0 0.553738 0.393750 0.070093 0.121875
0 1.0 0.496495 0.375781 0.105140 0.170313
0 1.0 0.442757 0.335156 0.025701 0.045312
0 1.0 0.718458 0.232031 0.301402 0.139063
0 1.0 0.716121 0.230469 0.137850 0.245312
0 1.0 0.612150 0.232031 0.257009 0.179688
0 1.0 0.552570 0.267188 0.100467 0.221875
0 1.0 0.814252 0.231250 0.235981 0.128125
0 1.0 0.859813 0.245312 0.247664 0.340625
0 1.0 0.031542 0.064844 0.063084 0.129688
0 1.0 0.045561 0.035937 0.086449 0.071875
0 1.0 0.067757 0.087500 0.135514 0.175000
0 1.0 0.203271 0.089844 0.051402 0.085938
0 1.0 0.155374 0.042188 0.119159 0.078125
0 1.0 0.716121 0.517969 0.507009 0.964063
0 1.0 0.553738 0.741406 0.892523 0.470313
0 1.0 0.253505 0.514062 0.446262 0.971875
0 1.0 0.542056 0.242969 0.275701 0.301563
0 1.0 0.491822 0.276562 0.119159 0.215625
0 1.0 0.508178 0.234375 0.315421 0.131250
0 1.0 0.074766 0.025781 0.046729 0.045312
0 1.0 0.153037 0.064062 0.077103 0.090625
0 1.0 0.084112 0.088281 0.046729 0.120313
0 1.0 0.133178 0.032813 0.065421 0.050000
0 1.0 0.113318 0.041406 0.100467 0.070312
0 1.0 0.093458 0.064844 0.079439 0.098437
0 1.0 0.559579 0.260937 0.880841 0.471875
0 1.0 0.413551 0.312500 0.130841 0.137500
0 1.0 0.399533 0.302344 0.088785 0.079687
0 1.0 0.191589 0.285938 0.107477 0.184375
0 1.0 0.591121 0.296094 0.056075 0.104688
0 1.0 0.380841 0.315625 0.042056 0.068750
0 1.0 0.292056 0.300781 0.219626 0.123438
0 1.0 0.302570 0.300000 0.030374 0.071875
0 1.0 0.554907 0.329688 0.081776 0.112500
0 1.0 0.501168 0.299219 0.273364 0.129688
0 1.0 0.526869 0.307031 0.044393 0.067187
0 1.0 0.496495 0.325000 0.049065 0.071875
0 1.0 0.073598 0.291406 0.147196 0.098437
0 1.0 0.931075 0.230469 0.137850 0.123438
0 1.0 0.949766 0.241406 0.100467 0.292187
0 1.0 0.242991 0.263281 0.088785 0.154688
0 1.0 0.433411 0.351562 0.063084 0.103125
0 1.0 0.200935 0.296094 0.233645 0.154688
0 1.0 0.136682 0.314063 0.086449 0.212500
0 1.0 0.147196 0.303906 0.037383 0.082812
0 1.0 0.137850 0.264844 0.257009 0.251563
0 1.0 0.072430 0.307031 0.098131 0.217188
0 1.0 0.079439 0.288281 0.042056 0.082812
0 1.0 0.220794 0.303125 0.039720 0.078125
0 1.0 0.820093 0.444531 0.294393 0.132812
0 1.0 0.829439 0.477344 0.060748 0.107813
0 1.0 0.766355 0.478125 0.084112 0.168750
0 1.0 0.776869 0.477344 0.053738 0.098437
0 1.0 0.766355 0.432812 0.280374 0.265625
0 1.0 0.716121 0.468750 0.081776 0.162500
0 1.0 0.721963 0.439844 0.275701 0.098437
0 1.0 0.725467 0.462500 0.053738 0.090625
0 1.0 0.949766 0.471875 0.067757 0.109375
0 1.0 0.660047 0.492969 0.063084 0.110937
0 1.0 0.052570 0.484375 0.105140 0.203125
0 1.0 0.231308 0.499219 0.140187 0.295312
0 1.0 0.926402 0.447656 0.147196 0.151562
0 1.0 0.130841 0.489844 0.247664 0.307812
0 1.0 0.879673 0.456250 0.086449 0.153125
0 1.0 0.864486 0.450781 0.046729 0.054688
0 1.0 0.491822 0.439844 0.240654 0.260937
0 1.0 0.492991 0.458594 0.168224 0.164062
0 1.0 0.467290 0.459375 0.028037 0.059375
0 1.0 0.530374 0.452344 0.018692 0.035937
0 1.0 0.475467 0.464844 0.067757 0.110937
0 1.0 0.496495 0.481250 0.063084 0.096875
0 1.0 0.443925 0.445312 0.200935 0.100000
0 1.0 0.400701 0.449219 0.091121 0.182812
0 1.0 0.345794 0.481250 0.056075 0.137500
0 1.0 0.341121 0.449219 0.018692 0.039062
0 1.0 0.297897 0.445312 0.226636 0.118750
0 1.0 0.668224 0.479687 0.037383 0.056250
0 1.0 0.656542 0.441406 0.285047 0.251563
0 1.0 0.599299 0.506250 0.049065 0.084375
0 1.0 0.615654 0.439063 0.156542 0.081250
0 1.0 0.596963 0.485156 0.035047 0.051562
0 1.0 0.594626 0.439063 0.245327 0.121875
0 1.0 0.549065 0.487500 0.056075 0.090625
0 1.0 0.550234 0.466406 0.114486 0.107813
0 1.0 0.517523 0.443750 0.142523 0.090625
0 1.0 0.526869 0.496875 0.147196 0.093750
0 1.0 0.489486 0.524219 0.109813 0.167187
0 1.0 0.440421 0.496094 0.184579 0.085938
0 1.0 0.658879 0.546094 0.065421 0.129688
0 1.0 0.419393 0.499219 0.212617 0.264062
0 1.0 0.710280 0.506250 0.172897 0.159375
0 1.0 0.651869 0.515625 0.154206 0.140625
0 1.0 0.599299 0.539844 0.058411 0.098437
0 1.0 0.596963 0.520312 0.264019 0.265625
0 1.0 0.545561 0.536719 0.081776 0.135937
0 1.0 0.186916 0.491406 0.140187 0.170313
0 1.0 0.142523 0.508594 0.079439 0.279687
0 1.0 0.139019 0.491406 0.245327 0.101562
0 1.0 0.359813 0.492188 0.247664 0.100000
0 1.0 0.054907 0.492969 0.109813 0.079687
0 1.0 0.362150 0.495312 0.130841 0.146875
0 1.0 0.253505 0.492969 0.259346 0.098437
0 1.0 0.286215 0.485156 0.151869 0.167187
0 1.0 0.483645 0.388281 0.275701 0.117188
0 1.0 0.348131 0.443750 0.257009 0.246875
0 1.0 0.411215 0.392188 0.149533 0.165625
0 1.0 0.341121 0.425000 0.074766 0.171875
0 1.0 0.372664 0.391406 0.315421 0.110937
0 1.0 0.367991 0.400781 0.105140 0.117188
0 1.0 0.661215 0.385156 0.196262 0.176563
0 1.0 0.592290 0.428125 0.077103 0.137500
0 1.0 0.592290 0.421875 0.049065 0.081250
0 1.0 0.461449 0.425000 0.067757 0.156250
0 1.0 0.113318 0.392969 0.226636 0.129688
0 1.0 0.307243 0.387500 0.147196 0.090625
0 1.0 0.045561 0.397656 0.091121 0.101562
0 1.0 0.955607 0.372656 0.051402 0.179688
0 1.0 0.283879 0.385156 0.240654 0.145313
0 1.0 0.230140 0.389062 0.095794 0.187500
0 1.0 0.184579 0.390625 0.102804 0.293750
0 1.0 0.217290 0.389062 0.252336 0.103125
0 1.0 0.193925 0.379688 0.238318 0.275000
0 1.0 0.174065 0.444531 0.081776 0.073438
0 1.0 0.117991 0.439844 0.081776 0.076563
0 1.0 0.081776 0.449219 0.079439 0.170313
0 1.0 0.028037 0.433594 0.056075 0.220312
0 1.0 0.074766 0.441406 0.032710 0.048438
0 1.0 0.047897 0.439844 0.095794 0.098437
0 1.0 0.378505 0.469531 0.060748 0.085938
0 1.0 0.293224 0.456250 0.063084 0.165625
0 1.0 0.313084 0.448437 0.130841 0.084375
0 1.0 0.306075 0.457031 0.056075 0.089063
0 1.0 0.260514 0.442969 0.067757 0.067187
0 1.0 0.184579 0.456250 0.060748 0.165625
0 1.0 0.217290 0.444531 0.065421 0.057813
0 1.0 0.175234 0.441406 0.242991 0.132812
0 1.0 0.202103 0.453906 0.077103 0.110937
0 1.0 0.773364 0.403906 0.079439 0.157812
0 1.0 0.938084 0.400000 0.123832 0.115625
0 1.0 0.711449 0.373437 0.264019 0.256250
0 1.0 0.667056 0.411719 0.063084 0.104688
0 1.0 0.901869 0.403125 0.196262 0.171875
0 1.0 0.836449 0.400781 0.191589 0.126562
0 1.0 0.887850 0.401562 0.070093 0.162500
0 1.0 0.146028 0.471875 0.063084 0.146875
0 1.0 0.817757 0.390625 0.102804 0.268750
0 1.0 0.128505 0.128906 0.177570 0.229687
0 1.0 0.738318 0.685156 0.397196 0.457813
0 1.0 0.643692 0.649219 0.609813 0.223438
0 1.0 0.353972 0.665625 0.502336 0.218750
0 1.0 0.239486 0.183594 0.161215 0.282813
0 1.0 0.196262 0.129688 0.219626 0.175000
0 1.0 0.040888 0.152344 0.081776 0.304688
0 1.0 0.344626 0.171094 0.105140 0.273438
0 1.0 0.322430 0.127344 0.214953 0.132812
0 1.0 0.327103 0.158594 0.271028 0.270313
0 1.0 0.239486 0.151562 0.044393 0.078125
0 1.0 0.494159 0.150000 0.254673 0.290625
0 1.0 0.197430 0.192969 0.081776 0.254688
0 1.0 0.837617 0.570312 0.207944 0.693750
0 1.0 0.719626 0.554688 0.560748 0.218750
0 1.0 0.245327 0.689063 0.373832 0.465625
0 1.0 0.836449 0.067969 0.266355 0.135937
0 1.0 0.621495 0.764844 0.621495 0.267188
0 1.0 0.918224 0.091406 0.163551 0.182812
0 1.0 0.275701 0.825000 0.528037 0.243750
0 1.0 0.827103 0.081250 0.112150 0.162500
0 1.0 0.768692 0.103125 0.112150 0.206250
0 1.0 0.963785 0.100000 0.063084 0.143750
0 1.0 0.171729 0.446094 0.343458 0.529687
0 1.0 0.359813 0.351562 0.588785 0.203125
0 1.0 0.873832 0.128125 0.144860 0.256250
0 1.0 0.834112 0.115625 0.299065 0.140625
0 1.0 0.353972 0.447656 0.600467 0.207813
0 1.0 0.238318 0.485938 0.196262 0.859375
0 1.0 0.068925 0.182812 0.137850 0.084375
0 1.0 0.117991 0.178125 0.170561 0.112500
0 1.0 0.580607 0.347656 0.600467 0.223438
0 1.0 0.271028 0.192188 0.060748 0.134375
0 1.0 0.251168 0.171094 0.278037 0.151562
0 1.0 0.245327 0.305469 0.350467 0.476562
0 1.0 0.740654 0.312500 0.397196 0.434375
0 1.0 0.214953 0.182812 0.046729 0.112500
0 1.0 0.132009 0.202344 0.100467 0.295312
0 1.0 0.452103 0.589063 0.390187 0.484375
0 1.0 0.349299 0.549219 0.577103 0.214062
0 1.0 0.501168 0.161719 0.109813 0.273438
0 1.0 0.501168 0.126562 0.273364 0.115625
0 1.0 0.711449 0.136719 0.133178 0.273438
0 1.0 0.664720 0.146094 0.114486 0.192188
0 1.0 0.662383 0.120313 0.245327 0.143750
0 1.0 0.445093 0.181250 0.063084 0.140625
0 1.0 0.440421 0.164062 0.123832 0.175000
0 1.0 0.469626 0.132812 0.107477 0.100000
0 1.0 0.398364 0.128906 0.203271 0.214062
0 1.0 0.554907 0.132031 0.184579 0.210938
0 1.0 0.660047 0.447656 0.609813 0.223438
0 1.0 0.603972 0.148438 0.100467 0.193750
0 1.0 0.767523 0.432812 0.226636 0.600000
0 1.0 0.672897 0.054688 0.130841 0.109375
0 1.0 0.603972 0.050781 0.063084 0.101562
0 1.0 0.632009 0.029687 0.105140 0.059375
0 1.0 0.553738 0.064062 0.065421 0.084375
0 1.0 0.561916 0.036719 0.133178 0.073438
0 1.0 0.726636 0.071094 0.238318 0.142187
0 1.0 0.663551 0.045312 0.060748 0.090625
0 1.0 0.824766 0.053906 0.065421 0.107813
0 1.0 0.774533 0.063281 0.067757 0.126562
0 1.0 0.793224 0.040625 0.203271 0.081250
0 1.0 0.718458 0.052344 0.067757 0.104688
0 1.0 0.122664 0.646875 0.245327 0.706250
0 1.0 0.547897 0.496094 0.689252 0.398438
0 1.0 0.129673 0.071094 0.049065 0.085938
0 1.0 0.342290 0.085156 0.049065 0.092188
0 1.0 0.294393 0.033594 0.028037 0.035937
0 1.0 0.281542 0.040625 0.105140 0.062500
0 1.0 0.352804 0.080469 0.242991 0.160938
0 1.0 0.367991 0.059375 0.081776 0.087500
0 1.0 0.293224 0.107031 0.035047 0.079687
0 1.0 0.295561 0.074219 0.049065 0.076563
0 1.0 0.202103 0.041406 0.081776 0.051562
0 1.0 0.315421 0.066406 0.065421 0.079687
0 1.0 0.228972 0.106250 0.065421 0.140625
0 1.0 0.241822 0.060156 0.119159 0.117188
0 1.0 0.443925 0.075781 0.032710 0.057813
0 1.0 0.508178 0.031250 0.039720 0.040625
0 1.0 0.442757 0.071094 0.067757 0.082812
0 1.0 0.489486 0.040625 0.081776 0.062500
0 1.0 0.468458 0.061719 0.081776 0.085938
0 1.0 0.614486 0.078906 0.238318 0.157812
0 1.0 0.745327 0.876563 0.509346 0.246875
0 1.0 0.393692 0.067969 0.081776 0.135937
0 1.0 0.421729 0.039062 0.063084 0.050000
0 1.0 0.502336 0.075000 0.060748 0.109375
0 1.0 0.501168 0.037500 0.170561 0.075000
0 1.0 0.396028 0.029687 0.156542 0.059375
0 1.0 0.339953 0.137500 0.072430 0.168750
0 1.0 0.352804 0.082031 0.126168 0.089063
0 1.0 0.505841 0.077344 0.212617 0.101562
0 1.0 0.272196 0.099219 0.025701 0.045312
0 1.0 0.288551 0.109375 0.119159 0.134375
0 1.0 0.553738 0.921875 0.588785 0.156250
0 1.0 0.234813 0.080469 0.217290 0.117188
0 1.0 0.219626 0.923438 0.439252 0.153125
0 1.0 0.482477 0.089844 0.063084 0.073438
0 1.0 0.450935 0.092969 0.158879 0.167187
0 1.0 0.748832 0.121094 0.502336 0.242188
0 1.0 0.954439 0.063281 0.058411 0.089063
0 1.0 0.943925 0.057031 0.112150 0.114062
0 1.0 0.871495 0.059375 0.093458 0.118750
0 1.0 0.143692 0.079687 0.268692 0.143750
0 1.0 0.287383 0.162500 0.060748 0.150000
0 1.0 0.832944 0.923438 0.334112 0.153125
0 1.0 0.078271 0.134375 0.072430 0.228125
0 1.0 0.105140 0.085156 0.126168 0.139063
0 1.0 0.196262 0.159375 0.056075 0.159375
0 1.0 0.052570 0.085938 0.081776 0.109375
0 1.0 0.353972 0.126562 0.707944 0.253125
0 1.0 0.046729 0.911719 0.093458 0.176563
0 1.0 0.063084 0.925000 0.088785 0.093750
0 1.0 0.962617 0.855469 0.028037 0.076563
0 1.0 0.913551 0.871875 0.172897 0.118750
0 1.0 0.238318 0.879687 0.116822 0.240625
0 1.0 0.915888 0.839844 0.135514 0.292187
0 1.0 0.882009 0.807813 0.086449 0.184375
0 1.0 0.816589 0.876563 0.198598 0.131250
0 1.0 0.185748 0.889844 0.142523 0.210938
0 1.0 0.134346 0.899219 0.109813 0.201563
0 1.0 0.386682 0.872656 0.161215 0.254688
0 1.0 0.120327 0.920312 0.240654 0.115625
0 1.0 0.720794 0.872656 0.179907 0.207813
0 1.0 0.664720 0.830469 0.044393 0.104688
0 1.0 0.660047 0.871875 0.278037 0.128125
0 1.0 0.670561 0.860156 0.042056 0.098437
0 1.0 0.612150 0.796094 0.046729 0.092188
0 1.0 0.613318 0.832031 0.053738 0.101562
0 1.0 0.605140 0.858594 0.196262 0.220312
0 1.0 0.549065 0.796094 0.065421 0.132812
0 1.0 0.536215 0.871094 0.306075 0.126562
0 1.0 0.817757 0.814063 0.065421 0.162500
0 1.0 0.953271 0.872656 0.056075 0.110937
0 1.0 0.778037 0.855469 0.065421 0.145313
0 1.0 0.789720 0.853906 0.242991 0.260937
0 1.0 0.720794 0.842969 0.039720 0.107813
0 1.0 0.730140 0.867969 0.039720 0.095312
0 1.0 0.721963 0.914844 0.093458 0.160938
0 1.0 0.721963 0.922656 0.261682 0.135937
0 1.0 0.667056 0.912500 0.091121 0.159375
0 1.0 0.603972 0.917188 0.301402 0.118750
0 1.0 0.608645 0.900000 0.114486 0.196875
0 1.0 0.550234 0.871875 0.123832 0.256250
0 1.0 0.876168 0.881250 0.130841 0.237500
0 1.0 0.811916 0.886719 0.123832 0.226562
0 1.0 0.772196 0.904687 0.109813 0.187500
0 1.0 0.328271 0.919531 0.282710 0.123438
0 1.0 0.278037 0.892188 0.107477 0.215625
0 1.0 0.497664 0.859375 0.121495 0.281250
0 1.0 0.501168 0.920312 0.278037 0.140625
0 1.0 0.446262 0.868750 0.121495 0.262500
0 1.0 0.646028 0.814844 0.184579 0.148438
0 1.0 0.501168 0.807813 0.329439 0.143750
0 1.0 0.795561 0.814063 0.306075 0.125000
0 1.0 0.275701 0.822656 0.084112 0.110937
0 1.0 0.240654 0.821094 0.163551 0.160938
0 1.0 0.459112 0.794531 0.133178 0.145313
0 1.0 0.336449 0.839844 0.126168 0.210938
0 1.0 0.225467 0.872656 0.278037 0.157812
0 1.0 0.260514 0.875000 0.081776 0.118750
0 1.0 0.186916 0.842187 0.074766 0.175000
0 1.0 0.501168 0.789062 0.072430 0.171875
0 1.0 0.452103 0.782813 0.063084 0.128125
0 1.0 0.433411 0.865625 0.207944 0.137500
0 1.0 0.448598 0.864062 0.102804 0.121875
0 1.0 0.925234 0.812500 0.149533 0.109375
0 1.0 0.799065 0.820312 0.144860 0.100000
0 1.0 0.836449 0.827344 0.074766 0.092188
0 1.0 0.390187 0.810937 0.098131 0.190625
0 1.0 0.128505 0.878906 0.088785 0.110937
0 1.0 0.039720 0.880469 0.056075 0.145313
0 1.0 0.060748 0.875000 0.121495 0.087500
0 1.0 0.066589 0.880469 0.044393 0.067187
0 1.0 0.073598 0.871094 0.081776 0.204687
0 1.0 0.838785 0.181250 0.205607 0.118750
0 1.0 0.028037 0.254688 0.056075 0.190625
0 1.0 0.079439 0.240625 0.158879 0.100000
0 1.0 0.253505 0.233594 0.483645 0.239063
0 1.0 0.820093 0.170313 0.149533 0.293750
0 1.0 0.077103 0.228125 0.130841 0.278125
0 1.0 0.932243 0.180469 0.135514 0.120313
0 1.0 0.200935 0.235937 0.149533 0.228125
0 1.0 0.474299 0.210156 0.079439 0.098437
0 1.0 0.391355 0.205469 0.119159 0.295312
0 1.0 0.412383 0.174219 0.310748 0.132812
0 1.0 0.557243 0.181250 0.282710 0.125000
0 1.0 0.564252 0.252344 0.600467 0.239063
0 1.0 0.442757 0.229687 0.119159 0.156250
0 1.0 0.709112 0.182812 0.259346 0.290625
0 1.0 0.665888 0.181250 0.299065 0.134375
0 1.0 0.492991 0.187500 0.144860 0.096875
0 1.0 0.446262 0.260937 0.056075 0.121875
0 1.0 0.380841 0.957812 0.130841 0.084375
0 1.0 0.345794 0.925781 0.098131 0.148438
0 1.0 0.322430 0.960156 0.107477 0.064062
0 1.0 0.287383 0.939063 0.074766 0.121875
0 1.0 0.273364 0.960938 0.102804 0.062500
0 1.0 0.240654 0.929688 0.088785 0.140625
0 1.0 0.553738 0.933594 0.084112 0.132812
0 1.0 0.605140 0.962500 0.102804 0.062500
0 1.0 0.587617 0.955469 0.165888 0.089063
0 1.0 0.542056 0.965625 0.102804 0.062500
0 1.0 0.511682 0.944531 0.130841 0.110937
0 1.0 0.448598 0.930469 0.079439 0.139063
0 1.0 0.464953 0.967969 0.093458 0.060937
0 1.0 0.085280 0.946875 0.133178 0.106250
0 1.0 0.096963 0.960156 0.053738 0.051562
0 1.0 0.073598 0.957812 0.081776 0.075000
0 1.0 0.967290 0.934375 0.056075 0.131250
0 1.0 0.939252 0.921875 0.121495 0.150000
0 1.0 0.244159 0.952344 0.170561 0.095312
0 1.0 0.186916 0.928906 0.093458 0.142187
0 1.0 0.199766 0.961719 0.086449 0.060937
0 1.0 0.143692 0.953125 0.119159 0.093750
0 1.0 0.149533 0.960156 0.079439 0.057813
0 1.0 0.441589 0.317188 0.060748 0.112500
0 1.0 0.549065 0.075781 0.621495 0.151562
0 1.0 0.226636 0.239844 0.280374 0.135937
0 1.0 0.400701 0.231250 0.264019 0.312500
0 1.0 0.342290 0.261719 0.077103 0.201563
0 1.0 0.341121 0.235937 0.327103 0.140625
0 1.0 0.335280 0.238281 0.198598 0.226562
0 1.0 0.768692 0.961719 0.098131 0.060937
0 1.0 0.719626 0.951562 0.140187 0.096875
0 1.0 0.661215 0.953906 0.070093 0.092188
0 1.0 0.925234 0.962500 0.149533 0.075000
0 1.0 0.710280 0.961719 0.093458 0.060937
0 1.0 0.860981 0.960156 0.063084 0.051562
0 1.0 0.855140 0.956250 0.121495 0.078125
0 1.0 0.787383 0.949219 0.210280 0.101562
0 1.0 0.814252 0.933594 0.091121 0.132812
0 1.0 0.353972 0.592187 0.231308 0.621875
0 1.0 0.490654 0.340625 0.308411 0.681250
0 1.0 0.352804 0.903906 0.448598 0.192188
0 1.0 0.245327 0.829688 0.219626 0.340625
0 1.0 0.550234 0.470313 0.226636 0.528125
0 1.0 0.344626 0.449219 0.404206 0.492188
0 1.0 0.648364 0.560156 0.221963 0.557813
0 1.0 0.074766 0.365625 0.149533 0.656250
0 1.0 0.349299 0.318750 0.254673 0.556250
0 1.0 0.879673 0.342969 0.240654 0.685937