0 1.0 0.367188 0.437622 0.375000 0.442495
0 1.0 0.449219 0.200780 0.135937 0.245614
0 1.0 0.561719 0.288499 0.142187 0.269006
0 1.0 0.353125 0.561404 0.312500 0.284600
0 1.0 0.353906 0.597466 0.257812 0.142300
0 1.0 0.347656 0.583821 0.139063 0.216374
0 1.0 0.068750 0.615010 0.040625 0.056530
0 1.0 0.071094 0.611111 0.142187 0.274854
0 1.0 0.955469 0.554581 0.089063 0.091618
0 1.0 0.038281 0.645224 0.076563 0.167641
0 1.0 0.489063 0.578947 0.131250 0.222222
0 1.0 0.476562 0.597466 0.200000 0.118908
0 1.0 0.468750 0.562378 0.256250 0.274854
0 1.0 0.178906 0.597466 0.239063 0.306043
0 1.0 0.962500 0.611111 0.031250 0.076023
0 1.0 0.140625 0.604288 0.250000 0.120858
0 1.0 0.128906 0.632554 0.120313 0.216374
0 1.0 0.158594 0.608187 0.107813 0.116959
0 1.0 0.079687 0.653021 0.090625 0.159844
0 1.0 0.055469 0.607212 0.110937 0.068226
0 1.0 0.755469 0.542885 0.285938 0.274854
0 1.0 0.271875 0.596491 0.081250 0.089669
0 1.0 0.696875 0.543860 0.359375 0.144250
0 1.0 0.717187 0.562378 0.090625 0.177388
0 1.0 0.928125 0.549708 0.143750 0.261209
0 1.0 0.887500 0.552632 0.225000 0.126706
0 1.0 0.236719 0.583821 0.139063 0.231969
0 1.0 0.871875 0.554581 0.106250 0.274854
0 1.0 0.855469 0.553606 0.051562 0.062378
0 1.0 0.882031 0.559454 0.070312 0.167641
0 1.0 0.870313 0.556530 0.093750 0.087719
0 1.0 0.819531 0.554581 0.107813 0.282651
0 1.0 0.029687 0.699805 0.059375 0.140351
0 1.0 0.055469 0.665692 0.110937 0.083821
0 1.0 0.060937 0.674464 0.043750 0.066277
0 1.0 0.710938 0.601365 0.125000 0.294347
0 1.0 0.703125 0.598441 0.293750 0.113060
0 1.0 0.327344 0.601365 0.039062 0.052632
0 1.0 0.655469 0.592593 0.120313 0.269006
0 1.0 0.903125 0.602339 0.193750 0.120858
0 1.0 0.953906 0.611111 0.092188 0.138402
0 1.0 0.233594 0.649123 0.182812 0.210526
0 1.0 0.177344 0.656920 0.126562 0.304094
0 1.0 0.157812 0.658869 0.209375 0.120858
0 1.0 0.898438 0.609162 0.028125 0.044834
0 1.0 0.863281 0.592593 0.239063 0.284600
0 1.0 0.123438 0.673489 0.087500 0.099415
0 1.0 0.642969 0.576023 0.270313 0.286550
0 1.0 0.607031 0.576023 0.126562 0.263158
0 1.0 0.573438 0.598441 0.278125 0.109162
0 1.0 0.846094 0.604288 0.045312 0.054581
0 1.0 0.285156 0.591618 0.126562 0.251462
0 1.0 0.248438 0.598441 0.265625 0.113060
0 1.0 0.546875 0.582846 0.121875 0.245614
0 1.0 0.397656 0.560429 0.148438 0.321637
0 1.0 0.766406 0.601365 0.126562 0.321637
0 1.0 0.792969 0.600390 0.132812 0.109162
0 1.0 0.454688 0.604288 0.106250 0.093567
0 1.0 0.769531 0.506823 0.098437 0.183236
0 1.0 0.949219 0.511696 0.101562 0.146199
0 1.0 0.889062 0.499025 0.221875 0.124756
0 1.0 0.247656 0.542885 0.279687 0.290448
0 1.0 0.196094 0.551657 0.198437 0.120858
0 1.0 0.119531 0.553606 0.145313 0.128655
0 1.0 0.849219 0.502924 0.057813 0.062378
0 1.0 0.647656 0.489279 0.132812 0.288499
0 1.0 0.632031 0.498051 0.289062 0.130604
0 1.0 0.345313 0.465887 0.187500 0.339181
0 1.0 0.279687 0.501949 0.284375 0.134503
0 1.0 0.544531 0.458090 0.129688 0.366472
0 1.0 0.450781 0.478558 0.192188 0.309942
0 1.0 0.817187 0.501949 0.253125 0.153996
0 1.0 0.827344 0.519493 0.064062 0.138402
0 1.0 0.542188 0.550682 0.340625 0.153996
0 1.0 0.301563 0.554581 0.293750 0.130604
0 1.0 0.054688 0.550682 0.109375 0.076023
0 1.0 0.959375 0.583821 0.031250 0.083821
0 1.0 0.178125 0.768031 0.159375 0.210526
0 1.0 0.129688 0.759259 0.125000 0.333333
0 1.0 0.132812 0.762183 0.265625 0.132554
0 1.0 0.816406 0.719298 0.110937 0.346979
0 1.0 0.808594 0.707602 0.317188 0.128655
0 1.0 0.039062 0.774854 0.078125 0.255361
0 1.0 0.060156 0.755361 0.120313 0.083821
0 1.0 0.064062 0.760234 0.043750 0.062378
0 1.0 0.810156 0.724172 0.260937 0.302144
0 1.0 0.360156 0.755361 0.276562 0.341131
0 1.0 0.357812 0.764133 0.150000 0.194932
0 1.0 0.285156 0.765107 0.120313 0.317739
0 1.0 0.223438 0.769006 0.212500 0.091618
0 1.0 0.289062 0.778752 0.025000 0.044834
0 1.0 0.960156 0.708577 0.079687 0.115010
0 1.0 0.928125 0.726121 0.143750 0.290448
0 1.0 0.557031 0.707602 0.189062 0.230019
0 1.0 0.489844 0.703704 0.117188 0.327485
0 1.0 0.464844 0.711501 0.282813 0.124756
0 1.0 0.714844 0.712476 0.145313 0.309942
0 1.0 0.393750 0.691033 0.131250 0.290448
0 1.0 0.432031 0.718324 0.107813 0.107212
0 1.0 0.656250 0.712476 0.128125 0.372320
0 1.0 0.650781 0.711501 0.310937 0.128655
0 1.0 0.870313 0.725146 0.121875 0.346979
0 1.0 0.807813 0.713450 0.068750 0.074074
0 1.0 0.857812 0.718324 0.043750 0.072125
0 1.0 0.564063 0.716374 0.128125 0.107212
0 1.0 0.844531 0.775828 0.051562 0.081871
0 1.0 0.818750 0.765107 0.334375 0.138402
0 1.0 0.492969 0.759259 0.332813 0.134503
0 1.0 0.482812 0.764133 0.246875 0.300195
0 1.0 0.058594 0.827485 0.039062 0.056530
0 1.0 0.960938 0.815789 0.056250 0.185185
0 1.0 0.938281 0.762183 0.123438 0.105263
0 1.0 0.647656 0.765107 0.323437 0.138402
0 1.0 0.654687 0.771930 0.259375 0.300195
0 1.0 0.603125 0.768031 0.112500 0.315789
0 1.0 0.795312 0.769006 0.140625 0.099415
0 1.0 0.235937 0.770955 0.075000 0.083821
0 1.0 0.224219 0.762183 0.276562 0.331384
0 1.0 0.497656 0.771930 0.051562 0.081871
0 1.0 0.109375 0.758285 0.090625 0.097466
0 1.0 0.439844 0.770955 0.085938 0.099415
0 1.0 0.322656 0.768031 0.142187 0.101365
0 1.0 0.232031 0.777778 0.135937 0.292398
0 1.0 0.779687 0.658869 0.193750 0.144250
0 1.0 0.439063 0.641326 0.200000 0.183236
0 1.0 0.427344 0.653021 0.142187 0.101365
0 1.0 0.554688 0.653021 0.306250 0.113060
0 1.0 0.584375 0.653996 0.118750 0.103314
0 1.0 0.649219 0.656920 0.142187 0.120858
0 1.0 0.827344 0.660819 0.060937 0.062378
0 1.0 0.875000 0.666667 0.043750 0.062378
0 1.0 0.554688 0.643275 0.275000 0.284600
0 1.0 0.073438 0.706628 0.075000 0.157895
0 1.0 0.343750 0.651072 0.103125 0.237817
0 1.0 0.270313 0.655945 0.187500 0.091618
0 1.0 0.964844 0.648148 0.035937 0.103314
0 1.0 0.318750 0.661793 0.031250 0.048733
0 1.0 0.312500 0.643275 0.312500 0.265107
0 1.0 0.241406 0.656920 0.076563 0.089669
0 1.0 0.440625 0.652047 0.315625 0.103314
0 1.0 0.475000 0.653996 0.084375 0.076023
0 1.0 0.479687 0.725146 0.071875 0.089669
0 1.0 0.107813 0.710526 0.118750 0.115010
0 1.0 0.123438 0.707602 0.225000 0.300195
0 1.0 0.073438 0.720273 0.134375 0.228070
0 1.0 0.369531 0.720273 0.110937 0.095517
0 1.0 0.239063 0.718324 0.128125 0.072125
0 1.0 0.614062 0.712476 0.137500 0.122807
0 1.0 0.301563 0.711501 0.121875 0.171540
0 1.0 0.185938 0.711501 0.196875 0.089669
0 1.0 0.053125 0.710526 0.106250 0.079922
0 1.0 0.063281 0.716374 0.042188 0.064327
0 1.0 0.700000 0.645224 0.275000 0.319688
0 1.0 0.299219 0.726121 0.023438 0.037037
0 1.0 0.957031 0.653996 0.085938 0.091618
0 1.0 0.889062 0.656920 0.221875 0.128655
0 1.0 0.632031 0.288499 0.245312 0.206628
0 1.0 0.900000 0.271930 0.200000 0.290448
0 1.0 0.925000 0.290448 0.134375 0.187135
0 1.0 0.878125 0.313840 0.078125 0.155945
0 1.0 0.830469 0.290448 0.060937 0.062378
0 1.0 0.889062 0.310916 0.028125 0.056530
0 1.0 0.181250 0.501949 0.228125 0.181287
0 1.0 0.545312 0.285575 0.284375 0.150097
0 1.0 0.502344 0.288499 0.157812 0.288499
0 1.0 0.818750 0.295322 0.196875 0.111111
0 1.0 0.830469 0.301170 0.029687 0.052632
0 1.0 0.814844 0.283626 0.242188 0.270955
0 1.0 0.772656 0.304094 0.073438 0.171540
0 1.0 0.019531 0.372320 0.039062 0.124756
0 1.0 0.043750 0.342105 0.087500 0.072125
0 1.0 0.644531 0.301170 0.067187 0.138402
0 1.0 0.068750 0.339181 0.137500 0.265107
0 1.0 0.956250 0.345029 0.040625 0.097466
0 1.0 0.962500 0.290448 0.075000 0.089669
0 1.0 0.709375 0.294347 0.125000 0.144250
0 1.0 0.644531 0.301170 0.117188 0.251462
0 1.0 0.336719 0.300195 0.132812 0.116959
0 1.0 0.314063 0.304094 0.256250 0.230019
0 1.0 0.225781 0.319688 0.092188 0.187135
0 1.0 0.282813 0.289474 0.140625 0.095517
0 1.0 0.232813 0.308967 0.050000 0.087719
0 1.0 0.784375 0.296296 0.025000 0.054581
0 1.0 0.250781 0.291423 0.185938 0.173489
0 1.0 0.456250 0.290448 0.240625 0.179337
0 1.0 0.717187 0.288499 0.028125 0.054581
0 1.0 0.402344 0.294347 0.126562 0.241715
0 1.0 0.407813 0.278752 0.256250 0.300195
0 1.0 0.819531 0.304094 0.076563 0.140351
0 1.0 0.260156 0.362573 0.260937 0.280702
0 1.0 0.189844 0.375244 0.082812 0.235867
0 1.0 0.208594 0.341131 0.220312 0.124756
0 1.0 0.767969 0.341131 0.176563 0.191033
0 1.0 0.711719 0.341131 0.076563 0.163743
0 1.0 0.389062 0.355750 0.181250 0.224172
0 1.0 0.697656 0.337232 0.279687 0.128655
0 1.0 0.319531 0.346004 0.164062 0.200780
0 1.0 0.453906 0.304094 0.107813 0.202729
0 1.0 0.138281 0.378168 0.092188 0.237817
0 1.0 0.141406 0.345029 0.207813 0.159844
0 1.0 0.077344 0.374269 0.060937 0.140351
0 1.0 0.319531 0.257310 0.123438 0.155945
0 1.0 0.267188 0.246589 0.250000 0.115010
0 1.0 0.237500 0.253411 0.081250 0.155945
0 1.0 0.276562 0.252437 0.121875 0.107212
0 1.0 0.156250 0.285575 0.137500 0.087719
0 1.0 0.464844 0.230994 0.289062 0.150097
0 1.0 0.188281 0.244639 0.170313 0.204678
0 1.0 0.129688 0.244639 0.109375 0.306043
0 1.0 0.143750 0.239766 0.287500 0.128655
0 1.0 0.131250 0.235867 0.246875 0.331384
0 1.0 0.067969 0.248538 0.092188 0.282651
0 1.0 0.589063 0.234893 0.268750 0.150097
0 1.0 0.321875 0.265107 0.040625 0.058480
0 1.0 0.185938 0.039961 0.146875 0.079922
0 1.0 0.185938 0.085770 0.237500 0.171540
0 1.0 0.666406 0.659844 0.667188 0.680312
0 1.0 0.277344 0.547758 0.489063 0.904483
0 1.0 0.421875 0.725146 0.843750 0.499025
0 1.0 0.136719 0.062378 0.060937 0.124756
0 1.0 0.175000 0.028265 0.081250 0.056530
0 1.0 0.360156 0.256335 0.148438 0.231969
0 1.0 0.068750 0.075049 0.137500 0.150097
0 1.0 0.079687 0.051657 0.056250 0.079922
0 1.0 0.023438 0.065302 0.040625 0.099415
0 1.0 0.069531 0.026316 0.039062 0.040936
0 1.0 0.040625 0.033138 0.075000 0.062378
0 1.0 0.248438 0.229045 0.256250 0.286550
0 1.0 0.188281 0.269981 0.079687 0.212476
0 1.0 0.116406 0.033138 0.095312 0.066277
0 1.0 0.898438 0.237817 0.203125 0.120858
0 1.0 0.227344 0.292398 0.151562 0.097466
0 1.0 0.216406 0.307992 0.039062 0.077973
0 1.0 0.826562 0.246589 0.131250 0.111111
0 1.0 0.821094 0.262183 0.057813 0.115010
0 1.0 0.146094 0.303119 0.051562 0.107212
0 1.0 0.064062 0.316764 0.075000 0.189084
0 1.0 0.067969 0.298246 0.032813 0.077973
0 1.0 0.950781 0.233918 0.098437 0.097466
0 1.0 0.876563 0.248538 0.081250 0.189084
0 1.0 0.777344 0.261209 0.045312 0.105263
0 1.0 0.767188 0.243665 0.212500 0.144250
0 1.0 0.028125 0.329435 0.053125 0.175439
0 1.0 0.039062 0.289474 0.078125 0.064327
0 1.0 0.705469 0.248538 0.185938 0.204678
0 1.0 0.719531 0.256335 0.048438 0.099415
0 1.0 0.718750 0.456140 0.140625 0.144250
0 1.0 0.641406 0.451267 0.170313 0.099415
0 1.0 0.350781 0.442495 0.095312 0.105263
0 1.0 0.289062 0.446394 0.156250 0.116959
0 1.0 0.523438 0.448343 0.306250 0.140351
0 1.0 0.514062 0.396686 0.284375 0.329435
0 1.0 0.610156 0.437622 0.176563 0.212476
0 1.0 0.867969 0.451267 0.239063 0.294347
0 1.0 0.833594 0.449318 0.167187 0.095517
0 1.0 0.829688 0.500000 0.040625 0.083821
0 1.0 0.695312 0.424951 0.290625 0.280702
0 1.0 0.452344 0.415205 0.117188 0.241715
0 1.0 0.721875 0.463938 0.059375 0.113060
0 1.0 0.101562 0.451267 0.203125 0.302144
0 1.0 0.085156 0.453216 0.139063 0.173489
0 1.0 0.023438 0.483431 0.046875 0.171540
0 1.0 0.053125 0.443470 0.031250 0.040936
0 1.0 0.035156 0.442495 0.070312 0.081871
0 1.0 0.306250 0.437622 0.150000 0.228070
0 1.0 0.231250 0.453216 0.121875 0.306043
0 1.0 0.922656 0.415205 0.117188 0.311891
0 1.0 0.906250 0.393762 0.187500 0.120858
0 1.0 0.189844 0.447368 0.114062 0.095517
0 1.0 0.410156 0.443470 0.289062 0.165692
0 1.0 0.082031 0.476608 0.060937 0.142300
0 1.0 0.044531 0.499025 0.089063 0.074074
0 1.0 0.050000 0.507797 0.100000 0.173489
0 1.0 0.471094 0.493177 0.310937 0.136452
0 1.0 0.186719 0.508772 0.117188 0.311891
0 1.0 0.765625 0.767057 0.143750 0.298246
0 1.0 0.132812 0.530214 0.096875 0.253411
0 1.0 0.769531 0.459064 0.176563 0.181287
0 1.0 0.959375 0.521442 0.028125 0.068226
0 1.0 0.972656 0.443470 0.054688 0.072125
0 1.0 0.950000 0.500000 0.050000 0.079922
0 1.0 0.929688 0.447368 0.140625 0.130604
0 1.0 0.874219 0.500000 0.073438 0.161793
0 1.0 0.861719 0.451267 0.020313 0.033138
0 1.0 0.879687 0.501949 0.043750 0.091618
0 1.0 0.775000 0.471735 0.046875 0.097466
0 1.0 0.075000 0.542885 0.068750 0.200780
0 1.0 0.112500 0.498051 0.212500 0.107212
0 1.0 0.768750 0.461988 0.071875 0.152047
0 1.0 0.947656 0.353801 0.104688 0.134503
0 1.0 0.896875 0.343080 0.206250 0.128655
0 1.0 0.181250 0.400585 0.246875 0.329435
0 1.0 0.186719 0.390838 0.304688 0.138402
0 1.0 0.050000 0.393762 0.100000 0.085770
0 1.0 0.872656 0.382066 0.095312 0.175439
0 1.0 0.882031 0.382066 0.054688 0.097466
0 1.0 0.819531 0.365497 0.073438 0.146199
0 1.0 0.950000 0.382066 0.056250 0.085770
0 1.0 0.778125 0.364522 0.050000 0.109162
0 1.0 0.031250 0.423977 0.062500 0.177388
0 1.0 0.960156 0.379142 0.029687 0.064327
0 1.0 0.959375 0.468811 0.046875 0.115010
0 1.0 0.585938 0.390838 0.275000 0.134503
0 1.0 0.878906 0.447368 0.051562 0.099415
0 1.0 0.867969 0.401559 0.120313 0.089669
0 1.0 0.141406 0.453216 0.154688 0.204678
0 1.0 0.128125 0.441520 0.096875 0.076023
0 1.0 0.818750 0.402534 0.190625 0.204678
0 1.0 0.821875 0.434698 0.087500 0.202729
0 1.0 0.828125 0.436647 0.053125 0.113060
0 1.0 0.477344 0.387914 0.317188 0.163743
0 1.0 0.707031 0.391813 0.242188 0.113060
0 1.0 0.718750 0.417154 0.068750 0.148148
0 1.0 0.422656 0.146199 0.142187 0.179337
0 1.0 0.345313 0.187135 0.081250 0.163743
0 1.0 0.413281 0.129630 0.098437 0.095517
0 1.0 0.486719 0.150097 0.173437 0.198830
0 1.0 0.146094 0.816764 0.292187 0.132554
0 1.0 0.477344 0.147173 0.098437 0.122807
0 1.0 0.264844 0.627680 0.223438 0.588694
0 1.0 0.300000 0.140351 0.256250 0.265107
0 1.0 0.308594 0.141326 0.110937 0.138402
0 1.0 0.746875 0.659844 0.218750 0.547758
0 1.0 0.737500 0.647173 0.525000 0.226121
0 1.0 0.428125 0.612086 0.231250 0.600390
0 1.0 0.543750 0.541910 0.546875 0.230019
0 1.0 0.657031 0.161793 0.092188 0.171540
0 1.0 0.638281 0.122807 0.273438 0.152047
0 1.0 0.589063 0.149123 0.112500 0.228070
0 1.0 0.588281 0.137427 0.242188 0.255361
0 1.0 0.556250 0.180312 0.109375 0.181287
0 1.0 0.852344 0.580897 0.185938 0.619883
0 1.0 0.825000 0.556530 0.350000 0.450292
0 1.0 0.656250 0.523392 0.418750 0.426901
0 1.0 0.918750 0.105263 0.162500 0.210526
0 1.0 0.109375 0.122807 0.187500 0.109162
0 1.0 0.071875 0.143275 0.109375 0.224172
0 1.0 0.342187 0.133528 0.040625 0.068226
0 1.0 0.032031 0.153021 0.064062 0.255361
0 1.0 0.049219 0.124756 0.098437 0.077973
0 1.0 0.962500 0.124756 0.056250 0.167641
0 1.0 0.939063 0.074074 0.121875 0.109162
0 1.0 0.097656 0.141326 0.195312 0.282651
0 1.0 0.240625 0.848928 0.481250 0.200780
0 1.0 0.809375 0.121832 0.121875 0.243665
0 1.0 0.821094 0.076998 0.273438 0.142300
0 1.0 0.554688 0.758285 0.621875 0.222222
0 1.0 0.233594 0.158869 0.101562 0.228070
0 1.0 0.260937 0.122807 0.168750 0.101365
0 1.0 0.657031 0.728070 0.442188 0.411306
0 1.0 0.183594 0.141326 0.120313 0.212476
0 1.0 0.296094 0.190058 0.064062 0.142300
0 1.0 0.279687 0.752437 0.559375 0.249513
0 1.0 0.939844 0.123782 0.120313 0.107212
0 1.0 0.622656 0.340156 0.282813 0.430799
0 1.0 0.232813 0.443470 0.465625 0.243665
0 1.0 0.845313 0.359649 0.203125 0.598441
0 1.0 0.784375 0.348928 0.431250 0.218324
0 1.0 0.744531 0.336257 0.282813 0.473684
0 1.0 0.633594 0.343080 0.492188 0.257310
0 1.0 0.178125 0.179337 0.243750 0.152047
0 1.0 0.203125 0.191033 0.028125 0.062378
0 1.0 0.820312 0.230994 0.350000 0.450292
0 1.0 0.728125 0.245614 0.518750 0.237817
0 1.0 0.103125 0.181287 0.134375 0.081871
0 1.0 0.042188 0.182261 0.084375 0.068226
0 1.0 0.765625 0.149123 0.112500 0.263158
0 1.0 0.762500 0.120858 0.259375 0.144250
0 1.0 0.714844 0.155945 0.076563 0.144250
0 1.0 0.697656 0.139376 0.251563 0.278752
0 1.0 0.138281 0.538986 0.226562 0.528265
0 1.0 0.873437 0.146199 0.143750 0.292398
0 1.0 0.836719 0.120858 0.123438 0.105263
0 1.0 0.692187 0.043860 0.231250 0.087719
0 1.0 0.763281 0.076998 0.085938 0.153996
0 1.0 0.756250 0.031189 0.190625 0.062378
0 1.0 0.770312 0.055556 0.056250 0.091618
0 1.0 0.718750 0.075049 0.059375 0.107212
0 1.0 0.602344 0.039961 0.176563 0.079922
0 1.0 0.618750 0.059454 0.096875 0.091618
0 1.0 0.637500 0.880117 0.725000 0.239766
0 1.0 0.652344 0.123782 0.695312 0.247563
0 1.0 0.875000 0.056530 0.156250 0.113060
0 1.0 0.812500 0.056530 0.071875 0.113060
0 1.0 0.237500 0.053606 0.056250 0.091618
0 1.0 0.243750 0.038986 0.131250 0.074074
0 1.0 0.199219 0.056530 0.073438 0.089669
0 1.0 0.406250 0.106238 0.046875 0.091618
0 1.0 0.434375 0.038986 0.087500 0.046784
0 1.0 0.607031 0.083821 0.032813 0.050682
0 1.0 0.428906 0.081871 0.057813 0.074074
0 1.0 0.348438 0.091618 0.034375 0.066277
0 1.0 0.363281 0.040936 0.020313 0.027290
0 1.0 0.321094 0.045809 0.120313 0.056530
0 1.0 0.353125 0.080897 0.237500 0.161793
0 1.0 0.372656 0.074074 0.051562 0.062378
0 1.0 0.298438 0.072125 0.040625 0.081871
0 1.0 0.298438 0.038986 0.056250 0.042885
0 1.0 0.137500 0.027290 0.056250 0.046784
0 1.0 0.281250 0.046784 0.084375 0.054581
0 1.0 0.315625 0.067251 0.050000 0.064327
0 1.0 0.577344 0.074074 0.076563 0.077973
0 1.0 0.486719 0.115984 0.057813 0.103314
0 1.0 0.555469 0.032164 0.073438 0.048733
0 1.0 0.530469 0.038986 0.123438 0.070175
0 1.0 0.503906 0.087719 0.239063 0.175439
0 1.0 0.521094 0.076998 0.076563 0.083821
0 1.0 0.456250 0.127680 0.043750 0.079922
0 1.0 0.527344 0.040936 0.026562 0.031189
0 1.0 0.503125 0.049708 0.075000 0.048733
0 1.0 0.656250 0.084795 0.050000 0.087719
0 1.0 0.664062 0.031189 0.140625 0.062378
0 1.0 0.667969 0.059454 0.114062 0.103314
0 1.0 0.602344 0.100390 0.051562 0.091618
0 1.0 0.623437 0.030214 0.093750 0.056530
0 1.0 0.499219 0.191033 0.945312 0.378168
0 1.0 0.450781 0.469786 0.420312 0.721248
0 1.0 0.402344 0.476608 0.789062 0.469786
0 1.0 0.477344 0.085770 0.057813 0.074074
0 1.0 0.560156 0.106238 0.042188 0.072125
0 1.0 0.741406 0.824561 0.410938 0.350877
0 1.0 0.827344 0.848928 0.345313 0.208577
0 1.0 0.469531 0.313840 0.657813 0.350877
0 1.0 0.549219 0.093567 0.132812 0.120858
0 1.0 0.349219 0.923002 0.620313 0.153996
0 1.0 0.490625 0.091618 0.118750 0.077973
0 1.0 0.510156 0.102339 0.048438 0.064327
0 1.0 0.434375 0.092593 0.165625 0.091618
0 1.0 0.467969 0.104288 0.045312 0.064327
0 1.0 0.829688 0.923002 0.340625 0.153996
0 1.0 0.496875 0.252437 0.293750 0.504873
0 1.0 0.960156 0.056530 0.035937 0.077973
0 1.0 0.943750 0.032164 0.112500 0.064327
0 1.0 0.864844 0.028265 0.101562 0.056530
0 1.0 0.884375 0.045809 0.059375 0.083821
0 1.0 0.265625 0.304094 0.531250 0.304094
0 1.0 0.135156 0.118908 0.095312 0.237817
0 1.0 0.347656 0.123782 0.082812 0.126706
0 1.0 0.295312 0.082846 0.168750 0.083821
0 1.0 0.321875 0.089669 0.043750 0.058480
0 1.0 0.118750 0.072125 0.137500 0.097466
0 1.0 0.050781 0.075049 0.101562 0.076023
0 1.0 0.205469 0.072125 0.167187 0.105263
0 1.0 0.660937 0.876218 0.196875 0.177388
0 1.0 0.604688 0.867446 0.053125 0.120858
0 1.0 0.609375 0.880117 0.037500 0.076023
0 1.0 0.813281 0.846004 0.060937 0.136452
0 1.0 0.821094 0.870370 0.042188 0.091618
0 1.0 0.832812 0.872320 0.187500 0.146199
0 1.0 0.507812 0.906433 0.059375 0.109162
0 1.0 0.532031 0.881092 0.148438 0.124756
0 1.0 0.075000 0.907407 0.087500 0.185185
0 1.0 0.116406 0.923002 0.232813 0.107212
0 1.0 0.773438 0.873294 0.056250 0.113060
0 1.0 0.717969 0.871345 0.051562 0.101365
0 1.0 0.959375 0.891813 0.028125 0.064327
0 1.0 0.933594 0.872320 0.132812 0.111111
0 1.0 0.950000 0.905458 0.050000 0.091618
0 1.0 0.924219 0.865497 0.151562 0.241715
0 1.0 0.929688 0.870370 0.056250 0.134503
0 1.0 0.238281 0.875244 0.264062 0.109162
0 1.0 0.563281 0.898635 0.054688 0.116959
0 1.0 0.570312 0.875244 0.340625 0.132554
0 1.0 0.589844 0.881092 0.129688 0.116959
0 1.0 0.501563 0.860624 0.256250 0.255361
0 1.0 0.239844 0.873294 0.192188 0.206628
0 1.0 0.194531 0.877193 0.048438 0.105263
0 1.0 0.453906 0.858674 0.035937 0.079922
0 1.0 0.465625 0.882066 0.237500 0.099415
0 1.0 0.455469 0.873294 0.073438 0.120858
0 1.0 0.510156 0.890838 0.045312 0.062378
0 1.0 0.290625 0.895712 0.053125 0.111111
0 1.0 0.675000 0.890838 0.043750 0.074074
0 1.0 0.342187 0.885965 0.053125 0.111111
0 1.0 0.338281 0.876218 0.198437 0.099415
0 1.0 0.339062 0.922027 0.268750 0.144250
0 1.0 0.284375 0.927875 0.093750 0.144250
0 1.0 0.560937 0.921053 0.150000 0.157895
0 1.0 0.497656 0.910331 0.107813 0.179337
0 1.0 0.189062 0.920078 0.087500 0.159844
0 1.0 0.767188 0.916179 0.106250 0.167641
0 1.0 0.450781 0.927875 0.085938 0.144250
0 1.0 0.468750 0.923977 0.278125 0.113060
0 1.0 0.717187 0.922027 0.153125 0.155945
0 1.0 0.660937 0.910331 0.109375 0.179337
0 1.0 0.663281 0.916179 0.317188 0.116959
0 1.0 0.235937 0.903509 0.106250 0.192982
0 1.0 0.242188 0.919103 0.315625 0.122807
0 1.0 0.878906 0.851852 0.067187 0.144250
0 1.0 0.820312 0.875244 0.100000 0.089669
0 1.0 0.892188 0.874269 0.046875 0.099415
0 1.0 0.128125 0.917154 0.100000 0.165692
0 1.0 0.140625 0.887914 0.265625 0.224172
0 1.0 0.396094 0.920078 0.104688 0.159844
0 1.0 0.338281 0.922027 0.101562 0.155945
0 1.0 0.029687 0.927875 0.059375 0.144250
0 1.0 0.057031 0.924951 0.114062 0.079922
0 1.0 0.058594 0.929825 0.045312 0.062378
0 1.0 0.587500 0.824561 0.143750 0.124756
0 1.0 0.249219 0.826511 0.104688 0.109162
0 1.0 0.502344 0.831384 0.042188 0.068226
0 1.0 0.400000 0.802144 0.140625 0.345029
0 1.0 0.396875 0.820663 0.321875 0.124756
0 1.0 0.712500 0.815789 0.334375 0.138402
0 1.0 0.712500 0.814815 0.131250 0.265107
0 1.0 0.559375 0.817739 0.153125 0.298246
0 1.0 0.331250 0.827485 0.156250 0.115010
0 1.0 0.564063 0.815789 0.346875 0.134503
0 1.0 0.211719 0.031189 0.073438 0.054581
0 1.0 0.436719 0.827485 0.079687 0.091618
0 1.0 0.068750 0.810916 0.112500 0.300195
0 1.0 0.113281 0.825536 0.079687 0.091618
0 1.0 0.059375 0.818713 0.118750 0.085770
0 1.0 0.291406 0.833333 0.035937 0.056530
0 1.0 0.243750 0.885965 0.059375 0.122807
0 1.0 0.807813 0.821637 0.156250 0.103314
0 1.0 0.132812 0.867446 0.050000 0.124756
0 1.0 0.161719 0.874269 0.132812 0.126706
0 1.0 0.079687 0.848928 0.050000 0.126706
0 1.0 0.402344 0.860624 0.057813 0.115010
0 1.0 0.402344 0.871345 0.185938 0.175439
0 1.0 0.036719 0.877193 0.039062 0.109162
0 1.0 0.051562 0.873294 0.103125 0.074074
0 1.0 0.068750 0.879142 0.028125 0.046784
0 1.0 0.296875 0.884016 0.040625 0.060429
0 1.0 0.293750 0.881092 0.150000 0.163743
0 1.0 0.857812 0.832359 0.056250 0.081871
0 1.0 0.492188 0.814815 0.143750 0.304094
0 1.0 0.525000 0.823587 0.146875 0.130604
0 1.0 0.052344 0.872320 0.104688 0.161793
0 1.0 0.929688 0.815789 0.140625 0.107212
0 1.0 0.660937 0.829435 0.118750 0.228070
0 1.0 0.960156 0.871345 0.048438 0.152047
0 1.0 0.753125 0.184211 0.215625 0.115010
0 1.0 0.454688 0.076998 0.578125 0.153996
0 1.0 0.960938 0.214425 0.071875 0.210526
0 1.0 0.942969 0.181287 0.114062 0.101365
0 1.0 0.971094 0.954191 0.048438 0.091618
0 1.0 0.939844 0.961988 0.120313 0.076023
0 1.0 0.672656 0.186160 0.217188 0.111111
0 1.0 0.820312 0.183236 0.100000 0.081871
0 1.0 0.377344 0.172515 0.254688 0.185185
0 1.0 0.227344 0.186160 0.192188 0.099415
0 1.0 0.295312 0.208577 0.115625 0.167641
0 1.0 0.444531 0.157895 0.482812 0.218324
0 1.0 0.329688 0.208577 0.043750 0.074074
0 1.0 0.060937 0.963938 0.050000 0.064327
0 1.0 0.933594 0.918129 0.132812 0.113060
0 1.0 0.301563 0.962963 0.059375 0.054581
0 1.0 0.250781 0.954191 0.114062 0.091618
0 1.0 0.246094 0.961988 0.076563 0.056530
0 1.0 0.835938 0.920078 0.159375 0.105263
0 1.0 0.199219 0.959064 0.098437 0.081871
0 1.0 0.199219 0.961014 0.064062 0.054581
0 1.0 0.411719 0.956140 0.101562 0.087719
0 1.0 0.372656 0.963938 0.057813 0.056530
0 1.0 0.880469 0.915205 0.098437 0.169591
0 1.0 0.810156 0.906433 0.107813 0.187135
0 1.0 0.603125 0.928850 0.078125 0.142300
0 1.0 0.143750 0.955166 0.112500 0.089669
0 1.0 0.150000 0.962963 0.053125 0.050682
0 1.0 0.092969 0.952242 0.117188 0.095517
0 1.0 0.763281 0.961988 0.082812 0.060429
0 1.0 0.717187 0.951267 0.087500 0.097466
0 1.0 0.532031 0.951267 0.132812 0.097466
0 1.0 0.609375 0.950292 0.168750 0.099415
0 1.0 0.890625 0.181287 0.218750 0.128655
0 1.0 0.846094 0.964912 0.035937 0.042885
0 1.0 0.852344 0.961014 0.057813 0.058480
0 1.0 0.815625 0.950292 0.075000 0.099415
0 1.0 0.048438 0.233918 0.096875 0.085770
0 1.0 0.036719 0.246589 0.073438 0.259259
0 1.0 0.666406 0.953216 0.089063 0.093567
0 1.0 0.645312 0.960039 0.062500 0.052632
0 1.0 0.598437 0.960039 0.046875 0.048733
0 1.0 0.304688 0.960039 0.093750 0.079922
0 1.0 0.564063 0.960039 0.053125 0.052632
0 1.0 0.703906 0.960039 0.067187 0.056530
0 1.0 0.517969 0.961988 0.042188 0.048733
0 1.0 0.503125 0.959064 0.065625 0.074074
0 1.0 0.465625 0.961988 0.068750 0.060429
0 1.0 0.770312 0.952242 0.200000 0.095517
0 1.0 0.877344 0.741715 0.245312 0.419103
0 1.0 0.670312 0.321637 0.659375 0.643275
0 1.0 0.073438 0.370370 0.146875 0.600390
0 1.0 0.554688 0.632554 0.215625 0.610136
0 1.0 0.925000 0.570175 0.150000 0.578947
0 1.0 0.178906 0.339181 0.357812 0.678363