0 1.0 0.496875 0.536458 0.240625 0.589583
0 1.0 0.524219 0.609375 0.232813 0.118750
0 1.0 0.580469 0.591667 0.176563 0.266667
0 1.0 0.271875 0.625000 0.256250 0.275000
0 1.0 0.289062 0.628125 0.143750 0.156250
0 1.0 0.241406 0.691667 0.064062 0.141667
0 1.0 0.198437 0.603125 0.284375 0.118750
0 1.0 0.184375 0.668750 0.087500 0.137500
0 1.0 0.700000 0.607292 0.268750 0.106250
0 1.0 0.710156 0.657292 0.060937 0.118750
0 1.0 0.398438 0.635417 0.106250 0.437500
0 1.0 0.415625 0.601042 0.275000 0.114583
0 1.0 0.478125 0.610417 0.025000 0.058333
0 1.0 0.597656 0.591667 0.089063 0.350000
0 1.0 0.650000 0.601042 0.256250 0.347917
0 1.0 0.403125 0.626042 0.237500 0.335417
0 1.0 0.359375 0.602083 0.084375 0.095833
0 1.0 0.342969 0.620833 0.179688 0.200000
0 1.0 0.288281 0.701042 0.048438 0.118750
0 1.0 0.289062 0.669792 0.093750 0.139583
0 1.0 0.311719 0.610417 0.020313 0.045833
0 1.0 0.959375 0.588542 0.040625 0.197917
0 1.0 0.939063 0.551042 0.121875 0.172917
0 1.0 0.233594 0.607292 0.098437 0.102083
0 1.0 0.186719 0.694792 0.048438 0.122917
0 1.0 0.964063 0.550000 0.071875 0.108333
0 1.0 0.499219 0.595833 0.189062 0.262500
0 1.0 0.434375 0.638542 0.084375 0.347917
0 1.0 0.530469 0.611458 0.042188 0.068750
0 1.0 0.342187 0.669792 0.093750 0.177083
0 1.0 0.132031 0.693750 0.048438 0.100000
0 1.0 0.135937 0.613542 0.078125 0.089583
0 1.0 0.139844 0.629167 0.242188 0.295833
0 1.0 0.136719 0.627083 0.176563 0.179167
0 1.0 0.082031 0.716667 0.035937 0.104167
0 1.0 0.950000 0.636458 0.062500 0.193750
0 1.0 0.925000 0.626042 0.100000 0.452083
0 1.0 0.238281 0.691667 0.192188 0.195833
0 1.0 0.769531 0.616667 0.192188 0.195833
0 1.0 0.130469 0.744792 0.048438 0.143750
0 1.0 0.156250 0.676042 0.268750 0.114583
0 1.0 0.820312 0.669792 0.078125 0.193750
0 1.0 0.821094 0.602083 0.289062 0.116667
0 1.0 0.556250 0.677083 0.021875 0.058333
0 1.0 0.460938 0.678125 0.153125 0.227083
0 1.0 0.421875 0.661458 0.306250 0.110417
0 1.0 0.358594 0.679167 0.092188 0.095833
0 1.0 0.336719 0.684375 0.251563 0.306250
0 1.0 0.281250 0.738542 0.046875 0.118750
0 1.0 0.280469 0.691667 0.020313 0.041667
0 1.0 0.878906 0.669792 0.079687 0.260417
0 1.0 0.817969 0.609375 0.029687 0.047917
0 1.0 0.886719 0.672917 0.048438 0.141667
0 1.0 0.867969 0.614583 0.020313 0.045833
0 1.0 0.862500 0.615625 0.221875 0.335417
0 1.0 0.826562 0.660417 0.046875 0.100000
0 1.0 0.766406 0.657292 0.089063 0.210417
0 1.0 0.776563 0.650000 0.059375 0.125000
0 1.0 0.762500 0.611458 0.275000 0.306250
0 1.0 0.080469 0.692708 0.160938 0.189583
0 1.0 0.040625 0.744792 0.031250 0.114583
0 1.0 0.053906 0.673958 0.095312 0.064583
0 1.0 0.089063 0.686458 0.015625 0.035417
0 1.0 0.931250 0.604167 0.137500 0.137500
0 1.0 0.962500 0.602083 0.075000 0.095833
0 1.0 0.660937 0.644792 0.081250 0.231250
0 1.0 0.349219 0.551042 0.207813 0.143750
0 1.0 0.332031 0.551042 0.242188 0.335417
0 1.0 0.293750 0.614583 0.053125 0.170833
0 1.0 0.250781 0.552083 0.254688 0.108333
0 1.0 0.071094 0.551042 0.142187 0.281250
0 1.0 0.052344 0.568750 0.092188 0.125000
0 1.0 0.817969 0.586458 0.092188 0.264583
0 1.0 0.956250 0.495833 0.087500 0.100000
0 1.0 0.232813 0.562500 0.193750 0.208333
0 1.0 0.179688 0.616667 0.053125 0.154167
0 1.0 0.505469 0.555208 0.282813 0.127083
0 1.0 0.432812 0.546875 0.121875 0.364583
0 1.0 0.131250 0.629167 0.043750 0.145833
0 1.0 0.127344 0.553125 0.254688 0.118750
0 1.0 0.442188 0.557292 0.084375 0.093750
0 1.0 0.339844 0.607292 0.054688 0.197917
0 1.0 0.492188 0.558333 0.090625 0.095833
0 1.0 0.060937 0.563542 0.053125 0.072917
0 1.0 0.707031 0.511458 0.114062 0.364583
0 1.0 0.738281 0.489583 0.279687 0.120833
0 1.0 0.721875 0.495833 0.246875 0.341667
0 1.0 0.905469 0.494792 0.189062 0.127083
0 1.0 0.903125 0.503125 0.193750 0.335417
0 1.0 0.875000 0.498958 0.090625 0.306250
0 1.0 0.842187 0.491667 0.028125 0.054167
0 1.0 0.578125 0.484375 0.221875 0.402083
0 1.0 0.171875 0.592708 0.103125 0.189583
0 1.0 0.883594 0.503125 0.064062 0.193750
0 1.0 0.862500 0.490625 0.071875 0.093750
0 1.0 0.040625 0.612500 0.040625 0.095833
0 1.0 0.084375 0.635417 0.034375 0.112500
0 1.0 0.035937 0.641667 0.025000 0.091667
0 1.0 0.050781 0.640625 0.095312 0.114583
0 1.0 0.707031 0.568750 0.073438 0.170833
0 1.0 0.717187 0.554167 0.259375 0.154167
0 1.0 0.858594 0.553125 0.026562 0.052083
0 1.0 0.885938 0.580208 0.053125 0.164583
0 1.0 0.885156 0.556250 0.039062 0.066667
0 1.0 0.505469 0.665625 0.123438 0.093750
0 1.0 0.086719 0.621875 0.023438 0.043750
0 1.0 0.823438 0.571875 0.062500 0.143750
0 1.0 0.090625 0.606250 0.171875 0.091667
0 1.0 0.113281 0.613542 0.054688 0.072917
0 1.0 0.035156 0.716667 0.026562 0.079167
0 1.0 0.060156 0.612500 0.092188 0.062500
0 1.0 0.040625 0.688542 0.040625 0.077083
0 1.0 0.828125 0.547917 0.300000 0.129167
0 1.0 0.666406 0.561458 0.082812 0.235417
0 1.0 0.293750 0.559375 0.062500 0.077083
0 1.0 0.240625 0.607292 0.068750 0.193750
0 1.0 0.816406 0.550000 0.182812 0.212500
0 1.0 0.767188 0.563542 0.109375 0.322917
0 1.0 0.773438 0.552083 0.078125 0.187500
0 1.0 0.357812 0.775000 0.090625 0.145833
0 1.0 0.198437 0.766667 0.328125 0.154167
0 1.0 0.291406 0.764583 0.107813 0.216667
0 1.0 0.267969 0.776042 0.032813 0.081250
0 1.0 0.276562 0.752083 0.275000 0.229167
0 1.0 0.306250 0.776042 0.068750 0.122917
0 1.0 0.239063 0.764583 0.075000 0.191667
0 1.0 0.296875 0.768750 0.043750 0.079167
0 1.0 0.915625 0.712500 0.071875 0.283333
0 1.0 0.888281 0.721875 0.223438 0.118750
0 1.0 0.898438 0.706250 0.203125 0.295833
0 1.0 0.175000 0.780208 0.062500 0.168750
0 1.0 0.167969 0.767708 0.114062 0.218750
0 1.0 0.533594 0.778125 0.101562 0.085417
0 1.0 0.439063 0.746875 0.115625 0.260417
0 1.0 0.558594 0.782292 0.020313 0.064583
0 1.0 0.028125 0.756250 0.034375 0.125000
0 1.0 0.400000 0.769792 0.365625 0.139583
0 1.0 0.467969 0.777083 0.023438 0.070833
0 1.0 0.095312 0.760417 0.062500 0.170833
0 1.0 0.160156 0.766667 0.035937 0.091667
0 1.0 0.395313 0.756250 0.096875 0.237500
0 1.0 0.946094 0.757292 0.045312 0.122917
0 1.0 0.952344 0.736458 0.095312 0.143750
0 1.0 0.673438 0.755208 0.046875 0.131250
0 1.0 0.713281 0.734375 0.076563 0.072917
0 1.0 0.666406 0.731250 0.173437 0.200000
0 1.0 0.875781 0.756250 0.064062 0.237500
0 1.0 0.774219 0.728125 0.020313 0.039583
0 1.0 0.890625 0.762500 0.040625 0.141667
0 1.0 0.847656 0.742708 0.017188 0.035417
0 1.0 0.826562 0.765625 0.071875 0.222917
0 1.0 0.605469 0.728125 0.070312 0.260417
0 1.0 0.807813 0.723958 0.296875 0.264583
0 1.0 0.773438 0.768750 0.068750 0.200000
0 1.0 0.765625 0.721875 0.315625 0.110417
0 1.0 0.786719 0.767708 0.042188 0.122917
0 1.0 0.075781 0.759375 0.089063 0.106250
0 1.0 0.032031 0.759375 0.064062 0.185417
0 1.0 0.086719 0.764583 0.026562 0.091667
0 1.0 0.957812 0.771875 0.034375 0.131250
0 1.0 0.919531 0.770833 0.154688 0.108333
0 1.0 0.623437 0.771875 0.340625 0.131250
0 1.0 0.777344 0.776042 0.035937 0.072917
0 1.0 0.844531 0.784375 0.023438 0.068750
0 1.0 0.871094 0.772917 0.154688 0.200000
0 1.0 0.129688 0.805208 0.084375 0.256250
0 1.0 0.052344 0.796875 0.104688 0.185417
0 1.0 0.154688 0.796875 0.046875 0.081250
0 1.0 0.768750 0.769792 0.346875 0.127083
0 1.0 0.089844 0.796875 0.029687 0.077083
0 1.0 0.131250 0.800000 0.240625 0.120833
0 1.0 0.710938 0.777083 0.096875 0.108333
0 1.0 0.341406 0.776042 0.051562 0.089583
0 1.0 0.608594 0.740625 0.260937 0.264583
0 1.0 0.562500 0.756250 0.093750 0.245833
0 1.0 0.594531 0.786458 0.039062 0.077083
0 1.0 0.500000 0.743750 0.115625 0.275000
0 1.0 0.607812 0.770833 0.128125 0.183333
0 1.0 0.840625 0.795833 0.050000 0.141667
0 1.0 0.564844 0.782292 0.057813 0.093750
0 1.0 0.515625 0.712500 0.246875 0.316667
0 1.0 0.780469 0.772917 0.148438 0.175000
0 1.0 0.755469 0.776042 0.107813 0.110417
0 1.0 0.660156 0.713542 0.070312 0.185417
0 1.0 0.663281 0.666667 0.310937 0.120833
0 1.0 0.692969 0.677083 0.132812 0.112500
0 1.0 0.799219 0.670833 0.020313 0.041667
0 1.0 0.852344 0.682292 0.020313 0.039583
0 1.0 0.176563 0.733333 0.056250 0.079167
0 1.0 0.830469 0.733333 0.042188 0.095833
0 1.0 0.820312 0.676042 0.231250 0.143750
0 1.0 0.929688 0.665625 0.140625 0.156250
0 1.0 0.053906 0.730208 0.107813 0.085417
0 1.0 0.081250 0.741667 0.018750 0.045833
0 1.0 0.957812 0.718750 0.034375 0.133333
0 1.0 0.967187 0.660417 0.065625 0.087500
0 1.0 0.533594 0.661458 0.254688 0.127083
0 1.0 0.259375 0.687500 0.071875 0.075000
0 1.0 0.593750 0.457292 0.143750 0.239583
0 1.0 0.777344 0.726042 0.048438 0.102083
0 1.0 0.707812 0.719792 0.078125 0.185417
0 1.0 0.710156 0.689583 0.179688 0.191667
0 1.0 0.495312 0.677083 0.018750 0.050000
0 1.0 0.349219 0.744792 0.051562 0.143750
0 1.0 0.322656 0.728125 0.073438 0.068750
0 1.0 0.607812 0.714583 0.306250 0.116667
0 1.0 0.607812 0.735417 0.043750 0.162500
0 1.0 0.577344 0.737500 0.032813 0.054167
0 1.0 0.289062 0.735417 0.043750 0.058333
0 1.0 0.514844 0.725000 0.254688 0.104167
0 1.0 0.560156 0.737500 0.048438 0.062500
0 1.0 0.722656 0.755208 0.051562 0.143750
0 1.0 0.750000 0.735417 0.103125 0.079167
0 1.0 0.265625 0.743750 0.021875 0.041667
0 1.0 0.211719 0.727083 0.132812 0.116667
0 1.0 0.146094 0.723958 0.292187 0.122917
0 1.0 0.515625 0.729167 0.090625 0.062500
0 1.0 0.564063 0.744792 0.015625 0.035417
0 1.0 0.378125 0.722917 0.275000 0.091667
0 1.0 0.144531 0.737500 0.029687 0.062500
0 1.0 0.348438 0.737500 0.050000 0.066667
0 1.0 0.457813 0.739583 0.015625 0.037500
0 1.0 0.100000 0.409375 0.031250 0.102083
0 1.0 0.110937 0.355208 0.196875 0.122917
0 1.0 0.107031 0.353125 0.214062 0.289583
0 1.0 0.020313 0.366667 0.028125 0.104167
0 1.0 0.364844 0.376042 0.051562 0.110417
0 1.0 0.301563 0.415625 0.040625 0.122917
0 1.0 0.328906 0.353125 0.245312 0.127083
0 1.0 0.293750 0.345833 0.225000 0.262500
0 1.0 0.330469 0.382292 0.035937 0.081250
0 1.0 0.235937 0.409375 0.056250 0.152083
0 1.0 0.924219 0.366667 0.079687 0.191667
0 1.0 0.302344 0.382292 0.092188 0.181250
0 1.0 0.547656 0.378125 0.160938 0.247917
0 1.0 0.524219 0.339583 0.289062 0.145833
0 1.0 0.246875 0.371875 0.131250 0.160417
0 1.0 0.194531 0.418750 0.035937 0.108333
0 1.0 0.233594 0.356250 0.242188 0.108333
0 1.0 0.193750 0.387500 0.087500 0.158333
0 1.0 0.407813 0.369792 0.087500 0.152083
0 1.0 0.441406 0.371875 0.101562 0.181250
0 1.0 0.471875 0.369792 0.221875 0.256250
0 1.0 0.488281 0.382292 0.073438 0.139583
0 1.0 0.387500 0.404167 0.056250 0.145833
0 1.0 0.404687 0.354167 0.228125 0.175000
0 1.0 0.071875 0.350000 0.071875 0.062500
0 1.0 0.022656 0.379167 0.045312 0.141667
0 1.0 0.048438 0.355208 0.075000 0.081250
0 1.0 0.956250 0.368750 0.031250 0.083333
0 1.0 0.967187 0.290625 0.065625 0.089583
0 1.0 0.947656 0.334375 0.032813 0.056250
0 1.0 0.897656 0.296875 0.204687 0.114583
0 1.0 0.928125 0.305208 0.143750 0.256250
0 1.0 0.682031 0.383333 0.017188 0.033333
0 1.0 0.672656 0.308333 0.235937 0.108333
0 1.0 0.666406 0.309375 0.260937 0.252083
0 1.0 0.607812 0.385417 0.046875 0.104167
0 1.0 0.935156 0.307292 0.085938 0.114583
0 1.0 0.875781 0.372917 0.064062 0.150000
0 1.0 0.197656 0.353125 0.239063 0.252083
0 1.0 0.212500 0.384375 0.046875 0.089583
0 1.0 0.144531 0.421875 0.042188 0.122917
0 1.0 0.792188 0.359375 0.021875 0.047917
0 1.0 0.152344 0.375000 0.104688 0.125000
0 1.0 0.087500 0.412500 0.053125 0.187500
0 1.0 0.134375 0.351042 0.093750 0.077083
0 1.0 0.810937 0.314583 0.265625 0.270833
0 1.0 0.828906 0.317708 0.129688 0.139583
0 1.0 0.775781 0.372917 0.064062 0.145833
0 1.0 0.780469 0.298958 0.264062 0.110417
0 1.0 0.152344 0.412500 0.032813 0.083333
0 1.0 0.064062 0.409375 0.062500 0.081250
0 1.0 0.046875 0.415625 0.093750 0.131250
0 1.0 0.956250 0.407292 0.025000 0.064583
0 1.0 0.930469 0.344792 0.139063 0.106250
0 1.0 0.944531 0.407292 0.045312 0.093750
0 1.0 0.669531 0.372917 0.179688 0.195833
0 1.0 0.615625 0.425000 0.037500 0.125000
0 1.0 0.622656 0.415625 0.023438 0.077083
0 1.0 0.854688 0.352083 0.175000 0.095833
0 1.0 0.138281 0.464583 0.070312 0.162500
0 1.0 0.158594 0.400000 0.295312 0.137500
0 1.0 0.153125 0.467708 0.031250 0.068750
0 1.0 0.772656 0.356250 0.276562 0.150000
0 1.0 0.078906 0.471875 0.067187 0.197917
0 1.0 0.089844 0.476042 0.032813 0.093750
0 1.0 0.782813 0.402083 0.043750 0.112500
0 1.0 0.671875 0.431250 0.037500 0.112500
0 1.0 0.683594 0.422917 0.029687 0.079167
0 1.0 0.351562 0.407292 0.040625 0.131250
0 1.0 0.882812 0.402083 0.034375 0.095833
0 1.0 0.607812 0.371875 0.112500 0.168750
0 1.0 0.351562 0.376042 0.090625 0.193750
0 1.0 0.828125 0.400000 0.056250 0.175000
0 1.0 0.840625 0.405208 0.028125 0.089583
0 1.0 0.445312 0.371875 0.025000 0.060417
0 1.0 0.715625 0.418750 0.050000 0.145833
0 1.0 0.725781 0.417708 0.032813 0.089583
0 1.0 0.196094 0.323958 0.064062 0.122917
0 1.0 0.191406 0.307292 0.232813 0.110417
0 1.0 0.226562 0.332292 0.018750 0.039583
0 1.0 0.165625 0.296875 0.084375 0.052083
0 1.0 0.155469 0.331250 0.023438 0.054167
0 1.0 0.153906 0.302083 0.132812 0.075000
0 1.0 0.846094 0.302083 0.067187 0.058333
0 1.0 0.821875 0.237500 0.259375 0.112500
0 1.0 0.834375 0.296875 0.034375 0.072917
0 1.0 0.774219 0.294792 0.070312 0.181250
0 1.0 0.100000 0.292708 0.087500 0.110417
0 1.0 0.032813 0.329167 0.053125 0.200000
0 1.0 0.068750 0.295833 0.075000 0.054167
0 1.0 0.096094 0.300000 0.185938 0.095833
0 1.0 0.349219 0.301042 0.232813 0.127083
0 1.0 0.385156 0.331250 0.023438 0.054167
0 1.0 0.332031 0.303125 0.151562 0.072917
0 1.0 0.307812 0.337500 0.071875 0.133333
0 1.0 0.252344 0.305208 0.085938 0.056250
0 1.0 0.339062 0.338542 0.018750 0.043750
0 1.0 0.946094 0.243750 0.107813 0.137500
0 1.0 0.865625 0.247917 0.237500 0.266667
0 1.0 0.180469 0.039583 0.201563 0.079167
0 1.0 0.680469 0.686458 0.639062 0.627083
0 1.0 0.418750 0.729167 0.837500 0.537500
0 1.0 0.039844 0.306250 0.039062 0.104167
0 1.0 0.138281 0.068750 0.085938 0.129167
0 1.0 0.131250 0.087500 0.234375 0.175000
0 1.0 0.078125 0.085417 0.093750 0.170833
0 1.0 0.128125 0.032292 0.118750 0.064583
0 1.0 0.021875 0.065625 0.040625 0.106250
0 1.0 0.860156 0.241667 0.110937 0.104167
0 1.0 0.055469 0.041667 0.110937 0.083333
0 1.0 0.873437 0.291667 0.075000 0.195833
0 1.0 0.882812 0.279167 0.037500 0.083333
0 1.0 0.078906 0.029167 0.070312 0.058333
0 1.0 0.727344 0.328125 0.123438 0.118750
0 1.0 0.668750 0.397917 0.043750 0.091667
0 1.0 0.718750 0.255208 0.156250 0.152083
0 1.0 0.665625 0.327083 0.046875 0.100000
0 1.0 0.082031 0.290625 0.020313 0.052083
0 1.0 0.648438 0.301042 0.125000 0.081250
0 1.0 0.615625 0.366667 0.015625 0.033333
0 1.0 0.628125 0.326042 0.059375 0.077083
0 1.0 0.560156 0.360417 0.057813 0.141667
0 1.0 0.570312 0.298958 0.165625 0.093750
0 1.0 0.675781 0.304167 0.023438 0.041667
0 1.0 0.891406 0.357292 0.017188 0.039583
0 1.0 0.849219 0.312500 0.132812 0.079167
0 1.0 0.843750 0.357292 0.018750 0.047917
0 1.0 0.736719 0.369792 0.017188 0.031250
0 1.0 0.507812 0.344792 0.043750 0.093750
0 1.0 0.778906 0.320833 0.132812 0.141667
0 1.0 0.585938 0.323958 0.050000 0.077083
0 1.0 0.250000 0.357292 0.025000 0.052083
0 1.0 0.519531 0.315625 0.082812 0.106250
0 1.0 0.559375 0.304167 0.018750 0.033333
0 1.0 0.569531 0.341667 0.035937 0.075000
0 1.0 0.475000 0.303125 0.196875 0.102083
0 1.0 0.513281 0.336458 0.017188 0.039583
0 1.0 0.074219 0.313542 0.070312 0.214583
0 1.0 0.426563 0.330208 0.059375 0.089583
0 1.0 0.428125 0.303125 0.021875 0.039583
0 1.0 0.279687 0.294792 0.096875 0.064583
0 1.0 0.784375 0.282292 0.040625 0.089583
0 1.0 0.718750 0.313542 0.059375 0.143750
0 1.0 0.732031 0.291667 0.026562 0.054167
0 1.0 0.767969 0.433333 0.189062 0.191667
0 1.0 0.710938 0.477083 0.075000 0.208333
0 1.0 0.720313 0.466667 0.046875 0.116667
0 1.0 0.935156 0.444792 0.070312 0.077083
0 1.0 0.930469 0.506250 0.067187 0.254167
0 1.0 0.875781 0.447917 0.248438 0.133333
0 1.0 0.600000 0.477083 0.059375 0.204167
0 1.0 0.171094 0.506250 0.129688 0.287500
0 1.0 0.162500 0.489583 0.228125 0.137500
0 1.0 0.795312 0.445833 0.021875 0.045833
0 1.0 0.889062 0.487500 0.037500 0.100000
0 1.0 0.081250 0.542708 0.050000 0.185417
0 1.0 0.121875 0.493750 0.118750 0.079167
0 1.0 0.035937 0.555208 0.037500 0.143750
0 1.0 0.060156 0.497917 0.120313 0.079167
0 1.0 0.660156 0.481250 0.076563 0.212500
0 1.0 0.688281 0.439583 0.157812 0.108333
0 1.0 0.632812 0.443750 0.078125 0.095833
0 1.0 0.353125 0.436458 0.256250 0.281250
0 1.0 0.368750 0.447917 0.059375 0.108333
0 1.0 0.298438 0.461458 0.056250 0.152083
0 1.0 0.322656 0.442708 0.110937 0.093750
0 1.0 0.585938 0.438542 0.071875 0.081250
0 1.0 0.603906 0.425000 0.082812 0.158333
0 1.0 0.822656 0.480208 0.076563 0.202083
0 1.0 0.831250 0.479167 0.043750 0.108333
0 1.0 0.768750 0.455208 0.087500 0.202083
0 1.0 0.778906 0.463542 0.048438 0.110417
0 1.0 0.453906 0.433333 0.070312 0.191667
0 1.0 0.539844 0.440625 0.020313 0.047917
0 1.0 0.658594 0.514583 0.117188 0.420833
0 1.0 0.660156 0.471875 0.179688 0.243750
0 1.0 0.290625 0.514583 0.081250 0.279167
0 1.0 0.251563 0.490625 0.190625 0.089583
0 1.0 0.564844 0.479167 0.126562 0.112500
0 1.0 0.603906 0.489583 0.264062 0.133333
0 1.0 0.817187 0.486458 0.278125 0.156250
0 1.0 0.439063 0.501042 0.084375 0.081250
0 1.0 0.463281 0.481250 0.123438 0.208333
0 1.0 0.325781 0.494792 0.223438 0.106250
0 1.0 0.341406 0.498958 0.117188 0.277083
0 1.0 0.346875 0.493750 0.087500 0.087500
0 1.0 0.960938 0.521875 0.034375 0.131250
0 1.0 0.235937 0.511458 0.100000 0.314583
0 1.0 0.233594 0.495833 0.270313 0.312500
0 1.0 0.051562 0.504167 0.103125 0.170833
0 1.0 0.504687 0.457292 0.193750 0.302083
0 1.0 0.437500 0.501042 0.190625 0.102083
0 1.0 0.127344 0.539583 0.060937 0.229167
0 1.0 0.412500 0.479167 0.125000 0.195833
0 1.0 0.832031 0.408333 0.232813 0.158333
0 1.0 0.838281 0.450000 0.029687 0.083333
0 1.0 0.098437 0.413542 0.125000 0.152083
0 1.0 0.028906 0.465625 0.054688 0.193750
0 1.0 0.237500 0.444792 0.037500 0.085417
0 1.0 0.185938 0.437500 0.071875 0.158333
0 1.0 0.389844 0.412500 0.101562 0.250000
0 1.0 0.348438 0.465625 0.053125 0.131250
0 1.0 0.275000 0.445833 0.021875 0.050000
0 1.0 0.234375 0.437500 0.196875 0.137500
0 1.0 0.113281 0.446875 0.020313 0.039583
0 1.0 0.071875 0.447917 0.075000 0.083333
0 1.0 0.326562 0.447917 0.040625 0.079167
0 1.0 0.304688 0.436458 0.037500 0.056250
0 1.0 0.239844 0.461458 0.067187 0.131250
0 1.0 0.539844 0.434375 0.045312 0.068750
0 1.0 0.208594 0.443750 0.064062 0.095833
0 1.0 0.489844 0.432292 0.060937 0.147917
0 1.0 0.444531 0.441667 0.264062 0.129167
0 1.0 0.932031 0.397917 0.135937 0.112500
0 1.0 0.950000 0.460417 0.053125 0.133333
0 1.0 0.926562 0.439583 0.093750 0.220833
0 1.0 0.886719 0.455208 0.026562 0.081250
0 1.0 0.141406 0.494792 0.039062 0.093750
0 1.0 0.142187 0.448958 0.246875 0.285417
0 1.0 0.168750 0.446875 0.025000 0.047917
0 1.0 0.407813 0.663542 0.731250 0.222917
0 1.0 0.367188 0.554167 0.434375 0.558333
0 1.0 0.712500 0.659375 0.518750 0.247917
0 1.0 0.607031 0.119792 0.232813 0.172917
0 1.0 0.550000 0.156250 0.093750 0.279167
0 1.0 0.556250 0.135417 0.221875 0.270833
0 1.0 0.507812 0.156250 0.103125 0.300000
0 1.0 0.514844 0.123958 0.232813 0.131250
0 1.0 0.439063 0.175000 0.059375 0.175000
0 1.0 0.715625 0.150000 0.078125 0.183333
0 1.0 0.712500 0.120833 0.240625 0.166667
0 1.0 0.660156 0.155208 0.104688 0.272917
0 1.0 0.728125 0.546875 0.500000 0.247917
0 1.0 0.730469 0.516667 0.382812 0.550000
0 1.0 0.371094 0.546875 0.557813 0.239583
0 1.0 0.249219 0.623958 0.442188 0.410417
0 1.0 0.657031 0.136458 0.220312 0.272917
0 1.0 0.604688 0.158333 0.090625 0.241667
0 1.0 0.601562 0.751042 0.693750 0.181250
0 1.0 0.214062 0.121875 0.190625 0.131250
0 1.0 0.235156 0.133333 0.139063 0.262500
0 1.0 0.180469 0.156250 0.085938 0.229167
0 1.0 0.077344 0.134375 0.154688 0.268750
0 1.0 0.962500 0.156250 0.043750 0.129167
0 1.0 0.952344 0.078125 0.095312 0.102083
0 1.0 0.227344 0.841667 0.454688 0.204167
0 1.0 0.124219 0.152083 0.085938 0.241667
0 1.0 0.495312 0.129167 0.068750 0.108333
0 1.0 0.446875 0.137500 0.225000 0.275000
0 1.0 0.397656 0.155208 0.101562 0.264583
0 1.0 0.412500 0.128125 0.284375 0.143750
0 1.0 0.344531 0.162500 0.085938 0.237500
0 1.0 0.363281 0.122917 0.148438 0.112500
0 1.0 0.334375 0.135417 0.237500 0.270833
0 1.0 0.289844 0.152083 0.110937 0.258333
0 1.0 0.247656 0.131250 0.073438 0.104167
0 1.0 0.340625 0.747917 0.681250 0.166667
0 1.0 0.722656 0.359375 0.520312 0.210417
0 1.0 0.277344 0.361458 0.554688 0.202083
0 1.0 0.136719 0.369792 0.207813 0.656250
0 1.0 0.205469 0.185417 0.232813 0.150000
0 1.0 0.035937 0.177083 0.068750 0.270833
0 1.0 0.069531 0.181250 0.114062 0.104167
0 1.0 0.187500 0.173958 0.028125 0.081250
0 1.0 0.850781 0.428125 0.182812 0.610417
0 1.0 0.475000 0.193750 0.162500 0.158333
0 1.0 0.489844 0.203125 0.032813 0.077083
0 1.0 0.167187 0.171875 0.218750 0.335417
0 1.0 0.554688 0.214583 0.062500 0.204167
0 1.0 0.580469 0.187500 0.198437 0.112500
0 1.0 0.070312 0.364583 0.140625 0.691667
0 1.0 0.347656 0.252083 0.051562 0.154167
0 1.0 0.409375 0.187500 0.075000 0.079167
0 1.0 0.364844 0.194792 0.045312 0.085417
0 1.0 0.292969 0.223958 0.082812 0.202083
0 1.0 0.296094 0.180208 0.182812 0.164583
0 1.0 0.321094 0.190625 0.029687 0.068750
0 1.0 0.435937 0.245833 0.037500 0.112500
0 1.0 0.534375 0.195833 0.050000 0.075000
0 1.0 0.944531 0.146875 0.110937 0.160417
0 1.0 0.903906 0.137500 0.192188 0.275000
0 1.0 0.822656 0.125000 0.245312 0.166667
0 1.0 0.768750 0.145833 0.112500 0.283333
0 1.0 0.852344 0.133333 0.135937 0.125000
0 1.0 0.817187 0.158333 0.106250 0.250000
0 1.0 0.386719 0.433333 0.567187 0.258333
0 1.0 0.646875 0.438542 0.200000 0.518750
0 1.0 0.118750 0.177083 0.190625 0.125000
0 1.0 0.643750 0.431250 0.609375 0.254167
0 1.0 0.728906 0.035417 0.198437 0.070833
0 1.0 0.721094 0.057292 0.064062 0.114583
0 1.0 0.872656 0.065625 0.160938 0.131250
0 1.0 0.818750 0.077083 0.075000 0.154167
0 1.0 0.667188 0.063542 0.071875 0.122917
0 1.0 0.652344 0.047917 0.201563 0.095833
0 1.0 0.603906 0.068750 0.064062 0.133333
0 1.0 0.771875 0.082292 0.234375 0.164583
0 1.0 0.923438 0.084375 0.081250 0.168750
0 1.0 0.921094 0.034375 0.157812 0.068750
0 1.0 0.834375 0.035417 0.187500 0.070833
0 1.0 0.874219 0.071875 0.073438 0.143750
0 1.0 0.769531 0.079167 0.076563 0.158333
0 1.0 0.511719 0.313542 0.679688 0.339583
0 1.0 0.292187 0.059375 0.131250 0.118750
0 1.0 0.232813 0.080208 0.093750 0.160417
0 1.0 0.229687 0.081250 0.256250 0.162500
0 1.0 0.182031 0.075000 0.120313 0.150000
0 1.0 0.429688 0.038542 0.131250 0.077083
0 1.0 0.342969 0.076042 0.079687 0.152083
0 1.0 0.325781 0.029167 0.067187 0.058333
0 1.0 0.403125 0.072917 0.125000 0.145833
0 1.0 0.500000 0.536458 1.000000 0.518750
0 1.0 0.616406 0.033333 0.126562 0.066667
0 1.0 0.548438 0.065625 0.059375 0.131250
0 1.0 0.622656 0.875000 0.754687 0.250000
0 1.0 0.559375 0.044792 0.175000 0.089583
0 1.0 0.505469 0.080208 0.070312 0.160417
0 1.0 0.466406 0.057292 0.110937 0.114583
0 1.0 0.448437 0.068750 0.043750 0.095833
0 1.0 0.500000 0.029167 0.059375 0.058333
0 1.0 0.825000 0.845833 0.350000 0.204167
0 1.0 0.353906 0.920833 0.589063 0.158333
0 1.0 0.410156 0.075000 0.310937 0.141667
0 1.0 0.557813 0.077083 0.278125 0.137500
0 1.0 0.164062 0.923958 0.328125 0.152083
0 1.0 0.641406 0.120833 0.717187 0.241667
0 1.0 0.357812 0.122917 0.715625 0.245833
0 1.0 0.962500 0.079167 0.034375 0.087500
0 1.0 0.785156 0.922917 0.429688 0.154167
0 1.0 0.439844 0.083333 0.098437 0.116667
0 1.0 0.732812 0.765625 0.028125 0.056250
0 1.0 0.929688 0.857292 0.140625 0.106250
0 1.0 0.954688 0.811458 0.037500 0.085417
0 1.0 0.921094 0.853125 0.157812 0.247917
0 1.0 0.923438 0.794792 0.050000 0.131250
0 1.0 0.614844 0.792708 0.029687 0.064583
0 1.0 0.604688 0.850000 0.278125 0.145833
0 1.0 0.801562 0.859375 0.084375 0.085417
0 1.0 0.879687 0.816667 0.034375 0.100000
0 1.0 0.864844 0.859375 0.032813 0.064583
0 1.0 0.080469 0.866667 0.095312 0.216667
0 1.0 0.716406 0.853125 0.317188 0.114583
0 1.0 0.099219 0.879167 0.198437 0.241667
0 1.0 0.028906 0.885417 0.057813 0.179167
0 1.0 0.060937 0.918750 0.121875 0.091667
0 1.0 0.677344 0.772917 0.023438 0.050000
0 1.0 0.664062 0.834375 0.284375 0.239583
0 1.0 0.612500 0.786458 0.046875 0.118750
0 1.0 0.250781 0.863542 0.220312 0.102083
0 1.0 0.598437 0.852083 0.090625 0.087500
0 1.0 0.507812 0.791667 0.040625 0.095833
0 1.0 0.350000 0.854167 0.143750 0.158333
0 1.0 0.840625 0.806250 0.031250 0.091667
0 1.0 0.450781 0.791667 0.029687 0.070833
0 1.0 0.509375 0.859375 0.162500 0.085417
0 1.0 0.453125 0.795833 0.065625 0.100000
0 1.0 0.543750 0.860417 0.034375 0.058333
0 1.0 0.457813 0.851042 0.256250 0.214583
0 1.0 0.794531 0.793750 0.029687 0.070833
0 1.0 0.661719 0.881250 0.079687 0.166667
0 1.0 0.664844 0.915625 0.264062 0.131250
0 1.0 0.604688 0.864583 0.084375 0.229167
0 1.0 0.264062 0.916667 0.225000 0.108333
0 1.0 0.291406 0.880208 0.135937 0.239583
0 1.0 0.293750 0.920833 0.078125 0.087500
0 1.0 0.551562 0.914583 0.259375 0.137500
0 1.0 0.498437 0.872917 0.096875 0.208333
0 1.0 0.827344 0.882292 0.089063 0.231250
0 1.0 0.769531 0.860417 0.095312 0.245833
0 1.0 0.769531 0.904167 0.179688 0.191667
0 1.0 0.441406 0.894792 0.126562 0.202083
0 1.0 0.482031 0.916667 0.139063 0.116667
0 1.0 0.396094 0.879167 0.114062 0.241667
0 1.0 0.962500 0.786458 0.021875 0.064583
0 1.0 0.235937 0.880208 0.128125 0.239583
0 1.0 0.184375 0.870833 0.093750 0.237500
0 1.0 0.346094 0.916667 0.254688 0.150000
0 1.0 0.657813 0.786458 0.093750 0.181250
0 1.0 0.560937 0.808333 0.334375 0.145833
0 1.0 0.560937 0.804167 0.162500 0.175000
0 1.0 0.711719 0.793750 0.182812 0.195833
0 1.0 0.078906 0.798958 0.085938 0.085417
0 1.0 0.285938 0.805208 0.031250 0.064583
0 1.0 0.234375 0.792708 0.175000 0.193750
0 1.0 0.550000 0.812500 0.103125 0.112500
0 1.0 0.548438 0.809375 0.025000 0.068750
0 1.0 0.491406 0.807292 0.026562 0.068750
0 1.0 0.407031 0.796875 0.170313 0.189583
0 1.0 0.332031 0.800000 0.242188 0.125000
0 1.0 0.057031 0.862500 0.098437 0.075000
0 1.0 0.076563 0.868750 0.034375 0.062500
0 1.0 0.303906 0.867708 0.035937 0.060417
0 1.0 0.242188 0.783333 0.046875 0.125000
0 1.0 0.259375 0.864583 0.087500 0.095833
0 1.0 0.189062 0.770833 0.034375 0.095833
0 1.0 0.304688 0.856250 0.093750 0.133333
0 1.0 0.188281 0.863542 0.264062 0.156250
0 1.0 0.396875 0.811458 0.056250 0.122917
0 1.0 0.478125 0.860417 0.037500 0.066667
0 1.0 0.962500 0.833333 0.059375 0.200000
0 1.0 0.864844 0.808333 0.029687 0.079167
0 1.0 0.802344 0.807292 0.082812 0.097917
0 1.0 0.118750 0.861458 0.153125 0.097917
0 1.0 0.134375 0.864583 0.071875 0.091667
0 1.0 0.199219 0.237500 0.273438 0.116667
0 1.0 0.189844 0.256250 0.076563 0.191667
0 1.0 0.182031 0.230208 0.139063 0.193750
0 1.0 0.132812 0.244792 0.081250 0.289583
0 1.0 0.561719 0.870833 0.126562 0.208333
0 1.0 0.366406 0.241667 0.289062 0.112500
0 1.0 0.353906 0.302083 0.064062 0.129167
0 1.0 0.346094 0.255208 0.226562 0.306250
0 1.0 0.352344 0.262500 0.120313 0.154167
0 1.0 0.100781 0.229167 0.201563 0.158333
0 1.0 0.051562 0.238542 0.071875 0.093750
0 1.0 0.239844 0.231250 0.160938 0.200000
0 1.0 0.410156 0.250000 0.151562 0.175000
0 1.0 0.617188 0.246875 0.190625 0.127083
0 1.0 0.608594 0.237500 0.229687 0.270833
0 1.0 0.557031 0.297917 0.051562 0.141667
0 1.0 0.567187 0.284375 0.040625 0.093750
0 1.0 0.514844 0.239583 0.279687 0.116667
0 1.0 0.514062 0.284375 0.050000 0.106250
0 1.0 0.303125 0.281250 0.087500 0.162500
0 1.0 0.293750 0.258333 0.031250 0.058333
0 1.0 0.232813 0.269792 0.078125 0.256250
0 1.0 0.465625 0.256250 0.046875 0.066667
0 1.0 0.440625 0.297917 0.068750 0.116667
0 1.0 0.507812 0.257292 0.046875 0.060417
0 1.0 0.392969 0.289583 0.067187 0.191667
0 1.0 0.247656 0.244792 0.229687 0.360417
0 1.0 0.605469 0.245833 0.042188 0.133333
0 1.0 0.209375 0.248958 0.418750 0.218750
0 1.0 0.784375 0.180208 0.278125 0.118750
0 1.0 0.510938 0.216667 0.071875 0.216667
0 1.0 0.739844 0.261458 0.520312 0.206250
0 1.0 0.662500 0.230208 0.059375 0.181250
0 1.0 0.672656 0.181250 0.273438 0.116667
0 1.0 0.965625 0.245833 0.046875 0.129167
0 1.0 0.771875 0.183333 0.234375 0.300000
0 1.0 0.896875 0.185417 0.206250 0.125000
0 1.0 0.921875 0.195833 0.121875 0.237500
0 1.0 0.872656 0.195833 0.098437 0.254167
0 1.0 0.864062 0.186458 0.103125 0.089583
0 1.0 0.352344 0.938542 0.135937 0.122917
0 1.0 0.291406 0.963542 0.082812 0.064583
0 1.0 0.964844 0.885417 0.042188 0.133333
0 1.0 0.931250 0.917708 0.137500 0.106250
0 1.0 0.267188 0.951042 0.128125 0.097917
0 1.0 0.199219 0.945833 0.207813 0.108333
0 1.0 0.956250 0.905208 0.075000 0.172917
0 1.0 0.446875 0.934375 0.071875 0.131250
0 1.0 0.512500 0.958333 0.075000 0.062500
0 1.0 0.492969 0.954167 0.095312 0.091667
0 1.0 0.133594 0.913542 0.092188 0.172917
0 1.0 0.357031 0.960417 0.057813 0.058333
0 1.0 0.171094 0.961458 0.114062 0.077083
0 1.0 0.717187 0.873958 0.096875 0.197917
0 1.0 0.864062 0.867708 0.087500 0.264583
0 1.0 0.817187 0.919792 0.140625 0.093750
0 1.0 0.869531 0.902083 0.182812 0.195833
0 1.0 0.105469 0.954167 0.123438 0.091667
0 1.0 0.041406 0.964583 0.079687 0.062500
0 1.0 0.727344 0.950000 0.170313 0.100000
0 1.0 0.934375 0.961458 0.131250 0.077083
0 1.0 0.854688 0.960417 0.046875 0.054167
0 1.0 0.857031 0.959375 0.079687 0.081250
0 1.0 0.559375 0.927083 0.087500 0.145833
0 1.0 0.589063 0.957292 0.115625 0.072917
0 1.0 0.503906 0.221875 0.229687 0.306250
0 1.0 0.607031 0.319792 0.017188 0.035417
0 1.0 0.969531 0.954167 0.051562 0.091667
0 1.0 0.604688 0.341667 0.034375 0.079167
0 1.0 0.657813 0.921875 0.115625 0.156250
0 1.0 0.604688 0.945833 0.190625 0.108333
0 1.0 0.822656 0.946875 0.201563 0.106250
0 1.0 0.441406 0.960417 0.148438 0.079167
0 1.0 0.151562 0.810417 0.250000 0.379167
0 1.0 0.346094 0.829167 0.467187 0.341667
0 1.0 0.083594 0.740625 0.167187 0.447917
0 1.0 0.328125 0.328125 0.656250 0.656250
0 1.0 0.294531 0.365625 0.282813 0.731250
0 1.0 0.555469 0.840625 0.345313 0.318750
0 1.0 0.457031 0.784375 0.210938 0.431250
0 1.0 0.747656 0.801042 0.207813 0.397917
0 1.0 0.679688 0.353125 0.565625 0.535417
0 1.0 0.652344 0.191667 0.410938 0.383333
0 1.0 0.438281 0.195833 0.410938 0.391667
0 1.0 0.816406 0.546875 0.345313 0.864583
0 1.0 0.183594 0.506250 0.367188 0.787500
0 1.0 0.542188 0.281250 0.206250 0.529167
0 1.0 0.347656 0.808333 0.207813 0.383333
0 1.0 0.833594 0.307292 0.332813 0.497917
0 1.0 0.916406 0.269792 0.167187 0.489583