0 1.0 0.527344 0.500000 0.804688 1.000000
0 1.0 0.758594 0.279869 0.192188 0.196399
0 1.0 0.707031 0.582651 0.126562 0.353519
0 1.0 0.678125 0.604746 0.334375 0.135843
0 1.0 0.586719 0.597381 0.157812 0.117840
0 1.0 0.710156 0.585106 0.301563 0.342062
0 1.0 0.925781 0.589198 0.139063 0.327332
0 1.0 0.662500 0.581833 0.150000 0.292962
0 1.0 0.910156 0.610475 0.179688 0.160393
0 1.0 0.184375 0.656301 0.171875 0.288052
0 1.0 0.860938 0.572831 0.109375 0.340426
0 1.0 0.817969 0.611293 0.104688 0.090016
0 1.0 0.850000 0.612930 0.065625 0.096563
0 1.0 0.031250 0.670213 0.062500 0.237316
0 1.0 0.812500 0.616203 0.165625 0.145663
0 1.0 0.805469 0.567103 0.251563 0.335516
0 1.0 0.103906 0.658756 0.145313 0.139116
0 1.0 0.107813 0.657119 0.215625 0.319149
0 1.0 0.391406 0.623568 0.098437 0.268412
0 1.0 0.421875 0.603110 0.187500 0.086743
0 1.0 0.457813 0.608020 0.050000 0.063830
0 1.0 0.398438 0.599836 0.221875 0.289689
0 1.0 0.342187 0.630115 0.131250 0.216039
0 1.0 0.349219 0.608020 0.095312 0.086743
0 1.0 0.287500 0.639116 0.087500 0.217676
0 1.0 0.247656 0.602291 0.201563 0.094926
0 1.0 0.306250 0.607201 0.040625 0.052373
0 1.0 0.600781 0.601473 0.126562 0.283142
0 1.0 0.550781 0.623568 0.129688 0.242226
0 1.0 0.567969 0.604746 0.295312 0.296236
0 1.0 0.499219 0.626023 0.126562 0.260229
0 1.0 0.767188 0.589198 0.112500 0.278232
0 1.0 0.446094 0.626841 0.101562 0.212766
0 1.0 0.502344 0.609656 0.054688 0.057283
0 1.0 0.415625 0.666939 0.300000 0.126023
0 1.0 0.432031 0.673486 0.104688 0.106383
0 1.0 0.342187 0.694763 0.093750 0.224223
0 1.0 0.598437 0.660393 0.334375 0.142390
0 1.0 0.276562 0.667758 0.225000 0.114566
0 1.0 0.319531 0.676759 0.064062 0.073650
0 1.0 0.277344 0.668576 0.285938 0.296236
0 1.0 0.755469 0.664484 0.310937 0.137480
0 1.0 0.493750 0.670213 0.181250 0.099836
0 1.0 0.467187 0.666121 0.256250 0.274959
0 1.0 0.357031 0.666121 0.142187 0.101473
0 1.0 0.056250 0.658756 0.112500 0.096563
0 1.0 0.049219 0.662029 0.057813 0.083470
0 1.0 0.951562 0.627660 0.071875 0.155483
0 1.0 0.185938 0.651391 0.334375 0.153846
0 1.0 0.460938 0.557283 0.150000 0.201309
0 1.0 0.397656 0.549918 0.198437 0.101473
0 1.0 0.650781 0.541735 0.310937 0.134206
0 1.0 0.335156 0.550736 0.123438 0.086743
0 1.0 0.321094 0.549918 0.185938 0.134206
0 1.0 0.287500 0.573650 0.075000 0.175123
0 1.0 0.257031 0.553191 0.217188 0.104746
0 1.0 0.283594 0.555646 0.076563 0.080196
0 1.0 0.342969 0.586743 0.079687 0.201309
0 1.0 0.552344 0.548282 0.198437 0.108020
0 1.0 0.814844 0.560556 0.207813 0.158756
0 1.0 0.453906 0.544190 0.217188 0.312602
0 1.0 0.465625 0.554010 0.078125 0.070376
0 1.0 0.112500 0.553191 0.215625 0.104746
0 1.0 0.074219 0.556465 0.129688 0.297872
0 1.0 0.036719 0.561375 0.073438 0.327332
0 1.0 0.063281 0.549918 0.114062 0.075286
0 1.0 0.276562 0.563830 0.265625 0.256956
0 1.0 0.954688 0.511457 0.053125 0.191489
0 1.0 0.960938 0.499182 0.078125 0.094926
0 1.0 0.233594 0.559738 0.132812 0.216039
0 1.0 0.943750 0.502455 0.112500 0.202946
0 1.0 0.185156 0.567103 0.135937 0.279869
0 1.0 0.419531 0.552373 0.085938 0.093290
0 1.0 0.185938 0.550736 0.253125 0.145663
0 1.0 0.124219 0.573650 0.114062 0.279869
0 1.0 0.053906 0.600655 0.107813 0.078560
0 1.0 0.951562 0.553191 0.096875 0.111293
0 1.0 0.508594 0.603110 0.123438 0.076923
0 1.0 0.142969 0.601473 0.273438 0.135843
0 1.0 0.885156 0.555646 0.229687 0.129296
0 1.0 0.846094 0.554828 0.079687 0.081833
0 1.0 0.867969 0.560556 0.089063 0.119476
0 1.0 0.826562 0.529460 0.134375 0.332242
0 1.0 0.114062 0.604746 0.118750 0.116203
0 1.0 0.711719 0.788052 0.157812 0.243863
0 1.0 0.455469 0.780687 0.226562 0.238953
0 1.0 0.393750 0.787234 0.128125 0.288052
0 1.0 0.422656 0.767594 0.310937 0.121113
0 1.0 0.432031 0.775777 0.135937 0.108020
0 1.0 0.347656 0.782324 0.151562 0.232406
0 1.0 0.603906 0.769231 0.370312 0.157119
0 1.0 0.553125 0.771686 0.137500 0.260229
0 1.0 0.321875 0.781506 0.040625 0.063830
0 1.0 0.810937 0.770867 0.156250 0.098200
0 1.0 0.875781 0.759411 0.157812 0.304419
0 1.0 0.852344 0.780687 0.085938 0.088380
0 1.0 0.077344 0.781506 0.101562 0.289689
0 1.0 0.106250 0.771686 0.187500 0.106383
0 1.0 0.126562 0.780687 0.078125 0.091653
0 1.0 0.030469 0.800327 0.060937 0.245499
0 1.0 0.278906 0.774959 0.220312 0.109656
0 1.0 0.287500 0.789689 0.115625 0.204583
0 1.0 0.960938 0.743863 0.056250 0.181669
0 1.0 0.939844 0.709493 0.120313 0.112930
0 1.0 0.924219 0.711948 0.151562 0.271686
0 1.0 0.232813 0.787234 0.096875 0.274959
0 1.0 0.278906 0.775777 0.073438 0.094926
0 1.0 0.221875 0.757774 0.275000 0.310966
0 1.0 0.186719 0.790507 0.082812 0.219313
0 1.0 0.125000 0.788052 0.125000 0.243863
0 1.0 0.166406 0.775777 0.098437 0.117840
0 1.0 0.118750 0.824059 0.209375 0.109656
0 1.0 0.141406 0.833061 0.067187 0.088380
0 1.0 0.610938 0.790507 0.078125 0.127660
0 1.0 0.257812 0.825696 0.259375 0.112930
0 1.0 0.295312 0.851064 0.087500 0.153846
0 1.0 0.314063 0.835516 0.028125 0.054010
0 1.0 0.286719 0.817512 0.260937 0.270049
0 1.0 0.937500 0.761047 0.125000 0.111293
0 1.0 0.068750 0.824877 0.137500 0.088380
0 1.0 0.269531 0.828969 0.064062 0.086743
0 1.0 0.126562 0.812602 0.246875 0.312602
0 1.0 0.196094 0.833061 0.117188 0.114566
0 1.0 0.475000 0.817512 0.106250 0.112930
0 1.0 0.191406 0.858429 0.064062 0.184943
0 1.0 0.768750 0.772504 0.140625 0.258592
0 1.0 0.744531 0.772504 0.310937 0.163666
0 1.0 0.089844 0.835516 0.026562 0.054010
0 1.0 0.962500 0.797054 0.050000 0.127660
0 1.0 0.651563 0.793781 0.128125 0.232406
0 1.0 0.880469 0.762684 0.239063 0.134206
0 1.0 0.128906 0.849427 0.085938 0.219313
0 1.0 0.820312 0.762684 0.134375 0.327332
0 1.0 0.103125 0.712766 0.187500 0.106383
0 1.0 0.118750 0.715221 0.087500 0.094926
0 1.0 0.356250 0.716039 0.156250 0.122750
0 1.0 0.939844 0.654664 0.120313 0.111293
0 1.0 0.051562 0.716039 0.043750 0.067103
0 1.0 0.245312 0.714403 0.228125 0.112930
0 1.0 0.274219 0.720131 0.092188 0.094926
0 1.0 0.186719 0.728314 0.114062 0.284779
0 1.0 0.487500 0.711129 0.300000 0.119476
0 1.0 0.448437 0.714403 0.146875 0.211129
0 1.0 0.161719 0.713584 0.114062 0.114566
0 1.0 0.051562 0.712766 0.103125 0.086743
0 1.0 0.884375 0.657119 0.231250 0.129296
0 1.0 0.925000 0.458265 0.115625 0.422259
0 1.0 0.833594 0.662029 0.123438 0.096563
0 1.0 0.865625 0.652209 0.225000 0.289689
0 1.0 0.053125 0.767594 0.106250 0.081833
0 1.0 0.063281 0.774959 0.032813 0.057283
0 1.0 0.684375 0.711129 0.346875 0.119476
0 1.0 0.307031 0.720131 0.114062 0.150573
0 1.0 0.705469 0.716858 0.210938 0.206219
0 1.0 0.605469 0.712766 0.107813 0.204583
0 1.0 0.883594 0.711129 0.232813 0.132570
0 1.0 0.214062 0.772504 0.100000 0.117840
0 1.0 0.810937 0.719313 0.265625 0.296236
0 1.0 0.852344 0.716039 0.076563 0.086743
0 1.0 0.442969 0.716039 0.104688 0.096563
0 1.0 0.321875 0.725859 0.053125 0.063830
0 1.0 0.817969 0.712766 0.110937 0.086743
0 1.0 0.503906 0.714403 0.157812 0.227496
0 1.0 0.495312 0.713584 0.121875 0.101473
0 1.0 0.418750 0.333879 0.306250 0.127660
0 1.0 0.396094 0.348609 0.126562 0.235679
0 1.0 0.347656 0.378887 0.073438 0.168576
0 1.0 0.811719 0.498363 0.064062 0.070376
0 1.0 0.617969 0.337152 0.282813 0.140753
0 1.0 0.304688 0.340426 0.259375 0.121113
0 1.0 0.285938 0.369067 0.118750 0.198036
0 1.0 0.284375 0.357610 0.256250 0.276596
0 1.0 0.310156 0.359247 0.073438 0.112930
0 1.0 0.232031 0.391162 0.092188 0.219313
0 1.0 0.559375 0.316694 0.093750 0.178396
0 1.0 0.559375 0.327332 0.265625 0.238953
0 1.0 0.498437 0.341244 0.103125 0.214403
0 1.0 0.435937 0.328969 0.040625 0.088380
0 1.0 0.455469 0.348609 0.251563 0.265139
0 1.0 0.463281 0.346972 0.107813 0.144026
0 1.0 0.106250 0.345336 0.212500 0.160393
0 1.0 0.025781 0.322422 0.048438 0.176759
0 1.0 0.289062 0.391162 0.065625 0.160393
0 1.0 0.046875 0.343699 0.093750 0.117840
0 1.0 0.071875 0.324877 0.143750 0.296236
0 1.0 0.958594 0.319149 0.045312 0.140753
0 1.0 0.945312 0.291326 0.109375 0.108020
0 1.0 0.926562 0.286416 0.146875 0.291326
0 1.0 0.867188 0.290507 0.265625 0.148936
0 1.0 0.189844 0.397709 0.067187 0.180033
0 1.0 0.198437 0.341244 0.284375 0.132570
0 1.0 0.184375 0.371522 0.121875 0.216039
0 1.0 0.135156 0.384615 0.070312 0.209493
0 1.0 0.079687 0.398527 0.087500 0.227496
0 1.0 0.035156 0.415712 0.070312 0.284779
0 1.0 0.074219 0.393617 0.148438 0.103110
0 1.0 0.279687 0.395254 0.209375 0.112930
0 1.0 0.934375 0.341244 0.131250 0.103110
0 1.0 0.956250 0.366612 0.065625 0.140753
0 1.0 0.867969 0.342062 0.264062 0.124386
0 1.0 0.239844 0.437807 0.064062 0.132570
0 1.0 0.192969 0.392799 0.270313 0.127660
0 1.0 0.178125 0.396072 0.246875 0.301146
0 1.0 0.743750 0.324059 0.284375 0.130933
0 1.0 0.670312 0.319967 0.121875 0.224223
0 1.0 0.608594 0.347791 0.095312 0.171849
0 1.0 0.866406 0.320786 0.145313 0.271686
0 1.0 0.812500 0.300327 0.140625 0.260229
0 1.0 0.039844 0.256137 0.079687 0.227496
0 1.0 0.038281 0.290507 0.076563 0.086743
0 1.0 0.960938 0.264321 0.053125 0.201309
0 1.0 0.928906 0.237316 0.142187 0.124386
0 1.0 0.848437 0.239771 0.275000 0.135843
0 1.0 0.887500 0.217676 0.225000 0.324059
0 1.0 0.217969 0.294599 0.214062 0.111293
0 1.0 0.208594 0.305237 0.051562 0.090016
0 1.0 0.130469 0.313421 0.101562 0.270049
0 1.0 0.158594 0.288052 0.151562 0.094926
0 1.0 0.139063 0.296236 0.056250 0.121113
0 1.0 0.133594 0.282324 0.260937 0.335516
0 1.0 0.078125 0.263502 0.062500 0.170213
0 1.0 0.140625 0.291326 0.240625 0.147300
0 1.0 0.109375 0.082651 0.218750 0.165303
0 1.0 0.098437 0.062193 0.125000 0.124386
0 1.0 0.021094 0.057283 0.042188 0.101473
0 1.0 0.075781 0.030278 0.057813 0.050736
0 1.0 0.047656 0.036825 0.095312 0.073650
0 1.0 0.257031 0.500818 0.470313 0.998363
0 1.0 0.500000 0.741408 1.000000 0.471358
0 1.0 0.081250 0.068740 0.062500 0.111293
0 1.0 0.128125 0.030278 0.084375 0.057283
0 1.0 0.183594 0.319967 0.082812 0.201309
0 1.0 0.642188 0.290507 0.259375 0.135843
0 1.0 0.617188 0.306874 0.053125 0.090016
0 1.0 0.876563 0.268412 0.093750 0.166939
0 1.0 0.344531 0.313421 0.085938 0.184943
0 1.0 0.385156 0.290507 0.107813 0.080196
0 1.0 0.353906 0.291326 0.257812 0.147300
0 1.0 0.319531 0.311784 0.051562 0.080196
0 1.0 0.239844 0.319149 0.048438 0.094926
0 1.0 0.294531 0.308511 0.092188 0.142390
0 1.0 0.564844 0.284779 0.160938 0.189853
0 1.0 0.510938 0.286416 0.087500 0.137480
0 1.0 0.440625 0.316694 0.071875 0.171849
0 1.0 0.466406 0.288871 0.204687 0.135843
0 1.0 0.481250 0.301146 0.056250 0.088380
0 1.0 0.118750 0.501637 0.134375 0.083470
0 1.0 0.053906 0.499182 0.107813 0.072013
0 1.0 0.050000 0.497545 0.100000 0.176759
0 1.0 0.297656 0.517185 0.104688 0.134206
0 1.0 0.557031 0.480360 0.279687 0.302782
0 1.0 0.239063 0.504092 0.187500 0.098200
0 1.0 0.224219 0.494272 0.260937 0.261866
0 1.0 0.388281 0.500000 0.201563 0.106383
0 1.0 0.393750 0.504092 0.103125 0.235679
0 1.0 0.134375 0.499182 0.190625 0.206219
0 1.0 0.762500 0.445172 0.293750 0.166939
0 1.0 0.748437 0.415712 0.296875 0.346972
0 1.0 0.706250 0.405892 0.121875 0.288052
0 1.0 0.973437 0.444354 0.053125 0.076923
0 1.0 0.887500 0.445172 0.225000 0.114566
0 1.0 0.682031 0.438625 0.198437 0.111293
0 1.0 0.667969 0.438625 0.114062 0.196399
0 1.0 0.601562 0.450082 0.146875 0.242226
0 1.0 0.814844 0.447627 0.051562 0.057283
0 1.0 0.870313 0.436170 0.093750 0.302782
0 1.0 0.764062 0.418985 0.115625 0.245499
0 1.0 0.712500 0.498363 0.328125 0.152209
0 1.0 0.629687 0.500818 0.212500 0.124386
0 1.0 0.888281 0.501637 0.223438 0.126023
0 1.0 0.342187 0.517185 0.100000 0.196399
0 1.0 0.336719 0.505728 0.232813 0.284779
0 1.0 0.263281 0.510638 0.060937 0.072013
0 1.0 0.549219 0.499182 0.107813 0.173486
0 1.0 0.508594 0.501637 0.145313 0.116203
0 1.0 0.495312 0.518003 0.112500 0.224223
0 1.0 0.960938 0.434534 0.068750 0.227496
0 1.0 0.725000 0.373159 0.268750 0.140753
0 1.0 0.619531 0.441899 0.273438 0.160393
0 1.0 0.675781 0.363339 0.279687 0.271686
0 1.0 0.625781 0.379705 0.220312 0.117840
0 1.0 0.899219 0.393617 0.201563 0.155483
0 1.0 0.882812 0.382160 0.234375 0.361702
0 1.0 0.805469 0.388707 0.220312 0.116203
0 1.0 0.177344 0.454173 0.082812 0.076923
0 1.0 0.142187 0.464812 0.053125 0.137480
0 1.0 0.412500 0.394435 0.275000 0.124386
0 1.0 0.346875 0.400982 0.159375 0.196399
0 1.0 0.556250 0.390344 0.143750 0.299509
0 1.0 0.511719 0.389525 0.273438 0.163666
0 1.0 0.437500 0.412439 0.106250 0.268412
0 1.0 0.403906 0.448445 0.232813 0.114566
0 1.0 0.399219 0.444354 0.229687 0.286416
0 1.0 0.345313 0.490998 0.059375 0.153846
0 1.0 0.290625 0.453355 0.215625 0.140753
0 1.0 0.288281 0.505728 0.048438 0.124386
0 1.0 0.592187 0.441899 0.106250 0.088380
0 1.0 0.316406 0.453355 0.035937 0.055646
0 1.0 0.514844 0.444354 0.129688 0.103110
0 1.0 0.440625 0.459083 0.068750 0.162029
0 1.0 0.487500 0.450082 0.040625 0.058920
0 1.0 0.103906 0.452537 0.185938 0.119476
0 1.0 0.078125 0.449264 0.034375 0.047463
0 1.0 0.051562 0.451718 0.084375 0.085106
0 1.0 0.308594 0.480360 0.060937 0.093290
0 1.0 0.240625 0.493453 0.071875 0.165303
0 1.0 0.257812 0.451718 0.090625 0.072013
0 1.0 0.187500 0.468085 0.071875 0.157119
0 1.0 0.223438 0.456628 0.103125 0.081833
0 1.0 0.128125 0.450082 0.087500 0.072013
0 1.0 0.175781 0.112930 0.301563 0.225859
0 1.0 0.614062 0.824059 0.253125 0.211129
0 1.0 0.690625 0.645663 0.484375 0.492635
0 1.0 0.617188 0.662848 0.578125 0.252046
0 1.0 0.070312 0.134206 0.131250 0.268412
0 1.0 0.873437 0.118658 0.115625 0.194763
0 1.0 0.071094 0.121931 0.142187 0.112930
0 1.0 0.962500 0.134206 0.053125 0.150573
0 1.0 0.930469 0.076105 0.139063 0.112930
0 1.0 0.275781 0.126023 0.173437 0.111293
0 1.0 0.234375 0.122750 0.131250 0.245499
0 1.0 0.227344 0.677578 0.451562 0.458265
0 1.0 0.499219 0.123568 0.192188 0.191489
0 1.0 0.457031 0.125205 0.179688 0.129296
0 1.0 0.395313 0.126023 0.128125 0.252046
0 1.0 0.447656 0.143208 0.089063 0.171849
0 1.0 0.343750 0.650573 0.578125 0.243863
0 1.0 0.344531 0.130933 0.107813 0.225859
0 1.0 0.346094 0.118658 0.273438 0.152209
0 1.0 0.291406 0.130115 0.110937 0.198036
0 1.0 0.179688 0.121113 0.121875 0.242226
0 1.0 0.666406 0.146481 0.064062 0.126023
0 1.0 0.678906 0.076923 0.310937 0.124386
0 1.0 0.603906 0.125205 0.073438 0.168576
0 1.0 0.810156 0.103928 0.329688 0.207856
0 1.0 0.765625 0.147300 0.093750 0.157119
0 1.0 0.553906 0.115385 0.085938 0.194763
0 1.0 0.557813 0.079378 0.284375 0.129296
0 1.0 0.496875 0.812602 0.475000 0.325696
0 1.0 0.298438 0.844517 0.596875 0.196399
0 1.0 0.647656 0.738134 0.223438 0.458265
0 1.0 0.821094 0.149755 0.070312 0.090016
0 1.0 0.920312 0.120295 0.125000 0.240589
0 1.0 0.719531 0.149755 0.076563 0.132570
0 1.0 0.679688 0.763502 0.600000 0.227496
0 1.0 0.053906 0.178396 0.107813 0.078560
0 1.0 0.211719 0.180851 0.220312 0.099836
0 1.0 0.187500 0.179214 0.043750 0.063830
0 1.0 0.120313 0.166121 0.146875 0.332242
0 1.0 0.638281 0.445990 0.482812 0.538462
0 1.0 0.592187 0.452537 0.578125 0.240589
0 1.0 0.128125 0.167758 0.231250 0.148936
0 1.0 0.482031 0.449264 0.404687 0.433715
0 1.0 0.332813 0.445172 0.578125 0.222586
0 1.0 0.412500 0.178396 0.275000 0.094926
0 1.0 0.398438 0.157119 0.265625 0.274959
0 1.0 0.470313 0.345336 0.568750 0.222586
0 1.0 0.388281 0.179214 0.145313 0.073650
0 1.0 0.783594 0.245499 0.432812 0.235679
0 1.0 0.821094 0.283961 0.232813 0.535188
0 1.0 0.261719 0.347791 0.523438 0.230769
0 1.0 0.316406 0.182488 0.220312 0.080196
0 1.0 0.281250 0.159574 0.290625 0.260229
0 1.0 0.310156 0.189034 0.051562 0.067103
0 1.0 0.473438 0.192308 0.062500 0.083470
0 1.0 0.492188 0.550736 0.600000 0.230769
0 1.0 0.682813 0.129296 0.287500 0.160393
0 1.0 0.616406 0.130933 0.279687 0.242226
0 1.0 0.813281 0.189853 0.092188 0.150573
0 1.0 0.817187 0.122750 0.187500 0.130933
0 1.0 0.741406 0.501637 0.517188 0.302782
0 1.0 0.539062 0.626023 0.437500 0.597381
0 1.0 0.558594 0.063830 0.073438 0.104746
0 1.0 0.564844 0.039280 0.167187 0.078560
0 1.0 0.409375 0.033552 0.246875 0.067103
0 1.0 0.403125 0.058101 0.150000 0.116203
0 1.0 0.504687 0.070376 0.071875 0.140753
0 1.0 0.524219 0.030278 0.129688 0.060556
0 1.0 0.450000 0.056465 0.056250 0.099836
0 1.0 0.486719 0.028642 0.070312 0.054010
0 1.0 0.444531 0.083470 0.251563 0.166939
0 1.0 0.462500 0.058920 0.128125 0.117840
0 1.0 0.724219 0.054010 0.126562 0.094926
0 1.0 0.665625 0.078560 0.053125 0.088380
0 1.0 0.697656 0.029460 0.139063 0.058920
0 1.0 0.673438 0.055646 0.115625 0.091653
0 1.0 0.648438 0.028642 0.115625 0.057283
0 1.0 0.608594 0.058920 0.051562 0.075286
0 1.0 0.131250 0.491817 0.262500 0.862520
0 1.0 0.211719 0.499182 0.423438 0.379705
0 1.0 0.618750 0.052373 0.112500 0.098200
0 1.0 0.174219 0.034370 0.148438 0.068740
0 1.0 0.496875 0.261047 0.993750 0.472995
0 1.0 0.295312 0.059738 0.146875 0.119476
0 1.0 0.242188 0.035188 0.212500 0.070376
0 1.0 0.664844 0.177578 0.670312 0.355155
0 1.0 0.730469 0.876432 0.539062 0.247136
0 1.0 0.345313 0.065466 0.078125 0.130933
0 1.0 0.328906 0.029460 0.085938 0.058920
0 1.0 0.221875 0.923895 0.443750 0.152209
0 1.0 0.960156 0.075286 0.035937 0.078560
0 1.0 0.936719 0.034370 0.126562 0.068740
0 1.0 0.560156 0.918167 0.610938 0.163666
0 1.0 0.273438 0.075286 0.328125 0.144026
0 1.0 0.368750 0.117840 0.737500 0.235679
0 1.0 0.711719 0.241408 0.304688 0.482815
0 1.0 0.884375 0.041735 0.159375 0.083470
0 1.0 0.878906 0.078560 0.057813 0.088380
0 1.0 0.839844 0.034370 0.101562 0.058920
0 1.0 0.832812 0.924714 0.334375 0.150573
0 1.0 0.821094 0.078560 0.048438 0.081833
0 1.0 0.028906 0.092471 0.057813 0.184943
0 1.0 0.050000 0.079378 0.100000 0.116203
0 1.0 0.831250 0.060556 0.037500 0.045827
0 1.0 0.831250 0.058101 0.125000 0.093290
0 1.0 0.766406 0.069558 0.057813 0.093290
0 1.0 0.784375 0.031915 0.215625 0.063830
0 1.0 0.775781 0.053191 0.045312 0.054010
0 1.0 0.772656 0.054010 0.139063 0.098200
0 1.0 0.721875 0.072831 0.053125 0.086743
0 1.0 0.730469 0.058920 0.039062 0.049100
0 1.0 0.501563 0.236498 0.287500 0.472995
0 1.0 0.136719 0.930442 0.073438 0.122750
0 1.0 0.425000 0.918985 0.275000 0.090016
0 1.0 0.396875 0.923077 0.106250 0.150573
0 1.0 0.437500 0.923077 0.106250 0.078560
0 1.0 0.410156 0.890344 0.270313 0.219313
0 1.0 0.121875 0.925532 0.228125 0.103110
0 1.0 0.092188 0.920622 0.078125 0.126023
0 1.0 0.023438 0.935352 0.046875 0.129296
0 1.0 0.069531 0.928805 0.092188 0.063830
0 1.0 0.078906 0.935352 0.032813 0.050736
0 1.0 0.073438 0.896072 0.146875 0.207856
0 1.0 0.960156 0.886252 0.023438 0.050736
0 1.0 0.307031 0.932897 0.095312 0.111293
0 1.0 0.272656 0.923895 0.245312 0.090016
0 1.0 0.570312 0.914894 0.240625 0.117840
0 1.0 0.565625 0.882160 0.318750 0.235679
0 1.0 0.489844 0.922259 0.101562 0.155483
0 1.0 0.188281 0.940262 0.064062 0.119476
0 1.0 0.822656 0.870704 0.176563 0.163666
0 1.0 0.769531 0.873977 0.051562 0.094926
0 1.0 0.740625 0.865794 0.353125 0.130933
0 1.0 0.720313 0.864975 0.053125 0.093290
0 1.0 0.232813 0.939444 0.068750 0.121113
0 1.0 0.937500 0.874795 0.125000 0.096563
0 1.0 0.952344 0.900164 0.045312 0.078560
0 1.0 0.919531 0.855974 0.160938 0.261866
0 1.0 0.671875 0.887889 0.040625 0.063830
0 1.0 0.923438 0.855155 0.075000 0.168576
0 1.0 0.883594 0.882160 0.232813 0.121113
0 1.0 0.799219 0.882160 0.114062 0.078560
0 1.0 0.892969 0.882979 0.035937 0.076923
0 1.0 0.857812 0.890344 0.053125 0.058920
0 1.0 0.882031 0.855155 0.048438 0.099836
0 1.0 0.168750 0.959902 0.037500 0.040917
0 1.0 0.833594 0.922259 0.142187 0.132570
0 1.0 0.763281 0.915712 0.092188 0.168576
0 1.0 0.714063 0.900982 0.109375 0.198036
0 1.0 0.696875 0.918167 0.334375 0.104746
0 1.0 0.922656 0.926350 0.154688 0.127660
0 1.0 0.953125 0.942717 0.075000 0.114566
0 1.0 0.304688 0.962357 0.028125 0.036007
0 1.0 0.267188 0.955810 0.103125 0.078560
0 1.0 0.872656 0.909165 0.098437 0.181669
0 1.0 0.141406 0.962357 0.095312 0.075286
0 1.0 0.492188 0.924714 0.084375 0.065466
0 1.0 0.658594 0.920622 0.073438 0.119476
0 1.0 0.339844 0.925532 0.089063 0.148936
0 1.0 0.658594 0.905892 0.182812 0.158756
0 1.0 0.607812 0.905074 0.106250 0.189853
0 1.0 0.560156 0.918985 0.104688 0.162029
0 1.0 0.830469 0.935352 0.054688 0.103110
0 1.0 0.056250 0.887070 0.081250 0.124386
0 1.0 0.935156 0.814239 0.129688 0.099836
0 1.0 0.955469 0.848609 0.073438 0.145663
0 1.0 0.877344 0.812602 0.245312 0.129296
0 1.0 0.153125 0.878887 0.225000 0.121113
0 1.0 0.142187 0.893617 0.040625 0.085106
0 1.0 0.167187 0.882160 0.087500 0.108020
0 1.0 0.825000 0.819967 0.087500 0.176759
0 1.0 0.807813 0.810147 0.325000 0.274959
0 1.0 0.801562 0.818331 0.156250 0.094926
0 1.0 0.425000 0.818331 0.112500 0.117840
0 1.0 0.596875 0.833879 0.100000 0.194763
0 1.0 0.341406 0.816694 0.242188 0.124386
0 1.0 0.354687 0.822422 0.118750 0.112930
0 1.0 0.846875 0.824877 0.068750 0.078560
0 1.0 0.493750 0.833879 0.128125 0.234043
0 1.0 0.452344 0.833879 0.101562 0.191489
0 1.0 0.465625 0.876432 0.228125 0.112930
0 1.0 0.454688 0.882979 0.065625 0.080196
0 1.0 0.496875 0.880524 0.050000 0.065466
0 1.0 0.346094 0.891980 0.035937 0.072013
0 1.0 0.356250 0.879705 0.159375 0.090016
0 1.0 0.374219 0.885434 0.064062 0.068740
0 1.0 0.303125 0.905074 0.021875 0.049100
0 1.0 0.608594 0.864157 0.042188 0.081833
0 1.0 0.564063 0.892799 0.043750 0.076923
0 1.0 0.450781 0.867430 0.032813 0.049100
0 1.0 0.840625 0.892799 0.025000 0.054010
0 1.0 0.825781 0.864157 0.039062 0.078560
0 1.0 0.410156 0.882979 0.054688 0.093290
0 1.0 0.088281 0.877250 0.042188 0.114566
0 1.0 0.160156 0.882160 0.042188 0.072013
0 1.0 0.260937 0.885434 0.168750 0.081833
0 1.0 0.078906 0.878069 0.076563 0.063830
0 1.0 0.028125 0.890344 0.053125 0.124386
0 1.0 0.102344 0.883797 0.017188 0.042553
0 1.0 0.319531 0.894435 0.023438 0.040917
0 1.0 0.310937 0.894435 0.081250 0.093290
0 1.0 0.238281 0.905074 0.029687 0.072013
0 1.0 0.311719 0.910802 0.029687 0.054010
0 1.0 0.271875 0.882979 0.062500 0.073650
0 1.0 0.197656 0.905074 0.026562 0.072013
0 1.0 0.206250 0.884615 0.096875 0.093290
0 1.0 0.232031 0.879705 0.142187 0.142390
0 1.0 0.079687 0.216039 0.159375 0.258592
0 1.0 0.185156 0.247954 0.073438 0.194763
0 1.0 0.189844 0.242226 0.304688 0.117840
0 1.0 0.068750 0.233224 0.137500 0.103110
0 1.0 0.934375 0.178396 0.131250 0.114566
0 1.0 0.952344 0.195581 0.089063 0.227496
0 1.0 0.851562 0.177578 0.246875 0.126023
0 1.0 0.264062 0.243863 0.528125 0.232406
0 1.0 0.234375 0.238134 0.206250 0.211129
0 1.0 0.395313 0.252046 0.096875 0.255319
0 1.0 0.412500 0.240589 0.268750 0.101473
0 1.0 0.435156 0.247954 0.104688 0.086743
0 1.0 0.349219 0.243863 0.107813 0.186579
0 1.0 0.234375 0.243863 0.090625 0.183306
0 1.0 0.291406 0.247954 0.073438 0.165303
0 1.0 0.291406 0.254501 0.076563 0.063830
0 1.0 0.559375 0.194763 0.143750 0.176759
0 1.0 0.507812 0.208674 0.087500 0.198036
0 1.0 0.527344 0.182488 0.204687 0.090016
0 1.0 0.713281 0.221768 0.154688 0.227496
0 1.0 0.663281 0.230769 0.117188 0.232406
0 1.0 0.716406 0.184124 0.160938 0.096563
0 1.0 0.444531 0.211948 0.070312 0.162029
0 1.0 0.657813 0.184943 0.156250 0.091653
0 1.0 0.610938 0.216858 0.081250 0.165303
0 1.0 0.470313 0.247136 0.600000 0.219313
0 1.0 0.772656 0.188216 0.289062 0.166939
0 1.0 0.775000 0.212766 0.156250 0.183306
0 1.0 0.517188 0.969722 0.087500 0.060556
0 1.0 0.447656 0.961538 0.054688 0.076923
0 1.0 0.483594 0.966448 0.023438 0.031097
0 1.0 0.474219 0.965630 0.042188 0.045827
0 1.0 0.466406 0.972995 0.082812 0.054010
0 1.0 0.443750 0.963175 0.040625 0.037643
0 1.0 0.682031 0.963993 0.045312 0.042553
0 1.0 0.657031 0.958265 0.126562 0.083470
0 1.0 0.369531 0.959902 0.023438 0.031097
0 1.0 0.341406 0.954173 0.076563 0.065466
0 1.0 0.920312 0.963175 0.125000 0.070376
0 1.0 0.608594 0.943535 0.060937 0.112930
0 1.0 0.642188 0.961538 0.037500 0.040917
0 1.0 0.605469 0.964812 0.035937 0.037643
0 1.0 0.585156 0.959083 0.073438 0.062193
0 1.0 0.828125 0.961538 0.125000 0.076923
0 1.0 0.764844 0.951718 0.070312 0.096563
0 1.0 0.209375 0.960720 0.034375 0.039280
0 1.0 0.432031 0.958265 0.054688 0.054010
0 1.0 0.407813 0.965630 0.087500 0.068740
0 1.0 0.097656 0.961538 0.092188 0.076923
0 1.0 0.087500 0.963175 0.025000 0.034370
0 1.0 0.074219 0.960720 0.042188 0.052373
0 1.0 0.050781 0.960720 0.089063 0.078560
0 1.0 0.296875 0.956628 0.053125 0.057283
0 1.0 0.539844 0.966448 0.026562 0.031097
0 1.0 0.258594 0.959902 0.035937 0.037643
0 1.0 0.209375 0.953355 0.137500 0.086743
0 1.0 0.197656 0.970540 0.070312 0.058920
0 1.0 0.495312 0.955810 0.075000 0.088380
0 1.0 0.639062 0.241408 0.246875 0.129296
0 1.0 0.610938 0.284779 0.078125 0.147300
0 1.0 0.625000 0.252864 0.290625 0.279869
0 1.0 0.521094 0.240589 0.282813 0.134206
0 1.0 0.649219 0.079378 0.589063 0.158756
0 1.0 0.441406 0.257774 0.054688 0.132570
0 1.0 0.441406 0.251227 0.110937 0.188216
0 1.0 0.496875 0.250409 0.071875 0.078560
0 1.0 0.453906 0.238134 0.251563 0.270049
0 1.0 0.796875 0.963175 0.084375 0.050736
0 1.0 0.772656 0.955810 0.164062 0.088380
0 1.0 0.714844 0.939444 0.079687 0.121113
0 1.0 0.725781 0.964812 0.064062 0.047463
0 1.0 0.971875 0.959902 0.050000 0.080196
0 1.0 0.849219 0.959902 0.048438 0.044190
0 1.0 0.878125 0.956628 0.084375 0.086743
0 1.0 0.759375 0.722586 0.231250 0.499182
0 1.0 0.071875 0.360065 0.143750 0.680851
0 1.0 0.846094 0.533552 0.189062 0.667758
0 1.0 0.554688 0.738953 0.234375 0.417349
0 1.0 0.355469 0.746318 0.407813 0.346972
0 1.0 0.341406 0.733224 0.210938 0.490998
0 1.0 0.078125 0.639116 0.156250 0.610475
0 1.0 0.240625 0.266776 0.231250 0.533552
0 1.0 0.346094 0.261866 0.210938 0.523732
0 1.0 0.330469 0.345336 0.442188 0.425532
0 1.0 0.807813 0.479542 0.384375 0.618658