0 1.0 0.411719 0.514118 0.554688 0.774118
0 1.0 0.527344 0.623529 0.270313 0.381176
0 1.0 0.220312 0.600000 0.246875 0.112941
0 1.0 0.264062 0.604706 0.043750 0.070588
0 1.0 0.544531 0.598824 0.082812 0.091765
0 1.0 0.186719 0.640000 0.135937 0.263529
0 1.0 0.174219 0.625882 0.242188 0.348235
0 1.0 0.132031 0.660000 0.076563 0.209412
0 1.0 0.143750 0.601176 0.178125 0.101176
0 1.0 0.245312 0.657647 0.084375 0.218824
0 1.0 0.500000 0.607059 0.040625 0.065882
0 1.0 0.441406 0.602353 0.185938 0.221176
0 1.0 0.391406 0.612941 0.151562 0.345882
0 1.0 0.382031 0.601176 0.264062 0.129412
0 1.0 0.411719 0.602353 0.073438 0.094118
0 1.0 0.633594 0.629412 0.226562 0.360000
0 1.0 0.329688 0.603529 0.028125 0.049412
0 1.0 0.604688 0.592941 0.250000 0.127059
0 1.0 0.276562 0.635294 0.109375 0.277647
0 1.0 0.902344 0.563529 0.195312 0.289412
0 1.0 0.870313 0.576471 0.100000 0.249412
0 1.0 0.814844 0.556471 0.032813 0.054118
0 1.0 0.834375 0.560000 0.071875 0.080000
0 1.0 0.814063 0.576471 0.106250 0.272941
0 1.0 0.809375 0.550588 0.209375 0.117647
0 1.0 0.082031 0.634118 0.079687 0.176471
0 1.0 0.116406 0.604706 0.057813 0.075294
0 1.0 0.878125 0.576471 0.065625 0.145882
0 1.0 0.132031 0.612941 0.189062 0.214118
0 1.0 0.030469 0.648235 0.060937 0.214118
0 1.0 0.946875 0.558824 0.106250 0.162353
0 1.0 0.058594 0.605882 0.029687 0.049412
0 1.0 0.067187 0.605882 0.134375 0.275294
0 1.0 0.965625 0.611765 0.037500 0.103529
0 1.0 0.961719 0.549412 0.076563 0.091765
0 1.0 0.045312 0.600000 0.090625 0.070588
0 1.0 0.953125 0.604706 0.093750 0.122353
0 1.0 0.886719 0.601176 0.226562 0.124706
0 1.0 0.190625 0.709412 0.096875 0.270588
0 1.0 0.201563 0.660000 0.162500 0.115294
0 1.0 0.773438 0.634118 0.071875 0.152941
0 1.0 0.799219 0.607059 0.029687 0.051765
0 1.0 0.842187 0.610588 0.031250 0.054118
0 1.0 0.800000 0.601176 0.225000 0.115294
0 1.0 0.075781 0.703529 0.070312 0.207059
0 1.0 0.102344 0.663529 0.204687 0.108235
0 1.0 0.124219 0.669412 0.076563 0.087059
0 1.0 0.960156 0.650588 0.057813 0.115294
0 1.0 0.336719 0.655294 0.176563 0.162353
0 1.0 0.060937 0.668235 0.031250 0.056471
0 1.0 0.605469 0.596471 0.054688 0.087059
0 1.0 0.821875 0.614118 0.243750 0.305882
0 1.0 0.768750 0.631765 0.103125 0.242353
0 1.0 0.435937 0.654118 0.096875 0.272941
0 1.0 0.047656 0.663529 0.095312 0.075294
0 1.0 0.708594 0.625882 0.126562 0.296471
0 1.0 0.646094 0.612941 0.107813 0.360000
0 1.0 0.924219 0.500000 0.142187 0.200000
0 1.0 0.824219 0.508235 0.042188 0.051765
0 1.0 0.878125 0.516471 0.065625 0.157647
0 1.0 0.836719 0.511765 0.098437 0.082353
0 1.0 0.716406 0.595294 0.070312 0.160000
0 1.0 0.112500 0.552941 0.181250 0.094118
0 1.0 0.771094 0.538824 0.076563 0.183529
0 1.0 0.778125 0.503529 0.228125 0.108235
0 1.0 0.778125 0.542353 0.046875 0.105882
0 1.0 0.343750 0.555294 0.162500 0.352941
0 1.0 0.350781 0.550588 0.260937 0.141176
0 1.0 0.044531 0.552941 0.089063 0.070588
0 1.0 0.039062 0.560000 0.078125 0.249412
0 1.0 0.963281 0.555294 0.035937 0.098824
0 1.0 0.957812 0.500000 0.084375 0.091765
0 1.0 0.243750 0.581176 0.100000 0.244706
0 1.0 0.238281 0.548235 0.201563 0.141176
0 1.0 0.245312 0.563529 0.275000 0.317647
0 1.0 0.542188 0.497647 0.278125 0.143529
0 1.0 0.557031 0.501176 0.154688 0.272941
0 1.0 0.817969 0.527059 0.076563 0.164706
0 1.0 0.507031 0.481176 0.135937 0.284706
0 1.0 0.769531 0.505882 0.229687 0.301176
0 1.0 0.438281 0.514118 0.079687 0.247059
0 1.0 0.490625 0.501176 0.159375 0.112941
0 1.0 0.721875 0.544706 0.053125 0.120000
0 1.0 0.709375 0.509412 0.228125 0.148235
0 1.0 0.635938 0.491765 0.225000 0.296471
0 1.0 0.567187 0.548235 0.278125 0.145882
0 1.0 0.461719 0.549412 0.264062 0.134118
0 1.0 0.471875 0.552941 0.103125 0.117647
0 1.0 0.181250 0.552941 0.146875 0.207059
0 1.0 0.135937 0.582353 0.087500 0.176471
0 1.0 0.286719 0.554118 0.123438 0.105882
0 1.0 0.276562 0.768235 0.131250 0.294118
0 1.0 0.238281 0.781176 0.232813 0.108235
0 1.0 0.301563 0.792941 0.021875 0.047059
0 1.0 0.964063 0.765882 0.053125 0.181176
0 1.0 0.955469 0.712941 0.089063 0.098824
0 1.0 0.235937 0.672941 0.168750 0.249412
0 1.0 0.919531 0.730588 0.123438 0.345882
0 1.0 0.886719 0.714118 0.226562 0.129412
0 1.0 0.185938 0.762353 0.243750 0.324706
0 1.0 0.194531 0.781176 0.129688 0.192941
0 1.0 0.437500 0.771765 0.137500 0.268235
0 1.0 0.500000 0.789412 0.031250 0.063529
0 1.0 0.057031 0.769412 0.114062 0.070588
0 1.0 0.072656 0.803529 0.089063 0.237647
0 1.0 0.128125 0.771765 0.256250 0.112941
0 1.0 0.147656 0.782353 0.060937 0.077647
0 1.0 0.108594 0.781176 0.217188 0.296471
0 1.0 0.028125 0.811765 0.056250 0.192941
0 1.0 0.179688 0.784706 0.078125 0.096471
0 1.0 0.706250 0.703529 0.203125 0.268235
0 1.0 0.653906 0.710588 0.273438 0.136471
0 1.0 0.135156 0.792941 0.101562 0.244706
0 1.0 0.873437 0.728235 0.121875 0.317647
0 1.0 0.808594 0.721176 0.042188 0.054118
0 1.0 0.870313 0.731765 0.021875 0.042353
0 1.0 0.551562 0.712941 0.284375 0.127059
0 1.0 0.584375 0.721176 0.090625 0.101176
0 1.0 0.814063 0.716471 0.121875 0.345882
0 1.0 0.764844 0.715294 0.154688 0.127059
0 1.0 0.079687 0.780000 0.025000 0.044706
0 1.0 0.942187 0.763529 0.115625 0.110588
0 1.0 0.650781 0.772941 0.279687 0.152941
0 1.0 0.637500 0.725882 0.143750 0.331765
0 1.0 0.882812 0.781176 0.028125 0.056471
0 1.0 0.860938 0.774118 0.234375 0.296471
0 1.0 0.827344 0.771765 0.070312 0.075294
0 1.0 0.162500 0.821176 0.300000 0.127059
0 1.0 0.194531 0.827059 0.051562 0.082353
0 1.0 0.824219 0.765882 0.310937 0.138824
0 1.0 0.769531 0.749412 0.123438 0.327059
0 1.0 0.338281 0.775294 0.142187 0.294118
0 1.0 0.344531 0.775294 0.220312 0.120000
0 1.0 0.359375 0.783529 0.106250 0.108235
0 1.0 0.568750 0.715294 0.175000 0.338824
0 1.0 0.526563 0.776471 0.278125 0.145882
0 1.0 0.306250 0.783529 0.118750 0.178824
0 1.0 0.294531 0.782353 0.045312 0.072941
0 1.0 0.486719 0.758824 0.132812 0.289412
0 1.0 0.454688 0.791765 0.037500 0.068235
0 1.0 0.799219 0.664706 0.035937 0.054118
0 1.0 0.564063 0.651765 0.246875 0.122353
0 1.0 0.595313 0.655294 0.078125 0.101176
0 1.0 0.817969 0.657647 0.270313 0.124706
0 1.0 0.052344 0.715294 0.104688 0.070588
0 1.0 0.068750 0.722353 0.028125 0.047059
0 1.0 0.700781 0.655294 0.289062 0.134118
0 1.0 0.041406 0.744706 0.082812 0.223529
0 1.0 0.307031 0.671765 0.029687 0.063529
0 1.0 0.309375 0.677647 0.256250 0.367059
0 1.0 0.276562 0.668235 0.056250 0.094118
0 1.0 0.390625 0.497647 0.275000 0.129412
0 1.0 0.443750 0.660000 0.250000 0.120000
0 1.0 0.487500 0.667059 0.046875 0.072941
0 1.0 0.439844 0.671765 0.279687 0.374118
0 1.0 0.419531 0.662353 0.079687 0.105882
0 1.0 0.349219 0.717647 0.135937 0.131765
0 1.0 0.311719 0.722353 0.026562 0.051765
0 1.0 0.251563 0.709412 0.215625 0.110588
0 1.0 0.279687 0.717647 0.059375 0.089412
0 1.0 0.399219 0.728235 0.123438 0.322353
0 1.0 0.375000 0.714118 0.315625 0.129412
0 1.0 0.435156 0.727059 0.048438 0.075294
0 1.0 0.945312 0.670588 0.109375 0.174118
0 1.0 0.878125 0.688235 0.078125 0.176471
0 1.0 0.852344 0.671765 0.026562 0.049412
0 1.0 0.500781 0.727059 0.032813 0.061176
0 1.0 0.133594 0.715294 0.254688 0.127059
0 1.0 0.164062 0.723529 0.081250 0.101176
0 1.0 0.129688 0.721176 0.075000 0.087059
0 1.0 0.769531 0.303529 0.095312 0.258824
0 1.0 0.771875 0.289412 0.193750 0.112941
0 1.0 0.779687 0.305882 0.034375 0.094118
0 1.0 0.031250 0.345882 0.059375 0.216471
0 1.0 0.053906 0.349412 0.051562 0.110588
0 1.0 0.064844 0.325882 0.129688 0.256471
0 1.0 0.716406 0.278824 0.217188 0.275294
0 1.0 0.664062 0.297647 0.078125 0.214118
0 1.0 0.669531 0.285882 0.167187 0.105882
0 1.0 0.675781 0.284706 0.032813 0.080000
0 1.0 0.728906 0.290588 0.035937 0.096471
0 1.0 0.929688 0.283529 0.140625 0.265882
0 1.0 0.957812 0.285882 0.084375 0.143529
0 1.0 0.883594 0.287059 0.232813 0.127059
0 1.0 0.175781 0.323529 0.251563 0.270588
0 1.0 0.818750 0.294118 0.175000 0.216471
0 1.0 0.142187 0.349412 0.065625 0.232941
0 1.0 0.834375 0.297647 0.034375 0.087059
0 1.0 0.192969 0.343529 0.092188 0.178824
0 1.0 0.469531 0.301176 0.260937 0.301176
0 1.0 0.476562 0.288235 0.093750 0.162353
0 1.0 0.387500 0.290588 0.087500 0.294118
0 1.0 0.390625 0.287059 0.284375 0.141176
0 1.0 0.600000 0.312941 0.112500 0.254118
0 1.0 0.345313 0.275294 0.096875 0.315294
0 1.0 0.363281 0.291765 0.095312 0.089412
0 1.0 0.598437 0.288235 0.065625 0.120000
0 1.0 0.586719 0.287059 0.248438 0.169412
0 1.0 0.296875 0.268235 0.109375 0.291765
0 1.0 0.875000 0.276471 0.106250 0.294118
0 1.0 0.854688 0.289412 0.075000 0.075294
0 1.0 0.886719 0.261176 0.035937 0.094118
0 1.0 0.553125 0.297647 0.146875 0.294118
0 1.0 0.719531 0.297647 0.089063 0.251765
0 1.0 0.493750 0.291765 0.143750 0.244706
0 1.0 0.435937 0.337647 0.043750 0.152941
0 1.0 0.725781 0.340000 0.264062 0.120000
0 1.0 0.726562 0.356471 0.046875 0.124706
0 1.0 0.407031 0.341176 0.310937 0.145882
0 1.0 0.294531 0.343529 0.204687 0.131765
0 1.0 0.339062 0.338824 0.225000 0.310588
0 1.0 0.642969 0.336471 0.254688 0.291765
0 1.0 0.664844 0.341176 0.167187 0.197647
0 1.0 0.585938 0.336471 0.315625 0.145882
0 1.0 0.878125 0.337647 0.062500 0.167059
0 1.0 0.544531 0.355294 0.270313 0.348235
0 1.0 0.079687 0.344706 0.062500 0.232941
0 1.0 0.125000 0.347059 0.156250 0.120000
0 1.0 0.959375 0.310588 0.046875 0.141176
0 1.0 0.221875 0.331765 0.100000 0.268235
0 1.0 0.425781 0.336471 0.107813 0.287059
0 1.0 0.469531 0.348235 0.104688 0.202353
0 1.0 0.428125 0.229412 0.321875 0.138824
0 1.0 0.402344 0.224706 0.173437 0.237647
0 1.0 0.283594 0.295294 0.095312 0.124706
0 1.0 0.602344 0.245882 0.082812 0.162353
0 1.0 0.241406 0.234118 0.289062 0.134118
0 1.0 0.293750 0.237647 0.053125 0.098824
0 1.0 0.262500 0.240000 0.246875 0.334118
0 1.0 0.539062 0.242353 0.253125 0.174118
0 1.0 0.759375 0.241176 0.228125 0.167059
0 1.0 0.188281 0.072941 0.279687 0.145882
0 1.0 0.194531 0.054118 0.098437 0.094118
0 1.0 0.749219 0.552941 0.445312 0.894118
0 1.0 0.553906 0.736471 0.892188 0.470588
0 1.0 0.139844 0.063529 0.070312 0.094118
0 1.0 0.234375 0.242353 0.096875 0.272941
0 1.0 0.441406 0.254118 0.092188 0.249412
0 1.0 0.082812 0.068235 0.068750 0.089412
0 1.0 0.132031 0.038824 0.095312 0.068235
0 1.0 0.097656 0.054118 0.117188 0.108235
0 1.0 0.025000 0.088235 0.037500 0.087059
0 1.0 0.078906 0.034118 0.057813 0.049412
0 1.0 0.058594 0.041176 0.073438 0.058824
0 1.0 0.106250 0.289412 0.146875 0.103529
0 1.0 0.071875 0.301176 0.037500 0.145882
0 1.0 0.257031 0.291765 0.242188 0.127059
0 1.0 0.049219 0.300000 0.076563 0.167059
0 1.0 0.942969 0.230588 0.114062 0.112941
0 1.0 0.040625 0.291765 0.068750 0.070588
0 1.0 0.663281 0.235294 0.270313 0.131765
0 1.0 0.846094 0.237647 0.148438 0.108235
0 1.0 0.825781 0.252941 0.064062 0.171765
0 1.0 0.867969 0.238824 0.229687 0.317647
0 1.0 0.819531 0.449412 0.207813 0.136471
0 1.0 0.508594 0.444706 0.135937 0.108235
0 1.0 0.489063 0.445882 0.225000 0.176471
0 1.0 0.445312 0.449412 0.059375 0.169412
0 1.0 0.441406 0.441176 0.104688 0.223529
0 1.0 0.453906 0.432941 0.251563 0.301176
0 1.0 0.724219 0.468235 0.126562 0.155294
0 1.0 0.649219 0.492941 0.076563 0.214118
0 1.0 0.650781 0.445882 0.254688 0.120000
0 1.0 0.518750 0.448235 0.037500 0.068235
0 1.0 0.825000 0.482353 0.046875 0.108235
0 1.0 0.172656 0.435294 0.107813 0.277647
0 1.0 0.173437 0.436471 0.243750 0.157647
0 1.0 0.136719 0.438824 0.089063 0.322353
0 1.0 0.158594 0.437647 0.123438 0.094118
0 1.0 0.406250 0.441176 0.181250 0.115294
0 1.0 0.078125 0.436471 0.090625 0.327059
0 1.0 0.108594 0.429412 0.167187 0.124706
0 1.0 0.101562 0.437647 0.203125 0.296471
0 1.0 0.053906 0.437647 0.048438 0.061176
0 1.0 0.348438 0.443529 0.134375 0.345882
0 1.0 0.375000 0.444706 0.046875 0.065882
0 1.0 0.349219 0.442353 0.210938 0.155294
0 1.0 0.286719 0.449412 0.120313 0.352941
0 1.0 0.291406 0.445882 0.132812 0.101176
0 1.0 0.227344 0.443529 0.110937 0.289412
0 1.0 0.234375 0.436471 0.265625 0.308235
0 1.0 0.202344 0.497647 0.157812 0.096471
0 1.0 0.170313 0.496471 0.228125 0.150588
0 1.0 0.190625 0.504706 0.071875 0.129412
0 1.0 0.732031 0.491765 0.029687 0.075294
0 1.0 0.098437 0.500000 0.187500 0.120000
0 1.0 0.282813 0.502353 0.121875 0.087059
0 1.0 0.315625 0.502353 0.115625 0.162353
0 1.0 0.846094 0.451765 0.017188 0.032941
0 1.0 0.881250 0.481176 0.040625 0.101176
0 1.0 0.829688 0.455294 0.146875 0.082353
0 1.0 0.860938 0.448235 0.234375 0.294118
0 1.0 0.873437 0.460000 0.153125 0.185882
0 1.0 0.118750 0.498824 0.106250 0.075294
0 1.0 0.800000 0.445882 0.075000 0.063529
0 1.0 0.782031 0.491765 0.029687 0.070588
0 1.0 0.028906 0.470588 0.057813 0.258824
0 1.0 0.043750 0.500000 0.062500 0.058824
0 1.0 0.964844 0.504706 0.029687 0.077647
0 1.0 0.973437 0.447059 0.053125 0.075294
0 1.0 0.927344 0.457647 0.098437 0.157647
0 1.0 0.410156 0.392941 0.201563 0.127059
0 1.0 0.134375 0.389412 0.134375 0.115294
0 1.0 0.063281 0.391765 0.042188 0.110588
0 1.0 0.263281 0.391765 0.073438 0.115294
0 1.0 0.235937 0.391765 0.193750 0.138824
0 1.0 0.542969 0.390588 0.273438 0.136471
0 1.0 0.775000 0.363529 0.050000 0.129412
0 1.0 0.767188 0.334118 0.221875 0.287059
0 1.0 0.050781 0.377647 0.085938 0.171765
0 1.0 0.961719 0.354118 0.029687 0.072941
0 1.0 0.935156 0.342353 0.129688 0.110588
0 1.0 0.663281 0.356471 0.051562 0.138824
0 1.0 0.953906 0.369412 0.051562 0.103529
0 1.0 0.826562 0.358824 0.056250 0.148235
0 1.0 0.829688 0.345882 0.143750 0.103529
0 1.0 0.819531 0.347059 0.101562 0.265882
0 1.0 0.817969 0.344706 0.251563 0.134118
0 1.0 0.826562 0.418824 0.056250 0.141176
0 1.0 0.770312 0.424706 0.078125 0.204706
0 1.0 0.778906 0.429412 0.042188 0.105882
0 1.0 0.717187 0.421176 0.081250 0.221176
0 1.0 0.725000 0.391765 0.193750 0.105882
0 1.0 0.943750 0.394118 0.112500 0.105882
0 1.0 0.957031 0.444706 0.057813 0.108235
0 1.0 0.248438 0.440000 0.093750 0.080000
0 1.0 0.928906 0.394118 0.142187 0.275294
0 1.0 0.871094 0.411765 0.092188 0.249412
0 1.0 0.832812 0.394118 0.131250 0.096471
0 1.0 0.876563 0.418824 0.053125 0.131765
0 1.0 0.725781 0.425882 0.042188 0.112941
0 1.0 0.709375 0.388235 0.234375 0.301176
0 1.0 0.660937 0.434118 0.062500 0.167059
0 1.0 0.607031 0.424706 0.132812 0.350588
0 1.0 0.225000 0.650588 0.450000 0.242353
0 1.0 0.073438 0.638824 0.146875 0.609412
0 1.0 0.408594 0.128235 0.242188 0.242353
0 1.0 0.346094 0.151765 0.070312 0.214118
0 1.0 0.349219 0.123529 0.167187 0.138824
0 1.0 0.293750 0.145882 0.078125 0.207059
0 1.0 0.461719 0.130588 0.135937 0.120000
0 1.0 0.235937 0.124706 0.228125 0.207059
0 1.0 0.184375 0.158824 0.096875 0.247059
0 1.0 0.325000 0.127059 0.062500 0.094118
0 1.0 0.235937 0.145882 0.106250 0.240000
0 1.0 0.496094 0.152941 0.120313 0.216471
0 1.0 0.484375 0.131765 0.228125 0.160000
0 1.0 0.439844 0.158824 0.110937 0.232941
0 1.0 0.428125 0.550588 0.500000 0.258824
0 1.0 0.390625 0.155294 0.078125 0.216471
0 1.0 0.789062 0.549412 0.421875 0.218824
0 1.0 0.617188 0.577647 0.362500 0.529412
0 1.0 0.232813 0.754118 0.465625 0.232941
0 1.0 0.528125 0.754118 0.528125 0.232941
0 1.0 0.924219 0.102353 0.151562 0.204706
0 1.0 0.078125 0.152941 0.115625 0.244706
0 1.0 0.121094 0.129412 0.148438 0.141176
0 1.0 0.717969 0.110588 0.070312 0.145882
0 1.0 0.717187 0.078824 0.193750 0.157647
0 1.0 0.869531 0.116471 0.117188 0.232941
0 1.0 0.870313 0.076471 0.131250 0.101176
0 1.0 0.821094 0.120000 0.104688 0.240000
0 1.0 0.824219 0.072941 0.289062 0.141176
0 1.0 0.739062 0.754118 0.509375 0.228235
0 1.0 0.745313 0.701176 0.390625 0.442353
0 1.0 0.134375 0.130588 0.215625 0.228235
0 1.0 0.031250 0.176471 0.056250 0.221176
0 1.0 0.643750 0.648235 0.518750 0.251765
0 1.0 0.057031 0.128235 0.092188 0.082353
0 1.0 0.964844 0.127059 0.045312 0.122353
0 1.0 0.946875 0.076471 0.106250 0.101176
0 1.0 0.428125 0.345882 0.578125 0.244706
0 1.0 0.111719 0.183529 0.145313 0.150588
0 1.0 0.050781 0.184706 0.092188 0.082353
0 1.0 0.815625 0.123529 0.228125 0.171765
0 1.0 0.146875 0.470588 0.259375 0.574118
0 1.0 0.956250 0.155294 0.068750 0.155294
0 1.0 0.735156 0.347059 0.529687 0.214118
0 1.0 0.131250 0.197647 0.128125 0.334118
0 1.0 0.070312 0.343529 0.140625 0.569412
0 1.0 0.786719 0.247059 0.426563 0.216471
0 1.0 0.252344 0.345882 0.457813 0.484706
0 1.0 0.189062 0.183529 0.059375 0.112941
0 1.0 0.627344 0.356471 0.395313 0.482353
0 1.0 0.176563 0.202353 0.290625 0.324706
0 1.0 0.711719 0.150588 0.120313 0.301176
0 1.0 0.719531 0.124706 0.254688 0.131765
0 1.0 0.737500 0.450588 0.525000 0.218824
0 1.0 0.667188 0.150588 0.068750 0.169412
0 1.0 0.657031 0.130588 0.182812 0.223529
0 1.0 0.602344 0.143529 0.104688 0.272941
0 1.0 0.607031 0.123529 0.232813 0.124706
0 1.0 0.552344 0.142353 0.098437 0.247059
0 1.0 0.539844 0.137647 0.260937 0.275294
0 1.0 0.267188 0.575294 0.418750 0.520000
0 1.0 0.265625 0.485882 0.218750 0.642353
0 1.0 0.277344 0.450588 0.554688 0.237647
0 1.0 0.860938 0.125882 0.090625 0.087059
0 1.0 0.528125 0.449412 0.518750 0.225882
0 1.0 0.488281 0.475294 0.276562 0.621176
0 1.0 0.775000 0.145882 0.081250 0.207059
0 1.0 0.521094 0.030588 0.095312 0.061176
0 1.0 0.500000 0.074118 0.059375 0.087059
0 1.0 0.679688 0.032941 0.140625 0.065882
0 1.0 0.671875 0.065882 0.037500 0.070588
0 1.0 0.603125 0.062353 0.059375 0.124706
0 1.0 0.626563 0.029412 0.100000 0.058824
0 1.0 0.769531 0.060000 0.145313 0.120000
0 1.0 0.716406 0.063529 0.060937 0.127059
0 1.0 0.723437 0.055294 0.040625 0.072941
0 1.0 0.321875 0.040000 0.053125 0.051765
0 1.0 0.347656 0.087059 0.060937 0.103529
0 1.0 0.300781 0.044706 0.157812 0.089412
0 1.0 0.346094 0.080000 0.226562 0.160000
0 1.0 0.350000 0.064706 0.103125 0.110588
0 1.0 0.296875 0.094118 0.043750 0.080000
0 1.0 0.334375 0.811765 0.668750 0.376471
0 1.0 0.426563 0.272941 0.853125 0.498824
0 1.0 0.210938 0.038824 0.184375 0.077647
0 1.0 0.306250 0.062353 0.093750 0.096471
0 1.0 0.246094 0.077647 0.051562 0.098824
0 1.0 0.462500 0.067059 0.087500 0.101176
0 1.0 0.745313 0.880000 0.509375 0.240000
0 1.0 0.567187 0.029412 0.096875 0.058824
0 1.0 0.563281 0.056471 0.060937 0.098824
0 1.0 0.389062 0.083529 0.071875 0.162353
0 1.0 0.393750 0.034118 0.165625 0.068235
0 1.0 0.507031 0.056471 0.104688 0.108235
0 1.0 0.446094 0.082353 0.048438 0.089412
0 1.0 0.489844 0.034118 0.048438 0.044706
0 1.0 0.441406 0.089412 0.095312 0.098824
0 1.0 0.607031 0.074118 0.164062 0.138824
0 1.0 0.545312 0.075294 0.171875 0.103529
0 1.0 0.428125 0.083529 0.187500 0.105882
0 1.0 0.171875 0.922353 0.343750 0.155294
0 1.0 0.600781 0.105882 0.073438 0.160000
0 1.0 0.539062 0.845882 0.656250 0.185882
0 1.0 0.496875 0.081176 0.190625 0.143529
0 1.0 0.298438 0.844706 0.596875 0.174118
0 1.0 0.469531 0.123529 0.801562 0.247059
0 1.0 0.365625 0.921176 0.600000 0.157647
0 1.0 0.947656 0.035294 0.104688 0.070588
0 1.0 0.832812 0.923529 0.334375 0.152941
0 1.0 0.956250 0.068235 0.050000 0.084706
0 1.0 0.749219 0.121176 0.501563 0.242353
0 1.0 0.819531 0.067059 0.073438 0.134118
0 1.0 0.821875 0.034118 0.187500 0.068235
0 1.0 0.771094 0.063529 0.064062 0.127059
0 1.0 0.779687 0.055294 0.043750 0.077647
0 1.0 0.879687 0.030588 0.087500 0.061176
0 1.0 0.241406 0.105882 0.085938 0.131765
0 1.0 0.908594 0.045882 0.182812 0.091765
0 1.0 0.137500 0.070588 0.178125 0.103529
0 1.0 0.090625 0.088235 0.181250 0.176471
0 1.0 0.762500 0.868235 0.278125 0.117647
0 1.0 0.785937 0.862353 0.031250 0.068235
0 1.0 0.724219 0.817647 0.035937 0.082353
0 1.0 0.736719 0.844706 0.026562 0.061176
0 1.0 0.951562 0.889412 0.043750 0.084706
0 1.0 0.942187 0.877647 0.115625 0.127059
0 1.0 0.925000 0.860000 0.150000 0.251765
0 1.0 0.668750 0.847059 0.037500 0.075294
0 1.0 0.669531 0.868235 0.164062 0.112941
0 1.0 0.612500 0.807059 0.068750 0.160000
0 1.0 0.261719 0.907059 0.223438 0.129412
0 1.0 0.924219 0.832941 0.073438 0.169412
0 1.0 0.881250 0.829412 0.053125 0.124706
0 1.0 0.799219 0.876471 0.104688 0.082353
0 1.0 0.775000 0.838824 0.046875 0.105882
0 1.0 0.862500 0.883529 0.040625 0.058824
0 1.0 0.075000 0.915294 0.084375 0.169412
0 1.0 0.892969 0.862353 0.035937 0.082353
0 1.0 0.444531 0.843529 0.251563 0.214118
0 1.0 0.707031 0.841176 0.279687 0.247059
0 1.0 0.658594 0.825882 0.042188 0.098824
0 1.0 0.576562 0.865882 0.315625 0.117647
0 1.0 0.350781 0.865882 0.289062 0.127059
0 1.0 0.349219 0.867059 0.082812 0.134118
0 1.0 0.288281 0.855294 0.048438 0.087059
0 1.0 0.289062 0.854118 0.112500 0.141176
0 1.0 0.319531 0.875294 0.042188 0.075294
0 1.0 0.585938 0.838824 0.256250 0.247059
0 1.0 0.567969 0.842353 0.054688 0.103529
0 1.0 0.822656 0.842353 0.039062 0.089412
0 1.0 0.835156 0.872941 0.023438 0.056471
0 1.0 0.525781 0.862353 0.035937 0.072941
0 1.0 0.499219 0.857647 0.051562 0.120000
0 1.0 0.447656 0.832941 0.032813 0.080000
0 1.0 0.446875 0.837647 0.103125 0.183529
0 1.0 0.462500 0.914118 0.315625 0.110588
0 1.0 0.484375 0.914118 0.118750 0.087059
0 1.0 0.466406 0.902353 0.164062 0.157647
0 1.0 0.398438 0.884706 0.115625 0.230588
0 1.0 0.648438 0.894118 0.103125 0.211765
0 1.0 0.235937 0.895294 0.109375 0.190588
0 1.0 0.664844 0.918824 0.273438 0.138824
0 1.0 0.340625 0.891765 0.143750 0.188235
0 1.0 0.609375 0.880000 0.109375 0.240000
0 1.0 0.558594 0.891765 0.126562 0.216471
0 1.0 0.820312 0.921176 0.078125 0.157647
0 1.0 0.118750 0.920000 0.125000 0.098824
0 1.0 0.060937 0.923529 0.121875 0.091765
0 1.0 0.039062 0.911765 0.078125 0.176471
0 1.0 0.058594 0.929412 0.039062 0.061176
0 1.0 0.960938 0.877647 0.025000 0.061176
0 1.0 0.314063 0.908235 0.093750 0.089412
0 1.0 0.191406 0.901176 0.092188 0.197647
0 1.0 0.133594 0.912941 0.082812 0.174118
0 1.0 0.464844 0.830588 0.035937 0.075294
0 1.0 0.360156 0.824706 0.192188 0.120000
0 1.0 0.534375 0.820000 0.140625 0.134118
0 1.0 0.520312 0.831765 0.031250 0.063529
0 1.0 0.719531 0.802353 0.098437 0.207059
0 1.0 0.056250 0.822353 0.112500 0.068235
0 1.0 0.086719 0.831765 0.017188 0.040000
0 1.0 0.293750 0.843529 0.028125 0.058824
0 1.0 0.221094 0.825882 0.101562 0.108235
0 1.0 0.167969 0.830588 0.035937 0.065882
0 1.0 0.134375 0.869412 0.187500 0.105882
0 1.0 0.084375 0.888235 0.043750 0.082353
0 1.0 0.157031 0.874118 0.048438 0.077647
0 1.0 0.089063 0.878824 0.159375 0.167059
0 1.0 0.030469 0.888235 0.032813 0.101176
0 1.0 0.046875 0.872941 0.093750 0.070588
0 1.0 0.078906 0.878824 0.020313 0.044706
0 1.0 0.250000 0.880000 0.053125 0.117647
0 1.0 0.197656 0.864706 0.039062 0.091765
0 1.0 0.211719 0.875294 0.323437 0.127059
0 1.0 0.142969 0.867059 0.029687 0.068235
0 1.0 0.404687 0.836471 0.053125 0.115294
0 1.0 0.439844 0.863529 0.067187 0.089412
0 1.0 0.960938 0.862353 0.050000 0.162353
0 1.0 0.885938 0.812941 0.228125 0.129412
0 1.0 0.796094 0.816471 0.120313 0.089412
0 1.0 0.876563 0.820000 0.109375 0.228235
0 1.0 0.859375 0.824706 0.034375 0.058824
0 1.0 0.769531 0.814118 0.204687 0.150588
0 1.0 0.821094 0.816471 0.082812 0.197647
0 1.0 0.719531 0.183529 0.254688 0.131765
0 1.0 0.916406 0.181176 0.142187 0.216471
0 1.0 0.862500 0.185882 0.150000 0.136471
0 1.0 0.453125 0.194118 0.403125 0.388235
0 1.0 0.253906 0.141176 0.507812 0.230588
0 1.0 0.764062 0.187059 0.121875 0.345882
0 1.0 0.112500 0.234118 0.162500 0.105882
0 1.0 0.349219 0.077647 0.610938 0.155294
0 1.0 0.082031 0.230588 0.164062 0.268235
0 1.0 0.046094 0.234118 0.092188 0.082353
0 1.0 0.038281 0.254118 0.076563 0.310588
0 1.0 0.048438 0.237647 0.043750 0.084706
0 1.0 0.947656 0.963529 0.104688 0.072941
0 1.0 0.285156 0.175294 0.279687 0.138824
0 1.0 0.334375 0.182353 0.237500 0.284706
0 1.0 0.360156 0.250588 0.632812 0.232941
0 1.0 0.369531 0.178824 0.129688 0.103529
0 1.0 0.599219 0.184706 0.235937 0.162353
0 1.0 0.477344 0.184706 0.254688 0.138824
0 1.0 0.208594 0.956471 0.035937 0.040000
0 1.0 0.174219 0.947059 0.092188 0.082353
0 1.0 0.399219 0.914118 0.229687 0.171765
0 1.0 0.406250 0.954118 0.087500 0.091765
0 1.0 0.935937 0.927059 0.128125 0.145882
0 1.0 0.094531 0.954118 0.101562 0.091765
0 1.0 0.085156 0.961176 0.026562 0.040000
0 1.0 0.068750 0.957647 0.040625 0.056471
0 1.0 0.963281 0.937647 0.048438 0.124706
0 1.0 0.360156 0.960000 0.020313 0.032941
0 1.0 0.352344 0.954118 0.085938 0.091765
0 1.0 0.292187 0.923529 0.087500 0.152941
0 1.0 0.279687 0.961176 0.031250 0.040000
0 1.0 0.296094 0.954118 0.023438 0.040000
0 1.0 0.307812 0.954118 0.081250 0.091765
0 1.0 0.580469 0.956471 0.032813 0.044706
0 1.0 0.537500 0.947059 0.131250 0.096471
0 1.0 0.258594 0.957647 0.039062 0.042353
0 1.0 0.211719 0.948235 0.123438 0.094118
0 1.0 0.499219 0.920000 0.085938 0.160000
0 1.0 0.150000 0.951765 0.056250 0.063529
0 1.0 0.767188 0.891765 0.109375 0.216471
0 1.0 0.719531 0.909412 0.079687 0.167059
0 1.0 0.171875 0.957647 0.034375 0.042353
0 1.0 0.835938 0.918824 0.162500 0.096471
0 1.0 0.878906 0.910588 0.089063 0.178824
0 1.0 0.824219 0.960000 0.095312 0.061176
0 1.0 0.762500 0.950588 0.150000 0.098824
0 1.0 0.735156 0.958824 0.076563 0.054118
0 1.0 0.180469 0.248235 0.126562 0.327059
0 1.0 0.845313 0.962353 0.028125 0.037647
0 1.0 0.784375 0.958824 0.084375 0.058824
0 1.0 0.452344 0.929412 0.064062 0.141176
0 1.0 0.539844 0.962353 0.023438 0.032941
0 1.0 0.523438 0.955294 0.040625 0.051765
0 1.0 0.471875 0.957647 0.078125 0.084706
0 1.0 0.657813 0.942353 0.075000 0.115294
0 1.0 0.456250 0.962353 0.043750 0.042353
0 1.0 0.678906 0.957647 0.067187 0.051765
0 1.0 0.628906 0.956471 0.067187 0.054118
0 1.0 0.604688 0.950588 0.131250 0.098824
0 1.0 0.607812 0.955294 0.040625 0.047059
0 1.0 0.749219 0.245882 0.364063 0.449412
0 1.0 0.745313 0.460000 0.368750 0.482353
0 1.0 0.253125 0.821176 0.240625 0.357647
0 1.0 0.355469 0.830588 0.339062 0.272941
0 1.0 0.651563 0.797647 0.250000 0.404706
0 1.0 0.671094 0.331765 0.657813 0.663529
0 1.0 0.651563 0.201176 0.250000 0.402353
0 1.0 0.535937 0.091765 0.471875 0.183529
0 1.0 0.847656 0.464706 0.192188 0.623529
0 1.0 0.827344 0.341176 0.342187 0.451765
0 1.0 0.352344 0.470588 0.317188 0.423529
0 1.0 0.925000 0.564706 0.150000 0.578824