0 1.0 0.666406 0.763466 0.367188 0.248244
0 1.0 0.660937 0.659251 0.059375 0.096019
0 1.0 0.667188 0.610070 0.265625 0.306792
0 1.0 0.655469 0.618267 0.182812 0.163934
0 1.0 0.596875 0.660422 0.065625 0.163934
0 1.0 0.597656 0.599532 0.220312 0.107728
0 1.0 0.603125 0.665105 0.034375 0.084309
0 1.0 0.621875 0.600703 0.056250 0.077283
0 1.0 0.569531 0.688525 0.051562 0.163934
0 1.0 0.635938 0.598361 0.028125 0.053864
0 1.0 0.572656 0.608899 0.214062 0.295082
0 1.0 0.570312 0.611241 0.134375 0.177986
0 1.0 0.502344 0.681499 0.054688 0.168618
0 1.0 0.651563 0.610070 0.093750 0.081967
0 1.0 0.828125 0.656909 0.050000 0.110070
0 1.0 0.840625 0.614754 0.100000 0.067916
0 1.0 0.806250 0.625293 0.265625 0.323185
0 1.0 0.816406 0.625293 0.145313 0.145199
0 1.0 0.757031 0.634660 0.092188 0.224824
0 1.0 0.736719 0.606557 0.201563 0.074941
0 1.0 0.653125 0.660422 0.087500 0.168618
0 1.0 0.715625 0.635831 0.106250 0.199063
0 1.0 0.374219 0.607728 0.064062 0.063232
0 1.0 0.350781 0.627635 0.239063 0.299766
0 1.0 0.346094 0.627635 0.160938 0.173302
0 1.0 0.291406 0.685012 0.060937 0.185012
0 1.0 0.217188 0.607728 0.162500 0.072600
0 1.0 0.290625 0.615925 0.015625 0.032787
0 1.0 0.585938 0.597190 0.034375 0.065574
0 1.0 0.236719 0.668618 0.079687 0.245902
0 1.0 0.267188 0.611241 0.028125 0.051522
0 1.0 0.247656 0.627635 0.229687 0.299766
0 1.0 0.189844 0.669789 0.060937 0.206089
0 1.0 0.300000 0.628806 0.103125 0.133489
0 1.0 0.435156 0.713115 0.029687 0.114754
0 1.0 0.524219 0.607728 0.067187 0.053864
0 1.0 0.432812 0.669789 0.065625 0.135831
0 1.0 0.553906 0.610070 0.014063 0.035129
0 1.0 0.349219 0.677986 0.073438 0.152225
0 1.0 0.471875 0.619438 0.081250 0.110070
0 1.0 0.392188 0.682670 0.068750 0.208431
0 1.0 0.431250 0.600703 0.221875 0.081967
0 1.0 0.503906 0.607728 0.014063 0.035129
0 1.0 0.402344 0.614754 0.173437 0.189696
0 1.0 0.350000 0.603044 0.159375 0.081967
0 1.0 0.453125 0.615925 0.234375 0.299766
0 1.0 0.242188 0.672131 0.237500 0.098361
0 1.0 0.289062 0.704918 0.121875 0.262295
0 1.0 0.311719 0.688525 0.020313 0.042155
0 1.0 0.869531 0.615925 0.164062 0.173302
0 1.0 0.191406 0.697892 0.120313 0.276347
0 1.0 0.317188 0.680328 0.031250 0.058548
0 1.0 0.431250 0.752927 0.040625 0.156909
0 1.0 0.500000 0.674473 0.143750 0.074941
0 1.0 0.425781 0.725995 0.092188 0.215457
0 1.0 0.548438 0.686183 0.015625 0.037471
0 1.0 0.463281 0.690867 0.107813 0.145199
0 1.0 0.421875 0.668618 0.315625 0.105386
0 1.0 0.493750 0.685012 0.015625 0.044496
0 1.0 0.956250 0.637002 0.068750 0.154567
0 1.0 0.932031 0.613583 0.135937 0.295082
0 1.0 0.903906 0.611241 0.192188 0.098361
0 1.0 0.127344 0.703747 0.082812 0.269321
0 1.0 0.866406 0.654567 0.095312 0.269321
0 1.0 0.776563 0.615925 0.015625 0.028103
0 1.0 0.878125 0.660422 0.056250 0.140515
0 1.0 0.842187 0.624122 0.012500 0.025761
0 1.0 0.826562 0.521077 0.065625 0.250585
0 1.0 0.133594 0.663934 0.195312 0.091335
0 1.0 0.163281 0.673302 0.057813 0.072600
0 1.0 0.130469 0.668618 0.176563 0.203747
0 1.0 0.071875 0.694379 0.075000 0.227166
0 1.0 0.968750 0.606557 0.062500 0.074941
0 1.0 0.031250 0.706089 0.059375 0.180328
0 1.0 0.051562 0.665105 0.103125 0.070258
0 1.0 0.064062 0.674473 0.025000 0.042155
0 1.0 0.067969 0.663934 0.135937 0.269321
0 1.0 0.128906 0.672131 0.042188 0.060890
0 1.0 0.357031 0.566745 0.114062 0.149883
0 1.0 0.241406 0.560890 0.217188 0.105386
0 1.0 0.271094 0.564403 0.057813 0.079625
0 1.0 0.288281 0.551522 0.229687 0.292740
0 1.0 0.298438 0.562061 0.093750 0.135831
0 1.0 0.241406 0.590164 0.076563 0.173302
0 1.0 0.188281 0.617096 0.042188 0.142857
0 1.0 0.185938 0.592506 0.075000 0.159251
0 1.0 0.181250 0.559719 0.250000 0.154567
0 1.0 0.517188 0.557377 0.240625 0.159251
0 1.0 0.446094 0.641686 0.023438 0.084309
0 1.0 0.517969 0.563232 0.082812 0.081967
0 1.0 0.443750 0.605386 0.059375 0.124122
0 1.0 0.523438 0.566745 0.037500 0.079625
0 1.0 0.465625 0.560890 0.050000 0.091335
0 1.0 0.410156 0.558548 0.135937 0.166276
0 1.0 0.342969 0.613583 0.048438 0.168618
0 1.0 0.385156 0.558548 0.142187 0.091335
0 1.0 0.957031 0.536300 0.039062 0.145199
0 1.0 0.954688 0.494145 0.090625 0.098361
0 1.0 0.930469 0.494145 0.139063 0.159251
0 1.0 0.929688 0.463700 0.087500 0.379391
0 1.0 0.900000 0.468384 0.200000 0.323185
0 1.0 0.874219 0.511710 0.070312 0.241218
0 1.0 0.799219 0.490632 0.026562 0.063232
0 1.0 0.880469 0.511710 0.042188 0.142857
0 1.0 0.801562 0.487119 0.115625 0.145199
0 1.0 0.128125 0.588993 0.056250 0.175644
0 1.0 0.125781 0.542155 0.226562 0.269321
0 1.0 0.079687 0.576112 0.071875 0.196721
0 1.0 0.028906 0.592506 0.048438 0.145199
0 1.0 0.072656 0.551522 0.142187 0.091335
0 1.0 0.073438 0.557377 0.056250 0.084309
0 1.0 0.052344 0.612412 0.104688 0.147541
0 1.0 0.960156 0.551522 0.079687 0.091335
0 1.0 0.508594 0.603044 0.039062 0.096019
0 1.0 0.814844 0.557377 0.026562 0.051522
0 1.0 0.882031 0.584309 0.039062 0.114754
0 1.0 0.847656 0.558548 0.039062 0.063232
0 1.0 0.894531 0.551522 0.210938 0.128806
0 1.0 0.131250 0.603044 0.175000 0.086651
0 1.0 0.169531 0.601874 0.042188 0.060890
0 1.0 0.139063 0.600703 0.031250 0.053864
0 1.0 0.056250 0.603044 0.112500 0.067916
0 1.0 0.086719 0.606557 0.020313 0.042155
0 1.0 0.660937 0.569087 0.053125 0.131148
0 1.0 0.604688 0.607728 0.053125 0.147541
0 1.0 0.632812 0.553864 0.209375 0.114754
0 1.0 0.607031 0.607728 0.035937 0.091335
0 1.0 0.572656 0.620609 0.042188 0.126464
0 1.0 0.618750 0.539813 0.218750 0.283372
0 1.0 0.839063 0.587822 0.034375 0.103044
0 1.0 0.820312 0.549180 0.250000 0.161593
0 1.0 0.767969 0.566745 0.060937 0.215457
0 1.0 0.757031 0.540984 0.157812 0.234192
0 1.0 0.725000 0.546838 0.075000 0.194379
0 1.0 0.657813 0.567916 0.075000 0.208431
0 1.0 0.299219 0.774005 0.073438 0.231850
0 1.0 0.247656 0.765808 0.289062 0.149883
0 1.0 0.306250 0.775176 0.028125 0.079625
0 1.0 0.292969 0.759953 0.217188 0.259953
0 1.0 0.230469 0.771663 0.095312 0.278689
0 1.0 0.514844 0.677986 0.164062 0.189696
0 1.0 0.300000 0.770492 0.059375 0.112412
0 1.0 0.195312 0.790398 0.068750 0.236534
0 1.0 0.185938 0.771663 0.234375 0.274005
0 1.0 0.517188 0.784543 0.165625 0.252927
0 1.0 0.509375 0.759953 0.178125 0.119438
0 1.0 0.538281 0.769321 0.026562 0.081967
0 1.0 0.455469 0.774005 0.123438 0.208431
0 1.0 0.400781 0.781030 0.064062 0.217799
0 1.0 0.346875 0.769321 0.118750 0.194379
0 1.0 0.472656 0.768150 0.026562 0.088993
0 1.0 0.393750 0.766979 0.221875 0.255269
0 1.0 0.954688 0.727166 0.071875 0.175644
0 1.0 0.921875 0.718970 0.156250 0.281030
0 1.0 0.859375 0.710773 0.281250 0.128806
0 1.0 0.129688 0.786885 0.106250 0.285714
0 1.0 0.726562 0.716628 0.068750 0.074941
0 1.0 0.873437 0.731850 0.125000 0.241218
0 1.0 0.801562 0.724824 0.028125 0.058548
0 1.0 0.839844 0.733021 0.260937 0.276347
0 1.0 0.812500 0.745902 0.121875 0.264637
0 1.0 0.167187 0.774005 0.084375 0.128806
0 1.0 0.077344 0.786885 0.117188 0.285714
0 1.0 0.127344 0.764637 0.254688 0.142857
0 1.0 0.939844 0.706089 0.120313 0.096019
0 1.0 0.035156 0.781030 0.070312 0.241218
0 1.0 0.067187 0.758782 0.134375 0.117096
0 1.0 0.053906 0.766979 0.051562 0.091335
0 1.0 0.132031 0.775176 0.079687 0.121780
0 1.0 0.944531 0.777518 0.110937 0.182670
0 1.0 0.710938 0.765808 0.165625 0.131148
0 1.0 0.788281 0.775176 0.054688 0.093677
0 1.0 0.777344 0.761124 0.310937 0.163934
0 1.0 0.159375 0.817330 0.078125 0.131148
0 1.0 0.081250 0.812646 0.162500 0.126464
0 1.0 0.068750 0.816159 0.056250 0.096019
0 1.0 0.959375 0.775176 0.043750 0.121780
0 1.0 0.591406 0.783372 0.132812 0.264637
0 1.0 0.623437 0.772834 0.075000 0.121780
0 1.0 0.760938 0.790398 0.162500 0.250585
0 1.0 0.660937 0.783372 0.140625 0.250585
0 1.0 0.889062 0.661593 0.221875 0.110070
0 1.0 0.814063 0.748244 0.084375 0.161593
0 1.0 0.761719 0.668618 0.020313 0.039813
0 1.0 0.821875 0.677986 0.018750 0.039813
0 1.0 0.823438 0.700234 0.068750 0.131148
0 1.0 0.150781 0.722482 0.067187 0.091335
0 1.0 0.126562 0.720141 0.059375 0.081967
0 1.0 0.050000 0.710773 0.100000 0.077283
0 1.0 0.053906 0.718970 0.039062 0.060890
0 1.0 0.964063 0.655738 0.071875 0.079625
0 1.0 0.662500 0.687354 0.200000 0.166276
0 1.0 0.595313 0.713115 0.046875 0.114754
0 1.0 0.627344 0.694379 0.260937 0.274005
0 1.0 0.815625 0.674473 0.240625 0.126464
0 1.0 0.568750 0.713115 0.090625 0.203747
0 1.0 0.635938 0.682670 0.028125 0.044496
0 1.0 0.572656 0.676815 0.048438 0.070258
0 1.0 0.598437 0.669789 0.212500 0.088993
0 1.0 0.736719 0.689696 0.285938 0.278689
0 1.0 0.717969 0.696721 0.114062 0.147541
0 1.0 0.655469 0.713115 0.110937 0.180328
0 1.0 0.590625 0.752927 0.062500 0.156909
0 1.0 0.633594 0.723653 0.045312 0.079625
0 1.0 0.502344 0.759953 0.079687 0.259953
0 1.0 0.269531 0.713115 0.264062 0.119438
0 1.0 0.329688 0.725995 0.025000 0.060890
0 1.0 0.310156 0.720141 0.039062 0.081967
0 1.0 0.517969 0.715457 0.082812 0.077283
0 1.0 0.543750 0.725995 0.021875 0.065574
0 1.0 0.421875 0.711944 0.328125 0.126464
0 1.0 0.482812 0.724824 0.021875 0.063232
0 1.0 0.357031 0.709602 0.120313 0.093677
0 1.0 0.331250 0.352459 0.231250 0.147541
0 1.0 0.350781 0.340749 0.220312 0.306792
0 1.0 0.363281 0.364169 0.060937 0.114754
0 1.0 0.296094 0.368852 0.045312 0.147541
0 1.0 0.296094 0.358314 0.110937 0.248244
0 1.0 0.836719 0.507026 0.042188 0.142857
0 1.0 0.247656 0.384075 0.073438 0.206089
0 1.0 0.253906 0.387588 0.048438 0.124122
0 1.0 0.246094 0.350117 0.254688 0.166276
0 1.0 0.189062 0.374707 0.050000 0.177986
0 1.0 0.328906 0.372365 0.039062 0.093677
0 1.0 0.497656 0.381733 0.073438 0.215457
0 1.0 0.509375 0.344262 0.187500 0.149883
0 1.0 0.508594 0.343091 0.229687 0.330211
0 1.0 0.444531 0.357143 0.020313 0.063232
0 1.0 0.434375 0.361827 0.093750 0.194379
0 1.0 0.343750 0.366511 0.112500 0.255269
0 1.0 0.469531 0.366511 0.060937 0.114754
0 1.0 0.393750 0.372365 0.078125 0.234192
0 1.0 0.422656 0.340749 0.289062 0.128806
0 1.0 0.344531 0.385246 0.054688 0.194379
0 1.0 0.071094 0.352459 0.142187 0.269321
0 1.0 0.051562 0.358314 0.103125 0.149883
0 1.0 0.958594 0.378220 0.035937 0.096019
0 1.0 0.957812 0.285714 0.084375 0.093677
0 1.0 0.950000 0.334895 0.040625 0.070258
0 1.0 0.920312 0.291569 0.159375 0.156909
0 1.0 0.185156 0.355972 0.104688 0.238876
0 1.0 0.899219 0.290398 0.201563 0.281030
0 1.0 0.882031 0.318501 0.095312 0.224824
0 1.0 0.870313 0.289227 0.090625 0.091335
0 1.0 0.894531 0.300937 0.026562 0.063232
0 1.0 0.188281 0.345433 0.229687 0.302108
0 1.0 0.205469 0.362998 0.045312 0.098361
0 1.0 0.128125 0.379391 0.065625 0.224824
0 1.0 0.149219 0.347775 0.254688 0.128806
0 1.0 0.078906 0.384075 0.079687 0.229508
0 1.0 0.109375 0.347775 0.134375 0.096019
0 1.0 0.020313 0.375878 0.040625 0.138173
0 1.0 0.957812 0.412178 0.025000 0.065574
0 1.0 0.938281 0.345433 0.123438 0.114754
0 1.0 0.943750 0.405152 0.046875 0.088993
0 1.0 0.880469 0.391101 0.067187 0.173302
0 1.0 0.858594 0.352459 0.201563 0.110070
0 1.0 0.893750 0.399297 0.028125 0.077283
0 1.0 0.130469 0.446136 0.089063 0.274005
0 1.0 0.146875 0.393443 0.212500 0.117096
0 1.0 0.135156 0.447307 0.064062 0.168618
0 1.0 0.125781 0.412178 0.239063 0.313817
0 1.0 0.076563 0.449649 0.065625 0.159251
0 1.0 0.031250 0.453162 0.062500 0.208431
0 1.0 0.081250 0.392272 0.162500 0.105386
0 1.0 0.678906 0.346604 0.260937 0.131148
0 1.0 0.687500 0.412178 0.025000 0.074941
0 1.0 0.668750 0.338407 0.225000 0.297424
0 1.0 0.621094 0.409836 0.054688 0.182670
0 1.0 0.635156 0.409836 0.032813 0.103044
0 1.0 0.624219 0.352459 0.151562 0.203747
0 1.0 0.554688 0.385246 0.062500 0.208431
0 1.0 0.587500 0.352459 0.109375 0.119438
0 1.0 0.827344 0.409836 0.054688 0.149883
0 1.0 0.840625 0.415691 0.025000 0.067916
0 1.0 0.824219 0.329040 0.270313 0.297424
0 1.0 0.760938 0.393443 0.065625 0.187354
0 1.0 0.676562 0.416862 0.043750 0.135831
0 1.0 0.785156 0.350117 0.254688 0.170960
0 1.0 0.729688 0.400468 0.053125 0.163934
0 1.0 0.740625 0.401639 0.031250 0.096019
0 1.0 0.771875 0.399297 0.037500 0.105386
0 1.0 0.049219 0.297424 0.089063 0.140515
0 1.0 0.957031 0.307963 0.048438 0.128806
0 1.0 0.940625 0.238876 0.118750 0.107728
0 1.0 0.867188 0.241218 0.265625 0.135831
0 1.0 0.792969 0.240047 0.135937 0.110070
0 1.0 0.214062 0.296253 0.028125 0.077283
0 1.0 0.135937 0.304450 0.087500 0.295082
0 1.0 0.153125 0.288056 0.121875 0.084309
0 1.0 0.144531 0.290398 0.042188 0.121780
0 1.0 0.140625 0.288056 0.187500 0.135831
0 1.0 0.128125 0.276347 0.234375 0.318501
0 1.0 0.068750 0.293911 0.084375 0.255269
0 1.0 0.106250 0.289227 0.125000 0.086651
0 1.0 0.072656 0.289227 0.035937 0.100703
0 1.0 0.028906 0.312646 0.057813 0.217799
0 1.0 0.670312 0.254098 0.090625 0.288056
0 1.0 0.691406 0.228337 0.223438 0.124122
0 1.0 0.692969 0.675644 0.614062 0.648712
0 1.0 0.531250 0.515222 0.831250 0.543326
0 1.0 0.142969 0.084309 0.039062 0.117096
0 1.0 0.171094 0.031616 0.073438 0.058548
0 1.0 0.146094 0.043326 0.142187 0.086651
0 1.0 0.071875 0.081967 0.056250 0.140515
0 1.0 0.128125 0.030445 0.056250 0.051522
0 1.0 0.103125 0.037471 0.093750 0.074941
0 1.0 0.095312 0.087822 0.190625 0.175644
0 1.0 0.028906 0.076112 0.039062 0.124122
0 1.0 0.069531 0.028103 0.045312 0.046838
0 1.0 0.820312 0.254098 0.121875 0.306792
0 1.0 0.826562 0.250585 0.078125 0.168618
0 1.0 0.251563 0.040984 0.159375 0.081967
0 1.0 0.758594 0.257611 0.114062 0.281030
0 1.0 0.762500 0.243560 0.068750 0.149883
0 1.0 0.772656 0.231850 0.245312 0.168618
0 1.0 0.725781 0.223653 0.064062 0.133489
0 1.0 0.675781 0.313817 0.067187 0.201405
0 1.0 0.691406 0.281030 0.154688 0.107728
0 1.0 0.691406 0.283372 0.020313 0.056206
0 1.0 0.609375 0.319672 0.075000 0.208431
0 1.0 0.184375 0.270492 0.093750 0.250585
0 1.0 0.619531 0.285714 0.245312 0.177986
0 1.0 0.559375 0.310304 0.081250 0.250585
0 1.0 0.610938 0.288056 0.109375 0.093677
0 1.0 0.571094 0.296253 0.217188 0.306792
0 1.0 0.581250 0.297424 0.071875 0.131148
0 1.0 0.619531 0.303279 0.026562 0.072600
0 1.0 0.826562 0.323185 0.090625 0.220141
0 1.0 0.830469 0.284543 0.217188 0.124122
0 1.0 0.845313 0.300937 0.021875 0.049180
0 1.0 0.775000 0.288056 0.031250 0.079625
0 1.0 0.736719 0.257611 0.035937 0.088993
0 1.0 0.725000 0.282201 0.253125 0.170960
0 1.0 0.368750 0.291569 0.065625 0.119438
0 1.0 0.332813 0.290398 0.228125 0.117096
0 1.0 0.328906 0.297424 0.032813 0.084309
0 1.0 0.247656 0.297424 0.076563 0.234192
0 1.0 0.245312 0.286885 0.181250 0.105386
0 1.0 0.257812 0.298595 0.034375 0.100703
0 1.0 0.296094 0.279859 0.239063 0.306792
0 1.0 0.539844 0.288056 0.170313 0.107728
0 1.0 0.497656 0.329040 0.054688 0.175644
0 1.0 0.515625 0.289227 0.090625 0.152225
0 1.0 0.448437 0.332553 0.043750 0.168618
0 1.0 0.524219 0.298595 0.026562 0.049180
0 1.0 0.407031 0.286885 0.076563 0.072600
0 1.0 0.442188 0.286885 0.225000 0.306792
0 1.0 0.488281 0.300937 0.035937 0.081967
0 1.0 0.392969 0.284543 0.089063 0.259953
0 1.0 0.403906 0.285714 0.232813 0.159251
0 1.0 0.344531 0.307963 0.067187 0.241218
0 1.0 0.935937 0.446136 0.065625 0.067916
0 1.0 0.904687 0.444965 0.190625 0.149883
0 1.0 0.755469 0.446136 0.026562 0.049180
0 1.0 0.888281 0.495316 0.029687 0.086651
0 1.0 0.765625 0.448478 0.165625 0.124122
0 1.0 0.188281 0.511710 0.114062 0.161593
0 1.0 0.124219 0.533958 0.070312 0.177986
0 1.0 0.057813 0.512881 0.115625 0.196721
0 1.0 0.069531 0.500000 0.135937 0.086651
0 1.0 0.704688 0.440281 0.140625 0.098361
0 1.0 0.678906 0.480094 0.042188 0.135831
0 1.0 0.682813 0.440281 0.262500 0.168618
0 1.0 0.610938 0.533958 0.050000 0.159251
0 1.0 0.672656 0.444965 0.064062 0.074941
0 1.0 0.616406 0.515222 0.029687 0.084309
0 1.0 0.561719 0.533958 0.048438 0.149883
0 1.0 0.639062 0.446136 0.037500 0.058548
0 1.0 0.597656 0.444965 0.117188 0.117096
0 1.0 0.575000 0.455504 0.225000 0.311475
0 1.0 0.506250 0.533958 0.040625 0.149883
0 1.0 0.767188 0.487119 0.056250 0.220141
0 1.0 0.666406 0.496487 0.057813 0.215457
0 1.0 0.773438 0.455504 0.265625 0.264637
0 1.0 0.732812 0.471897 0.046875 0.152225
0 1.0 0.776563 0.474239 0.031250 0.114754
0 1.0 0.645312 0.495316 0.175000 0.110070
0 1.0 0.612500 0.551522 0.031250 0.096019
0 1.0 0.582812 0.508197 0.134375 0.121780
0 1.0 0.827344 0.483607 0.295312 0.138173
0 1.0 0.353125 0.498829 0.212500 0.285714
0 1.0 0.245312 0.497658 0.250000 0.110070
0 1.0 0.291406 0.509368 0.117188 0.264637
0 1.0 0.241406 0.524590 0.089063 0.201405
0 1.0 0.239844 0.498829 0.170313 0.210773
0 1.0 0.181250 0.555035 0.040625 0.145199
0 1.0 0.173437 0.503513 0.240625 0.163934
0 1.0 0.453906 0.579625 0.026562 0.100703
0 1.0 0.481250 0.505855 0.184375 0.098361
0 1.0 0.451562 0.546838 0.068750 0.152225
0 1.0 0.485156 0.511710 0.070312 0.091335
0 1.0 0.448437 0.496487 0.206250 0.281030
0 1.0 0.341406 0.521077 0.060937 0.255269
0 1.0 0.353906 0.495316 0.264062 0.114754
0 1.0 0.613281 0.464871 0.073438 0.213115
0 1.0 0.654687 0.402810 0.128125 0.103044
0 1.0 0.625000 0.469555 0.034375 0.096019
0 1.0 0.561719 0.448478 0.064062 0.067916
0 1.0 0.557031 0.459016 0.082812 0.243560
0 1.0 0.615625 0.408665 0.062500 0.086651
0 1.0 0.578906 0.413349 0.085938 0.128806
0 1.0 0.824219 0.405152 0.317188 0.135831
0 1.0 0.839844 0.464871 0.026562 0.077283
0 1.0 0.725781 0.440281 0.089063 0.229508
0 1.0 0.368750 0.399297 0.156250 0.119438
0 1.0 0.314063 0.398126 0.143750 0.088993
0 1.0 0.288281 0.398126 0.223438 0.154567
0 1.0 0.546094 0.398126 0.117188 0.088993
0 1.0 0.247656 0.444965 0.051562 0.126464
0 1.0 0.181250 0.436768 0.075000 0.250585
0 1.0 0.217188 0.395785 0.187500 0.107728
0 1.0 0.308594 0.408665 0.079687 0.142857
0 1.0 0.502344 0.449649 0.054688 0.163934
0 1.0 0.443750 0.471897 0.046875 0.152225
0 1.0 0.477344 0.398126 0.132812 0.088993
0 1.0 0.437500 0.447307 0.090625 0.187354
0 1.0 0.451562 0.400468 0.162500 0.145199
0 1.0 0.401562 0.400468 0.221875 0.295082
0 1.0 0.359375 0.456674 0.084375 0.145199
0 1.0 0.296094 0.487119 0.060937 0.210773
0 1.0 0.295312 0.448478 0.190625 0.105386
0 1.0 0.270313 0.443794 0.087500 0.081967
0 1.0 0.223438 0.447307 0.071875 0.074941
0 1.0 0.310156 0.468384 0.051562 0.112412
0 1.0 0.514844 0.449649 0.232813 0.145199
0 1.0 0.508594 0.478923 0.098437 0.138173
0 1.0 0.449219 0.530445 0.026562 0.096019
0 1.0 0.517969 0.455504 0.020313 0.039813
0 1.0 0.456250 0.456674 0.153125 0.121780
0 1.0 0.394531 0.496487 0.076563 0.229508
0 1.0 0.328125 0.447307 0.021875 0.046838
0 1.0 0.957812 0.468384 0.043750 0.145199
0 1.0 0.945312 0.402810 0.109375 0.107728
0 1.0 0.893750 0.467213 0.025000 0.077283
0 1.0 0.811719 0.419204 0.167187 0.112412
0 1.0 0.203906 0.473068 0.064062 0.112412
0 1.0 0.167969 0.446136 0.079687 0.077283
0 1.0 0.138281 0.449649 0.220312 0.154567
0 1.0 0.112500 0.446136 0.096875 0.081967
0 1.0 0.087500 0.507026 0.053125 0.133489
0 1.0 0.030469 0.508197 0.045312 0.149883
0 1.0 0.088281 0.447307 0.032813 0.046838
0 1.0 0.396875 0.134660 0.234375 0.241218
0 1.0 0.406250 0.146370 0.137500 0.161593
0 1.0 0.346875 0.189696 0.059375 0.135831
0 1.0 0.366406 0.139344 0.142187 0.100703
0 1.0 0.220312 0.147541 0.268750 0.126464
0 1.0 0.299219 0.166276 0.107813 0.149883
0 1.0 0.521094 0.131148 0.279687 0.135831
0 1.0 0.493750 0.151054 0.106250 0.259953
0 1.0 0.436719 0.183841 0.051562 0.152225
0 1.0 0.296875 0.192037 0.050000 0.117096
0 1.0 0.274219 0.654567 0.548438 0.208431
0 1.0 0.439844 0.146370 0.070312 0.096019
0 1.0 0.575781 0.551522 0.567187 0.227166
0 1.0 0.590625 0.141686 0.084375 0.100703
0 1.0 0.563281 0.139344 0.217188 0.274005
0 1.0 0.697656 0.140515 0.160938 0.103044
0 1.0 0.684375 0.196721 0.043750 0.103044
0 1.0 0.486719 0.134660 0.107813 0.091335
0 1.0 0.678125 0.141686 0.237500 0.283372
0 1.0 0.611719 0.176815 0.082812 0.213115
0 1.0 0.639062 0.138173 0.106250 0.093677
0 1.0 0.614844 0.144028 0.189062 0.147541
0 1.0 0.494531 0.144028 0.051562 0.081967
0 1.0 0.833594 0.553864 0.192188 0.667447
0 1.0 0.559375 0.549180 0.200000 0.644028
0 1.0 0.353906 0.549180 0.589063 0.203747
0 1.0 0.782813 0.543326 0.434375 0.224824
0 1.0 0.949219 0.076112 0.101562 0.100703
0 1.0 0.960156 0.122951 0.064062 0.119438
0 1.0 0.927344 0.103044 0.145313 0.206089
0 1.0 0.296094 0.128806 0.242188 0.229508
0 1.0 0.067969 0.145199 0.117188 0.266979
0 1.0 0.032813 0.148712 0.065625 0.264637
0 1.0 0.057031 0.125293 0.114062 0.096019
0 1.0 0.875000 0.134660 0.096875 0.194379
0 1.0 0.860938 0.080796 0.128125 0.105386
0 1.0 0.881250 0.131148 0.065625 0.121780
0 1.0 0.560937 0.754098 0.218750 0.384075
0 1.0 0.860156 0.115925 0.242188 0.231850
0 1.0 0.234375 0.159251 0.081250 0.201405
0 1.0 0.232813 0.138173 0.140625 0.107728
0 1.0 0.275781 0.159251 0.032813 0.056206
0 1.0 0.375781 0.751756 0.620313 0.210773
0 1.0 0.186719 0.174473 0.048438 0.170960
0 1.0 0.186719 0.139344 0.120313 0.170960
0 1.0 0.139063 0.161593 0.068750 0.252927
0 1.0 0.143750 0.127635 0.178125 0.124122
0 1.0 0.183594 0.127635 0.242188 0.245902
0 1.0 0.764062 0.352459 0.343750 0.494145
0 1.0 0.649219 0.396956 0.198437 0.611241
0 1.0 0.199219 0.187354 0.023438 0.060890
0 1.0 0.149219 0.175644 0.217188 0.121780
0 1.0 0.135937 0.188525 0.128125 0.320843
0 1.0 0.675781 0.350117 0.548438 0.222482
0 1.0 0.962500 0.192037 0.050000 0.145199
0 1.0 0.211719 0.451991 0.423438 0.215457
0 1.0 0.459375 0.348946 0.578125 0.210773
0 1.0 0.675781 0.249415 0.529687 0.227166
0 1.0 0.678125 0.259953 0.390625 0.459016
0 1.0 0.342969 0.203747 0.129688 0.224824
0 1.0 0.518750 0.190867 0.053125 0.072600
0 1.0 0.431250 0.197892 0.109375 0.241218
0 1.0 0.364844 0.185012 0.060937 0.093677
0 1.0 0.295312 0.223653 0.078125 0.203747
0 1.0 0.344531 0.183841 0.264062 0.128806
0 1.0 0.324219 0.192037 0.029687 0.060890
0 1.0 0.036719 0.175644 0.073438 0.103044
0 1.0 0.808594 0.134660 0.198437 0.124122
0 1.0 0.824219 0.183841 0.067187 0.124122
0 1.0 0.470313 0.451991 0.600000 0.210773
0 1.0 0.764062 0.181499 0.078125 0.156909
0 1.0 0.760156 0.152225 0.210938 0.238876
0 1.0 0.811719 0.138173 0.076563 0.079625
0 1.0 0.880469 0.179157 0.067187 0.124122
0 1.0 0.917188 0.174473 0.106250 0.264637
0 1.0 0.675000 0.470726 0.403125 0.510539
0 1.0 0.544531 0.721311 0.732812 0.299766
0 1.0 0.728125 0.031616 0.143750 0.063232
0 1.0 0.719531 0.071429 0.048438 0.067916
0 1.0 0.719531 0.083138 0.229687 0.166276
0 1.0 0.567969 0.057377 0.107813 0.114754
0 1.0 0.669531 0.112412 0.035937 0.093677
0 1.0 0.677344 0.080796 0.032813 0.058548
0 1.0 0.677344 0.039813 0.173437 0.079625
0 1.0 0.615625 0.093677 0.046875 0.117096
0 1.0 0.632031 0.029274 0.098437 0.058548
0 1.0 0.624219 0.077283 0.032813 0.065574
0 1.0 0.612500 0.042155 0.162500 0.084309
0 1.0 0.604688 0.085480 0.225000 0.170960
0 1.0 0.364844 0.870023 0.729688 0.259953
0 1.0 0.872656 0.040984 0.160938 0.081967
0 1.0 0.819531 0.086651 0.082812 0.168618
0 1.0 0.768750 0.091335 0.059375 0.131148
0 1.0 0.919531 0.066745 0.092188 0.133489
0 1.0 0.879687 0.078454 0.075000 0.156909
0 1.0 0.825000 0.065574 0.062500 0.098361
0 1.0 0.712500 0.104215 0.065625 0.133489
0 1.0 0.260156 0.032787 0.089063 0.056206
0 1.0 0.291406 0.060890 0.073438 0.103044
0 1.0 0.414062 0.055035 0.103125 0.110070
0 1.0 0.346875 0.087822 0.050000 0.114754
0 1.0 0.310156 0.031616 0.023438 0.035129
0 1.0 0.348438 0.081967 0.234375 0.163934
0 1.0 0.231250 0.097190 0.071875 0.156909
0 1.0 0.203125 0.064403 0.062500 0.077283
0 1.0 0.054688 0.057377 0.078125 0.114754
0 1.0 0.195312 0.088993 0.046875 0.079625
0 1.0 0.214844 0.035129 0.076563 0.056206
0 1.0 0.242969 0.086651 0.232813 0.173302
0 1.0 0.477344 0.060890 0.067187 0.084309
0 1.0 0.398438 0.093677 0.065625 0.149883
0 1.0 0.418750 0.029274 0.190625 0.058548
0 1.0 0.437500 0.033958 0.075000 0.058548
0 1.0 0.360938 0.053864 0.093750 0.107728
0 1.0 0.741406 0.870023 0.517188 0.259953
0 1.0 0.576562 0.028103 0.071875 0.056206
0 1.0 0.290625 0.093677 0.043750 0.098361
0 1.0 0.451562 0.083138 0.225000 0.166276
0 1.0 0.517969 0.031616 0.129688 0.063232
0 1.0 0.499219 0.073770 0.064062 0.119438
0 1.0 0.443750 0.105386 0.028125 0.065574
0 1.0 0.528125 0.032787 0.028125 0.037471
0 1.0 0.440625 0.083138 0.059375 0.091335
0 1.0 0.551562 0.083138 0.190625 0.110070
0 1.0 0.880469 0.029274 0.095312 0.058548
0 1.0 0.619531 0.084309 0.126562 0.098361
0 1.0 0.617188 0.144028 0.046875 0.100703
0 1.0 0.562500 0.125293 0.103125 0.245902
0 1.0 0.493750 0.085480 0.128125 0.091335
0 1.0 0.264062 0.922717 0.528125 0.154567
0 1.0 0.400000 0.146370 0.056250 0.147541
0 1.0 0.682813 0.167447 0.034375 0.067916
0 1.0 0.820312 0.144028 0.100000 0.185012
0 1.0 0.711719 0.168618 0.082812 0.163934
0 1.0 0.682031 0.085480 0.157812 0.105386
0 1.0 0.167187 0.844262 0.334375 0.203747
0 1.0 0.946094 0.033958 0.107813 0.067916
0 1.0 0.957031 0.063232 0.054688 0.088993
0 1.0 0.575781 0.920375 0.557813 0.159251
0 1.0 0.888281 0.063232 0.051562 0.093677
0 1.0 0.353906 0.121780 0.707812 0.243560
0 1.0 0.832812 0.922717 0.334375 0.154567
0 1.0 0.242969 0.300937 0.485938 0.292740
0 1.0 0.656250 0.125293 0.687500 0.250585
0 1.0 0.385156 0.085480 0.098437 0.077283
0 1.0 0.204687 0.086651 0.187500 0.088993
0 1.0 0.255469 0.097190 0.029687 0.044496
0 1.0 0.297656 0.112412 0.117188 0.131148
0 1.0 0.457813 0.093677 0.046875 0.065574
0 1.0 0.927344 0.872365 0.145313 0.142857
0 1.0 0.921094 0.810304 0.067187 0.145199
0 1.0 0.875781 0.829040 0.248438 0.243560
0 1.0 0.878125 0.807963 0.056250 0.112412
0 1.0 0.796094 0.867681 0.242188 0.138173
0 1.0 0.854688 0.871194 0.084375 0.093677
0 1.0 0.808594 0.804450 0.082812 0.152225
0 1.0 0.138281 0.880562 0.126562 0.238876
0 1.0 0.128125 0.913349 0.215625 0.145199
0 1.0 0.082031 0.881733 0.145313 0.236534
0 1.0 0.957031 0.874707 0.045312 0.081967
0 1.0 0.031250 0.895785 0.062500 0.208431
0 1.0 0.071094 0.915691 0.142187 0.088993
0 1.0 0.964844 0.858314 0.026562 0.058548
0 1.0 0.632812 0.861827 0.284375 0.149883
0 1.0 0.600781 0.862998 0.095312 0.124122
0 1.0 0.557813 0.844262 0.150000 0.208431
0 1.0 0.513281 0.829040 0.042188 0.131148
0 1.0 0.553125 0.868852 0.100000 0.121780
0 1.0 0.551562 0.802108 0.084375 0.180328
0 1.0 0.771875 0.791569 0.096875 0.168618
0 1.0 0.717187 0.791569 0.068750 0.135831
0 1.0 0.672656 0.798595 0.064062 0.140515
0 1.0 0.660156 0.898126 0.179688 0.156909
0 1.0 0.602344 0.870023 0.123438 0.241218
0 1.0 0.575000 0.906323 0.193750 0.121780
0 1.0 0.505469 0.880562 0.104688 0.238876
0 1.0 0.515625 0.887588 0.231250 0.224824
0 1.0 0.769531 0.872365 0.132812 0.255269
0 1.0 0.753125 0.905152 0.306250 0.105386
0 1.0 0.716406 0.879391 0.129688 0.208431
0 1.0 0.250781 0.913349 0.242188 0.112412
0 1.0 0.292969 0.882904 0.135937 0.234192
0 1.0 0.271094 0.918033 0.089063 0.093677
0 1.0 0.229687 0.879391 0.109375 0.241218
0 1.0 0.187500 0.887588 0.093750 0.224824
0 1.0 0.448437 0.888759 0.078125 0.222482
0 1.0 0.475000 0.913349 0.187500 0.107728
0 1.0 0.396875 0.868852 0.106250 0.262295
0 1.0 0.396094 0.882904 0.239063 0.234192
0 1.0 0.337500 0.872365 0.106250 0.255269
0 1.0 0.595313 0.810304 0.328125 0.163934
0 1.0 0.610938 0.810304 0.081250 0.135831
0 1.0 0.311719 0.819672 0.029687 0.074941
0 1.0 0.273438 0.813817 0.315625 0.142857
0 1.0 0.307812 0.818501 0.053125 0.096019
0 1.0 0.484375 0.811475 0.306250 0.147541
0 1.0 0.528125 0.814988 0.031250 0.084309
0 1.0 0.473438 0.816159 0.028125 0.081967
0 1.0 0.367188 0.812646 0.109375 0.121780
0 1.0 0.244531 0.866511 0.217188 0.107728
0 1.0 0.296875 0.870023 0.028125 0.058548
0 1.0 0.303125 0.858314 0.090625 0.133489
0 1.0 0.229687 0.811475 0.056250 0.152225
0 1.0 0.192969 0.836066 0.039062 0.126464
0 1.0 0.453125 0.804450 0.025000 0.091335
0 1.0 0.505469 0.872365 0.132812 0.114754
0 1.0 0.455469 0.823185 0.070312 0.180328
0 1.0 0.531250 0.874707 0.037500 0.086651
0 1.0 0.475781 0.872365 0.035937 0.077283
0 1.0 0.346094 0.792740 0.039062 0.124122
0 1.0 0.347656 0.866511 0.170313 0.107728
0 1.0 0.950000 0.834895 0.078125 0.152225
0 1.0 0.917969 0.818501 0.164062 0.161593
0 1.0 0.730469 0.812646 0.304688 0.168618
0 1.0 0.153906 0.862998 0.095312 0.128806
0 1.0 0.080469 0.805621 0.076563 0.177986
0 1.0 0.079687 0.867681 0.159375 0.110070
0 1.0 0.082031 0.870023 0.048438 0.081967
0 1.0 0.143750 0.231850 0.268750 0.131148
0 1.0 0.303906 0.237705 0.042188 0.077283
0 1.0 0.270313 0.229508 0.284375 0.126464
0 1.0 0.079687 0.227166 0.159375 0.257611
0 1.0 0.065625 0.231850 0.131250 0.103044
0 1.0 0.958594 0.251756 0.054688 0.138173
0 1.0 0.936719 0.186183 0.126562 0.110070
0 1.0 0.970313 0.954333 0.050000 0.091335
0 1.0 0.533594 0.233021 0.204687 0.114754
0 1.0 0.491406 0.261124 0.095312 0.292740
0 1.0 0.446094 0.261124 0.048438 0.194379
0 1.0 0.416406 0.228337 0.289062 0.138173
0 1.0 0.435156 0.228337 0.089063 0.110070
0 1.0 0.449219 0.244731 0.567187 0.217799
0 1.0 0.576562 0.181499 0.081250 0.142857
0 1.0 0.539844 0.185012 0.123438 0.098361
0 1.0 0.501563 0.182670 0.228125 0.173302
0 1.0 0.672656 0.217799 0.064062 0.173302
0 1.0 0.475000 0.192037 0.050000 0.098361
0 1.0 0.614062 0.190867 0.093750 0.091335
0 1.0 0.889844 0.187354 0.220312 0.168618
0 1.0 0.878125 0.216628 0.103125 0.194379
0 1.0 0.821875 0.197892 0.131250 0.124122
0 1.0 0.650781 0.192037 0.114062 0.135831
0 1.0 0.260937 0.963700 0.046875 0.049180
0 1.0 0.299219 0.953162 0.092188 0.093677
0 1.0 0.494531 0.235363 0.051562 0.086651
0 1.0 0.246875 0.941452 0.125000 0.117096
0 1.0 0.198437 0.953162 0.093750 0.093677
0 1.0 0.525000 0.963700 0.021875 0.035129
0 1.0 0.497656 0.956674 0.057813 0.063232
0 1.0 0.460938 0.951991 0.090625 0.096019
0 1.0 0.453125 0.962529 0.053125 0.046838
0 1.0 0.408594 0.947307 0.101562 0.105386
0 1.0 0.363281 0.962529 0.029687 0.042155
0 1.0 0.357812 0.950820 0.109375 0.098361
0 1.0 0.946875 0.914520 0.106250 0.156909
0 1.0 0.183594 0.966042 0.060937 0.053864
0 1.0 0.870313 0.884075 0.121875 0.231850
0 1.0 0.862500 0.907494 0.153125 0.105386
0 1.0 0.812500 0.886417 0.137500 0.208431
0 1.0 0.156250 0.957845 0.109375 0.084309
0 1.0 0.081250 0.923888 0.084375 0.152225
0 1.0 0.140625 0.964871 0.068750 0.056206
0 1.0 0.075781 0.967213 0.048438 0.046838
0 1.0 0.056250 0.967213 0.071875 0.065574
0 1.0 0.924219 0.935597 0.067187 0.128806
0 1.0 0.939063 0.964871 0.118750 0.070258
0 1.0 0.517188 0.944965 0.106250 0.110070
0 1.0 0.851562 0.966042 0.037500 0.044496
0 1.0 0.875000 0.936768 0.096875 0.126464
0 1.0 0.860156 0.962529 0.073438 0.065574
0 1.0 0.802344 0.966042 0.095312 0.063232
0 1.0 0.657031 0.233021 0.110937 0.096019
0 1.0 0.622656 0.230679 0.157812 0.203747
0 1.0 0.562500 0.238876 0.115625 0.266979
0 1.0 0.607812 0.234192 0.068750 0.103044
0 1.0 0.665625 0.943794 0.125000 0.112412
0 1.0 0.642188 0.963700 0.037500 0.044496
0 1.0 0.617188 0.957845 0.096875 0.079625
0 1.0 0.792188 0.955504 0.168750 0.088993
0 1.0 0.577344 0.957845 0.070312 0.065574
0 1.0 0.564844 0.941452 0.110937 0.117096
0 1.0 0.574219 0.962529 0.029687 0.037471
0 1.0 0.592969 0.963700 0.042188 0.044496
0 1.0 0.753125 0.967213 0.084375 0.060890
0 1.0 0.714844 0.960187 0.154688 0.079625
0 1.0 0.707031 0.963700 0.067187 0.053864
0 1.0 0.460156 0.570258 0.410938 0.466042
0 1.0 0.345313 0.663934 0.396875 0.419204
0 1.0 0.121094 0.741218 0.242188 0.409836
0 1.0 0.446094 0.580796 0.189062 0.622951
0 1.0 0.349219 0.441452 0.376563 0.451991
0 1.0 0.249219 0.470726 0.182812 0.655738
0 1.0 0.072656 0.433255 0.145313 0.622951
0 1.0 0.356250 0.564403 0.181250 0.622951
0 1.0 0.238281 0.570258 0.404687 0.466042
0 1.0 0.507031 0.197892 0.860938 0.395785
0 1.0 0.335938 0.670960 0.671875 0.658080
0 1.0 0.578125 0.837237 0.396875 0.325527
0 1.0 0.449219 0.795082 0.204687 0.409836
0 1.0 0.246094 0.839578 0.339062 0.320843
0 1.0 0.553125 0.185012 0.390625 0.370023
0 1.0 0.504687 0.368852 0.287500 0.737705
0 1.0 0.681250 0.343091 0.637500 0.686183
0 1.0 0.539062 0.498829 0.496875 0.847775
0 1.0 0.816406 0.180328 0.348438 0.360656
0 1.0 0.245312 0.261124 0.231250 0.498829
0 1.0 0.311719 0.314988 0.623437 0.629977
0 1.0 0.923438 0.277518 0.153125 0.555035
0 1.0 0.349219 0.791569 0.204687 0.416862
0 1.0 0.349219 0.196721 0.235937 0.393443
0 1.0 0.169531 0.509368 0.339062 0.981265