0 1.0 0.685841 0.274219 0.376991 0.520312
0 1.0 0.152212 0.155469 0.233628 0.310937
0 1.0 0.611504 0.537500 0.207080 0.215625
0 1.0 0.538938 0.532813 0.118584 0.268750
0 1.0 0.868142 0.546875 0.192920 0.203125
0 1.0 0.816814 0.532813 0.107965 0.293750
0 1.0 0.923009 0.543750 0.136283 0.278125
0 1.0 0.802655 0.542969 0.309735 0.126562
0 1.0 0.066372 0.595313 0.111504 0.328125
0 1.0 0.104425 0.602344 0.208850 0.120313
0 1.0 0.114159 0.603125 0.069027 0.100000
0 1.0 0.768142 0.534375 0.088496 0.162500
0 1.0 0.736283 0.535156 0.290265 0.251563
0 1.0 0.712389 0.510938 0.100885 0.187500
0 1.0 0.693805 0.544531 0.300885 0.142187
0 1.0 0.958407 0.544531 0.083186 0.089063
0 1.0 0.337168 0.560156 0.122124 0.326562
0 1.0 0.351327 0.549219 0.238938 0.198437
0 1.0 0.135398 0.591406 0.203540 0.257812
0 1.0 0.500885 0.526563 0.102655 0.334375
0 1.0 0.499115 0.547656 0.315044 0.139063
0 1.0 0.194690 0.545312 0.102655 0.293750
0 1.0 0.192920 0.552344 0.322124 0.148438
0 1.0 0.487611 0.531250 0.238938 0.312500
0 1.0 0.629204 0.598437 0.309735 0.131250
0 1.0 0.284956 0.607031 0.279646 0.135937
0 1.0 0.329204 0.611719 0.053097 0.092188
0 1.0 0.826549 0.549219 0.159292 0.110937
0 1.0 0.595575 0.607031 0.097345 0.095312
0 1.0 0.562832 0.593750 0.180531 0.193750
0 1.0 0.492920 0.603125 0.260177 0.121875
0 1.0 0.817699 0.600781 0.201770 0.129688
0 1.0 0.803540 0.595313 0.276106 0.281250
0 1.0 0.456637 0.603125 0.099115 0.121875
0 1.0 0.428319 0.575781 0.162832 0.276562
0 1.0 0.662832 0.570312 0.136283 0.293750
0 1.0 0.961062 0.570312 0.038938 0.109375
0 1.0 0.232743 0.585938 0.129204 0.306250
0 1.0 0.814159 0.546875 0.074336 0.068750
0 1.0 0.874336 0.551562 0.070796 0.156250
0 1.0 0.163717 0.603906 0.122124 0.139063
0 1.0 0.397345 0.603125 0.288496 0.146875
0 1.0 0.047788 0.606250 0.095575 0.178125
0 1.0 0.046018 0.603125 0.042478 0.075000
0 1.0 0.576991 0.491406 0.173451 0.160938
0 1.0 0.222124 0.508594 0.270796 0.335938
0 1.0 0.154867 0.495312 0.299115 0.140625
0 1.0 0.448673 0.496875 0.192920 0.184375
0 1.0 0.293805 0.524219 0.127434 0.367188
0 1.0 0.920354 0.390625 0.138053 0.309375
0 1.0 0.908850 0.450000 0.182301 0.143750
0 1.0 0.866372 0.424219 0.090265 0.254688
0 1.0 0.130088 0.502344 0.143363 0.310937
0 1.0 0.130973 0.496094 0.173451 0.107813
0 1.0 0.798230 0.420312 0.251327 0.256250
0 1.0 0.816814 0.435156 0.153982 0.185938
0 1.0 0.769027 0.440625 0.111504 0.225000
0 1.0 0.759292 0.447656 0.201770 0.114062
0 1.0 0.776991 0.449219 0.067257 0.126562
0 1.0 0.086726 0.497656 0.152212 0.214062
0 1.0 0.034513 0.530469 0.065487 0.242188
0 1.0 0.084956 0.496875 0.106195 0.081250
0 1.0 0.266372 0.495312 0.263717 0.121875
0 1.0 0.802655 0.495312 0.058407 0.059375
0 1.0 0.872566 0.491406 0.063717 0.151562
0 1.0 0.318584 0.551562 0.116814 0.143750
0 1.0 0.060177 0.551562 0.120354 0.087500
0 1.0 0.657522 0.491406 0.200000 0.210938
0 1.0 0.814159 0.495312 0.127434 0.090625
0 1.0 0.786726 0.490625 0.284956 0.118750
0 1.0 0.102655 0.552344 0.205310 0.126562
0 1.0 0.961062 0.511719 0.035398 0.092188
0 1.0 0.954867 0.492188 0.090265 0.084375
0 1.0 0.898230 0.495312 0.203540 0.103125
0 1.0 0.815044 0.713281 0.192920 0.223438
0 1.0 0.761947 0.709375 0.118584 0.300000
0 1.0 0.749558 0.711719 0.309735 0.120313
0 1.0 0.746018 0.709375 0.270796 0.290625
0 1.0 0.450442 0.695312 0.139823 0.175000
0 1.0 0.395575 0.671875 0.129204 0.353125
0 1.0 0.381416 0.706250 0.274336 0.109375
0 1.0 0.419469 0.707031 0.092035 0.089063
0 1.0 0.664602 0.700781 0.200000 0.226562
0 1.0 0.880531 0.711719 0.238938 0.126562
0 1.0 0.920354 0.714844 0.138053 0.320312
0 1.0 0.503540 0.690625 0.118584 0.340625
0 1.0 0.869027 0.706250 0.120354 0.340625
0 1.0 0.795575 0.716406 0.058407 0.064062
0 1.0 0.836283 0.722656 0.051327 0.064062
0 1.0 0.539823 0.705469 0.254867 0.101562
0 1.0 0.550442 0.694531 0.148673 0.292187
0 1.0 0.569912 0.707812 0.077876 0.078125
0 1.0 0.125664 0.709375 0.138053 0.365625
0 1.0 0.171681 0.707812 0.159292 0.100000
0 1.0 0.191150 0.710156 0.070796 0.098437
0 1.0 0.335398 0.684375 0.122124 0.300000
0 1.0 0.601770 0.693750 0.130973 0.340625
0 1.0 0.290265 0.685156 0.113274 0.289062
0 1.0 0.272566 0.706250 0.293805 0.115625
0 1.0 0.066372 0.707812 0.132743 0.306250
0 1.0 0.965487 0.676562 0.061947 0.184375
0 1.0 0.316814 0.710938 0.056637 0.071875
0 1.0 0.459292 0.707031 0.079646 0.085938
0 1.0 0.237168 0.699219 0.138053 0.273438
0 1.0 0.512389 0.705469 0.118584 0.095312
0 1.0 0.269027 0.762500 0.138053 0.137500
0 1.0 0.240708 0.768750 0.251327 0.290625
0 1.0 0.523894 0.766406 0.155752 0.123438
0 1.0 0.510619 0.762500 0.238938 0.284375
0 1.0 0.446018 0.760938 0.237168 0.115625
0 1.0 0.479646 0.768750 0.088496 0.100000
0 1.0 0.730088 0.717187 0.150442 0.115625
0 1.0 0.454867 0.762500 0.155752 0.203125
0 1.0 0.186726 0.770312 0.072566 0.103125
0 1.0 0.097345 0.764844 0.194690 0.101562
0 1.0 0.384956 0.757812 0.260177 0.284375
0 1.0 0.614159 0.764844 0.223009 0.157812
0 1.0 0.615929 0.755469 0.265487 0.307812
0 1.0 0.254867 0.757031 0.304425 0.135937
0 1.0 0.032743 0.753125 0.065487 0.300000
0 1.0 0.048673 0.767188 0.097345 0.075000
0 1.0 0.053982 0.775000 0.040708 0.059375
0 1.0 0.118584 0.772656 0.067257 0.089063
0 1.0 0.285841 0.766406 0.076106 0.092188
0 1.0 0.952212 0.707812 0.095575 0.093750
0 1.0 0.943363 0.710156 0.113274 0.182812
0 1.0 0.222124 0.765625 0.125664 0.125000
0 1.0 0.331858 0.661719 0.150442 0.139063
0 1.0 0.048673 0.658594 0.051327 0.082812
0 1.0 0.961062 0.623437 0.049558 0.146875
0 1.0 0.953982 0.657031 0.092035 0.085938
0 1.0 0.279646 0.662500 0.109735 0.112500
0 1.0 0.240708 0.628906 0.247788 0.279687
0 1.0 0.205310 0.661719 0.240708 0.126562
0 1.0 0.956637 0.601562 0.086726 0.087500
0 1.0 0.501770 0.660937 0.263717 0.115625
0 1.0 0.524779 0.664062 0.118584 0.106250
0 1.0 0.197345 0.652344 0.132743 0.179688
0 1.0 0.426549 0.664062 0.099115 0.115625
0 1.0 0.944248 0.603906 0.111504 0.176563
0 1.0 0.799115 0.603906 0.058407 0.060937
0 1.0 0.837168 0.609375 0.056637 0.065625
0 1.0 0.710619 0.578906 0.132743 0.220312
0 1.0 0.122124 0.659375 0.081416 0.100000
0 1.0 0.109735 0.657031 0.176991 0.104688
0 1.0 0.118584 0.710938 0.063717 0.087500
0 1.0 0.050442 0.708594 0.100885 0.079687
0 1.0 0.045133 0.712500 0.047788 0.068750
0 1.0 0.697345 0.656250 0.311504 0.128125
0 1.0 0.688496 0.633594 0.286726 0.307812
0 1.0 0.900885 0.659375 0.198230 0.115625
0 1.0 0.286726 0.707031 0.095575 0.104688
0 1.0 0.842478 0.667188 0.063717 0.075000
0 1.0 0.813274 0.647656 0.122124 0.323437
0 1.0 0.100000 0.708594 0.150442 0.092188
0 1.0 0.226549 0.708594 0.106195 0.114062
0 1.0 0.589381 0.652344 0.215929 0.139063
0 1.0 0.313274 0.669531 0.042478 0.070312
0 1.0 0.811504 0.662500 0.054867 0.062500
0 1.0 0.561947 0.662500 0.072566 0.081250
0 1.0 0.474336 0.667188 0.077876 0.093750
0 1.0 0.071681 0.257812 0.143363 0.306250
0 1.0 0.049558 0.285156 0.099115 0.182812
0 1.0 0.958407 0.254688 0.076106 0.378125
0 1.0 0.930973 0.230469 0.138053 0.120313
0 1.0 0.225664 0.300000 0.238938 0.168750
0 1.0 0.962832 0.467969 0.035398 0.085938
0 1.0 0.186726 0.267188 0.143363 0.328125
0 1.0 0.198230 0.285156 0.106195 0.173437
0 1.0 0.880531 0.253906 0.146903 0.370312
0 1.0 0.854867 0.223438 0.152212 0.146875
0 1.0 0.449558 0.276562 0.081416 0.237500
0 1.0 0.490265 0.297656 0.088496 0.085938
0 1.0 0.459292 0.293750 0.246018 0.168750
0 1.0 0.130088 0.239063 0.143363 0.415625
0 1.0 0.392035 0.268750 0.185841 0.243750
0 1.0 0.330973 0.235156 0.141593 0.379688
0 1.0 0.353982 0.298438 0.240708 0.128125
0 1.0 0.621239 0.245312 0.265487 0.306250
0 1.0 0.573451 0.235156 0.290265 0.142187
0 1.0 0.547788 0.238281 0.150442 0.254688
0 1.0 0.786726 0.238281 0.253097 0.354687
0 1.0 0.804425 0.223438 0.157522 0.234375
0 1.0 0.759292 0.227344 0.300885 0.148438
0 1.0 0.122124 0.294531 0.201770 0.117188
0 1.0 0.043363 0.297656 0.079646 0.092188
0 1.0 0.718584 0.219531 0.187611 0.257812
0 1.0 0.720354 0.275781 0.106195 0.267188
0 1.0 0.665487 0.289062 0.120354 0.334375
0 1.0 0.684956 0.282813 0.254867 0.137500
0 1.0 0.672566 0.275781 0.067257 0.170313
0 1.0 0.879646 0.285156 0.240708 0.126562
0 1.0 0.837168 0.281250 0.113274 0.093750
0 1.0 0.579646 0.286719 0.214159 0.123438
0 1.0 0.176106 0.342969 0.235398 0.192188
0 1.0 0.809735 0.281250 0.249558 0.178125
0 1.0 0.108850 0.329688 0.217699 0.296875
0 1.0 0.025664 0.325000 0.051327 0.184375
0 1.0 0.053097 0.341406 0.099115 0.092188
0 1.0 0.818584 0.267969 0.076106 0.220312
0 1.0 0.608850 0.278906 0.127434 0.304688
0 1.0 0.611504 0.267969 0.061947 0.135937
0 1.0 0.311504 0.285156 0.095575 0.164062
0 1.0 0.233628 0.267969 0.134513 0.273438
0 1.0 0.506195 0.293750 0.084956 0.165625
0 1.0 0.770796 0.258594 0.090265 0.223438
0 1.0 0.613274 0.178125 0.192920 0.231250
0 1.0 0.564602 0.179688 0.201770 0.109375
0 1.0 0.796460 0.171875 0.300885 0.168750
0 1.0 0.758407 0.162500 0.175221 0.287500
0 1.0 0.438938 0.199219 0.102655 0.279687
0 1.0 0.508850 0.184375 0.069027 0.081250
0 1.0 0.467257 0.175781 0.169912 0.148438
0 1.0 0.435398 0.168750 0.233628 0.312500
0 1.0 0.466372 0.182031 0.065487 0.114062
0 1.0 0.076106 0.235937 0.152212 0.115625
0 1.0 0.922124 0.173437 0.155752 0.168750
0 1.0 0.506195 0.191406 0.152212 0.248438
0 1.0 0.146903 0.053125 0.141593 0.106250
0 1.0 0.311504 0.664062 0.623009 0.671875
0 1.0 0.540708 0.260937 0.918584 0.481250
0 1.0 0.083186 0.069531 0.067257 0.114062
0 1.0 0.153097 0.033594 0.100885 0.064062
0 1.0 0.112389 0.078125 0.224779 0.156250
0 1.0 0.291150 0.248438 0.065487 0.093750
0 1.0 0.138053 0.227344 0.276106 0.148438
0 1.0 0.482301 0.234375 0.100885 0.115625
0 1.0 0.400000 0.235156 0.300885 0.145313
0 1.0 0.247788 0.242188 0.279646 0.140625
0 1.0 0.861062 0.175000 0.129204 0.118750
0 1.0 0.424779 0.236719 0.116814 0.139063
0 1.0 0.059292 0.238281 0.069027 0.095312
0 1.0 0.958407 0.185938 0.051327 0.209375
0 1.0 0.174336 0.445312 0.107965 0.090625
0 1.0 0.147788 0.439063 0.231858 0.159375
0 1.0 0.830088 0.358594 0.070796 0.248438
0 1.0 0.767257 0.368750 0.086726 0.231250
0 1.0 0.115929 0.447656 0.023009 0.039062
0 1.0 0.086726 0.447656 0.067257 0.073438
0 1.0 0.061947 0.457031 0.084956 0.139063
0 1.0 0.957522 0.425000 0.046018 0.140625
0 1.0 0.943363 0.400000 0.113274 0.103125
0 1.0 0.348673 0.450000 0.099115 0.156250
0 1.0 0.276106 0.441406 0.212389 0.104688
0 1.0 0.308850 0.455469 0.100885 0.170313
0 1.0 0.232743 0.456250 0.122124 0.365625
0 1.0 0.886726 0.402344 0.226549 0.129688
0 1.0 0.510619 0.422656 0.093805 0.235937
0 1.0 0.529204 0.393750 0.184071 0.140625
0 1.0 0.524779 0.396875 0.242478 0.312500
0 1.0 0.715929 0.403125 0.299115 0.140625
0 1.0 0.702655 0.353906 0.237168 0.367188
0 1.0 0.393805 0.388281 0.146903 0.351562
0 1.0 0.409735 0.392969 0.231858 0.148438
0 1.0 0.336283 0.390625 0.116814 0.353125
0 1.0 0.663717 0.396094 0.081416 0.207813
0 1.0 0.654867 0.397656 0.176991 0.248438
0 1.0 0.838938 0.405469 0.130973 0.098437
0 1.0 0.824779 0.341406 0.106195 0.385937
0 1.0 0.832743 0.426563 0.051327 0.134375
0 1.0 0.521239 0.442188 0.224779 0.118750
0 1.0 0.446018 0.481250 0.074336 0.212500
0 1.0 0.707965 0.421094 0.123894 0.264062
0 1.0 0.724779 0.768750 0.185841 0.140625
0 1.0 0.955752 0.447656 0.088496 0.076563
0 1.0 0.836283 0.454688 0.139823 0.087500
0 1.0 0.608850 0.453906 0.088496 0.167187
0 1.0 0.848673 0.451562 0.023009 0.040625
0 1.0 0.871681 0.428906 0.047788 0.120313
0 1.0 0.187611 0.452344 0.127434 0.310937
0 1.0 0.493805 0.445312 0.056637 0.068750
0 1.0 0.400000 0.443750 0.254867 0.121875
0 1.0 0.159292 0.444531 0.056637 0.064062
0 1.0 0.134513 0.442969 0.130973 0.110937
0 1.0 0.393805 0.467969 0.242478 0.348438
0 1.0 0.344248 0.445312 0.065487 0.065625
0 1.0 0.722124 0.345313 0.240708 0.171875
0 1.0 0.391150 0.345313 0.283186 0.140625
0 1.0 0.604425 0.339062 0.306195 0.146875
0 1.0 0.604425 0.348438 0.210619 0.271875
0 1.0 0.281416 0.315625 0.237168 0.265625
0 1.0 0.832743 0.342969 0.175221 0.107813
0 1.0 0.950442 0.286719 0.099115 0.101562
0 1.0 0.444248 0.310156 0.038938 0.092188
0 1.0 0.081416 0.339062 0.077876 0.193750
0 1.0 0.437168 0.329688 0.265487 0.325000
0 1.0 0.468142 0.356250 0.079646 0.134375
0 1.0 0.145133 0.339062 0.106195 0.200000
0 1.0 0.128319 0.342187 0.175221 0.118750
0 1.0 0.470796 0.349219 0.184071 0.107813
0 1.0 0.076106 0.418750 0.109735 0.275000
0 1.0 0.137168 0.396094 0.178761 0.104688
0 1.0 0.284956 0.388281 0.191150 0.107813
0 1.0 0.301770 0.373437 0.139823 0.200000
0 1.0 0.469027 0.396094 0.201770 0.104688
0 1.0 0.448673 0.427344 0.111504 0.235937
0 1.0 0.760177 0.303906 0.136283 0.407813
0 1.0 0.038938 0.418750 0.077876 0.321875
0 1.0 0.069027 0.398438 0.106195 0.075000
0 1.0 0.051327 0.396094 0.102655 0.154688
0 1.0 0.956637 0.350781 0.040708 0.148438
0 1.0 0.905310 0.347656 0.189381 0.164062
0 1.0 0.560177 0.645312 0.568142 0.218750
0 1.0 0.563717 0.653125 0.405310 0.418750
0 1.0 0.338938 0.642188 0.578761 0.215625
0 1.0 0.346903 0.618750 0.244248 0.440625
0 1.0 0.138938 0.596094 0.235398 0.610938
0 1.0 0.390265 0.122656 0.288496 0.154688
0 1.0 0.547788 0.133594 0.161062 0.223438
0 1.0 0.218584 0.117969 0.253097 0.207813
0 1.0 0.329204 0.137500 0.226549 0.275000
0 1.0 0.332743 0.543750 0.548673 0.243750
0 1.0 0.646903 0.532031 0.281416 0.401562
0 1.0 0.564602 0.121094 0.237168 0.117188
0 1.0 0.700885 0.119531 0.311504 0.148438
0 1.0 0.660177 0.138281 0.109735 0.189062
0 1.0 0.471681 0.124219 0.104425 0.104688
0 1.0 0.801770 0.088281 0.272566 0.151562
0 1.0 0.060177 0.117969 0.120354 0.226562
0 1.0 0.922124 0.078906 0.155752 0.110937
0 1.0 0.948673 0.128906 0.053097 0.123438
0 1.0 0.922124 0.121875 0.109735 0.212500
0 1.0 0.870796 0.128125 0.113274 0.246875
0 1.0 0.726549 0.756250 0.546903 0.231250
0 1.0 0.224779 0.849219 0.449558 0.204687
0 1.0 0.722124 0.096094 0.148673 0.182812
0 1.0 0.825664 0.121875 0.079646 0.137500
0 1.0 0.453982 0.757812 0.610619 0.218750
0 1.0 0.179646 0.730469 0.359292 0.442188
0 1.0 0.307080 0.127344 0.069027 0.104688
0 1.0 0.071681 0.121875 0.143363 0.109375
0 1.0 0.570796 0.345313 0.529204 0.253125
0 1.0 0.456637 0.349219 0.389381 0.539062
0 1.0 0.350442 0.354687 0.226549 0.668750
0 1.0 0.072566 0.417187 0.145133 0.693750
0 1.0 0.876991 0.126562 0.246018 0.137500
0 1.0 0.835398 0.349219 0.329204 0.217188
0 1.0 0.137168 0.173437 0.263717 0.143750
0 1.0 0.344248 0.351562 0.557522 0.231250
0 1.0 0.060177 0.177344 0.120354 0.092188
0 1.0 0.256637 0.333594 0.223009 0.645312
0 1.0 0.155752 0.290625 0.293805 0.487500
0 1.0 0.554867 0.545312 0.518584 0.231250
0 1.0 0.333628 0.450781 0.578761 0.226562
0 1.0 0.722124 0.450781 0.509735 0.226562
0 1.0 0.242478 0.438281 0.403540 0.510938
0 1.0 0.566372 0.455469 0.417699 0.304688
0 1.0 0.719469 0.036719 0.086726 0.057813
0 1.0 0.666372 0.074219 0.040708 0.054688
0 1.0 0.692920 0.042188 0.125664 0.078125
0 1.0 0.615929 0.071875 0.056637 0.087500
0 1.0 0.657522 0.032813 0.090265 0.056250
0 1.0 0.615929 0.073438 0.237168 0.146875
0 1.0 0.561062 0.066406 0.053097 0.085938
0 1.0 0.599115 0.031250 0.069027 0.050000
0 1.0 0.584956 0.038281 0.122124 0.076563
0 1.0 0.500885 0.085156 0.063717 0.095312
0 1.0 0.521239 0.032813 0.168142 0.065625
0 1.0 0.493805 0.078906 0.251327 0.157812
0 1.0 0.742478 0.042969 0.139823 0.085938
0 1.0 0.710619 0.060156 0.061947 0.082812
0 1.0 0.499115 0.817187 0.998230 0.365625
0 1.0 0.345133 0.062500 0.134513 0.125000
0 1.0 0.263717 0.041406 0.187611 0.082812
0 1.0 0.390265 0.084375 0.086726 0.165625
0 1.0 0.391150 0.036719 0.254867 0.073438
0 1.0 0.287611 0.065625 0.069027 0.121875
0 1.0 0.060177 0.050781 0.081416 0.095312
0 1.0 0.240708 0.085156 0.088496 0.151562
0 1.0 0.515044 0.428125 0.594690 0.787500
0 1.0 0.030088 0.068750 0.056637 0.109375
0 1.0 0.100885 0.029687 0.060177 0.056250
0 1.0 0.291150 0.078125 0.256637 0.156250
0 1.0 0.185841 0.071875 0.099115 0.131250
0 1.0 0.433628 0.082031 0.092035 0.101562
0 1.0 0.438053 0.097656 0.044248 0.070312
0 1.0 0.316814 0.180469 0.633628 0.360938
0 1.0 0.741593 0.878906 0.516814 0.242188
0 1.0 0.776991 0.404687 0.421239 0.809375
0 1.0 0.509735 0.032813 0.049558 0.050000
0 1.0 0.549558 0.846875 0.610619 0.200000
0 1.0 0.823894 0.078906 0.058407 0.098437
0 1.0 0.294690 0.118750 0.111504 0.212500
0 1.0 0.606195 0.112500 0.100885 0.193750
0 1.0 0.503540 0.146875 0.083186 0.143750
0 1.0 0.439823 0.150000 0.061947 0.131250
0 1.0 0.436283 0.118750 0.136283 0.184375
0 1.0 0.658407 0.103125 0.074336 0.143750
0 1.0 0.776991 0.137500 0.446018 0.275000
0 1.0 0.864602 0.035937 0.076106 0.056250
0 1.0 0.880531 0.078906 0.040708 0.060937
0 1.0 0.865487 0.043750 0.138053 0.078125
0 1.0 0.830088 0.922656 0.339823 0.154688
0 1.0 0.167257 0.925000 0.334513 0.150000
0 1.0 0.832743 0.074219 0.044248 0.060937
0 1.0 0.825664 0.060156 0.111504 0.095312
0 1.0 0.769027 0.066406 0.086726 0.123438
0 1.0 0.793805 0.034375 0.122124 0.062500
0 1.0 0.549558 0.922656 0.600000 0.154688
0 1.0 0.957522 0.103906 0.028319 0.070312
0 1.0 0.927434 0.036719 0.145133 0.073438
0 1.0 0.946903 0.083594 0.042478 0.073438
0 1.0 0.928319 0.119531 0.065487 0.132812
0 1.0 0.871681 0.088281 0.054867 0.095312
0 1.0 0.393805 0.860938 0.189381 0.200000
0 1.0 0.347788 0.792969 0.051327 0.120313
0 1.0 0.303540 0.863281 0.274336 0.123438
0 1.0 0.349558 0.824219 0.086726 0.173437
0 1.0 0.622124 0.870313 0.231858 0.137500
0 1.0 0.561947 0.849219 0.051327 0.089063
0 1.0 0.579646 0.871094 0.118584 0.095312
0 1.0 0.561062 0.856250 0.261947 0.256250
0 1.0 0.243363 0.834375 0.069027 0.140625
0 1.0 0.821239 0.867969 0.304425 0.126562
0 1.0 0.831858 0.860156 0.038938 0.076563
0 1.0 0.505310 0.836719 0.051327 0.117188
0 1.0 0.515044 0.866406 0.254867 0.104688
0 1.0 0.499115 0.864062 0.187611 0.196875
0 1.0 0.720354 0.826562 0.046018 0.087500
0 1.0 0.715929 0.867969 0.306195 0.110937
0 1.0 0.727434 0.846875 0.038938 0.068750
0 1.0 0.710619 0.864062 0.203540 0.193750
0 1.0 0.663717 0.835938 0.053097 0.109375
0 1.0 0.453982 0.808594 0.033628 0.073438
0 1.0 0.293805 0.819531 0.106195 0.173437
0 1.0 0.268142 0.875000 0.086726 0.093750
0 1.0 0.942478 0.822656 0.115044 0.189062
0 1.0 0.189381 0.814844 0.053097 0.110937
0 1.0 0.892920 0.812500 0.214159 0.306250
0 1.0 0.188496 0.875000 0.150442 0.131250
0 1.0 0.132743 0.848437 0.077876 0.156250
0 1.0 0.873451 0.814844 0.253097 0.126562
0 1.0 0.189381 0.837500 0.095575 0.156250
0 1.0 0.454867 0.836719 0.063717 0.110937
0 1.0 0.492035 0.872656 0.084956 0.085938
0 1.0 0.396460 0.830469 0.056637 0.135937
0 1.0 0.419469 0.865625 0.127434 0.115625
0 1.0 0.080531 0.846094 0.065487 0.145313
0 1.0 0.115044 0.875000 0.145133 0.100000
0 1.0 0.099115 0.855469 0.198230 0.251563
0 1.0 0.027434 0.880469 0.037168 0.120313
0 1.0 0.292035 0.799219 0.056637 0.123438
0 1.0 0.027434 0.932813 0.054867 0.134375
0 1.0 0.070796 0.917969 0.141593 0.098437
0 1.0 0.287611 0.881250 0.153982 0.237500
0 1.0 0.820354 0.836719 0.054867 0.110937
0 1.0 0.234513 0.883594 0.122124 0.232813
0 1.0 0.564602 0.923438 0.152212 0.153125
0 1.0 0.498230 0.899219 0.111504 0.201563
0 1.0 0.459292 0.925781 0.221239 0.139063
0 1.0 0.961062 0.874219 0.028319 0.067187
0 1.0 0.954867 0.885938 0.054867 0.093750
0 1.0 0.918584 0.876563 0.162832 0.137500
0 1.0 0.612389 0.845313 0.049558 0.109375
0 1.0 0.820354 0.874219 0.118584 0.082812
0 1.0 0.889381 0.867188 0.047788 0.087500
0 1.0 0.861947 0.879687 0.077876 0.078125
0 1.0 0.077876 0.898438 0.116814 0.203125
0 1.0 0.772566 0.832812 0.058407 0.115625
0 1.0 0.876106 0.765625 0.247788 0.131250
0 1.0 0.205310 0.818750 0.272566 0.128125
0 1.0 0.393805 0.808594 0.334513 0.135937
0 1.0 0.093805 0.821875 0.162832 0.100000
0 1.0 0.106195 0.828906 0.081416 0.101562
0 1.0 0.272566 0.819531 0.099115 0.107813
0 1.0 0.831858 0.775000 0.063717 0.084375
0 1.0 0.579646 0.767188 0.104425 0.103125
0 1.0 0.711504 0.746875 0.127434 0.300000
0 1.0 0.049558 0.822656 0.099115 0.073438
0 1.0 0.053097 0.832812 0.046018 0.062500
0 1.0 0.050442 0.827344 0.097345 0.160938
0 1.0 0.964602 0.775000 0.056637 0.162500
0 1.0 0.789381 0.768750 0.127434 0.096875
0 1.0 0.658407 0.794531 0.145133 0.273438
0 1.0 0.667257 0.813281 0.233628 0.151562
0 1.0 0.796460 0.816406 0.159292 0.098437
0 1.0 0.814159 0.814844 0.130973 0.317188
0 1.0 0.517699 0.811719 0.295575 0.123438
0 1.0 0.839823 0.822656 0.069027 0.079687
0 1.0 0.769027 0.809375 0.327434 0.128125
0 1.0 0.766372 0.800000 0.141593 0.259375
0 1.0 0.063717 0.878906 0.053097 0.073438
0 1.0 0.553097 0.799219 0.125664 0.317188
0 1.0 0.576991 0.814844 0.134513 0.114062
0 1.0 0.183186 0.802344 0.129204 0.317188
0 1.0 0.484071 0.817969 0.100885 0.107813
0 1.0 0.448673 0.810156 0.242478 0.279687
0 1.0 0.340708 0.802344 0.125664 0.310937
0 1.0 0.606195 0.800000 0.122124 0.253125
0 1.0 0.396460 0.167969 0.205310 0.164062
0 1.0 0.378761 0.172656 0.106195 0.095312
0 1.0 0.315929 0.170313 0.086726 0.146875
0 1.0 0.648673 0.082812 0.557522 0.165625
0 1.0 0.857522 0.961719 0.086726 0.073438
0 1.0 0.769912 0.949219 0.102655 0.101562
0 1.0 0.772566 0.950000 0.231858 0.100000
0 1.0 0.712389 0.946094 0.086726 0.107813
0 1.0 0.940708 0.961719 0.118584 0.076563
0 1.0 0.971681 0.957812 0.053097 0.084375
0 1.0 0.344248 0.076563 0.578761 0.153125
0 1.0 0.858407 0.963281 0.049558 0.048438
0 1.0 0.199115 0.235156 0.398230 0.248438
0 1.0 0.552212 0.230469 0.223009 0.460938
0 1.0 0.459292 0.243750 0.578761 0.243750
0 1.0 0.176106 0.141406 0.090265 0.170313
0 1.0 0.459292 0.136719 0.621239 0.229687
0 1.0 0.106195 0.957812 0.152212 0.084375
0 1.0 0.711504 0.902344 0.113274 0.195312
0 1.0 0.051327 0.955469 0.102655 0.089063
0 1.0 0.929204 0.919531 0.141593 0.107813
0 1.0 0.269912 0.962500 0.111504 0.068750
0 1.0 0.239823 0.945312 0.107965 0.109375
0 1.0 0.878761 0.914844 0.111504 0.170313
0 1.0 0.168142 0.962500 0.099115 0.062500
0 1.0 0.130973 0.964063 0.092035 0.059375
0 1.0 0.719469 0.922656 0.277876 0.142187
0 1.0 0.658407 0.906250 0.109735 0.187500
0 1.0 0.341593 0.918750 0.272566 0.146875
0 1.0 0.607080 0.928125 0.084956 0.143750
0 1.0 0.813274 0.903125 0.111504 0.193750
0 1.0 0.447788 0.902344 0.106195 0.195312
0 1.0 0.802655 0.963281 0.107965 0.067187
0 1.0 0.509735 0.952344 0.130973 0.095312
0 1.0 0.451327 0.953125 0.077876 0.093750
0 1.0 0.508850 0.963281 0.058407 0.054688
0 1.0 0.660177 0.949219 0.084956 0.101562
0 1.0 0.346903 0.942187 0.120354 0.115625
0 1.0 0.616814 0.949219 0.203540 0.101562
0 1.0 0.554867 0.956250 0.076106 0.087500
0 1.0 0.394690 0.942187 0.088496 0.115625
0 1.0 0.076106 0.966406 0.053097 0.048438
0 1.0 0.305310 0.952344 0.118584 0.095312
0 1.0 0.607965 0.964844 0.065487 0.054688
0 1.0 0.184956 0.942969 0.115044 0.114062
0 1.0 0.676991 0.648438 0.646018 0.703125
0 1.0 0.440708 0.627344 0.226549 0.454688
0 1.0 0.334513 0.828125 0.424779 0.343750
0 1.0 0.846903 0.737500 0.203540 0.525000
0 1.0 0.871681 0.309375 0.249558 0.618750
0 1.0 0.745133 0.517188 0.219469 0.578125
0 1.0 0.843363 0.549219 0.231858 0.535937
0 1.0 0.926549 0.554688 0.146903 0.578125