0 1.0 0.224219 0.500000 0.414062 1.000000
0 1.0 0.781250 0.524254 0.393750 0.951493
0 1.0 0.430469 0.500000 0.570312 1.000000
0 1.0 0.484375 0.655784 0.378125 0.546642
0 1.0 0.753906 0.370336 0.367188 0.326493
0 1.0 0.633594 0.588619 0.170313 0.151119
0 1.0 0.850781 0.573694 0.260937 0.341418
0 1.0 0.757812 0.582090 0.131250 0.347015
0 1.0 0.646875 0.596082 0.146875 0.326493
0 1.0 0.704688 0.587687 0.200000 0.238806
0 1.0 0.718750 0.602612 0.206250 0.100746
0 1.0 0.796094 0.604478 0.245312 0.123134
0 1.0 0.824219 0.586754 0.085938 0.236940
0 1.0 0.446875 0.604478 0.184375 0.250000
0 1.0 0.484375 0.584888 0.153125 0.151119
0 1.0 0.421875 0.595149 0.321875 0.160448
0 1.0 0.334375 0.613806 0.128125 0.250000
0 1.0 0.285156 0.601679 0.242188 0.125000
0 1.0 0.594531 0.592351 0.182812 0.263060
0 1.0 0.392188 0.660448 0.206250 0.201493
0 1.0 0.296094 0.653918 0.126562 0.285448
0 1.0 0.324219 0.604478 0.064062 0.082090
0 1.0 0.319531 0.667910 0.073438 0.082090
0 1.0 0.239063 0.644590 0.106250 0.263060
0 1.0 0.232813 0.661381 0.300000 0.136194
0 1.0 0.217188 0.639925 0.306250 0.291045
0 1.0 0.557031 0.643657 0.176563 0.134328
0 1.0 0.501563 0.635261 0.153125 0.345149
0 1.0 0.489844 0.666045 0.073438 0.093284
0 1.0 0.069531 0.653918 0.060937 0.087687
0 1.0 0.068750 0.662313 0.137500 0.335821
0 1.0 0.048438 0.646455 0.093750 0.158582
0 1.0 0.960938 0.654851 0.053125 0.212687
0 1.0 0.953906 0.601679 0.092188 0.095149
0 1.0 0.930469 0.601679 0.139063 0.296642
0 1.0 0.880469 0.583022 0.123438 0.386194
0 1.0 0.824219 0.606343 0.079687 0.070896
0 1.0 0.875000 0.608209 0.046875 0.063433
0 1.0 0.189844 0.651119 0.120313 0.283582
0 1.0 0.128906 0.659515 0.135937 0.289179
0 1.0 0.147656 0.651119 0.104688 0.111940
0 1.0 0.035937 0.694963 0.071875 0.445896
0 1.0 0.393750 0.588619 0.115625 0.229478
0 1.0 0.360156 0.555037 0.214062 0.128731
0 1.0 0.499219 0.551306 0.295312 0.188433
0 1.0 0.149219 0.570896 0.295312 0.324627
0 1.0 0.131250 0.547575 0.162500 0.106343
0 1.0 0.091406 0.553172 0.173437 0.244403
0 1.0 0.060156 0.547575 0.092188 0.080224
0 1.0 0.034375 0.552239 0.068750 0.298507
0 1.0 0.960938 0.558769 0.037500 0.117537
0 1.0 0.945312 0.499067 0.109375 0.106343
0 1.0 0.932813 0.491604 0.134375 0.270522
0 1.0 0.325000 0.563433 0.103125 0.119403
0 1.0 0.242188 0.555037 0.212500 0.125000
0 1.0 0.153906 0.556903 0.223438 0.188433
0 1.0 0.146875 0.600746 0.131250 0.089552
0 1.0 0.157812 0.598881 0.062500 0.082090
0 1.0 0.072656 0.600746 0.076563 0.070896
0 1.0 0.961719 0.611007 0.035937 0.121269
0 1.0 0.951562 0.551306 0.096875 0.102612
0 1.0 0.776563 0.501866 0.306250 0.380597
0 1.0 0.681250 0.547575 0.293750 0.132463
0 1.0 0.713281 0.539179 0.085938 0.197761
0 1.0 0.884375 0.553172 0.231250 0.132463
0 1.0 0.848437 0.558769 0.103125 0.083955
0 1.0 0.389844 0.785448 0.270313 0.373134
0 1.0 0.378906 0.757463 0.220312 0.130597
0 1.0 0.260937 0.759328 0.300000 0.134328
0 1.0 0.300781 0.759328 0.154688 0.358209
0 1.0 0.327344 0.763993 0.032813 0.069030
0 1.0 0.242188 0.764925 0.137500 0.358209
0 1.0 0.556250 0.776119 0.240625 0.179104
0 1.0 0.546875 0.783582 0.281250 0.388060
0 1.0 0.494531 0.803172 0.151562 0.311567
0 1.0 0.437500 0.763060 0.103125 0.126866
0 1.0 0.489844 0.766791 0.089063 0.115672
0 1.0 0.085156 0.769590 0.160938 0.266791
0 1.0 0.053906 0.752799 0.107813 0.083955
0 1.0 0.046094 0.777985 0.092188 0.227612
0 1.0 0.957812 0.734142 0.068750 0.333955
0 1.0 0.953906 0.708022 0.092188 0.136194
0 1.0 0.925781 0.715485 0.104688 0.438433
0 1.0 0.877344 0.710821 0.245312 0.126866
0 1.0 0.894531 0.713619 0.210938 0.341418
0 1.0 0.228906 0.785448 0.317188 0.380597
0 1.0 0.180469 0.768657 0.154688 0.373134
0 1.0 0.168750 0.765858 0.134375 0.132463
0 1.0 0.051562 0.812500 0.103125 0.087687
0 1.0 0.948438 0.761194 0.103125 0.108209
0 1.0 0.870313 0.763993 0.259375 0.136194
0 1.0 0.192969 0.817164 0.279687 0.138060
0 1.0 0.128906 0.802239 0.154688 0.358209
0 1.0 0.153906 0.827425 0.114062 0.121269
0 1.0 0.114062 0.828358 0.090625 0.111940
0 1.0 0.701562 0.777985 0.146875 0.309701
0 1.0 0.720313 0.768657 0.240625 0.179104
0 1.0 0.638281 0.758396 0.310937 0.136194
0 1.0 0.789844 0.764925 0.098437 0.085821
0 1.0 0.835156 0.775187 0.060937 0.087687
0 1.0 0.813281 0.755597 0.135937 0.317164
0 1.0 0.814844 0.777985 0.285938 0.335821
0 1.0 0.759375 0.762127 0.131250 0.352612
0 1.0 0.067969 0.706157 0.135937 0.095149
0 1.0 0.957031 0.655784 0.085938 0.121269
0 1.0 0.880469 0.658582 0.239063 0.126866
0 1.0 0.186719 0.704291 0.295312 0.154851
0 1.0 0.144531 0.707090 0.107813 0.119403
0 1.0 0.696875 0.656716 0.293750 0.126866
0 1.0 0.714063 0.644590 0.121875 0.277985
0 1.0 0.802344 0.662313 0.082812 0.078358
0 1.0 0.842187 0.666045 0.071875 0.085821
0 1.0 0.767188 0.626866 0.275000 0.335821
0 1.0 0.712500 0.710821 0.293750 0.123134
0 1.0 0.660156 0.709888 0.129688 0.363806
0 1.0 0.251563 0.703358 0.150000 0.134328
0 1.0 0.601562 0.708955 0.293750 0.126866
0 1.0 0.604688 0.694963 0.193750 0.248134
0 1.0 0.553906 0.694030 0.142187 0.429104
0 1.0 0.802344 0.715485 0.082812 0.080224
0 1.0 0.839844 0.721082 0.067187 0.091418
0 1.0 0.414062 0.705224 0.150000 0.149254
0 1.0 0.334375 0.706157 0.050000 0.087687
0 1.0 0.491406 0.711754 0.223438 0.158582
0 1.0 0.446094 0.737873 0.126562 0.300373
0 1.0 0.477344 0.714552 0.092188 0.111940
0 1.0 0.567969 0.366604 0.154688 0.180970
0 1.0 0.499219 0.403918 0.067187 0.132463
0 1.0 0.524219 0.350746 0.173437 0.100746
0 1.0 0.226562 0.291045 0.265625 0.388060
0 1.0 0.242969 0.319030 0.132812 0.235075
0 1.0 0.182031 0.304104 0.104688 0.294776
0 1.0 0.157812 0.350746 0.121875 0.108209
0 1.0 0.441406 0.397388 0.026562 0.052239
0 1.0 0.436719 0.388993 0.073438 0.102612
0 1.0 0.456250 0.336754 0.237500 0.285448
0 1.0 0.475781 0.375000 0.085938 0.111940
0 1.0 0.392969 0.388060 0.060937 0.156716
0 1.0 0.418750 0.344216 0.275000 0.110075
0 1.0 0.427344 0.352612 0.129688 0.115672
0 1.0 0.728125 0.359142 0.196875 0.270522
0 1.0 0.663281 0.409515 0.076563 0.166045
0 1.0 0.688281 0.335821 0.251563 0.145522
0 1.0 0.339062 0.350746 0.078125 0.250000
0 1.0 0.303906 0.347948 0.145313 0.098881
0 1.0 0.559375 0.343284 0.246875 0.313433
0 1.0 0.619531 0.402052 0.073438 0.121269
0 1.0 0.556250 0.402985 0.087500 0.156716
0 1.0 0.910937 0.332090 0.100000 0.205224
0 1.0 0.894531 0.294776 0.210938 0.119403
0 1.0 0.137500 0.348881 0.225000 0.179104
0 1.0 0.192969 0.337687 0.076563 0.152985
0 1.0 0.129688 0.313433 0.128125 0.272388
0 1.0 0.076563 0.328358 0.128125 0.358209
0 1.0 0.829688 0.333955 0.075000 0.156716
0 1.0 0.812500 0.313433 0.262500 0.175373
0 1.0 0.115625 0.343284 0.103125 0.089552
0 1.0 0.331250 0.303172 0.221875 0.375000
0 1.0 0.289844 0.309701 0.079687 0.268657
0 1.0 0.960938 0.305037 0.078125 0.125000
0 1.0 0.321094 0.338619 0.060937 0.147388
0 1.0 0.232813 0.342351 0.190625 0.125000
0 1.0 0.882031 0.343284 0.229687 0.261194
0 1.0 0.109375 0.393657 0.140625 0.097015
0 1.0 0.142969 0.370336 0.270313 0.386194
0 1.0 0.341406 0.401119 0.189062 0.138060
0 1.0 0.024219 0.430970 0.048438 0.250000
0 1.0 0.049219 0.391791 0.098437 0.082090
0 1.0 0.235156 0.401119 0.151562 0.097015
0 1.0 0.296094 0.374067 0.129688 0.277985
0 1.0 0.177344 0.399254 0.232813 0.134328
0 1.0 0.959375 0.363806 0.028125 0.070896
0 1.0 0.927344 0.341418 0.145313 0.108209
0 1.0 0.950000 0.376866 0.056250 0.111940
0 1.0 0.934375 0.239739 0.131250 0.136194
0 1.0 0.925781 0.242537 0.148438 0.279851
0 1.0 0.199219 0.293843 0.089063 0.091418
0 1.0 0.134375 0.293843 0.096875 0.080224
0 1.0 0.821094 0.277052 0.095312 0.229478
0 1.0 0.818750 0.240672 0.300000 0.108209
0 1.0 0.155469 0.287313 0.248438 0.179104
0 1.0 0.077344 0.260261 0.070312 0.154851
0 1.0 0.333594 0.286381 0.123438 0.277985
0 1.0 0.333594 0.291045 0.232813 0.167910
0 1.0 0.352344 0.299440 0.073438 0.151119
0 1.0 0.267188 0.291978 0.087500 0.080224
0 1.0 0.321094 0.284515 0.039062 0.106343
0 1.0 0.873437 0.267724 0.109375 0.259328
0 1.0 0.821094 0.242537 0.151562 0.089552
0 1.0 0.078125 0.066231 0.065625 0.106343
0 1.0 0.141406 0.082090 0.060937 0.149254
0 1.0 0.165625 0.034515 0.137500 0.069030
0 1.0 0.135937 0.088619 0.234375 0.177239
0 1.0 0.046875 0.053172 0.090625 0.106343
0 1.0 0.428125 0.729478 0.856250 0.507463
0 1.0 0.026562 0.313433 0.053125 0.223881
0 1.0 0.065625 0.290112 0.100000 0.076493
0 1.0 0.296094 0.058769 0.120313 0.117537
0 1.0 0.106250 0.041978 0.153125 0.083955
0 1.0 0.027344 0.059701 0.042188 0.108209
0 1.0 0.060156 0.027052 0.064062 0.054104
0 1.0 0.842969 0.301306 0.126562 0.095149
0 1.0 0.880469 0.334888 0.070312 0.098881
0 1.0 0.406250 0.285448 0.171875 0.093284
0 1.0 0.571875 0.305037 0.100000 0.154851
0 1.0 0.496094 0.313433 0.089063 0.238806
0 1.0 0.517969 0.290112 0.104688 0.083955
0 1.0 0.503906 0.294776 0.182812 0.130597
0 1.0 0.768750 0.332090 0.115625 0.194030
0 1.0 0.063281 0.340485 0.076563 0.072761
0 1.0 0.042188 0.341418 0.084375 0.108209
0 1.0 0.956250 0.313433 0.037500 0.070896
0 1.0 0.667188 0.325560 0.087500 0.229478
0 1.0 0.697656 0.292910 0.132812 0.097015
0 1.0 0.680469 0.313433 0.042188 0.100746
0 1.0 0.660156 0.295709 0.260937 0.330224
0 1.0 0.567969 0.295709 0.082812 0.076493
0 1.0 0.200781 0.276119 0.148438 0.126866
0 1.0 0.441406 0.337687 0.054688 0.156716
0 1.0 0.506250 0.291978 0.046875 0.057836
0 1.0 0.482812 0.305037 0.059375 0.102612
0 1.0 0.393750 0.307836 0.075000 0.197761
0 1.0 0.704688 0.326493 0.090625 0.216418
0 1.0 0.756250 0.289179 0.156250 0.100746
0 1.0 0.714063 0.317164 0.056250 0.119403
0 1.0 0.608594 0.316231 0.095312 0.229478
0 1.0 0.648438 0.292910 0.084375 0.085821
0 1.0 0.615625 0.308769 0.053125 0.113806
0 1.0 0.132812 0.499067 0.134375 0.274254
0 1.0 0.115625 0.500933 0.125000 0.091418
0 1.0 0.044531 0.499067 0.089063 0.080224
0 1.0 0.696875 0.450560 0.090625 0.087687
0 1.0 0.959375 0.493470 0.037500 0.113806
0 1.0 0.292187 0.509328 0.143750 0.238806
0 1.0 0.329688 0.513993 0.059375 0.069030
0 1.0 0.315625 0.518657 0.106250 0.141791
0 1.0 0.244531 0.496269 0.104688 0.309701
0 1.0 0.251563 0.508396 0.175000 0.091418
0 1.0 0.850000 0.444030 0.193750 0.123134
0 1.0 0.185938 0.517724 0.109375 0.300373
0 1.0 0.190625 0.512127 0.215625 0.154851
0 1.0 0.232031 0.480410 0.260937 0.322761
0 1.0 0.812500 0.435634 0.303125 0.192164
0 1.0 0.696094 0.427239 0.248438 0.167910
0 1.0 0.953125 0.441231 0.093750 0.091418
0 1.0 0.709375 0.405784 0.096875 0.199627
0 1.0 0.482031 0.469216 0.170313 0.083955
0 1.0 0.657031 0.489739 0.079687 0.139925
0 1.0 0.826562 0.423507 0.087500 0.186567
0 1.0 0.882031 0.430970 0.139063 0.309701
0 1.0 0.861719 0.446828 0.064062 0.069030
0 1.0 0.614844 0.472948 0.120313 0.132463
0 1.0 0.759375 0.442164 0.118750 0.328358
0 1.0 0.703125 0.501866 0.215625 0.134328
0 1.0 0.653125 0.513993 0.115625 0.233209
0 1.0 0.638281 0.494403 0.226562 0.261194
0 1.0 0.883594 0.500933 0.232813 0.136194
0 1.0 0.824219 0.477612 0.170313 0.231343
0 1.0 0.830469 0.508396 0.126562 0.091418
0 1.0 0.496875 0.507463 0.225000 0.097015
0 1.0 0.440625 0.544776 0.134375 0.164179
0 1.0 0.369531 0.506530 0.120313 0.076493
0 1.0 0.606250 0.537313 0.125000 0.208955
0 1.0 0.595313 0.504664 0.193750 0.106343
0 1.0 0.552344 0.567164 0.110937 0.167910
0 1.0 0.439063 0.568097 0.078125 0.139925
0 1.0 0.816406 0.373134 0.154688 0.231343
0 1.0 0.439844 0.486940 0.051562 0.074627
0 1.0 0.503125 0.409515 0.096875 0.069030
0 1.0 0.959375 0.453358 0.046875 0.141791
0 1.0 0.935156 0.387127 0.129688 0.117537
0 1.0 0.625000 0.462687 0.065625 0.093284
0 1.0 0.604688 0.403918 0.250000 0.177239
0 1.0 0.512500 0.470149 0.056250 0.059701
0 1.0 0.525000 0.412313 0.259375 0.134328
0 1.0 0.475781 0.433769 0.101562 0.095149
0 1.0 0.389844 0.449627 0.067187 0.123134
0 1.0 0.421875 0.402052 0.187500 0.091418
0 1.0 0.665625 0.450560 0.062500 0.102612
0 1.0 0.542969 0.409515 0.123438 0.087687
0 1.0 0.548438 0.469216 0.093750 0.121269
0 1.0 0.441406 0.517724 0.045312 0.069030
0 1.0 0.528125 0.464552 0.040625 0.044776
0 1.0 0.441406 0.502799 0.082812 0.087687
0 1.0 0.196094 0.446828 0.089063 0.139925
0 1.0 0.460156 0.470149 0.270313 0.264925
0 1.0 0.487500 0.486940 0.071875 0.078358
0 1.0 0.392188 0.524254 0.068750 0.123134
0 1.0 0.047656 0.456157 0.060937 0.125000
0 1.0 0.415625 0.482276 0.084375 0.095149
0 1.0 0.347656 0.460821 0.032813 0.048507
0 1.0 0.340625 0.482276 0.100000 0.147388
0 1.0 0.617188 0.512127 0.078125 0.125000
0 1.0 0.285156 0.460821 0.126562 0.082090
0 1.0 0.545312 0.517724 0.103125 0.113806
0 1.0 0.505469 0.546642 0.060937 0.100746
0 1.0 0.519531 0.463619 0.267188 0.125000
0 1.0 0.855469 0.383396 0.217188 0.132463
0 1.0 0.164844 0.449627 0.067187 0.067164
0 1.0 0.143750 0.444963 0.212500 0.125000
0 1.0 0.336719 0.448694 0.229687 0.296642
0 1.0 0.088281 0.441231 0.129688 0.195896
0 1.0 0.053125 0.444030 0.043750 0.055970
0 1.0 0.118750 0.444963 0.081250 0.072761
0 1.0 0.295312 0.468284 0.078125 0.197761
0 1.0 0.328125 0.467351 0.059375 0.106343
0 1.0 0.246094 0.455224 0.220312 0.119403
0 1.0 0.182031 0.426306 0.142187 0.277985
0 1.0 0.532813 0.638060 0.509375 0.261194
0 1.0 0.455469 0.137127 0.139063 0.199627
0 1.0 0.392188 0.147388 0.128125 0.294776
0 1.0 0.393750 0.129664 0.237500 0.121269
0 1.0 0.732812 0.651119 0.518750 0.238806
0 1.0 0.641406 0.611940 0.210938 0.656716
0 1.0 0.330469 0.155784 0.114062 0.270522
0 1.0 0.279687 0.155784 0.150000 0.248134
0 1.0 0.225781 0.135261 0.254688 0.128731
0 1.0 0.265625 0.151119 0.065625 0.093284
0 1.0 0.375781 0.552239 0.492188 0.227612
0 1.0 0.407031 0.137127 0.117188 0.121269
0 1.0 0.660156 0.550373 0.567187 0.235075
0 1.0 0.697656 0.130597 0.226562 0.261194
0 1.0 0.657031 0.120336 0.235937 0.139925
0 1.0 0.565625 0.144590 0.237500 0.289179
0 1.0 0.503906 0.148321 0.107813 0.296642
0 1.0 0.508594 0.125000 0.164062 0.111940
0 1.0 0.444531 0.159515 0.060937 0.162313
0 1.0 0.471875 0.137127 0.081250 0.098881
0 1.0 0.052344 0.136194 0.104688 0.171642
0 1.0 0.971875 0.114739 0.050000 0.128731
0 1.0 0.950000 0.077425 0.100000 0.095149
0 1.0 0.656250 0.686567 0.450000 0.529851
0 1.0 0.813281 0.117537 0.114062 0.235075
0 1.0 0.077344 0.132463 0.154688 0.264925
0 1.0 0.925781 0.106343 0.148438 0.212687
0 1.0 0.184375 0.140858 0.140625 0.277985
0 1.0 0.142969 0.158582 0.098437 0.253731
0 1.0 0.062500 0.128731 0.109375 0.085821
0 1.0 0.454688 0.348881 0.509375 0.238806
0 1.0 0.258594 0.347015 0.517188 0.235075
0 1.0 0.347656 0.182836 0.085938 0.097015
0 1.0 0.226562 0.187500 0.159375 0.132463
0 1.0 0.178125 0.180037 0.262500 0.222015
0 1.0 0.200000 0.181903 0.056250 0.125000
0 1.0 0.560156 0.334888 0.382812 0.449627
0 1.0 0.297656 0.202425 0.057813 0.139925
0 1.0 0.345313 0.312500 0.390625 0.539179
0 1.0 0.526563 0.183769 0.112500 0.091418
0 1.0 0.749219 0.266791 0.467187 0.223881
0 1.0 0.845313 0.291045 0.196875 0.466418
0 1.0 0.484375 0.181903 0.140625 0.102612
0 1.0 0.486719 0.191231 0.054688 0.072761
0 1.0 0.470313 0.195896 0.068750 0.126866
0 1.0 0.400000 0.180970 0.237500 0.130597
0 1.0 0.708594 0.130597 0.114062 0.227612
0 1.0 0.831250 0.123134 0.225000 0.130597
0 1.0 0.606250 0.140858 0.115625 0.240672
0 1.0 0.767969 0.121269 0.223438 0.179104
0 1.0 0.767969 0.138060 0.107813 0.186567
0 1.0 0.134375 0.178172 0.100000 0.095149
0 1.0 0.116406 0.177239 0.142187 0.156716
0 1.0 0.026562 0.192164 0.053125 0.201493
0 1.0 0.062500 0.180970 0.071875 0.074627
0 1.0 0.056250 0.185634 0.078125 0.147388
0 1.0 0.970313 0.180037 0.053125 0.143657
0 1.0 0.949219 0.125933 0.101562 0.095149
0 1.0 0.349219 0.456157 0.557813 0.225746
0 1.0 0.872656 0.149254 0.120313 0.298507
0 1.0 0.842969 0.125933 0.114062 0.095149
0 1.0 0.504687 0.492537 0.609375 0.429104
0 1.0 0.553125 0.066231 0.062500 0.128731
0 1.0 0.721875 0.048507 0.059375 0.089552
0 1.0 0.714844 0.040112 0.173437 0.080224
0 1.0 0.665625 0.062500 0.071875 0.125000
0 1.0 0.672656 0.028918 0.114062 0.057836
0 1.0 0.600000 0.061567 0.062500 0.123134
0 1.0 0.625000 0.039179 0.168750 0.078358
0 1.0 0.606250 0.085821 0.246875 0.171642
0 1.0 0.685937 0.141791 0.628125 0.283582
0 1.0 0.946875 0.031716 0.106250 0.063433
0 1.0 0.965625 0.053172 0.053125 0.080224
0 1.0 0.919531 0.068097 0.082812 0.136194
0 1.0 0.868750 0.056903 0.150000 0.113806
0 1.0 0.816406 0.054104 0.067187 0.108209
0 1.0 0.799219 0.030784 0.173437 0.061567
0 1.0 0.767969 0.059701 0.073438 0.119403
0 1.0 0.285938 0.079291 0.234375 0.158582
0 1.0 0.242969 0.875000 0.485938 0.250000
0 1.0 0.489063 0.195896 0.946875 0.391791
0 1.0 0.753125 0.876866 0.493750 0.246269
0 1.0 0.446875 0.085821 0.234375 0.171642
0 1.0 0.235937 0.083022 0.093750 0.166045
0 1.0 0.245312 0.033582 0.181250 0.067164
0 1.0 0.189844 0.069963 0.092188 0.139925
0 1.0 0.504687 0.063433 0.065625 0.108209
0 1.0 0.499219 0.039179 0.170313 0.078358
0 1.0 0.449219 0.056903 0.045312 0.102612
0 1.0 0.489844 0.026119 0.060937 0.052239
0 1.0 0.449219 0.062500 0.085938 0.125000
0 1.0 0.491406 0.870336 0.745313 0.259328
0 1.0 0.396094 0.084888 0.089063 0.169776
0 1.0 0.391406 0.031716 0.201563 0.063433
0 1.0 0.335938 0.070896 0.068750 0.141791
0 1.0 0.310156 0.028918 0.070312 0.057836
0 1.0 0.586719 0.027985 0.085938 0.055970
0 1.0 0.561719 0.039179 0.160938 0.078358
0 1.0 0.549219 0.118470 0.098437 0.236940
0 1.0 0.521094 0.072761 0.167187 0.111940
0 1.0 0.833594 0.078358 0.123438 0.097015
0 1.0 0.808594 0.074627 0.251563 0.130597
0 1.0 0.299219 0.172575 0.439063 0.345149
0 1.0 0.854688 0.027052 0.090625 0.054104
0 1.0 0.878906 0.048507 0.054688 0.078358
0 1.0 0.026562 0.115672 0.053125 0.175373
0 1.0 0.835156 0.924440 0.329688 0.151119
0 1.0 0.169531 0.924440 0.339062 0.151119
0 1.0 0.357031 0.074627 0.217188 0.126866
0 1.0 0.453906 0.921642 0.557813 0.156716
0 1.0 0.039062 0.889925 0.078125 0.220149
0 1.0 0.960156 0.858209 0.039062 0.138060
0 1.0 0.945312 0.873134 0.109375 0.111940
0 1.0 0.871094 0.876866 0.257812 0.134328
0 1.0 0.892969 0.841418 0.214062 0.313433
0 1.0 0.880469 0.843284 0.067187 0.138060
0 1.0 0.186719 0.897388 0.151562 0.201493
0 1.0 0.126562 0.899254 0.112500 0.201493
0 1.0 0.061719 0.919776 0.123438 0.115672
0 1.0 0.720313 0.875000 0.215625 0.160448
0 1.0 0.666406 0.817164 0.101562 0.279851
0 1.0 0.617188 0.871269 0.328125 0.156716
0 1.0 0.619531 0.833955 0.232813 0.291045
0 1.0 0.807813 0.880597 0.109375 0.089552
0 1.0 0.612500 0.845149 0.115625 0.208955
0 1.0 0.550781 0.851679 0.129688 0.225746
0 1.0 0.852344 0.887127 0.067187 0.083955
0 1.0 0.817969 0.851679 0.054688 0.106343
0 1.0 0.707812 0.857276 0.068750 0.147388
0 1.0 0.814844 0.867537 0.226562 0.212687
0 1.0 0.760156 0.854478 0.070312 0.138060
0 1.0 0.636719 0.916978 0.257812 0.143657
0 1.0 0.817187 0.930970 0.087500 0.123134
0 1.0 0.765625 0.917910 0.093750 0.138060
0 1.0 0.702344 0.890858 0.114062 0.218284
0 1.0 0.718750 0.920709 0.284375 0.110075
0 1.0 0.343750 0.870336 0.106250 0.251866
0 1.0 0.360156 0.924440 0.273438 0.121269
0 1.0 0.290625 0.880597 0.100000 0.238806
0 1.0 0.238281 0.878731 0.123438 0.242537
0 1.0 0.514844 0.903918 0.245312 0.162313
0 1.0 0.451562 0.858209 0.128125 0.246269
0 1.0 0.411719 0.900187 0.135937 0.158582
0 1.0 0.623437 0.813433 0.328125 0.138060
0 1.0 0.834375 0.829291 0.056250 0.080224
0 1.0 0.796094 0.812500 0.304688 0.151119
0 1.0 0.366406 0.813433 0.214062 0.123134
0 1.0 0.316406 0.825560 0.035937 0.069030
0 1.0 0.444531 0.819963 0.082812 0.117537
0 1.0 0.468750 0.815299 0.306250 0.145522
0 1.0 0.500781 0.822761 0.082812 0.115672
0 1.0 0.363281 0.875933 0.195312 0.125000
0 1.0 0.780469 0.819963 0.132812 0.091418
0 1.0 0.306250 0.880597 0.056250 0.082090
0 1.0 0.266406 0.877799 0.242188 0.125000
0 1.0 0.489844 0.875933 0.095312 0.147388
0 1.0 0.398438 0.826493 0.106250 0.279851
0 1.0 0.048438 0.870336 0.096875 0.087687
0 1.0 0.946875 0.812500 0.106250 0.110075
0 1.0 0.186719 0.846082 0.082812 0.180970
0 1.0 0.062500 0.864739 0.068750 0.192164
0 1.0 0.103125 0.875933 0.203125 0.125000
0 1.0 0.110937 0.878731 0.084375 0.115672
0 1.0 0.109375 0.236007 0.209375 0.121269
0 1.0 0.338281 0.233209 0.214062 0.126866
0 1.0 0.194531 0.240672 0.220312 0.123134
0 1.0 0.237500 0.243470 0.053125 0.080224
0 1.0 0.292187 0.226679 0.121875 0.207090
0 1.0 0.260937 0.232276 0.175000 0.117537
0 1.0 0.043750 0.236007 0.087500 0.106343
0 1.0 0.970313 0.251866 0.050000 0.134328
0 1.0 0.555469 0.229478 0.185938 0.257463
0 1.0 0.480469 0.235075 0.173437 0.104478
0 1.0 0.354687 0.075560 0.568750 0.151119
0 1.0 0.439844 0.254664 0.054688 0.154851
0 1.0 0.971875 0.952425 0.050000 0.095149
0 1.0 0.942187 0.961754 0.115625 0.076493
0 1.0 0.437500 0.246269 0.103125 0.208955
0 1.0 0.482031 0.241604 0.073438 0.098881
0 1.0 0.389844 0.242537 0.098437 0.294776
0 1.0 0.557031 0.243470 0.107813 0.102612
0 1.0 0.389062 0.228545 0.218750 0.322761
0 1.0 0.777344 0.186567 0.201563 0.134328
0 1.0 0.668750 0.177239 0.118750 0.328358
0 1.0 0.675781 0.184701 0.192188 0.115672
0 1.0 0.543750 0.249067 0.528125 0.236940
0 1.0 0.612500 0.178172 0.215625 0.169776
0 1.0 0.892969 0.181903 0.214062 0.121269
0 1.0 0.833594 0.187500 0.126562 0.087687
0 1.0 0.088281 0.222948 0.132812 0.263060
0 1.0 0.460156 0.142724 0.557813 0.248134
0 1.0 0.944531 0.183769 0.110937 0.098881
0 1.0 0.376563 0.958955 0.137500 0.082090
0 1.0 0.342187 0.960821 0.100000 0.059701
0 1.0 0.301563 0.955224 0.112500 0.089552
0 1.0 0.242188 0.933769 0.090625 0.132463
0 1.0 0.186719 0.940299 0.082812 0.119403
0 1.0 0.514844 0.964552 0.089063 0.055970
0 1.0 0.507812 0.943097 0.137500 0.113806
0 1.0 0.451562 0.922575 0.093750 0.154851
0 1.0 0.465625 0.964552 0.078125 0.048507
0 1.0 0.400781 0.963619 0.076563 0.054104
0 1.0 0.442969 0.958955 0.092188 0.070896
0 1.0 0.048438 0.956157 0.087500 0.087687
0 1.0 0.964063 0.915112 0.056250 0.169776
0 1.0 0.939063 0.919776 0.121875 0.104478
0 1.0 0.214844 0.959888 0.114062 0.065299
0 1.0 0.923438 0.871269 0.109375 0.257463
0 1.0 0.873437 0.903918 0.109375 0.192164
0 1.0 0.191406 0.951493 0.179688 0.097015
0 1.0 0.174219 0.958022 0.092188 0.061567
0 1.0 0.126562 0.954291 0.118750 0.091418
0 1.0 0.718750 0.241604 0.168750 0.188433
0 1.0 0.675000 0.248134 0.068750 0.182836
0 1.0 0.875000 0.945896 0.078125 0.108209
0 1.0 0.832812 0.962687 0.053125 0.048507
0 1.0 0.839844 0.959888 0.085938 0.072761
0 1.0 0.626563 0.237873 0.184375 0.110075
0 1.0 0.714844 0.231343 0.079687 0.167910
0 1.0 0.662500 0.921642 0.100000 0.156716
0 1.0 0.685156 0.959888 0.151562 0.065299
0 1.0 0.610156 0.943097 0.101562 0.113806
0 1.0 0.635938 0.962687 0.125000 0.059701
0 1.0 0.551562 0.923507 0.109375 0.152985
0 1.0 0.583594 0.964552 0.126562 0.063433
0 1.0 0.804688 0.952425 0.187500 0.095149
0 1.0 0.717187 0.947761 0.156250 0.104478
0 1.0 0.757031 0.961754 0.107813 0.057836
0 1.0 0.072656 0.375933 0.145313 0.718284
0 1.0 0.546875 0.496269 0.271875 0.481343
0 1.0 0.360156 0.583022 0.264062 0.472015
0 1.0 0.694531 0.416978 0.498437 0.554104
0 1.0 0.139063 0.207090 0.278125 0.414179
0 1.0 0.752344 0.843284 0.223438 0.313433
0 1.0 0.749219 0.220149 0.223438 0.440299
0 1.0 0.842969 0.176306 0.295312 0.352612
0 1.0 0.090625 0.292910 0.153125 0.126866
0 1.0 0.130469 0.749067 0.260937 0.501866