0 1.0 0.475000 0.159251 0.431250 0.271663
0 1.0 0.524219 0.604215 0.232813 0.112412
0 1.0 0.490625 0.619438 0.134375 0.189696
0 1.0 0.184375 0.654567 0.065625 0.213115
0 1.0 0.227344 0.598361 0.289062 0.100703
0 1.0 0.232031 0.599532 0.092188 0.084309
0 1.0 0.196875 0.615925 0.246875 0.266979
0 1.0 0.185938 0.833724 0.206250 0.285714
0 1.0 0.140625 0.666276 0.059375 0.175644
0 1.0 0.201563 0.610070 0.050000 0.063232
0 1.0 0.397656 0.593677 0.139063 0.231850
0 1.0 0.478125 0.592506 0.040625 0.070258
0 1.0 0.344531 0.607728 0.120313 0.245902
0 1.0 0.192188 0.611241 0.125000 0.154567
0 1.0 0.661719 0.641686 0.076563 0.145199
0 1.0 0.622656 0.610070 0.273438 0.110070
0 1.0 0.653125 0.604215 0.290625 0.248244
0 1.0 0.369531 0.599532 0.095312 0.088993
0 1.0 0.293750 0.619438 0.109375 0.222482
0 1.0 0.325000 0.601874 0.034375 0.056206
0 1.0 0.553906 0.608899 0.239063 0.220141
0 1.0 0.875000 0.604215 0.078125 0.159251
0 1.0 0.839844 0.562061 0.048438 0.060890
0 1.0 0.885938 0.597190 0.046875 0.084309
0 1.0 0.869531 0.549180 0.229687 0.297424
0 1.0 0.083594 0.669789 0.051562 0.149883
0 1.0 0.347656 0.597190 0.260937 0.112412
0 1.0 0.160156 0.607728 0.042188 0.053864
0 1.0 0.767188 0.645199 0.056250 0.100703
0 1.0 0.759375 0.557377 0.212500 0.103044
0 1.0 0.764062 0.556206 0.256250 0.264637
0 1.0 0.714844 0.639344 0.048438 0.098361
0 1.0 0.131250 0.600703 0.193750 0.077283
0 1.0 0.103906 0.615925 0.207813 0.276347
0 1.0 0.026562 0.656909 0.034375 0.138173
0 1.0 0.046875 0.605386 0.093750 0.058548
0 1.0 0.074219 0.610070 0.023438 0.039813
0 1.0 0.047656 0.618267 0.095312 0.149883
0 1.0 0.960156 0.607728 0.042188 0.100703
0 1.0 0.927344 0.552693 0.132812 0.196721
0 1.0 0.223438 0.626464 0.112500 0.278689
0 1.0 0.307812 0.599532 0.059375 0.070258
0 1.0 0.955469 0.556206 0.089063 0.096019
0 1.0 0.196094 0.655738 0.304688 0.126464
0 1.0 0.764062 0.618267 0.034375 0.046838
0 1.0 0.890625 0.660422 0.046875 0.098361
0 1.0 0.821875 0.626464 0.028125 0.039813
0 1.0 0.810937 0.653396 0.087500 0.187354
0 1.0 0.786719 0.612412 0.220312 0.100703
0 1.0 0.084375 0.706089 0.084375 0.161593
0 1.0 0.151562 0.672131 0.056250 0.088993
0 1.0 0.394531 0.635831 0.251563 0.245902
0 1.0 0.357031 0.651054 0.251563 0.126464
0 1.0 0.023438 0.713115 0.037500 0.142857
0 1.0 0.058594 0.666276 0.117188 0.081967
0 1.0 0.962500 0.666276 0.050000 0.133489
0 1.0 0.946875 0.610070 0.106250 0.128806
0 1.0 0.271875 0.655738 0.109375 0.112412
0 1.0 0.262500 0.685012 0.256250 0.297424
0 1.0 0.083594 0.679157 0.023438 0.051522
0 1.0 0.816406 0.655738 0.057813 0.112412
0 1.0 0.752344 0.620609 0.101562 0.070258
0 1.0 0.451562 0.628806 0.062500 0.152225
0 1.0 0.533594 0.597190 0.035937 0.060890
0 1.0 0.725000 0.662763 0.056250 0.079625
0 1.0 0.712500 0.621780 0.106250 0.072600
0 1.0 0.713281 0.627635 0.192188 0.154567
0 1.0 0.878125 0.608899 0.243750 0.112412
0 1.0 0.596094 0.626464 0.079687 0.166276
0 1.0 0.597656 0.637002 0.054688 0.107728
0 1.0 0.174219 0.552693 0.139063 0.107728
0 1.0 0.149219 0.553864 0.239063 0.269321
0 1.0 0.082812 0.598361 0.053125 0.161593
0 1.0 0.824219 0.521077 0.182812 0.189696
0 1.0 0.769531 0.579625 0.048438 0.114754
0 1.0 0.671875 0.558548 0.259375 0.110070
0 1.0 0.713281 0.564403 0.048438 0.131148
0 1.0 0.682031 0.502342 0.245312 0.105386
0 1.0 0.957812 0.570258 0.040625 0.110070
0 1.0 0.948438 0.501171 0.103125 0.103044
0 1.0 0.063281 0.557377 0.045312 0.060890
0 1.0 0.069531 0.546838 0.139063 0.264637
0 1.0 0.047656 0.555035 0.095312 0.145199
0 1.0 0.316406 0.542155 0.260937 0.259953
0 1.0 0.311719 0.563232 0.123438 0.152225
0 1.0 0.282813 0.548009 0.256250 0.112412
0 1.0 0.145313 0.598361 0.075000 0.142857
0 1.0 0.890625 0.498829 0.218750 0.131148
0 1.0 0.875000 0.538642 0.090625 0.177986
0 1.0 0.811719 0.508197 0.060937 0.070258
0 1.0 0.814063 0.512881 0.131250 0.107728
0 1.0 0.503906 0.539813 0.070312 0.133489
0 1.0 0.504687 0.510539 0.250000 0.173302
0 1.0 0.454688 0.577283 0.046875 0.096019
0 1.0 0.453906 0.546838 0.114062 0.142857
0 1.0 0.698438 0.501171 0.275000 0.299766
0 1.0 0.664844 0.570258 0.042188 0.124122
0 1.0 0.401562 0.487119 0.275000 0.295082
0 1.0 0.411719 0.529274 0.135937 0.168618
0 1.0 0.349219 0.536300 0.070312 0.182670
0 1.0 0.350781 0.507026 0.176563 0.096019
0 1.0 0.347656 0.516393 0.139063 0.245902
0 1.0 0.585938 0.560890 0.043750 0.133489
0 1.0 0.595313 0.505855 0.237500 0.126464
0 1.0 0.588281 0.494145 0.260937 0.299766
0 1.0 0.811719 0.562061 0.064062 0.154567
0 1.0 0.814844 0.610070 0.042188 0.081967
0 1.0 0.821875 0.577283 0.153125 0.161593
0 1.0 0.503125 0.556206 0.128125 0.091335
0 1.0 0.517969 0.559719 0.057813 0.084309
0 1.0 0.665625 0.617096 0.046875 0.119438
0 1.0 0.724219 0.631148 0.035937 0.063232
0 1.0 0.589063 0.607728 0.040625 0.105386
0 1.0 0.602344 0.571429 0.170313 0.192037
0 1.0 0.558594 0.592506 0.067187 0.173302
0 1.0 0.386719 0.585480 0.073438 0.177986
0 1.0 0.434375 0.552693 0.359375 0.135831
0 1.0 0.675000 0.614754 0.034375 0.081967
0 1.0 0.126562 0.552693 0.115625 0.093677
0 1.0 0.025781 0.604215 0.035937 0.149883
0 1.0 0.063281 0.553864 0.095312 0.067916
0 1.0 0.327344 0.559719 0.039062 0.070258
0 1.0 0.072656 0.771663 0.145313 0.259953
0 1.0 0.047656 0.782201 0.092188 0.140515
0 1.0 0.958594 0.750585 0.051562 0.128806
0 1.0 0.950000 0.709602 0.100000 0.093677
0 1.0 0.929688 0.714286 0.140625 0.257611
0 1.0 0.141406 0.670960 0.164062 0.213115
0 1.0 0.881250 0.708431 0.237500 0.119438
0 1.0 0.191406 0.770492 0.082812 0.299766
0 1.0 0.164844 0.764637 0.279687 0.138173
0 1.0 0.164844 0.768150 0.123438 0.149883
0 1.0 0.884375 0.731850 0.087500 0.175644
0 1.0 0.862500 0.722482 0.034375 0.049180
0 1.0 0.441406 0.702576 0.095312 0.220141
0 1.0 0.481250 0.765808 0.278125 0.117096
0 1.0 0.522656 0.771663 0.042188 0.063232
0 1.0 0.145313 0.781030 0.090625 0.269321
0 1.0 0.153906 0.774005 0.070312 0.110070
0 1.0 0.341406 0.745902 0.170313 0.344262
0 1.0 0.343750 0.759953 0.200000 0.156909
0 1.0 0.282031 0.749415 0.151562 0.379391
0 1.0 0.650781 0.702576 0.332813 0.131148
0 1.0 0.663281 0.699063 0.139063 0.194379
0 1.0 0.801562 0.713115 0.071875 0.067916
0 1.0 0.548438 0.670960 0.131250 0.269321
0 1.0 0.533594 0.692037 0.295312 0.124122
0 1.0 0.603906 0.695550 0.323437 0.257611
0 1.0 0.814063 0.728337 0.112500 0.309133
0 1.0 0.817187 0.725995 0.281250 0.266979
0 1.0 0.067187 0.766979 0.134375 0.077283
0 1.0 0.092188 0.774005 0.025000 0.049180
0 1.0 0.712500 0.722482 0.143750 0.269321
0 1.0 0.024219 0.809133 0.048438 0.175644
0 1.0 0.696875 0.766979 0.287500 0.170960
0 1.0 0.652344 0.783372 0.323437 0.297424
0 1.0 0.506250 0.745902 0.200000 0.222482
0 1.0 0.895312 0.785714 0.209375 0.311475
0 1.0 0.792969 0.766979 0.092188 0.072600
0 1.0 0.882812 0.792740 0.112500 0.217799
0 1.0 0.857812 0.778689 0.034375 0.049180
0 1.0 0.146875 0.818501 0.250000 0.142857
0 1.0 0.763281 0.764637 0.110937 0.255269
0 1.0 0.069531 0.818501 0.139063 0.091335
0 1.0 0.089063 0.825527 0.028125 0.058548
0 1.0 0.600781 0.724824 0.110937 0.241218
0 1.0 0.575000 0.761124 0.165625 0.131148
0 1.0 0.240625 0.774005 0.071875 0.114754
0 1.0 0.276562 0.779859 0.031250 0.065574
0 1.0 0.445312 0.765808 0.050000 0.079625
0 1.0 0.814844 0.660422 0.185938 0.173302
0 1.0 0.734375 0.660422 0.328125 0.112412
0 1.0 0.768750 0.681499 0.093750 0.159251
0 1.0 0.149219 0.715457 0.048438 0.086651
0 1.0 0.082031 0.714286 0.114062 0.074941
0 1.0 0.730469 0.659251 0.135937 0.100703
0 1.0 0.880469 0.660422 0.239063 0.121780
0 1.0 0.484375 0.652225 0.315625 0.128806
0 1.0 0.517969 0.651054 0.073438 0.084309
0 1.0 0.293750 0.655738 0.040625 0.074941
0 1.0 0.216406 0.707260 0.273438 0.135831
0 1.0 0.291406 0.715457 0.032813 0.063232
0 1.0 0.243750 0.713115 0.090625 0.114754
0 1.0 0.761719 0.706089 0.204687 0.119438
0 1.0 0.520312 0.696721 0.062500 0.067916
0 1.0 0.400000 0.699063 0.346875 0.147541
0 1.0 0.450000 0.700234 0.053125 0.084309
0 1.0 0.742969 0.666276 0.042188 0.058548
0 1.0 0.890625 0.700234 0.056250 0.103044
0 1.0 0.798438 0.672131 0.037500 0.056206
0 1.0 0.102344 0.722482 0.026562 0.053864
0 1.0 0.049219 0.724824 0.098437 0.152225
0 1.0 0.956250 0.659251 0.087500 0.091335
0 1.0 0.657031 0.231850 0.104688 0.196721
0 1.0 0.625781 0.276347 0.289062 0.135831
0 1.0 0.658594 0.214286 0.054688 0.077283
0 1.0 0.925781 0.255269 0.126562 0.332553
0 1.0 0.893750 0.286885 0.212500 0.166276
0 1.0 0.839844 0.284543 0.101562 0.086651
0 1.0 0.559375 0.250585 0.131250 0.210773
0 1.0 0.874219 0.247073 0.123438 0.278689
0 1.0 0.803125 0.250585 0.131250 0.332553
0 1.0 0.807031 0.224824 0.085938 0.168618
0 1.0 0.812500 0.275176 0.231250 0.166276
0 1.0 0.100781 0.352459 0.201563 0.269321
0 1.0 0.711719 0.266979 0.195312 0.182670
0 1.0 0.027344 0.406323 0.020313 0.072600
0 1.0 0.057031 0.347775 0.114062 0.072600
0 1.0 0.029687 0.396956 0.040625 0.096019
0 1.0 0.714063 0.218970 0.084375 0.166276
0 1.0 0.725781 0.222482 0.039062 0.070258
0 1.0 0.089063 0.371194 0.156250 0.156909
0 1.0 0.602344 0.206089 0.098437 0.107728
0 1.0 0.288281 0.316159 0.110937 0.196721
0 1.0 0.338281 0.293911 0.310937 0.128806
0 1.0 0.329688 0.300937 0.062500 0.091335
0 1.0 0.508594 0.261124 0.098437 0.213115
0 1.0 0.257812 0.339578 0.034375 0.065574
0 1.0 0.517969 0.274005 0.251563 0.229508
0 1.0 0.450000 0.303279 0.075000 0.161593
0 1.0 0.500000 0.279859 0.087500 0.096019
0 1.0 0.242188 0.357143 0.087500 0.189696
0 1.0 0.449219 0.252927 0.123438 0.154567
0 1.0 0.397656 0.275176 0.117188 0.199063
0 1.0 0.405469 0.285714 0.260937 0.215457
0 1.0 0.342969 0.366511 0.085938 0.185012
0 1.0 0.600781 0.319672 0.135937 0.339578
0 1.0 0.607031 0.330211 0.289062 0.131148
0 1.0 0.316406 0.347775 0.242188 0.250585
0 1.0 0.231250 0.409836 0.062500 0.163934
0 1.0 0.295312 0.341920 0.206250 0.103044
0 1.0 0.510938 0.340749 0.084375 0.259953
0 1.0 0.777344 0.310304 0.098437 0.236534
0 1.0 0.762500 0.333724 0.262500 0.152225
0 1.0 0.710938 0.319672 0.075000 0.199063
0 1.0 0.450781 0.327869 0.167187 0.201405
0 1.0 0.292187 0.365340 0.065625 0.145199
0 1.0 0.050781 0.374707 0.082812 0.112412
0 1.0 0.956250 0.312646 0.050000 0.147541
0 1.0 0.951562 0.286885 0.096875 0.100703
0 1.0 0.190625 0.441452 0.034375 0.096019
0 1.0 0.185938 0.399297 0.103125 0.166276
0 1.0 0.203906 0.353630 0.170313 0.140515
0 1.0 0.187500 0.359485 0.221875 0.274005
0 1.0 0.208594 0.384075 0.054688 0.093677
0 1.0 0.880469 0.231850 0.067187 0.121780
0 1.0 0.450000 0.275176 0.031250 0.058548
0 1.0 0.459375 0.325527 0.284375 0.131148
0 1.0 0.138281 0.422717 0.048438 0.124122
0 1.0 0.350781 0.338407 0.160938 0.166276
0 1.0 0.142969 0.370023 0.164062 0.187354
0 1.0 0.082812 0.443794 0.034375 0.096019
0 1.0 0.128125 0.345433 0.128125 0.086651
0 1.0 0.309375 0.256440 0.040625 0.067916
0 1.0 0.307812 0.225995 0.225000 0.259953
0 1.0 0.310937 0.251756 0.125000 0.161593
0 1.0 0.242969 0.279859 0.082812 0.208431
0 1.0 0.186719 0.268150 0.098437 0.208431
0 1.0 0.208594 0.240047 0.223438 0.147541
0 1.0 0.197656 0.235363 0.251563 0.311475
0 1.0 0.132812 0.270492 0.096875 0.311475
0 1.0 0.512500 0.245902 0.071875 0.098361
0 1.0 0.473438 0.248244 0.059375 0.093677
0 1.0 0.623437 0.227166 0.240625 0.149883
0 1.0 0.068750 0.028103 0.062500 0.056206
0 1.0 0.025781 0.055035 0.051562 0.110070
0 1.0 0.725000 0.546838 0.537500 0.906323
0 1.0 0.602344 0.734192 0.795312 0.517564
0 1.0 0.575000 0.261124 0.850000 0.480094
0 1.0 0.194531 0.074941 0.260937 0.149883
0 1.0 0.194531 0.051522 0.117188 0.103044
0 1.0 0.136719 0.058548 0.067187 0.117096
0 1.0 0.071094 0.074941 0.142187 0.149883
0 1.0 0.071094 0.063232 0.054688 0.103044
0 1.0 0.137500 0.029274 0.096875 0.058548
0 1.0 0.927344 0.233021 0.145313 0.119438
0 1.0 0.953125 0.240047 0.093750 0.241218
0 1.0 0.185156 0.360656 0.064062 0.173302
0 1.0 0.258594 0.300937 0.120313 0.086651
0 1.0 0.804688 0.231850 0.178125 0.135831
0 1.0 0.860938 0.202576 0.246875 0.334895
0 1.0 0.228906 0.322014 0.026562 0.053864
0 1.0 0.171875 0.289227 0.162500 0.086651
0 1.0 0.144531 0.329040 0.048438 0.096019
0 1.0 0.077344 0.350117 0.057813 0.161593
0 1.0 0.397656 0.289227 0.107813 0.091335
0 1.0 0.363281 0.286885 0.120313 0.133489
0 1.0 0.032031 0.306792 0.045312 0.117096
0 1.0 0.042188 0.296253 0.084375 0.086651
0 1.0 0.068750 0.283372 0.137500 0.285714
0 1.0 0.082031 0.318501 0.023438 0.056206
0 1.0 0.092969 0.299766 0.120313 0.145199
0 1.0 0.707031 0.217799 0.285938 0.229508
0 1.0 0.521094 0.466042 0.026562 0.046838
0 1.0 0.711719 0.505855 0.060937 0.192037
0 1.0 0.703125 0.450820 0.190625 0.100703
0 1.0 0.395313 0.487119 0.096875 0.149883
0 1.0 0.322656 0.462529 0.023438 0.039813
0 1.0 0.277344 0.460187 0.207813 0.110070
0 1.0 0.370312 0.477752 0.056250 0.093677
0 1.0 0.417187 0.461358 0.253125 0.140515
0 1.0 0.651563 0.469555 0.146875 0.166276
0 1.0 0.591406 0.509368 0.039062 0.128806
0 1.0 0.590625 0.497658 0.021875 0.067916
0 1.0 0.880469 0.495316 0.067187 0.119438
0 1.0 0.806250 0.456674 0.165625 0.107728
0 1.0 0.460938 0.533958 0.034375 0.074941
0 1.0 0.560937 0.477752 0.100000 0.149883
0 1.0 0.508594 0.515222 0.042188 0.126464
0 1.0 0.527344 0.455504 0.132812 0.096019
0 1.0 0.817187 0.508197 0.068750 0.168618
0 1.0 0.144531 0.448478 0.217188 0.250585
0 1.0 0.155469 0.475410 0.104688 0.126464
0 1.0 0.085938 0.521077 0.037500 0.110070
0 1.0 0.162500 0.455504 0.037500 0.049180
0 1.0 0.106250 0.455504 0.190625 0.114754
0 1.0 0.096094 0.476581 0.089063 0.110070
0 1.0 0.032813 0.521077 0.025000 0.091335
0 1.0 0.291406 0.492974 0.060937 0.138173
0 1.0 0.289062 0.468384 0.125000 0.201405
0 1.0 0.324219 0.478923 0.048438 0.091335
0 1.0 0.957812 0.439110 0.084375 0.180328
0 1.0 0.936719 0.394614 0.126562 0.142857
0 1.0 0.100781 0.455504 0.017188 0.035129
0 1.0 0.560937 0.514052 0.043750 0.133489
0 1.0 0.582812 0.457845 0.093750 0.081967
0 1.0 0.554688 0.461358 0.253125 0.154567
0 1.0 0.246094 0.498829 0.057813 0.145199
0 1.0 0.289062 0.456674 0.046875 0.060890
0 1.0 0.261719 0.441452 0.242188 0.264637
0 1.0 0.198437 0.511710 0.031250 0.086651
0 1.0 0.224219 0.461358 0.060937 0.065574
0 1.0 0.196094 0.489461 0.067187 0.121780
0 1.0 0.460938 0.502342 0.081250 0.114754
0 1.0 0.489844 0.494145 0.051562 0.088993
0 1.0 0.131250 0.496487 0.181250 0.093677
0 1.0 0.063281 0.500000 0.098437 0.072600
0 1.0 0.078906 0.521077 0.079687 0.156909
0 1.0 0.278906 0.503513 0.242188 0.112412
0 1.0 0.241406 0.498829 0.173437 0.201405
0 1.0 0.191406 0.542155 0.060937 0.156909
0 1.0 0.190625 0.502342 0.190625 0.142857
0 1.0 0.810156 0.455504 0.254688 0.156909
0 1.0 0.776563 0.524590 0.050000 0.131148
0 1.0 0.765625 0.448478 0.112500 0.081967
0 1.0 0.960938 0.526932 0.043750 0.126464
0 1.0 0.975000 0.442623 0.050000 0.084309
0 1.0 0.625781 0.453162 0.145313 0.096019
0 1.0 0.670312 0.519906 0.028125 0.070258
0 1.0 0.892188 0.446136 0.215625 0.128806
0 1.0 0.814063 0.450820 0.025000 0.044496
0 1.0 0.135156 0.545667 0.060937 0.149883
0 1.0 0.902344 0.464871 0.195312 0.316159
0 1.0 0.942969 0.341920 0.114062 0.107728
0 1.0 0.952344 0.364169 0.064062 0.133489
0 1.0 0.902344 0.345433 0.195312 0.156909
0 1.0 0.960156 0.353630 0.035937 0.098361
0 1.0 0.208594 0.402810 0.201563 0.112412
0 1.0 0.451562 0.440281 0.071875 0.168618
0 1.0 0.462500 0.391101 0.212500 0.112412
0 1.0 0.439063 0.386417 0.246875 0.327869
0 1.0 0.151562 0.456674 0.040625 0.088993
0 1.0 0.132031 0.401639 0.148438 0.096019
0 1.0 0.078125 0.483607 0.025000 0.063232
0 1.0 0.048438 0.429742 0.078125 0.105386
0 1.0 0.690625 0.327869 0.290625 0.290398
0 1.0 0.655469 0.329040 0.098437 0.250585
0 1.0 0.899219 0.324356 0.201563 0.372365
0 1.0 0.858594 0.348946 0.148438 0.093677
0 1.0 0.874219 0.338407 0.089063 0.185012
0 1.0 0.554688 0.331382 0.093750 0.259953
0 1.0 0.037500 0.490632 0.034375 0.110070
0 1.0 0.064062 0.407494 0.128125 0.084309
0 1.0 0.046094 0.473068 0.032813 0.084309
0 1.0 0.778906 0.421546 0.064062 0.154567
0 1.0 0.762500 0.396956 0.271875 0.161593
0 1.0 0.069531 0.448478 0.139063 0.245902
0 1.0 0.061719 0.476581 0.051562 0.086651
0 1.0 0.647656 0.392272 0.304688 0.133489
0 1.0 0.663281 0.441452 0.051562 0.133489
0 1.0 0.650000 0.394614 0.193750 0.231850
0 1.0 0.596875 0.408665 0.100000 0.288056
0 1.0 0.210156 0.484778 0.042188 0.079625
0 1.0 0.139063 0.521077 0.040625 0.105386
0 1.0 0.810937 0.408665 0.103125 0.283372
0 1.0 0.818750 0.412178 0.068750 0.173302
0 1.0 0.773438 0.418033 0.100000 0.269321
0 1.0 0.205469 0.459016 0.032813 0.051522
0 1.0 0.393750 0.408665 0.115625 0.264637
0 1.0 0.406250 0.380562 0.278125 0.175644
0 1.0 0.829688 0.396956 0.128125 0.091335
0 1.0 0.596875 0.414520 0.065625 0.187354
0 1.0 0.876563 0.427400 0.093750 0.194379
0 1.0 0.558594 0.426230 0.076563 0.201405
0 1.0 0.534375 0.395785 0.231250 0.163934
0 1.0 0.546875 0.381733 0.246875 0.388759
0 1.0 0.505469 0.436768 0.082812 0.236534
0 1.0 0.705469 0.433255 0.098437 0.299766
0 1.0 0.553906 0.648712 0.557813 0.201405
0 1.0 0.447656 0.659251 0.223438 0.466042
0 1.0 0.270313 0.646370 0.537500 0.210773
0 1.0 0.293750 0.134660 0.234375 0.250585
0 1.0 0.236719 0.167447 0.085938 0.217799
0 1.0 0.756250 0.688525 0.287500 0.473068
0 1.0 0.137500 0.142857 0.146875 0.276347
0 1.0 0.073438 0.167447 0.084375 0.250585
0 1.0 0.217969 0.121780 0.295312 0.135831
0 1.0 0.185156 0.126464 0.176563 0.210773
0 1.0 0.452344 0.194379 0.120313 0.126464
0 1.0 0.520312 0.152225 0.046875 0.056206
0 1.0 0.708594 0.552693 0.582812 0.220141
0 1.0 0.727344 0.552693 0.432812 0.482436
0 1.0 0.391406 0.174473 0.107813 0.203747
0 1.0 0.428125 0.135831 0.300000 0.117096
0 1.0 0.457813 0.144028 0.062500 0.072600
0 1.0 0.342187 0.559719 0.231250 0.529274
0 1.0 0.391406 0.550351 0.610938 0.201405
0 1.0 0.187500 0.161593 0.087500 0.243560
0 1.0 0.336719 0.161593 0.098437 0.196721
0 1.0 0.378906 0.129977 0.123438 0.096019
0 1.0 0.300000 0.183841 0.068750 0.152225
0 1.0 0.339844 0.138173 0.045312 0.070258
0 1.0 0.260156 0.797424 0.389062 0.330211
0 1.0 0.481250 0.770492 0.609375 0.271663
0 1.0 0.964063 0.124122 0.059375 0.149883
0 1.0 0.922656 0.076112 0.154688 0.114754
0 1.0 0.869531 0.098361 0.214062 0.196721
0 1.0 0.808594 0.131148 0.129688 0.238876
0 1.0 0.768750 0.078454 0.300000 0.147541
0 1.0 0.115625 0.122951 0.193750 0.119438
0 1.0 0.028906 0.155738 0.057813 0.278689
0 1.0 0.059375 0.125293 0.118750 0.091335
0 1.0 0.766406 0.651054 0.467187 0.196721
0 1.0 0.825781 0.333724 0.239063 0.667447
0 1.0 0.543750 0.337237 0.546875 0.238876
0 1.0 0.645312 0.344262 0.450000 0.501171
0 1.0 0.121875 0.182670 0.184375 0.107728
0 1.0 0.041406 0.182670 0.082812 0.103044
0 1.0 0.927344 0.124122 0.145313 0.117096
0 1.0 0.349219 0.270492 0.229687 0.466042
0 1.0 0.275781 0.348946 0.539062 0.210773
0 1.0 0.556250 0.523419 0.459375 0.442623
0 1.0 0.650781 0.137002 0.251563 0.250585
0 1.0 0.620313 0.135831 0.228125 0.135831
0 1.0 0.551562 0.208431 0.071875 0.121780
0 1.0 0.512500 0.201405 0.075000 0.107728
0 1.0 0.525000 0.147541 0.184375 0.107728
0 1.0 0.450781 0.230679 0.057813 0.096019
0 1.0 0.508594 0.142857 0.110937 0.070258
0 1.0 0.711719 0.454333 0.567187 0.234192
0 1.0 0.256250 0.585480 0.206250 0.599532
0 1.0 0.664844 0.174473 0.085938 0.142857
0 1.0 0.725781 0.132319 0.245312 0.142857
0 1.0 0.718750 0.155738 0.084375 0.166276
0 1.0 0.454688 0.448478 0.600000 0.231850
0 1.0 0.449219 0.405152 0.420312 0.482436
0 1.0 0.646094 0.433255 0.239063 0.566745
0 1.0 0.657813 0.106557 0.068750 0.124122
0 1.0 0.666406 0.033958 0.245312 0.067916
0 1.0 0.348438 0.699063 0.587500 0.489461
0 1.0 0.514844 0.859485 0.773438 0.281030
0 1.0 0.613281 0.067916 0.145313 0.121780
0 1.0 0.567187 0.134660 0.031250 0.053864
0 1.0 0.577344 0.031616 0.135937 0.063232
0 1.0 0.573438 0.114754 0.040625 0.046838
0 1.0 0.715625 0.065574 0.150000 0.131148
0 1.0 0.717187 0.103044 0.056250 0.112412
0 1.0 0.316406 0.503513 0.454688 0.543326
0 1.0 0.253906 0.498829 0.507812 0.285714
0 1.0 0.878125 0.058548 0.087500 0.098361
0 1.0 0.810937 0.080796 0.084375 0.142857
0 1.0 0.830469 0.037471 0.251563 0.074941
0 1.0 0.771094 0.097190 0.082812 0.142857
0 1.0 0.773438 0.062061 0.156250 0.124122
0 1.0 0.253906 0.045667 0.254688 0.091335
0 1.0 0.341406 0.084309 0.242188 0.168618
0 1.0 0.350000 0.063232 0.134375 0.126464
0 1.0 0.544531 0.489461 0.514062 0.978923
0 1.0 0.236719 0.052693 0.070312 0.100703
0 1.0 0.300000 0.080796 0.062500 0.110070
0 1.0 0.302344 0.060890 0.101562 0.117096
0 1.0 0.510938 0.140515 0.037500 0.060890
0 1.0 0.508594 0.033958 0.204687 0.067916
0 1.0 0.514844 0.117096 0.042188 0.046838
0 1.0 0.494531 0.079625 0.260937 0.159251
0 1.0 0.508594 0.066745 0.120313 0.086651
0 1.0 0.446875 0.112412 0.028125 0.046838
0 1.0 0.496094 0.035129 0.073438 0.056206
0 1.0 0.741406 0.875878 0.517188 0.248244
0 1.0 0.600000 0.125293 0.050000 0.086651
0 1.0 0.628906 0.029274 0.126562 0.058548
0 1.0 0.444531 0.088993 0.067187 0.065574
0 1.0 0.463281 0.065574 0.107813 0.088993
0 1.0 0.389844 0.094848 0.070312 0.128806
0 1.0 0.567969 0.069087 0.107813 0.086651
0 1.0 0.416406 0.044496 0.170313 0.088993
0 1.0 0.348438 0.112412 0.062500 0.117096
0 1.0 0.338281 0.033958 0.085938 0.063232
0 1.0 0.475000 0.096019 0.112500 0.084309
0 1.0 0.269531 0.923888 0.539062 0.152225
0 1.0 0.603125 0.147541 0.075000 0.112412
0 1.0 0.443750 0.148712 0.100000 0.100703
0 1.0 0.511719 0.200234 0.045312 0.077283
0 1.0 0.514844 0.172131 0.054688 0.063232
0 1.0 0.447656 0.189696 0.042188 0.074941
0 1.0 0.562500 0.163934 0.065625 0.079625
0 1.0 0.787500 0.289227 0.425000 0.391101
0 1.0 0.668750 0.140515 0.631250 0.281030
0 1.0 0.964063 0.059719 0.037500 0.072600
0 1.0 0.932813 0.036300 0.134375 0.072600
0 1.0 0.554688 0.921546 0.621875 0.156909
0 1.0 0.305469 0.110070 0.135937 0.173302
0 1.0 0.332031 0.084309 0.092188 0.079625
0 1.0 0.832812 0.921546 0.334375 0.156909
0 1.0 0.813281 0.877049 0.210938 0.222482
0 1.0 0.775000 0.845433 0.071875 0.149883
0 1.0 0.080469 0.893443 0.160938 0.213115
0 1.0 0.407813 0.241218 0.509375 0.215457
0 1.0 0.960938 0.839578 0.025000 0.053864
0 1.0 0.909375 0.866511 0.181250 0.126464
0 1.0 0.949219 0.861827 0.051562 0.088993
0 1.0 0.666406 0.834895 0.079687 0.138173
0 1.0 0.663281 0.867681 0.323437 0.156909
0 1.0 0.254688 0.914520 0.278125 0.128806
0 1.0 0.917188 0.839578 0.081250 0.166276
0 1.0 0.140625 0.885246 0.100000 0.224824
0 1.0 0.149219 0.913349 0.242188 0.126464
0 1.0 0.821875 0.866511 0.075000 0.140515
0 1.0 0.717187 0.851288 0.084375 0.147541
0 1.0 0.388281 0.846604 0.107813 0.152225
0 1.0 0.386719 0.880562 0.170313 0.140515
0 1.0 0.358594 0.857143 0.295312 0.238876
0 1.0 0.346875 0.864169 0.075000 0.131148
0 1.0 0.341406 0.870023 0.151562 0.194379
0 1.0 0.561719 0.791569 0.057813 0.112412
0 1.0 0.603125 0.824356 0.059375 0.126464
0 1.0 0.889844 0.857143 0.079687 0.131148
0 1.0 0.475000 0.871194 0.284375 0.131148
0 1.0 0.558594 0.841920 0.329688 0.259953
0 1.0 0.507812 0.764637 0.043750 0.072600
0 1.0 0.512500 0.816159 0.075000 0.119438
0 1.0 0.436719 0.786885 0.032813 0.056206
0 1.0 0.437500 0.892272 0.093750 0.154567
0 1.0 0.714844 0.891101 0.129688 0.189696
0 1.0 0.722656 0.911007 0.267188 0.145199
0 1.0 0.229687 0.879391 0.131250 0.241218
0 1.0 0.660156 0.885246 0.129688 0.229508
0 1.0 0.602344 0.884075 0.114062 0.231850
0 1.0 0.623437 0.916862 0.328125 0.124122
0 1.0 0.511719 0.909836 0.282813 0.138173
0 1.0 0.498437 0.884075 0.125000 0.231850
0 1.0 0.027344 0.909836 0.054688 0.166276
0 1.0 0.067969 0.918033 0.135937 0.088993
0 1.0 0.281250 0.891101 0.162500 0.208431
0 1.0 0.552344 0.882904 0.117188 0.234192
0 1.0 0.196094 0.896956 0.114062 0.154567
0 1.0 0.385937 0.791569 0.150000 0.266979
0 1.0 0.427344 0.819672 0.070312 0.103044
0 1.0 0.300781 0.819672 0.304688 0.145199
0 1.0 0.605469 0.809133 0.164062 0.297424
0 1.0 0.564844 0.817330 0.167187 0.135831
0 1.0 0.756250 0.824356 0.218750 0.248244
0 1.0 0.245312 0.839578 0.034375 0.077283
0 1.0 0.949219 0.762295 0.101562 0.091335
0 1.0 0.879687 0.764637 0.240625 0.124122
0 1.0 0.225781 0.829040 0.092188 0.135831
0 1.0 0.171875 0.826698 0.068750 0.117096
0 1.0 0.152344 0.824356 0.054688 0.098361
0 1.0 0.457813 0.812646 0.290625 0.295082
0 1.0 0.080469 0.832553 0.045312 0.110070
0 1.0 0.146875 0.868852 0.065625 0.112412
0 1.0 0.027344 0.858314 0.035937 0.110070
0 1.0 0.078906 0.866511 0.110937 0.093677
0 1.0 0.281250 0.871194 0.062500 0.135831
0 1.0 0.844531 0.836066 0.045312 0.074941
0 1.0 0.250000 0.877049 0.071875 0.124122
0 1.0 0.950781 0.834895 0.098437 0.185012
0 1.0 0.198437 0.841920 0.059375 0.152225
0 1.0 0.487500 0.877049 0.118750 0.119438
0 1.0 0.391406 0.826698 0.060937 0.112412
0 1.0 0.092188 0.868852 0.031250 0.070258
0 1.0 0.924219 0.814988 0.151562 0.112412
0 1.0 0.782813 0.823185 0.156250 0.110070
0 1.0 0.817969 0.816159 0.339062 0.147541
0 1.0 0.271875 0.145199 0.543750 0.224824
0 1.0 0.558594 0.186183 0.242188 0.217799
0 1.0 0.935937 0.916862 0.128125 0.152225
0 1.0 0.543750 0.206089 0.053125 0.070258
0 1.0 0.495312 0.228337 0.043750 0.072600
0 1.0 0.435156 0.189696 0.310937 0.131148
0 1.0 0.869531 0.177986 0.260937 0.145199
0 1.0 0.370312 0.074941 0.578125 0.149883
0 1.0 0.636719 0.182670 0.170313 0.173302
0 1.0 0.768750 0.182670 0.268750 0.145199
0 1.0 0.538281 0.245902 0.420312 0.337237
0 1.0 0.224219 0.243560 0.448437 0.210773
0 1.0 0.204687 0.187354 0.028125 0.065574
0 1.0 0.768750 0.190867 0.228125 0.381733
0 1.0 0.242969 0.187354 0.242188 0.126464
0 1.0 0.418750 0.190867 0.056250 0.072600
0 1.0 0.354687 0.199063 0.081250 0.135831
0 1.0 0.332813 0.188525 0.250000 0.114754
0 1.0 0.326562 0.209602 0.046875 0.086651
0 1.0 0.214062 0.955504 0.156250 0.088993
0 1.0 0.202344 0.963700 0.057813 0.049180
0 1.0 0.396094 0.934426 0.092188 0.131148
0 1.0 0.390625 0.961358 0.137500 0.063232
0 1.0 0.025781 0.254098 0.051562 0.288056
0 1.0 0.403906 0.920375 0.242188 0.159251
0 1.0 0.126562 0.957845 0.128125 0.084309
0 1.0 0.082031 0.966042 0.054688 0.049180
0 1.0 0.325781 0.961358 0.082812 0.058548
0 1.0 0.310937 0.953162 0.165625 0.093677
0 1.0 0.289844 0.935597 0.085938 0.128806
0 1.0 0.289062 0.962529 0.078125 0.056206
0 1.0 0.587500 0.959016 0.146875 0.081967
0 1.0 0.501563 0.940281 0.093750 0.119438
0 1.0 0.546094 0.962529 0.110937 0.060890
0 1.0 0.242969 0.963700 0.085938 0.058548
0 1.0 0.078906 0.939110 0.073438 0.121780
0 1.0 0.153125 0.963700 0.078125 0.058548
0 1.0 0.056250 0.963700 0.084375 0.072600
0 1.0 0.962500 0.923888 0.053125 0.138173
0 1.0 0.842969 0.961358 0.076563 0.058548
0 1.0 0.874219 0.920375 0.142187 0.159251
0 1.0 0.081250 0.254098 0.071875 0.274005
0 1.0 0.115625 0.236534 0.190625 0.103044
0 1.0 0.348438 0.935597 0.093750 0.128806
0 1.0 0.769531 0.920375 0.101562 0.159251
0 1.0 0.792969 0.948478 0.192188 0.103044
0 1.0 0.710938 0.936768 0.093750 0.126464
0 1.0 0.769531 0.961358 0.126562 0.067916
0 1.0 0.042969 0.234192 0.085938 0.117096
0 1.0 0.971875 0.955504 0.056250 0.088993
0 1.0 0.925000 0.960187 0.150000 0.079625
0 1.0 0.519531 0.955504 0.207813 0.088993
0 1.0 0.444531 0.950820 0.076563 0.098361
0 1.0 0.471094 0.964871 0.082812 0.051522
0 1.0 0.660937 0.939110 0.093750 0.121780
0 1.0 0.725781 0.961358 0.104688 0.063232
0 1.0 0.645312 0.954333 0.187500 0.091335
0 1.0 0.607812 0.964871 0.096875 0.056206
0 1.0 0.817187 0.920375 0.100000 0.159251
0 1.0 0.850000 0.956674 0.162500 0.077283
0 1.0 0.604688 0.933255 0.090625 0.133489
0 1.0 0.143750 0.743560 0.218750 0.475410
0 1.0 0.839844 0.644028 0.210938 0.590164
0 1.0 0.078125 0.648712 0.156250 0.590164
0 1.0 0.316406 0.303279 0.464062 0.480094
0 1.0 0.143750 0.237705 0.203125 0.475410
0 1.0 0.147656 0.460187 0.192188 0.611241
0 1.0 0.247656 0.259953 0.223438 0.519906
0 1.0 0.914844 0.653396 0.170313 0.482436
0 1.0 0.174219 0.667447 0.348438 0.665105