0 1.0 0.763281 0.690625 0.207813 0.518750
0 1.0 0.232031 0.409375 0.076563 0.347917
0 1.0 0.607812 0.626042 0.078125 0.231250
0 1.0 0.604688 0.602083 0.178125 0.091667
0 1.0 0.658594 0.611458 0.170313 0.227083
0 1.0 0.914062 0.595833 0.128125 0.304167
0 1.0 0.920312 0.602083 0.159375 0.112500
0 1.0 0.665625 0.641667 0.071875 0.204167
0 1.0 0.850781 0.606250 0.195312 0.279167
0 1.0 0.824219 0.595833 0.170313 0.116667
0 1.0 0.074219 0.651042 0.132812 0.272917
0 1.0 0.118750 0.657292 0.078125 0.081250
0 1.0 0.774219 0.622917 0.132812 0.312500
0 1.0 0.710938 0.622917 0.081250 0.270833
0 1.0 0.712500 0.595833 0.165625 0.087500
0 1.0 0.735156 0.601042 0.045312 0.064583
0 1.0 0.455469 0.616667 0.167187 0.216667
0 1.0 0.396094 0.604167 0.110937 0.316667
0 1.0 0.400781 0.598958 0.198437 0.085417
0 1.0 0.447656 0.608333 0.035937 0.054167
0 1.0 0.680469 0.600000 0.067187 0.079167
0 1.0 0.339844 0.622917 0.098437 0.250000
0 1.0 0.300781 0.595833 0.098437 0.083333
0 1.0 0.357812 0.605208 0.237500 0.285417
0 1.0 0.285156 0.620833 0.098437 0.245833
0 1.0 0.217188 0.591667 0.137500 0.066667
0 1.0 0.285938 0.594792 0.018750 0.031250
0 1.0 0.551562 0.622917 0.093750 0.245833
0 1.0 0.571875 0.611458 0.068750 0.072917
0 1.0 0.553906 0.618750 0.217188 0.279167
0 1.0 0.524219 0.611458 0.082812 0.081250
0 1.0 0.443750 0.629167 0.075000 0.204167
0 1.0 0.465625 0.606250 0.140625 0.070833
0 1.0 0.520312 0.616667 0.021875 0.037500
0 1.0 0.339062 0.659375 0.153125 0.110417
0 1.0 0.235156 0.659375 0.204687 0.093750
0 1.0 0.301563 0.665625 0.021875 0.043750
0 1.0 0.231250 0.641667 0.100000 0.316667
0 1.0 0.261719 0.661458 0.060937 0.077083
0 1.0 0.500781 0.659375 0.151562 0.239583
0 1.0 0.520312 0.663542 0.137500 0.127083
0 1.0 0.765625 0.648958 0.175000 0.114583
0 1.0 0.454688 0.667708 0.053125 0.072917
0 1.0 0.521094 0.671875 0.035937 0.060417
0 1.0 0.053125 0.652083 0.106250 0.170833
0 1.0 0.965625 0.663542 0.037500 0.114583
0 1.0 0.956250 0.642708 0.062500 0.131250
0 1.0 0.189844 0.657292 0.104688 0.293750
0 1.0 0.807813 0.601042 0.037500 0.056250
0 1.0 0.867188 0.616667 0.096875 0.237500
0 1.0 0.852344 0.602083 0.023438 0.050000
0 1.0 0.233594 0.648958 0.232813 0.285417
0 1.0 0.130469 0.653125 0.104688 0.289583
0 1.0 0.146094 0.655208 0.245312 0.106250
0 1.0 0.051562 0.660417 0.037500 0.058333
0 1.0 0.046875 0.657292 0.093750 0.077083
0 1.0 0.685937 0.547917 0.184375 0.095833
0 1.0 0.282031 0.554167 0.132812 0.087500
0 1.0 0.270313 0.554167 0.228125 0.137500
0 1.0 0.282031 0.538542 0.129688 0.218750
0 1.0 0.268750 0.555208 0.056250 0.068750
0 1.0 0.296094 0.537500 0.239063 0.266667
0 1.0 0.573438 0.550000 0.159375 0.075000
0 1.0 0.502344 0.583333 0.082812 0.229167
0 1.0 0.384375 0.544792 0.225000 0.093750
0 1.0 0.478125 0.550000 0.118750 0.066667
0 1.0 0.448437 0.566667 0.100000 0.233333
0 1.0 0.507031 0.550000 0.189062 0.112500
0 1.0 0.083594 0.555208 0.139063 0.156250
0 1.0 0.028125 0.560417 0.056250 0.175000
0 1.0 0.044531 0.550000 0.089063 0.062500
0 1.0 0.050781 0.555208 0.042188 0.056250
0 1.0 0.962500 0.558333 0.037500 0.095833
0 1.0 0.929688 0.506250 0.140625 0.241667
0 1.0 0.897656 0.494792 0.204687 0.114583
0 1.0 0.950781 0.492708 0.098437 0.089583
0 1.0 0.200781 0.539583 0.079687 0.220833
0 1.0 0.202344 0.557292 0.151562 0.093750
0 1.0 0.178906 0.532292 0.229687 0.260417
0 1.0 0.100000 0.546875 0.200000 0.260417
0 1.0 0.134375 0.559375 0.084375 0.164583
0 1.0 0.156250 0.551042 0.175000 0.127083
0 1.0 0.124219 0.552083 0.095312 0.083333
0 1.0 0.136719 0.595833 0.045312 0.054167
0 1.0 0.045312 0.597917 0.090625 0.062500
0 1.0 0.964844 0.611458 0.035937 0.102083
0 1.0 0.956250 0.546875 0.087500 0.093750
0 1.0 0.953906 0.589583 0.060937 0.116667
0 1.0 0.274219 0.594792 0.042188 0.052083
0 1.0 0.063281 0.602083 0.026562 0.041667
0 1.0 0.155469 0.589583 0.195312 0.087500
0 1.0 0.174219 0.590625 0.079687 0.077083
0 1.0 0.750000 0.546875 0.153125 0.097917
0 1.0 0.721094 0.575000 0.064062 0.145833
0 1.0 0.732812 0.568750 0.221875 0.275000
0 1.0 0.894531 0.547917 0.210938 0.129167
0 1.0 0.669531 0.572917 0.098437 0.145833
0 1.0 0.629687 0.548958 0.140625 0.077083
0 1.0 0.619531 0.579167 0.039062 0.112500
0 1.0 0.811719 0.555208 0.048438 0.064583
0 1.0 0.835156 0.563542 0.089063 0.089583
0 1.0 0.436719 0.767708 0.110937 0.114583
0 1.0 0.401562 0.764583 0.256250 0.266667
0 1.0 0.341406 0.755208 0.117188 0.268750
0 1.0 0.347656 0.763542 0.273438 0.118750
0 1.0 0.607031 0.754167 0.132812 0.279167
0 1.0 0.238281 0.765625 0.220312 0.106250
0 1.0 0.289062 0.754167 0.143750 0.266667
0 1.0 0.301563 0.773958 0.028125 0.056250
0 1.0 0.232031 0.755208 0.129688 0.293750
0 1.0 0.601562 0.762500 0.215625 0.162500
0 1.0 0.552344 0.748958 0.154688 0.277083
0 1.0 0.505469 0.761458 0.295312 0.139583
0 1.0 0.717187 0.753125 0.096875 0.431250
0 1.0 0.487500 0.765625 0.096875 0.118750
0 1.0 0.050781 0.767708 0.060937 0.072917
0 1.0 0.071094 0.768750 0.142187 0.295833
0 1.0 0.964063 0.737500 0.062500 0.258333
0 1.0 0.951562 0.707292 0.096875 0.114583
0 1.0 0.256250 0.768750 0.093750 0.108333
0 1.0 0.981250 0.709375 0.037500 0.110417
0 1.0 0.934375 0.726042 0.131250 0.331250
0 1.0 0.904687 0.708333 0.190625 0.133333
0 1.0 0.182031 0.767708 0.132812 0.293750
0 1.0 0.132031 0.768750 0.120313 0.333333
0 1.0 0.159375 0.767708 0.137500 0.131250
0 1.0 0.124219 0.769792 0.104688 0.102083
0 1.0 0.036719 0.833333 0.073438 0.270833
0 1.0 0.073438 0.815625 0.146875 0.102083
0 1.0 0.245312 0.816667 0.284375 0.133333
0 1.0 0.949219 0.760417 0.101562 0.108333
0 1.0 0.889844 0.762500 0.220312 0.133333
0 1.0 0.253906 0.817708 0.126562 0.131250
0 1.0 0.118750 0.823958 0.112500 0.122917
0 1.0 0.135156 0.820833 0.217188 0.295833
0 1.0 0.477344 0.812500 0.114062 0.116667
0 1.0 0.700000 0.762500 0.225000 0.108333
0 1.0 0.717187 0.770833 0.084375 0.100000
0 1.0 0.707812 0.770833 0.150000 0.258333
0 1.0 0.660156 0.753125 0.104688 0.372917
0 1.0 0.647656 0.764583 0.226562 0.366667
0 1.0 0.814844 0.760417 0.135937 0.091667
0 1.0 0.870313 0.746875 0.103125 0.406250
0 1.0 0.873437 0.767708 0.050000 0.081250
0 1.0 0.051562 0.822917 0.071875 0.087500
0 1.0 0.053125 0.713542 0.046875 0.060417
0 1.0 0.929688 0.659375 0.140625 0.114583
0 1.0 0.177344 0.707292 0.279687 0.110417
0 1.0 0.817187 0.659375 0.031250 0.060417
0 1.0 0.191406 0.711458 0.114062 0.106250
0 1.0 0.176563 0.711458 0.237500 0.322917
0 1.0 0.119531 0.710417 0.079687 0.083333
0 1.0 0.374219 0.715625 0.107813 0.085417
0 1.0 0.054688 0.708333 0.109375 0.079167
0 1.0 0.650781 0.655208 0.254688 0.122917
0 1.0 0.672656 0.657292 0.079687 0.102083
0 1.0 0.857812 0.653125 0.028125 0.056250
0 1.0 0.564844 0.660417 0.110937 0.112500
0 1.0 0.842969 0.646875 0.154688 0.110417
0 1.0 0.035937 0.718750 0.071875 0.304167
0 1.0 0.787500 0.642708 0.062500 0.102083
0 1.0 0.739844 0.658333 0.042188 0.070833
0 1.0 0.727344 0.716667 0.042188 0.075000
0 1.0 0.644531 0.709375 0.282813 0.127083
0 1.0 0.675000 0.712500 0.078125 0.100000
0 1.0 0.817187 0.712500 0.075000 0.083333
0 1.0 0.883594 0.711458 0.026562 0.064583
0 1.0 0.818750 0.700000 0.284375 0.141667
0 1.0 0.064844 0.760417 0.129688 0.087500
0 1.0 0.250781 0.714583 0.204687 0.087500
0 1.0 0.569531 0.708333 0.123438 0.116667
0 1.0 0.318750 0.721875 0.021875 0.039583
0 1.0 0.261719 0.715625 0.060937 0.077083
0 1.0 0.511719 0.707292 0.279687 0.131250
0 1.0 0.757031 0.706250 0.067187 0.108333
0 1.0 0.405469 0.705208 0.182812 0.189583
0 1.0 0.517969 0.718750 0.045312 0.066667
0 1.0 0.462500 0.721875 0.050000 0.064583
0 1.0 0.339062 0.351042 0.090625 0.293750
0 1.0 0.335156 0.335417 0.245312 0.133333
0 1.0 0.094531 0.354167 0.189062 0.295833
0 1.0 0.327344 0.345833 0.217188 0.341667
0 1.0 0.289844 0.369792 0.095312 0.293750
0 1.0 0.261719 0.347917 0.226562 0.195833
0 1.0 0.206250 0.387500 0.062500 0.254167
0 1.0 0.558594 0.348958 0.176563 0.222917
0 1.0 0.499219 0.356250 0.076563 0.237500
0 1.0 0.511719 0.341667 0.270313 0.129167
0 1.0 0.496875 0.321875 0.243750 0.318750
0 1.0 0.217969 0.337500 0.201563 0.120833
0 1.0 0.438281 0.300000 0.045312 0.162500
0 1.0 0.389844 0.339583 0.139063 0.266667
0 1.0 0.431250 0.305208 0.115625 0.331250
0 1.0 0.453906 0.338542 0.085938 0.189583
0 1.0 0.035156 0.335417 0.070312 0.283333
0 1.0 0.039844 0.338542 0.079687 0.106250
0 1.0 0.952344 0.341667 0.035937 0.091667
0 1.0 0.953125 0.287500 0.093750 0.087500
0 1.0 0.943750 0.311458 0.040625 0.077083
0 1.0 0.917188 0.290625 0.165625 0.147917
0 1.0 0.918750 0.313542 0.109375 0.260417
0 1.0 0.671094 0.276042 0.201563 0.335417
0 1.0 0.892188 0.294792 0.215625 0.306250
0 1.0 0.868750 0.326042 0.093750 0.210417
0 1.0 0.871094 0.291667 0.054688 0.066667
0 1.0 0.202344 0.366667 0.229687 0.325000
0 1.0 0.134375 0.385417 0.059375 0.220833
0 1.0 0.077344 0.381250 0.070312 0.233333
0 1.0 0.121875 0.336458 0.131250 0.093750
0 1.0 0.765625 0.301042 0.109375 0.289583
0 1.0 0.765625 0.290625 0.284375 0.139583
0 1.0 0.156250 0.347917 0.209375 0.175000
0 1.0 0.046094 0.401042 0.085938 0.102083
0 1.0 0.952344 0.379167 0.023438 0.058333
0 1.0 0.933594 0.340625 0.132812 0.102083
0 1.0 0.939844 0.385417 0.048438 0.095833
0 1.0 0.632812 0.345833 0.278125 0.133333
0 1.0 0.855469 0.346875 0.110937 0.085417
0 1.0 0.764844 0.350000 0.232813 0.179167
0 1.0 0.122656 0.395833 0.245312 0.129167
0 1.0 0.710938 0.333333 0.146875 0.258333
0 1.0 0.674219 0.300000 0.098437 0.358333
0 1.0 0.683594 0.315625 0.064062 0.243750
0 1.0 0.872656 0.379167 0.051562 0.125000
0 1.0 0.618750 0.354167 0.043750 0.150000
0 1.0 0.552344 0.356250 0.073438 0.229167
0 1.0 0.613281 0.347917 0.070312 0.237500
0 1.0 0.860156 0.350000 0.176563 0.129167
0 1.0 0.814844 0.362500 0.085938 0.241667
0 1.0 0.822656 0.371875 0.054688 0.156250
0 1.0 0.775000 0.356250 0.075000 0.191667
0 1.0 0.709375 0.330208 0.071875 0.231250
0 1.0 0.042969 0.287500 0.067187 0.087500
0 1.0 0.050781 0.287500 0.085938 0.158333
0 1.0 0.958594 0.291667 0.045312 0.125000
0 1.0 0.936719 0.233333 0.126562 0.104167
0 1.0 0.879687 0.313542 0.031250 0.072917
0 1.0 0.845313 0.237500 0.159375 0.108333
0 1.0 0.876563 0.266667 0.071875 0.187500
0 1.0 0.201563 0.285417 0.093750 0.250000
0 1.0 0.232031 0.298958 0.032813 0.085417
0 1.0 0.142187 0.301042 0.084375 0.289583
0 1.0 0.187500 0.288542 0.128125 0.089583
0 1.0 0.157031 0.288542 0.032813 0.106250
0 1.0 0.071875 0.301042 0.081250 0.252083
0 1.0 0.137500 0.288542 0.106250 0.085417
0 1.0 0.807813 0.242708 0.243750 0.347917
0 1.0 0.663281 0.236458 0.289062 0.127083
0 1.0 0.666406 0.677083 0.667188 0.645833
0 1.0 0.241406 0.452083 0.439063 0.904167
0 1.0 0.138281 0.087500 0.054688 0.141667
0 1.0 0.186719 0.035417 0.101562 0.070833
0 1.0 0.152344 0.078125 0.229687 0.156250
0 1.0 0.159375 0.060417 0.090625 0.116667
0 1.0 0.085156 0.081250 0.039062 0.112500
0 1.0 0.159375 0.035417 0.050000 0.054167
0 1.0 0.095312 0.073958 0.031250 0.077083
0 1.0 0.132031 0.040625 0.092188 0.081250
0 1.0 0.105469 0.061458 0.076563 0.106250
0 1.0 0.817187 0.257292 0.103125 0.310417
0 1.0 0.817969 0.234375 0.289062 0.135417
0 1.0 0.826562 0.254167 0.068750 0.187500
0 1.0 0.093750 0.035417 0.028125 0.041667
0 1.0 0.031250 0.070833 0.040625 0.091667
0 1.0 0.366406 0.286458 0.139063 0.106250
0 1.0 0.246094 0.296875 0.114062 0.089583
0 1.0 0.629687 0.289583 0.175000 0.112500
0 1.0 0.621875 0.262500 0.053125 0.179167
0 1.0 0.556250 0.266667 0.112500 0.341667
0 1.0 0.832031 0.323958 0.035937 0.089583
0 1.0 0.503125 0.278125 0.078125 0.206250
0 1.0 0.775000 0.298958 0.056250 0.143750
0 1.0 0.108594 0.292708 0.157812 0.143750
0 1.0 0.297656 0.287500 0.273438 0.141667
0 1.0 0.324219 0.293750 0.082812 0.150000
0 1.0 0.240625 0.336458 0.053125 0.197917
0 1.0 0.498437 0.276042 0.121875 0.347917
0 1.0 0.505469 0.289583 0.273438 0.129167
0 1.0 0.496094 0.293750 0.070312 0.083333
0 1.0 0.076563 0.283333 0.031250 0.083333
0 1.0 0.463281 0.288542 0.060937 0.143750
0 1.0 0.385937 0.286458 0.228125 0.168750
0 1.0 0.050781 0.497917 0.101562 0.070833
0 1.0 0.037500 0.498958 0.075000 0.206250
0 1.0 0.890625 0.444792 0.218750 0.122917
0 1.0 0.920312 0.454167 0.103125 0.137500
0 1.0 0.234375 0.467708 0.146875 0.252083
0 1.0 0.182812 0.508333 0.225000 0.112500
0 1.0 0.400000 0.496875 0.240625 0.093750
0 1.0 0.075781 0.508333 0.064062 0.170833
0 1.0 0.121875 0.497917 0.187500 0.087500
0 1.0 0.962500 0.509375 0.034375 0.081250
0 1.0 0.953125 0.444792 0.093750 0.077083
0 1.0 0.735156 0.430208 0.229687 0.256250
0 1.0 0.671875 0.461458 0.059375 0.168750
0 1.0 0.694531 0.444792 0.189062 0.093750
0 1.0 0.678906 0.458333 0.035937 0.087500
0 1.0 0.868750 0.468750 0.096875 0.225000
0 1.0 0.607812 0.465625 0.046875 0.131250
0 1.0 0.660937 0.440625 0.065625 0.064583
0 1.0 0.617188 0.440625 0.243750 0.139583
0 1.0 0.849219 0.438542 0.239063 0.252083
0 1.0 0.835938 0.440625 0.025000 0.043750
0 1.0 0.878125 0.469792 0.065625 0.139583
0 1.0 0.139063 0.486458 0.096875 0.227083
0 1.0 0.809375 0.459375 0.115625 0.293750
0 1.0 0.765625 0.445833 0.140625 0.091667
0 1.0 0.717187 0.445833 0.068750 0.212500
0 1.0 0.744531 0.496875 0.220312 0.102083
0 1.0 0.725000 0.521875 0.046875 0.106250
0 1.0 0.670312 0.542708 0.046875 0.131250
0 1.0 0.678125 0.535417 0.031250 0.075000
0 1.0 0.666406 0.501042 0.232813 0.247917
0 1.0 0.667969 0.507292 0.117188 0.127083
0 1.0 0.611719 0.527083 0.051562 0.166667
0 1.0 0.625781 0.490625 0.217188 0.089583
0 1.0 0.617969 0.521875 0.035937 0.097917
0 1.0 0.608594 0.498958 0.123438 0.135417
0 1.0 0.553906 0.514583 0.067187 0.220833
0 1.0 0.830469 0.498958 0.057813 0.064583
0 1.0 0.814844 0.500000 0.223438 0.150000
0 1.0 0.771875 0.486458 0.112500 0.310417
0 1.0 0.391406 0.491667 0.239063 0.291667
0 1.0 0.339062 0.480208 0.084375 0.256250
0 1.0 0.285156 0.508333 0.154688 0.100000
0 1.0 0.253125 0.516667 0.071875 0.079167
0 1.0 0.556250 0.509375 0.221875 0.285417
0 1.0 0.557813 0.496875 0.125000 0.156250
0 1.0 0.501563 0.520833 0.062500 0.212500
0 1.0 0.524219 0.491667 0.192188 0.091667
0 1.0 0.446875 0.527083 0.059375 0.200000
0 1.0 0.455469 0.498958 0.126562 0.156250
0 1.0 0.504687 0.498958 0.153125 0.185417
0 1.0 0.688281 0.398958 0.270313 0.135417
0 1.0 0.683594 0.381250 0.048438 0.162500
0 1.0 0.613281 0.411458 0.045312 0.118750
0 1.0 0.878906 0.423958 0.054688 0.122917
0 1.0 0.622656 0.397917 0.120313 0.166667
0 1.0 0.580469 0.398958 0.254688 0.122917
0 1.0 0.836719 0.404167 0.185938 0.137500
0 1.0 0.775000 0.395833 0.137500 0.191667
0 1.0 0.067969 0.438542 0.135937 0.256250
0 1.0 0.344531 0.390625 0.273438 0.139583
0 1.0 0.205469 0.389583 0.214062 0.120833
0 1.0 0.496875 0.411458 0.059375 0.152083
0 1.0 0.509375 0.396875 0.150000 0.185417
0 1.0 0.481250 0.403125 0.143750 0.102083
0 1.0 0.399219 0.439583 0.123438 0.179167
0 1.0 0.325781 0.457292 0.023438 0.056250
0 1.0 0.290625 0.452083 0.200000 0.166667
0 1.0 0.598437 0.438542 0.112500 0.077083
0 1.0 0.299219 0.438542 0.070312 0.156250
0 1.0 0.264062 0.442708 0.090625 0.089583
0 1.0 0.546094 0.441667 0.076563 0.070833
0 1.0 0.512500 0.439583 0.240625 0.141667
0 1.0 0.443750 0.452083 0.046875 0.141667
0 1.0 0.521094 0.446875 0.026562 0.047917
0 1.0 0.728125 0.443750 0.040625 0.112500
0 1.0 0.396875 0.446875 0.237500 0.114583
0 1.0 0.049219 0.452083 0.098437 0.095833
0 1.0 0.956250 0.465625 0.037500 0.102083
0 1.0 0.935156 0.398958 0.129688 0.106250
0 1.0 0.924219 0.386458 0.151562 0.256250
0 1.0 0.180469 0.452083 0.079687 0.087500
0 1.0 0.147656 0.450000 0.198437 0.170833
0 1.0 0.446875 0.434375 0.234375 0.285417
0 1.0 0.474219 0.454167 0.070312 0.112500
0 1.0 0.150000 0.458333 0.056250 0.170833
0 1.0 0.084375 0.451042 0.034375 0.052083
0 1.0 0.137500 0.451042 0.075000 0.077083
0 1.0 0.087500 0.471875 0.053125 0.122917
0 1.0 0.025000 0.471875 0.046875 0.143750
0 1.0 0.654687 0.636458 0.490625 0.260417
0 1.0 0.811719 0.141667 0.117188 0.283333
0 1.0 0.792969 0.117708 0.270313 0.139583
0 1.0 0.269531 0.646875 0.539062 0.210417
0 1.0 0.760156 0.154167 0.129688 0.308333
0 1.0 0.635938 0.161458 0.212500 0.322917
0 1.0 0.607812 0.116667 0.237500 0.133333
0 1.0 0.558594 0.150000 0.164062 0.300000
0 1.0 0.719531 0.143750 0.107813 0.250000
0 1.0 0.067969 0.183333 0.104688 0.316667
0 1.0 0.116406 0.171875 0.173437 0.135417
0 1.0 0.036719 0.198958 0.073438 0.327083
0 1.0 0.063281 0.180208 0.060937 0.060417
0 1.0 0.050781 0.183333 0.089063 0.166667
0 1.0 0.960156 0.183333 0.045312 0.116667
0 1.0 0.943750 0.127083 0.112500 0.100000
0 1.0 0.832812 0.553125 0.334375 0.222917
0 1.0 0.138281 0.170833 0.117188 0.304167
0 1.0 0.921875 0.135417 0.156250 0.250000
0 1.0 0.882812 0.122917 0.234375 0.133333
0 1.0 0.150000 0.176042 0.131250 0.085417
0 1.0 0.871094 0.152083 0.123438 0.254167
0 1.0 0.189844 0.130208 0.132812 0.260417
0 1.0 0.349219 0.122917 0.185938 0.245833
0 1.0 0.281250 0.142708 0.093750 0.264583
0 1.0 0.194531 0.123958 0.289062 0.143750
0 1.0 0.257812 0.125000 0.031250 0.070833
0 1.0 0.449219 0.761458 0.579688 0.227083
0 1.0 0.217969 0.846875 0.435937 0.206250
0 1.0 0.108594 0.131250 0.217188 0.262500
0 1.0 0.078906 0.127083 0.079687 0.079167
0 1.0 0.237500 0.131250 0.118750 0.258333
0 1.0 0.509375 0.111458 0.250000 0.189583
0 1.0 0.435156 0.167708 0.110937 0.289583
0 1.0 0.493750 0.120833 0.156250 0.116667
0 1.0 0.450781 0.152083 0.229687 0.304167
0 1.0 0.407031 0.116667 0.310937 0.150000
0 1.0 0.217188 0.755208 0.434375 0.218750
0 1.0 0.447656 0.121875 0.060937 0.110417
0 1.0 0.343750 0.117708 0.109375 0.102083
0 1.0 0.725000 0.182292 0.284375 0.135417
0 1.0 0.538281 0.351042 0.632812 0.218750
0 1.0 0.549219 0.279167 0.239063 0.516667
0 1.0 0.614062 0.173958 0.275000 0.135417
0 1.0 0.656250 0.297917 0.390625 0.441667
0 1.0 0.785937 0.251042 0.428125 0.231250
0 1.0 0.270313 0.311458 0.196875 0.547917
0 1.0 0.270313 0.351042 0.518750 0.243750
0 1.0 0.167187 0.290625 0.200000 0.577083
0 1.0 0.783594 0.346875 0.432812 0.214583
0 1.0 0.845313 0.186458 0.159375 0.097917
0 1.0 0.236719 0.184375 0.251563 0.127083
0 1.0 0.208594 0.168750 0.032813 0.087500
0 1.0 0.745313 0.454167 0.509375 0.212500
0 1.0 0.345313 0.195833 0.115625 0.320833
0 1.0 0.375781 0.186458 0.114062 0.102083
0 1.0 0.352344 0.177083 0.089063 0.166667
0 1.0 0.443750 0.553125 0.600000 0.218750
0 1.0 0.353125 0.537500 0.375000 0.441667
0 1.0 0.310156 0.185417 0.057813 0.112500
0 1.0 0.235937 0.176042 0.243750 0.322917
0 1.0 0.442188 0.441667 0.434375 0.483333
0 1.0 0.375781 0.443750 0.589063 0.208333
0 1.0 0.446094 0.433333 0.207813 0.600000
0 1.0 0.407031 0.179167 0.173437 0.170833
0 1.0 0.506250 0.188542 0.081250 0.085417
0 1.0 0.867969 0.058333 0.167187 0.116667
0 1.0 0.814063 0.073958 0.084375 0.147917
0 1.0 0.805469 0.039583 0.220312 0.079167
0 1.0 0.769531 0.061458 0.079687 0.122917
0 1.0 0.709375 0.071875 0.071875 0.143750
0 1.0 0.930469 0.042708 0.139063 0.085417
0 1.0 0.335156 0.183333 0.670312 0.366667
0 1.0 0.752344 0.878125 0.495312 0.243750
0 1.0 0.758594 0.698958 0.482812 0.327083
0 1.0 0.652344 0.075000 0.239063 0.150000
0 1.0 0.730469 0.053125 0.185938 0.106250
0 1.0 0.661719 0.079167 0.076563 0.158333
0 1.0 0.962500 0.068750 0.031250 0.062500
0 1.0 0.082031 0.125000 0.054688 0.179167
0 1.0 0.861719 0.033333 0.117188 0.066667
0 1.0 0.876563 0.048958 0.062500 0.085417
0 1.0 0.328906 0.821875 0.657813 0.356250
0 1.0 0.500000 0.479167 1.000000 0.495833
0 1.0 0.289062 0.070833 0.081250 0.141667
0 1.0 0.286719 0.077083 0.242188 0.154167
0 1.0 0.467969 0.054167 0.104688 0.108333
0 1.0 0.235937 0.083333 0.071875 0.166667
0 1.0 0.254688 0.036458 0.143750 0.072917
0 1.0 0.191406 0.081250 0.057813 0.145833
0 1.0 0.064062 0.040625 0.056250 0.064583
0 1.0 0.071875 0.078125 0.143750 0.156250
0 1.0 0.359375 0.059375 0.100000 0.118750
0 1.0 0.513281 0.059375 0.139063 0.118750
0 1.0 0.448437 0.072917 0.040625 0.079167
0 1.0 0.518750 0.034375 0.056250 0.056250
0 1.0 0.607812 0.072917 0.087500 0.145833
0 1.0 0.396094 0.080208 0.089063 0.160417
0 1.0 0.604688 0.052083 0.190625 0.104167
0 1.0 0.418750 0.038542 0.268750 0.077083
0 1.0 0.439844 0.038542 0.095312 0.077083
0 1.0 0.333594 0.088542 0.060937 0.135417
0 1.0 0.328906 0.035417 0.035937 0.050000
0 1.0 0.556250 0.067708 0.084375 0.135417
0 1.0 0.443750 0.921875 0.600000 0.156250
0 1.0 0.214062 0.921875 0.428125 0.156250
0 1.0 0.658594 0.130208 0.110937 0.260417
0 1.0 0.543750 0.839583 0.578125 0.204167
0 1.0 0.962500 0.137500 0.040625 0.108333
0 1.0 0.484375 0.286458 0.631250 0.572917
0 1.0 0.023438 0.128125 0.043750 0.156250
0 1.0 0.078906 0.082292 0.085938 0.081250
0 1.0 0.749219 0.120833 0.501563 0.241667
0 1.0 0.442188 0.083333 0.071875 0.112500
0 1.0 0.262500 0.090625 0.034375 0.072917
0 1.0 0.939844 0.880208 0.120313 0.189583
0 1.0 0.887500 0.880208 0.225000 0.135417
0 1.0 0.906250 0.839583 0.187500 0.279167
0 1.0 0.864062 0.834375 0.071875 0.210417
0 1.0 0.137500 0.897917 0.140625 0.204167
0 1.0 0.795312 0.882292 0.128125 0.102083
0 1.0 0.399219 0.915625 0.235937 0.160417
0 1.0 0.078125 0.895833 0.112500 0.208333
0 1.0 0.115625 0.918750 0.231250 0.116667
0 1.0 0.034375 0.912500 0.068750 0.175000
0 1.0 0.297656 0.912500 0.148438 0.175000
0 1.0 0.233594 0.888542 0.126562 0.222917
0 1.0 0.770312 0.876042 0.200000 0.160417
0 1.0 0.715625 0.845833 0.059375 0.150000
0 1.0 0.667188 0.848958 0.056250 0.135417
0 1.0 0.669531 0.875000 0.260937 0.120833
0 1.0 0.612500 0.823958 0.056250 0.118750
0 1.0 0.567187 0.235417 0.203125 0.166667
0 1.0 0.766406 0.814583 0.114062 0.287500
0 1.0 0.951562 0.885417 0.065625 0.129167
0 1.0 0.817187 0.827083 0.121875 0.262500
0 1.0 0.960938 0.873958 0.034375 0.089583
0 1.0 0.607031 0.915625 0.289062 0.127083
0 1.0 0.610156 0.907292 0.107813 0.185417
0 1.0 0.550000 0.884375 0.125000 0.231250
0 1.0 0.807031 0.918750 0.220312 0.158333
0 1.0 0.496094 0.881250 0.120313 0.237500
0 1.0 0.501563 0.915625 0.253125 0.152083
0 1.0 0.442969 0.880208 0.126562 0.239583
0 1.0 0.711719 0.896875 0.114062 0.206250
0 1.0 0.728125 0.916667 0.284375 0.125000
0 1.0 0.667188 0.909375 0.106250 0.181250
0 1.0 0.395313 0.872917 0.125000 0.254167
0 1.0 0.342969 0.884375 0.126562 0.231250
0 1.0 0.727344 0.829167 0.110937 0.108333
0 1.0 0.650781 0.814583 0.310937 0.125000
0 1.0 0.671875 0.825000 0.118750 0.120833
0 1.0 0.947656 0.819792 0.104688 0.122917
0 1.0 0.814844 0.815625 0.145313 0.089583
0 1.0 0.150000 0.867708 0.284375 0.135417
0 1.0 0.808594 0.826042 0.273438 0.131250
0 1.0 0.419531 0.812500 0.154688 0.137500
0 1.0 0.346094 0.823958 0.260937 0.260417
0 1.0 0.296094 0.823958 0.048438 0.077083
0 1.0 0.854688 0.820833 0.068750 0.087500
0 1.0 0.841406 0.775000 0.214062 0.387500
0 1.0 0.554688 0.813542 0.253125 0.164583
0 1.0 0.496875 0.810417 0.256250 0.295833
0 1.0 0.725781 0.839583 0.229687 0.275000
0 1.0 0.403125 0.862500 0.321875 0.137500
0 1.0 0.421875 0.862500 0.131250 0.129167
0 1.0 0.346875 0.823958 0.053125 0.118750
0 1.0 0.552344 0.808333 0.057813 0.120833
0 1.0 0.554688 0.866667 0.300000 0.129167
0 1.0 0.446875 0.788542 0.040625 0.077083
0 1.0 0.482031 0.867708 0.107813 0.114583
0 1.0 0.114062 0.872917 0.118750 0.125000
0 1.0 0.029687 0.860417 0.053125 0.145833
0 1.0 0.068750 0.866667 0.137500 0.100000
0 1.0 0.053906 0.871875 0.067187 0.089583
0 1.0 0.283594 0.873958 0.057813 0.085417
0 1.0 0.890625 0.814583 0.218750 0.125000
0 1.0 0.289844 0.838542 0.098437 0.156250
0 1.0 0.233594 0.836458 0.067187 0.152083
0 1.0 0.185156 0.844792 0.064062 0.143750
0 1.0 0.396875 0.827083 0.078125 0.162500
0 1.0 0.081250 0.852083 0.065625 0.162500
0 1.0 0.522656 0.132292 0.567187 0.247917
0 1.0 0.231250 0.140625 0.462500 0.231250
0 1.0 0.166406 0.243750 0.182812 0.133333
0 1.0 0.825000 0.076042 0.350000 0.152083
0 1.0 0.341406 0.246875 0.223438 0.168750
0 1.0 0.453125 0.238542 0.293750 0.139583
0 1.0 0.283594 0.257292 0.120313 0.327083
0 1.0 0.253906 0.243750 0.289062 0.137500
0 1.0 0.303906 0.253125 0.057813 0.077083
0 1.0 0.242969 0.275000 0.095312 0.320833
0 1.0 0.617969 0.076042 0.589063 0.152083
0 1.0 0.054688 0.235417 0.109375 0.095833
0 1.0 0.038281 0.240625 0.054688 0.081250
0 1.0 0.928906 0.184375 0.142187 0.110417
0 1.0 0.957031 0.236458 0.048438 0.122917
0 1.0 0.740625 0.239583 0.203125 0.479167
0 1.0 0.228125 0.242708 0.456250 0.222917
0 1.0 0.532813 0.244792 0.578125 0.243750
0 1.0 0.283594 0.958333 0.095312 0.083333
0 1.0 0.560937 0.943750 0.134375 0.112500
0 1.0 0.183594 0.933333 0.092188 0.133333
0 1.0 0.227344 0.962500 0.117188 0.075000
0 1.0 0.196094 0.947917 0.210938 0.104167
0 1.0 0.503125 0.963542 0.078125 0.064583
0 1.0 0.476562 0.952083 0.156250 0.095833
0 1.0 0.692187 0.951042 0.153125 0.097917
0 1.0 0.342969 0.933333 0.089063 0.133333
0 1.0 0.360156 0.963542 0.073438 0.064583
0 1.0 0.725781 0.959375 0.082812 0.060417
0 1.0 0.869531 0.885417 0.107813 0.229167
0 1.0 0.137500 0.964583 0.103125 0.062500
0 1.0 0.414844 0.950000 0.167187 0.100000
0 1.0 0.091406 0.947917 0.129688 0.104167
0 1.0 0.069531 0.966667 0.064062 0.054167
0 1.0 0.962500 0.929167 0.059375 0.141667
0 1.0 0.287500 0.078125 0.575000 0.156250
0 1.0 0.925000 0.955208 0.137500 0.089583
0 1.0 0.448437 0.931250 0.081250 0.137500
0 1.0 0.867188 0.962500 0.050000 0.050000
0 1.0 0.859375 0.956250 0.103125 0.079167
0 1.0 0.821875 0.928125 0.109375 0.143750
0 1.0 0.469531 0.241667 0.114062 0.129167
0 1.0 0.403125 0.216667 0.128125 0.345833
0 1.0 0.416406 0.242708 0.123438 0.131250
0 1.0 0.664062 0.960417 0.081250 0.062500
0 1.0 0.629687 0.946875 0.193750 0.106250
0 1.0 0.608594 0.961458 0.085938 0.064583
0 1.0 0.763281 0.926042 0.104688 0.147917
0 1.0 0.831250 0.962500 0.078125 0.054167
0 1.0 0.778125 0.960417 0.078125 0.054167
0 1.0 0.259375 0.522917 0.196875 0.633333
0 1.0 0.780469 0.600000 0.064062 0.091667
0 1.0 0.251563 0.815625 0.259375 0.368750
0 1.0 0.437500 0.661458 0.334375 0.360417
0 1.0 0.638281 0.752083 0.501563 0.262500
0 1.0 0.213281 0.495833 0.426563 0.370833
0 1.0 0.835938 0.554167 0.315625 0.891667
0 1.0 0.068750 0.317708 0.137500 0.568750
0 1.0 0.346094 0.181250 0.298438 0.362500
0 1.0 0.667188 0.607292 0.215625 0.547917
0 1.0 0.760156 0.473958 0.354687 0.427083
0 1.0 0.070312 0.569792 0.140625 0.610417
0 1.0 0.146875 0.554167 0.203125 0.620833
0 1.0 0.847656 0.465625 0.189062 0.610417
0 1.0 0.814844 0.293750 0.370312 0.587500
0 1.0 0.171875 0.698958 0.343750 0.506250