0 1.0 0.498829 0.500000 0.763466 1.000000
0 1.0 0.285714 0.613281 0.365340 0.598437
0 1.0 0.503513 0.325000 0.524590 0.543750
0 1.0 0.812646 0.551562 0.295082 0.265625
0 1.0 0.716628 0.570312 0.126464 0.190625
0 1.0 0.731850 0.556250 0.264637 0.121875
0 1.0 0.817330 0.587500 0.098361 0.137500
0 1.0 0.961358 0.589844 0.044496 0.123438
0 1.0 0.939110 0.548438 0.121780 0.106250
0 1.0 0.927400 0.552344 0.145199 0.251563
0 1.0 0.888759 0.548438 0.222482 0.131250
0 1.0 0.878220 0.579688 0.135831 0.240625
0 1.0 0.494145 0.545312 0.262295 0.168750
0 1.0 0.430913 0.523438 0.145199 0.315625
0 1.0 0.378220 0.539844 0.288056 0.151562
0 1.0 0.347775 0.539062 0.138173 0.250000
0 1.0 0.652225 0.589063 0.114754 0.159375
0 1.0 0.053864 0.629687 0.107728 0.137500
0 1.0 0.648712 0.531250 0.285714 0.290625
0 1.0 0.603044 0.571094 0.124122 0.198437
0 1.0 0.607728 0.557031 0.180328 0.107813
0 1.0 0.491803 0.534375 0.154567 0.262500
0 1.0 0.546838 0.564844 0.124122 0.217188
0 1.0 0.592506 0.609375 0.088993 0.068750
0 1.0 0.553864 0.578125 0.259953 0.275000
0 1.0 0.501171 0.603125 0.187354 0.090625
0 1.0 0.535129 0.604688 0.081967 0.075000
0 1.0 0.030445 0.667188 0.056206 0.125000
0 1.0 0.427400 0.603125 0.161593 0.084375
0 1.0 0.459016 0.600781 0.065574 0.067187
0 1.0 0.374707 0.591406 0.238876 0.117188
0 1.0 0.400468 0.581250 0.084309 0.093750
0 1.0 0.769321 0.609375 0.208431 0.196875
0 1.0 0.696721 0.605469 0.288056 0.107813
0 1.0 0.720141 0.632812 0.114754 0.150000
0 1.0 0.654567 0.654687 0.105386 0.159375
0 1.0 0.608899 0.639062 0.107728 0.156250
0 1.0 0.607728 0.611719 0.208431 0.151562
0 1.0 0.570258 0.607812 0.203747 0.087500
0 1.0 0.676815 0.609375 0.112412 0.078125
0 1.0 0.231850 0.603125 0.093677 0.106250
0 1.0 0.213115 0.585156 0.229508 0.251563
0 1.0 0.129977 0.657813 0.063232 0.137500
0 1.0 0.170960 0.607031 0.252927 0.117188
0 1.0 0.133489 0.617969 0.070258 0.076563
0 1.0 0.104215 0.603906 0.208431 0.260937
0 1.0 0.063232 0.619531 0.042155 0.051562
0 1.0 0.334895 0.580469 0.103044 0.101562
0 1.0 0.331382 0.557813 0.274005 0.306250
0 1.0 0.290398 0.582812 0.131148 0.259375
0 1.0 0.256440 0.593750 0.245902 0.128125
0 1.0 0.186183 0.617188 0.119438 0.212500
0 1.0 0.291569 0.591406 0.053864 0.073438
0 1.0 0.236534 0.505469 0.149883 0.273438
0 1.0 0.272834 0.496875 0.227166 0.143750
0 1.0 0.558548 0.492969 0.213115 0.135937
0 1.0 0.474239 0.488281 0.250585 0.148438
0 1.0 0.380562 0.485156 0.227166 0.189062
0 1.0 0.066745 0.501563 0.105386 0.065625
0 1.0 0.042155 0.547656 0.084309 0.145313
0 1.0 0.077283 0.508594 0.154567 0.270313
0 1.0 0.962529 0.500000 0.037471 0.084375
0 1.0 0.969555 0.444531 0.060890 0.073438
0 1.0 0.929742 0.447656 0.140515 0.129688
0 1.0 0.893443 0.446875 0.213115 0.265625
0 1.0 0.874707 0.481250 0.091335 0.143750
0 1.0 0.861827 0.442188 0.028103 0.046875
0 1.0 0.194379 0.549219 0.098361 0.179688
0 1.0 0.127635 0.571094 0.067916 0.135937
0 1.0 0.031616 0.574219 0.053864 0.123438
0 1.0 0.151054 0.500781 0.245902 0.151562
0 1.0 0.073770 0.564844 0.077283 0.164062
0 1.0 0.124122 0.558594 0.177986 0.098437
0 1.0 0.065574 0.560937 0.131148 0.071875
0 1.0 0.064403 0.569531 0.063232 0.064062
0 1.0 0.933255 0.497656 0.133489 0.110937
0 1.0 0.953162 0.519531 0.065574 0.126562
0 1.0 0.763466 0.503906 0.154567 0.245312
0 1.0 0.718970 0.495312 0.304450 0.134375
0 1.0 0.658080 0.525000 0.117096 0.156250
0 1.0 0.800937 0.507031 0.117096 0.098437
0 1.0 0.757611 0.716406 0.119438 0.089063
0 1.0 0.716628 0.707031 0.266979 0.251563
0 1.0 0.656909 0.738281 0.119438 0.220312
0 1.0 0.663934 0.710938 0.316159 0.112500
0 1.0 0.681499 0.719531 0.145199 0.101562
0 1.0 0.606557 0.737500 0.112412 0.159375
0 1.0 0.606557 0.721875 0.262295 0.234375
0 1.0 0.550351 0.728906 0.107728 0.204687
0 1.0 0.820843 0.720313 0.086651 0.075000
0 1.0 0.882904 0.737500 0.093677 0.165625
0 1.0 0.879391 0.728906 0.039813 0.054688
0 1.0 0.858314 0.709375 0.259953 0.290625
0 1.0 0.814988 0.728125 0.121780 0.237500
0 1.0 0.824356 0.707812 0.304450 0.118750
0 1.0 0.710773 0.725000 0.114754 0.175000
0 1.0 0.338407 0.707031 0.133489 0.292187
0 1.0 0.366511 0.713281 0.119438 0.114062
0 1.0 0.292740 0.706250 0.121780 0.353125
0 1.0 0.254098 0.713281 0.306792 0.145313
0 1.0 0.298595 0.718750 0.063232 0.090625
0 1.0 0.271663 0.711719 0.262295 0.373437
0 1.0 0.258782 0.706250 0.100703 0.121875
0 1.0 0.190867 0.725000 0.138173 0.371875
0 1.0 0.498829 0.718750 0.117096 0.225000
0 1.0 0.514052 0.713281 0.306792 0.120313
0 1.0 0.539813 0.719531 0.105386 0.095312
0 1.0 0.510539 0.714844 0.252927 0.251563
0 1.0 0.441452 0.715625 0.105386 0.250000
0 1.0 0.496487 0.724219 0.070258 0.082812
0 1.0 0.393443 0.685156 0.135831 0.379688
0 1.0 0.396956 0.714844 0.311475 0.135937
0 1.0 0.441452 0.721094 0.081967 0.101562
0 1.0 0.441452 0.775000 0.086651 0.112500
0 1.0 0.381733 0.774219 0.243560 0.348438
0 1.0 0.350117 0.761719 0.311475 0.139063
0 1.0 0.244731 0.766406 0.278689 0.129688
0 1.0 0.298595 0.777344 0.053864 0.076563
0 1.0 0.371194 0.768750 0.133489 0.128125
0 1.0 0.470726 0.766406 0.234192 0.114062
0 1.0 0.504684 0.775000 0.067916 0.087500
0 1.0 0.081967 0.760938 0.163934 0.262500
0 1.0 0.037471 0.753125 0.070258 0.228125
0 1.0 0.053864 0.763281 0.107728 0.079687
0 1.0 0.065574 0.770312 0.037471 0.053125
0 1.0 0.961358 0.760156 0.053864 0.151562
0 1.0 0.936768 0.712500 0.126464 0.103125
0 1.0 0.928571 0.721094 0.142857 0.270313
0 1.0 0.256440 0.771094 0.086651 0.110937
0 1.0 0.199063 0.771875 0.074941 0.096875
0 1.0 0.131148 0.762500 0.121780 0.365625
0 1.0 0.115925 0.764844 0.231850 0.126562
0 1.0 0.125293 0.773438 0.096019 0.106250
0 1.0 0.124122 0.778906 0.248244 0.395313
0 1.0 0.210773 0.655469 0.257611 0.135937
0 1.0 0.222482 0.654687 0.126464 0.125000
0 1.0 0.206089 0.702344 0.070258 0.107813
0 1.0 0.131148 0.671875 0.103044 0.193750
0 1.0 0.484778 0.675000 0.065574 0.071875
0 1.0 0.429742 0.610156 0.250585 0.342187
0 1.0 0.378220 0.664062 0.292740 0.121875
0 1.0 0.421546 0.666406 0.084309 0.089063
0 1.0 0.336066 0.661719 0.110070 0.098437
0 1.0 0.254098 0.663281 0.053864 0.073438
0 1.0 0.852459 0.610938 0.070258 0.078125
0 1.0 0.812646 0.648438 0.112412 0.209375
0 1.0 0.070258 0.685156 0.107728 0.223438
0 1.0 0.881733 0.487500 0.063232 0.090625
0 1.0 0.115925 0.658594 0.180328 0.114062
0 1.0 0.066745 0.665625 0.044496 0.075000
0 1.0 0.960187 0.673438 0.042155 0.121875
0 1.0 0.941452 0.604688 0.117096 0.106250
0 1.0 0.874707 0.602344 0.250585 0.132812
0 1.0 0.942623 0.659375 0.114754 0.106250
0 1.0 0.879391 0.660156 0.241218 0.129688
0 1.0 0.449649 0.667188 0.187354 0.090625
0 1.0 0.823185 0.667969 0.091335 0.079687
0 1.0 0.864169 0.675000 0.070258 0.075000
0 1.0 0.124122 0.703906 0.248244 0.135937
0 1.0 0.110070 0.709375 0.079625 0.106250
0 1.0 0.058548 0.704688 0.117096 0.090625
0 1.0 0.067916 0.708594 0.042155 0.067187
0 1.0 0.619438 0.655469 0.283372 0.107813
0 1.0 0.613583 0.692187 0.093677 0.118750
0 1.0 0.550351 0.667188 0.140515 0.190625
0 1.0 0.526932 0.662500 0.215457 0.100000
0 1.0 0.544496 0.669531 0.110070 0.092188
0 1.0 0.764637 0.682031 0.133489 0.207813
0 1.0 0.070258 0.304688 0.070258 0.137500
0 1.0 0.114754 0.289844 0.145199 0.089063
0 1.0 0.076112 0.283594 0.035129 0.057813
0 1.0 0.103044 0.286719 0.206089 0.279687
0 1.0 0.029274 0.304688 0.053864 0.131250
0 1.0 0.048009 0.289844 0.096019 0.064062
0 1.0 0.819672 0.449219 0.299766 0.154688
0 1.0 0.962529 0.301563 0.046838 0.118750
0 1.0 0.946136 0.236719 0.107728 0.101562
0 1.0 0.932084 0.241406 0.135831 0.270313
0 1.0 0.309133 0.295312 0.266979 0.275000
0 1.0 0.320843 0.297656 0.060890 0.101562
0 1.0 0.238876 0.332031 0.107728 0.245312
0 1.0 0.254098 0.285156 0.203747 0.107813
0 1.0 0.242389 0.314063 0.063232 0.115625
0 1.0 0.188525 0.317188 0.077283 0.159375
0 1.0 0.182670 0.295312 0.271663 0.159375
0 1.0 0.211944 0.307031 0.053864 0.085938
0 1.0 0.134660 0.332813 0.086651 0.171875
0 1.0 0.144028 0.303906 0.049180 0.073438
0 1.0 0.762295 0.245312 0.203747 0.215625
0 1.0 0.709602 0.236719 0.131148 0.289062
0 1.0 0.687354 0.231250 0.316159 0.140625
0 1.0 0.654567 0.224219 0.152225 0.289062
0 1.0 0.899297 0.239063 0.201405 0.121875
0 1.0 0.598361 0.226562 0.147541 0.259375
0 1.0 0.581967 0.225000 0.316159 0.168750
0 1.0 0.874707 0.248438 0.110070 0.259375
0 1.0 0.807963 0.244531 0.126464 0.095312
0 1.0 0.880562 0.256250 0.065574 0.150000
0 1.0 0.865340 0.231250 0.241218 0.300000
0 1.0 0.819672 0.242188 0.112412 0.265625
0 1.0 0.829040 0.246875 0.074941 0.156250
0 1.0 0.766979 0.256250 0.091335 0.184375
0 1.0 0.822014 0.294531 0.281030 0.151562
0 1.0 0.775176 0.306250 0.046838 0.071875
0 1.0 0.326698 0.284375 0.175644 0.134375
0 1.0 0.699063 0.289062 0.213115 0.109375
0 1.0 0.718970 0.291406 0.065574 0.098437
0 1.0 0.655738 0.276562 0.098361 0.184375
0 1.0 0.661593 0.273438 0.072600 0.109375
0 1.0 0.962529 0.360156 0.037471 0.079687
0 1.0 0.955504 0.329688 0.037471 0.053125
0 1.0 0.927400 0.293750 0.098361 0.150000
0 1.0 0.836066 0.296875 0.032787 0.056250
0 1.0 0.877049 0.319531 0.081967 0.151562
0 1.0 0.860656 0.295312 0.063232 0.065625
0 1.0 0.892272 0.308594 0.023419 0.042188
0 1.0 0.820843 0.307812 0.086651 0.168750
0 1.0 0.439110 0.257812 0.175644 0.228125
0 1.0 0.418033 0.278125 0.283372 0.128125
0 1.0 0.634660 0.274219 0.290398 0.295312
0 1.0 0.350117 0.304688 0.091335 0.209375
0 1.0 0.403981 0.280469 0.133489 0.098437
0 1.0 0.288056 0.316406 0.103044 0.245312
0 1.0 0.603044 0.285156 0.245902 0.126562
0 1.0 0.597190 0.268750 0.074941 0.106250
0 1.0 0.551522 0.272656 0.142857 0.242188
0 1.0 0.471897 0.282031 0.147541 0.098437
0 1.0 0.498829 0.263281 0.149883 0.279687
0 1.0 0.638173 0.174219 0.278689 0.176563
0 1.0 0.542155 0.186719 0.152225 0.242188
0 1.0 0.498829 0.173437 0.290398 0.171875
0 1.0 0.817330 0.182031 0.290398 0.139063
0 1.0 0.761124 0.180469 0.117096 0.270313
0 1.0 0.747073 0.167187 0.285714 0.290625
0 1.0 0.105386 0.040625 0.135831 0.081250
0 1.0 0.101874 0.084375 0.203747 0.168750
0 1.0 0.024590 0.096875 0.039813 0.087500
0 1.0 0.065574 0.028125 0.065574 0.053125
0 1.0 0.044496 0.037500 0.088993 0.075000
0 1.0 0.733021 0.518750 0.473068 0.962500
0 1.0 0.512881 0.737500 0.974239 0.481250
0 1.0 0.237705 0.048438 0.063232 0.084375
0 1.0 0.444965 0.202344 0.126464 0.204687
0 1.0 0.079625 0.071875 0.060890 0.078125
0 1.0 0.235363 0.074219 0.245902 0.148438
0 1.0 0.125293 0.029687 0.081967 0.059375
0 1.0 0.355972 0.236719 0.154567 0.235937
0 1.0 0.293911 0.248438 0.138173 0.228125
0 1.0 0.316159 0.243750 0.084309 0.093750
0 1.0 0.251756 0.232813 0.311475 0.137500
0 1.0 0.240047 0.246094 0.124122 0.223438
0 1.0 0.033958 0.239844 0.067916 0.076563
0 1.0 0.052693 0.234375 0.105386 0.168750
0 1.0 0.960187 0.221094 0.056206 0.142187
0 1.0 0.943794 0.182812 0.112412 0.109375
0 1.0 0.836066 0.186719 0.112412 0.085938
0 1.0 0.186183 0.241406 0.128806 0.223438
0 1.0 0.129977 0.248438 0.110070 0.259375
0 1.0 0.112412 0.234375 0.224824 0.121875
0 1.0 0.951991 0.411719 0.096019 0.126562
0 1.0 0.923888 0.407031 0.114754 0.264062
0 1.0 0.909836 0.394531 0.180328 0.120313
0 1.0 0.051522 0.359375 0.103044 0.134375
0 1.0 0.826698 0.397656 0.192037 0.107813
0 1.0 0.882904 0.432031 0.065574 0.107813
0 1.0 0.805621 0.421875 0.103044 0.221875
0 1.0 0.809133 0.427344 0.067916 0.135937
0 1.0 0.183841 0.454688 0.091335 0.078125
0 1.0 0.137002 0.517969 0.058548 0.085938
0 1.0 0.146370 0.478906 0.100703 0.107813
0 1.0 0.078454 0.521875 0.063232 0.131250
0 1.0 0.129977 0.452344 0.077283 0.067187
0 1.0 0.103044 0.453125 0.206089 0.118750
0 1.0 0.087822 0.471094 0.114754 0.129688
0 1.0 0.031616 0.517969 0.044496 0.107813
0 1.0 0.081967 0.450781 0.042155 0.048438
0 1.0 0.050351 0.452344 0.100703 0.079687
0 1.0 0.597190 0.411719 0.103044 0.154688
0 1.0 0.604215 0.397656 0.276347 0.154688
0 1.0 0.550351 0.407031 0.149883 0.289062
0 1.0 0.491803 0.421875 0.121780 0.221875
0 1.0 0.502342 0.396875 0.245902 0.140625
0 1.0 0.437939 0.409375 0.145199 0.250000
0 1.0 0.763466 0.421875 0.121780 0.237500
0 1.0 0.754098 0.396094 0.281030 0.151562
0 1.0 0.714286 0.418750 0.131148 0.237500
0 1.0 0.688525 0.394531 0.285714 0.260937
0 1.0 0.655738 0.415625 0.121780 0.225000
0 1.0 0.672131 0.441406 0.173302 0.114062
0 1.0 0.599532 0.484375 0.131148 0.228125
0 1.0 0.558548 0.442969 0.156909 0.126562
0 1.0 0.543326 0.465625 0.290398 0.284375
0 1.0 0.811475 0.492188 0.063232 0.103125
0 1.0 0.769321 0.479687 0.091335 0.140625
0 1.0 0.292740 0.518750 0.070258 0.128125
0 1.0 0.323185 0.457031 0.187354 0.139063
0 1.0 0.309133 0.485938 0.093677 0.134375
0 1.0 0.282201 0.454688 0.081967 0.087500
0 1.0 0.194379 0.518750 0.065574 0.112500
0 1.0 0.242389 0.456250 0.091335 0.081250
0 1.0 0.197892 0.457031 0.245902 0.164062
0 1.0 0.214286 0.482812 0.077283 0.106250
0 1.0 0.455504 0.450781 0.086651 0.104688
0 1.0 0.341920 0.506250 0.074941 0.137500
0 1.0 0.362998 0.456250 0.065574 0.090625
0 1.0 0.548009 0.335938 0.206089 0.178125
0 1.0 0.498829 0.353906 0.098361 0.204687
0 1.0 0.494145 0.314844 0.285714 0.301563
0 1.0 0.440281 0.332031 0.079625 0.157812
0 1.0 0.453162 0.335938 0.283372 0.134375
0 1.0 0.401639 0.350781 0.128806 0.273438
0 1.0 0.651054 0.357031 0.093677 0.173437
0 1.0 0.656909 0.343750 0.320843 0.128125
0 1.0 0.600703 0.346875 0.091335 0.159375
0 1.0 0.202576 0.375781 0.086651 0.117188
0 1.0 0.158080 0.342187 0.288056 0.115625
0 1.0 0.138173 0.407813 0.065574 0.100000
0 1.0 0.139344 0.366406 0.152225 0.145313
0 1.0 0.076112 0.407031 0.063232 0.129688
0 1.0 0.352459 0.419531 0.063232 0.126562
0 1.0 0.023419 0.363281 0.037471 0.089063
0 1.0 0.355972 0.392188 0.117096 0.156250
0 1.0 0.282201 0.393750 0.067916 0.159375
0 1.0 0.316159 0.342187 0.234192 0.112500
0 1.0 0.311475 0.370312 0.079625 0.118750
0 1.0 0.245902 0.342969 0.262295 0.157812
0 1.0 0.188525 0.422656 0.053864 0.110937
0 1.0 0.245902 0.400000 0.295082 0.131250
0 1.0 0.244731 0.439844 0.100703 0.201563
0 1.0 0.148712 0.397656 0.250585 0.120313
0 1.0 0.134660 0.406250 0.259953 0.290625
0 1.0 0.311475 0.417187 0.140515 0.118750
0 1.0 0.299766 0.417969 0.266979 0.295312
0 1.0 0.368852 0.403906 0.278689 0.135937
0 1.0 0.872365 0.369531 0.077283 0.139063
0 1.0 0.833724 0.346094 0.168618 0.095312
0 1.0 0.881733 0.384375 0.053864 0.090625
0 1.0 0.875878 0.352344 0.220141 0.179688
0 1.0 0.810304 0.360156 0.074941 0.157812
0 1.0 0.766979 0.369531 0.096019 0.148438
0 1.0 0.711944 0.360156 0.103044 0.176563
0 1.0 0.031616 0.462500 0.063232 0.150000
0 1.0 0.066745 0.398438 0.133489 0.087500
0 1.0 0.937939 0.342969 0.124122 0.101562
0 1.0 0.954333 0.397656 0.049180 0.070312
0 1.0 0.963700 0.391406 0.025761 0.048438
0 1.0 0.763466 0.570312 0.248244 0.490625
0 1.0 0.225995 0.646875 0.451991 0.231250
0 1.0 0.661593 0.651563 0.508197 0.268750
0 1.0 0.923888 0.092188 0.152225 0.184375
0 1.0 0.548009 0.653125 0.449649 0.484375
0 1.0 0.459016 0.647656 0.632319 0.223438
0 1.0 0.543326 0.533594 0.599532 0.248438
0 1.0 0.074941 0.162500 0.103044 0.212500
0 1.0 0.128806 0.571094 0.257611 0.476562
0 1.0 0.420375 0.538281 0.442623 0.420312
0 1.0 0.114754 0.129688 0.168618 0.109375
0 1.0 0.029274 0.177344 0.058548 0.148438
0 1.0 0.052693 0.132812 0.105386 0.075000
0 1.0 0.953162 0.100781 0.079625 0.129688
0 1.0 0.733021 0.761719 0.491803 0.248438
0 1.0 0.766979 0.735938 0.288056 0.431250
0 1.0 0.830211 0.078906 0.255269 0.154688
0 1.0 0.766979 0.106250 0.086651 0.140625
0 1.0 0.708431 0.112500 0.114754 0.196875
0 1.0 0.696721 0.078125 0.292740 0.150000
0 1.0 0.661593 0.118750 0.096019 0.118750
0 1.0 0.604215 0.121875 0.117096 0.178125
0 1.0 0.596019 0.085938 0.288056 0.168750
0 1.0 0.454333 0.764844 0.599532 0.257812
0 1.0 0.873536 0.100781 0.126464 0.201563
0 1.0 0.818501 0.100781 0.124122 0.201563
0 1.0 0.274005 0.357031 0.402810 0.492188
0 1.0 0.211944 0.350781 0.423888 0.226562
0 1.0 0.420375 0.139844 0.189696 0.179688
0 1.0 0.416862 0.132031 0.126464 0.092188
0 1.0 0.351288 0.158594 0.126464 0.157812
0 1.0 0.293911 0.190625 0.072600 0.140625
0 1.0 0.265808 0.142187 0.217799 0.090625
0 1.0 0.293911 0.164062 0.124122 0.162500
0 1.0 0.306792 0.152344 0.037471 0.045312
0 1.0 0.304450 0.133594 0.276347 0.251563
0 1.0 0.658080 0.135937 0.145199 0.190625
0 1.0 0.483607 0.130469 0.194379 0.126562
0 1.0 0.708431 0.241406 0.475410 0.426563
0 1.0 0.231850 0.156250 0.107728 0.181250
0 1.0 0.188525 0.165625 0.081967 0.181250
0 1.0 0.129977 0.149219 0.110070 0.232813
0 1.0 0.175644 0.135156 0.271663 0.270313
0 1.0 0.841920 0.491406 0.203747 0.557813
0 1.0 0.716628 0.454688 0.548009 0.234375
0 1.0 0.819672 0.353125 0.355972 0.418750
0 1.0 0.638173 0.347656 0.545667 0.251563
0 1.0 0.443794 0.423438 0.283372 0.456250
0 1.0 0.348946 0.097656 0.042155 0.070312
0 1.0 0.400468 0.035156 0.032787 0.035937
0 1.0 0.353630 0.073438 0.046838 0.056250
0 1.0 0.364169 0.040625 0.119438 0.065625
0 1.0 0.359485 0.073438 0.245902 0.146875
0 1.0 0.551522 0.079687 0.086651 0.087500
0 1.0 0.551522 0.045312 0.199063 0.090625
0 1.0 0.478923 0.075781 0.086651 0.076563
0 1.0 0.507026 0.097656 0.096019 0.085938
0 1.0 0.511710 0.068750 0.147541 0.115625
0 1.0 0.442623 0.107031 0.042155 0.048438
0 1.0 0.531616 0.036719 0.042155 0.042188
0 1.0 0.442623 0.092188 0.074941 0.062500
0 1.0 0.504684 0.046094 0.096019 0.067187
0 1.0 0.460187 0.083594 0.236534 0.167187
0 1.0 0.663934 0.113281 0.053864 0.079687
0 1.0 0.644028 0.038281 0.192037 0.076563
0 1.0 0.661593 0.068750 0.142857 0.109375
0 1.0 0.599532 0.091406 0.060890 0.079687
0 1.0 0.610070 0.060937 0.147541 0.106250
0 1.0 0.251756 0.499219 0.503513 0.304688
0 1.0 0.311475 0.061719 0.065574 0.064062
0 1.0 0.255269 0.038281 0.145199 0.076563
0 1.0 0.423888 0.067187 0.084309 0.078125
0 1.0 0.139344 0.060937 0.077283 0.100000
0 1.0 0.189696 0.054688 0.084309 0.087500
0 1.0 0.170960 0.044531 0.196721 0.089063
0 1.0 0.204918 0.031250 0.086651 0.062500
0 1.0 0.282201 0.439844 0.526932 0.879687
0 1.0 0.186183 0.075781 0.049180 0.092188
0 1.0 0.498829 0.875000 0.833724 0.250000
0 1.0 0.299766 0.789844 0.454333 0.420312
0 1.0 0.405152 0.085156 0.056206 0.079687
0 1.0 0.453162 0.032813 0.114754 0.056250
0 1.0 0.334895 0.177344 0.669789 0.354687
0 1.0 0.651054 0.489844 0.697892 0.414062
0 1.0 0.373536 0.065625 0.063232 0.062500
0 1.0 0.296253 0.084375 0.039813 0.065625
0 1.0 0.325527 0.035156 0.074941 0.048438
0 1.0 0.749415 0.878125 0.501171 0.243750
0 1.0 0.227166 0.923438 0.454333 0.153125
0 1.0 0.341920 0.134375 0.060890 0.106250
0 1.0 0.392272 0.089844 0.133489 0.089063
0 1.0 0.295082 0.084375 0.145199 0.071875
0 1.0 0.319672 0.089063 0.044496 0.046875
0 1.0 0.052693 0.081250 0.105386 0.078125
0 1.0 0.181499 0.111719 0.110070 0.167187
0 1.0 0.447307 0.150000 0.070258 0.103125
0 1.0 0.652225 0.727344 0.208431 0.482812
0 1.0 0.443794 0.089844 0.170960 0.101562
0 1.0 0.215457 0.838281 0.430913 0.207813
0 1.0 0.140515 0.337500 0.281030 0.675000
0 1.0 0.722482 0.120313 0.555035 0.240625
0 1.0 0.768150 0.060937 0.154567 0.121875
0 1.0 0.714286 0.091406 0.060890 0.101562
0 1.0 0.715457 0.035156 0.161593 0.070312
0 1.0 0.832553 0.922656 0.334895 0.154688
0 1.0 0.956674 0.078906 0.035129 0.073438
0 1.0 0.940281 0.040625 0.119438 0.081250
0 1.0 0.454333 0.923438 0.608899 0.153125
0 1.0 0.925059 0.076563 0.079625 0.112500
0 1.0 0.880562 0.078125 0.065574 0.115625
0 1.0 0.886417 0.036719 0.100703 0.073438
0 1.0 0.874707 0.051562 0.199063 0.103125
0 1.0 0.766979 0.071875 0.049180 0.075000
0 1.0 0.814988 0.066406 0.070258 0.107813
0 1.0 0.560890 0.821094 0.049180 0.089063
0 1.0 0.581967 0.873437 0.269321 0.115625
0 1.0 0.565574 0.842187 0.292740 0.265625
0 1.0 0.494145 0.811719 0.056206 0.092188
0 1.0 0.492974 0.836719 0.086651 0.120313
0 1.0 0.495316 0.869531 0.203747 0.189062
0 1.0 0.444965 0.832812 0.056206 0.103125
0 1.0 0.440281 0.846875 0.117096 0.159375
0 1.0 0.466042 0.877344 0.112412 0.114062
0 1.0 0.392272 0.874219 0.072600 0.132812
0 1.0 0.788056 0.876563 0.245902 0.168750
0 1.0 0.709602 0.820312 0.070258 0.109375
0 1.0 0.711944 0.856250 0.248244 0.246875
0 1.0 0.659251 0.862500 0.086651 0.134375
0 1.0 0.668618 0.876563 0.180328 0.140625
0 1.0 0.619438 0.835938 0.063232 0.109375
0 1.0 0.224824 0.887500 0.206089 0.187500
0 1.0 0.193208 0.895312 0.081967 0.143750
0 1.0 0.139344 0.883594 0.058548 0.114062
0 1.0 0.145199 0.882031 0.290398 0.142187
0 1.0 0.389930 0.878125 0.311475 0.150000
0 1.0 0.147541 0.888281 0.145199 0.126562
0 1.0 0.078454 0.879687 0.049180 0.090625
0 1.0 0.080796 0.882812 0.091335 0.121875
0 1.0 0.391101 0.877344 0.131148 0.173437
0 1.0 0.343091 0.861719 0.077283 0.151562
0 1.0 0.346604 0.864844 0.140515 0.210938
0 1.0 0.295082 0.880469 0.065574 0.117188
0 1.0 0.290398 0.880469 0.131148 0.167187
0 1.0 0.318501 0.887500 0.079625 0.093750
0 1.0 0.230679 0.917188 0.072600 0.121875
0 1.0 0.291569 0.921875 0.189696 0.131250
0 1.0 0.775176 0.821875 0.074941 0.096875
0 1.0 0.449649 0.914844 0.238876 0.114062
0 1.0 0.875878 0.871875 0.248244 0.146875
0 1.0 0.919204 0.836719 0.133489 0.267188
0 1.0 0.882904 0.798438 0.079625 0.140625
0 1.0 0.824356 0.782813 0.070258 0.128125
0 1.0 0.834895 0.808594 0.053864 0.092188
0 1.0 0.076112 0.938281 0.081967 0.123438
0 1.0 0.118267 0.926562 0.199063 0.093750
0 1.0 0.024590 0.950781 0.049180 0.098437
0 1.0 0.066745 0.939844 0.044496 0.048438
0 1.0 0.957845 0.842187 0.037471 0.084375
0 1.0 0.946136 0.859375 0.070258 0.118750
0 1.0 0.063232 0.932031 0.126464 0.070312
0 1.0 0.127635 0.834375 0.105386 0.112500
0 1.0 0.029274 0.910937 0.030445 0.071875
0 1.0 0.036300 0.849219 0.058548 0.170313
0 1.0 0.055035 0.825781 0.110070 0.073438
0 1.0 0.073770 0.836719 0.030445 0.045312
0 1.0 0.928571 0.762500 0.142857 0.106250
0 1.0 0.297424 0.812500 0.159251 0.315625
0 1.0 0.313817 0.834375 0.051522 0.075000
0 1.0 0.112412 0.824219 0.224824 0.126562
0 1.0 0.284543 0.830469 0.086651 0.104688
0 1.0 0.210773 0.832812 0.103044 0.109375
0 1.0 0.192037 0.822656 0.201405 0.276562
0 1.0 0.786885 0.762500 0.332553 0.128125
0 1.0 0.764637 0.772656 0.166276 0.217188
0 1.0 0.704918 0.785156 0.140515 0.207813
0 1.0 0.749415 0.769531 0.117096 0.107813
0 1.0 0.659251 0.761719 0.264637 0.126562
0 1.0 0.874707 0.775000 0.044496 0.078125
0 1.0 0.879391 0.778906 0.175644 0.207813
0 1.0 0.830211 0.809375 0.320843 0.140625
0 1.0 0.824356 0.824219 0.281030 0.295312
0 1.0 0.799766 0.814063 0.138173 0.125000
0 1.0 0.059719 0.882812 0.119438 0.068750
0 1.0 0.033958 0.906250 0.058548 0.096875
0 1.0 0.081967 0.893750 0.028103 0.040625
0 1.0 0.956674 0.839844 0.081967 0.242188
0 1.0 0.926230 0.810937 0.147541 0.115625
0 1.0 0.539813 0.809375 0.105386 0.106250
0 1.0 0.464871 0.817969 0.269321 0.123438
0 1.0 0.446136 0.827344 0.185012 0.223438
0 1.0 0.352459 0.817969 0.316159 0.135937
0 1.0 0.663934 0.810156 0.274005 0.126562
0 1.0 0.550351 0.811719 0.145199 0.279687
0 1.0 0.590164 0.803125 0.145199 0.118750
0 1.0 0.099532 0.175781 0.199063 0.151562
0 1.0 0.046838 0.183594 0.074941 0.064062
0 1.0 0.195550 0.186719 0.044496 0.073438
0 1.0 0.350117 0.217969 0.081967 0.157812
0 1.0 0.412178 0.183594 0.159251 0.104688
0 1.0 0.373536 0.180469 0.278689 0.164062
0 1.0 0.375878 0.076563 0.569087 0.153125
0 1.0 0.318501 0.203125 0.051522 0.078125
0 1.0 0.256440 0.182031 0.245902 0.110937
0 1.0 0.926230 0.911719 0.100703 0.176563
0 1.0 0.968384 0.959375 0.058548 0.081250
0 1.0 0.926230 0.953906 0.147541 0.092188
0 1.0 0.543326 0.192969 0.248244 0.385937
0 1.0 0.553864 0.151562 0.466042 0.243750
0 1.0 0.487119 0.228125 0.491803 0.262500
0 1.0 0.368852 0.284375 0.283372 0.446875
0 1.0 0.854801 0.112500 0.088993 0.087500
0 1.0 0.752927 0.114844 0.320843 0.135937
0 1.0 0.074941 0.922656 0.149883 0.154688
0 1.0 0.048009 0.962500 0.086651 0.075000
0 1.0 0.959016 0.923438 0.058548 0.131250
0 1.0 0.873536 0.882031 0.135831 0.235937
0 1.0 0.261124 0.962500 0.072600 0.050000
0 1.0 0.190867 0.932813 0.133489 0.134375
0 1.0 0.234192 0.956250 0.117096 0.078125
0 1.0 0.135831 0.952344 0.084309 0.095312
0 1.0 0.215457 0.963281 0.051522 0.045312
0 1.0 0.070258 0.964844 0.046838 0.051562
0 1.0 0.168618 0.964844 0.042155 0.042188
0 1.0 0.087822 0.966406 0.035129 0.039062
0 1.0 0.659251 0.918750 0.227166 0.140625
0 1.0 0.610070 0.903125 0.114754 0.193750
0 1.0 0.586651 0.917188 0.208431 0.103125
0 1.0 0.563232 0.912500 0.114754 0.156250
0 1.0 0.775176 0.946875 0.140515 0.106250
0 1.0 0.710773 0.932031 0.096019 0.135937
0 1.0 0.752927 0.960938 0.096019 0.062500
0 1.0 0.660422 0.932813 0.084309 0.134375
0 1.0 0.666276 0.959375 0.086651 0.062500
0 1.0 0.857143 0.963281 0.084309 0.054688
0 1.0 0.817330 0.939063 0.103044 0.121875
0 1.0 0.848946 0.960156 0.152225 0.076563
0 1.0 0.402810 0.953125 0.107728 0.093750
0 1.0 0.345433 0.928125 0.105386 0.143750
0 1.0 0.353630 0.962500 0.107728 0.062500
0 1.0 0.293911 0.944531 0.086651 0.110937
0 1.0 0.555035 0.952344 0.079625 0.095312
0 1.0 0.291569 0.958594 0.072600 0.057813
0 1.0 0.622951 0.961719 0.093677 0.060937
0 1.0 0.597190 0.957031 0.131148 0.085938
0 1.0 0.498829 0.946875 0.084309 0.106250
0 1.0 0.446136 0.934375 0.096019 0.131250
0 1.0 0.489461 0.964844 0.084309 0.051562
0 1.0 0.247073 0.197656 0.274005 0.395313
0 1.0 0.076112 0.277344 0.152225 0.554688
0 1.0 0.495316 0.785937 0.358314 0.428125
0 1.0 0.926230 0.564844 0.147541 0.557813
0 1.0 0.914520 0.253125 0.170960 0.471875
0 1.0 0.862998 0.685937 0.274005 0.628125