0 1.0 0.770312 0.596774 0.115625 0.362903
0 1.0 0.709375 0.588710 0.096875 0.370968
0 1.0 0.491406 0.562500 0.907813 0.447581
0 1.0 0.519531 0.645161 0.051562 0.169355
0 1.0 0.571094 0.606855 0.054688 0.076613
0 1.0 0.517969 0.608871 0.220312 0.282258
0 1.0 0.452344 0.675403 0.029687 0.108871
0 1.0 0.481250 0.604839 0.168750 0.088710
0 1.0 0.451562 0.647177 0.071875 0.173387
0 1.0 0.149219 0.651210 0.045312 0.173387
0 1.0 0.196875 0.618952 0.050000 0.076613
0 1.0 0.154688 0.602823 0.225000 0.278226
0 1.0 0.384375 0.600806 0.246875 0.282258
0 1.0 0.346094 0.663306 0.057813 0.197581
0 1.0 0.539062 0.612903 0.018750 0.048387
0 1.0 0.485938 0.610887 0.018750 0.052419
0 1.0 0.658594 0.608871 0.095312 0.266129
0 1.0 0.664844 0.598790 0.167187 0.165323
0 1.0 0.652344 0.584677 0.201563 0.338710
0 1.0 0.605469 0.641129 0.060937 0.209677
0 1.0 0.560937 0.669355 0.046875 0.169355
0 1.0 0.592187 0.598790 0.268750 0.116935
0 1.0 0.289062 0.610887 0.256250 0.270161
0 1.0 0.297656 0.631048 0.117188 0.197581
0 1.0 0.239844 0.671371 0.048438 0.173387
0 1.0 0.223438 0.606855 0.334375 0.133065
0 1.0 0.381250 0.641129 0.090625 0.233871
0 1.0 0.182812 0.633065 0.106250 0.177419
0 1.0 0.846875 0.546371 0.203125 0.286290
0 1.0 0.812500 0.542339 0.300000 0.125000
0 1.0 0.082812 0.659274 0.031250 0.157258
0 1.0 0.170313 0.618952 0.025000 0.060484
0 1.0 0.087500 0.620968 0.143750 0.233871
0 1.0 0.041406 0.661290 0.032813 0.169355
0 1.0 0.082031 0.612903 0.079687 0.072581
0 1.0 0.109375 0.618952 0.015625 0.052419
0 1.0 0.134375 0.610887 0.146875 0.092742
0 1.0 0.346094 0.639113 0.101562 0.262097
0 1.0 0.328906 0.606855 0.076563 0.092742
0 1.0 0.287500 0.665323 0.037500 0.153226
0 1.0 0.271094 0.620968 0.020313 0.048387
0 1.0 0.960938 0.562500 0.040625 0.213710
0 1.0 0.924219 0.538306 0.151562 0.173387
0 1.0 0.277344 0.614919 0.051562 0.084677
0 1.0 0.184375 0.669355 0.037500 0.177419
0 1.0 0.947656 0.542339 0.104688 0.108871
0 1.0 0.203906 0.667339 0.207813 0.181452
0 1.0 0.418750 0.602823 0.306250 0.116935
0 1.0 0.807031 0.596774 0.092188 0.314516
0 1.0 0.807031 0.604839 0.207813 0.169355
0 1.0 0.160156 0.669355 0.029687 0.088710
0 1.0 0.062500 0.659274 0.121875 0.116935
0 1.0 0.048438 0.669355 0.056250 0.217742
0 1.0 0.271094 0.673387 0.023438 0.072581
0 1.0 0.947656 0.610887 0.104688 0.205645
0 1.0 0.605469 0.604839 0.070312 0.088710
0 1.0 0.091406 0.663306 0.020313 0.084677
0 1.0 0.382031 0.661290 0.045312 0.161290
0 1.0 0.960938 0.639113 0.037500 0.205645
0 1.0 0.956250 0.602823 0.087500 0.100806
0 1.0 0.919531 0.600806 0.076563 0.338710
0 1.0 0.904687 0.600806 0.190625 0.314516
0 1.0 0.872656 0.586694 0.089063 0.366935
0 1.0 0.785937 0.608871 0.034375 0.056452
0 1.0 0.883594 0.604839 0.051562 0.217742
0 1.0 0.850000 0.612903 0.028125 0.056452
0 1.0 0.883594 0.602823 0.232813 0.125000
0 1.0 0.887500 0.485887 0.150000 0.229839
0 1.0 0.091406 0.631048 0.032813 0.141129
0 1.0 0.134375 0.554435 0.128125 0.100806
0 1.0 0.100781 0.608871 0.032813 0.104839
0 1.0 0.146875 0.562500 0.062500 0.092742
0 1.0 0.116406 0.556452 0.039062 0.064516
0 1.0 0.039844 0.610887 0.042188 0.125000
0 1.0 0.712500 0.493952 0.293750 0.141129
0 1.0 0.946094 0.504032 0.054688 0.201613
0 1.0 0.235156 0.560484 0.264062 0.120968
0 1.0 0.060937 0.582661 0.078125 0.141129
0 1.0 0.246875 0.625000 0.056250 0.120968
0 1.0 0.892188 0.506048 0.056250 0.173387
0 1.0 0.769531 0.512097 0.242188 0.338710
0 1.0 0.463281 0.542339 0.092188 0.165323
0 1.0 0.487500 0.504032 0.090625 0.129032
0 1.0 0.693750 0.495968 0.150000 0.233871
0 1.0 0.439844 0.506048 0.226562 0.262097
0 1.0 0.625781 0.493952 0.160938 0.229839
0 1.0 0.547656 0.576613 0.054688 0.153226
0 1.0 0.576562 0.506048 0.181250 0.116935
0 1.0 0.873437 0.493952 0.046875 0.084677
0 1.0 0.421875 0.542339 0.371875 0.157258
0 1.0 0.666406 0.542339 0.279687 0.133065
0 1.0 0.553906 0.544355 0.235937 0.161290
0 1.0 0.860938 0.542339 0.037500 0.068548
0 1.0 0.890625 0.540323 0.046875 0.096774
0 1.0 0.553906 0.604839 0.092188 0.209677
0 1.0 0.453906 0.635081 0.029687 0.092742
0 1.0 0.512500 0.546371 0.062500 0.084677
0 1.0 0.531250 0.548387 0.034375 0.088710
0 1.0 0.130469 0.637097 0.035937 0.145161
0 1.0 0.480469 0.548387 0.032813 0.088710
0 1.0 0.366406 0.548387 0.129688 0.096774
0 1.0 0.608594 0.576613 0.101562 0.306452
0 1.0 0.291406 0.570565 0.029687 0.060484
0 1.0 0.502344 0.602823 0.048438 0.181452
0 1.0 0.274219 0.745968 0.079687 0.096774
0 1.0 0.240625 0.750000 0.275000 0.250000
0 1.0 0.922656 0.691532 0.120313 0.286290
0 1.0 0.882031 0.715726 0.082812 0.116935
0 1.0 0.177344 0.743952 0.101562 0.262097
0 1.0 0.338281 0.661290 0.195312 0.129032
0 1.0 0.139063 0.721774 0.062500 0.225806
0 1.0 0.174219 0.750000 0.264062 0.112903
0 1.0 0.192188 0.750000 0.081250 0.096774
0 1.0 0.071875 0.709677 0.062500 0.209677
0 1.0 0.431250 0.747984 0.359375 0.125000
0 1.0 0.386719 0.752016 0.114062 0.278226
0 1.0 0.490625 0.750000 0.028125 0.064516
0 1.0 0.398438 0.754032 0.265625 0.266129
0 1.0 0.344531 0.741935 0.089063 0.298387
0 1.0 0.101562 0.745968 0.203125 0.274194
0 1.0 0.245312 0.754032 0.084375 0.225806
0 1.0 0.289844 0.727823 0.085938 0.237903
0 1.0 0.275781 0.747984 0.026562 0.068548
0 1.0 0.748437 0.713710 0.037500 0.064516
0 1.0 0.827344 0.719758 0.026562 0.068548
0 1.0 0.846094 0.697581 0.251563 0.266129
0 1.0 0.799219 0.707661 0.323437 0.133065
0 1.0 0.170313 0.747984 0.031250 0.068548
0 1.0 0.525000 0.709677 0.071875 0.201613
0 1.0 0.591406 0.709677 0.032813 0.080645
0 1.0 0.772656 0.673387 0.082812 0.233871
0 1.0 0.748437 0.681452 0.265625 0.274194
0 1.0 0.809375 0.689516 0.068750 0.209677
0 1.0 0.029687 0.723790 0.056250 0.221774
0 1.0 0.053125 0.750000 0.075000 0.072581
0 1.0 0.076563 0.747984 0.025000 0.068548
0 1.0 0.962500 0.727823 0.053125 0.221774
0 1.0 0.932031 0.711694 0.129688 0.141129
0 1.0 0.650781 0.675403 0.270313 0.262097
0 1.0 0.884375 0.764113 0.093750 0.125000
0 1.0 0.592187 0.729839 0.075000 0.217742
0 1.0 0.635938 0.756048 0.315625 0.133065
0 1.0 0.874219 0.725806 0.092188 0.258065
0 1.0 0.749219 0.760081 0.048438 0.068548
0 1.0 0.821875 0.766129 0.028125 0.064516
0 1.0 0.812500 0.756048 0.334375 0.133065
0 1.0 0.802344 0.747984 0.179688 0.221774
0 1.0 0.506250 0.766129 0.243750 0.258065
0 1.0 0.118750 0.806452 0.203125 0.096774
0 1.0 0.077344 0.790323 0.114062 0.266129
0 1.0 0.134375 0.810484 0.071875 0.088710
0 1.0 0.040625 0.796371 0.081250 0.270161
0 1.0 0.066406 0.818548 0.029687 0.056452
0 1.0 0.943750 0.756048 0.112500 0.108871
0 1.0 0.559375 0.741935 0.078125 0.241935
0 1.0 0.605469 0.756048 0.073438 0.100806
0 1.0 0.552344 0.758065 0.079687 0.096774
0 1.0 0.434375 0.745968 0.071875 0.217742
0 1.0 0.541406 0.754032 0.026562 0.064516
0 1.0 0.713281 0.701613 0.070312 0.185484
0 1.0 0.702344 0.750000 0.285938 0.233871
0 1.0 0.655469 0.701613 0.073438 0.201613
0 1.0 0.700781 0.760081 0.120313 0.116935
0 1.0 0.333594 0.747984 0.132812 0.116935
0 1.0 0.807813 0.667339 0.196875 0.165323
0 1.0 0.530469 0.671371 0.310937 0.149194
0 1.0 0.724219 0.649194 0.051562 0.201613
0 1.0 0.089063 0.705645 0.025000 0.088710
0 1.0 0.065625 0.693548 0.131250 0.241935
0 1.0 0.952344 0.663306 0.095312 0.100806
0 1.0 0.950781 0.685484 0.051562 0.169355
0 1.0 0.854688 0.683468 0.025000 0.052419
0 1.0 0.651563 0.667339 0.150000 0.149194
0 1.0 0.783594 0.675403 0.035937 0.060484
0 1.0 0.583594 0.677419 0.035937 0.080645
0 1.0 0.528125 0.667339 0.121875 0.189516
0 1.0 0.506250 0.679435 0.093750 0.084677
0 1.0 0.484375 0.675403 0.068750 0.125000
0 1.0 0.409375 0.665323 0.371875 0.153226
0 1.0 0.475781 0.671371 0.020313 0.068548
0 1.0 0.543750 0.687500 0.018750 0.060484
0 1.0 0.614844 0.659274 0.129688 0.221774
0 1.0 0.597656 0.673387 0.054688 0.104839
0 1.0 0.575000 0.669355 0.103125 0.177419
0 1.0 0.633594 0.707661 0.035937 0.084677
0 1.0 0.069531 0.705645 0.082812 0.096774
0 1.0 0.511719 0.709677 0.085938 0.088710
0 1.0 0.551562 0.711694 0.021875 0.076613
0 1.0 0.747656 0.713710 0.117188 0.120968
0 1.0 0.718750 0.699597 0.162500 0.205645
0 1.0 0.697656 0.715726 0.064062 0.092742
0 1.0 0.275781 0.707661 0.148438 0.108871
0 1.0 0.483594 0.709677 0.020313 0.072581
0 1.0 0.150781 0.687500 0.139063 0.197581
0 1.0 0.209375 0.703629 0.050000 0.092742
0 1.0 0.172656 0.701613 0.029687 0.080645
0 1.0 0.318750 0.703629 0.062500 0.100806
0 1.0 0.324219 0.693548 0.251563 0.241935
0 1.0 0.887500 0.665323 0.225000 0.129032
0 1.0 0.253125 0.705645 0.025000 0.080645
0 1.0 0.067187 0.366935 0.075000 0.112903
0 1.0 0.957031 0.403226 0.029687 0.072581
0 1.0 0.959375 0.290323 0.081250 0.088710
0 1.0 0.949219 0.362903 0.032813 0.056452
0 1.0 0.916406 0.294355 0.167187 0.145161
0 1.0 0.675781 0.352823 0.035937 0.060484
0 1.0 0.664062 0.306452 0.243750 0.258065
0 1.0 0.673438 0.314516 0.153125 0.145161
0 1.0 0.896094 0.298387 0.207813 0.290323
0 1.0 0.874219 0.366935 0.073438 0.137097
0 1.0 0.824219 0.298387 0.064062 0.064516
0 1.0 0.884375 0.342742 0.025000 0.040323
0 1.0 0.821875 0.302419 0.165625 0.104839
0 1.0 0.171094 0.358871 0.257812 0.193548
0 1.0 0.203125 0.391129 0.043750 0.080645
0 1.0 0.128125 0.453629 0.040625 0.084677
0 1.0 0.077344 0.346774 0.154688 0.250000
0 1.0 0.121875 0.344758 0.125000 0.108871
0 1.0 0.812500 0.314516 0.275000 0.241935
0 1.0 0.771875 0.360887 0.078125 0.149194
0 1.0 0.025000 0.427419 0.025000 0.080645
0 1.0 0.027344 0.403226 0.042188 0.088710
0 1.0 0.087500 0.461694 0.040625 0.092742
0 1.0 0.403125 0.308468 0.237500 0.278226
0 1.0 0.415625 0.300403 0.118750 0.149194
0 1.0 0.349219 0.368952 0.048438 0.108871
0 1.0 0.422656 0.296371 0.051562 0.068548
0 1.0 0.612500 0.364919 0.068750 0.141129
0 1.0 0.654687 0.296371 0.112500 0.084677
0 1.0 0.621875 0.354839 0.028125 0.056452
0 1.0 0.628125 0.316532 0.093750 0.116935
0 1.0 0.563281 0.368952 0.057813 0.133065
0 1.0 0.607812 0.302419 0.090625 0.072581
0 1.0 0.570312 0.352823 0.040625 0.076613
0 1.0 0.575000 0.306452 0.171875 0.112903
0 1.0 0.558594 0.296371 0.229687 0.270161
0 1.0 0.582812 0.316532 0.059375 0.084677
0 1.0 0.242969 0.354839 0.035937 0.072581
0 1.0 0.223438 0.288306 0.243750 0.141129
0 1.0 0.825000 0.368952 0.075000 0.141129
0 1.0 0.839063 0.352823 0.025000 0.044355
0 1.0 0.500781 0.356855 0.057813 0.141129
0 1.0 0.510156 0.346774 0.042188 0.088710
0 1.0 0.786719 0.346774 0.029687 0.048387
0 1.0 0.714063 0.358871 0.084375 0.161290
0 1.0 0.746875 0.296371 0.193750 0.100806
0 1.0 0.727344 0.338710 0.035937 0.056452
0 1.0 0.660937 0.362903 0.087500 0.153226
0 1.0 0.711719 0.366935 0.189062 0.193548
0 1.0 0.673438 0.403226 0.056250 0.104839
0 1.0 0.345313 0.439516 0.040625 0.088710
0 1.0 0.363281 0.354839 0.242188 0.112903
0 1.0 0.347656 0.391129 0.085938 0.104839
0 1.0 0.182031 0.403226 0.095312 0.120968
0 1.0 0.618750 0.411290 0.040625 0.088710
0 1.0 0.619531 0.350806 0.245312 0.153226
0 1.0 0.557031 0.443548 0.035937 0.080645
0 1.0 0.560156 0.419355 0.045312 0.080645
0 1.0 0.829688 0.411290 0.040625 0.096774
0 1.0 0.525000 0.346774 0.184375 0.129032
0 1.0 0.510938 0.356855 0.234375 0.262097
0 1.0 0.507031 0.425403 0.039062 0.068548
0 1.0 0.384375 0.383065 0.046875 0.072581
0 1.0 0.298438 0.451613 0.028125 0.072581
0 1.0 0.297656 0.403226 0.073438 0.104839
0 1.0 0.332031 0.387097 0.026562 0.048387
0 1.0 0.232031 0.433468 0.057813 0.125000
0 1.0 0.239844 0.342742 0.289062 0.129032
0 1.0 0.920312 0.354839 0.087500 0.201613
0 1.0 0.289062 0.358871 0.256250 0.274194
0 1.0 0.503125 0.451613 0.031250 0.080645
0 1.0 0.245312 0.375000 0.146875 0.153226
0 1.0 0.192188 0.445565 0.034375 0.076613
0 1.0 0.448437 0.427419 0.018750 0.040323
0 1.0 0.444531 0.399194 0.070312 0.096774
0 1.0 0.491406 0.379032 0.045312 0.072581
0 1.0 0.399219 0.415323 0.051562 0.120968
0 1.0 0.397656 0.372984 0.095312 0.133065
0 1.0 0.096094 0.441532 0.032813 0.060484
0 1.0 0.626563 0.239919 0.237500 0.108871
0 1.0 0.625781 0.310484 0.032813 0.064516
0 1.0 0.613281 0.243952 0.229687 0.270161
0 1.0 0.557813 0.300403 0.062500 0.157258
0 1.0 0.236719 0.268145 0.095312 0.278226
0 1.0 0.242188 0.235887 0.278125 0.125000
0 1.0 0.507031 0.278226 0.079687 0.169355
0 1.0 0.525000 0.243952 0.153125 0.133065
0 1.0 0.508594 0.235887 0.226562 0.286290
0 1.0 0.767188 0.294355 0.081250 0.153226
0 1.0 0.781250 0.243952 0.293750 0.125000
0 1.0 0.776563 0.286290 0.050000 0.080645
0 1.0 0.714063 0.300403 0.078125 0.165323
0 1.0 0.726562 0.284274 0.043750 0.076613
0 1.0 0.716406 0.245968 0.242188 0.266129
0 1.0 0.399219 0.239919 0.123438 0.270161
0 1.0 0.432031 0.239919 0.120313 0.125000
0 1.0 0.252344 0.247984 0.032813 0.068548
0 1.0 0.291406 0.227823 0.229687 0.278226
0 1.0 0.294531 0.241935 0.120313 0.161290
0 1.0 0.246094 0.042339 0.164062 0.084677
0 1.0 0.134375 0.072581 0.062500 0.145161
0 1.0 0.446875 0.296371 0.050000 0.149194
0 1.0 0.133594 0.046371 0.176563 0.092742
0 1.0 0.138281 0.090726 0.229687 0.181452
0 1.0 0.075781 0.074597 0.060937 0.133065
0 1.0 0.115625 0.030242 0.081250 0.060484
0 1.0 0.505469 0.243952 0.060937 0.092742
0 1.0 0.415625 0.235887 0.284375 0.133065
0 1.0 0.059375 0.028226 0.068750 0.056452
0 1.0 0.346094 0.276210 0.057813 0.173387
0 1.0 0.349219 0.237903 0.160938 0.201613
0 1.0 0.293750 0.288306 0.056250 0.165323
0 1.0 0.031250 0.054435 0.062500 0.108871
0 1.0 0.389844 0.310484 0.035937 0.064516
0 1.0 0.296875 0.368952 0.053125 0.125000
0 1.0 0.307812 0.292339 0.168750 0.092742
0 1.0 0.300000 0.336694 0.081250 0.125000
0 1.0 0.332031 0.320565 0.023438 0.044355
0 1.0 0.237500 0.364919 0.065625 0.149194
0 1.0 0.950000 0.241935 0.100000 0.153226
0 1.0 0.917969 0.268145 0.095312 0.294355
0 1.0 0.895312 0.237903 0.209375 0.120968
0 1.0 0.187500 0.377016 0.040625 0.092742
0 1.0 0.233594 0.300403 0.154688 0.092742
0 1.0 0.180469 0.342742 0.076563 0.112903
0 1.0 0.445312 0.368952 0.040625 0.100806
0 1.0 0.546875 0.300403 0.028125 0.052419
0 1.0 0.443750 0.330645 0.087500 0.137097
0 1.0 0.475000 0.296371 0.200000 0.157258
0 1.0 0.510156 0.318548 0.023438 0.048387
0 1.0 0.068750 0.395161 0.043750 0.088710
0 1.0 0.118750 0.288306 0.128125 0.092742
0 1.0 0.073438 0.366935 0.018750 0.032258
0 1.0 0.353125 0.336694 0.075000 0.108871
0 1.0 0.657813 0.318548 0.062500 0.120968
0 1.0 0.667188 0.306452 0.040625 0.064516
0 1.0 0.217969 0.330645 0.023438 0.048387
0 1.0 0.875781 0.278226 0.085938 0.193548
0 1.0 0.789062 0.245968 0.128125 0.096774
0 1.0 0.883594 0.276210 0.051562 0.100806
0 1.0 0.824219 0.298387 0.073438 0.153226
0 1.0 0.141406 0.387097 0.048438 0.096774
0 1.0 0.148438 0.362903 0.031250 0.048387
0 1.0 0.030469 0.368952 0.035937 0.108871
0 1.0 0.050781 0.288306 0.073438 0.068548
0 1.0 0.037500 0.334677 0.037500 0.080645
0 1.0 0.964063 0.306452 0.040625 0.129032
0 1.0 0.521875 0.469758 0.021875 0.044355
0 1.0 0.462500 0.475806 0.215625 0.129032
0 1.0 0.710156 0.483871 0.073438 0.177419
0 1.0 0.869531 0.415323 0.045312 0.096774
0 1.0 0.694531 0.445565 0.095312 0.100806
0 1.0 0.611719 0.508065 0.073438 0.185484
0 1.0 0.355469 0.475806 0.264062 0.250000
0 1.0 0.378906 0.497984 0.057813 0.084677
0 1.0 0.917969 0.477823 0.089063 0.173387
0 1.0 0.821094 0.481855 0.089063 0.245968
0 1.0 0.825000 0.441532 0.328125 0.141129
0 1.0 0.765625 0.508065 0.090625 0.209677
0 1.0 0.806250 0.443548 0.153125 0.112903
0 1.0 0.389844 0.514113 0.098437 0.149194
0 1.0 0.342187 0.544355 0.043750 0.096774
0 1.0 0.338281 0.467742 0.023438 0.048387
0 1.0 0.341406 0.516129 0.082812 0.120968
0 1.0 0.304688 0.548387 0.028125 0.072581
0 1.0 0.029687 0.536290 0.025000 0.088710
0 1.0 0.122656 0.465726 0.020313 0.044355
0 1.0 0.096875 0.471774 0.034375 0.056452
0 1.0 0.304688 0.514113 0.056250 0.100806
0 1.0 0.253125 0.473790 0.250000 0.133065
0 1.0 0.333594 0.502016 0.029687 0.060484
0 1.0 0.246094 0.544355 0.054688 0.112903
0 1.0 0.285938 0.467742 0.156250 0.096774
0 1.0 0.547656 0.542339 0.039062 0.092742
0 1.0 0.629687 0.453629 0.059375 0.076613
0 1.0 0.546094 0.457661 0.092188 0.084677
0 1.0 0.390625 0.538306 0.053125 0.125000
0 1.0 0.506250 0.455645 0.246875 0.266129
0 1.0 0.185156 0.512097 0.076563 0.120968
0 1.0 0.155469 0.467742 0.276562 0.177419
0 1.0 0.225000 0.489919 0.028125 0.052419
0 1.0 0.510156 0.508065 0.026562 0.064516
0 1.0 0.505469 0.524194 0.042188 0.088710
0 1.0 0.127344 0.580645 0.042188 0.153226
0 1.0 0.387500 0.570565 0.084375 0.189516
0 1.0 0.444531 0.506048 0.104688 0.125000
0 1.0 0.342969 0.578629 0.076563 0.189516
0 1.0 0.332031 0.497984 0.217188 0.125000
0 1.0 0.032031 0.554435 0.045312 0.116935
0 1.0 0.110156 0.502016 0.039062 0.084677
0 1.0 0.067969 0.506048 0.135937 0.262097
0 1.0 0.290625 0.590726 0.046875 0.116935
0 1.0 0.290625 0.556452 0.096875 0.153226
0 1.0 0.232813 0.508065 0.128125 0.112903
0 1.0 0.463281 0.580645 0.032813 0.096774
0 1.0 0.092969 0.572581 0.039062 0.153226
0 1.0 0.146875 0.500000 0.118750 0.096774
0 1.0 0.097656 0.504032 0.120313 0.177419
0 1.0 0.026562 0.588710 0.028125 0.112903
0 1.0 0.128125 0.500000 0.037500 0.064516
0 1.0 0.070312 0.512097 0.075000 0.129032
0 1.0 0.308594 0.518145 0.101562 0.141129
0 1.0 0.221875 0.510081 0.275000 0.278226
0 1.0 0.184375 0.596774 0.043750 0.120968
0 1.0 0.177344 0.562500 0.095312 0.157258
0 1.0 0.832812 0.449597 0.025000 0.052419
0 1.0 0.407031 0.427419 0.176563 0.169355
0 1.0 0.091406 0.419355 0.142187 0.169355
0 1.0 0.035937 0.489919 0.037500 0.108871
0 1.0 0.085156 0.413306 0.092188 0.076613
0 1.0 0.301563 0.479839 0.050000 0.104839
0 1.0 0.299219 0.411290 0.185938 0.104839
0 1.0 0.317969 0.441532 0.057813 0.084677
0 1.0 0.232813 0.491935 0.065625 0.112903
0 1.0 0.239844 0.495968 0.032813 0.056452
0 1.0 0.223438 0.415323 0.268750 0.137097
0 1.0 0.322656 0.407258 0.079687 0.064516
0 1.0 0.589844 0.409274 0.167187 0.133065
0 1.0 0.572656 0.411290 0.239063 0.258065
0 1.0 0.542969 0.397177 0.142187 0.092742
0 1.0 0.466406 0.473790 0.060937 0.084677
0 1.0 0.464844 0.411290 0.170313 0.137097
0 1.0 0.448437 0.403226 0.256250 0.266129
0 1.0 0.478906 0.443548 0.064062 0.080645
0 1.0 0.391406 0.467742 0.064062 0.129032
0 1.0 0.182031 0.455645 0.082812 0.120968
0 1.0 0.046094 0.475806 0.032813 0.072581
0 1.0 0.091406 0.419355 0.029687 0.056452
0 1.0 0.959375 0.459677 0.028125 0.072581
0 1.0 0.928906 0.346774 0.142187 0.112903
0 1.0 0.948438 0.433468 0.046875 0.084677
0 1.0 0.959375 0.381048 0.081250 0.125000
0 1.0 0.866406 0.415323 0.067187 0.153226
0 1.0 0.823438 0.348790 0.190625 0.116935
0 1.0 0.125781 0.465726 0.082812 0.165323
0 1.0 0.085938 0.479839 0.065625 0.145161
0 1.0 0.134375 0.407258 0.125000 0.096774
0 1.0 0.782813 0.407258 0.046875 0.104839
0 1.0 0.780469 0.451613 0.051562 0.112903
0 1.0 0.778906 0.409274 0.285938 0.270161
0 1.0 0.553125 0.485887 0.034375 0.060484
0 1.0 0.916406 0.405242 0.167187 0.165323
0 1.0 0.953906 0.429435 0.092188 0.149194
0 1.0 0.962500 0.483871 0.037500 0.120968
0 1.0 0.192969 0.550403 0.032813 0.084677
0 1.0 0.214844 0.469758 0.042188 0.068548
0 1.0 0.892969 0.415323 0.214062 0.290323
0 1.0 0.128906 0.467742 0.142187 0.104839
0 1.0 0.175000 0.465726 0.031250 0.052419
0 1.0 0.097656 0.516129 0.032813 0.088710
0 1.0 0.810937 0.401210 0.181250 0.116935
0 1.0 0.660937 0.449597 0.121875 0.213710
0 1.0 0.668750 0.447581 0.075000 0.129032
0 1.0 0.339062 0.465726 0.078125 0.108871
0 1.0 0.370312 0.433468 0.118750 0.116935
0 1.0 0.612500 0.459677 0.040625 0.088710
0 1.0 0.882031 0.463710 0.039062 0.096774
0 1.0 0.464844 0.500000 0.042188 0.088710
0 1.0 0.450781 0.637097 0.192188 0.475806
0 1.0 0.449219 0.649194 0.876563 0.185484
0 1.0 0.144531 0.810484 0.164062 0.225806
0 1.0 0.395313 0.133065 0.137500 0.266129
0 1.0 0.435156 0.131048 0.104688 0.116935
0 1.0 0.344531 0.147177 0.107813 0.294355
0 1.0 0.391406 0.737903 0.745313 0.193548
0 1.0 0.366406 0.127016 0.170313 0.108871
0 1.0 0.290625 0.157258 0.084375 0.241935
0 1.0 0.546094 0.602823 0.457813 0.383065
0 1.0 0.273438 0.139113 0.043750 0.076613
0 1.0 0.223438 0.131048 0.268750 0.133065
0 1.0 0.776563 0.544355 0.446875 0.233871
0 1.0 0.649219 0.524194 0.348438 0.411290
0 1.0 0.260156 0.610887 0.492188 0.342742
0 1.0 0.559375 0.600806 0.203125 0.459677
0 1.0 0.457031 0.129032 0.182812 0.209677
0 1.0 0.480469 0.127016 0.151562 0.108871
0 1.0 0.497656 0.135081 0.067187 0.100806
0 1.0 0.446094 0.733871 0.492188 0.387097
0 1.0 0.352344 0.731855 0.192188 0.504032
0 1.0 0.186719 0.167339 0.073438 0.221774
0 1.0 0.870313 0.112903 0.225000 0.225806
0 1.0 0.075000 0.165323 0.081250 0.225806
0 1.0 0.089063 0.135081 0.168750 0.221774
0 1.0 0.028906 0.189516 0.048438 0.153226
0 1.0 0.060156 0.127016 0.107813 0.084677
0 1.0 0.965625 0.135081 0.043750 0.133065
0 1.0 0.952344 0.076613 0.095312 0.104839
0 1.0 0.225000 0.844758 0.450000 0.213710
0 1.0 0.232813 0.151210 0.112500 0.302419
0 1.0 0.134375 0.165323 0.078125 0.225806
0 1.0 0.646094 0.729839 0.442188 0.362903
0 1.0 0.249219 0.737903 0.198437 0.483871
0 1.0 0.156250 0.731855 0.240625 0.431452
0 1.0 0.662500 0.127016 0.240625 0.157258
0 1.0 0.678906 0.383065 0.426563 0.354839
0 1.0 0.570312 0.360887 0.578125 0.213710
0 1.0 0.556250 0.139113 0.234375 0.278226
0 1.0 0.843750 0.391129 0.200000 0.483871
0 1.0 0.446094 0.354839 0.457813 0.403226
0 1.0 0.375781 0.457661 0.692187 0.197581
0 1.0 0.668750 0.155242 0.078125 0.173387
0 1.0 0.144531 0.473790 0.257812 0.455645
0 1.0 0.072656 0.469758 0.145313 0.568548
0 1.0 0.343750 0.354839 0.609375 0.217742
0 1.0 0.240625 0.385081 0.203125 0.528226
0 1.0 0.246094 0.375000 0.457813 0.403226
0 1.0 0.826562 0.163306 0.065625 0.157258
0 1.0 0.929688 0.137097 0.140625 0.258065
0 1.0 0.910156 0.125000 0.179688 0.120968
0 1.0 0.768750 0.167339 0.090625 0.237903
0 1.0 0.781250 0.125000 0.275000 0.129032
0 1.0 0.774219 0.137097 0.232813 0.274194
0 1.0 0.714063 0.161290 0.087500 0.233871
0 1.0 0.352344 0.381048 0.223438 0.528226
0 1.0 0.503906 0.147177 0.107813 0.294355
0 1.0 0.605469 0.159274 0.082812 0.237903
0 1.0 0.554688 0.155242 0.096875 0.262097
0 1.0 0.573438 0.125000 0.237500 0.120968
0 1.0 0.323437 0.483871 0.484375 0.387097
0 1.0 0.771094 0.060484 0.154688 0.120968
0 1.0 0.715625 0.064516 0.068750 0.129032
0 1.0 0.737500 0.032258 0.140625 0.064516
0 1.0 0.854688 0.084677 0.159375 0.137097
0 1.0 0.716406 0.082661 0.229687 0.165323
0 1.0 0.661719 0.070565 0.067187 0.141129
0 1.0 0.672656 0.034274 0.173437 0.068548
0 1.0 0.619531 0.030242 0.110937 0.060484
0 1.0 0.603125 0.050403 0.059375 0.100806
0 1.0 0.825000 0.056452 0.053125 0.096774
0 1.0 0.771094 0.074597 0.076563 0.149194
0 1.0 0.947656 0.042339 0.104688 0.084677
0 1.0 0.831250 0.034274 0.162500 0.068548
0 1.0 0.295312 0.062500 0.100000 0.125000
0 1.0 0.295312 0.076613 0.234375 0.153226
0 1.0 0.233594 0.070565 0.079687 0.141129
0 1.0 0.500000 0.762097 1.000000 0.443548
0 1.0 0.071875 0.076613 0.143750 0.153226
0 1.0 0.196094 0.054435 0.101562 0.108871
0 1.0 0.407031 0.058468 0.129688 0.116935
0 1.0 0.343750 0.068548 0.071875 0.137097
0 1.0 0.325781 0.028226 0.051562 0.056452
0 1.0 0.609375 0.080645 0.221875 0.161290
0 1.0 0.637500 0.872984 0.725000 0.254032
0 1.0 0.500000 0.197581 1.000000 0.395161
0 1.0 0.466406 0.056452 0.107813 0.112903
0 1.0 0.553906 0.068548 0.067187 0.137097
0 1.0 0.567187 0.032258 0.118750 0.064516
0 1.0 0.415625 0.032258 0.206250 0.064516
0 1.0 0.400781 0.076613 0.229687 0.153226
0 1.0 0.503906 0.072581 0.073438 0.145161
0 1.0 0.447656 0.050403 0.048438 0.100806
0 1.0 0.505469 0.028226 0.051562 0.056452
0 1.0 0.508594 0.076613 0.226562 0.153226
0 1.0 0.217188 0.923387 0.434375 0.153226
0 1.0 0.460156 0.919355 0.589063 0.161290
0 1.0 0.827344 0.850806 0.345313 0.201613
0 1.0 0.874219 0.120968 0.098437 0.233871
0 1.0 0.246875 0.120968 0.493750 0.241935
0 1.0 0.749219 0.118952 0.501563 0.237903
0 1.0 0.964063 0.062500 0.034375 0.084677
0 1.0 0.835156 0.923387 0.329688 0.153226
0 1.0 0.922656 0.072581 0.073438 0.145161
0 1.0 0.874219 0.064516 0.067187 0.129032
0 1.0 0.873437 0.028226 0.075000 0.056452
0 1.0 0.704688 0.344758 0.303125 0.689516
0 1.0 0.048438 0.080645 0.084375 0.096774
0 1.0 0.437500 0.084677 0.093750 0.104839
0 1.0 0.289062 0.084677 0.050000 0.072581
0 1.0 0.025000 0.122984 0.050000 0.157258
0 1.0 0.953125 0.836694 0.043750 0.100806
0 1.0 0.938281 0.872984 0.123438 0.133065
0 1.0 0.927344 0.800403 0.060937 0.149194
0 1.0 0.878906 0.780242 0.042188 0.092742
0 1.0 0.799219 0.864919 0.120313 0.084677
0 1.0 0.602344 0.842742 0.226562 0.250000
0 1.0 0.888281 0.818548 0.039062 0.080645
0 1.0 0.854688 0.875000 0.053125 0.072581
0 1.0 0.132812 0.879032 0.125000 0.241935
0 1.0 0.146094 0.915323 0.192188 0.145161
0 1.0 0.080469 0.883065 0.126562 0.233871
0 1.0 0.029687 0.895161 0.059375 0.209677
0 1.0 0.065625 0.919355 0.131250 0.104839
0 1.0 0.038281 0.921371 0.064062 0.092742
0 1.0 0.725781 0.754032 0.032813 0.080645
0 1.0 0.707031 0.860887 0.289062 0.116935
0 1.0 0.964063 0.806452 0.025000 0.072581
0 1.0 0.605469 0.756048 0.029687 0.076613
0 1.0 0.609375 0.790323 0.031250 0.072581
0 1.0 0.300781 0.782258 0.039062 0.112903
0 1.0 0.267188 0.870968 0.237500 0.129032
0 1.0 0.564063 0.780242 0.037500 0.100806
0 1.0 0.832812 0.810484 0.034375 0.080645
0 1.0 0.567969 0.804435 0.057813 0.125000
0 1.0 0.577344 0.868952 0.120313 0.125000
0 1.0 0.517969 0.794355 0.032813 0.096774
0 1.0 0.530469 0.868952 0.132812 0.133065
0 1.0 0.775000 0.778226 0.043750 0.104839
0 1.0 0.782813 0.804435 0.043750 0.092742
0 1.0 0.528125 0.870968 0.028125 0.080645
0 1.0 0.735156 0.788306 0.032813 0.068548
0 1.0 0.711719 0.858871 0.185938 0.201613
0 1.0 0.671094 0.737903 0.026562 0.064516
0 1.0 0.678906 0.778226 0.026562 0.056452
0 1.0 0.445312 0.812500 0.046875 0.125000
0 1.0 0.666406 0.889113 0.095312 0.205645
0 1.0 0.664844 0.911290 0.254688 0.153226
0 1.0 0.595313 0.877016 0.103125 0.245968
0 1.0 0.295312 0.872984 0.131250 0.254032
0 1.0 0.342187 0.917339 0.050000 0.092742
0 1.0 0.564844 0.911290 0.210938 0.153226
0 1.0 0.505469 0.875000 0.110937 0.250000
0 1.0 0.816406 0.879032 0.104688 0.241935
0 1.0 0.767188 0.877016 0.103125 0.245968
0 1.0 0.460938 0.903226 0.140625 0.185484
0 1.0 0.350000 0.903226 0.128125 0.185484
0 1.0 0.234375 0.862903 0.103125 0.274194
0 1.0 0.253906 0.915323 0.179688 0.145161
0 1.0 0.186719 0.866935 0.104688 0.266129
0 1.0 0.467969 0.913306 0.273438 0.133065
0 1.0 0.393750 0.879032 0.121875 0.241935
0 1.0 0.421875 0.913306 0.118750 0.133065
0 1.0 0.360156 0.913306 0.270313 0.125000
0 1.0 0.341406 0.812500 0.157812 0.229839
0 1.0 0.582812 0.808468 0.284375 0.116935
0 1.0 0.200781 0.808468 0.223438 0.141129
0 1.0 0.435156 0.802419 0.104688 0.274194
0 1.0 0.746875 0.804435 0.346875 0.116935
0 1.0 0.771094 0.784274 0.101562 0.213710
0 1.0 0.493750 0.808468 0.206250 0.100806
0 1.0 0.713281 0.802419 0.101562 0.306452
0 1.0 0.657031 0.800403 0.104688 0.318548
0 1.0 0.658594 0.798387 0.185938 0.201613
0 1.0 0.266406 0.810484 0.098437 0.096774
0 1.0 0.535156 0.816532 0.026562 0.060484
0 1.0 0.898438 0.754032 0.203125 0.282258
0 1.0 0.470313 0.814516 0.043750 0.072581
0 1.0 0.043750 0.810484 0.087500 0.072581
0 1.0 0.281250 0.816532 0.025000 0.052419
0 1.0 0.297656 0.806452 0.260937 0.112903
0 1.0 0.304688 0.800403 0.081250 0.173387
0 1.0 0.329688 0.877016 0.025000 0.068548
0 1.0 0.241406 0.774194 0.042188 0.129032
0 1.0 0.277344 0.870968 0.089063 0.120968
0 1.0 0.192969 0.778226 0.039062 0.112903
0 1.0 0.777344 0.808468 0.092188 0.076613
0 1.0 0.142969 0.786290 0.039062 0.120968
0 1.0 0.153125 0.862903 0.237500 0.112903
0 1.0 0.446875 0.770161 0.015625 0.048387
0 1.0 0.444531 0.838710 0.229687 0.250000
0 1.0 0.467969 0.860887 0.098437 0.165323
0 1.0 0.397656 0.822581 0.051562 0.161290
0 1.0 0.058594 0.870968 0.032813 0.064516
0 1.0 0.353906 0.800403 0.035937 0.116935
0 1.0 0.357031 0.830645 0.064062 0.177419
0 1.0 0.454688 0.870968 0.050000 0.096774
0 1.0 0.924219 0.804435 0.107813 0.326613
0 1.0 0.872656 0.810484 0.254688 0.120968
0 1.0 0.148438 0.810484 0.065625 0.161290
0 1.0 0.849219 0.816532 0.026562 0.052419
0 1.0 0.812500 0.788306 0.103125 0.221774
0 1.0 0.164062 0.866935 0.109375 0.120968
0 1.0 0.084375 0.784274 0.040625 0.116935
0 1.0 0.089844 0.806452 0.073438 0.161290
0 1.0 0.121094 0.866935 0.064062 0.096774
0 1.0 0.050000 0.866935 0.100000 0.080645
0 1.0 0.964063 0.810484 0.062500 0.250000
0 1.0 0.934375 0.808468 0.131250 0.100806
0 1.0 0.026562 0.826613 0.043750 0.169355
0 1.0 0.555469 0.225806 0.076563 0.209677
0 1.0 0.583594 0.183468 0.220312 0.116935
0 1.0 0.820312 0.189516 0.153125 0.193548
0 1.0 0.714063 0.231855 0.068750 0.165323
0 1.0 0.735156 0.183468 0.254688 0.125000
0 1.0 0.444531 0.225806 0.064062 0.193548
0 1.0 0.515625 0.187500 0.068750 0.084677
0 1.0 0.482812 0.195565 0.056250 0.100806
0 1.0 0.415625 0.179435 0.284375 0.133065
0 1.0 0.667188 0.221774 0.068750 0.129032
0 1.0 0.667969 0.193548 0.135937 0.161290
0 1.0 0.610938 0.237903 0.056250 0.161290
0 1.0 0.072656 0.243952 0.145313 0.262097
0 1.0 0.052344 0.252016 0.104688 0.141129
0 1.0 0.950000 0.181452 0.100000 0.104839
0 1.0 0.543750 0.076613 0.568750 0.153226
0 1.0 0.899219 0.181452 0.201563 0.129032
0 1.0 0.112500 0.237903 0.193750 0.112903
0 1.0 0.849219 0.183468 0.095312 0.092742
0 1.0 0.878125 0.203629 0.087500 0.181452
0 1.0 0.034375 0.245968 0.068750 0.088710
0 1.0 0.820312 0.225806 0.075000 0.193548
0 1.0 0.025000 0.288306 0.050000 0.116935
0 1.0 0.742188 0.256048 0.515625 0.221774
0 1.0 0.140625 0.181452 0.259375 0.129032
0 1.0 0.261719 0.252016 0.523438 0.221774
0 1.0 0.848437 0.125000 0.090625 0.088710
0 1.0 0.054688 0.189516 0.109375 0.080645
0 1.0 0.954688 0.127016 0.090625 0.100806
0 1.0 0.549219 0.143145 0.567187 0.213710
0 1.0 0.378906 0.183468 0.135937 0.100806
0 1.0 0.304688 0.187500 0.250000 0.125000
0 1.0 0.317188 0.197581 0.034375 0.080645
0 1.0 0.171875 0.183468 0.237500 0.310484
0 1.0 0.190625 0.191532 0.028125 0.060484
0 1.0 0.334375 0.949597 0.153125 0.100806
0 1.0 0.319531 0.963710 0.051562 0.056452
0 1.0 0.969531 0.955645 0.051562 0.088710
0 1.0 0.238281 0.929435 0.076563 0.141129
0 1.0 0.292187 0.961694 0.046875 0.052419
0 1.0 0.242969 0.965726 0.079687 0.060484
0 1.0 0.963281 0.909274 0.051562 0.165323
0 1.0 0.571094 0.957661 0.042188 0.052419
0 1.0 0.527344 0.943548 0.154688 0.112903
0 1.0 0.537500 0.963710 0.021875 0.040323
0 1.0 0.382031 0.963710 0.023438 0.040323
0 1.0 0.464844 0.947581 0.101562 0.104839
0 1.0 0.159375 0.951613 0.156250 0.096774
0 1.0 0.500000 0.953629 0.078125 0.084677
0 1.0 0.871875 0.883065 0.112500 0.233871
0 1.0 0.135156 0.933468 0.082812 0.133065
0 1.0 0.196094 0.961694 0.054688 0.052419
0 1.0 0.088281 0.945565 0.129688 0.108871
0 1.0 0.063281 0.967742 0.051562 0.056452
0 1.0 0.177344 0.247984 0.164062 0.181452
0 1.0 0.135937 0.288306 0.062500 0.173387
0 1.0 0.948438 0.945565 0.103125 0.108871
0 1.0 0.920312 0.963710 0.118750 0.072581
0 1.0 0.839844 0.959677 0.139063 0.080645
0 1.0 0.189844 0.306452 0.042188 0.129032
0 1.0 0.183594 0.272177 0.082812 0.149194
0 1.0 0.022656 0.322581 0.035937 0.129032
0 1.0 0.456250 0.959677 0.065625 0.056452
0 1.0 0.703906 0.959677 0.089063 0.064516
0 1.0 0.666406 0.933468 0.145313 0.133065
0 1.0 0.842969 0.959677 0.054688 0.056452
0 1.0 0.632812 0.961694 0.093750 0.068548
0 1.0 0.769531 0.945565 0.223438 0.108871
0 1.0 0.715625 0.917339 0.084375 0.165323
0 1.0 0.746875 0.959677 0.140625 0.072581
0 1.0 0.849219 0.715726 0.192188 0.528226
0 1.0 0.646094 0.792339 0.210938 0.415323
0 1.0 0.736719 0.834677 0.351562 0.298387
0 1.0 0.071875 0.731855 0.143750 0.536290
0 1.0 0.349219 0.832661 0.326562 0.334677
0 1.0 0.446094 0.165323 0.332813 0.330645
0 1.0 0.349219 0.201613 0.254688 0.403226
0 1.0 0.762500 0.516129 0.475000 0.620968
0 1.0 0.486719 0.574597 0.420312 0.834677
0 1.0 0.185156 0.526210 0.364063 0.850806
0 1.0 0.821094 0.270161 0.357812 0.435484
0 1.0 0.546094 0.252016 0.410938 0.439516
0 1.0 0.925000 0.272177 0.150000 0.544355
0 1.0 0.127344 0.260081 0.254688 0.520161