0 1.0 0.455083 0.499219 0.763593 0.882812
0 1.0 0.516548 0.181250 0.210402 0.200000
0 1.0 0.308511 0.333594 0.565012 0.607812
0 1.0 0.670213 0.149219 0.527187 0.257812
0 1.0 0.283688 0.608594 0.061466 0.070312
0 1.0 0.244681 0.605469 0.229314 0.098437
0 1.0 0.289598 0.595313 0.115839 0.300000
0 1.0 0.351064 0.588281 0.196217 0.239063
0 1.0 0.234043 0.603906 0.122931 0.310937
0 1.0 0.483452 0.608594 0.295508 0.145313
0 1.0 0.495272 0.601562 0.134752 0.228125
0 1.0 0.452719 0.595313 0.125296 0.275000
0 1.0 0.340426 0.602344 0.278960 0.126562
0 1.0 0.442080 0.573438 0.260047 0.290625
0 1.0 0.035461 0.609375 0.070922 0.218750
0 1.0 0.050827 0.605469 0.063830 0.070312
0 1.0 0.073286 0.599219 0.146572 0.270313
0 1.0 0.962175 0.596094 0.042553 0.117188
0 1.0 0.949173 0.551562 0.101655 0.093750
0 1.0 0.180851 0.609375 0.148936 0.262500
0 1.0 0.916076 0.554688 0.130024 0.328125
0 1.0 0.839243 0.557813 0.094563 0.078125
0 1.0 0.875887 0.560937 0.120567 0.275000
0 1.0 0.901891 0.553906 0.196217 0.160938
0 1.0 0.172577 0.607031 0.217494 0.142187
0 1.0 0.128842 0.617188 0.120567 0.278125
0 1.0 0.118203 0.607031 0.132388 0.104688
0 1.0 0.042553 0.659375 0.070922 0.081250
0 1.0 0.054374 0.658594 0.108747 0.185938
0 1.0 0.963357 0.645312 0.044917 0.115625
0 1.0 0.945626 0.603906 0.108747 0.095312
0 1.0 0.543735 0.610156 0.122931 0.254688
0 1.0 0.886525 0.605469 0.226950 0.126562
0 1.0 0.820331 0.608594 0.094563 0.076563
0 1.0 0.173759 0.656250 0.300236 0.134375
0 1.0 0.166667 0.664062 0.248227 0.290625
0 1.0 0.710402 0.600781 0.196217 0.207813
0 1.0 0.657210 0.617188 0.108747 0.240625
0 1.0 0.661939 0.603125 0.278960 0.115625
0 1.0 0.601655 0.617188 0.106383 0.228125
0 1.0 0.596927 0.599219 0.262411 0.251563
0 1.0 0.852246 0.611719 0.073286 0.073438
0 1.0 0.865248 0.597656 0.241135 0.279687
0 1.0 0.815603 0.617188 0.118203 0.278125
0 1.0 0.770686 0.603125 0.269504 0.112500
0 1.0 0.770686 0.607031 0.122931 0.232813
0 1.0 0.962175 0.539844 0.042553 0.117188
0 1.0 0.942080 0.497656 0.115839 0.101562
0 1.0 0.845154 0.503125 0.106383 0.081250
0 1.0 0.180851 0.555469 0.257683 0.173437
0 1.0 0.132388 0.546875 0.250591 0.318750
0 1.0 0.108747 0.554688 0.217494 0.109375
0 1.0 0.055556 0.553125 0.111111 0.075000
0 1.0 0.659574 0.512500 0.108747 0.193750
0 1.0 0.664303 0.502344 0.264775 0.154688
0 1.0 0.601655 0.508594 0.106383 0.251563
0 1.0 0.547281 0.502344 0.120567 0.310937
0 1.0 0.548463 0.497656 0.278960 0.107813
0 1.0 0.816785 0.514844 0.115839 0.273438
0 1.0 0.821513 0.499219 0.300236 0.139063
0 1.0 0.816785 0.496875 0.252955 0.300000
0 1.0 0.765957 0.511719 0.118203 0.282813
0 1.0 0.710402 0.514844 0.111111 0.273438
0 1.0 0.663121 0.551562 0.309693 0.134375
0 1.0 0.544917 0.554688 0.295508 0.125000
0 1.0 0.260047 0.553125 0.193853 0.103125
0 1.0 0.234043 0.538281 0.260047 0.301563
0 1.0 0.439716 0.558594 0.283688 0.135937
0 1.0 0.392435 0.517969 0.137116 0.385937
0 1.0 0.341608 0.526563 0.120567 0.293750
0 1.0 0.073286 0.768750 0.122931 0.340625
0 1.0 0.121749 0.765625 0.243499 0.118750
0 1.0 0.034279 0.771875 0.068558 0.268750
0 1.0 0.054374 0.762500 0.108747 0.081250
0 1.0 0.963357 0.747656 0.049645 0.145313
0 1.0 0.939716 0.710156 0.120567 0.098437
0 1.0 0.923168 0.710156 0.153664 0.270313
0 1.0 0.286052 0.769531 0.255319 0.276562
0 1.0 0.299054 0.775000 0.125296 0.159375
0 1.0 0.229314 0.766406 0.312057 0.132812
0 1.0 0.250591 0.770312 0.146572 0.131250
0 1.0 0.182033 0.759375 0.132388 0.340625
0 1.0 0.133570 0.765625 0.191489 0.243750
0 1.0 0.778960 0.713281 0.219858 0.139063
0 1.0 0.768322 0.719531 0.264775 0.301563
0 1.0 0.715130 0.717187 0.134752 0.262500
0 1.0 0.653664 0.713281 0.295508 0.107813
0 1.0 0.663121 0.712500 0.115839 0.243750
0 1.0 0.659574 0.710156 0.264775 0.295312
0 1.0 0.599291 0.704688 0.106383 0.228125
0 1.0 0.881797 0.709375 0.236407 0.131250
0 1.0 0.872340 0.716406 0.132388 0.310937
0 1.0 0.816785 0.714063 0.092199 0.075000
0 1.0 0.856974 0.719531 0.059102 0.070312
0 1.0 0.820331 0.717187 0.122931 0.243750
0 1.0 0.764775 0.768750 0.125296 0.278125
0 1.0 0.781324 0.765625 0.328605 0.134375
0 1.0 0.301418 0.778906 0.059102 0.073438
0 1.0 0.663121 0.765625 0.304965 0.121875
0 1.0 0.940898 0.769531 0.118203 0.129688
0 1.0 0.816785 0.771875 0.139480 0.096875
0 1.0 0.856974 0.777344 0.073286 0.082812
0 1.0 0.860520 0.771875 0.260047 0.312500
0 1.0 0.444444 0.752344 0.146572 0.257812
0 1.0 0.484634 0.776563 0.080378 0.084375
0 1.0 0.392435 0.758594 0.118203 0.289062
0 1.0 0.408983 0.767969 0.288416 0.120313
0 1.0 0.430260 0.775000 0.108747 0.103125
0 1.0 0.347518 0.771875 0.170213 0.200000
0 1.0 0.609929 0.767188 0.193853 0.218750
0 1.0 0.547281 0.746875 0.111111 0.278125
0 1.0 0.548463 0.766406 0.269504 0.110937
0 1.0 0.550827 0.750781 0.260047 0.307812
0 1.0 0.498818 0.743750 0.122931 0.346875
0 1.0 0.718676 0.657813 0.307329 0.121875
0 1.0 0.820331 0.661719 0.085106 0.073438
0 1.0 0.825059 0.657031 0.260047 0.157812
0 1.0 0.404255 0.642969 0.198582 0.210938
0 1.0 0.340426 0.659375 0.231678 0.103125
0 1.0 0.552009 0.649219 0.295508 0.126562
0 1.0 0.296690 0.668750 0.063830 0.065625
0 1.0 0.293144 0.645312 0.255319 0.296875
0 1.0 0.494090 0.496094 0.146572 0.339062
0 1.0 0.261229 0.662500 0.224586 0.093750
0 1.0 0.434988 0.660937 0.127660 0.100000
0 1.0 0.477541 0.653906 0.118203 0.098437
0 1.0 0.411348 0.714844 0.264775 0.095312
0 1.0 0.439716 0.721094 0.085106 0.070312
0 1.0 0.366430 0.716406 0.132388 0.076563
0 1.0 0.257683 0.717187 0.217494 0.090625
0 1.0 0.301418 0.724219 0.054374 0.057813
0 1.0 0.297872 0.716406 0.137116 0.164062
0 1.0 0.531915 0.710938 0.250591 0.093750
0 1.0 0.553191 0.712500 0.122931 0.084375
0 1.0 0.486998 0.716406 0.061466 0.060937
0 1.0 0.447991 0.691406 0.243499 0.329688
0 1.0 0.115839 0.713281 0.127660 0.114062
0 1.0 0.049645 0.708594 0.099291 0.076563
0 1.0 0.946809 0.654687 0.106383 0.093750
0 1.0 0.230496 0.710156 0.144208 0.282813
0 1.0 0.177305 0.709375 0.288416 0.128125
0 1.0 0.854610 0.291406 0.238771 0.157812
0 1.0 0.820331 0.272656 0.122931 0.289062
0 1.0 0.826241 0.267969 0.087470 0.173437
0 1.0 0.767139 0.269531 0.125296 0.289062
0 1.0 0.760047 0.282031 0.281324 0.285938
0 1.0 0.711584 0.270313 0.113475 0.259375
0 1.0 0.712766 0.286719 0.224586 0.129688
0 1.0 0.716312 0.265625 0.080378 0.156250
0 1.0 0.052009 0.339062 0.104019 0.081250
0 1.0 0.030733 0.341406 0.061466 0.223438
0 1.0 0.069740 0.336719 0.139480 0.276562
0 1.0 0.959811 0.297656 0.047281 0.126562
0 1.0 0.946809 0.288281 0.106383 0.101562
0 1.0 0.879433 0.265625 0.075650 0.165625
0 1.0 0.919622 0.276562 0.127660 0.321875
0 1.0 0.874704 0.272656 0.118203 0.304688
0 1.0 0.861702 0.289062 0.134752 0.100000
0 1.0 0.476359 0.278906 0.328605 0.148438
0 1.0 0.475177 0.258594 0.269504 0.335938
0 1.0 0.440898 0.300781 0.111111 0.254688
0 1.0 0.395981 0.325781 0.148936 0.245312
0 1.0 0.403073 0.310156 0.267139 0.157812
0 1.0 0.661939 0.289062 0.118203 0.250000
0 1.0 0.595745 0.282813 0.099291 0.225000
0 1.0 0.588652 0.289844 0.274232 0.170313
0 1.0 0.536643 0.302344 0.151300 0.282813
0 1.0 0.526005 0.347656 0.238771 0.170313
0 1.0 0.715130 0.339062 0.304965 0.140625
0 1.0 0.658392 0.325000 0.286052 0.284375
0 1.0 0.600473 0.342969 0.174941 0.189062
0 1.0 0.241135 0.327344 0.203310 0.248438
0 1.0 0.126478 0.347656 0.115839 0.289062
0 1.0 0.154846 0.339062 0.304965 0.143750
0 1.0 0.144208 0.338281 0.269504 0.329688
0 1.0 0.118203 0.339844 0.174941 0.107813
0 1.0 0.347518 0.366406 0.113475 0.198437
0 1.0 0.322695 0.343750 0.314421 0.168750
0 1.0 0.284870 0.338281 0.096927 0.198437
0 1.0 0.451537 0.236719 0.156028 0.235937
0 1.0 0.420804 0.224219 0.359338 0.151562
0 1.0 0.351064 0.267188 0.120567 0.240625
0 1.0 0.648936 0.224219 0.314421 0.182812
0 1.0 0.105201 0.037500 0.158392 0.075000
0 1.0 0.106383 0.084375 0.212766 0.168750
0 1.0 0.021277 0.060156 0.042553 0.095312
0 1.0 0.061466 0.025000 0.070922 0.050000
0 1.0 0.050827 0.054688 0.096927 0.109375
0 1.0 0.359338 0.252344 0.373522 0.285938
0 1.0 0.732861 0.500000 0.486998 1.000000
0 1.0 0.550827 0.741406 0.898345 0.470313
0 1.0 0.190307 0.054688 0.130024 0.109375
0 1.0 0.283688 0.264062 0.137116 0.268750
0 1.0 0.269504 0.226562 0.326241 0.156250
0 1.0 0.231678 0.248438 0.156028 0.265625
0 1.0 0.216312 0.277344 0.087470 0.139063
0 1.0 0.167849 0.285938 0.174941 0.115625
0 1.0 0.135934 0.265625 0.078014 0.146875
0 1.0 0.070922 0.263281 0.070922 0.154688
0 1.0 0.102837 0.289844 0.205674 0.154688
0 1.0 0.055556 0.289844 0.087470 0.070312
0 1.0 0.276596 0.278906 0.241135 0.132812
0 1.0 0.812057 0.235937 0.309693 0.140625
0 1.0 0.048463 0.293750 0.082742 0.137500
0 1.0 0.964539 0.249219 0.061466 0.201563
0 1.0 0.940898 0.235156 0.118203 0.107813
0 1.0 0.904255 0.239844 0.191489 0.160938
0 1.0 0.600473 0.443750 0.151300 0.087500
0 1.0 0.600473 0.441406 0.075650 0.142187
0 1.0 0.588652 0.442969 0.245863 0.139063
0 1.0 0.604019 0.441406 0.257683 0.301563
0 1.0 0.536643 0.445312 0.156028 0.081250
0 1.0 0.482270 0.439844 0.184397 0.101562
0 1.0 0.460993 0.435156 0.278960 0.329688
0 1.0 0.777778 0.446875 0.217494 0.106250
0 1.0 0.660757 0.448437 0.172577 0.187500
0 1.0 0.717494 0.457031 0.073286 0.145313
0 1.0 0.711584 0.444531 0.264775 0.295312
0 1.0 0.663121 0.451562 0.078014 0.146875
0 1.0 0.299054 0.449219 0.167849 0.101562
0 1.0 0.236407 0.440625 0.127660 0.300000
0 1.0 0.242317 0.423438 0.276596 0.306250
0 1.0 0.439716 0.409375 0.137116 0.259375
0 1.0 0.186761 0.452344 0.108747 0.289062
0 1.0 0.223404 0.447656 0.120567 0.095312
0 1.0 0.192671 0.445312 0.262411 0.168750
0 1.0 0.127660 0.458594 0.108747 0.273438
0 1.0 0.164303 0.448437 0.125296 0.100000
0 1.0 0.411348 0.432812 0.260047 0.137500
0 1.0 0.289598 0.428906 0.134752 0.207813
0 1.0 0.359338 0.440625 0.094563 0.078125
0 1.0 0.260047 0.496875 0.179669 0.100000
0 1.0 0.449173 0.496875 0.250591 0.112500
0 1.0 0.362884 0.466406 0.286052 0.348438
0 1.0 0.349882 0.496875 0.212766 0.106250
0 1.0 0.956265 0.474219 0.063830 0.117188
0 1.0 0.926714 0.449219 0.146572 0.135937
0 1.0 0.914894 0.444531 0.146572 0.298438
0 1.0 0.852246 0.450000 0.049645 0.056250
0 1.0 0.878251 0.451562 0.096927 0.196875
0 1.0 0.148936 0.496875 0.236407 0.131250
0 1.0 0.076832 0.496094 0.125296 0.310937
0 1.0 0.029551 0.508594 0.059102 0.229687
0 1.0 0.057920 0.496875 0.115839 0.084375
0 1.0 0.261229 0.392969 0.304965 0.135937
0 1.0 0.154846 0.391406 0.200946 0.117188
0 1.0 0.408983 0.370312 0.269504 0.165625
0 1.0 0.819149 0.339844 0.257683 0.167187
0 1.0 0.060284 0.392969 0.120567 0.089063
0 1.0 0.960993 0.338281 0.035461 0.085938
0 1.0 0.929078 0.339062 0.141844 0.115625
0 1.0 0.950355 0.356250 0.061466 0.118750
0 1.0 0.892435 0.392969 0.215130 0.129688
0 1.0 0.864066 0.379688 0.238771 0.312500
0 1.0 0.820331 0.393750 0.118203 0.253125
0 1.0 0.114657 0.445312 0.134752 0.093750
0 1.0 0.101655 0.446875 0.203310 0.146875
0 1.0 0.044917 0.447656 0.089835 0.098437
0 1.0 0.942080 0.392969 0.115839 0.104688
0 1.0 0.955083 0.427344 0.070922 0.135937
0 1.0 0.066194 0.446094 0.052009 0.057813
0 1.0 0.531915 0.396875 0.179669 0.112500
0 1.0 0.498818 0.369531 0.132388 0.289062
0 1.0 0.764775 0.393750 0.300236 0.131250
0 1.0 0.769504 0.401562 0.111111 0.228125
0 1.0 0.709220 0.403125 0.108747 0.268750
0 1.0 0.599291 0.393750 0.101655 0.184375
0 1.0 0.661939 0.399219 0.099291 0.182812
0 1.0 0.366430 0.140625 0.359338 0.246875
0 1.0 0.286052 0.165625 0.122931 0.212500
0 1.0 0.262411 0.134375 0.316785 0.121875
0 1.0 0.286052 0.138281 0.113475 0.092188
0 1.0 0.449173 0.647656 0.548463 0.226562
0 1.0 0.348700 0.598437 0.390071 0.568750
0 1.0 0.231678 0.146094 0.179669 0.239063
0 1.0 0.460993 0.135937 0.283688 0.134375
0 1.0 0.442080 0.158594 0.104019 0.164062
0 1.0 0.048463 0.124219 0.096927 0.110937
0 1.0 0.364066 0.131250 0.245863 0.131250
0 1.0 0.736407 0.649219 0.527187 0.226562
0 1.0 0.349882 0.141406 0.160757 0.235937
0 1.0 0.434988 0.175000 0.052009 0.121875
0 1.0 0.705674 0.120313 0.205674 0.203125
0 1.0 0.631206 0.126562 0.406619 0.143750
0 1.0 0.648936 0.549219 0.569740 0.226562
0 1.0 0.546099 0.516406 0.458629 0.451562
0 1.0 0.595745 0.161719 0.104019 0.201563
0 1.0 0.398345 0.161719 0.111111 0.217188
0 1.0 0.769504 0.096094 0.205674 0.192188
0 1.0 0.041371 0.133594 0.082742 0.264062
0 1.0 0.659574 0.763281 0.576832 0.235937
0 1.0 0.860520 0.078125 0.217494 0.131250
0 1.0 0.656028 0.096094 0.115839 0.170313
0 1.0 0.646572 0.082031 0.300236 0.154688
0 1.0 0.589835 0.099219 0.096927 0.132812
0 1.0 0.539007 0.121875 0.151300 0.240625
0 1.0 0.539007 0.087500 0.236407 0.109375
0 1.0 0.166667 0.846875 0.333333 0.203125
0 1.0 0.916076 0.112500 0.148936 0.225000
0 1.0 0.342790 0.758594 0.567376 0.226562
0 1.0 0.966903 0.115625 0.052009 0.134375
0 1.0 0.936170 0.077344 0.127660 0.107813
0 1.0 0.713948 0.342187 0.572104 0.231250
0 1.0 0.192671 0.201563 0.139480 0.259375
0 1.0 0.198582 0.192188 0.274232 0.140625
0 1.0 0.111111 0.178906 0.212766 0.154688
0 1.0 0.054374 0.182031 0.108747 0.079687
0 1.0 0.122931 0.180469 0.127660 0.289062
0 1.0 0.139480 0.167187 0.274232 0.312500
0 1.0 0.656028 0.308594 0.465721 0.510938
0 1.0 0.290780 0.339062 0.491726 0.253125
0 1.0 0.269504 0.546875 0.539007 0.243750
0 1.0 0.644208 0.450781 0.579196 0.239063
0 1.0 0.854610 0.121875 0.182033 0.121875
0 1.0 0.958629 0.146094 0.082742 0.170313
0 1.0 0.853428 0.135156 0.255319 0.270313
0 1.0 0.555556 0.041406 0.208038 0.082812
0 1.0 0.607565 0.053906 0.066194 0.073438
0 1.0 0.609929 0.052344 0.118203 0.101562
0 1.0 0.544917 0.075000 0.115839 0.140625
0 1.0 0.501182 0.085156 0.080378 0.095312
0 1.0 0.453901 0.091406 0.033097 0.048438
0 1.0 0.505910 0.032813 0.070922 0.053125
0 1.0 0.457447 0.076563 0.063830 0.062500
0 1.0 0.478723 0.064844 0.082742 0.070312
0 1.0 0.353428 0.876563 0.706856 0.246875
0 1.0 0.482270 0.041406 0.160757 0.082812
0 1.0 0.223404 0.503906 0.446809 0.642188
0 1.0 0.225768 0.699219 0.451537 0.392188
0 1.0 0.659574 0.058594 0.066194 0.082812
0 1.0 0.719858 0.054688 0.134752 0.109375
0 1.0 0.647754 0.030469 0.151300 0.060937
0 1.0 0.349882 0.078906 0.269504 0.157812
0 1.0 0.301418 0.055469 0.120567 0.110937
0 1.0 0.234043 0.069531 0.099291 0.139063
0 1.0 0.248227 0.030469 0.165485 0.060937
0 1.0 0.229314 0.087500 0.264775 0.175000
0 1.0 0.132388 0.068750 0.089835 0.137500
0 1.0 0.470449 0.201563 0.803783 0.384375
0 1.0 0.744681 0.878906 0.510638 0.242188
0 1.0 0.406619 0.064062 0.085106 0.096875
0 1.0 0.345154 0.053906 0.056738 0.095312
0 1.0 0.291962 0.057031 0.059102 0.098437
0 1.0 0.218676 0.923438 0.437352 0.153125
0 1.0 0.946809 0.032813 0.106383 0.065625
0 1.0 0.958629 0.056250 0.059102 0.087500
0 1.0 0.565012 0.845313 0.609929 0.200000
0 1.0 0.437352 0.086719 0.132388 0.092188
0 1.0 0.554374 0.922656 0.588652 0.154688
0 1.0 0.703310 0.028906 0.125296 0.057813
0 1.0 0.712766 0.048438 0.068558 0.090625
0 1.0 0.130024 0.348438 0.260047 0.696875
0 1.0 0.770686 0.050781 0.085106 0.101562
0 1.0 0.875887 0.051562 0.073286 0.103125
0 1.0 0.859338 0.041406 0.196217 0.082812
0 1.0 0.764775 0.029687 0.158392 0.059375
0 1.0 0.817967 0.059375 0.080378 0.118750
0 1.0 0.829787 0.922656 0.340426 0.154688
0 1.0 0.856974 0.880469 0.148936 0.123438
0 1.0 0.872340 0.872656 0.208038 0.210938
0 1.0 0.821513 0.846094 0.063830 0.135937
0 1.0 0.773050 0.855469 0.066194 0.145313
0 1.0 0.787234 0.870313 0.335697 0.128125
0 1.0 0.773050 0.869531 0.198582 0.204687
0 1.0 0.716312 0.839063 0.061466 0.128125
0 1.0 0.061466 0.919531 0.122931 0.085938
0 1.0 0.039007 0.919531 0.078014 0.160938
0 1.0 0.074468 0.894531 0.148936 0.210938
0 1.0 0.963357 0.867969 0.030733 0.070312
0 1.0 0.920804 0.868750 0.158392 0.112500
0 1.0 0.952719 0.878125 0.056738 0.100000
0 1.0 0.885343 0.862500 0.078014 0.146875
0 1.0 0.921986 0.858594 0.089835 0.204687
0 1.0 0.502364 0.861719 0.049645 0.114062
0 1.0 0.498818 0.868750 0.274232 0.103125
0 1.0 0.496454 0.860156 0.269504 0.260937
0 1.0 0.452719 0.833594 0.030733 0.064062
0 1.0 0.481087 0.874219 0.092199 0.079687
0 1.0 0.453901 0.871094 0.156028 0.151562
0 1.0 0.395981 0.855469 0.059102 0.120313
0 1.0 0.395981 0.857812 0.262411 0.256250
0 1.0 0.453901 0.852344 0.056738 0.092188
0 1.0 0.667849 0.846094 0.049645 0.114062
0 1.0 0.669031 0.869531 0.316785 0.117188
0 1.0 0.664303 0.867969 0.198582 0.192188
0 1.0 0.606383 0.846094 0.044917 0.101562
0 1.0 0.555556 0.867969 0.179669 0.176563
0 1.0 0.554374 0.846094 0.040189 0.089063
0 1.0 0.547281 0.921875 0.106383 0.156250
0 1.0 0.556738 0.921875 0.248227 0.131250
0 1.0 0.497636 0.914062 0.096927 0.171875
0 1.0 0.446809 0.925000 0.075650 0.150000
0 1.0 0.456265 0.921094 0.283688 0.104688
0 1.0 0.390071 0.905469 0.108747 0.189062
0 1.0 0.728132 0.917969 0.316785 0.117188
0 1.0 0.717494 0.907813 0.111111 0.184375
0 1.0 0.659574 0.909375 0.099291 0.181250
0 1.0 0.600473 0.912500 0.094563 0.175000
0 1.0 0.237589 0.917969 0.191489 0.164062
0 1.0 0.183215 0.909375 0.101655 0.181250
0 1.0 0.131206 0.901563 0.106383 0.196875
0 1.0 0.120567 0.917969 0.241135 0.117188
0 1.0 0.343972 0.914844 0.101655 0.170313
0 1.0 0.348700 0.920312 0.257683 0.137500
0 1.0 0.455083 0.815625 0.295508 0.115625
0 1.0 0.476359 0.818750 0.096927 0.090625
0 1.0 0.348700 0.857812 0.049645 0.100000
0 1.0 0.609929 0.812500 0.321513 0.131250
0 1.0 0.121749 0.817187 0.243499 0.118750
0 1.0 0.061466 0.814844 0.122931 0.085938
0 1.0 0.053191 0.822656 0.059102 0.076563
0 1.0 0.263593 0.818750 0.304965 0.121875
0 1.0 0.306147 0.825781 0.068558 0.079687
0 1.0 0.231678 0.817969 0.132388 0.317188
0 1.0 0.179669 0.871094 0.174941 0.185938
0 1.0 0.133570 0.857812 0.068558 0.156250
0 1.0 0.080378 0.851562 0.066194 0.159375
0 1.0 0.117021 0.871875 0.234043 0.112500
0 1.0 0.026005 0.879687 0.047281 0.131250
0 1.0 0.060284 0.871094 0.120567 0.082812
0 1.0 0.349882 0.870313 0.231678 0.100000
0 1.0 0.293144 0.861719 0.052009 0.101562
0 1.0 0.308511 0.878906 0.059102 0.067187
0 1.0 0.232861 0.867969 0.063830 0.132812
0 1.0 0.241135 0.871094 0.321513 0.126562
0 1.0 0.186761 0.864062 0.061466 0.143750
0 1.0 0.814421 0.827344 0.134752 0.310937
0 1.0 0.826241 0.813281 0.328605 0.135937
0 1.0 0.053191 0.875781 0.059102 0.073438
0 1.0 0.713948 0.812500 0.146572 0.259375
0 1.0 0.724586 0.814844 0.234043 0.151562
0 1.0 0.659574 0.817969 0.122931 0.317188
0 1.0 0.963357 0.852344 0.059102 0.176563
0 1.0 0.931442 0.813281 0.137116 0.101562
0 1.0 0.919622 0.819531 0.160757 0.260937
0 1.0 0.822695 0.818750 0.184397 0.103125
0 1.0 0.859338 0.826562 0.092199 0.090625
0 1.0 0.884161 0.179688 0.231678 0.131250
0 1.0 0.070922 0.221875 0.141844 0.290625
0 1.0 0.124113 0.234375 0.229314 0.115625
0 1.0 0.287234 0.090625 0.574468 0.181250
0 1.0 0.039007 0.238281 0.078014 0.095312
0 1.0 0.031915 0.242188 0.063830 0.293750
0 1.0 0.174941 0.249219 0.349882 0.210938
0 1.0 0.651300 0.165625 0.234043 0.231250
0 1.0 0.547281 0.183594 0.257683 0.360938
0 1.0 0.758865 0.180469 0.321513 0.148438
0 1.0 0.765957 0.173437 0.160757 0.278125
0 1.0 0.269504 0.965625 0.104019 0.062500
0 1.0 0.238771 0.957031 0.094563 0.085938
0 1.0 0.186761 0.954688 0.075650 0.090625
0 1.0 0.134752 0.950000 0.080378 0.100000
0 1.0 0.148936 0.957031 0.179669 0.085938
0 1.0 0.079196 0.947656 0.078014 0.104688
0 1.0 0.458629 0.959375 0.122931 0.081250
0 1.0 0.394799 0.953906 0.075650 0.092188
0 1.0 0.345154 0.953906 0.075650 0.092188
0 1.0 0.372340 0.967969 0.087470 0.057813
0 1.0 0.347518 0.960156 0.156028 0.079687
0 1.0 0.293144 0.950000 0.104019 0.100000
0 1.0 0.825059 0.912500 0.113475 0.175000
0 1.0 0.775414 0.912500 0.104019 0.175000
0 1.0 0.029551 0.954688 0.059102 0.090625
0 1.0 0.056738 0.967187 0.075650 0.056250
0 1.0 0.965721 0.933594 0.054374 0.132812
0 1.0 0.908983 0.917969 0.182033 0.120313
0 1.0 0.934988 0.962500 0.130024 0.075000
0 1.0 0.866430 0.960156 0.101655 0.067187
0 1.0 0.608747 0.953125 0.200946 0.093750
0 1.0 0.552009 0.959375 0.068558 0.081250
0 1.0 0.588652 0.965625 0.089835 0.059375
0 1.0 0.507092 0.954688 0.134752 0.090625
0 1.0 0.496454 0.966406 0.085106 0.054688
0 1.0 0.810875 0.961719 0.151300 0.073438
0 1.0 0.713948 0.949219 0.075650 0.101562
0 1.0 0.758865 0.963281 0.118203 0.064062
0 1.0 0.660757 0.958594 0.068558 0.082812
0 1.0 0.533097 0.417969 0.229314 0.557813
0 1.0 0.447991 0.720313 0.418440 0.459375
0 1.0 0.249409 0.719531 0.215130 0.560937
0 1.0 0.138298 0.727344 0.229314 0.545312
0 1.0 0.745863 0.671094 0.404255 0.457813
0 1.0 0.351064 0.769531 0.210402 0.460938
0 1.0 0.075650 0.454688 0.151300 0.600000
0 1.0 0.250591 0.215625 0.231678 0.431250
0 1.0 0.757683 0.549219 0.257683 0.479687
0 1.0 0.648936 0.543750 0.224586 0.546875
0 1.0 0.849882 0.565625 0.196217 0.600000
0 1.0 0.873522 0.339844 0.252955 0.679688