0 1.0 0.279687 0.416471 0.128125 0.254118
0 1.0 0.392969 0.603529 0.114062 0.280000
0 1.0 0.428125 0.590588 0.284375 0.098824
0 1.0 0.147656 0.601176 0.229687 0.289412
0 1.0 0.072656 0.616471 0.079687 0.211765
0 1.0 0.096875 0.598824 0.184375 0.072941
0 1.0 0.129688 0.601176 0.046875 0.054118
0 1.0 0.082031 0.600000 0.164062 0.188235
0 1.0 0.025000 0.629412 0.050000 0.157647
0 1.0 0.038281 0.603529 0.076563 0.054118
0 1.0 0.066406 0.609412 0.020313 0.032941
0 1.0 0.223438 0.604706 0.190625 0.075294
0 1.0 0.287500 0.585882 0.137500 0.291765
0 1.0 0.293750 0.607059 0.021875 0.032941
0 1.0 0.558594 0.623529 0.160938 0.272941
0 1.0 0.551562 0.584706 0.096875 0.091765
0 1.0 0.239844 0.618824 0.120313 0.334118
0 1.0 0.137500 0.635294 0.071875 0.192941
0 1.0 0.238281 0.600000 0.182812 0.197647
0 1.0 0.190625 0.607059 0.106250 0.310588
0 1.0 0.224219 0.595294 0.098437 0.075294
0 1.0 0.662500 0.547059 0.271875 0.138824
0 1.0 0.276562 0.604706 0.028125 0.037647
0 1.0 0.827344 0.569412 0.067187 0.160000
0 1.0 0.814844 0.547059 0.276562 0.152941
0 1.0 0.759375 0.548235 0.103125 0.334118
0 1.0 0.754687 0.542353 0.275000 0.275294
0 1.0 0.716406 0.548235 0.110937 0.352941
0 1.0 0.960938 0.607059 0.034375 0.112941
0 1.0 0.964844 0.545882 0.070312 0.084706
0 1.0 0.658594 0.570588 0.082812 0.256471
0 1.0 0.950000 0.589412 0.059375 0.134118
0 1.0 0.933594 0.549412 0.132812 0.138824
0 1.0 0.923438 0.563529 0.106250 0.345882
0 1.0 0.871094 0.576471 0.079687 0.221176
0 1.0 0.799219 0.550588 0.026562 0.047059
0 1.0 0.880469 0.576471 0.048438 0.127059
0 1.0 0.828906 0.552941 0.051562 0.061176
0 1.0 0.174219 0.597647 0.079687 0.070588
0 1.0 0.818750 0.564706 0.100000 0.258824
0 1.0 0.142969 0.676471 0.170313 0.171765
0 1.0 0.815625 0.592941 0.228125 0.127059
0 1.0 0.757031 0.598824 0.192188 0.190588
0 1.0 0.722656 0.591765 0.254688 0.096471
0 1.0 0.051562 0.675294 0.103125 0.136471
0 1.0 0.958594 0.654118 0.039062 0.131765
0 1.0 0.260937 0.663529 0.284375 0.098824
0 1.0 0.946094 0.607059 0.107813 0.174118
0 1.0 0.773438 0.602353 0.025000 0.042353
0 1.0 0.880469 0.629412 0.060937 0.157647
0 1.0 0.826562 0.604706 0.025000 0.042353
0 1.0 0.855469 0.603529 0.229687 0.275294
0 1.0 0.504687 0.592941 0.171875 0.169412
0 1.0 0.445312 0.654118 0.050000 0.131765
0 1.0 0.506250 0.594118 0.137500 0.068235
0 1.0 0.442969 0.621176 0.120313 0.197647
0 1.0 0.538281 0.590588 0.029687 0.047059
0 1.0 0.451562 0.594118 0.265625 0.270588
0 1.0 0.485938 0.590588 0.025000 0.047059
0 1.0 0.338281 0.591765 0.142187 0.327059
0 1.0 0.366406 0.596471 0.148438 0.082353
0 1.0 0.387500 0.592941 0.071875 0.070588
0 1.0 0.653906 0.589412 0.176563 0.181176
0 1.0 0.611719 0.622353 0.120313 0.317647
0 1.0 0.592187 0.590588 0.284375 0.112941
0 1.0 0.616406 0.604706 0.082812 0.174118
0 1.0 0.493750 0.647059 0.087500 0.216471
0 1.0 0.765625 0.488235 0.328125 0.120000
0 1.0 0.768750 0.492941 0.056250 0.148235
0 1.0 0.755469 0.481176 0.185938 0.200000
0 1.0 0.048438 0.545882 0.096875 0.145882
0 1.0 0.727344 0.503529 0.054688 0.155294
0 1.0 0.660156 0.514118 0.060937 0.181176
0 1.0 0.667969 0.483529 0.298438 0.157647
0 1.0 0.619531 0.529412 0.067187 0.164706
0 1.0 0.946875 0.502353 0.106250 0.157647
0 1.0 0.873437 0.490588 0.253125 0.129412
0 1.0 0.898438 0.505882 0.203125 0.268235
0 1.0 0.777344 0.494118 0.026562 0.047059
0 1.0 0.175000 0.542353 0.137500 0.077647
0 1.0 0.832812 0.505882 0.050000 0.122353
0 1.0 0.138281 0.561176 0.054688 0.157647
0 1.0 0.453125 0.484706 0.265625 0.244706
0 1.0 0.457813 0.495294 0.134375 0.143529
0 1.0 0.400000 0.487059 0.078125 0.183529
0 1.0 0.393750 0.482353 0.243750 0.155294
0 1.0 0.332031 0.487059 0.114062 0.221176
0 1.0 0.273438 0.480000 0.209375 0.174118
0 1.0 0.337500 0.490588 0.140625 0.105882
0 1.0 0.626563 0.534118 0.043750 0.108235
0 1.0 0.880469 0.540000 0.042188 0.096471
0 1.0 0.803125 0.492941 0.071875 0.072941
0 1.0 0.551562 0.530588 0.087500 0.171765
0 1.0 0.582031 0.488235 0.220312 0.134118
0 1.0 0.494531 0.551765 0.060937 0.129412
0 1.0 0.511719 0.497647 0.182812 0.167059
0 1.0 0.443750 0.551765 0.046875 0.110588
0 1.0 0.444531 0.598824 0.035937 0.087059
0 1.0 0.512500 0.557647 0.096875 0.070588
0 1.0 0.412500 0.549412 0.300000 0.120000
0 1.0 0.425000 0.552941 0.112500 0.098824
0 1.0 0.382031 0.547059 0.098437 0.082353
0 1.0 0.346094 0.528235 0.229687 0.270588
0 1.0 0.602344 0.554118 0.260937 0.251765
0 1.0 0.566406 0.544706 0.176563 0.167059
0 1.0 0.136719 0.543529 0.164062 0.183529
0 1.0 0.118750 0.541176 0.171875 0.084706
0 1.0 0.071875 0.543529 0.100000 0.216471
0 1.0 0.046875 0.544706 0.065625 0.054118
0 1.0 0.309375 0.550588 0.075000 0.070588
0 1.0 0.959375 0.557647 0.031250 0.094118
0 1.0 0.272656 0.549412 0.232813 0.105882
0 1.0 0.202344 0.540000 0.239063 0.284706
0 1.0 0.907031 0.714118 0.185938 0.148235
0 1.0 0.891406 0.732941 0.217188 0.341176
0 1.0 0.749219 0.720000 0.057813 0.065882
0 1.0 0.870313 0.748235 0.100000 0.263529
0 1.0 0.817187 0.728235 0.025000 0.049412
0 1.0 0.816406 0.747059 0.132812 0.322353
0 1.0 0.802344 0.711765 0.304688 0.124706
0 1.0 0.078906 0.812941 0.135937 0.242353
0 1.0 0.146875 0.778824 0.059375 0.080000
0 1.0 0.761719 0.750588 0.126562 0.305882
0 1.0 0.125000 0.769412 0.228125 0.103529
0 1.0 0.342187 0.818824 0.143750 0.268235
0 1.0 0.350000 0.767059 0.328125 0.117647
0 1.0 0.035156 0.814118 0.070312 0.216471
0 1.0 0.067969 0.768235 0.135937 0.077647
0 1.0 0.094531 0.780000 0.029687 0.054118
0 1.0 0.961719 0.771765 0.057813 0.225882
0 1.0 0.946875 0.710588 0.106250 0.098824
0 1.0 0.247656 0.796471 0.270313 0.275294
0 1.0 0.242969 0.776471 0.157812 0.188235
0 1.0 0.548438 0.718824 0.268750 0.105882
0 1.0 0.590625 0.724706 0.059375 0.070588
0 1.0 0.553906 0.732941 0.242188 0.378824
0 1.0 0.507031 0.709412 0.164062 0.209412
0 1.0 0.446094 0.760000 0.067187 0.202353
0 1.0 0.443750 0.736471 0.125000 0.258824
0 1.0 0.528125 0.732941 0.021875 0.040000
0 1.0 0.442188 0.732941 0.265625 0.308235
0 1.0 0.389062 0.737647 0.121875 0.275294
0 1.0 0.535156 0.721176 0.092188 0.082353
0 1.0 0.709375 0.735294 0.128125 0.294118
0 1.0 0.748437 0.723529 0.134375 0.105882
0 1.0 0.658594 0.747059 0.101562 0.251765
0 1.0 0.611719 0.709412 0.179688 0.214118
0 1.0 0.625000 0.735294 0.056250 0.185882
0 1.0 0.625000 0.725882 0.137500 0.101176
0 1.0 0.673438 0.720000 0.328125 0.108235
0 1.0 0.614062 0.768235 0.321875 0.124706
0 1.0 0.614844 0.802353 0.073438 0.183529
0 1.0 0.629687 0.777647 0.156250 0.124706
0 1.0 0.544531 0.796471 0.142187 0.345882
0 1.0 0.607812 0.783529 0.075000 0.084706
0 1.0 0.743750 0.764706 0.284375 0.141176
0 1.0 0.507031 0.789412 0.179688 0.214118
0 1.0 0.771875 0.804706 0.243750 0.291765
0 1.0 0.705469 0.776471 0.098437 0.098824
0 1.0 0.900000 0.769412 0.200000 0.155294
0 1.0 0.304688 0.784706 0.100000 0.129412
0 1.0 0.282031 0.781176 0.042188 0.065882
0 1.0 0.526563 0.775294 0.137500 0.110588
0 1.0 0.185156 0.815294 0.114062 0.242353
0 1.0 0.190625 0.794118 0.093750 0.124706
0 1.0 0.132031 0.830588 0.104688 0.221176
0 1.0 0.142969 0.808235 0.242188 0.284706
0 1.0 0.513281 0.789412 0.029687 0.049412
0 1.0 0.470313 0.784706 0.034375 0.058824
0 1.0 0.367188 0.775294 0.134375 0.110588
0 1.0 0.239063 0.776471 0.293750 0.117647
0 1.0 0.293750 0.788235 0.034375 0.056471
0 1.0 0.666406 0.796471 0.260937 0.275294
0 1.0 0.527344 0.648235 0.317188 0.129412
0 1.0 0.403906 0.720000 0.310937 0.112941
0 1.0 0.520312 0.661176 0.037500 0.061176
0 1.0 0.666406 0.655294 0.339062 0.115294
0 1.0 0.397656 0.655294 0.204687 0.218824
0 1.0 0.716406 0.663529 0.260937 0.305882
0 1.0 0.664844 0.684706 0.079687 0.178824
0 1.0 0.692969 0.660000 0.135937 0.101176
0 1.0 0.817969 0.660000 0.245312 0.143529
0 1.0 0.197656 0.663529 0.242188 0.287059
0 1.0 0.136719 0.703529 0.064062 0.169412
0 1.0 0.176563 0.672941 0.096875 0.084706
0 1.0 0.473438 0.662353 0.034375 0.063529
0 1.0 0.111719 0.665882 0.223438 0.094118
0 1.0 0.118750 0.674118 0.068750 0.068235
0 1.0 0.027344 0.705882 0.054688 0.164706
0 1.0 0.044531 0.665882 0.089063 0.065882
0 1.0 0.058594 0.675294 0.026562 0.042353
0 1.0 0.075781 0.700000 0.070312 0.176471
0 1.0 0.351562 0.662353 0.171875 0.124706
0 1.0 0.281250 0.665882 0.084375 0.258824
0 1.0 0.285938 0.678824 0.028125 0.044706
0 1.0 0.302344 0.674118 0.042188 0.058824
0 1.0 0.191406 0.687059 0.085938 0.221176
0 1.0 0.303125 0.663529 0.246875 0.296471
0 1.0 0.205469 0.717647 0.323437 0.122353
0 1.0 0.187500 0.737647 0.140625 0.223529
0 1.0 0.135937 0.768235 0.075000 0.176471
0 1.0 0.186719 0.729412 0.076563 0.080000
0 1.0 0.082031 0.760000 0.101562 0.164706
0 1.0 0.139844 0.730588 0.060937 0.068235
0 1.0 0.101562 0.735294 0.203125 0.270588
0 1.0 0.475781 0.731765 0.026562 0.047059
0 1.0 0.669531 0.751765 0.067187 0.152941
0 1.0 0.721094 0.729412 0.060937 0.065882
0 1.0 0.343750 0.723529 0.150000 0.105882
0 1.0 0.277344 0.722353 0.142187 0.254118
0 1.0 0.291406 0.730588 0.026562 0.044706
0 1.0 0.819531 0.669412 0.026562 0.044706
0 1.0 0.050781 0.720000 0.101562 0.065882
0 1.0 0.071875 0.731765 0.031250 0.047059
0 1.0 0.954688 0.657647 0.090625 0.096471
0 1.0 0.757812 0.663529 0.043750 0.056471
0 1.0 0.289844 0.725882 0.045312 0.063529
0 1.0 0.903906 0.656471 0.192188 0.150588
0 1.0 0.621094 0.297647 0.270313 0.261176
0 1.0 0.624219 0.301176 0.157812 0.160000
0 1.0 0.550781 0.363529 0.073438 0.134118
0 1.0 0.554688 0.294118 0.240625 0.112941
0 1.0 0.560156 0.344706 0.042188 0.068235
0 1.0 0.573438 0.309412 0.096875 0.115294
0 1.0 0.498437 0.352941 0.046875 0.103529
0 1.0 0.496875 0.307059 0.250000 0.265882
0 1.0 0.450781 0.369412 0.051562 0.117647
0 1.0 0.539844 0.302353 0.029687 0.054118
0 1.0 0.449219 0.331765 0.120313 0.178824
0 1.0 0.796094 0.309412 0.226562 0.280000
0 1.0 0.778125 0.321176 0.034375 0.087059
0 1.0 0.722656 0.331765 0.101562 0.258824
0 1.0 0.719531 0.285882 0.279687 0.129412
0 1.0 0.735156 0.312941 0.039062 0.094118
0 1.0 0.668750 0.365882 0.068750 0.152941
0 1.0 0.915625 0.294118 0.100000 0.272941
0 1.0 0.606250 0.369412 0.065625 0.131765
0 1.0 0.613281 0.357647 0.017188 0.037647
0 1.0 0.264062 0.292941 0.184375 0.110588
0 1.0 0.493750 0.357647 0.081250 0.188235
0 1.0 0.247656 0.335294 0.229687 0.345882
0 1.0 0.189062 0.323529 0.078125 0.209412
0 1.0 0.258594 0.301176 0.085938 0.080000
0 1.0 0.201563 0.301176 0.253125 0.169412
0 1.0 0.230469 0.325882 0.023438 0.063529
0 1.0 0.148438 0.331765 0.056250 0.178824
0 1.0 0.165625 0.290588 0.096875 0.068235
0 1.0 0.157812 0.323529 0.028125 0.082353
0 1.0 0.146094 0.297647 0.173437 0.120000
0 1.0 0.138281 0.290588 0.242188 0.294118
0 1.0 0.406250 0.318824 0.234375 0.280000
0 1.0 0.500781 0.329412 0.023438 0.056471
0 1.0 0.392969 0.362353 0.095312 0.174118
0 1.0 0.425000 0.290588 0.306250 0.129412
0 1.0 0.686719 0.351765 0.020313 0.044706
0 1.0 0.338281 0.363529 0.064062 0.143529
0 1.0 0.432031 0.302353 0.029687 0.054118
0 1.0 0.386719 0.327059 0.026562 0.056471
0 1.0 0.328125 0.327059 0.021875 0.061176
0 1.0 0.335938 0.331765 0.115625 0.169412
0 1.0 0.307031 0.385882 0.054688 0.131765
0 1.0 0.264062 0.343529 0.175000 0.117647
0 1.0 0.499219 0.410588 0.054688 0.110588
0 1.0 0.196094 0.409412 0.048438 0.136471
0 1.0 0.196094 0.382353 0.107813 0.204706
0 1.0 0.221094 0.383529 0.054688 0.122353
0 1.0 0.154688 0.437647 0.028125 0.089412
0 1.0 0.174219 0.347059 0.245312 0.124706
0 1.0 0.162500 0.422353 0.025000 0.072941
0 1.0 0.487500 0.345882 0.206250 0.117647
0 1.0 0.393750 0.418824 0.059375 0.127059
0 1.0 0.341406 0.348235 0.254688 0.127059
0 1.0 0.332031 0.369412 0.242188 0.287059
0 1.0 0.368750 0.388235 0.046875 0.103529
0 1.0 0.868750 0.288235 0.262500 0.110588
0 1.0 0.892969 0.281176 0.214062 0.317647
0 1.0 0.867969 0.307059 0.067187 0.176471
0 1.0 0.786719 0.289412 0.067187 0.070588
0 1.0 0.877344 0.290588 0.017188 0.044706
0 1.0 0.818750 0.335294 0.109375 0.242353
0 1.0 0.824219 0.324706 0.051562 0.112941
0 1.0 0.081250 0.429412 0.028125 0.058824
0 1.0 0.765625 0.335294 0.096875 0.242353
0 1.0 0.152344 0.377647 0.101562 0.148235
0 1.0 0.146875 0.345882 0.081250 0.080000
0 1.0 0.344531 0.422353 0.045312 0.115294
0 1.0 0.092969 0.372941 0.145313 0.162353
0 1.0 0.021094 0.422353 0.023438 0.082353
0 1.0 0.958594 0.292941 0.082812 0.124706
0 1.0 0.021875 0.398824 0.043750 0.110588
0 1.0 0.038281 0.352941 0.073438 0.084706
0 1.0 0.962500 0.312941 0.025000 0.061176
0 1.0 0.957812 0.288235 0.028125 0.049412
0 1.0 0.205469 0.237647 0.310937 0.117647
0 1.0 0.185156 0.244706 0.157812 0.235294
0 1.0 0.141406 0.251765 0.085938 0.352941
0 1.0 0.062500 0.316471 0.018750 0.044706
0 1.0 0.105469 0.242353 0.185938 0.150588
0 1.0 0.397656 0.265882 0.132812 0.240000
0 1.0 0.078125 0.242353 0.078125 0.268235
0 1.0 0.339844 0.307059 0.048438 0.138824
0 1.0 0.363281 0.244706 0.295312 0.127059
0 1.0 0.343750 0.249412 0.234375 0.296471
0 1.0 0.293750 0.295294 0.075000 0.209412
0 1.0 0.311719 0.258824 0.029687 0.061176
0 1.0 0.297656 0.245882 0.139063 0.185882
0 1.0 0.239844 0.256471 0.114062 0.287059
0 1.0 0.842187 0.180000 0.156250 0.115294
0 1.0 0.860156 0.187059 0.242188 0.317647
0 1.0 0.871094 0.170588 0.173437 0.200000
0 1.0 0.065625 0.043529 0.050000 0.049412
0 1.0 0.068750 0.075294 0.137500 0.150588
0 1.0 0.167969 0.047059 0.182812 0.094118
0 1.0 0.190625 0.085882 0.234375 0.171765
0 1.0 0.204687 0.054118 0.056250 0.080000
0 1.0 0.142187 0.084706 0.037500 0.094118
0 1.0 0.019531 0.278824 0.039062 0.242353
0 1.0 0.155469 0.057647 0.079687 0.101176
0 1.0 0.086719 0.094118 0.032813 0.075294
0 1.0 0.150000 0.038824 0.043750 0.044706
0 1.0 0.097656 0.081176 0.026562 0.049412
0 1.0 0.126562 0.047059 0.068750 0.056471
0 1.0 0.054688 0.231765 0.109375 0.101176
0 1.0 0.968750 0.214118 0.046875 0.131765
0 1.0 0.945312 0.180000 0.109375 0.091765
0 1.0 0.180469 0.076471 0.073438 0.134118
0 1.0 0.913281 0.170588 0.110937 0.157647
0 1.0 0.839063 0.182353 0.078125 0.072941
0 1.0 0.871875 0.248235 0.106250 0.360000
0 1.0 0.792969 0.235294 0.148438 0.108235
0 1.0 0.876563 0.243529 0.059375 0.181176
0 1.0 0.481250 0.256471 0.040625 0.070588
0 1.0 0.063281 0.335294 0.051562 0.134118
0 1.0 0.762500 0.238824 0.275000 0.138824
0 1.0 0.764844 0.271765 0.070312 0.176471
0 1.0 0.090625 0.311765 0.112500 0.148235
0 1.0 0.026562 0.344706 0.040625 0.162353
0 1.0 0.047656 0.289412 0.073438 0.065882
0 1.0 0.066406 0.295294 0.132812 0.265882
0 1.0 0.039844 0.309412 0.076563 0.124706
0 1.0 0.946875 0.229412 0.106250 0.091765
0 1.0 0.959375 0.256471 0.062500 0.131765
0 1.0 0.245312 0.340000 0.071875 0.162353
0 1.0 0.882812 0.231765 0.234375 0.124706
0 1.0 0.549219 0.271765 0.076563 0.143529
0 1.0 0.552344 0.241176 0.207813 0.152941
0 1.0 0.499219 0.292941 0.057813 0.162353
0 1.0 0.755469 0.252941 0.160938 0.223529
0 1.0 0.460156 0.320000 0.032813 0.089412
0 1.0 0.533594 0.258824 0.026562 0.061176
0 1.0 0.463281 0.260000 0.157812 0.185882
0 1.0 0.667188 0.283529 0.078125 0.181176
0 1.0 0.727344 0.258824 0.085938 0.178824
0 1.0 0.681250 0.280000 0.043750 0.094118
0 1.0 0.611719 0.288235 0.067187 0.157647
0 1.0 0.614062 0.289412 0.034375 0.080000
0 1.0 0.677344 0.241176 0.267188 0.171765
0 1.0 0.360156 0.451765 0.029687 0.065882
0 1.0 0.625000 0.495294 0.034375 0.082353
0 1.0 0.450000 0.394118 0.021875 0.054118
0 1.0 0.285938 0.443529 0.084375 0.101176
0 1.0 0.612500 0.445882 0.293750 0.148235
0 1.0 0.567187 0.489412 0.053125 0.089412
0 1.0 0.575781 0.455294 0.129688 0.134118
0 1.0 0.501563 0.503529 0.050000 0.103529
0 1.0 0.515625 0.451765 0.131250 0.127059
0 1.0 0.432812 0.441176 0.112500 0.148235
0 1.0 0.477344 0.455294 0.073438 0.101176
0 1.0 0.510938 0.434118 0.281250 0.214118
0 1.0 0.024219 0.480000 0.039062 0.084706
0 1.0 0.078906 0.462353 0.032813 0.044706
0 1.0 0.067969 0.441176 0.135937 0.237647
0 1.0 0.064844 0.472941 0.045312 0.070588
0 1.0 0.961719 0.484706 0.029687 0.075294
0 1.0 0.945312 0.403529 0.109375 0.101176
0 1.0 0.951562 0.465882 0.040625 0.070588
0 1.0 0.928125 0.394118 0.143750 0.242353
0 1.0 0.867188 0.405882 0.246875 0.129412
0 1.0 0.916406 0.429412 0.082812 0.143529
0 1.0 0.160156 0.438824 0.204687 0.171765
0 1.0 0.866406 0.462353 0.064062 0.129412
0 1.0 0.767969 0.412941 0.151562 0.101176
0 1.0 0.882031 0.475294 0.020313 0.047059
0 1.0 0.205469 0.447059 0.039062 0.070588
0 1.0 0.441406 0.458824 0.032813 0.065882
0 1.0 0.530469 0.448235 0.039062 0.063529
0 1.0 0.151562 0.483529 0.037500 0.096471
0 1.0 0.162500 0.474118 0.028125 0.063529
0 1.0 0.162500 0.452941 0.093750 0.115294
0 1.0 0.077344 0.492941 0.054688 0.120000
0 1.0 0.171875 0.454118 0.037500 0.051765
0 1.0 0.084375 0.478824 0.040625 0.072941
0 1.0 0.096875 0.458824 0.090625 0.103529
0 1.0 0.121875 0.481176 0.115625 0.096471
0 1.0 0.025000 0.523529 0.050000 0.167059
0 1.0 0.048438 0.501176 0.084375 0.117647
0 1.0 0.963281 0.511765 0.023438 0.058824
0 1.0 0.907031 0.449412 0.070312 0.065882
0 1.0 0.881250 0.454118 0.178125 0.122353
0 1.0 0.091406 0.036471 0.035937 0.040000
0 1.0 0.189062 0.476471 0.109375 0.247059
0 1.0 0.184375 0.487059 0.140625 0.084706
0 1.0 0.214062 0.481176 0.187500 0.138824
0 1.0 0.736719 0.469412 0.032813 0.096471
0 1.0 0.871094 0.508235 0.051562 0.112941
0 1.0 0.761719 0.452941 0.026562 0.044706
0 1.0 0.677344 0.478824 0.032813 0.096471
0 1.0 0.885938 0.504706 0.021875 0.049412
0 1.0 0.770312 0.456471 0.137500 0.089412
0 1.0 0.832812 0.467059 0.040625 0.096471
0 1.0 0.796094 0.431765 0.276562 0.242353
0 1.0 0.814844 0.445882 0.154688 0.171765
0 1.0 0.949219 0.400000 0.039062 0.065882
0 1.0 0.884375 0.348235 0.231250 0.117647
0 1.0 0.866406 0.412941 0.054688 0.129412
0 1.0 0.805469 0.350588 0.139063 0.098824
0 1.0 0.872656 0.415294 0.029687 0.072941
0 1.0 0.796094 0.345882 0.289062 0.141176
0 1.0 0.187500 0.398824 0.131250 0.096471
0 1.0 0.097656 0.418824 0.104688 0.122353
0 1.0 0.063281 0.411765 0.126562 0.075294
0 1.0 0.035937 0.456471 0.037500 0.075294
0 1.0 0.068750 0.422353 0.040625 0.054118
0 1.0 0.050781 0.428235 0.070312 0.089412
0 1.0 0.959375 0.401176 0.018750 0.040000
0 1.0 0.665625 0.370588 0.196875 0.218824
0 1.0 0.622656 0.434118 0.045312 0.129412
0 1.0 0.632812 0.429412 0.025000 0.072941
0 1.0 0.549219 0.440000 0.045312 0.103529
0 1.0 0.825000 0.391765 0.059375 0.138824
0 1.0 0.566406 0.351765 0.282813 0.152941
0 1.0 0.776563 0.400000 0.043750 0.117647
0 1.0 0.735156 0.416471 0.035937 0.094118
0 1.0 0.667188 0.431765 0.046875 0.138824
0 1.0 0.680469 0.428235 0.026562 0.080000
0 1.0 0.724219 0.415294 0.064062 0.162353
0 1.0 0.620313 0.414118 0.134375 0.164706
0 1.0 0.834375 0.427059 0.040625 0.115294
0 1.0 0.764062 0.431765 0.087500 0.204706
0 1.0 0.716406 0.411765 0.167187 0.188235
0 1.0 0.103125 0.457647 0.015625 0.030588
0 1.0 0.343750 0.416471 0.125000 0.188235
0 1.0 0.292187 0.397647 0.137500 0.108235
0 1.0 0.260937 0.396471 0.265625 0.143529
0 1.0 0.503906 0.447059 0.045312 0.089412
0 1.0 0.778906 0.447059 0.032813 0.089412
0 1.0 0.418750 0.407059 0.212500 0.122353
0 1.0 0.539062 0.640000 0.621875 0.216471
0 1.0 0.527344 0.655294 0.395313 0.510588
0 1.0 0.191406 0.181176 0.073438 0.310588
0 1.0 0.177344 0.663529 0.354687 0.475294
0 1.0 0.847656 0.612941 0.182812 0.600000
0 1.0 0.128906 0.124706 0.173437 0.221176
0 1.0 0.128125 0.123529 0.134375 0.105882
0 1.0 0.075781 0.158824 0.079687 0.190588
0 1.0 0.018750 0.190588 0.037500 0.160000
0 1.0 0.071875 0.124706 0.103125 0.084706
0 1.0 0.296094 0.649412 0.592187 0.211765
0 1.0 0.657813 0.649412 0.231250 0.545882
0 1.0 0.539062 0.540000 0.621875 0.223529
0 1.0 0.350781 0.590588 0.207813 0.578824
0 1.0 0.753125 0.607059 0.196875 0.578824
0 1.0 0.446094 0.140000 0.214062 0.275294
0 1.0 0.395313 0.151765 0.100000 0.284706
0 1.0 0.352344 0.667059 0.410938 0.482353
0 1.0 0.242969 0.124706 0.182812 0.240000
0 1.0 0.245312 0.136471 0.025000 0.061176
0 1.0 0.634375 0.563529 0.450000 0.449412
0 1.0 0.439063 0.771765 0.668750 0.221176
0 1.0 0.782813 0.757647 0.434375 0.225882
0 1.0 0.878125 0.130588 0.071875 0.152941
0 1.0 0.864844 0.087059 0.095312 0.080000
0 1.0 0.878906 0.097647 0.182812 0.185882
0 1.0 0.821094 0.131765 0.070312 0.174118
0 1.0 0.834375 0.130588 0.034375 0.082353
0 1.0 0.768750 0.121176 0.078125 0.204706
0 1.0 0.771875 0.077647 0.246875 0.127059
0 1.0 0.966406 0.143529 0.032813 0.089412
0 1.0 0.947656 0.081176 0.104688 0.091765
0 1.0 0.470313 0.363529 0.668750 0.223529
0 1.0 0.724219 0.174118 0.070312 0.155294
0 1.0 0.714844 0.131765 0.235937 0.155294
0 1.0 0.663281 0.174118 0.095312 0.216471
0 1.0 0.415625 0.127059 0.300000 0.141176
0 1.0 0.602344 0.164706 0.089063 0.211765
0 1.0 0.635938 0.125882 0.181250 0.110588
0 1.0 0.603125 0.163529 0.050000 0.110588
0 1.0 0.616406 0.144706 0.232813 0.275294
0 1.0 0.775781 0.352941 0.448437 0.211765
0 1.0 0.743750 0.327059 0.196875 0.465882
0 1.0 0.616406 0.337647 0.442188 0.355294
0 1.0 0.554688 0.365882 0.215625 0.491765
0 1.0 0.849219 0.134118 0.110937 0.094118
0 1.0 0.781250 0.248235 0.437500 0.214118
0 1.0 0.723437 0.256471 0.368750 0.418824
0 1.0 0.449219 0.281176 0.457813 0.425882
0 1.0 0.717969 0.180000 0.107813 0.256471
0 1.0 0.821094 0.130588 0.185938 0.209412
0 1.0 0.764844 0.151765 0.229687 0.284706
0 1.0 0.244531 0.557647 0.223438 0.517647
0 1.0 0.235156 0.547059 0.470313 0.209412
0 1.0 0.522656 0.447059 0.667188 0.197647
0 1.0 0.550781 0.164706 0.082812 0.216471
0 1.0 0.559375 0.127059 0.181250 0.141176
0 1.0 0.507812 0.180000 0.075000 0.204706
0 1.0 0.465625 0.132941 0.050000 0.091765
0 1.0 0.341406 0.164706 0.085938 0.277647
0 1.0 0.292187 0.180000 0.078125 0.237647
0 1.0 0.450781 0.167059 0.098437 0.174118
0 1.0 0.520312 0.134118 0.034375 0.070588
0 1.0 0.339844 0.136471 0.179688 0.244706
0 1.0 0.279687 0.432941 0.446875 0.235294
0 1.0 0.156250 0.454118 0.215625 0.517647
0 1.0 0.672656 0.171765 0.064062 0.131765
0 1.0 0.451562 0.485882 0.203125 0.520000
0 1.0 0.500781 0.140000 0.170313 0.214118
0 1.0 0.450000 0.195294 0.043750 0.122353
0 1.0 0.713281 0.451765 0.410938 0.362353
0 1.0 0.651563 0.475294 0.200000 0.498824
0 1.0 0.383594 0.876471 0.767188 0.247059
0 1.0 0.879687 0.100000 0.046875 0.091765
0 1.0 0.882812 0.030588 0.081250 0.061176
0 1.0 0.890625 0.089412 0.021875 0.042353
0 1.0 0.877344 0.056471 0.129688 0.112941
0 1.0 0.824219 0.094118 0.042188 0.098824
0 1.0 0.830469 0.037647 0.198437 0.075294
0 1.0 0.836719 0.081176 0.023438 0.044706
0 1.0 0.664844 0.088235 0.048438 0.120000
0 1.0 0.675781 0.040000 0.198437 0.080000
0 1.0 0.672656 0.074118 0.035937 0.072941
0 1.0 0.664844 0.080000 0.229687 0.160000
0 1.0 0.602344 0.078824 0.051562 0.129412
0 1.0 0.619531 0.715294 0.760938 0.320000
0 1.0 0.254688 0.304706 0.509375 0.303529
0 1.0 0.025000 0.121176 0.050000 0.134118
0 1.0 0.786719 0.069412 0.029687 0.063529
0 1.0 0.375781 0.498824 0.751563 0.338824
0 1.0 0.243750 0.057647 0.137500 0.115294
0 1.0 0.452344 0.037647 0.070312 0.065882
0 1.0 0.405469 0.082353 0.229687 0.164706
0 1.0 0.417187 0.060000 0.128125 0.120000
0 1.0 0.340625 0.075294 0.059375 0.131765
0 1.0 0.307031 0.031765 0.026562 0.044706
0 1.0 0.292969 0.040000 0.117188 0.080000
0 1.0 0.499219 0.529412 0.807813 0.687059
0 1.0 0.028125 0.087059 0.025000 0.070588
0 1.0 0.107031 0.063529 0.064062 0.080000
0 1.0 0.032813 0.070588 0.031250 0.061176
0 1.0 0.359375 0.054118 0.109375 0.108235
0 1.0 0.238281 0.081176 0.064062 0.134118
0 1.0 0.289062 0.084706 0.046875 0.098824
0 1.0 0.604688 0.068235 0.037500 0.080000
0 1.0 0.596875 0.051765 0.187500 0.103529
0 1.0 0.554688 0.081176 0.050000 0.124706
0 1.0 0.571094 0.035294 0.110937 0.070588
0 1.0 0.507812 0.090588 0.053125 0.138824
0 1.0 0.517969 0.038824 0.189062 0.077647
0 1.0 0.771094 0.054118 0.126562 0.108235
0 1.0 0.720313 0.071765 0.059375 0.120000
0 1.0 0.729688 0.060000 0.037500 0.068235
0 1.0 0.501563 0.080000 0.212500 0.160000
0 1.0 0.500000 0.198824 1.000000 0.397647
0 1.0 0.447656 0.081176 0.032813 0.072941
0 1.0 0.518750 0.035294 0.040625 0.051765
0 1.0 0.495312 0.042353 0.084375 0.084706
0 1.0 0.425000 0.036471 0.221875 0.072941
0 1.0 0.738281 0.878824 0.523438 0.242353
0 1.0 0.054688 0.096471 0.075000 0.112941
0 1.0 0.727344 0.125882 0.054688 0.115294
0 1.0 0.672656 0.123529 0.048438 0.096471
0 1.0 0.227344 0.920000 0.454688 0.160000
0 1.0 0.439063 0.110588 0.103125 0.192941
0 1.0 0.561719 0.084706 0.132812 0.131765
0 1.0 0.601562 0.118824 0.046875 0.110588
0 1.0 0.889062 0.136471 0.040625 0.084706
0 1.0 0.778906 0.124706 0.045312 0.112941
0 1.0 0.296875 0.302353 0.281250 0.604706
0 1.0 0.138281 0.136471 0.064062 0.202353
0 1.0 0.078125 0.134118 0.050000 0.131765
0 1.0 0.137500 0.078824 0.121875 0.091765
0 1.0 0.963281 0.087059 0.023438 0.056471
0 1.0 0.950781 0.032941 0.098437 0.065882
0 1.0 0.955469 0.071765 0.035937 0.058824
0 1.0 0.927344 0.065882 0.054688 0.084706
0 1.0 0.745313 0.122353 0.509375 0.244706
0 1.0 0.357812 0.122353 0.715625 0.244706
0 1.0 0.543750 0.920000 0.643750 0.160000
0 1.0 0.232813 0.098824 0.021875 0.042353
0 1.0 0.443750 0.143529 0.043750 0.127059
0 1.0 0.293750 0.100000 0.134375 0.157647
0 1.0 0.827344 0.923529 0.345313 0.152941
0 1.0 0.470313 0.089412 0.043750 0.070588
0 1.0 0.747656 0.881176 0.117188 0.115294
0 1.0 0.710156 0.868235 0.185938 0.211765
0 1.0 0.674219 0.863529 0.051562 0.127059
0 1.0 0.683594 0.888235 0.039062 0.101176
0 1.0 0.706250 0.882353 0.090625 0.098824
0 1.0 0.971094 0.174118 0.039062 0.108235
0 1.0 0.606250 0.880000 0.050000 0.131765
0 1.0 0.604688 0.877647 0.284375 0.160000
0 1.0 0.871094 0.892941 0.054688 0.120000
0 1.0 0.786719 0.884706 0.110937 0.089412
0 1.0 0.553125 0.898824 0.065625 0.136471
0 1.0 0.172656 0.892941 0.126562 0.162353
0 1.0 0.880469 0.910588 0.032813 0.075294
0 1.0 0.860156 0.894118 0.026562 0.051765
0 1.0 0.841406 0.848235 0.239063 0.251765
0 1.0 0.821094 0.863529 0.079687 0.150588
0 1.0 0.828906 0.892941 0.048438 0.101176
0 1.0 0.814844 0.881176 0.164062 0.148235
0 1.0 0.781250 0.882353 0.056250 0.112941
0 1.0 0.046875 0.903529 0.093750 0.192941
0 1.0 0.089844 0.910588 0.064062 0.103529
0 1.0 0.353125 0.880000 0.068750 0.169412
0 1.0 0.344531 0.865882 0.295312 0.164706
0 1.0 0.293750 0.864706 0.062500 0.129412
0 1.0 0.217188 0.867059 0.278125 0.162353
0 1.0 0.299219 0.864706 0.135937 0.214118
0 1.0 0.231250 0.857647 0.071875 0.171765
0 1.0 0.182812 0.883529 0.059375 0.148235
0 1.0 0.275781 0.871765 0.042188 0.087059
0 1.0 0.513281 0.880000 0.073438 0.188235
0 1.0 0.506250 0.874118 0.153125 0.228235
0 1.0 0.432812 0.856471 0.134375 0.240000
0 1.0 0.489844 0.877647 0.051562 0.098824
0 1.0 0.396094 0.867059 0.085938 0.190588
0 1.0 0.607031 0.910588 0.129688 0.150588
0 1.0 0.316406 0.912941 0.098437 0.112941
0 1.0 0.517969 0.921176 0.254688 0.129412
0 1.0 0.406250 0.911765 0.275000 0.143529
0 1.0 0.096094 0.895294 0.151562 0.185882
0 1.0 0.960156 0.895294 0.023438 0.058824
0 1.0 0.927344 0.877647 0.145313 0.112941
0 1.0 0.233594 0.887059 0.123438 0.211765
0 1.0 0.925000 0.860000 0.150000 0.247059
0 1.0 0.925781 0.867059 0.057813 0.129412
0 1.0 0.952344 0.912941 0.042188 0.084706
0 1.0 0.278125 0.825882 0.037500 0.080000
0 1.0 0.459375 0.816471 0.340625 0.155294
0 1.0 0.507812 0.830588 0.037500 0.084706
0 1.0 0.447656 0.829412 0.057813 0.110588
0 1.0 0.318750 0.812941 0.300000 0.143529
0 1.0 0.195312 0.817647 0.334375 0.143529
0 1.0 0.752344 0.767059 0.092188 0.089412
0 1.0 0.816406 0.780000 0.029687 0.063529
0 1.0 0.166406 0.828235 0.104688 0.127059
0 1.0 0.144531 0.829412 0.057813 0.101176
0 1.0 0.087500 0.818824 0.131250 0.089412
0 1.0 0.110156 0.830588 0.029687 0.065882
0 1.0 0.939844 0.762353 0.120313 0.098824
0 1.0 0.961719 0.870588 0.048438 0.155294
0 1.0 0.930469 0.816471 0.139063 0.108235
0 1.0 0.532813 0.823529 0.125000 0.136471
0 1.0 0.749219 0.817647 0.151562 0.110588
0 1.0 0.818750 0.829412 0.028125 0.068235
0 1.0 0.456250 0.871765 0.284375 0.152941
0 1.0 0.133594 0.889412 0.064062 0.155294
0 1.0 0.114062 0.872941 0.034375 0.080000
0 1.0 0.605469 0.827059 0.064062 0.105882
0 1.0 0.034375 0.880000 0.050000 0.122353
0 1.0 0.685156 0.809412 0.351562 0.141176
0 1.0 0.406250 0.180000 0.278125 0.134118
0 1.0 0.849219 0.922353 0.145313 0.117647
0 1.0 0.385156 0.187059 0.126562 0.105882
0 1.0 0.567187 0.187059 0.225000 0.105882
0 1.0 0.543750 0.076471 0.578125 0.152941
0 1.0 0.345313 0.190588 0.059375 0.112941
0 1.0 0.290625 0.182353 0.228125 0.214118
0 1.0 0.507812 0.224706 0.021875 0.054118
0 1.0 0.549219 0.147059 0.557813 0.223529
0 1.0 0.460156 0.264706 0.035937 0.105882
0 1.0 0.534375 0.204706 0.040625 0.061176
0 1.0 0.463281 0.227059 0.089063 0.162353
0 1.0 0.608594 0.221176 0.051562 0.112941
0 1.0 0.810156 0.220000 0.120313 0.360000
0 1.0 0.761719 0.214118 0.095312 0.207059
0 1.0 0.722656 0.183529 0.289062 0.127059
0 1.0 0.046875 0.183529 0.093750 0.075294
0 1.0 0.066406 0.184706 0.132812 0.280000
0 1.0 0.950000 0.130588 0.100000 0.082353
0 1.0 0.326562 0.202353 0.028125 0.075294
0 1.0 0.239844 0.189412 0.229687 0.134118
0 1.0 0.171094 0.178824 0.273438 0.192941
0 1.0 0.196094 0.182353 0.020313 0.058824
0 1.0 0.159375 0.960000 0.062500 0.061176
0 1.0 0.100781 0.960000 0.039062 0.051765
0 1.0 0.966406 0.951765 0.067187 0.096471
0 1.0 0.342187 0.951765 0.034375 0.058824
0 1.0 0.945312 0.923529 0.109375 0.152941
0 1.0 0.076563 0.952941 0.065625 0.075294
0 1.0 0.307812 0.950588 0.081250 0.098824
0 1.0 0.307812 0.958824 0.040625 0.054118
0 1.0 0.255469 0.941176 0.114062 0.117647
0 1.0 0.242188 0.962353 0.056250 0.056471
0 1.0 0.189062 0.942353 0.193750 0.115294
0 1.0 0.192188 0.950588 0.078125 0.098824
0 1.0 0.464844 0.952941 0.079687 0.094118
0 1.0 0.671094 0.902353 0.082812 0.152941
0 1.0 0.659375 0.920000 0.268750 0.150588
0 1.0 0.199219 0.956471 0.054688 0.058824
0 1.0 0.767188 0.878824 0.128125 0.242353
0 1.0 0.768750 0.925882 0.084375 0.148235
0 1.0 0.775000 0.956471 0.062500 0.058824
0 1.0 0.752344 0.948235 0.160938 0.103529
0 1.0 0.712500 0.931765 0.075000 0.136471
0 1.0 0.744531 0.956471 0.060937 0.054118
0 1.0 0.916406 0.958824 0.154688 0.082353
0 1.0 0.728906 0.957647 0.029687 0.042353
0 1.0 0.688281 0.948235 0.110937 0.089412
0 1.0 0.846094 0.956471 0.032813 0.044706
0 1.0 0.850000 0.951765 0.068750 0.072941
0 1.0 0.811719 0.955294 0.132812 0.075294
0 1.0 0.535937 0.949412 0.037500 0.058824
0 1.0 0.485156 0.961176 0.042188 0.049412
0 1.0 0.397656 0.908235 0.132812 0.183529
0 1.0 0.412500 0.944706 0.096875 0.110588
0 1.0 0.385156 0.962353 0.026562 0.042353
0 1.0 0.347656 0.911765 0.120313 0.176471
0 1.0 0.366406 0.950588 0.054688 0.070588
0 1.0 0.363281 0.949412 0.085938 0.101176
0 1.0 0.289844 0.916471 0.095312 0.167059
0 1.0 0.657813 0.960000 0.031250 0.047059
0 1.0 0.682813 0.958824 0.031250 0.044706
0 1.0 0.650000 0.949412 0.075000 0.082353
0 1.0 0.614844 0.947059 0.098437 0.105882
0 1.0 0.643750 0.947059 0.040625 0.068235
0 1.0 0.573438 0.947059 0.093750 0.105882
0 1.0 0.605469 0.960000 0.029687 0.042353
0 1.0 0.575781 0.945882 0.051562 0.070588
0 1.0 0.522656 0.951765 0.079687 0.096471
0 1.0 0.444531 0.925882 0.076563 0.148235
0 1.0 0.550000 0.962353 0.028125 0.042353
0 1.0 0.073438 0.743529 0.146875 0.498824
0 1.0 0.549219 0.827059 0.357812 0.270588
0 1.0 0.161719 0.194118 0.310937 0.388235
0 1.0 0.423438 0.735294 0.846875 0.529412
0 1.0 0.553125 0.200000 0.253125 0.400000
0 1.0 0.071094 0.470588 0.142187 0.578824
0 1.0 0.233594 0.504706 0.467187 0.665882
0 1.0 0.925781 0.585882 0.148438 0.578824
0 1.0 0.828125 0.528235 0.343750 0.943529