0 1.0 0.041304 0.052885 0.082609 0.105769
0 1.0 0.066304 0.083333 0.132609 0.166667
0 1.0 0.054348 0.025641 0.069565 0.051282
0 1.0 0.026087 0.092949 0.052174 0.179487
0 1.0 0.191304 0.056090 0.082609 0.112179
0 1.0 0.180435 0.033654 0.130435 0.067308
0 1.0 0.238043 0.057692 0.154348 0.115385
0 1.0 0.233696 0.081731 0.250000 0.163462
0 1.0 0.236957 0.056090 0.073913 0.105769
0 1.0 0.301087 0.057692 0.115217 0.115385
0 1.0 0.266304 0.032051 0.141304 0.064103
0 1.0 0.294565 0.073718 0.058696 0.115385
0 1.0 0.350000 0.060897 0.147826 0.121795
0 1.0 0.479348 0.783654 0.928261 0.400641
0 1.0 0.302174 0.334936 0.604348 0.669872
0 1.0 0.460870 0.536859 0.513043 0.926282
0 1.0 0.706522 0.506410 0.586957 0.487179
0 1.0 0.815217 0.527244 0.369565 0.945513
0 1.0 0.244565 0.753205 0.489130 0.493590
0 1.0 0.345652 0.080128 0.247826 0.160256
0 1.0 0.318478 0.027244 0.054348 0.054487
0 1.0 0.410870 0.038462 0.130435 0.076923
0 1.0 0.397826 0.072115 0.082609 0.144231
0 1.0 0.463043 0.054487 0.113043 0.108974
0 1.0 0.443478 0.078526 0.234783 0.157051
0 1.0 0.493478 0.028846 0.056522 0.051282
0 1.0 0.748913 0.875000 0.502174 0.250000
0 1.0 0.491304 0.198718 0.860870 0.397436
0 1.0 0.340217 0.870192 0.680435 0.259615
0 1.0 0.444565 0.054487 0.045652 0.089744
0 1.0 0.506522 0.052885 0.117391 0.105769
0 1.0 0.560870 0.052885 0.121739 0.105769
0 1.0 0.560870 0.078526 0.239130 0.157051
0 1.0 0.553261 0.057692 0.054348 0.108974
0 1.0 0.609783 0.056090 0.145652 0.112179
0 1.0 0.718478 0.674679 0.336957 0.650641
0 1.0 0.752174 0.708333 0.495652 0.294872
0 1.0 0.603261 0.054487 0.054348 0.076923
0 1.0 0.665217 0.086538 0.260870 0.173077
0 1.0 0.668478 0.060897 0.067391 0.096154
0 1.0 0.657609 0.035256 0.245652 0.070513
0 1.0 0.716304 0.054487 0.080435 0.108974
0 1.0 0.772826 0.062500 0.176087 0.125000
0 1.0 0.493478 0.676282 0.308696 0.647436
0 1.0 0.127174 0.639423 0.254348 0.682692
0 1.0 0.257609 0.498397 0.515217 0.304487
0 1.0 0.294565 0.532051 0.471739 0.628205
0 1.0 0.486957 0.501603 0.691304 0.387821
0 1.0 0.675000 0.294872 0.619565 0.371795
0 1.0 0.217391 0.288462 0.434783 0.391026
0 1.0 0.141304 0.371795 0.282609 0.743590
0 1.0 0.779348 0.057692 0.071739 0.102564
0 1.0 0.821739 0.054487 0.069565 0.096154
0 1.0 0.827174 0.035256 0.236957 0.070513
0 1.0 0.871739 0.060897 0.182609 0.121795
0 1.0 0.879348 0.054487 0.063043 0.083333
0 1.0 0.319565 0.139423 0.639130 0.278846
0 1.0 0.641304 0.121795 0.717391 0.243590
0 1.0 0.926087 0.062500 0.104348 0.125000
0 1.0 0.957609 0.065705 0.054348 0.080128
0 1.0 0.944565 0.033654 0.110870 0.067308
0 1.0 0.965217 0.083333 0.030435 0.070513
0 1.0 0.130435 0.100962 0.191304 0.201923
0 1.0 0.548913 0.921474 0.610870 0.157051
0 1.0 0.190217 0.129808 0.080435 0.201923
0 1.0 0.233696 0.105769 0.106522 0.173077
0 1.0 0.292391 0.105769 0.132609 0.185897
0 1.0 0.166304 0.923077 0.332609 0.153846
0 1.0 0.342391 0.113782 0.097826 0.201923
0 1.0 0.442391 0.115385 0.123913 0.185897
0 1.0 0.446739 0.141026 0.067391 0.153846
0 1.0 0.503261 0.110577 0.106522 0.182692
0 1.0 0.556522 0.118590 0.100000 0.160256
0 1.0 0.532609 0.842949 0.621739 0.205128
0 1.0 0.348913 0.778846 0.432609 0.333333
0 1.0 0.605435 0.131410 0.058696 0.108974
0 1.0 0.671739 0.129808 0.073913 0.125000
0 1.0 0.716304 0.115385 0.102174 0.179487
0 1.0 0.170652 0.844551 0.341304 0.201923
0 1.0 0.840217 0.705128 0.206522 0.538462
0 1.0 0.772826 0.116987 0.280435 0.233974
0 1.0 0.777174 0.123397 0.093478 0.169872
0 1.0 0.818478 0.131410 0.089130 0.147436
0 1.0 0.538043 0.753205 0.610870 0.262821
0 1.0 0.827174 0.650641 0.345652 0.205128
0 1.0 0.170652 0.751603 0.341304 0.233974
0 1.0 0.877174 0.133013 0.089130 0.131410
0 1.0 0.889130 0.113782 0.221739 0.227564
0 1.0 0.959783 0.136218 0.067391 0.118590
0 1.0 0.967391 0.161859 0.043478 0.118590
0 1.0 0.330435 0.669872 0.286957 0.448718
0 1.0 0.406522 0.655449 0.539130 0.246795
0 1.0 0.781522 0.551282 0.436957 0.211538
0 1.0 0.178261 0.645833 0.356522 0.221154
0 1.0 0.044565 0.123397 0.089130 0.150641
0 1.0 0.036957 0.153846 0.069565 0.307692
0 1.0 0.646739 0.552885 0.254348 0.464744
0 1.0 0.767391 0.527244 0.234783 0.548077
0 1.0 0.422826 0.554487 0.589130 0.198718
0 1.0 0.455435 0.568910 0.193478 0.548077
0 1.0 0.181522 0.142628 0.158696 0.272436
0 1.0 0.293478 0.126603 0.252174 0.253205
0 1.0 0.280435 0.144231 0.052174 0.064103
0 1.0 0.835870 0.439103 0.202174 0.506410
0 1.0 0.783696 0.448718 0.432609 0.224359
0 1.0 0.535870 0.443910 0.441304 0.278846
0 1.0 0.533696 0.466346 0.245652 0.445513
0 1.0 0.253261 0.471154 0.271739 0.480769
0 1.0 0.348913 0.474359 0.250000 0.538462
0 1.0 0.234783 0.136218 0.265217 0.112179
0 1.0 0.293478 0.173077 0.078261 0.160256
0 1.0 0.341304 0.134615 0.213043 0.134615
0 1.0 0.393478 0.133013 0.252174 0.266026
0 1.0 0.393478 0.155449 0.100000 0.221154
0 1.0 0.781522 0.347756 0.436957 0.214744
0 1.0 0.481522 0.136218 0.076087 0.092949
0 1.0 0.498913 0.139423 0.236957 0.272436
0 1.0 0.505435 0.126603 0.263043 0.125000
0 1.0 0.561957 0.137821 0.184783 0.185897
0 1.0 0.440217 0.342949 0.245652 0.423077
0 1.0 0.433696 0.352564 0.528261 0.211538
0 1.0 0.651087 0.349359 0.236957 0.455128
0 1.0 0.832609 0.248397 0.334783 0.208333
0 1.0 0.070652 0.309295 0.141304 0.605769
0 1.0 0.163043 0.352564 0.326087 0.217949
0 1.0 0.552174 0.182692 0.073913 0.166667
0 1.0 0.614130 0.189103 0.050000 0.096154
0 1.0 0.667391 0.141026 0.200000 0.192308
0 1.0 0.673913 0.181090 0.056522 0.099359
0 1.0 0.759783 0.262821 0.263043 0.525641
0 1.0 0.358696 0.258013 0.243478 0.516026
0 1.0 0.448913 0.246795 0.567391 0.224359
0 1.0 0.535870 0.248397 0.245652 0.490385
0 1.0 0.239130 0.274038 0.239130 0.548077
0 1.0 0.163043 0.243590 0.326087 0.224359
0 1.0 0.922826 0.155449 0.123913 0.272436
0 1.0 0.033696 0.173077 0.067391 0.102564
0 1.0 0.077174 0.152244 0.136957 0.233974
0 1.0 0.120652 0.177885 0.197826 0.125000
0 1.0 0.163043 0.142628 0.326087 0.227564
0 1.0 0.123913 0.189103 0.121739 0.346154
0 1.0 0.194565 0.187500 0.028261 0.060897
0 1.0 0.217391 0.189103 0.200000 0.121795
0 1.0 0.234783 0.192308 0.134783 0.237179
0 1.0 0.317391 0.198718 0.039130 0.064103
0 1.0 0.322826 0.187500 0.263043 0.112179
0 1.0 0.361957 0.185897 0.076087 0.108974
0 1.0 0.342391 0.198718 0.132609 0.192308
0 1.0 0.397826 0.184295 0.104348 0.086538
0 1.0 0.344565 0.224359 0.071739 0.160256
0 1.0 0.410870 0.182692 0.204348 0.147436
0 1.0 0.444565 0.080128 0.589130 0.160256
0 1.0 0.480435 0.198718 0.056522 0.089744
0 1.0 0.477174 0.195513 0.145652 0.121795
0 1.0 0.505435 0.195513 0.071739 0.070513
0 1.0 0.446739 0.235577 0.080435 0.163462
0 1.0 0.498913 0.238782 0.080435 0.201923
0 1.0 0.579348 0.190705 0.176087 0.125000
0 1.0 0.973913 0.963141 0.052174 0.073718
0 1.0 0.557609 0.230769 0.102174 0.153846
0 1.0 0.606522 0.181090 0.252174 0.285256
0 1.0 0.611957 0.241987 0.054348 0.105769
0 1.0 0.667391 0.192308 0.139130 0.141026
0 1.0 0.663043 0.221154 0.060870 0.102564
0 1.0 0.681522 0.187500 0.280435 0.112179
0 1.0 0.871739 0.911859 0.221739 0.176282
0 1.0 0.850000 0.963141 0.095652 0.073718
0 1.0 0.879348 0.937500 0.106522 0.125000
0 1.0 0.923913 0.948718 0.117391 0.102564
0 1.0 0.716304 0.951923 0.106522 0.096154
0 1.0 0.769565 0.950321 0.143478 0.099359
0 1.0 0.776087 0.919872 0.243478 0.160256
0 1.0 0.823913 0.947115 0.143478 0.105769
0 1.0 0.556522 0.934295 0.091304 0.131410
0 1.0 0.613043 0.953526 0.134783 0.092949
0 1.0 0.616304 0.924679 0.236957 0.150641
0 1.0 0.631522 0.958333 0.097826 0.057692
0 1.0 0.667391 0.951923 0.143478 0.096154
0 1.0 0.447826 0.918269 0.260870 0.163462
0 1.0 0.484783 0.955128 0.139130 0.083333
0 1.0 0.452174 0.929487 0.134783 0.141026
0 1.0 0.526087 0.955128 0.126087 0.064103
0 1.0 0.589130 0.958333 0.100000 0.057692
0 1.0 0.286957 0.935897 0.126087 0.128205
0 1.0 0.279348 0.958333 0.102174 0.057692
0 1.0 0.352174 0.947115 0.143478 0.105769
0 1.0 0.397826 0.931090 0.126087 0.137821
0 1.0 0.131522 0.935897 0.097826 0.128205
0 1.0 0.197826 0.955128 0.095652 0.089744
0 1.0 0.227174 0.958333 0.106522 0.057692
0 1.0 0.236957 0.932692 0.113043 0.134615
0 1.0 0.311957 0.919872 0.267391 0.160256
0 1.0 0.072826 0.924679 0.145652 0.150641
0 1.0 0.041304 0.966346 0.082609 0.067308
0 1.0 0.059783 0.967949 0.045652 0.044872
0 1.0 0.095652 0.956731 0.117391 0.086538
0 1.0 0.150000 0.964744 0.086957 0.051282
0 1.0 0.920652 0.871795 0.115217 0.256410
0 1.0 0.959783 0.932692 0.080435 0.134615
0 1.0 0.710870 0.900641 0.121739 0.198718
0 1.0 0.769565 0.903846 0.104348 0.192308
0 1.0 0.815217 0.878205 0.121739 0.243590
0 1.0 0.597826 0.900641 0.117391 0.198718
0 1.0 0.500000 0.887821 0.130435 0.224359
0 1.0 0.539130 0.913462 0.160870 0.147436
0 1.0 0.348913 0.887821 0.102174 0.192308
0 1.0 0.189130 0.902244 0.152174 0.195513
0 1.0 0.030435 0.903846 0.060870 0.192308
0 1.0 0.127174 0.878205 0.154348 0.230769
0 1.0 0.880435 0.814103 0.095652 0.198718
0 1.0 0.953261 0.889423 0.050000 0.086538
0 1.0 0.932609 0.868590 0.134783 0.108974
0 1.0 0.961957 0.879808 0.028261 0.067308
0 1.0 0.775000 0.841346 0.067391 0.144231
0 1.0 0.768478 0.871795 0.341304 0.141026
0 1.0 0.827174 0.847756 0.063043 0.137821
0 1.0 0.863043 0.883013 0.078261 0.092949
0 1.0 0.817391 0.875000 0.169565 0.108974
0 1.0 0.597826 0.836538 0.082609 0.160256
0 1.0 0.601087 0.876603 0.310870 0.144231
0 1.0 0.667391 0.838141 0.069565 0.131410
0 1.0 0.717391 0.838141 0.073913 0.137821
0 1.0 0.448913 0.801282 0.050000 0.102564
0 1.0 0.476087 0.839744 0.265217 0.275641
0 1.0 0.552174 0.860577 0.095652 0.176282
0 1.0 0.351087 0.810897 0.093478 0.141026
0 1.0 0.341304 0.871795 0.352174 0.141026
0 1.0 0.352174 0.786859 0.047826 0.092949
0 1.0 0.404348 0.828526 0.117391 0.195513
0 1.0 0.451087 0.826923 0.141304 0.224359
0 1.0 0.191304 0.833333 0.086957 0.153846
0 1.0 0.261957 0.876603 0.136957 0.118590
0 1.0 0.238043 0.820513 0.063043 0.108974
0 1.0 0.284783 0.807692 0.086957 0.121795
0 1.0 0.286957 0.786859 0.043478 0.080128
0 1.0 0.028261 0.850962 0.043478 0.189103
0 1.0 0.131522 0.871795 0.093478 0.134615
0 1.0 0.076087 0.820513 0.152174 0.275641
0 1.0 0.123913 0.804487 0.086957 0.211538
0 1.0 0.885870 0.804487 0.228261 0.301282
0 1.0 0.872826 0.810897 0.254348 0.134615
0 1.0 0.952174 0.834936 0.082609 0.182692
0 1.0 0.045652 0.875000 0.047826 0.076923
0 1.0 0.765217 0.796474 0.152174 0.310897
0 1.0 0.844565 0.815705 0.076087 0.099359
0 1.0 0.601087 0.790064 0.145652 0.400641
0 1.0 0.656522 0.807692 0.204348 0.262821
0 1.0 0.640217 0.814103 0.310870 0.134615
0 1.0 0.710870 0.794872 0.143478 0.371795
0 1.0 0.772826 0.798077 0.323913 0.333333
0 1.0 0.769565 0.812500 0.234783 0.157051
0 1.0 0.492391 0.814103 0.323913 0.134615
0 1.0 0.548913 0.807692 0.210870 0.275641
0 1.0 0.548913 0.815705 0.145652 0.137821
0 1.0 0.339130 0.782051 0.169565 0.250000
0 1.0 0.294565 0.812500 0.328261 0.125000
0 1.0 0.489130 0.825321 0.095652 0.086538
0 1.0 0.188043 0.798077 0.128261 0.346154
0 1.0 0.241304 0.802885 0.186957 0.201923
0 1.0 0.292391 0.817308 0.041304 0.070513
0 1.0 0.263043 0.815705 0.043478 0.060897
0 1.0 0.169565 0.822115 0.034783 0.086538
0 1.0 0.125000 0.814103 0.206522 0.128205
0 1.0 0.196739 0.820513 0.036957 0.089744
0 1.0 0.939130 0.767628 0.121739 0.189103
0 1.0 0.961957 0.764423 0.050000 0.169872
0 1.0 0.071739 0.823718 0.030435 0.064103
0 1.0 0.038043 0.796474 0.076087 0.336538
0 1.0 0.052174 0.815705 0.104348 0.080128
0 1.0 0.830435 0.761218 0.282609 0.176282
0 1.0 0.821739 0.751603 0.139130 0.233974
0 1.0 0.878261 0.753205 0.139130 0.269231
0 1.0 0.664130 0.762821 0.150000 0.147436
0 1.0 0.721739 0.766026 0.130435 0.134615
0 1.0 0.498913 0.758013 0.297826 0.150641
0 1.0 0.591304 0.756410 0.204348 0.179487
0 1.0 0.393478 0.737179 0.200000 0.217949
0 1.0 0.406522 0.762821 0.130435 0.134615
0 1.0 0.479348 0.762821 0.102174 0.108974
0 1.0 0.228261 0.735577 0.130435 0.259615
0 1.0 0.276087 0.772436 0.039130 0.076923
0 1.0 0.283696 0.725962 0.158696 0.259615
0 1.0 0.117391 0.766026 0.234783 0.121795
0 1.0 0.192391 0.778846 0.045652 0.089744
0 1.0 0.121739 0.766026 0.156522 0.339744
0 1.0 0.195652 0.751603 0.100000 0.163462
0 1.0 0.921739 0.727564 0.121739 0.333333
0 1.0 0.919565 0.711538 0.160870 0.147436
0 1.0 0.953261 0.714744 0.080435 0.224359
0 1.0 0.068478 0.769231 0.032609 0.057692
0 1.0 0.054348 0.761218 0.108696 0.080128
0 1.0 0.164130 0.777244 0.041304 0.080128
0 1.0 0.857609 0.716346 0.132609 0.118590
0 1.0 0.641304 0.698718 0.317391 0.147436
0 1.0 0.657609 0.709936 0.123913 0.310897
0 1.0 0.714130 0.698718 0.193478 0.224359
0 1.0 0.770652 0.701923 0.328261 0.134615
0 1.0 0.761957 0.695513 0.115217 0.294872
0 1.0 0.496739 0.711538 0.150000 0.333333
0 1.0 0.544565 0.705128 0.215217 0.173077
0 1.0 0.473913 0.717949 0.113043 0.128205
0 1.0 0.279348 0.708333 0.280435 0.153846
0 1.0 0.297826 0.717949 0.073913 0.115385
0 1.0 0.072826 0.714744 0.123913 0.378205
0 1.0 0.171739 0.714744 0.091304 0.128205
0 1.0 0.155435 0.708333 0.219565 0.128205
0 1.0 0.932609 0.653846 0.134783 0.134615
0 1.0 0.050000 0.700321 0.100000 0.221154
0 1.0 0.055435 0.714744 0.041304 0.070513
0 1.0 0.053261 0.708333 0.106522 0.083333
0 1.0 0.820652 0.658654 0.093478 0.195513
0 1.0 0.846739 0.661859 0.097826 0.099359
0 1.0 0.876087 0.652244 0.126087 0.240385
0 1.0 0.716304 0.645833 0.128261 0.221154
0 1.0 0.711957 0.650641 0.310870 0.128205
0 1.0 0.554348 0.658654 0.304348 0.137821
0 1.0 0.556522 0.650641 0.130435 0.320513
0 1.0 0.596739 0.658654 0.123913 0.240385
0 1.0 0.397826 0.658654 0.147826 0.310897
0 1.0 0.358696 0.650641 0.365217 0.153846
0 1.0 0.479348 0.660256 0.106522 0.121795
0 1.0 0.298913 0.657051 0.115217 0.141026
0 1.0 0.340217 0.668269 0.163043 0.304487
0 1.0 0.160870 0.665064 0.147826 0.144231
0 1.0 0.192391 0.666667 0.154348 0.320513
0 1.0 0.956522 0.605769 0.078261 0.217949
0 1.0 0.953261 0.600962 0.093478 0.099359
0 1.0 0.056522 0.663462 0.039130 0.070513
0 1.0 0.061957 0.657051 0.123913 0.096154
0 1.0 0.865217 0.588141 0.186957 0.233974
0 1.0 0.836957 0.613782 0.065217 0.080128
0 1.0 0.804348 0.612179 0.073913 0.076923
0 1.0 0.920652 0.596154 0.136957 0.326923
0 1.0 0.734783 0.596154 0.113043 0.096154
0 1.0 0.709783 0.596154 0.245652 0.102564
0 1.0 0.763043 0.600962 0.182609 0.195513
0 1.0 0.776087 0.612179 0.073913 0.166667
0 1.0 0.811957 0.605769 0.193478 0.134615
0 1.0 0.548913 0.588141 0.228261 0.099359
0 1.0 0.596739 0.594551 0.197826 0.195513
0 1.0 0.627174 0.589744 0.145652 0.102564
0 1.0 0.693478 0.589744 0.108696 0.089744
0 1.0 0.664130 0.605769 0.084783 0.173077
0 1.0 0.444565 0.599359 0.189130 0.217949
0 1.0 0.500000 0.592949 0.060870 0.076923
0 1.0 0.452174 0.589744 0.260870 0.115385
0 1.0 0.501087 0.580128 0.236957 0.320513
0 1.0 0.582609 0.589744 0.086957 0.089744
0 1.0 0.306522 0.594551 0.095652 0.105769
0 1.0 0.289130 0.626603 0.200000 0.259615
0 1.0 0.276087 0.589744 0.282609 0.141026
0 1.0 0.410870 0.588141 0.095652 0.105769
0 1.0 0.168478 0.596154 0.241304 0.108974
0 1.0 0.138043 0.629808 0.097826 0.304487
0 1.0 0.960870 0.544872 0.052174 0.217949
0 1.0 0.050000 0.592949 0.100000 0.217949
0 1.0 0.071739 0.599359 0.030435 0.057692
0 1.0 0.055435 0.597756 0.110870 0.080128
0 1.0 0.146739 0.596154 0.067391 0.089744
0 1.0 0.138043 0.599359 0.184783 0.224359
0 1.0 0.827174 0.560897 0.084783 0.108974
0 1.0 0.897826 0.556090 0.204348 0.131410
0 1.0 0.953261 0.551282 0.093478 0.102564
0 1.0 0.711957 0.564103 0.089130 0.179487
0 1.0 0.706522 0.549679 0.304348 0.118590
0 1.0 0.818478 0.548077 0.084783 0.243590
0 1.0 0.547826 0.520833 0.130435 0.317308
0 1.0 0.600000 0.543269 0.086957 0.201923
0 1.0 0.707609 0.560897 0.184783 0.205128
0 1.0 0.479348 0.556090 0.123913 0.112179
0 1.0 0.441304 0.538462 0.069565 0.173077
0 1.0 0.500000 0.495192 0.143478 0.317308
0 1.0 0.511957 0.548077 0.284783 0.128205
0 1.0 0.289130 0.575321 0.117391 0.189103
0 1.0 0.345652 0.565705 0.160870 0.189103
0 1.0 0.396739 0.560897 0.150000 0.160256
0 1.0 0.375000 0.546474 0.284783 0.240385
0 1.0 0.192391 0.538462 0.163043 0.179487
0 1.0 0.214130 0.549679 0.323913 0.118590
0 1.0 0.055435 0.554487 0.041304 0.076923
0 1.0 0.052174 0.549679 0.104348 0.086538
0 1.0 0.123913 0.552885 0.126087 0.131410
0 1.0 0.811957 0.498397 0.071739 0.080128
0 1.0 0.914130 0.488782 0.154348 0.272436
0 1.0 0.898913 0.498397 0.202174 0.125000
0 1.0 0.945652 0.496795 0.108696 0.102564
0 1.0 0.764130 0.496795 0.176087 0.256410
0 1.0 0.755435 0.498397 0.289130 0.131410
0 1.0 0.607609 0.496795 0.258696 0.166667
0 1.0 0.664130 0.516026 0.063043 0.147436
0 1.0 0.477174 0.498397 0.150000 0.086538
0 1.0 0.458696 0.495192 0.095652 0.227564
0 1.0 0.516304 0.480769 0.223913 0.173077
0 1.0 0.322826 0.511218 0.263043 0.131410
0 1.0 0.344565 0.551282 0.071739 0.141026
0 1.0 0.425000 0.501603 0.150000 0.099359
0 1.0 0.393478 0.509615 0.100000 0.237179
0 1.0 0.208696 0.498397 0.300000 0.125000
0 1.0 0.258696 0.514423 0.134783 0.092949
0 1.0 0.043478 0.493590 0.086957 0.314103
0 1.0 0.045652 0.498397 0.091304 0.086538
0 1.0 0.079348 0.496795 0.150000 0.217949
0 1.0 0.156522 0.491987 0.230435 0.278846
0 1.0 0.152174 0.527244 0.078261 0.176282
0 1.0 0.919565 0.442308 0.100000 0.198718
0 1.0 0.897826 0.447115 0.204348 0.131410
0 1.0 0.955435 0.466346 0.071739 0.214744
0 1.0 0.968478 0.443910 0.063043 0.086538
0 1.0 0.773913 0.467949 0.060870 0.179487
0 1.0 0.777174 0.445513 0.167391 0.108974
0 1.0 0.767391 0.463141 0.091304 0.278846
0 1.0 0.823913 0.448718 0.173913 0.256410
0 1.0 0.827174 0.458333 0.080435 0.230769
0 1.0 0.829348 0.447115 0.110870 0.118590
0 1.0 0.835870 0.445513 0.028261 0.051282
0 1.0 0.593478 0.464744 0.065217 0.173077
0 1.0 0.614130 0.440705 0.202174 0.118590
0 1.0 0.661957 0.456731 0.176087 0.208333
0 1.0 0.679348 0.447115 0.171739 0.105769
0 1.0 0.706522 0.439103 0.230435 0.307692
0 1.0 0.715217 0.474359 0.069565 0.166667
0 1.0 0.461957 0.451923 0.063043 0.128205
0 1.0 0.290217 0.443910 0.219565 0.112179
0 1.0 0.331522 0.488782 0.115217 0.144231
0 1.0 0.331522 0.447115 0.023913 0.041667
0 1.0 0.334783 0.511218 0.065217 0.112179
0 1.0 0.408696 0.447115 0.186957 0.201923
0 1.0 0.428261 0.434295 0.304348 0.118590
0 1.0 0.508696 0.437500 0.052174 0.067308
0 1.0 0.186957 0.474359 0.126087 0.211538
0 1.0 0.217391 0.451923 0.091304 0.076923
0 1.0 0.238043 0.469551 0.163043 0.176282
0 1.0 0.254348 0.448718 0.073913 0.070513
0 1.0 0.304348 0.479167 0.069565 0.099359
0 1.0 0.083696 0.453526 0.089130 0.144231
0 1.0 0.113043 0.443910 0.226087 0.157051
0 1.0 0.070652 0.479167 0.041304 0.144231
0 1.0 0.153261 0.448718 0.058696 0.070513
0 1.0 0.154348 0.498397 0.047826 0.112179
0 1.0 0.201087 0.477564 0.067391 0.115385
0 1.0 0.909783 0.389423 0.180435 0.176282
0 1.0 0.046739 0.440705 0.076087 0.157051
0 1.0 0.065217 0.448718 0.026087 0.051282
0 1.0 0.767391 0.387821 0.300000 0.134615
0 1.0 0.865217 0.395833 0.169565 0.253205
0 1.0 0.842391 0.391026 0.115217 0.147436
0 1.0 0.597826 0.415064 0.100000 0.291667
0 1.0 0.657609 0.394231 0.254348 0.179487
0 1.0 0.658696 0.435897 0.060870 0.153846
0 1.0 0.710870 0.434295 0.104348 0.259615
0 1.0 0.498913 0.395833 0.193478 0.221154
0 1.0 0.553261 0.413462 0.128261 0.217949
0 1.0 0.368478 0.392628 0.328261 0.137821
0 1.0 0.404348 0.415064 0.108696 0.176282
0 1.0 0.246739 0.400641 0.254348 0.173077
0 1.0 0.228261 0.451923 0.078261 0.147436
0 1.0 0.293478 0.402244 0.117391 0.118590
0 1.0 0.352174 0.410256 0.165217 0.185897
0 1.0 0.155435 0.400641 0.180435 0.147436
0 1.0 0.141304 0.451923 0.091304 0.243590
0 1.0 0.946739 0.354167 0.106522 0.169872
0 1.0 0.950000 0.373397 0.056522 0.144231
0 1.0 0.963043 0.365385 0.030435 0.102564
0 1.0 0.058696 0.395833 0.117391 0.298077
0 1.0 0.032609 0.405449 0.065217 0.099359
0 1.0 0.063043 0.395833 0.126087 0.105769
0 1.0 0.822826 0.352564 0.176087 0.211538
0 1.0 0.810870 0.362179 0.073913 0.211538
0 1.0 0.851087 0.339744 0.145652 0.108974
0 1.0 0.653261 0.383013 0.054348 0.125000
0 1.0 0.666304 0.339744 0.289130 0.121795
0 1.0 0.717391 0.389423 0.069565 0.150641
0 1.0 0.778261 0.386218 0.060870 0.163462
0 1.0 0.508696 0.349359 0.295652 0.121795
0 1.0 0.496739 0.397436 0.093478 0.179487
0 1.0 0.592391 0.360577 0.167391 0.221154
0 1.0 0.598913 0.378205 0.063043 0.166667
0 1.0 0.343478 0.405449 0.043478 0.092949
0 1.0 0.410870 0.366987 0.160870 0.169872
0 1.0 0.452174 0.358974 0.030435 0.057692
0 1.0 0.260870 0.342949 0.247826 0.121795
0 1.0 0.315217 0.375000 0.052174 0.089744
0 1.0 0.363043 0.373397 0.086957 0.112179
0 1.0 0.351087 0.346154 0.232609 0.115385
0 1.0 0.065217 0.381410 0.052174 0.166667
0 1.0 0.105435 0.347756 0.184783 0.112179
0 1.0 0.145652 0.400641 0.052174 0.128205
0 1.0 0.210870 0.376603 0.060870 0.099359
0 1.0 0.193478 0.434295 0.056522 0.137821
0 1.0 0.960870 0.298077 0.078261 0.128205
0 1.0 0.955435 0.310897 0.041304 0.096154
0 1.0 0.040217 0.346154 0.080435 0.128205
0 1.0 0.823913 0.309295 0.026087 0.054487
0 1.0 0.883696 0.296474 0.141304 0.150641
0 1.0 0.863043 0.296474 0.113043 0.092949
0 1.0 0.885870 0.282051 0.032609 0.057692
0 1.0 0.851087 0.286859 0.063043 0.060897
0 1.0 0.932609 0.291667 0.091304 0.147436
0 1.0 0.663043 0.307692 0.026087 0.057692
0 1.0 0.671739 0.290064 0.191304 0.099359
0 1.0 0.655435 0.325321 0.058696 0.144231
0 1.0 0.720652 0.309295 0.115217 0.131410
0 1.0 0.729348 0.314103 0.028261 0.051282
0 1.0 0.776087 0.306090 0.126087 0.150641
0 1.0 0.767391 0.294872 0.300000 0.147436
0 1.0 0.792391 0.323718 0.023913 0.057692
0 1.0 0.830435 0.301282 0.126087 0.134615
0 1.0 0.572826 0.318910 0.110870 0.144231
0 1.0 0.566304 0.299679 0.223913 0.137821
0 1.0 0.560870 0.328526 0.060870 0.099359
0 1.0 0.613043 0.307692 0.100000 0.134615
0 1.0 0.594565 0.306090 0.250000 0.278846
0 1.0 0.609783 0.323718 0.032609 0.076923
0 1.0 0.409783 0.296474 0.223913 0.131410
0 1.0 0.404348 0.326923 0.082609 0.128205
0 1.0 0.481522 0.325321 0.067391 0.105769
0 1.0 0.447826 0.328526 0.130435 0.182692
0 1.0 0.515217 0.296474 0.056522 0.060897
0 1.0 0.451087 0.357372 0.067391 0.137821
0 1.0 0.502174 0.325321 0.147826 0.169872
0 1.0 0.498913 0.307692 0.228261 0.275641
0 1.0 0.234783 0.342949 0.039130 0.064103
0 1.0 0.267391 0.290064 0.160870 0.099359
0 1.0 0.227174 0.357372 0.084783 0.157051
0 1.0 0.320652 0.322115 0.032609 0.054487
0 1.0 0.289130 0.294872 0.252174 0.262821
0 1.0 0.292391 0.326923 0.093478 0.134615
0 1.0 0.369565 0.314103 0.060870 0.083333
0 1.0 0.344565 0.320513 0.080435 0.115385
0 1.0 0.406522 0.298077 0.069565 0.064103
0 1.0 0.058696 0.282051 0.091304 0.346154
0 1.0 0.148913 0.294872 0.123913 0.153846
0 1.0 0.151087 0.301282 0.036957 0.096154
0 1.0 0.168478 0.290064 0.132609 0.080128
0 1.0 0.222826 0.315705 0.036957 0.067308
0 1.0 0.194565 0.323718 0.110870 0.173077
0 1.0 0.251087 0.294872 0.245652 0.147436
0 1.0 0.943478 0.237179 0.113043 0.128205
0 1.0 0.044565 0.277244 0.089130 0.195513
0 1.0 0.033696 0.286859 0.067391 0.099359
0 1.0 0.084783 0.280449 0.121739 0.176282
0 1.0 0.060870 0.264423 0.039130 0.125000
0 1.0 0.822826 0.266026 0.050000 0.102564
0 1.0 0.875000 0.243590 0.084783 0.076923
0 1.0 0.709783 0.240385 0.189130 0.173077
0 1.0 0.719565 0.262821 0.043478 0.083333
0 1.0 0.728261 0.235577 0.317391 0.105769
0 1.0 0.783696 0.262821 0.050000 0.115385
0 1.0 0.592391 0.240385 0.136957 0.108974
0 1.0 0.657609 0.270833 0.041304 0.086538
0 1.0 0.394565 0.246795 0.123913 0.211538
0 1.0 0.421739 0.238782 0.282609 0.118590
0 1.0 0.504348 0.243590 0.060870 0.083333
0 1.0 0.233696 0.272436 0.110870 0.262821
0 1.0 0.302174 0.258013 0.104348 0.137821
0 1.0 0.297826 0.258013 0.034783 0.054487
0 1.0 0.247826 0.246795 0.230435 0.102564
0 1.0 0.342391 0.264423 0.115217 0.169872
0 1.0 0.153261 0.238782 0.141304 0.131410
0 1.0 0.190217 0.285256 0.067391 0.198718
0 1.0 0.236957 0.266026 0.082609 0.153846
0 1.0 0.939130 0.185897 0.121739 0.096154
0 1.0 0.964130 0.235577 0.041304 0.118590
0 1.0 0.030435 0.241987 0.060870 0.099359
0 1.0 0.809783 0.192308 0.102174 0.230769
0 1.0 0.876087 0.174679 0.178261 0.176282
0 1.0 0.861957 0.192308 0.110870 0.089744
0 1.0 0.710870 0.200321 0.082609 0.131410
0 1.0 0.778261 0.189103 0.091304 0.173077
0 1.0 0.108696 0.038462 0.113043 0.076923
0 1.0 0.144565 0.059295 0.123913 0.118590
0 1.0 0.843478 0.181090 0.204348 0.362179
0 1.0 0.895652 0.251603 0.208696 0.375000