0 1.0 0.518711 0.568750 0.962578 0.721875
0 1.0 0.713098 0.604688 0.108108 0.190625
0 1.0 0.752599 0.581250 0.257796 0.290625
0 1.0 0.494802 0.614844 0.178794 0.257812
0 1.0 0.696466 0.610938 0.295218 0.103125
0 1.0 0.562370 0.597656 0.251559 0.360938
0 1.0 0.520790 0.606250 0.247401 0.112500
0 1.0 0.544699 0.614844 0.074844 0.082812
0 1.0 0.777547 0.617188 0.083160 0.075000
0 1.0 0.665281 0.620313 0.091476 0.193750
0 1.0 0.690229 0.617188 0.095634 0.078125
0 1.0 0.729730 0.614062 0.095634 0.078125
0 1.0 0.599792 0.625000 0.093555 0.159375
0 1.0 0.642412 0.614844 0.112266 0.092188
0 1.0 0.600832 0.600781 0.199584 0.207813
0 1.0 0.584200 0.617969 0.066528 0.073438
0 1.0 0.219335 0.610156 0.255717 0.132812
0 1.0 0.288981 0.635156 0.158004 0.210938
0 1.0 0.275468 0.617188 0.060291 0.084375
0 1.0 0.270270 0.602344 0.291060 0.279687
0 1.0 0.234927 0.632812 0.116424 0.212500
0 1.0 0.755717 0.617188 0.085239 0.168750
0 1.0 0.183992 0.626563 0.101871 0.193750
0 1.0 0.435551 0.635938 0.139293 0.353125
0 1.0 0.505198 0.614062 0.045738 0.078125
0 1.0 0.409563 0.602344 0.282744 0.129688
0 1.0 0.459459 0.609375 0.049896 0.090625
0 1.0 0.347193 0.628906 0.099792 0.232813
0 1.0 0.369023 0.609375 0.101871 0.118750
0 1.0 0.295218 0.669531 0.070686 0.089063
0 1.0 0.226611 0.660156 0.311850 0.148438
0 1.0 0.124740 0.614062 0.133056 0.250000
0 1.0 0.183992 0.657031 0.176715 0.254688
0 1.0 0.478170 0.659375 0.187110 0.115625
0 1.0 0.508316 0.663281 0.047817 0.095312
0 1.0 0.353430 0.663281 0.224532 0.129688
0 1.0 0.343035 0.650000 0.266112 0.306250
0 1.0 0.455301 0.662500 0.058212 0.106250
0 1.0 0.912682 0.597656 0.116424 0.310937
0 1.0 0.866944 0.608594 0.237006 0.123438
0 1.0 0.768191 0.615625 0.047817 0.056250
0 1.0 0.876299 0.607031 0.106029 0.217188
0 1.0 0.173597 0.661719 0.101871 0.095312
0 1.0 0.819127 0.607812 0.099792 0.215625
0 1.0 0.826403 0.623437 0.027027 0.046875
0 1.0 0.075884 0.648438 0.126819 0.328125
0 1.0 0.118503 0.662500 0.237006 0.109375
0 1.0 0.142412 0.667188 0.060291 0.071875
0 1.0 0.028067 0.689063 0.047817 0.162500
0 1.0 0.944906 0.611719 0.110187 0.160938
0 1.0 0.063410 0.671094 0.035343 0.048438
0 1.0 0.050936 0.665625 0.089397 0.125000
0 1.0 0.957380 0.639062 0.035343 0.096875
0 1.0 0.283784 0.553125 0.126819 0.137500
0 1.0 0.222453 0.552344 0.328482 0.151562
0 1.0 0.182952 0.567969 0.162162 0.167187
0 1.0 0.483368 0.547656 0.106029 0.092188
0 1.0 0.415800 0.548438 0.182952 0.115625
0 1.0 0.345114 0.564844 0.145530 0.289062
0 1.0 0.926195 0.499219 0.147609 0.301563
0 1.0 0.944906 0.507031 0.110187 0.170313
0 1.0 0.893971 0.503906 0.212058 0.126562
0 1.0 0.824324 0.505469 0.085239 0.070312
0 1.0 0.866944 0.489063 0.128898 0.331250
0 1.0 0.827443 0.502344 0.120582 0.235937
0 1.0 0.151767 0.546875 0.257796 0.265625
0 1.0 0.119543 0.552344 0.239085 0.126562
0 1.0 0.079002 0.535937 0.137214 0.240625
0 1.0 0.032225 0.561719 0.060291 0.217188
0 1.0 0.065489 0.553906 0.130977 0.095312
0 1.0 0.958420 0.549219 0.045738 0.148438
0 1.0 0.898129 0.557813 0.203742 0.118750
0 1.0 0.817048 0.562500 0.062370 0.062500
0 1.0 0.836798 0.569531 0.085239 0.085938
0 1.0 0.814969 0.557813 0.241164 0.115625
0 1.0 0.143451 0.601562 0.141372 0.112500
0 1.0 0.126819 0.599219 0.079002 0.079687
0 1.0 0.943867 0.580469 0.062370 0.145313
0 1.0 0.058212 0.600781 0.116424 0.067187
0 1.0 0.068607 0.604688 0.045738 0.053125
0 1.0 0.050936 0.602344 0.101871 0.145313
0 1.0 0.607069 0.572656 0.070686 0.123438
0 1.0 0.550936 0.545312 0.141372 0.315625
0 1.0 0.558212 0.551562 0.197505 0.121875
0 1.0 0.756757 0.560156 0.162162 0.182812
0 1.0 0.664241 0.548438 0.218295 0.234375
0 1.0 0.298337 0.784375 0.130977 0.259375
0 1.0 0.247401 0.770312 0.316008 0.140625
0 1.0 0.301455 0.782813 0.074844 0.090625
0 1.0 0.239085 0.775000 0.137214 0.278125
0 1.0 0.814969 0.495312 0.261954 0.168750
0 1.0 0.187110 0.775000 0.108108 0.228125
0 1.0 0.212058 0.767188 0.324324 0.306250
0 1.0 0.504158 0.746094 0.189189 0.235937
0 1.0 0.450104 0.769531 0.305613 0.123438
0 1.0 0.482328 0.773438 0.083160 0.093750
0 1.0 0.434511 0.728906 0.220374 0.323437
0 1.0 0.427235 0.775000 0.085239 0.109375
0 1.0 0.340956 0.775000 0.166320 0.140625
0 1.0 0.957380 0.755469 0.068607 0.151562
0 1.0 0.927235 0.716406 0.145530 0.301563
0 1.0 0.909563 0.709375 0.180873 0.106250
0 1.0 0.129938 0.781250 0.114345 0.240625
0 1.0 0.877339 0.700000 0.133056 0.371875
0 1.0 0.785863 0.714063 0.041580 0.050000
0 1.0 0.849272 0.718750 0.022869 0.040625
0 1.0 0.812890 0.703125 0.116424 0.340625
0 1.0 0.786902 0.706250 0.251559 0.115625
0 1.0 0.178794 0.780469 0.087318 0.085938
0 1.0 0.077963 0.787500 0.101871 0.212500
0 1.0 0.130977 0.771094 0.170478 0.089063
0 1.0 0.956341 0.710156 0.087318 0.089063
0 1.0 0.114345 0.767188 0.228690 0.284375
0 1.0 0.028067 0.815625 0.043659 0.125000
0 1.0 0.062370 0.769531 0.095634 0.060937
0 1.0 0.076923 0.780469 0.029106 0.045312
0 1.0 0.153846 0.779687 0.054054 0.068750
0 1.0 0.955301 0.808594 0.068607 0.135937
0 1.0 0.903326 0.766406 0.193347 0.117188
0 1.0 0.790021 0.772656 0.083160 0.070312
0 1.0 0.850312 0.785937 0.033264 0.053125
0 1.0 0.857588 0.788281 0.251559 0.354687
0 1.0 0.164241 0.821875 0.328482 0.121875
0 1.0 0.178794 0.828906 0.099792 0.089063
0 1.0 0.151767 0.830469 0.058212 0.067187
0 1.0 0.023909 0.874219 0.047817 0.129688
0 1.0 0.062370 0.824219 0.099792 0.060937
0 1.0 0.081081 0.834375 0.029106 0.043750
0 1.0 0.637214 0.764844 0.280665 0.307812
0 1.0 0.610187 0.764844 0.288981 0.151562
0 1.0 0.774428 0.768750 0.264033 0.140625
0 1.0 0.576923 0.771094 0.126819 0.123438
0 1.0 0.527027 0.767969 0.122661 0.114062
0 1.0 0.747401 0.759375 0.110187 0.346875
0 1.0 0.749480 0.779687 0.076923 0.093750
0 1.0 0.694387 0.775781 0.141372 0.120313
0 1.0 0.661123 0.737500 0.137214 0.275000
0 1.0 0.885655 0.656250 0.228690 0.121875
0 1.0 0.786902 0.665625 0.043659 0.056250
0 1.0 0.844075 0.670312 0.024948 0.046875
0 1.0 0.176715 0.720313 0.079002 0.075000
0 1.0 0.112266 0.714844 0.191268 0.085938
0 1.0 0.137214 0.722656 0.058212 0.064062
0 1.0 0.029106 0.757031 0.045738 0.151562
0 1.0 0.053015 0.716406 0.093555 0.057813
0 1.0 0.066528 0.724219 0.033264 0.045312
0 1.0 0.962578 0.710156 0.045738 0.126562
0 1.0 0.953222 0.655469 0.093555 0.098437
0 1.0 0.661123 0.658594 0.182952 0.179688
0 1.0 0.594595 0.663281 0.133056 0.264062
0 1.0 0.647609 0.665625 0.106029 0.112500
0 1.0 0.608108 0.664844 0.060291 0.101562
0 1.0 0.547817 0.667188 0.068607 0.106250
0 1.0 0.588358 0.662500 0.220374 0.125000
0 1.0 0.817048 0.650781 0.245322 0.270313
0 1.0 0.718295 0.659375 0.272349 0.118750
0 1.0 0.645530 0.636719 0.284823 0.329688
0 1.0 0.610187 0.707812 0.293139 0.156250
0 1.0 0.590437 0.710938 0.108108 0.128125
0 1.0 0.532225 0.706250 0.112266 0.131250
0 1.0 0.547817 0.697656 0.151767 0.273438
0 1.0 0.814969 0.707812 0.108108 0.106250
0 1.0 0.754678 0.708594 0.083160 0.085938
0 1.0 0.750520 0.712500 0.261954 0.306250
0 1.0 0.711019 0.709375 0.120582 0.250000
0 1.0 0.683992 0.710938 0.166320 0.125000
0 1.0 0.264033 0.710156 0.316008 0.117188
0 1.0 0.317048 0.715625 0.064449 0.068750
0 1.0 0.231809 0.710938 0.126819 0.096875
0 1.0 0.470894 0.711719 0.201663 0.117188
0 1.0 0.494802 0.710938 0.074844 0.103125
0 1.0 0.439709 0.710156 0.085239 0.114062
0 1.0 0.346154 0.713281 0.143451 0.117188
0 1.0 0.333680 0.720313 0.197505 0.200000
0 1.0 0.322245 0.367969 0.041580 0.073438
0 1.0 0.231809 0.372656 0.110187 0.220312
0 1.0 0.260915 0.346875 0.218295 0.115625
0 1.0 0.235967 0.371875 0.076923 0.137500
0 1.0 0.235967 0.339062 0.305613 0.318750
0 1.0 0.188150 0.378906 0.085239 0.176563
0 1.0 0.182952 0.351562 0.241164 0.137500
0 1.0 0.198545 0.357812 0.064449 0.103125
0 1.0 0.126819 0.372656 0.112266 0.251563
0 1.0 0.135135 0.348438 0.237006 0.340625
0 1.0 0.479210 0.346094 0.243243 0.301563
0 1.0 0.482328 0.367969 0.095634 0.167187
0 1.0 0.399168 0.360156 0.099792 0.279687
0 1.0 0.418919 0.342969 0.176715 0.114062
0 1.0 0.345114 0.353906 0.116424 0.170313
0 1.0 0.338877 0.346094 0.232848 0.301563
0 1.0 0.372141 0.366406 0.066528 0.107813
0 1.0 0.283784 0.360156 0.047817 0.098437
0 1.0 0.277547 0.351562 0.122661 0.178125
0 1.0 0.348233 0.366406 0.056133 0.126562
0 1.0 0.896050 0.289062 0.207900 0.109375
0 1.0 0.913721 0.281250 0.122661 0.168750
0 1.0 0.891892 0.303125 0.216216 0.275000
0 1.0 0.879418 0.289844 0.074844 0.057813
0 1.0 0.884615 0.275781 0.035343 0.064062
0 1.0 0.818087 0.310156 0.143451 0.310937
0 1.0 0.814969 0.279687 0.182952 0.109375
0 1.0 0.821206 0.273438 0.070686 0.112500
0 1.0 0.809771 0.284375 0.272349 0.171875
0 1.0 0.769231 0.325781 0.128898 0.245312
0 1.0 0.070686 0.372656 0.116424 0.323437
0 1.0 0.130977 0.339844 0.137214 0.095312
0 1.0 0.023909 0.357031 0.047817 0.195312
0 1.0 0.053015 0.339844 0.093555 0.070312
0 1.0 0.050936 0.350781 0.089397 0.164062
0 1.0 0.960499 0.310156 0.033264 0.073438
0 1.0 0.951143 0.287500 0.097713 0.081250
0 1.0 0.952183 0.291406 0.041580 0.060937
0 1.0 0.867983 0.328906 0.097713 0.220312
0 1.0 0.832640 0.337500 0.205821 0.115625
0 1.0 0.115385 0.393750 0.164241 0.103125
0 1.0 0.036383 0.412500 0.072765 0.284375
0 1.0 0.936590 0.348438 0.126819 0.168750
0 1.0 0.036383 0.401562 0.072765 0.090625
0 1.0 0.961538 0.337500 0.027027 0.062500
0 1.0 0.948025 0.361719 0.070686 0.126562
0 1.0 0.589397 0.354687 0.268191 0.206250
0 1.0 0.450104 0.338281 0.031185 0.085938
0 1.0 0.450104 0.351562 0.114345 0.225000
0 1.0 0.769231 0.339844 0.278586 0.185938
0 1.0 0.704782 0.372656 0.112266 0.242188
0 1.0 0.661123 0.378906 0.124740 0.264062
0 1.0 0.712058 0.341406 0.322245 0.310937
0 1.0 0.833680 0.245312 0.187110 0.087500
0 1.0 0.820166 0.243750 0.106029 0.146875
0 1.0 0.758836 0.237500 0.311850 0.140625
0 1.0 0.130977 0.288281 0.149688 0.098437
0 1.0 0.072765 0.286719 0.041580 0.092188
0 1.0 0.096674 0.290625 0.147609 0.196875
0 1.0 0.057173 0.290625 0.097713 0.068750
0 1.0 0.035343 0.296875 0.070686 0.193750
0 1.0 0.943867 0.238281 0.112266 0.095312
0 1.0 0.076923 0.063281 0.062370 0.120313
0 1.0 0.118503 0.026562 0.079002 0.053125
0 1.0 0.097713 0.080469 0.195426 0.160938
0 1.0 0.024948 0.060156 0.041580 0.101562
0 1.0 0.062370 0.026562 0.058212 0.050000
0 1.0 0.043659 0.034375 0.087318 0.068750
0 1.0 0.796258 0.641406 0.390852 0.717187
0 1.0 0.273389 0.532031 0.488565 0.935937
0 1.0 0.186071 0.078906 0.234927 0.157812
0 1.0 0.704782 0.254688 0.120582 0.306250
0 1.0 0.141372 0.058594 0.124740 0.117188
0 1.0 0.660083 0.260937 0.118503 0.278125
0 1.0 0.654886 0.237500 0.278586 0.162500
0 1.0 0.196466 0.060156 0.076923 0.085938
0 1.0 0.561331 0.300000 0.174636 0.100000
0 1.0 0.500000 0.324219 0.106029 0.173437
0 1.0 0.446985 0.342187 0.062370 0.171875
0 1.0 0.545738 0.297656 0.027027 0.048438
0 1.0 0.779626 0.299219 0.062370 0.098437
0 1.0 0.709979 0.286719 0.284823 0.132812
0 1.0 0.708940 0.285938 0.049896 0.096875
0 1.0 0.601871 0.321875 0.064449 0.121875
0 1.0 0.669439 0.303906 0.074844 0.145313
0 1.0 0.604990 0.332813 0.124740 0.259375
0 1.0 0.232848 0.319531 0.083160 0.151562
0 1.0 0.239085 0.286719 0.212058 0.114062
0 1.0 0.239085 0.317188 0.041580 0.068750
0 1.0 0.186071 0.282813 0.101871 0.175000
0 1.0 0.487526 0.292969 0.189189 0.129688
0 1.0 0.213098 0.300781 0.027027 0.054688
0 1.0 0.135135 0.285938 0.062370 0.106250
0 1.0 0.502079 0.315625 0.039501 0.071875
0 1.0 0.396050 0.278906 0.085239 0.217188
0 1.0 0.439709 0.290625 0.085239 0.096875
0 1.0 0.398129 0.279687 0.226611 0.306250
0 1.0 0.345114 0.285156 0.066528 0.126562
0 1.0 0.329522 0.305469 0.022869 0.048438
0 1.0 0.382536 0.301563 0.045738 0.084375
0 1.0 0.290021 0.307812 0.081081 0.153125
0 1.0 0.297297 0.296094 0.166320 0.092188
0 1.0 0.410603 0.293750 0.035343 0.053125
0 1.0 0.899168 0.449219 0.201663 0.126562
0 1.0 0.922037 0.437500 0.097713 0.168750
0 1.0 0.810811 0.446875 0.162162 0.106250
0 1.0 0.783784 0.444531 0.295218 0.142187
0 1.0 0.817048 0.446875 0.041580 0.053125
0 1.0 0.112266 0.503125 0.220374 0.109375
0 1.0 0.049896 0.500000 0.099792 0.081250
0 1.0 0.956341 0.483594 0.037422 0.107813
0 1.0 0.970894 0.446875 0.058212 0.084375
0 1.0 0.622661 0.438281 0.151767 0.117188
0 1.0 0.601871 0.428906 0.276507 0.185938
0 1.0 0.543659 0.428125 0.151767 0.259375
0 1.0 0.594595 0.434375 0.083160 0.090625
0 1.0 0.534304 0.444531 0.153846 0.107813
0 1.0 0.453222 0.467969 0.054054 0.132812
0 1.0 0.759875 0.453125 0.118503 0.268750
0 1.0 0.706861 0.464844 0.108108 0.220312
0 1.0 0.601871 0.496094 0.101871 0.207813
0 1.0 0.639293 0.495312 0.160083 0.103125
0 1.0 0.612266 0.491406 0.272349 0.160938
0 1.0 0.559252 0.445312 0.266112 0.375000
0 1.0 0.493763 0.502344 0.126819 0.345313
0 1.0 0.542620 0.502344 0.116424 0.089063
0 1.0 0.524948 0.499219 0.193347 0.132812
0 1.0 0.667360 0.489844 0.099792 0.254688
0 1.0 0.708940 0.495312 0.316008 0.125000
0 1.0 0.259875 0.492188 0.207900 0.146875
0 1.0 0.231809 0.517969 0.114345 0.273438
0 1.0 0.444906 0.546094 0.087318 0.235937
0 1.0 0.124740 0.521094 0.124740 0.242188
0 1.0 0.402287 0.521094 0.101871 0.304688
0 1.0 0.409563 0.500781 0.182952 0.101562
0 1.0 0.348233 0.517969 0.072765 0.217188
0 1.0 0.329522 0.510938 0.259875 0.312500
0 1.0 0.583160 0.385937 0.164241 0.137500
0 1.0 0.537422 0.453906 0.027027 0.045312
0 1.0 0.514553 0.395313 0.110187 0.096875
0 1.0 0.767152 0.396094 0.187110 0.207813
0 1.0 0.715177 0.399219 0.191268 0.142187
0 1.0 0.308732 0.408594 0.089397 0.123438
0 1.0 0.251559 0.393750 0.257796 0.115625
0 1.0 0.231809 0.429688 0.068607 0.131250
0 1.0 0.187110 0.414844 0.145530 0.220312
0 1.0 0.428274 0.393750 0.087318 0.084375
0 1.0 0.356549 0.396094 0.180873 0.101562
0 1.0 0.283784 0.418750 0.106029 0.221875
0 1.0 0.312890 0.468750 0.064449 0.093750
0 1.0 0.267152 0.445312 0.114345 0.081250
0 1.0 0.233888 0.476562 0.089397 0.156250
0 1.0 0.246362 0.445312 0.264033 0.137500
0 1.0 0.188150 0.493750 0.085239 0.159375
0 1.0 0.198545 0.451562 0.081081 0.068750
0 1.0 0.187110 0.457813 0.291060 0.306250
0 1.0 0.170478 0.447656 0.095634 0.082812
0 1.0 0.454262 0.462500 0.106029 0.193750
0 1.0 0.400208 0.452344 0.205821 0.101562
0 1.0 0.350312 0.453125 0.022869 0.037500
0 1.0 0.346154 0.459375 0.122661 0.203125
0 1.0 0.310811 0.449219 0.201663 0.104688
0 1.0 0.370062 0.463281 0.079002 0.114062
0 1.0 0.284823 0.468750 0.058212 0.131250
0 1.0 0.388773 0.442188 0.207900 0.306250
0 1.0 0.884615 0.386719 0.230769 0.139063
0 1.0 0.844075 0.400781 0.228690 0.335938
0 1.0 0.130977 0.449219 0.079002 0.067187
0 1.0 0.079002 0.469531 0.099792 0.223438
0 1.0 0.109148 0.454688 0.193347 0.121875
0 1.0 0.097713 0.449219 0.195426 0.317188
0 1.0 0.041580 0.451562 0.083160 0.096875
0 1.0 0.958420 0.446875 0.054054 0.156250
0 1.0 0.062370 0.449219 0.024948 0.042188
0 1.0 0.474012 0.590625 0.382536 0.568750
0 1.0 0.311850 0.643750 0.557173 0.243750
0 1.0 0.408524 0.146875 0.301455 0.246875
0 1.0 0.347193 0.184375 0.074844 0.159375
0 1.0 0.350312 0.129688 0.122661 0.071875
0 1.0 0.343035 0.160938 0.137214 0.190625
0 1.0 0.287942 0.202344 0.047817 0.101562
0 1.0 0.219335 0.138281 0.209979 0.079687
0 1.0 0.287942 0.174219 0.089397 0.120313
0 1.0 0.439709 0.196094 0.051975 0.114062
0 1.0 0.486486 0.125781 0.191268 0.085938
0 1.0 0.434511 0.171094 0.128898 0.176563
0 1.0 0.275468 0.145313 0.031185 0.037500
0 1.0 0.295218 0.145313 0.274428 0.225000
0 1.0 0.230769 0.175000 0.070686 0.175000
0 1.0 0.242204 0.132031 0.106029 0.073438
0 1.0 0.717256 0.650781 0.536383 0.235937
0 1.0 0.645530 0.580469 0.467775 0.657813
0 1.0 0.187110 0.180469 0.058212 0.135937
0 1.0 0.507277 0.178125 0.083160 0.171875
0 1.0 0.514553 0.117969 0.359667 0.123438
0 1.0 0.506237 0.135937 0.226611 0.203125
0 1.0 0.648649 0.543750 0.519751 0.265625
0 1.0 0.660083 0.131250 0.151767 0.240625
0 1.0 0.649688 0.113281 0.272349 0.160938
0 1.0 0.607069 0.140625 0.133056 0.259375
0 1.0 0.396050 0.177344 0.085239 0.195312
0 1.0 0.227651 0.638281 0.426195 0.482812
0 1.0 0.556133 0.165625 0.093555 0.184375
0 1.0 0.837838 0.552344 0.324324 0.210938
0 1.0 0.857588 0.104688 0.247401 0.209375
0 1.0 0.819127 0.115625 0.074844 0.140625
0 1.0 0.807692 0.077344 0.264033 0.126562
0 1.0 0.826403 0.121875 0.051975 0.087500
0 1.0 0.050936 0.134375 0.101871 0.159375
0 1.0 0.970894 0.137500 0.029106 0.062500
0 1.0 0.957380 0.077344 0.085239 0.079687
0 1.0 0.765073 0.115625 0.087318 0.150000
0 1.0 0.704782 0.125000 0.095634 0.178125
0 1.0 0.705821 0.080469 0.259875 0.139063
0 1.0 0.849272 0.086719 0.139293 0.089063
0 1.0 0.873181 0.128125 0.079002 0.153125
0 1.0 0.880457 0.128906 0.051975 0.089063
0 1.0 0.180873 0.153906 0.103950 0.160938
0 1.0 0.449064 0.761719 0.577963 0.239063
0 1.0 0.155925 0.129688 0.120582 0.081250
0 1.0 0.134096 0.160938 0.085239 0.156250
0 1.0 0.127859 0.142187 0.209979 0.275000
0 1.0 0.943867 0.094531 0.112266 0.135937
0 1.0 0.919958 0.128125 0.081081 0.168750
0 1.0 0.065489 0.128906 0.093555 0.070312
0 1.0 0.075884 0.161719 0.101871 0.242188
0 1.0 0.108108 0.129688 0.149688 0.112500
0 1.0 0.034304 0.165625 0.068607 0.284375
0 1.0 0.135135 0.185156 0.182952 0.139063
0 1.0 0.283784 0.188281 0.176715 0.139063
0 1.0 0.324324 0.212500 0.037422 0.059375
0 1.0 0.220374 0.192188 0.187110 0.109375
0 1.0 0.175676 0.203906 0.251559 0.270313
0 1.0 0.197505 0.208594 0.024948 0.048438
0 1.0 0.564449 0.187500 0.222453 0.150000
0 1.0 0.500000 0.236719 0.076923 0.157812
0 1.0 0.486486 0.352344 0.519751 0.248438
0 1.0 0.283784 0.245312 0.060291 0.121875
0 1.0 0.488565 0.210938 0.054054 0.081250
0 1.0 0.820166 0.168750 0.089397 0.171875
0 1.0 0.796258 0.123438 0.295218 0.125000
0 1.0 0.928274 0.142187 0.143451 0.246875
0 1.0 0.761954 0.139844 0.280665 0.251563
0 1.0 0.320166 0.530469 0.419958 0.501563
0 1.0 0.449064 0.553125 0.569647 0.243750
0 1.0 0.071726 0.187500 0.072765 0.059375
0 1.0 0.048857 0.188281 0.076923 0.070312
0 1.0 0.968815 0.205469 0.033264 0.079687
0 1.0 0.962578 0.127344 0.074844 0.073438
0 1.0 0.130977 0.186719 0.112266 0.079687
0 1.0 0.959459 0.184375 0.047817 0.078125
0 1.0 0.706861 0.439844 0.519751 0.267188
0 1.0 0.901247 0.123438 0.197505 0.103125
0 1.0 0.880457 0.171094 0.056133 0.092188
0 1.0 0.826403 0.129688 0.139293 0.084375
0 1.0 0.708940 0.060937 0.149688 0.121875
0 1.0 0.662162 0.078125 0.072765 0.140625
0 1.0 0.663202 0.038281 0.195426 0.076563
0 1.0 0.604990 0.052344 0.249480 0.104688
0 1.0 0.558212 0.053906 0.051975 0.079687
0 1.0 0.576923 0.036719 0.143451 0.073438
0 1.0 0.357588 0.878125 0.715177 0.243750
0 1.0 0.831601 0.056250 0.029106 0.040625
0 1.0 0.792100 0.039844 0.216216 0.079687
0 1.0 0.766112 0.084375 0.060291 0.103125
0 1.0 0.773389 0.064062 0.037422 0.050000
0 1.0 0.505198 0.378906 0.399168 0.557813
0 1.0 0.711019 0.096875 0.058212 0.109375
0 1.0 0.718295 0.076563 0.043659 0.062500
0 1.0 0.822245 0.075781 0.051975 0.092188
0 1.0 0.618503 0.058594 0.068607 0.098437
0 1.0 0.673597 0.352344 0.652807 0.704688
0 1.0 0.300416 0.030469 0.110187 0.060937
0 1.0 0.292100 0.066406 0.064449 0.082812
0 1.0 0.162162 0.028906 0.108108 0.057813
0 1.0 0.138254 0.075781 0.056133 0.120313
0 1.0 0.671518 0.805469 0.656965 0.389062
0 1.0 0.302495 0.076563 0.239085 0.153125
0 1.0 0.244283 0.068750 0.047817 0.081250
0 1.0 0.248441 0.041406 0.201663 0.082812
0 1.0 0.189189 0.090625 0.045738 0.100000
0 1.0 0.212058 0.028906 0.099792 0.057813
0 1.0 0.504158 0.066406 0.064449 0.082812
0 1.0 0.508316 0.047656 0.268191 0.095312
0 1.0 0.439709 0.062500 0.027027 0.043750
0 1.0 0.514553 0.029687 0.056133 0.053125
0 1.0 0.434511 0.060937 0.066528 0.071875
0 1.0 0.455301 0.076563 0.291060 0.153125
0 1.0 0.469854 0.052344 0.099792 0.092188
0 1.0 0.498960 0.201563 0.997921 0.390625
0 1.0 0.397089 0.066406 0.066528 0.114062
0 1.0 0.415800 0.032031 0.224532 0.064062
0 1.0 0.401247 0.053906 0.128898 0.107813
0 1.0 0.347193 0.068750 0.054054 0.087500
0 1.0 0.337838 0.027344 0.047817 0.048438
0 1.0 0.288981 0.088281 0.041580 0.076563
0 1.0 0.294179 0.094531 0.031185 0.032813
0 1.0 0.303534 0.101562 0.095634 0.096875
0 1.0 0.219335 0.916406 0.438669 0.167187
0 1.0 0.323285 0.317969 0.629938 0.398438
0 1.0 0.464657 0.085156 0.139293 0.114062
0 1.0 0.783784 0.836719 0.432432 0.214062
0 1.0 0.434511 0.146875 0.049896 0.115625
0 1.0 0.182952 0.100000 0.103950 0.121875
0 1.0 0.344075 0.128125 0.068607 0.128125
0 1.0 0.384615 0.078906 0.108108 0.064062
0 1.0 0.285863 0.146875 0.051975 0.103125
0 1.0 0.254678 0.085938 0.151767 0.062500
0 1.0 0.434511 0.081250 0.095634 0.068750
0 1.0 0.563410 0.106250 0.149688 0.184375
0 1.0 0.581081 0.839063 0.559252 0.200000
0 1.0 0.504158 0.119531 0.101871 0.145313
0 1.0 0.927235 0.044531 0.091476 0.089063
0 1.0 0.876299 0.063281 0.047817 0.079687
0 1.0 0.866944 0.027344 0.070686 0.045312
0 1.0 0.885655 0.056250 0.029106 0.040625
0 1.0 0.871102 0.047656 0.120582 0.095312
0 1.0 0.122661 0.352344 0.245322 0.704688
0 1.0 0.564449 0.921094 0.588358 0.157812
0 1.0 0.114345 0.086719 0.112266 0.098437
0 1.0 0.056133 0.078125 0.112266 0.078125
0 1.0 0.240125 0.121875 0.060291 0.112500
0 1.0 0.966736 0.078906 0.020790 0.042188
0 1.0 0.832640 0.923438 0.334719 0.153125
0 1.0 0.961538 0.068750 0.035343 0.046875
0 1.0 0.924116 0.069531 0.056133 0.092188
0 1.0 0.917879 0.029687 0.164241 0.059375
0 1.0 0.074844 0.904687 0.149688 0.190625
0 1.0 0.050936 0.925000 0.101871 0.125000
0 1.0 0.962578 0.899219 0.029106 0.057813
0 1.0 0.925156 0.875781 0.149688 0.120313
0 1.0 0.949064 0.914062 0.056133 0.087500
0 1.0 0.880457 0.845313 0.093555 0.165625
0 1.0 0.820166 0.880469 0.168399 0.135937
0 1.0 0.192308 0.907813 0.201663 0.156250
0 1.0 0.133056 0.909375 0.112266 0.181250
0 1.0 0.123701 0.914062 0.247401 0.112500
0 1.0 0.638254 0.875000 0.311850 0.134375
0 1.0 0.674636 0.870313 0.047817 0.075000
0 1.0 0.604990 0.827344 0.062370 0.104688
0 1.0 0.555094 0.830469 0.070686 0.135937
0 1.0 0.571726 0.878125 0.128898 0.115625
0 1.0 0.577963 0.842187 0.274428 0.256250
0 1.0 0.508316 0.839063 0.076923 0.162500
0 1.0 0.812890 0.832812 0.054054 0.100000
0 1.0 0.822245 0.867969 0.064449 0.110937
0 1.0 0.761954 0.880469 0.051975 0.092188
0 1.0 0.669439 0.842969 0.041580 0.070312
0 1.0 0.759875 0.880469 0.214137 0.195312
0 1.0 0.720374 0.848437 0.043659 0.071875
0 1.0 0.719335 0.887500 0.162162 0.115625
0 1.0 0.656965 0.909375 0.112266 0.181250
0 1.0 0.601871 0.905469 0.118503 0.189062
0 1.0 0.548857 0.898438 0.124740 0.203125
0 1.0 0.585239 0.913281 0.288981 0.123438
0 1.0 0.758836 0.917969 0.103950 0.142187
0 1.0 0.345114 0.902344 0.158004 0.185938
0 1.0 0.291060 0.903125 0.120582 0.193750
0 1.0 0.502079 0.900781 0.118503 0.198437
0 1.0 0.443867 0.904687 0.106029 0.190625
0 1.0 0.443867 0.911719 0.288981 0.117188
0 1.0 0.328482 0.904687 0.311850 0.125000
0 1.0 0.399168 0.895312 0.124740 0.209375
0 1.0 0.654886 0.814844 0.203742 0.135937
0 1.0 0.594595 0.820312 0.124740 0.121875
0 1.0 0.514553 0.819531 0.318087 0.132812
0 1.0 0.792100 0.825781 0.170478 0.154688
0 1.0 0.712058 0.814844 0.135135 0.289062
0 1.0 0.742204 0.825000 0.112266 0.118750
0 1.0 0.301455 0.832031 0.087318 0.079687
0 1.0 0.443867 0.777344 0.122661 0.345313
0 1.0 0.471933 0.831250 0.087318 0.087500
0 1.0 0.371102 0.823438 0.305613 0.134375
0 1.0 0.399168 0.807031 0.170478 0.254688
0 1.0 0.399168 0.828125 0.116424 0.112500
0 1.0 0.326403 0.876563 0.108108 0.078125
0 1.0 0.279626 0.851562 0.301455 0.203125
0 1.0 0.242204 0.836719 0.056133 0.092188
0 1.0 0.274428 0.873437 0.153846 0.093750
0 1.0 0.190229 0.836719 0.043659 0.073438
0 1.0 0.226611 0.870313 0.295218 0.109375
0 1.0 0.451143 0.839063 0.041580 0.084375
0 1.0 0.445946 0.852344 0.076923 0.114062
0 1.0 0.454262 0.885938 0.089397 0.078125
0 1.0 0.347193 0.846875 0.108108 0.118750
0 1.0 0.401247 0.864062 0.079002 0.128125
0 1.0 0.390852 0.876563 0.162162 0.109375
0 1.0 0.348233 0.839063 0.056133 0.087500
0 1.0 0.962578 0.880469 0.054054 0.145313
0 1.0 0.926195 0.831250 0.147609 0.265625
0 1.0 0.873181 0.817187 0.253638 0.137500
0 1.0 0.846154 0.837500 0.062370 0.087500
0 1.0 0.140333 0.860938 0.047817 0.081250
0 1.0 0.187110 0.878906 0.112266 0.082812
0 1.0 0.085239 0.864062 0.049896 0.087500
0 1.0 0.151767 0.884375 0.079002 0.075000
0 1.0 0.022869 0.892969 0.033264 0.079687
0 1.0 0.071726 0.878906 0.093555 0.060937
0 1.0 0.081081 0.888281 0.037422 0.048438
0 1.0 0.068607 0.234375 0.137214 0.090625
0 1.0 0.050936 0.235937 0.101871 0.190625
0 1.0 0.195426 0.236719 0.311850 0.135937
0 1.0 0.964657 0.254688 0.029106 0.062500
0 1.0 0.917879 0.229687 0.093555 0.168750
0 1.0 0.888773 0.186719 0.222453 0.120313
0 1.0 0.617464 0.146094 0.598753 0.226562
0 1.0 0.871102 0.227344 0.087318 0.157812
0 1.0 0.371102 0.179688 0.501040 0.359375
0 1.0 0.721414 0.077344 0.557173 0.154688
0 1.0 0.437630 0.241406 0.205821 0.107813
0 1.0 0.467775 0.250781 0.041580 0.064062
0 1.0 0.405405 0.235937 0.137214 0.200000
0 1.0 0.352391 0.241406 0.118503 0.201563
0 1.0 0.124740 0.235937 0.174636 0.103125
0 1.0 0.257796 0.248438 0.041580 0.068750
0 1.0 0.280665 0.241406 0.295218 0.260937
0 1.0 0.299376 0.238281 0.128898 0.154688
0 1.0 0.230769 0.250781 0.079002 0.132812
0 1.0 0.601871 0.178906 0.301455 0.295312
0 1.0 0.443867 0.257812 0.051975 0.121875
0 1.0 0.649688 0.258594 0.538462 0.239063
0 1.0 0.841996 0.192188 0.145530 0.078125
0 1.0 0.765073 0.180469 0.128898 0.232813
0 1.0 0.952183 0.239844 0.054054 0.076563
0 1.0 0.716216 0.183594 0.334719 0.132812
0 1.0 0.832640 0.189844 0.076923 0.057813
0 1.0 0.347193 0.937500 0.091476 0.125000
0 1.0 0.382536 0.958594 0.091476 0.057813
0 1.0 0.353430 0.952344 0.182952 0.089063
0 1.0 0.310811 0.960938 0.093555 0.056250
0 1.0 0.554054 0.246875 0.160083 0.106250
0 1.0 0.241164 0.927344 0.099792 0.145313
0 1.0 0.260915 0.954688 0.172557 0.090625
0 1.0 0.567568 0.956250 0.108108 0.087500
0 1.0 0.502079 0.946094 0.089397 0.107813
0 1.0 0.584200 0.958594 0.054054 0.048438
0 1.0 0.445946 0.946094 0.076923 0.107813
0 1.0 0.498960 0.954688 0.070686 0.062500
0 1.0 0.518711 0.960156 0.043659 0.042188
0 1.0 0.043659 0.962500 0.087318 0.071875
0 1.0 0.966736 0.935937 0.058212 0.128125
0 1.0 0.914761 0.919531 0.170478 0.117188
0 1.0 0.188150 0.942187 0.081081 0.115625
0 1.0 0.877339 0.886719 0.149688 0.207813
0 1.0 0.239085 0.959375 0.099792 0.062500
0 1.0 0.141372 0.953906 0.182952 0.092188
0 1.0 0.140333 0.959375 0.076923 0.059375
0 1.0 0.063410 0.963281 0.056133 0.048438
0 1.0 0.608108 0.235937 0.081081 0.143750
0 1.0 0.937630 0.964063 0.124740 0.068750
0 1.0 0.543659 0.260937 0.126819 0.225000
0 1.0 0.293139 0.072656 0.586279 0.145313
0 1.0 0.522869 0.252344 0.039501 0.054688
0 1.0 0.503119 0.240625 0.270270 0.296875
0 1.0 0.716216 0.921875 0.239085 0.156250
0 1.0 0.722453 0.950781 0.126819 0.098437
0 1.0 0.659044 0.942969 0.079002 0.114062
0 1.0 0.709979 0.957812 0.081081 0.059375
0 1.0 0.857588 0.964063 0.047817 0.043750
0 1.0 0.672557 0.959375 0.060291 0.053125
0 1.0 0.616424 0.953906 0.122661 0.092188
0 1.0 0.642412 0.960938 0.045738 0.046875
0 1.0 0.878378 0.947656 0.139293 0.104688
0 1.0 0.814969 0.941406 0.083160 0.117188
0 1.0 0.830561 0.960938 0.081081 0.059375
0 1.0 0.775468 0.956250 0.083160 0.056250
0 1.0 0.837838 0.561719 0.228690 0.545312
0 1.0 0.074844 0.190625 0.149688 0.381250
0 1.0 0.343035 0.828125 0.249480 0.343750
0 1.0 0.152807 0.850781 0.218295 0.298438
0 1.0 0.848233 0.242969 0.199584 0.485938
0 1.0 0.072765 0.527344 0.145530 0.632812
0 1.0 0.451143 0.856250 0.245322 0.287500
0 1.0 0.504158 0.756250 0.293139 0.487500
0 1.0 0.922037 0.282813 0.155925 0.565625