0 1.0 0.510000 0.500000 0.804000 1.000000
0 1.0 0.144000 0.463259 0.284000 0.926518
0 1.0 0.822000 0.538339 0.156000 0.226837
0 1.0 0.923000 0.559105 0.114000 0.293930
0 1.0 0.895000 0.555911 0.210000 0.140575
0 1.0 0.822000 0.538339 0.072000 0.207668
0 1.0 0.874000 0.554313 0.048000 0.073482
0 1.0 0.880000 0.543131 0.100000 0.204473
0 1.0 0.140000 0.616613 0.088000 0.268371
0 1.0 0.111000 0.595847 0.210000 0.322684
0 1.0 0.111000 0.591054 0.222000 0.121406
0 1.0 0.129000 0.589457 0.066000 0.105431
0 1.0 0.034000 0.599042 0.068000 0.246006
0 1.0 0.084000 0.591054 0.032000 0.063898
0 1.0 0.965000 0.592652 0.046000 0.137380
0 1.0 0.948000 0.554313 0.104000 0.099042
0 1.0 0.066000 0.591054 0.096000 0.076677
0 1.0 0.610000 0.543131 0.288000 0.178914
0 1.0 0.542000 0.551118 0.140000 0.322684
0 1.0 0.505000 0.546326 0.274000 0.134185
0 1.0 0.449000 0.560703 0.074000 0.188498
0 1.0 0.474000 0.546326 0.144000 0.102236
0 1.0 0.461000 0.552716 0.158000 0.204473
0 1.0 0.773000 0.551118 0.106000 0.335463
0 1.0 0.765000 0.544728 0.278000 0.124601
0 1.0 0.779000 0.551118 0.074000 0.214058
0 1.0 0.758000 0.541534 0.256000 0.284345
0 1.0 0.709000 0.554313 0.118000 0.322684
0 1.0 0.600000 0.567093 0.092000 0.188498
0 1.0 0.664000 0.575080 0.124000 0.300319
0 1.0 0.667000 0.602236 0.166000 0.143770
0 1.0 0.599000 0.610224 0.122000 0.332268
0 1.0 0.442000 0.551118 0.276000 0.309904
0 1.0 0.552000 0.600639 0.260000 0.115016
0 1.0 0.879000 0.605431 0.222000 0.322684
0 1.0 0.813000 0.610224 0.098000 0.408946
0 1.0 0.833000 0.602236 0.274000 0.124601
0 1.0 0.770000 0.605431 0.128000 0.105431
0 1.0 0.179000 0.600639 0.126000 0.102236
0 1.0 0.284000 0.608626 0.132000 0.316294
0 1.0 0.245000 0.602236 0.022000 0.060703
0 1.0 0.221000 0.607029 0.098000 0.364217
0 1.0 0.178000 0.621406 0.060000 0.265176
0 1.0 0.178000 0.592652 0.140000 0.233227
0 1.0 0.468000 0.599042 0.176000 0.092652
0 1.0 0.394000 0.615016 0.112000 0.284345
0 1.0 0.342000 0.611821 0.124000 0.322684
0 1.0 0.329000 0.597444 0.122000 0.095847
0 1.0 0.508000 0.480831 0.152000 0.271565
0 1.0 0.514000 0.498403 0.224000 0.153355
0 1.0 0.394000 0.498403 0.112000 0.287540
0 1.0 0.419000 0.490415 0.230000 0.111821
0 1.0 0.345000 0.507987 0.102000 0.281150
0 1.0 0.357000 0.498403 0.162000 0.095847
0 1.0 0.657000 0.495208 0.310000 0.140575
0 1.0 0.141000 0.547923 0.054000 0.169329
0 1.0 0.124000 0.509585 0.236000 0.137380
0 1.0 0.117000 0.477636 0.230000 0.309904
0 1.0 0.080000 0.504792 0.108000 0.274760
0 1.0 0.061000 0.503195 0.122000 0.092652
0 1.0 0.960000 0.448882 0.080000 0.086262
0 1.0 0.360000 0.492013 0.252000 0.313099
0 1.0 0.280000 0.507987 0.072000 0.230032
0 1.0 0.204000 0.504792 0.164000 0.095847
0 1.0 0.230000 0.509585 0.076000 0.086262
0 1.0 0.185000 0.517572 0.134000 0.185304
0 1.0 0.229000 0.485623 0.222000 0.306709
0 1.0 0.182000 0.538339 0.052000 0.182109
0 1.0 0.180000 0.551118 0.260000 0.137380
0 1.0 0.116000 0.551118 0.108000 0.137380
0 1.0 0.338000 0.551118 0.144000 0.099042
0 1.0 0.225000 0.562300 0.054000 0.089457
0 1.0 0.295000 0.549521 0.238000 0.306709
0 1.0 0.304000 0.559105 0.104000 0.172524
0 1.0 0.326000 0.551118 0.220000 0.162939
0 1.0 0.834000 0.498403 0.280000 0.140575
0 1.0 0.063000 0.544728 0.126000 0.099042
0 1.0 0.071000 0.551118 0.038000 0.079872
0 1.0 0.946000 0.501597 0.108000 0.102236
0 1.0 0.858000 0.501597 0.060000 0.076677
0 1.0 0.903000 0.500000 0.194000 0.297125
0 1.0 0.832000 0.714058 0.180000 0.150160
0 1.0 0.829000 0.720447 0.246000 0.380192
0 1.0 0.767000 0.718850 0.110000 0.415335
0 1.0 0.743000 0.709265 0.306000 0.127796
0 1.0 0.960000 0.514377 0.040000 0.108626
0 1.0 0.705000 0.725240 0.134000 0.415335
0 1.0 0.760000 0.712460 0.172000 0.255591
0 1.0 0.962000 0.733227 0.076000 0.341853
0 1.0 0.935000 0.707668 0.130000 0.111821
0 1.0 0.919000 0.726837 0.162000 0.335463
0 1.0 0.817000 0.712460 0.094000 0.083067
0 1.0 0.860000 0.720447 0.052000 0.079872
0 1.0 0.900000 0.707668 0.200000 0.162939
0 1.0 0.459000 0.710863 0.278000 0.130990
0 1.0 0.447000 0.723642 0.142000 0.297125
0 1.0 0.479000 0.712460 0.114000 0.121406
0 1.0 0.392000 0.726837 0.124000 0.335463
0 1.0 0.363000 0.710863 0.194000 0.111821
0 1.0 0.285000 0.715655 0.106000 0.364217
0 1.0 0.242000 0.715655 0.228000 0.121406
0 1.0 0.655000 0.706070 0.186000 0.261981
0 1.0 0.610000 0.707668 0.316000 0.137380
0 1.0 0.598000 0.728435 0.132000 0.332268
0 1.0 0.566000 0.714058 0.128000 0.137380
0 1.0 0.555000 0.709265 0.182000 0.230032
0 1.0 0.498000 0.718850 0.132000 0.370607
0 1.0 0.502000 0.758786 0.324000 0.137380
0 1.0 0.499000 0.787540 0.274000 0.361022
0 1.0 0.056000 0.757188 0.112000 0.249201
0 1.0 0.485000 0.768371 0.106000 0.111821
0 1.0 0.442000 0.777955 0.116000 0.118211
0 1.0 0.396000 0.789137 0.204000 0.261981
0 1.0 0.700000 0.763578 0.296000 0.134185
0 1.0 0.690000 0.782748 0.252000 0.376997
0 1.0 0.612000 0.765176 0.228000 0.175719
0 1.0 0.171000 0.774760 0.242000 0.373802
0 1.0 0.187000 0.766773 0.134000 0.217252
0 1.0 0.120000 0.760383 0.240000 0.115016
0 1.0 0.106000 0.763578 0.096000 0.115016
0 1.0 0.052000 0.757188 0.104000 0.089457
0 1.0 0.041000 0.765176 0.042000 0.067093
0 1.0 0.360000 0.766773 0.236000 0.115016
0 1.0 0.261000 0.768371 0.242000 0.124601
0 1.0 0.314000 0.777955 0.040000 0.073482
0 1.0 0.312000 0.773163 0.100000 0.166134
0 1.0 0.266000 0.769968 0.104000 0.115016
0 1.0 0.289000 0.777955 0.242000 0.354633
0 1.0 0.396000 0.654952 0.260000 0.313099
0 1.0 0.372000 0.656550 0.172000 0.111821
0 1.0 0.278000 0.658147 0.036000 0.076677
0 1.0 0.189000 0.654952 0.206000 0.115016
0 1.0 0.215000 0.656550 0.090000 0.118211
0 1.0 0.221000 0.650160 0.234000 0.335463
0 1.0 0.542000 0.658147 0.304000 0.140575
0 1.0 0.435000 0.661342 0.126000 0.134185
0 1.0 0.412000 0.658147 0.316000 0.146965
0 1.0 0.496000 0.659744 0.256000 0.335463
0 1.0 0.064000 0.654952 0.044000 0.076677
0 1.0 0.942000 0.599042 0.116000 0.111821
0 1.0 0.833000 0.605431 0.058000 0.067093
0 1.0 0.860000 0.603834 0.068000 0.076677
0 1.0 0.071000 0.646965 0.114000 0.354633
0 1.0 0.116000 0.654952 0.232000 0.134185
0 1.0 0.059000 0.651757 0.118000 0.095847
0 1.0 0.120000 0.707668 0.240000 0.130990
0 1.0 0.058000 0.707668 0.116000 0.099042
0 1.0 0.937000 0.651757 0.126000 0.108626
0 1.0 0.044000 0.710863 0.048000 0.079872
0 1.0 0.293000 0.722045 0.042000 0.070288
0 1.0 0.309000 0.707668 0.118000 0.182109
0 1.0 0.231000 0.718850 0.102000 0.121406
0 1.0 0.123000 0.698083 0.174000 0.252396
0 1.0 0.179000 0.712460 0.078000 0.351438
0 1.0 0.700000 0.656550 0.300000 0.137380
0 1.0 0.883000 0.651757 0.234000 0.134185
0 1.0 0.602000 0.650160 0.256000 0.341853
0 1.0 0.817000 0.658147 0.066000 0.070288
0 1.0 0.852000 0.659744 0.056000 0.073482
0 1.0 0.822000 0.638978 0.160000 0.223642
0 1.0 0.188000 0.281150 0.100000 0.287540
0 1.0 0.201000 0.293930 0.198000 0.127796
0 1.0 0.174000 0.253994 0.256000 0.348243
0 1.0 0.211000 0.292332 0.054000 0.111821
0 1.0 0.127000 0.269968 0.090000 0.233227
0 1.0 0.077000 0.281150 0.154000 0.364217
0 1.0 0.113000 0.287540 0.162000 0.115016
0 1.0 0.042000 0.263578 0.084000 0.303514
0 1.0 0.128000 0.289137 0.252000 0.182109
0 1.0 0.408000 0.269968 0.260000 0.354633
0 1.0 0.335000 0.271565 0.114000 0.287540
0 1.0 0.385000 0.293930 0.134000 0.108626
0 1.0 0.349000 0.290735 0.258000 0.185304
0 1.0 0.282000 0.297125 0.104000 0.230032
0 1.0 0.272000 0.234824 0.240000 0.367412
0 1.0 0.299000 0.311502 0.050000 0.111821
0 1.0 0.237000 0.277955 0.118000 0.274760
0 1.0 0.870000 0.217252 0.204000 0.268371
0 1.0 0.813000 0.214058 0.146000 0.357827
0 1.0 0.824000 0.236422 0.288000 0.140575
0 1.0 0.088000 0.282748 0.080000 0.079872
0 1.0 0.713000 0.214058 0.126000 0.364217
0 1.0 0.697000 0.238019 0.298000 0.143770
0 1.0 0.696000 0.204473 0.276000 0.383387
0 1.0 0.958000 0.220447 0.080000 0.408946
0 1.0 0.937000 0.236422 0.126000 0.121406
0 1.0 0.849000 0.238019 0.146000 0.118211
0 1.0 0.900000 0.292332 0.200000 0.150160
0 1.0 0.846000 0.292332 0.120000 0.092652
0 1.0 0.881000 0.258786 0.082000 0.204473
0 1.0 0.430000 0.289137 0.140000 0.130990
0 1.0 0.809000 0.292332 0.290000 0.130990
0 1.0 0.764000 0.268371 0.124000 0.364217
0 1.0 0.771000 0.253994 0.086000 0.201278
0 1.0 0.121000 0.338658 0.162000 0.115016
0 1.0 0.947000 0.287540 0.106000 0.102236
0 1.0 0.927000 0.249201 0.114000 0.479233
0 1.0 0.069000 0.329073 0.098000 0.121406
0 1.0 0.543000 0.266773 0.122000 0.252396
0 1.0 0.544000 0.292332 0.236000 0.162939
0 1.0 0.499000 0.309904 0.118000 0.268371
0 1.0 0.452000 0.293930 0.104000 0.255591
0 1.0 0.490000 0.292332 0.088000 0.086262
0 1.0 0.718000 0.269968 0.060000 0.156550
0 1.0 0.704000 0.297125 0.264000 0.172524
0 1.0 0.659000 0.277955 0.110000 0.300319
0 1.0 0.629000 0.292332 0.210000 0.124601
0 1.0 0.601000 0.260383 0.122000 0.354633
0 1.0 0.603000 0.252396 0.082000 0.204473
0 1.0 0.767000 0.174121 0.262000 0.194888
0 1.0 0.652000 0.170927 0.144000 0.341853
0 1.0 0.673000 0.175719 0.306000 0.153355
0 1.0 0.870000 0.178914 0.124000 0.108626
0 1.0 0.065000 0.028754 0.054000 0.051118
0 1.0 0.033000 0.065495 0.058000 0.111821
0 1.0 0.045000 0.038339 0.090000 0.076677
0 1.0 0.069000 0.076677 0.138000 0.153355
0 1.0 0.686000 0.642173 0.628000 0.715655
0 1.0 0.465000 0.744409 0.930000 0.479233
0 1.0 0.505000 0.263578 0.990000 0.488818
0 1.0 0.600000 0.164537 0.176000 0.284345
0 1.0 0.543000 0.182109 0.294000 0.140575
0 1.0 0.507000 0.207668 0.098000 0.230032
0 1.0 0.128000 0.060703 0.068000 0.102236
0 1.0 0.131000 0.044728 0.170000 0.089457
0 1.0 0.081000 0.105431 0.062000 0.127796
0 1.0 0.116000 0.031949 0.076000 0.057508
0 1.0 0.483000 0.215655 0.270000 0.373802
0 1.0 0.468000 0.242812 0.192000 0.134185
0 1.0 0.489000 0.246006 0.086000 0.121406
0 1.0 0.460000 0.242812 0.080000 0.115016
0 1.0 0.366000 0.234824 0.280000 0.137380
0 1.0 0.113000 0.238019 0.194000 0.118211
0 1.0 0.076000 0.236422 0.076000 0.108626
0 1.0 0.941000 0.180511 0.118000 0.118211
0 1.0 0.223000 0.239617 0.234000 0.140575
0 1.0 0.247000 0.239617 0.086000 0.121406
0 1.0 0.281000 0.226837 0.150000 0.261981
0 1.0 0.124000 0.217252 0.132000 0.364217
0 1.0 0.104000 0.455272 0.204000 0.130990
0 1.0 0.028000 0.477636 0.048000 0.162939
0 1.0 0.081000 0.448882 0.034000 0.047923
0 1.0 0.054000 0.452077 0.084000 0.079872
0 1.0 0.951000 0.396166 0.098000 0.102236
0 1.0 0.929000 0.381789 0.142000 0.297125
0 1.0 0.888000 0.396166 0.224000 0.127796
0 1.0 0.960000 0.434505 0.048000 0.159744
0 1.0 0.227000 0.448882 0.110000 0.297125
0 1.0 0.236000 0.440895 0.088000 0.070288
0 1.0 0.216000 0.437700 0.212000 0.127796
0 1.0 0.183000 0.484026 0.066000 0.137380
0 1.0 0.209000 0.474441 0.074000 0.111821
0 1.0 0.155000 0.453674 0.094000 0.089457
0 1.0 0.138000 0.492013 0.048000 0.121406
0 1.0 0.118000 0.453674 0.088000 0.076677
0 1.0 0.719000 0.428115 0.066000 0.146965
0 1.0 0.712000 0.400958 0.244000 0.162939
0 1.0 0.660000 0.412141 0.108000 0.230032
0 1.0 0.645000 0.386581 0.274000 0.300319
0 1.0 0.597000 0.402556 0.110000 0.261981
0 1.0 0.604000 0.396166 0.264000 0.140575
0 1.0 0.538000 0.389776 0.140000 0.313099
0 1.0 0.874000 0.396166 0.124000 0.325879
0 1.0 0.817000 0.396166 0.122000 0.102236
0 1.0 0.877000 0.404153 0.086000 0.207668
0 1.0 0.816000 0.413738 0.104000 0.284345
0 1.0 0.810000 0.396166 0.244000 0.172524
0 1.0 0.767000 0.420128 0.106000 0.258786
0 1.0 0.712000 0.428115 0.096000 0.242812
0 1.0 0.822000 0.418530 0.068000 0.178914
0 1.0 0.791000 0.447284 0.154000 0.102236
0 1.0 0.777000 0.477636 0.066000 0.156550
0 1.0 0.775000 0.448882 0.250000 0.162939
0 1.0 0.715000 0.452077 0.198000 0.111821
0 1.0 0.311000 0.458466 0.062000 0.099042
0 1.0 0.662000 0.485623 0.096000 0.191693
0 1.0 0.660000 0.458466 0.196000 0.188498
0 1.0 0.719000 0.487220 0.070000 0.137380
0 1.0 0.889000 0.450479 0.222000 0.127796
0 1.0 0.846000 0.450479 0.032000 0.057508
0 1.0 0.878000 0.466454 0.072000 0.172524
0 1.0 0.925000 0.447284 0.106000 0.172524
0 1.0 0.447000 0.420128 0.266000 0.277955
0 1.0 0.477000 0.453674 0.082000 0.115016
0 1.0 0.416000 0.445687 0.280000 0.124601
0 1.0 0.595000 0.468051 0.086000 0.201278
0 1.0 0.348000 0.437700 0.144000 0.217252
0 1.0 0.306000 0.442492 0.220000 0.118211
0 1.0 0.370000 0.453674 0.088000 0.115016
0 1.0 0.284000 0.431310 0.108000 0.204473
0 1.0 0.341000 0.448882 0.042000 0.054313
0 1.0 0.598000 0.452077 0.252000 0.137380
0 1.0 0.500000 0.453674 0.064000 0.070288
0 1.0 0.601000 0.337061 0.278000 0.143770
0 1.0 0.512000 0.340256 0.228000 0.175719
0 1.0 0.781000 0.341853 0.278000 0.134185
0 1.0 0.713000 0.337061 0.074000 0.194888
0 1.0 0.292000 0.362620 0.064000 0.118211
0 1.0 0.239000 0.348243 0.278000 0.146965
0 1.0 0.193000 0.346645 0.066000 0.175719
0 1.0 0.459000 0.325879 0.050000 0.121406
0 1.0 0.471000 0.341853 0.162000 0.115016
0 1.0 0.391000 0.340256 0.142000 0.303514
0 1.0 0.413000 0.343450 0.306000 0.150160
0 1.0 0.354000 0.349840 0.116000 0.162939
0 1.0 0.338000 0.394569 0.300000 0.137380
0 1.0 0.234000 0.383387 0.160000 0.185304
0 1.0 0.185000 0.408946 0.086000 0.210863
0 1.0 0.289000 0.367412 0.242000 0.261981
0 1.0 0.462000 0.418530 0.080000 0.185304
0 1.0 0.465000 0.396166 0.202000 0.115016
0 1.0 0.957000 0.322684 0.046000 0.172524
0 1.0 0.939000 0.341853 0.122000 0.108626
0 1.0 0.856000 0.324281 0.252000 0.341853
0 1.0 0.122000 0.405751 0.108000 0.274760
0 1.0 0.140000 0.394569 0.224000 0.130990
0 1.0 0.128000 0.410543 0.072000 0.169329
0 1.0 0.061000 0.378594 0.122000 0.220447
0 1.0 0.077000 0.392971 0.154000 0.102236
0 1.0 0.084000 0.621406 0.168000 0.597444
0 1.0 0.828000 0.111821 0.120000 0.223642
0 1.0 0.813000 0.089457 0.258000 0.178914
0 1.0 0.766000 0.124601 0.128000 0.249201
0 1.0 0.691000 0.076677 0.318000 0.153355
0 1.0 0.549000 0.680511 0.426000 0.511182
0 1.0 0.464000 0.648562 0.568000 0.242812
0 1.0 0.344000 0.648562 0.248000 0.568690
0 1.0 0.767000 0.616613 0.226000 0.658147
0 1.0 0.737000 0.646965 0.526000 0.239617
0 1.0 0.449000 0.551118 0.590000 0.226837
0 1.0 0.246000 0.559105 0.208000 0.702875
0 1.0 0.647000 0.591054 0.230000 0.645367
0 1.0 0.732000 0.549521 0.536000 0.230032
0 1.0 0.212000 0.646965 0.424000 0.226837
0 1.0 0.879000 0.113419 0.114000 0.226837
0 1.0 0.928000 0.113419 0.144000 0.226837
0 1.0 0.886000 0.075080 0.228000 0.137380
0 1.0 0.370000 0.771565 0.548000 0.252396
0 1.0 0.535000 0.108626 0.262000 0.217252
0 1.0 0.508000 0.124601 0.112000 0.242812
0 1.0 0.449000 0.124601 0.102000 0.210863
0 1.0 0.437000 0.073482 0.310000 0.146965
0 1.0 0.281000 0.116613 0.178000 0.233227
0 1.0 0.391000 0.115016 0.114000 0.223642
0 1.0 0.794000 0.755591 0.412000 0.233227
0 1.0 0.628000 0.765176 0.528000 0.271565
0 1.0 0.559000 0.119808 0.106000 0.233227
0 1.0 0.450000 0.138978 0.192000 0.277955
0 1.0 0.360000 0.273163 0.404000 0.546326
0 1.0 0.252000 0.349840 0.504000 0.239617
0 1.0 0.846000 0.410543 0.192000 0.821086
0 1.0 0.769000 0.322684 0.230000 0.632588
0 1.0 0.654000 0.354633 0.548000 0.242812
0 1.0 0.727000 0.233227 0.510000 0.261981
0 1.0 0.547000 0.316294 0.210000 0.555911
0 1.0 0.627000 0.116613 0.274000 0.150160
0 1.0 0.730000 0.453674 0.540000 0.230032
0 1.0 0.122000 0.118211 0.152000 0.115016
0 1.0 0.051000 0.142173 0.102000 0.277955
0 1.0 0.168000 0.151757 0.140000 0.303514
0 1.0 0.165000 0.119808 0.250000 0.194888
0 1.0 0.961000 0.130990 0.062000 0.249201
0 1.0 0.451000 0.591054 0.210000 0.600639
0 1.0 0.338000 0.116613 0.336000 0.169329
0 1.0 0.338000 0.145367 0.160000 0.284345
0 1.0 0.649000 0.423323 0.418000 0.527157
0 1.0 0.443000 0.452077 0.578000 0.220447
0 1.0 0.223000 0.118211 0.194000 0.134185
0 1.0 0.449000 0.421725 0.402000 0.511182
0 1.0 0.516000 0.059105 0.096000 0.118211
0 1.0 0.489000 0.041534 0.258000 0.083067
0 1.0 0.443000 0.039936 0.058000 0.079872
0 1.0 0.462000 0.030351 0.132000 0.060703
0 1.0 0.254000 0.876997 0.508000 0.246006
0 1.0 0.868000 0.630990 0.264000 0.693291
0 1.0 0.649000 0.873802 0.702000 0.252396
0 1.0 0.560000 0.055911 0.088000 0.111821
0 1.0 0.279000 0.463259 0.390000 0.926518
0 1.0 0.310000 0.501597 0.620000 0.421725
0 1.0 0.300000 0.052716 0.132000 0.105431
0 1.0 0.236000 0.073482 0.104000 0.146965
0 1.0 0.267000 0.031949 0.158000 0.063898
0 1.0 0.202000 0.031949 0.116000 0.063898
0 1.0 0.173000 0.054313 0.066000 0.102236
0 1.0 0.205000 0.055911 0.090000 0.092652
0 1.0 0.152000 0.035144 0.096000 0.063898
0 1.0 0.176000 0.084665 0.048000 0.105431
0 1.0 0.393000 0.054313 0.122000 0.108626
0 1.0 0.347000 0.065495 0.090000 0.130990
0 1.0 0.335000 0.030351 0.118000 0.060703
0 1.0 0.959000 0.071885 0.038000 0.099042
0 1.0 0.936000 0.036741 0.128000 0.073482
0 1.0 0.753000 0.036741 0.290000 0.073482
0 1.0 0.777000 0.070288 0.078000 0.115016
0 1.0 0.762000 0.059105 0.164000 0.118211
0 1.0 0.840000 0.843450 0.320000 0.210863
0 1.0 0.884000 0.062300 0.060000 0.105431
0 1.0 0.176000 0.129393 0.068000 0.201278
0 1.0 0.124000 0.130990 0.092000 0.210863
0 1.0 0.348000 0.135783 0.696000 0.271565
0 1.0 0.752000 0.126198 0.496000 0.252396
0 1.0 0.655000 0.068690 0.086000 0.137380
0 1.0 0.664000 0.059105 0.180000 0.118211
0 1.0 0.593000 0.075080 0.082000 0.150160
0 1.0 0.465000 0.915335 0.558000 0.169329
0 1.0 0.821000 0.073482 0.070000 0.146965
0 1.0 0.620000 0.031949 0.172000 0.063898
0 1.0 0.835000 0.923323 0.330000 0.153355
0 1.0 0.714000 0.068690 0.096000 0.137380
0 1.0 0.672000 0.838658 0.128000 0.271565
0 1.0 0.660000 0.875399 0.312000 0.166134
0 1.0 0.602000 0.845048 0.072000 0.182109
0 1.0 0.560000 0.856230 0.068000 0.166134
0 1.0 0.547000 0.878594 0.278000 0.191693
0 1.0 0.845000 0.880192 0.114000 0.124601
0 1.0 0.812000 0.891374 0.072000 0.166134
0 1.0 0.767000 0.876997 0.082000 0.169329
0 1.0 0.746000 0.869010 0.204000 0.236422
0 1.0 0.363000 0.861022 0.222000 0.233227
0 1.0 0.293000 0.880192 0.054000 0.111821
0 1.0 0.222000 0.875399 0.284000 0.172524
0 1.0 0.299000 0.880192 0.122000 0.182109
0 1.0 0.258000 0.880192 0.120000 0.137380
0 1.0 0.501000 0.872204 0.082000 0.191693
0 1.0 0.238000 0.897764 0.064000 0.121406
0 1.0 0.183000 0.904153 0.050000 0.102236
0 1.0 0.175000 0.897764 0.102000 0.140575
0 1.0 0.454000 0.849840 0.052000 0.115016
0 1.0 0.448000 0.861022 0.128000 0.194888
0 1.0 0.880000 0.876997 0.088000 0.162939
0 1.0 0.614000 0.899361 0.176000 0.169329
0 1.0 0.552000 0.894569 0.108000 0.210863
0 1.0 0.069000 0.921725 0.138000 0.092652
0 1.0 0.036000 0.934505 0.072000 0.130990
0 1.0 0.079000 0.902556 0.158000 0.194888
0 1.0 0.961000 0.892971 0.038000 0.099042
0 1.0 0.953000 0.892971 0.070000 0.130990
0 1.0 0.932000 0.881789 0.136000 0.185304
0 1.0 0.170000 0.912141 0.268000 0.150160
0 1.0 0.131000 0.918530 0.094000 0.162939
0 1.0 0.224000 0.819489 0.316000 0.130990
0 1.0 0.231000 0.816294 0.138000 0.303514
0 1.0 0.251000 0.830671 0.114000 0.121406
0 1.0 0.185000 0.837061 0.162000 0.210863
0 1.0 0.126000 0.822684 0.108000 0.277955
0 1.0 0.143000 0.838658 0.106000 0.111821
0 1.0 0.107000 0.824281 0.214000 0.115016
0 1.0 0.299000 0.832268 0.058000 0.092652
0 1.0 0.805000 0.761981 0.118000 0.092652
0 1.0 0.847000 0.771565 0.066000 0.086262
0 1.0 0.813000 0.765176 0.110000 0.392971
0 1.0 0.824000 0.760383 0.300000 0.134185
0 1.0 0.038000 0.835463 0.060000 0.207668
0 1.0 0.056000 0.825879 0.112000 0.086262
0 1.0 0.056000 0.835463 0.032000 0.054313
0 1.0 0.928000 0.763578 0.144000 0.108626
0 1.0 0.917000 0.821086 0.166000 0.159744
0 1.0 0.809000 0.821086 0.154000 0.108626
0 1.0 0.872000 0.808307 0.176000 0.319489
0 1.0 0.845000 0.830671 0.070000 0.095847
0 1.0 0.133000 0.897764 0.054000 0.102236
0 1.0 0.074000 0.881789 0.052000 0.108626
0 1.0 0.039000 0.894569 0.034000 0.089457
0 1.0 0.057000 0.883387 0.114000 0.073482
0 1.0 0.076000 0.892971 0.036000 0.054313
0 1.0 0.560000 0.808307 0.136000 0.345048
0 1.0 0.533000 0.816294 0.334000 0.143770
0 1.0 0.741000 0.816294 0.322000 0.143770
0 1.0 0.077000 0.178914 0.062000 0.083067
0 1.0 0.944000 0.123003 0.112000 0.118211
0 1.0 0.190000 0.185304 0.048000 0.115016
0 1.0 0.140000 0.182109 0.176000 0.127796
0 1.0 0.963000 0.952077 0.074000 0.095847
0 1.0 0.376000 0.180511 0.168000 0.124601
0 1.0 0.295000 0.175719 0.246000 0.153355
0 1.0 0.474000 0.186901 0.124000 0.118211
0 1.0 0.292000 0.172524 0.088000 0.185304
0 1.0 0.221000 0.174121 0.198000 0.124601
0 1.0 0.230000 0.078275 0.460000 0.156550
0 1.0 0.438000 0.230032 0.528000 0.287540
0 1.0 0.140000 0.955272 0.112000 0.070288
0 1.0 0.069000 0.960064 0.062000 0.054313
0 1.0 0.273000 0.966454 0.062000 0.047923
0 1.0 0.293000 0.937700 0.118000 0.124601
0 1.0 0.240000 0.942492 0.084000 0.115016
0 1.0 0.151000 0.948882 0.182000 0.102236
0 1.0 0.186000 0.937700 0.084000 0.124601
0 1.0 0.758000 0.905751 0.140000 0.150160
0 1.0 0.839000 0.918530 0.174000 0.118211
0 1.0 0.865000 0.958466 0.142000 0.070288
0 1.0 0.820000 0.939297 0.100000 0.121406
0 1.0 0.770000 0.937700 0.084000 0.124601
0 1.0 0.711000 0.928115 0.094000 0.143770
0 1.0 0.766000 0.961661 0.096000 0.057508
0 1.0 0.665000 0.921725 0.094000 0.156550
0 1.0 0.425000 0.180511 0.310000 0.156550
0 1.0 0.396000 0.180511 0.172000 0.316294
0 1.0 0.924000 0.948882 0.128000 0.102236
0 1.0 0.845000 0.958466 0.062000 0.057508
0 1.0 0.513000 0.950479 0.126000 0.099042
0 1.0 0.448000 0.939297 0.080000 0.121406
0 1.0 0.515000 0.966454 0.058000 0.047923
0 1.0 0.448000 0.894569 0.252000 0.210863
0 1.0 0.387000 0.905751 0.122000 0.188498
0 1.0 0.453000 0.964856 0.078000 0.051118
0 1.0 0.716000 0.964856 0.088000 0.057508
0 1.0 0.341000 0.964856 0.066000 0.051118
0 1.0 0.354000 0.936102 0.136000 0.127796
0 1.0 0.609000 0.929712 0.090000 0.140575
0 1.0 0.655000 0.963259 0.070000 0.047923
0 1.0 0.629000 0.956869 0.130000 0.079872
0 1.0 0.617000 0.961661 0.074000 0.051118
0 1.0 0.563000 0.950479 0.118000 0.099042
0 1.0 0.112000 0.829073 0.224000 0.309904
0 1.0 0.556000 0.448882 0.328000 0.367412
0 1.0 0.193000 0.688498 0.386000 0.623003
0 1.0 0.927000 0.448882 0.146000 0.667732