0 1.0 0.152000 0.637333 0.180000 0.458667
0 1.0 0.716000 0.273333 0.148000 0.258667
0 1.0 0.554000 0.304000 0.096000 0.309333
0 1.0 0.678000 0.602667 0.284000 0.154667
0 1.0 0.674000 0.604000 0.176000 0.258667
0 1.0 0.346000 0.632000 0.104000 0.240000
0 1.0 0.286000 0.648000 0.072000 0.192000
0 1.0 0.387000 0.610667 0.082000 0.106667
0 1.0 0.351000 0.636000 0.226000 0.296000
0 1.0 0.366000 0.602667 0.224000 0.122667
0 1.0 0.843000 0.605333 0.206000 0.149333
0 1.0 0.824000 0.601333 0.276000 0.258667
0 1.0 0.511000 0.654667 0.174000 0.162667
0 1.0 0.517000 0.601333 0.106000 0.141333
0 1.0 0.489000 0.604000 0.206000 0.296000
0 1.0 0.478000 0.600000 0.232000 0.117333
0 1.0 0.525000 0.606667 0.034000 0.072000
0 1.0 0.397000 0.638667 0.102000 0.258667
0 1.0 0.457000 0.608000 0.050000 0.090667
0 1.0 0.115000 0.596000 0.214000 0.109333
0 1.0 0.088000 0.632000 0.128000 0.298667
0 1.0 0.134000 0.604000 0.048000 0.082667
0 1.0 0.037000 0.634667 0.074000 0.256000
0 1.0 0.548000 0.604000 0.120000 0.280000
0 1.0 0.564000 0.601333 0.112000 0.125333
0 1.0 0.829000 0.629333 0.078000 0.165333
0 1.0 0.269000 0.601333 0.086000 0.098667
0 1.0 0.217000 0.622667 0.206000 0.328000
0 1.0 0.239000 0.613333 0.126000 0.218667
0 1.0 0.248000 0.656000 0.268000 0.133333
0 1.0 0.911000 0.621333 0.146000 0.186667
0 1.0 0.843000 0.608000 0.074000 0.090667
0 1.0 0.882000 0.616000 0.048000 0.080000
0 1.0 0.139000 0.650667 0.278000 0.138667
0 1.0 0.462000 0.656000 0.048000 0.106667
0 1.0 0.092000 0.657333 0.032000 0.082667
0 1.0 0.962000 0.648000 0.048000 0.122667
0 1.0 0.369000 0.656000 0.150000 0.117333
0 1.0 0.590000 0.604000 0.080000 0.189333
0 1.0 0.818000 0.622667 0.120000 0.274667
0 1.0 0.145000 0.654667 0.066000 0.114667
0 1.0 0.764000 0.620000 0.120000 0.269333
0 1.0 0.938000 0.606667 0.124000 0.109333
0 1.0 0.500000 0.558667 0.076000 0.109333
0 1.0 0.428000 0.553333 0.260000 0.125333
0 1.0 0.391000 0.566667 0.138000 0.264000
0 1.0 0.093000 0.597333 0.054000 0.165333
0 1.0 0.131000 0.553333 0.074000 0.098667
0 1.0 0.076000 0.552000 0.100000 0.080000
0 1.0 0.316000 0.553333 0.260000 0.120000
0 1.0 0.288000 0.573333 0.116000 0.240000
0 1.0 0.377000 0.557333 0.118000 0.122667
0 1.0 0.621000 0.556000 0.182000 0.226667
0 1.0 0.564000 0.548000 0.284000 0.120000
0 1.0 0.236000 0.552000 0.176000 0.106667
0 1.0 0.159000 0.546667 0.274000 0.144000
0 1.0 0.554000 0.556000 0.240000 0.317333
0 1.0 0.816000 0.529333 0.092000 0.178667
0 1.0 0.825000 0.498667 0.294000 0.181333
0 1.0 0.768000 0.518667 0.096000 0.210667
0 1.0 0.756000 0.505333 0.296000 0.306667
0 1.0 0.355000 0.561333 0.042000 0.077333
0 1.0 0.048000 0.569333 0.092000 0.157333
0 1.0 0.958000 0.561333 0.044000 0.130667
0 1.0 0.944000 0.496000 0.112000 0.101333
0 1.0 0.667000 0.513333 0.146000 0.269333
0 1.0 0.660000 0.498667 0.280000 0.133333
0 1.0 0.087000 0.557333 0.034000 0.064000
0 1.0 0.295000 0.556000 0.206000 0.306667
0 1.0 0.926000 0.502667 0.148000 0.274667
0 1.0 0.873000 0.536000 0.122000 0.245333
0 1.0 0.165000 0.568000 0.150000 0.234667
0 1.0 0.164000 0.549333 0.096000 0.122667
0 1.0 0.131000 0.593333 0.090000 0.125333
0 1.0 0.752000 0.553333 0.340000 0.141333
0 1.0 0.949000 0.558667 0.102000 0.098667
0 1.0 0.091000 0.609333 0.026000 0.061333
0 1.0 0.365000 0.614667 0.026000 0.061333
0 1.0 0.239000 0.597333 0.230000 0.106667
0 1.0 0.885000 0.560000 0.230000 0.122667
0 1.0 0.814000 0.562667 0.048000 0.064000
0 1.0 0.879000 0.589333 0.086000 0.133333
0 1.0 0.953000 0.594667 0.062000 0.117333
0 1.0 0.435000 0.556000 0.114000 0.130667
0 1.0 0.840000 0.568000 0.076000 0.085333
0 1.0 0.460000 0.773333 0.048000 0.074667
0 1.0 0.389000 0.716000 0.246000 0.280000
0 1.0 0.342000 0.765333 0.300000 0.144000
0 1.0 0.364000 0.765333 0.100000 0.106667
0 1.0 0.057000 0.766667 0.114000 0.088000
0 1.0 0.048000 0.730667 0.096000 0.288000
0 1.0 0.082000 0.773333 0.024000 0.053333
0 1.0 0.955000 0.712000 0.070000 0.186667
0 1.0 0.932000 0.706667 0.136000 0.106667
0 1.0 0.239000 0.773333 0.286000 0.128000
0 1.0 0.329000 0.777333 0.034000 0.061333
0 1.0 0.299000 0.750667 0.158000 0.194667
0 1.0 0.227000 0.724000 0.114000 0.354667
0 1.0 0.552000 0.750667 0.180000 0.210667
0 1.0 0.501000 0.728000 0.134000 0.293333
0 1.0 0.128000 0.753333 0.116000 0.136000
0 1.0 0.446000 0.705333 0.112000 0.258667
0 1.0 0.172000 0.713333 0.116000 0.237333
0 1.0 0.125000 0.760000 0.250000 0.138667
0 1.0 0.524000 0.769333 0.116000 0.114667
0 1.0 0.096000 0.741333 0.148000 0.261333
0 1.0 0.782000 0.704000 0.156000 0.122667
0 1.0 0.760000 0.685333 0.244000 0.266667
0 1.0 0.927000 0.694667 0.146000 0.253333
0 1.0 0.876000 0.705333 0.248000 0.136000
0 1.0 0.714000 0.696000 0.124000 0.224000
0 1.0 0.282000 0.778667 0.056000 0.085333
0 1.0 0.123000 0.770667 0.050000 0.080000
0 1.0 0.887000 0.698667 0.114000 0.202667
0 1.0 0.880000 0.716000 0.032000 0.061333
0 1.0 0.836000 0.712000 0.076000 0.080000
0 1.0 0.078000 0.810667 0.132000 0.090667
0 1.0 0.762000 0.760000 0.160000 0.213333
0 1.0 0.722000 0.768000 0.300000 0.133333
0 1.0 0.738000 0.772000 0.136000 0.125333
0 1.0 0.664000 0.708000 0.108000 0.242667
0 1.0 0.942000 0.756000 0.116000 0.168000
0 1.0 0.877000 0.762667 0.246000 0.133333
0 1.0 0.233000 0.806667 0.170000 0.200000
0 1.0 0.171000 0.821333 0.222000 0.138667
0 1.0 0.131000 0.814667 0.078000 0.104000
0 1.0 0.868000 0.769333 0.036000 0.072000
0 1.0 0.817000 0.734667 0.114000 0.264000
0 1.0 0.817000 0.766667 0.098000 0.093333
0 1.0 0.520000 0.777333 0.036000 0.066667
0 1.0 0.669000 0.724000 0.238000 0.290667
0 1.0 0.597000 0.726667 0.102000 0.232000
0 1.0 0.640000 0.770667 0.120000 0.112000
0 1.0 0.545000 0.766667 0.306000 0.125333
0 1.0 0.567000 0.769333 0.110000 0.104000
0 1.0 0.710000 0.650667 0.280000 0.144000
0 1.0 0.615000 0.650667 0.254000 0.176000
0 1.0 0.808000 0.656000 0.092000 0.101333
0 1.0 0.844000 0.660000 0.064000 0.093333
0 1.0 0.129000 0.724000 0.054000 0.082667
0 1.0 0.339000 0.664000 0.030000 0.080000
0 1.0 0.526000 0.657333 0.040000 0.093333
0 1.0 0.523000 0.717333 0.034000 0.074667
0 1.0 0.679000 0.700000 0.290000 0.125333
0 1.0 0.698000 0.697333 0.116000 0.098667
0 1.0 0.356000 0.702667 0.104000 0.125333
0 1.0 0.308000 0.710667 0.300000 0.146667
0 1.0 0.561000 0.704000 0.306000 0.128000
0 1.0 0.066000 0.710667 0.132000 0.104000
0 1.0 0.295000 0.708000 0.050000 0.088000
0 1.0 0.076000 0.717333 0.028000 0.058667
0 1.0 0.358000 0.712000 0.032000 0.074667
0 1.0 0.572000 0.704000 0.128000 0.117333
0 1.0 0.522000 0.708000 0.124000 0.130667
0 1.0 0.437000 0.709333 0.046000 0.085333
0 1.0 0.183000 0.701333 0.246000 0.133333
0 1.0 0.146000 0.708000 0.096000 0.125333
0 1.0 0.158000 0.344000 0.268000 0.170667
0 1.0 0.088000 0.425333 0.052000 0.136000
0 1.0 0.402000 0.357333 0.132000 0.229333
0 1.0 0.340000 0.421333 0.052000 0.117333
0 1.0 0.341000 0.352000 0.266000 0.122667
0 1.0 0.337000 0.392000 0.122000 0.186667
0 1.0 0.249000 0.816000 0.106000 0.112000
0 1.0 0.016000 0.372000 0.032000 0.109333
0 1.0 0.075000 0.346667 0.066000 0.064000
0 1.0 0.048000 0.354667 0.084000 0.090667
0 1.0 0.067000 0.348000 0.134000 0.264000
0 1.0 0.962000 0.332000 0.036000 0.082667
0 1.0 0.963000 0.290667 0.074000 0.085333
0 1.0 0.276000 0.357333 0.272000 0.181333
0 1.0 0.323000 0.390667 0.038000 0.088000
0 1.0 0.234000 0.388000 0.132000 0.258667
0 1.0 0.536000 0.334667 0.264000 0.136000
0 1.0 0.127000 0.401333 0.054000 0.136000
0 1.0 0.518000 0.345333 0.176000 0.333333
0 1.0 0.207000 0.378667 0.094000 0.154667
0 1.0 0.097000 0.414667 0.038000 0.093333
0 1.0 0.753000 0.281333 0.274000 0.152000
0 1.0 0.956000 0.310667 0.036000 0.061333
0 1.0 0.921000 0.306667 0.098000 0.213333
0 1.0 0.896000 0.294667 0.208000 0.125333
0 1.0 0.589000 0.288000 0.102000 0.293333
0 1.0 0.898000 0.273333 0.204000 0.296000
0 1.0 0.147000 0.344000 0.098000 0.080000
0 1.0 0.877000 0.269333 0.070000 0.149333
0 1.0 0.880000 0.292000 0.092000 0.072000
0 1.0 0.890000 0.257333 0.020000 0.040000
0 1.0 0.825000 0.256000 0.082000 0.213333
0 1.0 0.837000 0.242667 0.026000 0.064000
0 1.0 0.817000 0.345333 0.258000 0.141333
0 1.0 0.805000 0.332000 0.270000 0.317333
0 1.0 0.111000 0.409333 0.190000 0.146667
0 1.0 0.026000 0.449333 0.048000 0.136000
0 1.0 0.075000 0.402667 0.150000 0.096000
0 1.0 0.712000 0.328000 0.284000 0.138667
0 1.0 0.664000 0.318667 0.140000 0.317333
0 1.0 0.895000 0.346667 0.210000 0.117333
0 1.0 0.921000 0.374667 0.126000 0.205333
0 1.0 0.952000 0.386667 0.048000 0.080000
0 1.0 0.954000 0.364000 0.092000 0.120000
0 1.0 0.196000 0.398667 0.280000 0.152000
0 1.0 0.827000 0.361333 0.054000 0.130667
0 1.0 0.881000 0.377333 0.050000 0.104000
0 1.0 0.818000 0.350667 0.088000 0.216000
0 1.0 0.460000 0.345333 0.100000 0.269333
0 1.0 0.462000 0.342667 0.204000 0.194667
0 1.0 0.403000 0.342667 0.230000 0.306667
0 1.0 0.366000 0.384000 0.072000 0.122667
0 1.0 0.301000 0.396000 0.046000 0.114667
0 1.0 0.873000 0.372000 0.086000 0.189333
0 1.0 0.620000 0.328000 0.240000 0.192000
0 1.0 0.463000 0.344000 0.030000 0.106667
0 1.0 0.706000 0.229333 0.264000 0.144000
0 1.0 0.927000 0.234667 0.146000 0.154667
0 1.0 0.585000 0.242667 0.074000 0.160000
0 1.0 0.872000 0.226667 0.112000 0.309333
0 1.0 0.786000 0.229333 0.164000 0.117333
0 1.0 0.143000 0.301333 0.186000 0.181333
0 1.0 0.077000 0.366667 0.070000 0.173333
0 1.0 0.792000 0.228000 0.248000 0.178667
0 1.0 0.475000 0.242667 0.138000 0.218667
0 1.0 0.395000 0.269333 0.090000 0.282667
0 1.0 0.092000 0.054667 0.104000 0.109333
0 1.0 0.022000 0.109333 0.032000 0.085333
0 1.0 0.186000 0.068000 0.096000 0.136000
0 1.0 0.170000 0.046667 0.204000 0.093333
0 1.0 0.620000 0.238667 0.228000 0.194667
0 1.0 0.155000 0.032000 0.106000 0.064000
0 1.0 0.137000 0.068000 0.058000 0.093333
0 1.0 0.145000 0.086667 0.230000 0.173333
0 1.0 0.078000 0.100000 0.048000 0.098667
0 1.0 0.122000 0.030667 0.072000 0.056000
0 1.0 0.024000 0.081333 0.048000 0.077333
0 1.0 0.546000 0.229333 0.196000 0.133333
0 1.0 0.512000 0.273333 0.092000 0.226667
0 1.0 0.454000 0.273333 0.048000 0.194667
0 1.0 0.538000 0.237333 0.032000 0.085333
0 1.0 0.513000 0.302667 0.038000 0.109333
0 1.0 0.422000 0.284000 0.304000 0.136000
0 1.0 0.341000 0.350667 0.062000 0.136000
0 1.0 0.339000 0.329333 0.110000 0.168000
0 1.0 0.377000 0.313333 0.046000 0.082667
0 1.0 0.294000 0.350667 0.080000 0.157333
0 1.0 0.307000 0.294667 0.210000 0.098667
0 1.0 0.407000 0.292000 0.050000 0.061333
0 1.0 0.537000 0.280000 0.250000 0.138667
0 1.0 0.543000 0.292000 0.030000 0.072000
0 1.0 0.140000 0.284000 0.116000 0.082667
0 1.0 0.087000 0.324000 0.018000 0.040000
0 1.0 0.026000 0.322667 0.052000 0.181333
0 1.0 0.063000 0.284000 0.066000 0.061333
0 1.0 0.033000 0.293333 0.038000 0.096000
0 1.0 0.330000 0.328000 0.024000 0.048000
0 1.0 0.051000 0.298667 0.070000 0.122667
0 1.0 0.230000 0.290667 0.300000 0.128000
0 1.0 0.252000 0.349333 0.040000 0.074667
0 1.0 0.188000 0.345333 0.080000 0.162667
0 1.0 0.224000 0.321333 0.028000 0.056000
0 1.0 0.134000 0.360000 0.096000 0.218667
0 1.0 0.148000 0.329333 0.036000 0.066667
0 1.0 0.762000 0.449333 0.288000 0.130667
0 1.0 0.773000 0.469333 0.058000 0.133333
0 1.0 0.078000 0.500000 0.096000 0.077333
0 1.0 0.068000 0.506667 0.136000 0.256000
0 1.0 0.051000 0.501333 0.098000 0.138667
0 1.0 0.958000 0.510667 0.036000 0.088000
0 1.0 0.695000 0.432000 0.242000 0.373333
0 1.0 0.880000 0.442667 0.240000 0.138667
0 1.0 0.824000 0.501333 0.056000 0.101333
0 1.0 0.180000 0.494667 0.208000 0.157333
0 1.0 0.128000 0.530667 0.112000 0.250667
0 1.0 0.710000 0.428000 0.108000 0.221333
0 1.0 0.486000 0.469333 0.080000 0.144000
0 1.0 0.668000 0.461333 0.092000 0.154667
0 1.0 0.419000 0.446667 0.270000 0.136000
0 1.0 0.393000 0.489333 0.082000 0.152000
0 1.0 0.347000 0.489333 0.066000 0.136000
0 1.0 0.344000 0.448000 0.024000 0.053333
0 1.0 0.350000 0.470667 0.120000 0.173333
0 1.0 0.648000 0.452000 0.212000 0.114667
0 1.0 0.592000 0.480000 0.072000 0.176000
0 1.0 0.839000 0.448000 0.026000 0.048000
0 1.0 0.888000 0.501333 0.056000 0.096000
0 1.0 0.510000 0.448000 0.220000 0.160000
0 1.0 0.576000 0.450667 0.120000 0.085333
0 1.0 0.555000 0.434667 0.138000 0.245333
0 1.0 0.502000 0.437333 0.124000 0.341333
0 1.0 0.527000 0.448000 0.150000 0.096000
0 1.0 0.455000 0.540000 0.086000 0.274667
0 1.0 0.962000 0.440000 0.076000 0.074667
0 1.0 0.410000 0.497333 0.212000 0.136000
0 1.0 0.403000 0.516000 0.218000 0.296000
0 1.0 0.437000 0.494667 0.122000 0.082667
0 1.0 0.597000 0.529333 0.054000 0.141333
0 1.0 0.796000 0.502667 0.052000 0.066667
0 1.0 0.530000 0.501333 0.116000 0.090667
0 1.0 0.089000 0.530667 0.070000 0.202667
0 1.0 0.134000 0.497333 0.128000 0.093333
0 1.0 0.279000 0.522667 0.078000 0.213333
0 1.0 0.239000 0.497333 0.242000 0.109333
0 1.0 0.288000 0.494667 0.148000 0.210667
0 1.0 0.219000 0.473333 0.226000 0.317333
0 1.0 0.762000 0.394667 0.264000 0.165333
0 1.0 0.393000 0.425333 0.082000 0.184000
0 1.0 0.596000 0.488000 0.040000 0.101333
0 1.0 0.588000 0.390667 0.092000 0.264000
0 1.0 0.645000 0.396000 0.250000 0.130667
0 1.0 0.589000 0.398667 0.054000 0.162667
0 1.0 0.419000 0.402667 0.206000 0.117333
0 1.0 0.897000 0.409333 0.206000 0.290667
0 1.0 0.878000 0.440000 0.096000 0.197333
0 1.0 0.851000 0.397333 0.198000 0.101333
0 1.0 0.888000 0.449333 0.052000 0.104000
0 1.0 0.758000 0.376000 0.096000 0.277333
0 1.0 0.540000 0.394667 0.156000 0.112000
0 1.0 0.141000 0.440000 0.062000 0.133333
0 1.0 0.093000 0.457333 0.038000 0.082667
0 1.0 0.295000 0.421333 0.090000 0.202667
0 1.0 0.069000 0.410667 0.070000 0.096000
0 1.0 0.962000 0.365333 0.024000 0.048000
0 1.0 0.269000 0.398667 0.202000 0.125333
0 1.0 0.199000 0.442667 0.110000 0.101333
0 1.0 0.147000 0.449333 0.150000 0.194667
0 1.0 0.331000 0.444000 0.238000 0.264000
0 1.0 0.292000 0.445333 0.256000 0.149333
0 1.0 0.065000 0.465333 0.074000 0.114667
0 1.0 0.101000 0.489333 0.042000 0.098667
0 1.0 0.614000 0.457333 0.176000 0.205333
0 1.0 0.301000 0.460000 0.054000 0.109333
0 1.0 0.190000 0.468000 0.104000 0.205333
0 1.0 0.457000 0.468000 0.038000 0.109333
0 1.0 0.524000 0.448000 0.024000 0.053333
0 1.0 0.828000 0.437333 0.060000 0.128000
0 1.0 0.029000 0.482667 0.034000 0.090667
0 1.0 0.107000 0.450667 0.022000 0.048000
0 1.0 0.959000 0.472000 0.042000 0.117333
0 1.0 0.818000 0.430667 0.100000 0.232000
0 1.0 0.681000 0.164000 0.134000 0.120000
0 1.0 0.604000 0.208000 0.072000 0.138667
0 1.0 0.207000 0.645333 0.414000 0.229333
0 1.0 0.435000 0.624000 0.382000 0.389333
0 1.0 0.766000 0.178667 0.068000 0.106667
0 1.0 0.667000 0.161333 0.270000 0.242667
0 1.0 0.738000 0.142667 0.144000 0.082667
0 1.0 0.723000 0.193333 0.074000 0.104000
0 1.0 0.657000 0.208000 0.070000 0.112000
0 1.0 0.821000 0.145333 0.094000 0.098667
0 1.0 0.863000 0.137333 0.222000 0.253333
0 1.0 0.818000 0.137333 0.188000 0.109333
0 1.0 0.277000 0.550667 0.554000 0.226667
0 1.0 0.230000 0.570667 0.356000 0.485333
0 1.0 0.760000 0.141333 0.252000 0.229333
0 1.0 0.842000 0.506667 0.200000 0.528000
0 1.0 0.549000 0.748000 0.590000 0.200000
0 1.0 0.178000 0.144000 0.176000 0.165333
0 1.0 0.134000 0.226667 0.044000 0.112000
0 1.0 0.344000 0.198667 0.068000 0.162667
0 1.0 0.388000 0.137333 0.088000 0.082667
0 1.0 0.346000 0.173333 0.120000 0.192000
0 1.0 0.343000 0.144000 0.238000 0.261333
0 1.0 0.549000 0.641333 0.538000 0.221333
0 1.0 0.296000 0.208000 0.056000 0.138667
0 1.0 0.257000 0.742667 0.514000 0.226667
0 1.0 0.298000 0.181333 0.112000 0.170667
0 1.0 0.274000 0.152000 0.036000 0.058667
0 1.0 0.090000 0.148000 0.164000 0.178667
0 1.0 0.026000 0.224000 0.036000 0.117333
0 1.0 0.062000 0.136000 0.080000 0.069333
0 1.0 0.029000 0.196000 0.054000 0.114667
0 1.0 0.784000 0.750667 0.432000 0.205333
0 1.0 0.238000 0.174667 0.100000 0.232000
0 1.0 0.240000 0.149333 0.256000 0.266667
0 1.0 0.183000 0.220000 0.046000 0.109333
0 1.0 0.175000 0.189333 0.098000 0.144000
0 1.0 0.595000 0.154667 0.110000 0.085333
0 1.0 0.563000 0.144000 0.242000 0.245333
0 1.0 0.562000 0.164000 0.132000 0.146667
0 1.0 0.507000 0.212000 0.058000 0.152000
0 1.0 0.454000 0.209333 0.044000 0.136000
0 1.0 0.607000 0.204000 0.050000 0.088000
0 1.0 0.649000 0.585333 0.210000 0.493333
0 1.0 0.525000 0.152000 0.058000 0.064000
0 1.0 0.458000 0.178667 0.084000 0.165333
0 1.0 0.541000 0.162667 0.026000 0.048000
0 1.0 0.461000 0.134667 0.222000 0.264000
0 1.0 0.396000 0.180000 0.072000 0.184000
0 1.0 0.486000 0.157333 0.024000 0.053333
0 1.0 0.547000 0.202667 0.074000 0.149333
0 1.0 0.431000 0.144000 0.290000 0.122667
0 1.0 0.560000 0.332000 0.548000 0.253333
0 1.0 0.582000 0.349333 0.324000 0.458667
0 1.0 0.194000 0.209333 0.020000 0.040000
0 1.0 0.469000 0.397333 0.182000 0.528000
0 1.0 0.349000 0.349333 0.622000 0.224000
0 1.0 0.335000 0.345333 0.418000 0.402667
0 1.0 0.143000 0.198667 0.242000 0.290667
0 1.0 0.139000 0.206667 0.114000 0.136000
0 1.0 0.081000 0.257333 0.058000 0.157333
0 1.0 0.102000 0.206667 0.088000 0.136000
0 1.0 0.363000 0.197333 0.054000 0.096000
0 1.0 0.294000 0.258667 0.064000 0.133333
0 1.0 0.771000 0.248000 0.458000 0.218667
0 1.0 0.744000 0.302667 0.212000 0.466667
0 1.0 0.153000 0.392000 0.226000 0.528000
0 1.0 0.202000 0.197333 0.216000 0.117333
0 1.0 0.330000 0.213333 0.024000 0.053333
0 1.0 0.649000 0.453333 0.558000 0.218667
0 1.0 0.962000 0.161333 0.052000 0.178667
0 1.0 0.934000 0.129333 0.132000 0.104000
0 1.0 0.923000 0.146667 0.106000 0.293333
0 1.0 0.060000 0.210667 0.044000 0.085333
0 1.0 0.565000 0.553333 0.538000 0.232000
0 1.0 0.875000 0.161333 0.066000 0.136000
0 1.0 0.089000 0.596000 0.178000 0.520000
0 1.0 0.354000 0.445333 0.632000 0.208000
0 1.0 0.887000 0.060000 0.114000 0.120000
0 1.0 0.827000 0.134667 0.046000 0.082667
0 1.0 0.856000 0.033333 0.148000 0.066667
0 1.0 0.837000 0.112000 0.030000 0.042667
0 1.0 0.835000 0.068000 0.114000 0.109333
0 1.0 0.770000 0.134667 0.052000 0.082667
0 1.0 0.503000 0.476000 0.462000 0.525333
0 1.0 0.785000 0.044000 0.186000 0.088000
0 1.0 0.777000 0.068000 0.106000 0.098667
0 1.0 0.721000 0.140000 0.050000 0.072000
0 1.0 0.731000 0.030667 0.142000 0.061333
0 1.0 0.732000 0.116000 0.032000 0.040000
0 1.0 0.717000 0.085333 0.230000 0.170667
0 1.0 0.667000 0.137333 0.042000 0.061333
0 1.0 0.670000 0.030667 0.136000 0.061333
0 1.0 0.937000 0.054667 0.094000 0.109333
0 1.0 0.877000 0.114667 0.058000 0.112000
0 1.0 0.914000 0.030667 0.076000 0.061333
0 1.0 0.889000 0.093333 0.034000 0.053333
0 1.0 0.724000 0.069333 0.108000 0.096000
0 1.0 0.686000 0.464000 0.408000 0.517333
0 1.0 0.075000 0.086667 0.094000 0.077333
0 1.0 0.027000 0.149333 0.054000 0.106667
0 1.0 0.050000 0.101333 0.100000 0.128000
0 1.0 0.950000 0.060000 0.048000 0.093333
0 1.0 0.258000 0.034667 0.156000 0.069333
0 1.0 0.240000 0.068000 0.076000 0.136000
0 1.0 0.072000 0.028000 0.056000 0.050667
0 1.0 0.517000 0.062667 0.090000 0.104000
0 1.0 0.459000 0.118667 0.022000 0.056000
0 1.0 0.464000 0.096000 0.040000 0.069333
0 1.0 0.502000 0.041333 0.068000 0.072000
0 1.0 0.486000 0.068000 0.056000 0.082667
0 1.0 0.399000 0.090667 0.074000 0.160000
0 1.0 0.435000 0.033333 0.154000 0.066667
0 1.0 0.458000 0.041333 0.056000 0.061333
0 1.0 0.403000 0.084000 0.226000 0.168000
0 1.0 0.534000 0.034667 0.024000 0.037333
0 1.0 0.350000 0.062667 0.072000 0.109333
0 1.0 0.199000 0.033333 0.098000 0.066667
0 1.0 0.051000 0.053333 0.078000 0.096000
0 1.0 0.321000 0.040000 0.118000 0.080000
0 1.0 0.290000 0.080000 0.052000 0.117333
0 1.0 0.289000 0.062667 0.090000 0.125333
0 1.0 0.291000 0.082667 0.242000 0.165333
0 1.0 0.679000 0.069333 0.082000 0.074667
0 1.0 0.604000 0.134667 0.036000 0.066667
0 1.0 0.749000 0.880000 0.502000 0.240000
0 1.0 0.350000 0.881333 0.700000 0.237333
0 1.0 0.421000 0.057333 0.094000 0.114667
0 1.0 0.636000 0.029333 0.076000 0.053333
0 1.0 0.607000 0.101333 0.026000 0.037333
0 1.0 0.606000 0.038667 0.148000 0.077333
0 1.0 0.609000 0.080000 0.230000 0.160000
0 1.0 0.626000 0.064000 0.076000 0.074667
0 1.0 0.780000 0.112000 0.032000 0.042667
0 1.0 0.341000 0.034667 0.026000 0.042667
0 1.0 0.550000 0.124000 0.040000 0.077333
0 1.0 0.583000 0.030667 0.066000 0.050667
0 1.0 0.552000 0.100000 0.044000 0.061333
0 1.0 0.564000 0.069333 0.076000 0.085333
0 1.0 0.508000 0.109333 0.048000 0.112000
0 1.0 0.504000 0.040000 0.136000 0.080000
0 1.0 0.509000 0.085333 0.214000 0.170667
0 1.0 0.500000 0.188000 1.000000 0.370667
0 1.0 0.500000 0.482667 1.000000 0.405333
0 1.0 0.676000 0.112000 0.032000 0.037333
0 1.0 0.785000 0.101333 0.178000 0.122667
0 1.0 0.729000 0.166667 0.046000 0.061333
0 1.0 0.663000 0.174667 0.058000 0.082667
0 1.0 0.694000 0.097333 0.168000 0.093333
0 1.0 0.543000 0.848000 0.610000 0.197333
0 1.0 0.512000 0.104000 0.036000 0.058667
0 1.0 0.164000 0.924000 0.328000 0.152000
0 1.0 0.632000 0.104000 0.156000 0.106667
0 1.0 0.586000 0.094667 0.144000 0.082667
0 1.0 0.550000 0.154667 0.064000 0.090667
0 1.0 0.604000 0.169333 0.040000 0.061333
0 1.0 0.950000 0.108000 0.056000 0.130667
0 1.0 0.086000 0.224000 0.040000 0.112000
0 1.0 0.125000 0.132000 0.106000 0.093333
0 1.0 0.881000 0.154667 0.046000 0.085333
0 1.0 0.831000 0.158667 0.046000 0.077333
0 1.0 0.129000 0.170667 0.046000 0.112000
0 1.0 0.125000 0.081333 0.146000 0.098667
0 1.0 0.088000 0.149333 0.060000 0.106667
0 1.0 0.288000 0.124000 0.116000 0.184000
0 1.0 0.278000 0.090667 0.040000 0.058667
0 1.0 0.742000 0.124000 0.516000 0.248000
0 1.0 0.254000 0.122667 0.508000 0.245333
0 1.0 0.835000 0.922667 0.330000 0.154667
0 1.0 0.549000 0.921333 0.578000 0.157333
0 1.0 0.290000 0.149333 0.064000 0.160000
0 1.0 0.527000 0.088000 0.150000 0.096000
0 1.0 0.452000 0.174667 0.032000 0.098667
0 1.0 0.510000 0.168000 0.044000 0.112000
0 1.0 0.186000 0.158667 0.056000 0.125333
0 1.0 0.211000 0.080000 0.274000 0.122667
0 1.0 0.483000 0.098667 0.030000 0.058667
0 1.0 0.479000 0.113333 0.090000 0.120000
0 1.0 0.819000 0.854667 0.186000 0.200000
0 1.0 0.771000 0.785333 0.058000 0.125333
0 1.0 0.032000 0.892000 0.064000 0.178667
0 1.0 0.070000 0.913333 0.140000 0.082667
0 1.0 0.071000 0.889333 0.142000 0.221333
0 1.0 0.962000 0.821333 0.024000 0.064000
0 1.0 0.730000 0.861333 0.204000 0.128000
0 1.0 0.712000 0.846667 0.244000 0.248000
0 1.0 0.671000 0.764000 0.034000 0.072000
0 1.0 0.681000 0.793333 0.026000 0.050667
0 1.0 0.923000 0.856000 0.154000 0.261333
0 1.0 0.877000 0.868000 0.246000 0.120000
0 1.0 0.174000 0.897333 0.148000 0.205333
0 1.0 0.825000 0.782667 0.050000 0.114667
0 1.0 0.833000 0.816000 0.038000 0.085333
0 1.0 0.725000 0.764000 0.046000 0.093333
0 1.0 0.735000 0.788000 0.034000 0.061333
0 1.0 0.461000 0.862667 0.154000 0.152000
0 1.0 0.399000 0.789333 0.046000 0.101333
0 1.0 0.415000 0.862667 0.322000 0.109333
0 1.0 0.402000 0.806667 0.084000 0.125333
0 1.0 0.394000 0.845333 0.260000 0.234667
0 1.0 0.349000 0.782667 0.042000 0.077333
0 1.0 0.607000 0.786667 0.038000 0.080000
0 1.0 0.613000 0.858667 0.306000 0.106667
0 1.0 0.612000 0.813333 0.028000 0.058667
0 1.0 0.604000 0.853333 0.252000 0.240000
0 1.0 0.453000 0.869333 0.070000 0.074667
0 1.0 0.881000 0.754667 0.050000 0.096000
0 1.0 0.799000 0.866667 0.114000 0.080000
0 1.0 0.891000 0.793333 0.046000 0.082667
0 1.0 0.842000 0.872000 0.076000 0.080000
0 1.0 0.580000 0.866667 0.140000 0.101333
0 1.0 0.511000 0.797333 0.042000 0.090667
0 1.0 0.568000 0.813333 0.060000 0.096000
0 1.0 0.715000 0.878667 0.098000 0.242667
0 1.0 0.722000 0.917333 0.296000 0.117333
0 1.0 0.412000 0.910667 0.316000 0.114667
0 1.0 0.401000 0.904000 0.158000 0.170667
0 1.0 0.342000 0.892000 0.100000 0.210667
0 1.0 0.603000 0.912000 0.082000 0.165333
0 1.0 0.871000 0.874667 0.118000 0.250667
0 1.0 0.843000 0.920000 0.194000 0.106667
0 1.0 0.557000 0.914667 0.258000 0.133333
0 1.0 0.500000 0.888000 0.116000 0.224000
0 1.0 0.286000 0.900000 0.104000 0.200000
0 1.0 0.289000 0.908000 0.294000 0.109333
0 1.0 0.935000 0.864000 0.130000 0.101333
0 1.0 0.958000 0.844000 0.044000 0.088000
0 1.0 0.554000 0.889333 0.120000 0.221333
0 1.0 0.307000 0.905333 0.098000 0.114667
0 1.0 0.234000 0.893333 0.112000 0.213333
0 1.0 0.449000 0.790667 0.246000 0.248000
0 1.0 0.458000 0.800000 0.164000 0.160000
0 1.0 0.450000 0.812000 0.072000 0.082667
0 1.0 0.703000 0.812000 0.110000 0.098667
0 1.0 0.626000 0.808000 0.328000 0.117333
0 1.0 0.634000 0.808000 0.148000 0.112000
0 1.0 0.275000 0.813333 0.274000 0.117333
0 1.0 0.780000 0.809333 0.164000 0.109333
0 1.0 0.874000 0.781333 0.148000 0.245333
0 1.0 0.606000 0.800000 0.176000 0.181333
0 1.0 0.342000 0.789333 0.132000 0.272000
0 1.0 0.105000 0.814667 0.030000 0.061333
0 1.0 0.317000 0.814667 0.038000 0.061333
0 1.0 0.527000 0.809333 0.146000 0.104000
0 1.0 0.146000 0.869333 0.160000 0.122667
0 1.0 0.120000 0.837333 0.240000 0.234667
0 1.0 0.084000 0.802667 0.052000 0.117333
0 1.0 0.353000 0.800000 0.066000 0.096000
0 1.0 0.297000 0.785333 0.034000 0.061333
0 1.0 0.220000 0.866667 0.228000 0.090667
0 1.0 0.298000 0.808000 0.068000 0.090667
0 1.0 0.961000 0.817333 0.074000 0.237333
0 1.0 0.930000 0.808000 0.140000 0.106667
0 1.0 0.343000 0.865333 0.126000 0.088000
0 1.0 0.563000 0.782667 0.042000 0.082667
0 1.0 0.271000 0.872000 0.038000 0.048000
0 1.0 0.238000 0.824000 0.052000 0.085333
0 1.0 0.236000 0.870667 0.092000 0.082667
0 1.0 0.504000 0.848000 0.252000 0.229333
0 1.0 0.447000 0.764000 0.026000 0.050667
0 1.0 0.515000 0.870667 0.058000 0.066667
0 1.0 0.231000 0.848000 0.270000 0.208000
0 1.0 0.031000 0.798667 0.042000 0.104000
0 1.0 0.094000 0.861333 0.120000 0.085333
0 1.0 0.035000 0.813333 0.070000 0.144000
0 1.0 0.109000 0.866667 0.038000 0.069333
0 1.0 0.185000 0.792000 0.058000 0.128000
0 1.0 0.802000 0.177333 0.100000 0.093333
0 1.0 0.830000 0.077333 0.340000 0.154667
0 1.0 0.085000 0.242667 0.170000 0.192000
0 1.0 0.812000 0.177333 0.312000 0.125333
0 1.0 0.753000 0.229333 0.122000 0.213333
0 1.0 0.455000 0.077333 0.610000 0.154667
0 1.0 0.131000 0.240000 0.174000 0.128000
0 1.0 0.147000 0.238667 0.094000 0.077333
0 1.0 0.066000 0.234667 0.112000 0.085333
0 1.0 0.291000 0.289333 0.106000 0.157333
0 1.0 0.260000 0.250667 0.028000 0.053333
0 1.0 0.279000 0.252000 0.246000 0.285333
0 1.0 0.239000 0.301333 0.090000 0.181333
0 1.0 0.249000 0.237333 0.306000 0.133333
0 1.0 0.029000 0.258667 0.058000 0.170667
0 1.0 0.071000 0.237333 0.046000 0.080000
0 1.0 0.965000 0.229333 0.050000 0.160000
0 1.0 0.921000 0.178667 0.158000 0.101333
0 1.0 0.190000 0.268000 0.260000 0.296000
0 1.0 0.134000 0.292000 0.076000 0.200000
0 1.0 0.680000 0.210667 0.144000 0.133333
0 1.0 0.615000 0.185333 0.138000 0.093333
0 1.0 0.571000 0.186667 0.098000 0.085333
0 1.0 0.459000 0.250667 0.706000 0.202667
0 1.0 0.506000 0.210667 0.028000 0.064000
0 1.0 0.404000 0.189333 0.080000 0.085333
0 1.0 0.565000 0.160000 0.598000 0.186667
0 1.0 0.574000 0.185333 0.404000 0.344000
0 1.0 0.562000 0.197333 0.036000 0.064000
0 1.0 0.533000 0.193333 0.050000 0.093333
0 1.0 0.235000 0.250667 0.470000 0.208000
0 1.0 0.462000 0.952000 0.120000 0.096000
0 1.0 0.135000 0.945333 0.142000 0.109333
0 1.0 0.082000 0.929333 0.088000 0.141333
0 1.0 0.134000 0.965333 0.088000 0.064000
0 1.0 0.357000 0.948000 0.122000 0.104000
0 1.0 0.290000 0.944000 0.072000 0.112000
0 1.0 0.270000 0.968000 0.096000 0.064000
0 1.0 0.609000 0.948000 0.142000 0.104000
0 1.0 0.558000 0.944000 0.080000 0.112000
0 1.0 0.605000 0.962667 0.074000 0.058667
0 1.0 0.236000 0.954667 0.172000 0.090667
0 1.0 0.184000 0.938667 0.080000 0.122667
0 1.0 0.518000 0.965333 0.052000 0.048000
0 1.0 0.764000 0.874667 0.108000 0.250667
0 1.0 0.070000 0.965333 0.056000 0.053333
0 1.0 0.044000 0.937333 0.088000 0.125333
0 1.0 0.964000 0.925333 0.060000 0.149333
0 1.0 0.933000 0.920000 0.134000 0.101333
0 1.0 0.661000 0.885333 0.094000 0.218667
0 1.0 0.821000 0.900000 0.102000 0.200000
0 1.0 0.342000 0.238667 0.164000 0.194667
0 1.0 0.797000 0.960000 0.134000 0.074667
0 1.0 0.770000 0.946667 0.216000 0.106667
0 1.0 0.972000 0.960000 0.056000 0.080000
0 1.0 0.926000 0.965333 0.136000 0.069333
0 1.0 0.689000 0.961333 0.098000 0.066667
0 1.0 0.262000 0.242667 0.140000 0.122667
0 1.0 0.435000 0.230667 0.322000 0.152000
0 1.0 0.481000 0.236000 0.038000 0.088000
0 1.0 0.371000 0.234667 0.126000 0.117333
0 1.0 0.871000 0.936000 0.090000 0.128000
0 1.0 0.510000 0.946667 0.136000 0.106667
0 1.0 0.732000 0.962667 0.124000 0.074667
0 1.0 0.661000 0.946667 0.078000 0.106667
0 1.0 0.405000 0.945333 0.122000 0.109333
0 1.0 0.351000 0.968000 0.054000 0.053333
0 1.0 0.642000 0.962667 0.096000 0.064000
0 1.0 0.851000 0.965333 0.058000 0.053333
0 1.0 0.847000 0.960000 0.106000 0.080000
0 1.0 0.451000 0.701333 0.194000 0.490667
0 1.0 0.652000 0.730667 0.412000 0.405333
0 1.0 0.548000 0.721333 0.200000 0.520000
0 1.0 0.879000 0.749333 0.242000 0.426667
0 1.0 0.671000 0.670667 0.658000 0.658667
0 1.0 0.324000 0.666667 0.648000 0.666667
0 1.0 0.345000 0.804000 0.254000 0.392000
0 1.0 0.671000 0.317333 0.658000 0.634667
0 1.0 0.332000 0.324000 0.664000 0.648000
0 1.0 0.500000 0.809333 1.000000 0.376000
0 1.0 0.083000 0.257333 0.166000 0.488000
0 1.0 0.346000 0.290667 0.204000 0.474667
0 1.0 0.822000 0.469333 0.356000 0.928000
0 1.0 0.254000 0.784000 0.200000 0.432000
0 1.0 0.163000 0.517333 0.326000 0.880000