0 1.0 0.524219 0.604310 0.698438 0.725862
0 1.0 0.060937 0.586207 0.121875 0.496552
0 1.0 0.824219 0.622414 0.223438 0.655172
0 1.0 0.189062 0.607759 0.121875 0.422414
0 1.0 0.771094 0.464655 0.095312 0.208621
0 1.0 0.323437 0.601724 0.334375 0.655172
0 1.0 0.292969 0.562931 0.126562 0.287931
0 1.0 0.450000 0.601724 0.134375 0.310345
0 1.0 0.469531 0.600000 0.082812 0.096552
0 1.0 0.263281 0.608621 0.217188 0.124138
0 1.0 0.390625 0.625862 0.140625 0.386207
0 1.0 0.339062 0.582759 0.131250 0.317241
0 1.0 0.396875 0.602586 0.259375 0.136207
0 1.0 0.657031 0.569828 0.151562 0.339655
0 1.0 0.675000 0.595690 0.159375 0.146552
0 1.0 0.142969 0.597414 0.170313 0.318966
0 1.0 0.109375 0.594828 0.218750 0.131034
0 1.0 0.059375 0.597414 0.118750 0.101724
0 1.0 0.058594 0.603448 0.048438 0.082759
0 1.0 0.947656 0.546552 0.104688 0.103448
0 1.0 0.950000 0.541379 0.084375 0.262069
0 1.0 0.308594 0.608621 0.039062 0.075862
0 1.0 0.546875 0.571552 0.209375 0.322414
0 1.0 0.508594 0.601724 0.207813 0.124138
0 1.0 0.409375 0.599138 0.112500 0.118966
0 1.0 0.186719 0.596552 0.107813 0.127586
0 1.0 0.934375 0.599138 0.131250 0.160345
0 1.0 0.239063 0.656034 0.278125 0.136207
0 1.0 0.924219 0.593966 0.123438 0.377586
0 1.0 0.603125 0.595690 0.150000 0.239655
0 1.0 0.868750 0.591379 0.146875 0.462069
0 1.0 0.835938 0.596552 0.087500 0.082759
0 1.0 0.817969 0.560345 0.135937 0.372414
0 1.0 0.161719 0.648276 0.148438 0.158621
0 1.0 0.421875 0.660345 0.115625 0.124138
0 1.0 0.057813 0.652586 0.115625 0.101724
0 1.0 0.047656 0.623276 0.095312 0.253448
0 1.0 0.821094 0.594828 0.270313 0.127586
0 1.0 0.567187 0.600862 0.125000 0.146552
0 1.0 0.765625 0.563793 0.115625 0.320690
0 1.0 0.785937 0.593103 0.128125 0.106897
0 1.0 0.717969 0.556034 0.157812 0.277586
0 1.0 0.064844 0.545690 0.129688 0.105172
0 1.0 0.061719 0.545690 0.045312 0.077586
0 1.0 0.939844 0.493103 0.120313 0.113793
0 1.0 0.860156 0.473276 0.182812 0.239655
0 1.0 0.337500 0.253448 0.115625 0.241379
0 1.0 0.387500 0.239655 0.093750 0.117241
0 1.0 0.291406 0.279310 0.076563 0.213793
0 1.0 0.292187 0.237069 0.137500 0.115517
0 1.0 0.226562 0.536207 0.106250 0.341379
0 1.0 0.236719 0.548276 0.232813 0.124138
0 1.0 0.138281 0.573276 0.085938 0.415517
0 1.0 0.173437 0.542241 0.193750 0.163793
0 1.0 0.254688 0.240517 0.209375 0.281034
0 1.0 0.542188 0.495690 0.315625 0.143103
0 1.0 0.803125 0.493966 0.278125 0.139655
0 1.0 0.714063 0.467241 0.112500 0.255172
0 1.0 0.308594 0.240517 0.045312 0.094828
0 1.0 0.245312 0.269828 0.100000 0.274138
0 1.0 0.855469 0.493966 0.079687 0.091379
0 1.0 0.913281 0.475862 0.120313 0.200000
0 1.0 0.725000 0.545690 0.212500 0.122414
0 1.0 0.651563 0.545690 0.193750 0.129310
0 1.0 0.882812 0.547414 0.234375 0.136207
0 1.0 0.867969 0.543103 0.079687 0.086207
0 1.0 0.444531 0.535345 0.239063 0.329310
0 1.0 0.415625 0.546552 0.306250 0.162069
0 1.0 0.344531 0.549138 0.139063 0.122414
0 1.0 0.293750 0.554310 0.062500 0.105172
0 1.0 0.560937 0.543103 0.184375 0.124138
0 1.0 0.477344 0.545690 0.148438 0.118966
0 1.0 0.343750 0.749138 0.162500 0.384483
0 1.0 0.305469 0.769828 0.248438 0.177586
0 1.0 0.284375 0.774138 0.153125 0.379310
0 1.0 0.197656 0.762069 0.232813 0.131034
0 1.0 0.070312 0.734483 0.140625 0.289655
0 1.0 0.046875 0.747414 0.093750 0.163793
0 1.0 0.939844 0.710345 0.120313 0.117241
0 1.0 0.956250 0.717241 0.087500 0.382759
0 1.0 0.232031 0.759483 0.139063 0.405172
0 1.0 0.501563 0.739655 0.171875 0.358621
0 1.0 0.509375 0.765517 0.218750 0.172414
0 1.0 0.438281 0.739655 0.126562 0.365517
0 1.0 0.133594 0.715517 0.120313 0.406897
0 1.0 0.103906 0.762931 0.207813 0.136207
0 1.0 0.474219 0.773276 0.104688 0.122414
0 1.0 0.682031 0.706034 0.304688 0.146552
0 1.0 0.712500 0.693966 0.171875 0.339655
0 1.0 0.653906 0.693966 0.132812 0.346552
0 1.0 0.897656 0.717241 0.204687 0.424138
0 1.0 0.842969 0.715517 0.101562 0.086207
0 1.0 0.614062 0.718966 0.281250 0.355172
0 1.0 0.603906 0.693103 0.182812 0.234483
0 1.0 0.185156 0.728448 0.126562 0.222414
0 1.0 0.811719 0.712069 0.304688 0.131034
0 1.0 0.060937 0.767241 0.068750 0.100000
0 1.0 0.817969 0.679310 0.107813 0.320690
0 1.0 0.064844 0.811207 0.129688 0.087931
0 1.0 0.707031 0.767241 0.257812 0.175862
0 1.0 0.910156 0.776724 0.179688 0.156897
0 1.0 0.177344 0.813793 0.270313 0.131034
0 1.0 0.189062 0.804310 0.156250 0.267241
0 1.0 0.799219 0.762931 0.304688 0.129310
0 1.0 0.817969 0.766379 0.160938 0.256897
0 1.0 0.095312 0.814655 0.190625 0.294828
0 1.0 0.403125 0.762931 0.293750 0.125862
0 1.0 0.432031 0.767241 0.095312 0.103448
0 1.0 0.814844 0.762931 0.151562 0.087931
0 1.0 0.599219 0.765517 0.232813 0.172414
0 1.0 0.253125 0.780172 0.056250 0.098276
0 1.0 0.857031 0.775862 0.073438 0.086207
0 1.0 0.760938 0.756034 0.140625 0.401724
0 1.0 0.886719 0.656897 0.226562 0.141379
0 1.0 0.539062 0.712069 0.259375 0.141379
0 1.0 0.554688 0.657759 0.206250 0.129310
0 1.0 0.836719 0.656034 0.067187 0.077586
0 1.0 0.702344 0.656034 0.182812 0.150000
0 1.0 0.772656 0.656897 0.154688 0.131034
0 1.0 0.328125 0.650862 0.196875 0.156897
0 1.0 0.296875 0.664655 0.050000 0.077586
0 1.0 0.291406 0.666379 0.226562 0.394828
0 1.0 0.462500 0.657759 0.306250 0.143103
0 1.0 0.484375 0.662931 0.093750 0.115517
0 1.0 0.245312 0.712069 0.212500 0.120690
0 1.0 0.293750 0.720690 0.050000 0.082759
0 1.0 0.432812 0.706897 0.087500 0.106897
0 1.0 0.487500 0.712931 0.090625 0.122414
0 1.0 0.409375 0.705172 0.306250 0.131034
0 1.0 0.943750 0.656034 0.112500 0.112069
0 1.0 0.321094 0.706034 0.223438 0.170690
0 1.0 0.143750 0.716379 0.287500 0.143103
0 1.0 0.161719 0.356897 0.182812 0.124138
0 1.0 0.145313 0.333621 0.256250 0.260345
0 1.0 0.152344 0.377586 0.104688 0.124138
0 1.0 0.075000 0.422414 0.056250 0.127586
0 1.0 0.815625 0.302586 0.256250 0.256897
0 1.0 0.822656 0.322414 0.154688 0.155172
0 1.0 0.767969 0.360345 0.085938 0.155172
0 1.0 0.245312 0.489655 0.078125 0.131034
0 1.0 0.778125 0.362931 0.050000 0.084483
0 1.0 0.040625 0.394828 0.075000 0.124138
0 1.0 0.055469 0.360345 0.082812 0.082759
0 1.0 0.957031 0.382759 0.042188 0.089655
0 1.0 0.948438 0.298276 0.103125 0.096552
0 1.0 0.775000 0.298276 0.328125 0.124138
0 1.0 0.293750 0.376724 0.112500 0.198276
0 1.0 0.278906 0.349138 0.204687 0.160345
0 1.0 0.310156 0.362069 0.054688 0.110345
0 1.0 0.242188 0.400862 0.078125 0.181034
0 1.0 0.250000 0.402586 0.053125 0.112069
0 1.0 0.140625 0.410345 0.053125 0.100000
0 1.0 0.926562 0.349138 0.078125 0.105172
0 1.0 0.892969 0.306034 0.214062 0.150000
0 1.0 0.215625 0.393966 0.043750 0.081034
0 1.0 0.506250 0.260345 0.075000 0.110345
0 1.0 0.499219 0.293103 0.267188 0.151724
0 1.0 0.717187 0.369828 0.087500 0.150000
0 1.0 0.707031 0.290517 0.270313 0.270690
0 1.0 0.721094 0.326724 0.120313 0.125862
0 1.0 0.665625 0.379310 0.084375 0.127586
0 1.0 0.413281 0.302586 0.251563 0.270690
0 1.0 0.404687 0.282759 0.140625 0.179310
0 1.0 0.397656 0.287931 0.051562 0.072414
0 1.0 0.723437 0.368103 0.053125 0.084483
0 1.0 0.673438 0.369828 0.046875 0.063793
0 1.0 0.601562 0.344828 0.093750 0.168966
0 1.0 0.632812 0.298276 0.178125 0.103448
0 1.0 0.862500 0.369828 0.084375 0.122414
0 1.0 0.870313 0.368103 0.050000 0.070690
0 1.0 0.832031 0.318966 0.107813 0.089655
0 1.0 0.826562 0.357759 0.053125 0.087931
0 1.0 0.505469 0.363793 0.173437 0.241379
0 1.0 0.439063 0.279310 0.050000 0.086207
0 1.0 0.728906 0.343103 0.304688 0.120690
0 1.0 0.914062 0.356034 0.171875 0.136207
0 1.0 0.956250 0.375862 0.087500 0.113793
0 1.0 0.925781 0.422414 0.070312 0.131034
0 1.0 0.617188 0.343966 0.215625 0.167241
0 1.0 0.817969 0.388793 0.092188 0.198276
0 1.0 0.334375 0.381897 0.068750 0.181034
0 1.0 0.092188 0.369828 0.128125 0.150000
0 1.0 0.296094 0.404310 0.060937 0.156897
0 1.0 0.346094 0.348276 0.217188 0.279310
0 1.0 0.561719 0.359483 0.135937 0.294828
0 1.0 0.185938 0.397414 0.093750 0.146552
0 1.0 0.240625 0.345690 0.221875 0.270690
0 1.0 0.186719 0.428448 0.048438 0.115517
0 1.0 0.249219 0.358621 0.123438 0.093103
0 1.0 0.514844 0.238793 0.142187 0.115517
0 1.0 0.777344 0.315517 0.064062 0.093103
0 1.0 0.777344 0.250000 0.273438 0.134483
0 1.0 0.715625 0.305172 0.065625 0.093103
0 1.0 0.470313 0.237931 0.059375 0.093103
0 1.0 0.601562 0.279310 0.084375 0.168966
0 1.0 0.671094 0.289655 0.064062 0.093103
0 1.0 0.664844 0.244828 0.210938 0.131034
0 1.0 0.659375 0.214655 0.265625 0.322414
0 1.0 0.918750 0.243103 0.153125 0.213793
0 1.0 0.871094 0.292241 0.089063 0.170690
0 1.0 0.827344 0.243966 0.104688 0.091379
0 1.0 0.860938 0.231034 0.237500 0.300000
0 1.0 0.545312 0.226724 0.275000 0.291379
0 1.0 0.506250 0.245690 0.109375 0.236207
0 1.0 0.444531 0.231034 0.176563 0.175862
0 1.0 0.092969 0.056034 0.110937 0.112069
0 1.0 0.135937 0.066379 0.071875 0.108621
0 1.0 0.130469 0.073276 0.214062 0.146552
0 1.0 0.080469 0.072414 0.054688 0.093103
0 1.0 0.134375 0.036207 0.090625 0.072414
0 1.0 0.606250 0.276724 0.059375 0.105172
0 1.0 0.550781 0.261207 0.114062 0.212069
0 1.0 0.038281 0.068966 0.054688 0.086207
0 1.0 0.439063 0.242241 0.084375 0.163793
0 1.0 0.477344 0.291379 0.095312 0.120690
0 1.0 0.140625 0.295690 0.125000 0.094828
0 1.0 0.075781 0.357759 0.035937 0.074138
0 1.0 0.097656 0.315517 0.126562 0.155172
0 1.0 0.355469 0.288793 0.073438 0.136207
0 1.0 0.317188 0.285345 0.178125 0.118966
0 1.0 0.610156 0.330172 0.045312 0.070690
0 1.0 0.567187 0.294828 0.131250 0.093103
0 1.0 0.521875 0.288793 0.040625 0.060345
0 1.0 0.259375 0.332759 0.050000 0.106897
0 1.0 0.187500 0.366379 0.053125 0.118966
0 1.0 0.249219 0.300862 0.123438 0.091379
0 1.0 0.060937 0.311207 0.078125 0.077586
0 1.0 0.076563 0.291379 0.153125 0.265517
0 1.0 0.960156 0.301724 0.045312 0.124138
0 1.0 0.946875 0.239655 0.106250 0.100000
0 1.0 0.310156 0.296552 0.057813 0.127586
0 1.0 0.222656 0.328448 0.035937 0.070690
0 1.0 0.139063 0.354310 0.050000 0.084483
0 1.0 0.554688 0.450862 0.181250 0.101724
0 1.0 0.948438 0.407759 0.056250 0.094828
0 1.0 0.441406 0.471552 0.079687 0.132759
0 1.0 0.499219 0.454310 0.035937 0.060345
0 1.0 0.439063 0.467241 0.143750 0.179310
0 1.0 0.806250 0.440517 0.221875 0.136207
0 1.0 0.740625 0.443103 0.153125 0.117241
0 1.0 0.622656 0.437931 0.182812 0.248276
0 1.0 0.600781 0.438793 0.085938 0.229310
0 1.0 0.471094 0.431897 0.310937 0.360345
0 1.0 0.203906 0.446552 0.235937 0.200000
0 1.0 0.206250 0.462931 0.093750 0.170690
0 1.0 0.146875 0.483621 0.059375 0.208621
0 1.0 0.388281 0.468966 0.135937 0.289655
0 1.0 0.421875 0.450000 0.315625 0.141379
0 1.0 0.331250 0.490517 0.075000 0.153448
0 1.0 0.269531 0.454310 0.029687 0.056897
0 1.0 0.675000 0.446552 0.109375 0.220690
0 1.0 0.629687 0.448276 0.165625 0.110345
0 1.0 0.504687 0.468966 0.140625 0.224138
0 1.0 0.270313 0.451724 0.165625 0.117241
0 1.0 0.290625 0.496552 0.084375 0.189655
0 1.0 0.181250 0.489655 0.159375 0.110345
0 1.0 0.685156 0.498276 0.251563 0.131034
0 1.0 0.557813 0.508621 0.121875 0.327586
0 1.0 0.871094 0.443966 0.042188 0.077586
0 1.0 0.157812 0.493966 0.121875 0.218966
0 1.0 0.109375 0.493103 0.143750 0.110345
0 1.0 0.065625 0.490517 0.109375 0.091379
0 1.0 0.073438 0.486207 0.046875 0.086207
0 1.0 0.300781 0.492241 0.179688 0.125862
0 1.0 0.960938 0.490517 0.056250 0.191379
0 1.0 0.934375 0.441379 0.131250 0.110345
0 1.0 0.226562 0.399138 0.178125 0.108621
0 1.0 0.399219 0.395690 0.189062 0.250000
0 1.0 0.310156 0.402586 0.273438 0.125862
0 1.0 0.096875 0.405172 0.193750 0.234483
0 1.0 0.673438 0.391379 0.200000 0.296552
0 1.0 0.554688 0.386207 0.209375 0.117241
0 1.0 0.073438 0.437931 0.100000 0.217241
0 1.0 0.066406 0.396552 0.098437 0.089655
0 1.0 0.772656 0.394828 0.057813 0.124138
0 1.0 0.870313 0.430172 0.100000 0.174138
0 1.0 0.125000 0.439655 0.078125 0.089655
0 1.0 0.775000 0.394828 0.259375 0.175862
0 1.0 0.743750 0.388793 0.168750 0.112069
0 1.0 0.040625 0.484483 0.081250 0.279310
0 1.0 0.084375 0.440517 0.028125 0.063793
0 1.0 0.277344 0.456034 0.189062 0.260345
0 1.0 0.842187 0.397414 0.109375 0.105172
0 1.0 0.264062 0.444828 0.068750 0.086207
0 1.0 0.462500 0.388793 0.246875 0.143103
0 1.0 0.892188 0.398276 0.168750 0.117241
0 1.0 0.194531 0.647414 0.389062 0.225862
0 1.0 0.501563 0.168103 0.096875 0.184483
0 1.0 0.511719 0.134483 0.242188 0.148276
0 1.0 0.444531 0.189655 0.064062 0.127586
0 1.0 0.446094 0.166379 0.107813 0.156897
0 1.0 0.456250 0.128448 0.206250 0.250000
0 1.0 0.541406 0.158621 0.123438 0.165517
0 1.0 0.295312 0.199138 0.065625 0.150000
0 1.0 0.285156 0.137069 0.245312 0.118966
0 1.0 0.294531 0.171552 0.120313 0.194828
0 1.0 0.318750 0.147414 0.040625 0.070690
0 1.0 0.300000 0.144828 0.203125 0.265517
0 1.0 0.396094 0.168103 0.082812 0.187931
0 1.0 0.728125 0.647414 0.509375 0.229310
0 1.0 0.619531 0.656897 0.410938 0.548276
0 1.0 0.549219 0.659483 0.539062 0.267241
0 1.0 0.619531 0.122414 0.264062 0.168966
0 1.0 0.610938 0.141379 0.128125 0.196552
0 1.0 0.528125 0.543103 0.600000 0.248276
0 1.0 0.788281 0.545690 0.423438 0.225862
0 1.0 0.475781 0.767241 0.579688 0.272414
0 1.0 0.082031 0.168103 0.104688 0.229310
0 1.0 0.121875 0.129310 0.175000 0.103448
0 1.0 0.346875 0.150000 0.143750 0.193103
0 1.0 0.028125 0.177586 0.056250 0.200000
0 1.0 0.094531 0.127586 0.101562 0.075862
0 1.0 0.130469 0.164655 0.120313 0.212069
0 1.0 0.824219 0.075862 0.304688 0.131034
0 1.0 0.203125 0.840517 0.406250 0.218966
0 1.0 0.826562 0.129310 0.068750 0.131034
0 1.0 0.055469 0.136207 0.110937 0.151724
0 1.0 0.960938 0.152586 0.046875 0.146552
0 1.0 0.925781 0.141379 0.120313 0.282759
0 1.0 0.941406 0.081897 0.117188 0.132759
0 1.0 0.789062 0.757759 0.421875 0.243103
0 1.0 0.195312 0.180172 0.062500 0.198276
0 1.0 0.185938 0.134483 0.278125 0.168966
0 1.0 0.187500 0.150000 0.134375 0.186207
0 1.0 0.344531 0.189655 0.054688 0.162069
0 1.0 0.382031 0.135345 0.104688 0.094828
0 1.0 0.270313 0.761207 0.475000 0.243103
0 1.0 0.239844 0.190517 0.070312 0.184483
0 1.0 0.606250 0.352586 0.600000 0.222414
0 1.0 0.649219 0.337931 0.389062 0.427586
0 1.0 0.791406 0.360345 0.417187 0.203448
0 1.0 0.475781 0.431897 0.632812 0.253448
0 1.0 0.961719 0.208621 0.057813 0.220690
0 1.0 0.099219 0.201724 0.198437 0.286207
0 1.0 0.029687 0.245690 0.053125 0.177586
0 1.0 0.100781 0.182759 0.089063 0.075862
0 1.0 0.056250 0.195690 0.100000 0.146552
0 1.0 0.227344 0.192241 0.204687 0.125862
0 1.0 0.201563 0.201724 0.034375 0.079310
0 1.0 0.131250 0.181034 0.137500 0.100000
0 1.0 0.298438 0.355172 0.596875 0.200000
0 1.0 0.245312 0.363793 0.390625 0.389655
0 1.0 0.628125 0.247414 0.600000 0.222414
0 1.0 0.792188 0.447414 0.415625 0.229310
0 1.0 0.231250 0.618103 0.200000 0.587931
0 1.0 0.265625 0.543966 0.528125 0.225862
0 1.0 0.140625 0.563793 0.281250 0.465517
0 1.0 0.832031 0.128448 0.182812 0.156897
0 1.0 0.819531 0.183621 0.104688 0.246552
0 1.0 0.817969 0.144828 0.260937 0.279310
0 1.0 0.767969 0.168103 0.110937 0.236207
0 1.0 0.703125 0.155172 0.140625 0.268966
0 1.0 0.875000 0.168103 0.103125 0.315517
0 1.0 0.944531 0.127586 0.110937 0.106897
0 1.0 0.768750 0.486207 0.203125 0.458621
0 1.0 0.662500 0.075000 0.084375 0.132759
0 1.0 0.820312 0.081897 0.059375 0.112069
0 1.0 0.814844 0.033621 0.214062 0.067241
0 1.0 0.829688 0.063793 0.043750 0.058621
0 1.0 0.767969 0.066379 0.070312 0.125862
0 1.0 0.712500 0.066379 0.065625 0.115517
0 1.0 0.567969 0.031897 0.135937 0.063793
0 1.0 0.506250 0.869828 0.759375 0.260345
0 1.0 0.728906 0.032759 0.204687 0.065517
0 1.0 0.721875 0.053448 0.125000 0.106897
0 1.0 0.705469 0.085345 0.279687 0.170690
0 1.0 0.354687 0.677586 0.609375 0.444828
0 1.0 0.183594 0.068103 0.079687 0.132759
0 1.0 0.293750 0.106897 0.075000 0.158621
0 1.0 0.285938 0.036207 0.128125 0.072414
0 1.0 0.549219 0.087931 0.067187 0.120690
0 1.0 0.703906 0.787069 0.592187 0.425862
0 1.0 0.464844 0.063793 0.110937 0.120690
0 1.0 0.507031 0.212069 0.860938 0.424138
0 1.0 0.183594 0.039655 0.139063 0.079310
0 1.0 0.233594 0.087931 0.067187 0.162069
0 1.0 0.245312 0.085345 0.243750 0.170690
0 1.0 0.503906 0.045690 0.207813 0.091379
0 1.0 0.443750 0.097414 0.043750 0.084483
0 1.0 0.508594 0.028448 0.048438 0.050000
0 1.0 0.396875 0.094828 0.081250 0.189655
0 1.0 0.667188 0.042241 0.196875 0.084483
0 1.0 0.600000 0.072414 0.081250 0.120690
0 1.0 0.623437 0.030172 0.146875 0.060345
0 1.0 0.421875 0.037069 0.215625 0.074138
0 1.0 0.396094 0.091379 0.226562 0.182759
0 1.0 0.350781 0.109483 0.051562 0.132759
0 1.0 0.335156 0.032759 0.057813 0.062069
0 1.0 0.507031 0.079310 0.092188 0.131034
0 1.0 0.357812 0.061207 0.112500 0.122414
0 1.0 0.564063 0.079310 0.315625 0.148276
0 1.0 0.839844 0.845690 0.320312 0.218966
0 1.0 0.372656 0.505172 0.692187 0.427586
0 1.0 0.159375 0.925000 0.318750 0.150000
0 1.0 0.424219 0.087069 0.123438 0.129310
0 1.0 0.708594 0.121552 0.101562 0.156897
0 1.0 0.858594 0.075862 0.148438 0.106897
0 1.0 0.878125 0.131897 0.071875 0.153448
0 1.0 0.658594 0.128448 0.126562 0.212069
0 1.0 0.875781 0.081034 0.048438 0.100000
0 1.0 0.861719 0.029310 0.098437 0.058621
0 1.0 0.662500 0.139655 0.665625 0.279310
0 1.0 0.025000 0.118966 0.046875 0.120690
0 1.0 0.372656 0.126724 0.745313 0.253448
0 1.0 0.904687 0.039655 0.184375 0.079310
0 1.0 0.564844 0.921552 0.567187 0.156897
0 1.0 0.961719 0.081034 0.035937 0.086207
0 1.0 0.958594 0.051724 0.082812 0.103448
0 1.0 0.130469 0.125000 0.073438 0.150000
0 1.0 0.813281 0.883621 0.173437 0.167241
0 1.0 0.764844 0.864655 0.085938 0.153448
0 1.0 0.039844 0.906034 0.079687 0.187931
0 1.0 0.967187 0.877586 0.040625 0.106897
0 1.0 0.928125 0.876724 0.143750 0.125862
0 1.0 0.657031 0.849138 0.076563 0.143103
0 1.0 0.650781 0.879310 0.339062 0.155172
0 1.0 0.074219 0.888793 0.148438 0.222414
0 1.0 0.264062 0.919828 0.215625 0.115517
0 1.0 0.916406 0.839655 0.114062 0.255172
0 1.0 0.192188 0.914655 0.100000 0.132759
0 1.0 0.132031 0.885345 0.110937 0.229310
0 1.0 0.828125 0.911207 0.053125 0.087931
0 1.0 0.748437 0.868103 0.203125 0.215517
0 1.0 0.716406 0.836207 0.073438 0.127586
0 1.0 0.401562 0.842241 0.109375 0.253448
0 1.0 0.389062 0.831897 0.237500 0.291379
0 1.0 0.341406 0.839655 0.079687 0.210345
0 1.0 0.341406 0.873276 0.173437 0.136207
0 1.0 0.607031 0.860345 0.089063 0.155172
0 1.0 0.602344 0.841379 0.348438 0.275862
0 1.0 0.434375 0.879310 0.100000 0.127586
0 1.0 0.871875 0.838793 0.118750 0.250000
0 1.0 0.811719 0.881897 0.126562 0.098276
0 1.0 0.505469 0.812069 0.120313 0.255172
0 1.0 0.502344 0.875000 0.289062 0.156897
0 1.0 0.439063 0.881034 0.118750 0.237931
0 1.0 0.484375 0.917241 0.228125 0.113793
0 1.0 0.714063 0.916379 0.106250 0.167241
0 1.0 0.227344 0.881034 0.110937 0.237931
0 1.0 0.655469 0.905172 0.110937 0.189655
0 1.0 0.335938 0.916379 0.253125 0.153448
0 1.0 0.862500 0.919828 0.190625 0.129310
0 1.0 0.346875 0.909483 0.121875 0.143103
0 1.0 0.062500 0.918966 0.125000 0.086207
0 1.0 0.550781 0.879310 0.129688 0.241379
0 1.0 0.566406 0.910345 0.282813 0.148276
0 1.0 0.691406 0.818966 0.317188 0.137931
0 1.0 0.393750 0.818103 0.328125 0.146552
0 1.0 0.434375 0.823276 0.090625 0.122414
0 1.0 0.603125 0.800000 0.146875 0.365517
0 1.0 0.814063 0.821552 0.165625 0.098276
0 1.0 0.849219 0.831897 0.085938 0.098276
0 1.0 0.549219 0.821552 0.223438 0.177586
0 1.0 0.108594 0.823276 0.139063 0.129310
0 1.0 0.256250 0.818966 0.109375 0.141379
0 1.0 0.477344 0.827586 0.123438 0.141379
0 1.0 0.078906 0.823276 0.064062 0.156897
0 1.0 0.111719 0.868103 0.223438 0.125862
0 1.0 0.260156 0.867241 0.232813 0.151724
0 1.0 0.289062 0.863793 0.075000 0.134483
0 1.0 0.939844 0.822414 0.120313 0.155172
0 1.0 0.192188 0.818103 0.056250 0.187931
0 1.0 0.034375 0.832759 0.046875 0.151724
0 1.0 0.055469 0.866379 0.110937 0.084483
0 1.0 0.658594 0.804310 0.164062 0.332759
0 1.0 0.134375 0.826724 0.075000 0.187931
0 1.0 0.768750 0.176724 0.346875 0.122414
0 1.0 0.703906 0.227586 0.095312 0.165517
0 1.0 0.766406 0.243103 0.085938 0.168966
0 1.0 0.603125 0.195690 0.100000 0.156897
0 1.0 0.945312 0.183621 0.109375 0.101724
0 1.0 0.882812 0.181034 0.234375 0.127586
0 1.0 0.261719 0.076724 0.523438 0.153448
0 1.0 0.128125 0.268966 0.112500 0.200000
0 1.0 0.660937 0.205172 0.106250 0.182759
0 1.0 0.820312 0.181897 0.096875 0.087931
0 1.0 0.055469 0.253448 0.110937 0.155172
0 1.0 0.407813 0.256897 0.656250 0.200000
0 1.0 0.364063 0.274138 0.396875 0.403448
0 1.0 0.745313 0.281034 0.231250 0.500000
0 1.0 0.549219 0.256034 0.442188 0.418966
0 1.0 0.410156 0.193103 0.067187 0.079310
0 1.0 0.366406 0.203448 0.051562 0.096552
0 1.0 0.518750 0.195690 0.062500 0.077586
0 1.0 0.471875 0.190517 0.065625 0.101724
0 1.0 0.441406 0.187931 0.289062 0.141379
0 1.0 0.194531 0.958621 0.101562 0.082759
0 1.0 0.459375 0.948276 0.131250 0.103448
0 1.0 0.401562 0.925000 0.087500 0.150000
0 1.0 0.087500 0.286207 0.075000 0.172414
0 1.0 0.116406 0.960345 0.135937 0.079310
0 1.0 0.029687 0.953448 0.059375 0.093103
0 1.0 0.062500 0.969828 0.065625 0.053448
0 1.0 0.351562 0.956897 0.181250 0.086207
0 1.0 0.289844 0.938793 0.092188 0.122414
0 1.0 0.313281 0.970690 0.082812 0.058621
0 1.0 0.553906 0.938793 0.092188 0.122414
0 1.0 0.614062 0.962069 0.112500 0.065517
0 1.0 0.589844 0.953448 0.182812 0.093103
0 1.0 0.501563 0.933621 0.100000 0.132759
0 1.0 0.530469 0.962069 0.095312 0.058621
0 1.0 0.252344 0.959483 0.117188 0.081034
0 1.0 0.137500 0.966379 0.078125 0.056897
0 1.0 0.746094 0.917241 0.310937 0.117241
0 1.0 0.766406 0.915517 0.110937 0.144828
0 1.0 0.970313 0.935345 0.059375 0.129310
0 1.0 0.935937 0.922414 0.128125 0.110345
0 1.0 0.285938 0.966379 0.056250 0.050000
0 1.0 0.221094 0.234483 0.251563 0.124138
0 1.0 0.185156 0.271552 0.095312 0.181034
0 1.0 0.790625 0.954310 0.162500 0.091379
0 1.0 0.922656 0.960345 0.154688 0.079310
0 1.0 0.809375 0.956897 0.084375 0.055172
0 1.0 0.128125 0.234483 0.175000 0.103448
0 1.0 0.032813 0.313793 0.043750 0.120690
0 1.0 0.186719 0.305172 0.051562 0.151724
0 1.0 0.885938 0.962931 0.050000 0.050000
0 1.0 0.467969 0.962069 0.082812 0.055172
0 1.0 0.707031 0.956897 0.145313 0.068966
0 1.0 0.346875 0.950862 0.081250 0.098276
0 1.0 0.382031 0.968966 0.079687 0.058621
0 1.0 0.864844 0.960345 0.107813 0.062069
0 1.0 0.453906 0.690517 0.210938 0.501724
0 1.0 0.134375 0.343966 0.268750 0.687931
0 1.0 0.746094 0.702586 0.298438 0.470690
0 1.0 0.151562 0.771552 0.231250 0.456897
0 1.0 0.683594 0.342241 0.632812 0.684483
0 1.0 0.748437 0.571552 0.490625 0.691379
0 1.0 0.311719 0.328448 0.623437 0.656897
0 1.0 0.194531 0.581034 0.364063 0.837931
0 1.0 0.346094 0.214655 0.210938 0.429310
0 1.0 0.242188 0.177586 0.390625 0.355172
0 1.0 0.870313 0.460345 0.259375 0.441379
0 1.0 0.218750 0.495690 0.156250 0.160345
0 1.0 0.917969 0.262931 0.164062 0.463793