0 1.0 0.483333 0.499219 0.429167 0.907813
0 1.0 0.151042 0.632031 0.297917 0.545312
0 1.0 0.721875 0.549219 0.202083 0.270313
0 1.0 0.056250 0.651563 0.112500 0.228125
0 1.0 0.125000 0.616406 0.145833 0.439063
0 1.0 0.125000 0.653125 0.250000 0.134375
0 1.0 0.858333 0.590625 0.266667 0.312500
0 1.0 0.827083 0.593750 0.270833 0.137500
0 1.0 0.802083 0.560937 0.141667 0.240625
0 1.0 0.110417 0.668750 0.079167 0.081250
0 1.0 0.052083 0.655469 0.104167 0.079687
0 1.0 0.563542 0.609375 0.139583 0.378125
0 1.0 0.571875 0.596875 0.114583 0.103125
0 1.0 0.492708 0.610938 0.114583 0.321875
0 1.0 0.178125 0.626563 0.177083 0.303125
0 1.0 0.721875 0.583594 0.268750 0.129688
0 1.0 0.448958 0.609375 0.260417 0.346875
0 1.0 0.671875 0.598437 0.143750 0.371875
0 1.0 0.552083 0.598437 0.245833 0.112500
0 1.0 0.904167 0.588281 0.170833 0.195312
0 1.0 0.817708 0.603906 0.143750 0.095312
0 1.0 0.411458 0.663281 0.147917 0.142187
0 1.0 0.386458 0.666406 0.227083 0.323437
0 1.0 0.619792 0.660156 0.272917 0.132812
0 1.0 0.291667 0.659375 0.304167 0.140625
0 1.0 0.610417 0.642969 0.166667 0.257812
0 1.0 0.290625 0.668750 0.243750 0.353125
0 1.0 0.551042 0.654687 0.256250 0.415625
0 1.0 0.736458 0.650781 0.264583 0.145313
0 1.0 0.329167 0.668750 0.091667 0.109375
0 1.0 0.961458 0.635938 0.068750 0.178125
0 1.0 0.934375 0.600781 0.131250 0.107813
0 1.0 0.236458 0.653906 0.164583 0.235937
0 1.0 0.483333 0.657031 0.233333 0.176563
0 1.0 0.076042 0.650781 0.135417 0.385937
0 1.0 0.606250 0.517969 0.179167 0.248438
0 1.0 0.577083 0.543750 0.233333 0.128125
0 1.0 0.440625 0.583594 0.118750 0.310937
0 1.0 0.470833 0.545312 0.241667 0.112500
0 1.0 0.054167 0.603906 0.087500 0.070312
0 1.0 0.058333 0.603125 0.041667 0.056250
0 1.0 0.861458 0.543750 0.135417 0.128125
0 1.0 0.232292 0.555469 0.110417 0.310937
0 1.0 0.503125 0.542969 0.189583 0.210938
0 1.0 0.168750 0.542969 0.258333 0.214062
0 1.0 0.391667 0.567187 0.125000 0.365625
0 1.0 0.301042 0.544531 0.147917 0.223438
0 1.0 0.247917 0.548438 0.212500 0.103125
0 1.0 0.285417 0.550781 0.075000 0.085938
0 1.0 0.235417 0.596875 0.220833 0.125000
0 1.0 0.471875 0.600781 0.118750 0.098437
0 1.0 0.109375 0.586719 0.218750 0.129688
0 1.0 0.122917 0.576562 0.108333 0.131250
0 1.0 0.403125 0.598437 0.218750 0.100000
0 1.0 0.650000 0.606250 0.133333 0.115625
0 1.0 0.308333 0.609375 0.050000 0.065625
0 1.0 0.180208 0.555469 0.122917 0.226562
0 1.0 0.811458 0.537500 0.285417 0.181250
0 1.0 0.103125 0.602344 0.106250 0.082812
0 1.0 0.118750 0.600000 0.050000 0.068750
0 1.0 0.325000 0.596875 0.162500 0.090625
0 1.0 0.051042 0.591406 0.089583 0.173437
0 1.0 0.930208 0.545312 0.139583 0.112500
0 1.0 0.719792 0.742188 0.193750 0.218750
0 1.0 0.653125 0.728125 0.135417 0.393750
0 1.0 0.688542 0.766406 0.289583 0.123438
0 1.0 0.384375 0.773438 0.185417 0.253125
0 1.0 0.325000 0.759375 0.283333 0.143750
0 1.0 0.317708 0.774219 0.231250 0.307812
0 1.0 0.627083 0.772656 0.129167 0.123438
0 1.0 0.604167 0.762500 0.154167 0.215625
0 1.0 0.547917 0.731250 0.133333 0.406250
0 1.0 0.526042 0.765625 0.289583 0.125000
0 1.0 0.557292 0.775781 0.114583 0.114062
0 1.0 0.838542 0.741406 0.285417 0.329688
0 1.0 0.484375 0.752344 0.281250 0.360938
0 1.0 0.113542 0.771875 0.152083 0.146875
0 1.0 0.038542 0.756250 0.077083 0.293750
0 1.0 0.916667 0.716406 0.166667 0.301563
0 1.0 0.869792 0.707812 0.260417 0.137500
0 1.0 0.308333 0.772656 0.150000 0.132812
0 1.0 0.234375 0.758594 0.210417 0.276562
0 1.0 0.462500 0.776563 0.137500 0.134375
0 1.0 0.084375 0.784375 0.168750 0.315625
0 1.0 0.129167 0.825000 0.108333 0.112500
0 1.0 0.071875 0.820312 0.143750 0.090625
0 1.0 0.291667 0.814844 0.312500 0.151562
0 1.0 0.842708 0.780469 0.110417 0.120313
0 1.0 0.319792 0.819531 0.093750 0.107813
0 1.0 0.872917 0.767188 0.254167 0.140625
0 1.0 0.507292 0.796094 0.143750 0.310937
0 1.0 0.480208 0.821875 0.285417 0.143750
0 1.0 0.161458 0.817187 0.285417 0.171875
0 1.0 0.471875 0.828906 0.131250 0.120313
0 1.0 0.419792 0.822656 0.122917 0.132812
0 1.0 0.076042 0.827344 0.047917 0.067187
0 1.0 0.958333 0.796875 0.062500 0.159375
0 1.0 0.943750 0.778906 0.112500 0.182812
0 1.0 0.762500 0.683594 0.170833 0.385937
0 1.0 0.334375 0.706250 0.160417 0.231250
0 1.0 0.313542 0.714844 0.127083 0.126562
0 1.0 0.878125 0.652344 0.243750 0.135937
0 1.0 0.167708 0.715625 0.285417 0.140625
0 1.0 0.445833 0.707031 0.300000 0.151562
0 1.0 0.111458 0.726562 0.102083 0.106250
0 1.0 0.463542 0.711719 0.110417 0.139063
0 1.0 0.935417 0.652344 0.129167 0.101562
0 1.0 0.057292 0.708594 0.114583 0.092188
0 1.0 0.066667 0.768750 0.058333 0.084375
0 1.0 0.929167 0.705469 0.141667 0.104688
0 1.0 0.829167 0.708594 0.145833 0.104688
0 1.0 0.164583 0.757031 0.170833 0.235937
0 1.0 0.068750 0.763281 0.137500 0.098437
0 1.0 0.411458 0.714844 0.122917 0.145313
0 1.0 0.622917 0.713281 0.283333 0.135937
0 1.0 0.573958 0.714844 0.127083 0.129688
0 1.0 0.653125 0.386719 0.064583 0.132812
0 1.0 0.662500 0.346094 0.254167 0.139063
0 1.0 0.640625 0.336719 0.231250 0.301563
0 1.0 0.855208 0.345313 0.206250 0.100000
0 1.0 0.893750 0.516406 0.212500 0.251563
0 1.0 0.865625 0.346094 0.247917 0.279687
0 1.0 0.548958 0.344531 0.306250 0.129688
0 1.0 0.545833 0.339062 0.091667 0.240625
0 1.0 0.537500 0.299219 0.262500 0.373437
0 1.0 0.505208 0.338281 0.072917 0.310937
0 1.0 0.876042 0.396875 0.064583 0.103125
0 1.0 0.823958 0.394531 0.072917 0.110937
0 1.0 0.820833 0.364844 0.183333 0.173437
0 1.0 0.762500 0.428906 0.070833 0.107813
0 1.0 0.051042 0.418750 0.102083 0.068750
0 1.0 0.078125 0.410156 0.156250 0.226562
0 1.0 0.965625 0.350781 0.035417 0.082812
0 1.0 0.721875 0.360156 0.256250 0.310937
0 1.0 0.721875 0.372656 0.189583 0.160938
0 1.0 0.287500 0.335938 0.225000 0.165625
0 1.0 0.336458 0.321875 0.227083 0.387500
0 1.0 0.235417 0.396875 0.087500 0.187500
0 1.0 0.242708 0.348438 0.231250 0.318750
0 1.0 0.189583 0.437500 0.050000 0.100000
0 1.0 0.503125 0.335938 0.135417 0.200000
0 1.0 0.432292 0.300781 0.060417 0.217188
0 1.0 0.701042 0.425781 0.064583 0.104688
0 1.0 0.453125 0.337500 0.122917 0.200000
0 1.0 0.384375 0.342187 0.272917 0.118750
0 1.0 0.389583 0.333594 0.170833 0.257812
0 1.0 0.596875 0.403125 0.177083 0.228125
0 1.0 0.548958 0.396875 0.310417 0.109375
0 1.0 0.232292 0.407031 0.264583 0.135937
0 1.0 0.191667 0.442188 0.091667 0.131250
0 1.0 0.443750 0.392969 0.183333 0.114062
0 1.0 0.709375 0.467969 0.072917 0.092188
0 1.0 0.320833 0.400000 0.233333 0.162500
0 1.0 0.959375 0.369531 0.056250 0.107813
0 1.0 0.926042 0.347656 0.147917 0.145313
0 1.0 0.135417 0.459375 0.108333 0.175000
0 1.0 0.156250 0.404687 0.137500 0.084375
0 1.0 0.133333 0.407031 0.254167 0.129688
0 1.0 0.066667 0.475000 0.083333 0.125000
0 1.0 0.031250 0.487500 0.058333 0.096875
0 1.0 0.390625 0.272656 0.122917 0.210938
0 1.0 0.344792 0.282813 0.114583 0.087500
0 1.0 0.607292 0.289844 0.177083 0.095312
0 1.0 0.602083 0.290625 0.091667 0.215625
0 1.0 0.208333 0.349219 0.245833 0.107813
0 1.0 0.293750 0.281250 0.162500 0.106250
0 1.0 0.306250 0.282031 0.112500 0.210938
0 1.0 0.548958 0.285938 0.268750 0.168750
0 1.0 0.502083 0.250000 0.100000 0.287500
0 1.0 0.766667 0.285938 0.250000 0.275000
0 1.0 0.431250 0.238281 0.095833 0.310937
0 1.0 0.400000 0.293750 0.062500 0.087500
0 1.0 0.447917 0.227344 0.275000 0.367188
0 1.0 0.465625 0.265625 0.064583 0.150000
0 1.0 0.047917 0.037500 0.095833 0.075000
0 1.0 0.536458 0.725781 0.927083 0.489063
0 1.0 0.187500 0.063281 0.070833 0.126562
0 1.0 0.229167 0.575781 0.416667 0.848437
0 1.0 0.242708 0.329688 0.043750 0.090625
0 1.0 0.748958 0.491406 0.447917 0.982812
0 1.0 0.555208 0.249219 0.889583 0.454688
0 1.0 0.248958 0.282813 0.177083 0.143750
0 1.0 0.187500 0.357031 0.058333 0.120313
0 1.0 0.139583 0.057813 0.087500 0.115625
0 1.0 0.133333 0.046875 0.233333 0.093750
0 1.0 0.072917 0.061719 0.075000 0.123438
0 1.0 0.112500 0.029687 0.125000 0.059375
0 1.0 0.021875 0.060156 0.043750 0.110937
0 1.0 0.054167 0.382812 0.079167 0.087500
0 1.0 0.963542 0.294531 0.043750 0.123438
0 1.0 0.956250 0.286719 0.087500 0.082812
0 1.0 0.935417 0.291406 0.129167 0.129688
0 1.0 0.917708 0.297656 0.118750 0.304688
0 1.0 0.197917 0.392188 0.075000 0.100000
0 1.0 0.141667 0.437500 0.062500 0.109375
0 1.0 0.072917 0.428906 0.058333 0.098437
0 1.0 0.131250 0.348438 0.175000 0.090625
0 1.0 0.107292 0.341406 0.214583 0.270313
0 1.0 0.027083 0.438281 0.037500 0.070312
0 1.0 0.732292 0.291406 0.231250 0.132812
0 1.0 0.653125 0.319531 0.072917 0.220312
0 1.0 0.657292 0.306250 0.047917 0.115625
0 1.0 0.884375 0.291406 0.043750 0.079687
0 1.0 0.875000 0.310156 0.095833 0.204687
0 1.0 0.844792 0.292187 0.089583 0.065625
0 1.0 0.556250 0.251563 0.087500 0.259375
0 1.0 0.839583 0.296094 0.166667 0.104688
0 1.0 0.819792 0.314063 0.097917 0.209375
0 1.0 0.708333 0.306250 0.045833 0.078125
0 1.0 0.770833 0.335938 0.083333 0.162500
0 1.0 0.780208 0.310937 0.047917 0.071875
0 1.0 0.059375 0.350781 0.118750 0.067187
0 1.0 0.703125 0.329688 0.077083 0.168750
0 1.0 0.750000 0.287500 0.141667 0.084375
0 1.0 0.234375 0.484375 0.189583 0.196875
0 1.0 0.493750 0.390625 0.191667 0.203125
0 1.0 0.408333 0.492969 0.316667 0.139063
0 1.0 0.405208 0.499219 0.289583 0.301563
0 1.0 0.500000 0.539844 0.087500 0.195312
0 1.0 0.280208 0.485938 0.118750 0.100000
0 1.0 0.327083 0.486719 0.166667 0.185938
0 1.0 0.814583 0.453906 0.075000 0.067187
0 1.0 0.877083 0.494531 0.075000 0.117188
0 1.0 0.816667 0.459375 0.170833 0.109375
0 1.0 0.080208 0.514844 0.131250 0.254688
0 1.0 0.112500 0.490625 0.225000 0.128125
0 1.0 0.040625 0.521094 0.081250 0.251563
0 1.0 0.961458 0.506250 0.043750 0.100000
0 1.0 0.090625 0.549219 0.147917 0.107813
0 1.0 0.340625 0.546875 0.164583 0.093750
0 1.0 0.053125 0.552344 0.093750 0.076563
0 1.0 0.962500 0.546094 0.054167 0.114062
0 1.0 0.926042 0.500781 0.147917 0.117188
0 1.0 0.570833 0.490625 0.229167 0.134375
0 1.0 0.901042 0.392188 0.197917 0.121875
0 1.0 0.913542 0.411719 0.147917 0.289062
0 1.0 0.744792 0.469531 0.227083 0.154688
0 1.0 0.811458 0.422656 0.256250 0.285938
0 1.0 0.088542 0.445312 0.043750 0.046875
0 1.0 0.059375 0.445312 0.118750 0.090625
0 1.0 0.246875 0.461719 0.093750 0.160938
0 1.0 0.834375 0.407813 0.143750 0.103125
0 1.0 0.819792 0.456250 0.097917 0.187500
0 1.0 0.754167 0.468750 0.100000 0.143750
0 1.0 0.763542 0.425781 0.168750 0.142187
0 1.0 0.964583 0.453906 0.058333 0.148438
0 1.0 0.652083 0.443750 0.083333 0.181250
0 1.0 0.647917 0.419531 0.162500 0.160938
0 1.0 0.558333 0.455469 0.087500 0.217188
0 1.0 0.409375 0.451562 0.197917 0.140625
0 1.0 0.496875 0.464062 0.047917 0.112500
0 1.0 0.501042 0.453906 0.231250 0.135937
0 1.0 0.442708 0.424219 0.047917 0.135937
0 1.0 0.508333 0.454688 0.054167 0.065625
0 1.0 0.520833 0.454688 0.125000 0.084375
0 1.0 0.945833 0.450000 0.108333 0.084375
0 1.0 0.917708 0.453906 0.164583 0.135937
0 1.0 0.626042 0.451562 0.127083 0.093750
0 1.0 0.193750 0.496875 0.075000 0.168750
0 1.0 0.455208 0.418750 0.289583 0.318750
0 1.0 0.165625 0.459375 0.243750 0.156250
0 1.0 0.464583 0.448437 0.100000 0.134375
0 1.0 0.394792 0.413281 0.118750 0.264062
0 1.0 0.687500 0.451562 0.129167 0.103125
0 1.0 0.329167 0.411719 0.125000 0.310937
0 1.0 0.291667 0.442969 0.137500 0.232813
0 1.0 0.316667 0.449219 0.058333 0.073438
0 1.0 0.443750 0.650781 0.529167 0.251563
0 1.0 0.568750 0.128906 0.179167 0.185938
0 1.0 0.509375 0.124219 0.139583 0.245312
0 1.0 0.483333 0.125000 0.283333 0.162500
0 1.0 0.745833 0.820312 0.183333 0.125000
0 1.0 0.604167 0.127344 0.175000 0.107813
0 1.0 0.441667 0.143750 0.129167 0.225000
0 1.0 0.473958 0.120313 0.135417 0.128125
0 1.0 0.390625 0.137500 0.139583 0.259375
0 1.0 0.783333 0.645312 0.325000 0.450000
0 1.0 0.770833 0.125781 0.187500 0.207813
0 1.0 0.709375 0.155469 0.102083 0.254688
0 1.0 0.731250 0.127344 0.220833 0.104688
0 1.0 0.650000 0.165625 0.079167 0.184375
0 1.0 0.664583 0.533594 0.458333 0.239063
0 1.0 0.678125 0.589844 0.285417 0.442188
0 1.0 0.334375 0.619531 0.435417 0.548438
0 1.0 0.602083 0.159375 0.087500 0.184375
0 1.0 0.654167 0.130469 0.212500 0.251563
0 1.0 0.130208 0.127344 0.168750 0.176563
0 1.0 0.252083 0.127344 0.233333 0.117188
0 1.0 0.251042 0.161719 0.097917 0.164062
0 1.0 0.242708 0.135156 0.252083 0.270313
0 1.0 0.186458 0.164844 0.089583 0.232813
0 1.0 0.026042 0.164844 0.052083 0.204687
0 1.0 0.055208 0.130469 0.110417 0.073438
0 1.0 0.070833 0.132812 0.141667 0.265625
0 1.0 0.965625 0.131250 0.047917 0.118750
0 1.0 0.947917 0.078125 0.104167 0.093750
0 1.0 0.676042 0.756250 0.510417 0.271875
0 1.0 0.050000 0.134375 0.100000 0.159375
0 1.0 0.670833 0.652344 0.483333 0.248438
0 1.0 0.363542 0.128125 0.177083 0.115625
0 1.0 0.134375 0.168750 0.089583 0.237500
0 1.0 0.145833 0.128125 0.275000 0.109375
0 1.0 0.301042 0.181250 0.085417 0.175000
0 1.0 0.304167 0.138281 0.120833 0.110937
0 1.0 0.345833 0.183594 0.137500 0.279687
0 1.0 0.381250 0.186719 0.087500 0.085938
0 1.0 0.338542 0.182031 0.231250 0.167187
0 1.0 0.357292 0.172656 0.097917 0.173437
0 1.0 0.391667 0.358594 0.579167 0.239063
0 1.0 0.527083 0.182031 0.141667 0.123438
0 1.0 0.260417 0.180469 0.208333 0.120313
0 1.0 0.201042 0.461719 0.402083 0.223438
0 1.0 0.123958 0.485938 0.247917 0.396875
0 1.0 0.181250 0.184375 0.287500 0.162500
0 1.0 0.537500 0.178125 0.283333 0.290625
0 1.0 0.765625 0.180469 0.260417 0.126562
0 1.0 0.728125 0.181250 0.243750 0.296875
0 1.0 0.483333 0.178906 0.066667 0.092188
0 1.0 0.616667 0.175781 0.200000 0.110937
0 1.0 0.862500 0.129688 0.225000 0.259375
0 1.0 0.823958 0.128125 0.231250 0.121875
0 1.0 0.433333 0.450781 0.587500 0.226562
0 1.0 0.944792 0.136719 0.110417 0.157812
0 1.0 0.437500 0.543750 0.600000 0.234375
0 1.0 0.877083 0.126562 0.100000 0.087500
0 1.0 0.877083 0.135937 0.108333 0.209375
0 1.0 0.201042 0.196094 0.056250 0.089063
0 1.0 0.133333 0.202344 0.266667 0.329688
0 1.0 0.071875 0.227344 0.106250 0.304688
0 1.0 0.108333 0.183594 0.216667 0.107813
0 1.0 0.036458 0.187500 0.072917 0.087500
0 1.0 0.710417 0.057031 0.158333 0.114062
0 1.0 0.655208 0.072656 0.072917 0.139063
0 1.0 0.656250 0.031250 0.162500 0.062500
0 1.0 0.770833 0.053906 0.087500 0.107813
0 1.0 0.547917 0.091406 0.066667 0.139063
0 1.0 0.647917 0.872656 0.704167 0.254688
0 1.0 0.342708 0.878906 0.685417 0.242188
0 1.0 0.564583 0.031250 0.120833 0.062500
0 1.0 0.941667 0.045312 0.116667 0.090625
0 1.0 0.906250 0.081250 0.187500 0.162500
0 1.0 0.872917 0.064062 0.083333 0.128125
0 1.0 0.883333 0.028906 0.104167 0.057813
0 1.0 0.864583 0.042969 0.212500 0.085938
0 1.0 0.788542 0.511719 0.422917 0.345313
0 1.0 0.819792 0.053906 0.085417 0.107813
0 1.0 0.767708 0.032813 0.202083 0.065625
0 1.0 0.306250 0.061719 0.095833 0.117188
0 1.0 0.238542 0.070312 0.081250 0.140625
0 1.0 0.258333 0.033594 0.145833 0.067187
0 1.0 0.240625 0.048438 0.222917 0.096875
0 1.0 0.189583 0.034375 0.150000 0.068750
0 1.0 0.356250 0.089844 0.066667 0.104688
0 1.0 0.606250 0.063281 0.145833 0.126562
0 1.0 0.353125 0.085156 0.235417 0.170313
0 1.0 0.341667 0.043750 0.170833 0.087500
0 1.0 0.329167 0.342969 0.658333 0.685937
0 1.0 0.185417 0.080469 0.250000 0.160938
0 1.0 0.510417 0.070312 0.104167 0.140625
0 1.0 0.493750 0.040625 0.212500 0.081250
0 1.0 0.442708 0.068750 0.085417 0.128125
0 1.0 0.498958 0.032031 0.077083 0.051562
0 1.0 0.598958 0.091406 0.072917 0.142187
0 1.0 0.383333 0.094531 0.070833 0.135937
0 1.0 0.365625 0.035156 0.068750 0.048438
0 1.0 0.430208 0.038281 0.147917 0.073438
0 1.0 0.221875 0.922656 0.443750 0.154688
0 1.0 0.830208 0.849219 0.339583 0.207813
0 1.0 0.554167 0.137500 0.083333 0.165625
0 1.0 0.820833 0.078125 0.270833 0.131250
0 1.0 0.819792 0.104688 0.118750 0.209375
0 1.0 0.782292 0.921094 0.435417 0.157812
0 1.0 0.491667 0.128906 0.708333 0.257812
0 1.0 0.044792 0.082812 0.089583 0.087500
0 1.0 0.963542 0.075781 0.035417 0.073438
0 1.0 0.246875 0.301563 0.493750 0.309375
0 1.0 0.748958 0.122656 0.502083 0.245312
0 1.0 0.371875 0.082031 0.164583 0.107813
0 1.0 0.543750 0.922656 0.579167 0.154688
0 1.0 0.301042 0.090625 0.152083 0.125000
0 1.0 0.187500 0.098437 0.120833 0.196875
0 1.0 0.086458 0.914062 0.172917 0.112500
0 1.0 0.047917 0.910156 0.095833 0.167187
0 1.0 0.959375 0.857812 0.043750 0.090625
0 1.0 0.293750 0.931250 0.145833 0.100000
0 1.0 0.231250 0.910937 0.120833 0.178125
0 1.0 0.917708 0.864062 0.127083 0.150000
0 1.0 0.494792 0.907813 0.222917 0.140625
0 1.0 0.173958 0.916406 0.172917 0.129688
0 1.0 0.131250 0.913281 0.100000 0.173437
0 1.0 0.403125 0.914844 0.322917 0.120313
0 1.0 0.394792 0.900000 0.172917 0.187500
0 1.0 0.721875 0.801562 0.068750 0.096875
0 1.0 0.876042 0.835938 0.089583 0.128125
0 1.0 0.607292 0.870313 0.077083 0.128125
0 1.0 0.576042 0.875781 0.322917 0.132812
0 1.0 0.554167 0.851562 0.079167 0.137500
0 1.0 0.873958 0.863281 0.168750 0.098437
0 1.0 0.746875 0.865625 0.289583 0.125000
0 1.0 0.770833 0.803906 0.083333 0.098437
0 1.0 0.923958 0.914844 0.152083 0.142187
0 1.0 0.605208 0.914844 0.118750 0.135937
0 1.0 0.550000 0.907813 0.108333 0.165625
0 1.0 0.869792 0.905469 0.210417 0.176563
0 1.0 0.134375 0.943750 0.168750 0.112500
0 1.0 0.093750 0.955469 0.108333 0.067187
0 1.0 0.707292 0.892188 0.118750 0.206250
0 1.0 0.664583 0.902344 0.270833 0.195312
0 1.0 0.664583 0.913281 0.158333 0.132812
0 1.0 0.503125 0.914062 0.106250 0.156250
0 1.0 0.765625 0.889062 0.118750 0.206250
0 1.0 0.668750 0.803125 0.266667 0.306250
0 1.0 0.589583 0.819531 0.245833 0.126562
0 1.0 0.879167 0.796875 0.154167 0.259375
0 1.0 0.833333 0.822656 0.220833 0.123438
0 1.0 0.125000 0.852344 0.141667 0.204687
0 1.0 0.772917 0.789844 0.237500 0.223438
0 1.0 0.075000 0.852344 0.075000 0.145313
0 1.0 0.657292 0.844531 0.077083 0.110937
0 1.0 0.293750 0.902344 0.070833 0.110937
0 1.0 0.257292 0.884375 0.306250 0.121875
0 1.0 0.814583 0.821094 0.091667 0.132812
0 1.0 0.438542 0.855469 0.060417 0.092188
0 1.0 0.438542 0.867188 0.127083 0.137500
0 1.0 0.036458 0.861719 0.068750 0.148438
0 1.0 0.068750 0.875781 0.112500 0.076563
0 1.0 0.079167 0.884375 0.050000 0.068750
0 1.0 0.506250 0.867188 0.062500 0.096875
0 1.0 0.195833 0.864844 0.108333 0.204687
0 1.0 0.152083 0.884375 0.275000 0.150000
0 1.0 0.390625 0.842969 0.114583 0.198437
0 1.0 0.397917 0.844531 0.279167 0.251563
0 1.0 0.342708 0.827344 0.114583 0.220312
0 1.0 0.381250 0.223438 0.187500 0.134375
0 1.0 0.408333 0.218750 0.058333 0.106250
0 1.0 0.646875 0.228906 0.206250 0.285938
0 1.0 0.608333 0.232813 0.216667 0.109375
0 1.0 0.656250 0.249219 0.070833 0.179688
0 1.0 0.285417 0.235937 0.158333 0.115625
0 1.0 0.511458 0.227344 0.260417 0.145313
0 1.0 0.869792 0.248438 0.122917 0.365625
0 1.0 0.845833 0.235156 0.150000 0.095312
0 1.0 0.814583 0.234375 0.283333 0.128125
0 1.0 0.816667 0.235937 0.183333 0.240625
0 1.0 0.771875 0.246875 0.089583 0.193750
0 1.0 0.712500 0.241406 0.083333 0.201563
0 1.0 0.029167 0.266406 0.058333 0.182812
0 1.0 0.967708 0.192969 0.064583 0.170313
0 1.0 0.381250 0.239063 0.558333 0.243750
0 1.0 0.907292 0.181250 0.185417 0.125000
0 1.0 0.918750 0.185938 0.125000 0.262500
0 1.0 0.739583 0.246875 0.520833 0.218750
0 1.0 0.240625 0.273438 0.097917 0.275000
0 1.0 0.187500 0.275000 0.104167 0.215625
0 1.0 0.383333 0.227344 0.087500 0.110937
0 1.0 0.132292 0.270313 0.093750 0.278125
0 1.0 0.144792 0.232031 0.289583 0.132812
0 1.0 0.292708 0.238281 0.197917 0.354687
0 1.0 0.058333 0.232813 0.116667 0.090625
0 1.0 0.632292 0.960156 0.131250 0.060937
0 1.0 0.614583 0.953906 0.225000 0.092188
0 1.0 0.332292 0.953906 0.131250 0.060937
0 1.0 0.530208 0.955469 0.160417 0.064062
0 1.0 0.509375 0.949219 0.277083 0.101562
0 1.0 0.758333 0.960938 0.162500 0.078125
0 1.0 0.393750 0.932813 0.112500 0.134375
0 1.0 0.418750 0.953906 0.208333 0.076563
0 1.0 0.961458 0.915625 0.068750 0.168750
0 1.0 0.276042 0.953906 0.118750 0.060937
0 1.0 0.446875 0.944531 0.093750 0.110937
0 1.0 0.219792 0.953125 0.135417 0.062500
0 1.0 0.346875 0.939063 0.106250 0.121875
0 1.0 0.072917 0.332813 0.066667 0.143750
0 1.0 0.103125 0.285938 0.131250 0.081250
0 1.0 0.075000 0.311719 0.041667 0.076563
0 1.0 0.944792 0.959375 0.110417 0.081250
0 1.0 0.088542 0.294531 0.147917 0.164062
0 1.0 0.027083 0.357031 0.041667 0.114062
0 1.0 0.053125 0.289844 0.093750 0.060937
0 1.0 0.862500 0.954688 0.162500 0.090625
0 1.0 0.942708 0.228125 0.114583 0.100000
0 1.0 0.143750 0.303125 0.129167 0.143750
0 1.0 0.364583 0.080469 0.529167 0.160938
0 1.0 0.582292 0.958594 0.135417 0.060937
0 1.0 0.819792 0.927344 0.102083 0.145313
0 1.0 0.204167 0.312500 0.058333 0.087500
0 1.0 0.150000 0.327344 0.045833 0.079687
0 1.0 0.709375 0.946094 0.089583 0.107813
0 1.0 0.139583 0.344531 0.070833 0.145313
0 1.0 0.344792 0.496875 0.235417 0.596875
0 1.0 0.541667 0.480469 0.212500 0.632812
0 1.0 0.652083 0.203906 0.383333 0.407813
0 1.0 0.820833 0.257031 0.358333 0.442188
0 1.0 0.073958 0.354687 0.147917 0.546875
0 1.0 0.540625 0.091406 0.447917 0.182812
0 1.0 0.875000 0.657813 0.250000 0.684375
0 1.0 0.741667 0.346875 0.516667 0.218750
0 1.0 0.848958 0.375781 0.189583 0.548438
0 1.0 0.248958 0.496875 0.247917 0.490625
0 1.0 0.244792 0.542188 0.489583 0.265625
0 1.0 0.244792 0.754687 0.489583 0.281250
0 1.0 0.751042 0.779687 0.293750 0.415625
0 1.0 0.925000 0.837500 0.150000 0.325000
0 1.0 0.544792 0.864844 0.252083 0.270313
0 1.0 0.915625 0.257812 0.168750 0.490625