0 1.0 0.723000 0.518717 0.246000 0.438503
0 1.0 0.345000 0.576203 0.190000 0.227273
0 1.0 0.269000 0.601604 0.202000 0.090909
0 1.0 0.291000 0.582888 0.154000 0.331551
0 1.0 0.329000 0.602941 0.026000 0.045455
0 1.0 0.555000 0.598930 0.130000 0.197861
0 1.0 0.569000 0.605615 0.078000 0.082888
0 1.0 0.571000 0.564171 0.234000 0.299465
0 1.0 0.487000 0.592246 0.090000 0.264706
0 1.0 0.269000 0.598930 0.058000 0.069519
0 1.0 0.243000 0.594920 0.170000 0.227273
0 1.0 0.179000 0.631016 0.106000 0.422460
0 1.0 0.183000 0.600267 0.182000 0.098930
0 1.0 0.452000 0.578877 0.104000 0.323529
0 1.0 0.449000 0.608289 0.162000 0.088235
0 1.0 0.505000 0.610963 0.034000 0.050802
0 1.0 0.425000 0.565508 0.262000 0.307487
0 1.0 0.669000 0.585561 0.110000 0.288770
0 1.0 0.626000 0.609626 0.228000 0.117647
0 1.0 0.199000 0.601604 0.082000 0.096257
0 1.0 0.374000 0.596257 0.084000 0.085561
0 1.0 0.058000 0.600267 0.116000 0.216578
0 1.0 0.238000 0.635027 0.116000 0.435829
0 1.0 0.944000 0.564171 0.112000 0.181818
0 1.0 0.913000 0.570856 0.122000 0.393048
0 1.0 0.131000 0.622995 0.114000 0.406417
0 1.0 0.820000 0.550802 0.128000 0.090909
0 1.0 0.878000 0.552139 0.244000 0.125668
0 1.0 0.180000 0.600267 0.136000 0.211230
0 1.0 0.393000 0.604278 0.246000 0.112299
0 1.0 0.444000 0.602941 0.056000 0.072193
0 1.0 0.095000 0.600267 0.190000 0.098930
0 1.0 0.109000 0.601604 0.062000 0.080214
0 1.0 0.044000 0.605615 0.088000 0.077540
0 1.0 0.054000 0.610963 0.040000 0.061497
0 1.0 0.965000 0.657754 0.062000 0.187166
0 1.0 0.220000 0.657754 0.304000 0.128342
0 1.0 0.246000 0.660428 0.120000 0.117647
0 1.0 0.907000 0.606952 0.186000 0.165775
0 1.0 0.792000 0.608289 0.124000 0.088235
0 1.0 0.855000 0.617647 0.050000 0.069519
0 1.0 0.844000 0.592246 0.240000 0.355615
0 1.0 0.148000 0.660428 0.104000 0.112299
0 1.0 0.398000 0.641711 0.152000 0.304813
0 1.0 0.046000 0.667112 0.036000 0.066845
0 1.0 0.100000 0.661765 0.080000 0.098930
0 1.0 0.038000 0.679144 0.068000 0.288770
0 1.0 0.042000 0.657754 0.084000 0.085561
0 1.0 0.438000 0.657754 0.080000 0.090909
0 1.0 0.647000 0.612299 0.106000 0.101604
0 1.0 0.542000 0.605615 0.220000 0.114973
0 1.0 0.800000 0.604278 0.300000 0.133690
0 1.0 0.529000 0.606952 0.062000 0.069519
0 1.0 0.131000 0.668449 0.222000 0.347594
0 1.0 0.074000 0.679144 0.100000 0.438503
0 1.0 0.712000 0.550802 0.124000 0.379679
0 1.0 0.934000 0.501337 0.132000 0.136364
0 1.0 0.162000 0.601604 0.072000 0.090909
0 1.0 0.870000 0.520053 0.128000 0.393048
0 1.0 0.799000 0.494652 0.102000 0.085561
0 1.0 0.156000 0.548128 0.232000 0.122995
0 1.0 0.796000 0.490642 0.312000 0.147059
0 1.0 0.397000 0.510695 0.146000 0.326203
0 1.0 0.089000 0.546791 0.178000 0.360963
0 1.0 0.055000 0.552139 0.110000 0.082888
0 1.0 0.327000 0.545455 0.074000 0.096257
0 1.0 0.664000 0.493316 0.184000 0.291444
0 1.0 0.620000 0.495989 0.188000 0.120321
0 1.0 0.481000 0.498663 0.086000 0.275401
0 1.0 0.495000 0.497326 0.178000 0.122995
0 1.0 0.480000 0.475936 0.244000 0.347594
0 1.0 0.798000 0.493316 0.196000 0.280749
0 1.0 0.960000 0.561497 0.048000 0.144385
0 1.0 0.669000 0.549465 0.250000 0.136364
0 1.0 0.307000 0.548128 0.238000 0.122995
0 1.0 0.552000 0.556150 0.236000 0.144385
0 1.0 0.187000 0.562834 0.230000 0.360963
0 1.0 0.431000 0.557487 0.226000 0.125668
0 1.0 0.136000 0.778075 0.192000 0.288770
0 1.0 0.120000 0.764706 0.240000 0.128342
0 1.0 0.342000 0.792781 0.148000 0.328877
0 1.0 0.304000 0.764706 0.284000 0.139037
0 1.0 0.051000 0.782086 0.102000 0.350267
0 1.0 0.068000 0.772727 0.024000 0.053476
0 1.0 0.966000 0.724599 0.060000 0.160428
0 1.0 0.945000 0.712567 0.110000 0.104278
0 1.0 0.929000 0.693850 0.142000 0.275401
0 1.0 0.061000 0.762032 0.122000 0.090909
0 1.0 0.263000 0.776738 0.066000 0.088235
0 1.0 0.292000 0.771390 0.184000 0.237968
0 1.0 0.500000 0.768717 0.140000 0.344920
0 1.0 0.532000 0.771390 0.116000 0.114973
0 1.0 0.445000 0.762032 0.118000 0.417112
0 1.0 0.188000 0.768717 0.176000 0.157754
0 1.0 0.788000 0.712567 0.164000 0.131016
0 1.0 0.760000 0.676471 0.252000 0.267380
0 1.0 0.707000 0.683155 0.110000 0.264706
0 1.0 0.742000 0.711230 0.124000 0.106952
0 1.0 0.667000 0.701872 0.322000 0.131016
0 1.0 0.882000 0.715241 0.164000 0.147059
0 1.0 0.606000 0.696524 0.144000 0.227273
0 1.0 0.231000 0.776738 0.246000 0.387701
0 1.0 0.180000 0.783422 0.112000 0.401070
0 1.0 0.865000 0.671123 0.118000 0.299465
0 1.0 0.776000 0.719251 0.076000 0.090909
0 1.0 0.820000 0.665775 0.108000 0.288770
0 1.0 0.127000 0.775401 0.078000 0.106952
0 1.0 0.829000 0.724599 0.042000 0.074866
0 1.0 0.820000 0.759358 0.228000 0.139037
0 1.0 0.062000 0.819519 0.124000 0.093583
0 1.0 0.713000 0.756684 0.334000 0.128342
0 1.0 0.663000 0.727273 0.114000 0.240642
0 1.0 0.937000 0.762032 0.126000 0.101604
0 1.0 0.180000 0.815508 0.288000 0.128342
0 1.0 0.845000 0.770053 0.058000 0.080214
0 1.0 0.863000 0.759358 0.246000 0.251337
0 1.0 0.440000 0.768717 0.316000 0.131016
0 1.0 0.479000 0.775401 0.078000 0.096257
0 1.0 0.421000 0.774064 0.270000 0.355615
0 1.0 0.414000 0.772727 0.128000 0.139037
0 1.0 0.616000 0.752674 0.264000 0.286096
0 1.0 0.561000 0.763369 0.286000 0.120321
0 1.0 0.587000 0.767380 0.094000 0.096257
0 1.0 0.717000 0.668449 0.142000 0.133690
0 1.0 0.884000 0.660428 0.232000 0.133690
0 1.0 0.620000 0.656417 0.252000 0.120321
0 1.0 0.776000 0.664439 0.076000 0.082888
0 1.0 0.824000 0.668449 0.048000 0.080214
0 1.0 0.122000 0.717914 0.084000 0.104278
0 1.0 0.771000 0.602941 0.126000 0.307487
0 1.0 0.122000 0.711230 0.244000 0.122995
0 1.0 0.662000 0.637701 0.260000 0.237968
0 1.0 0.331000 0.656417 0.202000 0.109626
0 1.0 0.341000 0.637701 0.274000 0.371658
0 1.0 0.584000 0.651070 0.088000 0.082888
0 1.0 0.517000 0.649733 0.202000 0.090909
0 1.0 0.299000 0.664439 0.054000 0.072193
0 1.0 0.539000 0.648396 0.094000 0.088235
0 1.0 0.501000 0.632353 0.242000 0.280749
0 1.0 0.500000 0.655080 0.052000 0.069519
0 1.0 0.390000 0.704545 0.316000 0.136364
0 1.0 0.424000 0.712567 0.104000 0.114973
0 1.0 0.682000 0.704545 0.148000 0.114973
0 1.0 0.232000 0.712567 0.256000 0.120321
0 1.0 0.273000 0.720588 0.078000 0.088235
0 1.0 0.543000 0.699198 0.130000 0.275401
0 1.0 0.558000 0.703209 0.192000 0.096257
0 1.0 0.587000 0.705882 0.074000 0.074866
0 1.0 0.450000 0.699198 0.160000 0.221925
0 1.0 0.492000 0.715241 0.064000 0.077540
0 1.0 0.077000 0.705882 0.154000 0.256684
0 1.0 0.048000 0.709893 0.096000 0.093583
0 1.0 0.049000 0.716578 0.034000 0.064171
0 1.0 0.947000 0.657754 0.106000 0.106952
0 1.0 0.540000 0.708556 0.092000 0.085561
0 1.0 0.169000 0.715241 0.098000 0.109626
0 1.0 0.830000 0.282086 0.228000 0.093583
0 1.0 0.831000 0.244652 0.038000 0.072193
0 1.0 0.068000 0.346257 0.096000 0.339572
0 1.0 0.102000 0.338235 0.204000 0.168449
0 1.0 0.769000 0.298128 0.262000 0.270053
0 1.0 0.715000 0.284759 0.098000 0.211230
0 1.0 0.737000 0.280749 0.246000 0.096257
0 1.0 0.731000 0.259358 0.038000 0.069519
0 1.0 0.667000 0.300802 0.090000 0.195187
0 1.0 0.964000 0.284759 0.044000 0.114973
0 1.0 0.956000 0.284759 0.088000 0.088235
0 1.0 0.925000 0.290107 0.150000 0.136364
0 1.0 0.257000 0.340909 0.222000 0.270053
0 1.0 0.261000 0.360963 0.130000 0.165775
0 1.0 0.822000 0.276738 0.108000 0.264706
0 1.0 0.184000 0.360963 0.108000 0.224599
0 1.0 0.878000 0.252674 0.092000 0.216578
0 1.0 0.836000 0.283422 0.088000 0.058824
0 1.0 0.891000 0.228610 0.030000 0.056150
0 1.0 0.863000 0.295455 0.246000 0.254011
0 1.0 0.185000 0.394385 0.058000 0.184492
0 1.0 0.784000 0.241979 0.032000 0.072193
0 1.0 0.499000 0.312834 0.142000 0.149733
0 1.0 0.445000 0.356952 0.078000 0.125668
0 1.0 0.442000 0.331551 0.136000 0.155080
0 1.0 0.437000 0.299465 0.242000 0.262032
0 1.0 0.473000 0.323529 0.074000 0.101604
0 1.0 0.397000 0.323529 0.110000 0.155080
0 1.0 0.679000 0.274064 0.038000 0.066845
0 1.0 0.669000 0.290107 0.242000 0.259358
0 1.0 0.602000 0.306150 0.092000 0.189840
0 1.0 0.366000 0.298128 0.228000 0.152406
0 1.0 0.917000 0.268717 0.110000 0.270053
0 1.0 0.629000 0.287433 0.246000 0.104278
0 1.0 0.606000 0.290107 0.040000 0.072193
0 1.0 0.545000 0.328877 0.102000 0.208556
0 1.0 0.544000 0.307487 0.260000 0.251337
0 1.0 0.771000 0.267380 0.094000 0.245989
0 1.0 0.488000 0.371658 0.092000 0.224599
0 1.0 0.496000 0.342246 0.280000 0.144385
0 1.0 0.764000 0.352941 0.092000 0.192513
0 1.0 0.769000 0.352941 0.294000 0.122995
0 1.0 0.394000 0.383690 0.084000 0.168449
0 1.0 0.719000 0.364973 0.242000 0.243316
0 1.0 0.671000 0.393048 0.062000 0.139037
0 1.0 0.912000 0.355615 0.144000 0.278075
0 1.0 0.607000 0.354278 0.262000 0.157754
0 1.0 0.206000 0.359626 0.056000 0.114973
0 1.0 0.126000 0.375668 0.076000 0.275401
0 1.0 0.133000 0.334225 0.222000 0.352941
0 1.0 0.345000 0.399733 0.066000 0.152406
0 1.0 0.385000 0.350267 0.206000 0.117647
0 1.0 0.346000 0.377005 0.124000 0.192513
0 1.0 0.067000 0.338235 0.134000 0.093583
0 1.0 0.672000 0.374332 0.152000 0.155080
0 1.0 0.611000 0.383690 0.098000 0.205882
0 1.0 0.302000 0.403743 0.064000 0.144385
0 1.0 0.328000 0.371658 0.060000 0.112299
0 1.0 0.242000 0.381016 0.064000 0.136364
0 1.0 0.492000 0.244652 0.068000 0.098930
0 1.0 0.688000 0.229947 0.316000 0.117647
0 1.0 0.698000 0.227273 0.148000 0.112299
0 1.0 0.375000 0.236631 0.310000 0.120321
0 1.0 0.296000 0.326203 0.056000 0.117647
0 1.0 0.245000 0.247326 0.294000 0.109626
0 1.0 0.602000 0.237968 0.080000 0.160428
0 1.0 0.609000 0.237968 0.258000 0.272727
0 1.0 0.564000 0.233957 0.348000 0.120321
0 1.0 0.544000 0.251337 0.116000 0.203209
0 1.0 0.825000 0.232620 0.242000 0.144385
0 1.0 0.515000 0.239305 0.138000 0.125668
0 1.0 0.445000 0.298128 0.074000 0.147059
0 1.0 0.442000 0.247326 0.112000 0.114973
0 1.0 0.352000 0.310160 0.068000 0.155080
0 1.0 0.556000 0.724599 0.888000 0.497326
0 1.0 0.297000 0.296791 0.106000 0.144385
0 1.0 0.264000 0.540107 0.492000 0.919786
0 1.0 0.188000 0.065508 0.124000 0.131016
0 1.0 0.181000 0.049465 0.262000 0.098930
0 1.0 0.286000 0.263369 0.044000 0.056150
0 1.0 0.304000 0.256684 0.256000 0.267380
0 1.0 0.158000 0.036096 0.140000 0.072193
0 1.0 0.393000 0.248663 0.142000 0.267380
0 1.0 0.140000 0.088235 0.256000 0.176471
0 1.0 0.076000 0.072193 0.076000 0.139037
0 1.0 0.109000 0.042781 0.138000 0.085561
0 1.0 0.737000 0.564171 0.454000 0.871658
0 1.0 0.165000 0.283422 0.106000 0.090909
0 1.0 0.136000 0.306150 0.048000 0.131016
0 1.0 0.144000 0.282086 0.180000 0.147059
0 1.0 0.669000 0.221925 0.182000 0.181818
0 1.0 0.072000 0.284759 0.096000 0.082888
0 1.0 0.047000 0.275401 0.094000 0.187166
0 1.0 0.968000 0.235294 0.064000 0.192513
0 1.0 0.413000 0.295455 0.090000 0.077540
0 1.0 0.373000 0.322193 0.066000 0.098930
0 1.0 0.334000 0.331551 0.032000 0.064171
0 1.0 0.264000 0.286096 0.156000 0.096257
0 1.0 0.215000 0.306150 0.026000 0.061497
0 1.0 0.939000 0.233957 0.122000 0.104278
0 1.0 0.721000 0.224599 0.078000 0.165775
0 1.0 0.723000 0.229947 0.242000 0.251337
0 1.0 0.242000 0.331551 0.032000 0.064171
0 1.0 0.842000 0.233957 0.080000 0.093583
0 1.0 0.881000 0.479947 0.082000 0.184492
0 1.0 0.808000 0.438503 0.204000 0.128342
0 1.0 0.589000 0.437166 0.098000 0.098930
0 1.0 0.555000 0.447861 0.166000 0.339572
0 1.0 0.477000 0.435829 0.158000 0.117647
0 1.0 0.046000 0.481283 0.092000 0.363636
0 1.0 0.047000 0.498663 0.094000 0.114973
0 1.0 0.962000 0.502674 0.044000 0.112299
0 1.0 0.740000 0.438503 0.232000 0.181818
0 1.0 0.815000 0.439840 0.038000 0.061497
0 1.0 0.678000 0.461230 0.096000 0.237968
0 1.0 0.305000 0.443850 0.074000 0.080214
0 1.0 0.254000 0.477273 0.076000 0.179144
0 1.0 0.269000 0.442513 0.238000 0.163102
0 1.0 0.187000 0.477273 0.062000 0.243316
0 1.0 0.239000 0.453209 0.066000 0.072193
0 1.0 0.451000 0.453209 0.090000 0.205882
0 1.0 0.432000 0.434492 0.232000 0.184492
0 1.0 0.184000 0.450535 0.068000 0.072193
0 1.0 0.148000 0.449198 0.208000 0.149733
0 1.0 0.150000 0.450535 0.092000 0.157754
0 1.0 0.462000 0.438503 0.044000 0.069519
0 1.0 0.340000 0.458556 0.096000 0.232620
0 1.0 0.360000 0.445187 0.044000 0.072193
0 1.0 0.607000 0.438503 0.242000 0.197861
0 1.0 0.321000 0.458556 0.218000 0.270053
0 1.0 0.280000 0.493316 0.280000 0.131016
0 1.0 0.249000 0.505348 0.122000 0.278075
0 1.0 0.415000 0.497326 0.306000 0.144385
0 1.0 0.890000 0.441176 0.220000 0.165775
0 1.0 0.156000 0.498663 0.160000 0.147059
0 1.0 0.109000 0.497326 0.178000 0.106952
0 1.0 0.950000 0.459893 0.100000 0.144385
0 1.0 0.121000 0.450535 0.094000 0.077540
0 1.0 0.164000 0.395722 0.124000 0.128342
0 1.0 0.101000 0.394385 0.166000 0.147059
0 1.0 0.376000 0.394385 0.264000 0.131016
0 1.0 0.300000 0.411765 0.132000 0.240642
0 1.0 0.286000 0.391711 0.224000 0.114973
0 1.0 0.880000 0.348930 0.076000 0.152406
0 1.0 0.825000 0.352941 0.086000 0.160428
0 1.0 0.040000 0.394385 0.080000 0.098930
0 1.0 0.964000 0.331551 0.028000 0.064171
0 1.0 0.933000 0.338235 0.134000 0.109626
0 1.0 0.953000 0.360963 0.062000 0.112299
0 1.0 0.219000 0.398396 0.138000 0.133690
0 1.0 0.195000 0.391711 0.230000 0.328877
0 1.0 0.185000 0.463904 0.118000 0.296791
0 1.0 0.208000 0.462567 0.048000 0.101604
0 1.0 0.824000 0.393048 0.244000 0.160428
0 1.0 0.823000 0.419786 0.110000 0.187166
0 1.0 0.075000 0.446524 0.034000 0.048128
0 1.0 0.079000 0.438503 0.106000 0.187166
0 1.0 0.329000 0.443850 0.158000 0.106952
0 1.0 0.927000 0.391711 0.146000 0.114973
0 1.0 0.536000 0.390374 0.260000 0.139037
0 1.0 0.046000 0.443850 0.092000 0.101604
0 1.0 0.676000 0.395722 0.284000 0.139037
0 1.0 0.877000 0.411765 0.094000 0.176471
0 1.0 0.284000 0.133690 0.292000 0.251337
0 1.0 0.422000 0.121658 0.360000 0.120321
0 1.0 0.394000 0.149733 0.160000 0.278075
0 1.0 0.435000 0.124332 0.158000 0.109626
0 1.0 0.349000 0.164439 0.086000 0.216578
0 1.0 0.290000 0.192513 0.060000 0.117647
0 1.0 0.248000 0.124332 0.304000 0.098930
0 1.0 0.565000 0.649733 0.558000 0.219251
0 1.0 0.211000 0.759358 0.422000 0.251337
0 1.0 0.420000 0.622995 0.412000 0.577540
0 1.0 0.276000 0.129679 0.088000 0.066845
0 1.0 0.288000 0.163102 0.116000 0.149733
0 1.0 0.447000 0.175134 0.082000 0.168449
0 1.0 0.485000 0.127005 0.118000 0.098930
0 1.0 0.169000 0.633690 0.338000 0.598930
0 1.0 0.069000 0.557487 0.138000 0.815508
0 1.0 0.660000 0.534759 0.492000 0.283422
0 1.0 0.547000 0.171123 0.074000 0.176471
0 1.0 0.564000 0.120321 0.268000 0.106952
0 1.0 0.349000 0.648396 0.530000 0.232620
0 1.0 0.494000 0.128342 0.212000 0.203209
0 1.0 0.503000 0.168449 0.098000 0.213904
0 1.0 0.443000 0.760695 0.558000 0.248663
0 1.0 0.071000 0.144385 0.142000 0.288770
0 1.0 0.960000 0.145722 0.048000 0.141711
0 1.0 0.947000 0.074866 0.106000 0.101604
0 1.0 0.928000 0.112299 0.144000 0.224599
0 1.0 0.887000 0.073529 0.226000 0.131016
0 1.0 0.882000 0.136364 0.100000 0.224599
0 1.0 0.676000 0.074866 0.264000 0.096257
0 1.0 0.676000 0.129679 0.044000 0.082888
0 1.0 0.664000 0.101604 0.276000 0.203209
0 1.0 0.784000 0.151070 0.044000 0.098930
0 1.0 0.815000 0.152406 0.066000 0.176471
0 1.0 0.819000 0.120321 0.286000 0.240642
0 1.0 0.775000 0.159091 0.062000 0.152406
0 1.0 0.125000 0.149733 0.106000 0.283422
0 1.0 0.227000 0.152406 0.106000 0.192513
0 1.0 0.193000 0.151070 0.078000 0.184492
0 1.0 0.187000 0.131016 0.146000 0.224599
0 1.0 0.056000 0.124332 0.112000 0.088235
0 1.0 0.734000 0.716578 0.404000 0.433155
0 1.0 0.545000 0.407754 0.426000 0.403743
0 1.0 0.455000 0.355615 0.558000 0.219251
0 1.0 0.820000 0.387701 0.348000 0.411765
0 1.0 0.733000 0.366310 0.502000 0.208556
0 1.0 0.747000 0.125668 0.222000 0.112299
0 1.0 0.260000 0.501337 0.236000 0.574866
0 1.0 0.942000 0.127005 0.116000 0.114973
0 1.0 0.046000 0.181818 0.060000 0.074866
0 1.0 0.732000 0.244652 0.536000 0.221925
0 1.0 0.746000 0.256684 0.412000 0.433155
0 1.0 0.135000 0.427807 0.226000 0.844920
0 1.0 0.054000 0.177807 0.084000 0.163102
0 1.0 0.830000 0.124332 0.104000 0.098930
0 1.0 0.839000 0.128342 0.158000 0.155080
0 1.0 0.349000 0.385027 0.390000 0.433155
0 1.0 0.614000 0.187166 0.060000 0.155080
0 1.0 0.262000 0.542781 0.524000 0.235294
0 1.0 0.449000 0.534759 0.538000 0.262032
0 1.0 0.225000 0.453209 0.450000 0.227273
0 1.0 0.732000 0.184492 0.048000 0.117647
0 1.0 0.720000 0.144385 0.196000 0.224599
0 1.0 0.670000 0.183155 0.060000 0.157754
0 1.0 0.727000 0.070856 0.030000 0.040107
0 1.0 0.718000 0.040107 0.208000 0.074866
0 1.0 0.669000 0.074866 0.042000 0.064171
0 1.0 0.666000 0.054813 0.116000 0.088235
0 1.0 0.605000 0.072193 0.042000 0.064171
0 1.0 0.639000 0.033422 0.118000 0.061497
0 1.0 0.250000 0.875668 0.500000 0.248663
0 1.0 0.652000 0.877005 0.696000 0.245989
0 1.0 0.612000 0.045455 0.220000 0.090909
0 1.0 0.552000 0.069519 0.052000 0.080214
0 1.0 0.777000 0.052139 0.106000 0.082888
0 1.0 0.719000 0.077540 0.046000 0.074866
0 1.0 0.345000 0.076203 0.270000 0.152406
0 1.0 0.359000 0.052139 0.130000 0.104278
0 1.0 0.289000 0.068182 0.054000 0.088235
0 1.0 0.519000 0.544118 0.946000 0.521390
0 1.0 0.288000 0.052139 0.096000 0.104278
0 1.0 0.419000 0.034759 0.250000 0.069519
0 1.0 0.231000 0.070856 0.086000 0.141711
0 1.0 0.390000 0.272727 0.780000 0.529412
0 1.0 0.024000 0.072193 0.040000 0.096257
0 1.0 0.078000 0.028075 0.056000 0.056150
0 1.0 0.049000 0.040107 0.098000 0.080214
0 1.0 0.448000 0.062834 0.092000 0.093583
0 1.0 0.454000 0.076203 0.276000 0.152406
0 1.0 0.549000 0.069519 0.270000 0.139037
0 1.0 0.331000 0.029412 0.070000 0.058824
0 1.0 0.518000 0.033422 0.180000 0.066845
0 1.0 0.503000 0.068182 0.086000 0.098930
0 1.0 0.493000 0.029412 0.078000 0.058824
0 1.0 0.448000 0.058824 0.040000 0.058824
0 1.0 0.164000 0.923797 0.328000 0.152406
0 1.0 0.028000 0.109626 0.056000 0.197861
0 1.0 0.248000 0.073529 0.328000 0.120321
0 1.0 0.283000 0.110963 0.134000 0.163102
0 1.0 0.546000 0.108289 0.112000 0.152406
0 1.0 0.718000 0.149733 0.068000 0.149733
0 1.0 0.725000 0.139037 0.046000 0.085561
0 1.0 0.827000 0.847594 0.346000 0.203209
0 1.0 0.469000 0.078877 0.178000 0.104278
0 1.0 0.608000 0.144385 0.056000 0.117647
0 1.0 0.454000 0.842246 0.588000 0.203209
0 1.0 0.843000 0.033422 0.186000 0.066845
0 1.0 0.836000 0.068182 0.024000 0.040107
0 1.0 0.831000 0.050802 0.110000 0.085561
0 1.0 0.776000 0.089572 0.044000 0.082888
0 1.0 0.787000 0.076203 0.026000 0.040107
0 1.0 0.912000 0.038770 0.144000 0.077540
0 1.0 0.251000 0.296791 0.502000 0.310160
0 1.0 0.822000 0.074866 0.044000 0.085561
0 1.0 0.952000 0.065508 0.044000 0.066845
0 1.0 0.924000 0.077540 0.084000 0.155080
0 1.0 0.832000 0.922460 0.336000 0.155080
0 1.0 0.623000 0.122995 0.754000 0.245989
0 1.0 0.341000 0.135027 0.682000 0.270053
0 1.0 0.878000 0.068182 0.052000 0.082888
0 1.0 0.883000 0.036096 0.082000 0.050802
0 1.0 0.888000 0.065508 0.032000 0.040107
0 1.0 0.172000 0.910428 0.148000 0.152406
0 1.0 0.824000 0.779412 0.064000 0.125668
0 1.0 0.836000 0.811497 0.060000 0.104278
0 1.0 0.772000 0.779412 0.056000 0.104278
0 1.0 0.046000 0.891711 0.092000 0.216578
0 1.0 0.076000 0.923797 0.076000 0.098930
0 1.0 0.091000 0.919786 0.182000 0.117647
0 1.0 0.287000 0.907754 0.114000 0.184492
0 1.0 0.920000 0.863636 0.160000 0.112299
0 1.0 0.921000 0.832888 0.098000 0.195187
0 1.0 0.958000 0.856952 0.052000 0.082888
0 1.0 0.563000 0.852941 0.246000 0.256684
0 1.0 0.497000 0.870321 0.058000 0.120321
0 1.0 0.505000 0.875668 0.238000 0.114973
0 1.0 0.716000 0.770053 0.052000 0.096257
0 1.0 0.706000 0.863636 0.340000 0.122995
0 1.0 0.723000 0.803476 0.058000 0.098930
0 1.0 0.393000 0.870321 0.066000 0.152406
0 1.0 0.390000 0.875668 0.284000 0.141711
0 1.0 0.965000 0.835561 0.026000 0.056150
0 1.0 0.710000 0.854278 0.212000 0.205882
0 1.0 0.666000 0.788770 0.064000 0.117647
0 1.0 0.557000 0.883690 0.110000 0.098930
0 1.0 0.604000 0.818182 0.056000 0.096257
0 1.0 0.595000 0.871658 0.266000 0.133690
0 1.0 0.878000 0.788770 0.068000 0.106952
0 1.0 0.836000 0.864973 0.232000 0.131016
0 1.0 0.818000 0.871658 0.128000 0.256684
0 1.0 0.562000 0.918449 0.156000 0.141711
0 1.0 0.497000 0.910428 0.110000 0.179144
0 1.0 0.447000 0.923797 0.078000 0.152406
0 1.0 0.449000 0.919786 0.294000 0.117647
0 1.0 0.710000 0.918449 0.352000 0.114973
0 1.0 0.714000 0.898396 0.132000 0.203209
0 1.0 0.052000 0.947861 0.104000 0.104278
0 1.0 0.966000 0.930481 0.056000 0.139037
0 1.0 0.915000 0.914439 0.170000 0.117647
0 1.0 0.659000 0.890374 0.126000 0.219251
0 1.0 0.600000 0.898396 0.128000 0.203209
0 1.0 0.875000 0.882353 0.162000 0.235294
0 1.0 0.393000 0.897059 0.118000 0.205882
0 1.0 0.342000 0.894385 0.128000 0.211230
0 1.0 0.344000 0.918449 0.244000 0.147059
0 1.0 0.226000 0.922460 0.100000 0.139037
0 1.0 0.509000 0.818182 0.118000 0.117647
0 1.0 0.768000 0.799465 0.144000 0.213904
0 1.0 0.769000 0.802139 0.278000 0.144385
0 1.0 0.707000 0.802139 0.126000 0.294118
0 1.0 0.472000 0.823529 0.080000 0.096257
0 1.0 0.388000 0.812834 0.316000 0.139037
0 1.0 0.407000 0.820856 0.138000 0.139037
0 1.0 0.664000 0.806150 0.328000 0.131016
0 1.0 0.565000 0.816845 0.098000 0.104278
0 1.0 0.173000 0.831551 0.086000 0.112299
0 1.0 0.134000 0.834225 0.060000 0.090909
0 1.0 0.132000 0.069519 0.072000 0.139037
0 1.0 0.078000 0.828877 0.020000 0.048128
0 1.0 0.603000 0.794118 0.154000 0.245989
0 1.0 0.284000 0.830214 0.040000 0.072193
0 1.0 0.234000 0.818182 0.128000 0.133690
0 1.0 0.452000 0.889037 0.040000 0.093583
0 1.0 0.140000 0.879679 0.252000 0.144385
0 1.0 0.140000 0.862299 0.100000 0.221925
0 1.0 0.072000 0.826203 0.072000 0.256684
0 1.0 0.119000 0.881016 0.114000 0.131016
0 1.0 0.347000 0.848930 0.078000 0.147059
0 1.0 0.183000 0.879679 0.070000 0.181818
0 1.0 0.299000 0.886364 0.062000 0.082888
0 1.0 0.227000 0.882353 0.062000 0.155080
0 1.0 0.224000 0.885027 0.208000 0.165775
0 1.0 0.555000 0.828877 0.054000 0.090909
0 1.0 0.041000 0.835561 0.066000 0.211230
0 1.0 0.058000 0.871658 0.116000 0.090909
0 1.0 0.079000 0.877005 0.030000 0.064171
0 1.0 0.965000 0.839572 0.070000 0.197861
0 1.0 0.926000 0.808824 0.148000 0.104278
0 1.0 0.772000 0.073529 0.456000 0.147059
0 1.0 0.164000 0.189840 0.328000 0.379679
0 1.0 0.726000 0.185829 0.124000 0.157754
0 1.0 0.483000 0.208556 0.066000 0.106952
0 1.0 0.574000 0.191176 0.224000 0.114973
0 1.0 0.827000 0.180481 0.106000 0.104278
0 1.0 0.099000 0.239305 0.198000 0.168449
0 1.0 0.043000 0.240642 0.074000 0.096257
0 1.0 0.791000 0.183155 0.294000 0.136364
0 1.0 0.897000 0.176471 0.206000 0.187166
0 1.0 0.778000 0.180481 0.124000 0.173797
0 1.0 0.955000 0.177807 0.078000 0.184492
0 1.0 0.229000 0.223262 0.090000 0.168449
0 1.0 0.248000 0.187166 0.268000 0.117647
0 1.0 0.191000 0.217914 0.074000 0.173797
0 1.0 0.166000 0.189840 0.268000 0.165775
0 1.0 0.204000 0.204545 0.024000 0.050802
0 1.0 0.460000 0.244652 0.588000 0.221925
0 1.0 0.435000 0.270053 0.418000 0.417112
0 1.0 0.321000 0.220588 0.030000 0.050802
0 1.0 0.125000 0.181818 0.166000 0.096257
0 1.0 0.346000 0.184492 0.268000 0.160428
0 1.0 0.374000 0.199198 0.068000 0.098930
0 1.0 0.295000 0.264706 0.058000 0.101604
0 1.0 0.295000 0.228610 0.110000 0.125668
0 1.0 0.499000 0.191176 0.242000 0.152406
0 1.0 0.441000 0.212567 0.146000 0.216578
0 1.0 0.352000 0.245989 0.068000 0.160428
0 1.0 0.391000 0.188503 0.146000 0.093583
0 1.0 0.282000 0.958556 0.072000 0.056150
0 1.0 0.254000 0.950535 0.144000 0.098930
0 1.0 0.185000 0.947861 0.110000 0.104278
0 1.0 0.398000 0.941176 0.084000 0.117647
0 1.0 0.447000 0.961230 0.106000 0.066845
0 1.0 0.479000 0.954545 0.146000 0.090909
0 1.0 0.722000 0.953209 0.208000 0.093583
0 1.0 0.659000 0.947861 0.090000 0.104278
0 1.0 0.363000 0.962567 0.062000 0.053476
0 1.0 0.344000 0.957219 0.112000 0.085561
0 1.0 0.554000 0.941176 0.084000 0.117647
0 1.0 0.765000 0.881016 0.122000 0.237968
0 1.0 0.153000 0.959893 0.090000 0.058824
0 1.0 0.100000 0.963904 0.060000 0.050802
0 1.0 0.303000 0.955882 0.098000 0.088235
0 1.0 0.927000 0.962567 0.146000 0.074866
0 1.0 0.849000 0.963904 0.078000 0.061497
0 1.0 0.231000 0.271390 0.070000 0.125668
0 1.0 0.444000 0.070856 0.668000 0.141711
0 1.0 0.241000 0.252674 0.182000 0.189840
0 1.0 0.188000 0.292781 0.076000 0.205882
0 1.0 0.121000 0.259358 0.094000 0.294118
0 1.0 0.610000 0.959893 0.116000 0.074866
0 1.0 0.819000 0.925134 0.094000 0.149733
0 1.0 0.846000 0.959893 0.192000 0.080214
0 1.0 0.509000 0.962567 0.078000 0.058824
0 1.0 0.765000 0.937166 0.090000 0.125668
0 1.0 0.711000 0.946524 0.082000 0.106952
0 1.0 0.238000 0.280749 0.236000 0.556150
0 1.0 0.749000 0.816845 0.262000 0.366310
0 1.0 0.571000 0.605615 0.426000 0.548128
0 1.0 0.649000 0.844920 0.222000 0.310160
0 1.0 0.684000 0.324866 0.632000 0.649733
0 1.0 0.454000 0.925134 0.600000 0.149733
0 1.0 0.546000 0.157754 0.380000 0.315508
0 1.0 0.352000 0.215241 0.208000 0.430481
0 1.0 0.490000 0.500000 0.668000 1.000000
0 1.0 0.545000 0.306150 0.214000 0.548128
0 1.0 0.650000 0.291444 0.200000 0.556150
0 1.0 0.847000 0.312834 0.190000 0.609626
0 1.0 0.553000 0.721925 0.214000 0.540107
0 1.0 0.925000 0.836898 0.150000 0.326203
0 1.0 0.878000 0.644385 0.244000 0.711230
0 1.0 0.924000 0.274064 0.152000 0.548128