0 1.0 0.521094 0.468384 0.445312 0.599532
0 1.0 0.487500 0.526932 0.887500 0.660422
0 1.0 0.549219 0.640515 0.126562 0.227166
0 1.0 0.547656 0.620609 0.270313 0.299766
0 1.0 0.503125 0.666276 0.087500 0.194379
0 1.0 0.826562 0.631148 0.200000 0.213115
0 1.0 0.767969 0.666276 0.076563 0.175644
0 1.0 0.781250 0.608899 0.228125 0.084309
0 1.0 0.136719 0.601874 0.179688 0.210773
0 1.0 0.806250 0.619438 0.084375 0.067916
0 1.0 0.714063 0.647541 0.084375 0.194379
0 1.0 0.687500 0.612412 0.209375 0.081967
0 1.0 0.562500 0.619438 0.100000 0.081967
0 1.0 0.712500 0.604215 0.246875 0.318501
0 1.0 0.669531 0.666276 0.070312 0.156909
0 1.0 0.955469 0.605386 0.089063 0.096019
0 1.0 0.873437 0.605386 0.253125 0.124122
0 1.0 0.921094 0.640515 0.120313 0.278689
0 1.0 0.875000 0.668618 0.075000 0.194379
0 1.0 0.792969 0.618267 0.032813 0.046838
0 1.0 0.886719 0.673302 0.042188 0.100703
0 1.0 0.860156 0.628806 0.020313 0.035129
0 1.0 0.151562 0.604215 0.059375 0.070258
0 1.0 0.591406 0.660422 0.042188 0.098361
0 1.0 0.604688 0.615925 0.121875 0.088993
0 1.0 0.603906 0.628806 0.164062 0.185012
0 1.0 0.539062 0.608899 0.228125 0.093677
0 1.0 0.294531 0.631148 0.110937 0.152225
0 1.0 0.235156 0.660422 0.092188 0.224824
0 1.0 0.189062 0.604215 0.221875 0.093677
0 1.0 0.274219 0.622951 0.229687 0.285714
0 1.0 0.719531 0.647541 0.057813 0.119438
0 1.0 0.732031 0.619438 0.054688 0.053864
0 1.0 0.392969 0.597190 0.107813 0.379391
0 1.0 0.431250 0.605386 0.209375 0.077283
0 1.0 0.491406 0.619438 0.023438 0.039813
0 1.0 0.412500 0.606557 0.234375 0.318501
0 1.0 0.671875 0.617096 0.065625 0.058548
0 1.0 0.450781 0.673302 0.048438 0.142857
0 1.0 0.542969 0.631148 0.023438 0.035129
0 1.0 0.456250 0.652225 0.100000 0.194379
0 1.0 0.590625 0.666276 0.062500 0.161593
0 1.0 0.506250 0.667447 0.240625 0.168618
0 1.0 0.508594 0.674473 0.145313 0.093677
0 1.0 0.546094 0.683841 0.029687 0.056206
0 1.0 0.042969 0.667447 0.085938 0.248244
0 1.0 0.437500 0.666276 0.306250 0.114754
0 1.0 0.144531 0.666276 0.260937 0.306792
0 1.0 0.075000 0.673302 0.090625 0.269321
0 1.0 0.118750 0.655738 0.237500 0.112412
0 1.0 0.325781 0.663934 0.095312 0.081967
0 1.0 0.344531 0.672131 0.120313 0.243560
0 1.0 0.488281 0.677986 0.032813 0.067916
0 1.0 0.662500 0.683841 0.159375 0.163934
0 1.0 0.582812 0.665105 0.275000 0.126464
0 1.0 0.284375 0.670960 0.053125 0.081967
0 1.0 0.230469 0.663934 0.310937 0.124122
0 1.0 0.133594 0.668618 0.107813 0.316159
0 1.0 0.164062 0.663934 0.096875 0.105386
0 1.0 0.820312 0.667447 0.075000 0.177986
0 1.0 0.831250 0.669789 0.046875 0.103044
0 1.0 0.050000 0.654567 0.100000 0.077283
0 1.0 0.068750 0.659251 0.025000 0.049180
0 1.0 0.955469 0.703747 0.032813 0.105386
0 1.0 0.118750 0.659251 0.071875 0.091335
0 1.0 0.343750 0.661593 0.243750 0.278689
0 1.0 0.283594 0.697892 0.070312 0.192037
0 1.0 0.281250 0.676815 0.018750 0.046838
0 1.0 0.943750 0.677986 0.056250 0.114754
0 1.0 0.186719 0.679157 0.092188 0.295082
0 1.0 0.553906 0.563232 0.167187 0.203747
0 1.0 0.499219 0.597190 0.101562 0.206089
0 1.0 0.478125 0.559719 0.193750 0.098361
0 1.0 0.130469 0.577283 0.076563 0.208431
0 1.0 0.146094 0.555035 0.264062 0.126464
0 1.0 0.450781 0.607728 0.054688 0.189696
0 1.0 0.463281 0.569087 0.104688 0.154567
0 1.0 0.657031 0.553864 0.264062 0.119438
0 1.0 0.676562 0.592506 0.046875 0.093677
0 1.0 0.642969 0.537471 0.270313 0.348946
0 1.0 0.300000 0.576112 0.078125 0.126464
0 1.0 0.592969 0.598361 0.067187 0.194379
0 1.0 0.595313 0.592506 0.037500 0.098361
0 1.0 0.617188 0.562061 0.106250 0.140515
0 1.0 0.258594 0.563232 0.039062 0.063232
0 1.0 0.667969 0.564403 0.126562 0.149883
0 1.0 0.185156 0.576112 0.082812 0.229508
0 1.0 0.884375 0.539813 0.043750 0.105386
0 1.0 0.844531 0.505855 0.139063 0.112412
0 1.0 0.876563 0.502342 0.190625 0.213115
0 1.0 0.824219 0.551522 0.067187 0.170960
0 1.0 0.080469 0.598361 0.054688 0.161593
0 1.0 0.083594 0.562061 0.167187 0.206089
0 1.0 0.346875 0.601874 0.062500 0.220141
0 1.0 0.303125 0.553864 0.203125 0.138173
0 1.0 0.290625 0.607728 0.050000 0.147541
0 1.0 0.228906 0.557377 0.189062 0.210773
0 1.0 0.053906 0.574941 0.095312 0.133489
0 1.0 0.960156 0.566745 0.029687 0.088993
0 1.0 0.953906 0.496487 0.092188 0.098361
0 1.0 0.946875 0.542155 0.056250 0.105386
0 1.0 0.239063 0.592506 0.081250 0.154567
0 1.0 0.207813 0.555035 0.181250 0.093677
0 1.0 0.185938 0.614754 0.143750 0.297424
0 1.0 0.175781 0.599532 0.107813 0.088993
0 1.0 0.834375 0.549180 0.300000 0.124122
0 1.0 0.833594 0.619438 0.039062 0.081967
0 1.0 0.100000 0.599532 0.193750 0.088993
0 1.0 0.126562 0.600703 0.046875 0.063232
0 1.0 0.303906 0.610070 0.095312 0.063232
0 1.0 0.275781 0.621780 0.014063 0.030445
0 1.0 0.956250 0.645199 0.031250 0.091335
0 1.0 0.927344 0.553864 0.145313 0.147541
0 1.0 0.258594 0.610070 0.035937 0.053864
0 1.0 0.885156 0.618267 0.035937 0.084309
0 1.0 0.862500 0.559719 0.071875 0.079625
0 1.0 0.564063 0.553864 0.237500 0.110070
0 1.0 0.029687 0.651054 0.053125 0.149883
0 1.0 0.768750 0.604215 0.071875 0.163934
0 1.0 0.776563 0.601874 0.050000 0.098361
0 1.0 0.766406 0.562061 0.167187 0.177986
0 1.0 0.709375 0.566745 0.093750 0.220141
0 1.0 0.827344 0.565574 0.270313 0.292740
0 1.0 0.044531 0.603044 0.089063 0.063232
0 1.0 0.078906 0.606557 0.017188 0.037471
0 1.0 0.839844 0.553864 0.035937 0.053864
0 1.0 0.672656 0.605386 0.067187 0.156909
0 1.0 0.546094 0.758782 0.182812 0.210773
0 1.0 0.504687 0.764637 0.125000 0.316159
0 1.0 0.524219 0.756440 0.323437 0.126464
0 1.0 0.232031 0.776347 0.251563 0.278689
0 1.0 0.183594 0.786885 0.098437 0.304450
0 1.0 0.196094 0.770492 0.304688 0.126464
0 1.0 0.810937 0.676815 0.115625 0.098361
0 1.0 0.447656 0.774005 0.110937 0.203747
0 1.0 0.550781 0.777518 0.020313 0.037471
0 1.0 0.392188 0.758782 0.109375 0.304450
0 1.0 0.506250 0.777518 0.018750 0.037471
0 1.0 0.410938 0.762295 0.256250 0.259953
0 1.0 0.716406 0.762295 0.270313 0.269321
0 1.0 0.715625 0.766979 0.153125 0.194379
0 1.0 0.661719 0.774005 0.123438 0.274005
0 1.0 0.715625 0.766979 0.078125 0.100703
0 1.0 0.341406 0.786885 0.098437 0.257611
0 1.0 0.313281 0.769321 0.279687 0.110070
0 1.0 0.328906 0.774005 0.117188 0.086651
0 1.0 0.640625 0.759953 0.128125 0.124122
0 1.0 0.590625 0.759953 0.090625 0.100703
0 1.0 0.902344 0.720141 0.117188 0.133489
0 1.0 0.897656 0.723653 0.204687 0.285714
0 1.0 0.135937 0.777518 0.146875 0.327869
0 1.0 0.075781 0.779859 0.092188 0.299766
0 1.0 0.825781 0.723653 0.189062 0.215457
0 1.0 0.767188 0.734192 0.115625 0.259953
0 1.0 0.790625 0.711944 0.346875 0.131148
0 1.0 0.173437 0.781030 0.087500 0.100703
0 1.0 0.141406 0.781030 0.067187 0.081967
0 1.0 0.034375 0.786885 0.065625 0.257611
0 1.0 0.284375 0.799766 0.071875 0.208431
0 1.0 0.288281 0.796253 0.017188 0.032787
0 1.0 0.235937 0.783372 0.109375 0.316159
0 1.0 0.305469 0.788056 0.035937 0.058548
0 1.0 0.920312 0.755269 0.075000 0.241218
0 1.0 0.913281 0.771663 0.145313 0.161593
0 1.0 0.878125 0.762295 0.106250 0.278689
0 1.0 0.161719 0.819672 0.310937 0.121780
0 1.0 0.763281 0.765808 0.085938 0.107728
0 1.0 0.196875 0.829040 0.050000 0.079625
0 1.0 0.161719 0.834895 0.039062 0.063232
0 1.0 0.405469 0.831382 0.185938 0.220141
0 1.0 0.310156 0.825527 0.129688 0.077283
0 1.0 0.089844 0.829040 0.179688 0.220141
0 1.0 0.030469 0.858314 0.054688 0.175644
0 1.0 0.070312 0.825527 0.140625 0.077283
0 1.0 0.284375 0.834895 0.125000 0.250585
0 1.0 0.263281 0.844262 0.014063 0.030445
0 1.0 0.299219 0.845433 0.067187 0.103044
0 1.0 0.310156 0.839578 0.020313 0.044496
0 1.0 0.189062 0.832553 0.206250 0.077283
0 1.0 0.872656 0.774005 0.026562 0.067916
0 1.0 0.833594 0.759953 0.332813 0.147541
0 1.0 0.822656 0.766979 0.098437 0.217799
0 1.0 0.100000 0.838407 0.018750 0.042155
0 1.0 0.050781 0.833724 0.101562 0.154567
0 1.0 0.958594 0.792740 0.045312 0.175644
0 1.0 0.595313 0.774005 0.109375 0.288056
0 1.0 0.805469 0.768150 0.064062 0.084309
0 1.0 0.193750 0.709602 0.193750 0.154567
0 1.0 0.174219 0.714286 0.095312 0.117096
0 1.0 0.067969 0.766979 0.135937 0.086651
0 1.0 0.085156 0.708431 0.170313 0.222482
0 1.0 0.052344 0.707260 0.104688 0.079625
0 1.0 0.124219 0.711944 0.073438 0.093677
0 1.0 0.328125 0.711944 0.128125 0.117096
0 1.0 0.283594 0.727166 0.123438 0.255269
0 1.0 0.951562 0.680328 0.096875 0.156909
0 1.0 0.882031 0.662763 0.235937 0.131148
0 1.0 0.281250 0.725995 0.021875 0.042155
0 1.0 0.777344 0.708431 0.060937 0.128806
0 1.0 0.035937 0.613583 0.037500 0.107728
0 1.0 0.773438 0.680328 0.193750 0.203747
0 1.0 0.719531 0.670960 0.304688 0.110070
0 1.0 0.725000 0.710773 0.050000 0.105386
0 1.0 0.753125 0.683841 0.084375 0.079625
0 1.0 0.060937 0.711944 0.031250 0.051522
0 1.0 0.949219 0.725995 0.054688 0.135831
0 1.0 0.802344 0.675644 0.032813 0.053864
0 1.0 0.887500 0.710773 0.050000 0.124122
0 1.0 0.864844 0.687354 0.023438 0.044496
0 1.0 0.673438 0.709602 0.050000 0.103044
0 1.0 0.870313 0.735363 0.025000 0.051522
0 1.0 0.810156 0.716628 0.110937 0.107728
0 1.0 0.076563 0.776347 0.028125 0.049180
0 1.0 0.676562 0.749415 0.062500 0.135831
0 1.0 0.695312 0.727166 0.090625 0.091335
0 1.0 0.808594 0.723653 0.035937 0.060890
0 1.0 0.289844 0.717799 0.054688 0.086651
0 1.0 0.443750 0.724824 0.071875 0.166276
0 1.0 0.509375 0.717799 0.168750 0.114754
0 1.0 0.551562 0.723653 0.028125 0.065574
0 1.0 0.500781 0.718970 0.023438 0.065574
0 1.0 0.116406 0.708431 0.232813 0.114754
0 1.0 0.657813 0.716628 0.328125 0.131148
0 1.0 0.596094 0.714286 0.182812 0.192037
0 1.0 0.540625 0.351288 0.103125 0.224824
0 1.0 0.559375 0.331382 0.309375 0.203747
0 1.0 0.237500 0.368852 0.056250 0.124122
0 1.0 0.243750 0.344262 0.237500 0.163934
0 1.0 0.192188 0.374707 0.103125 0.187354
0 1.0 0.484375 0.332553 0.187500 0.140515
0 1.0 0.442969 0.336066 0.167187 0.278689
0 1.0 0.392188 0.361827 0.115625 0.316159
0 1.0 0.192188 0.406323 0.053125 0.147541
0 1.0 0.678125 0.339578 0.284375 0.149883
0 1.0 0.699219 0.351288 0.129688 0.238876
0 1.0 0.346875 0.365340 0.050000 0.159251
0 1.0 0.363281 0.340749 0.251563 0.128806
0 1.0 0.342187 0.340749 0.106250 0.227166
0 1.0 0.925781 0.329040 0.082812 0.203747
0 1.0 0.904687 0.293911 0.190625 0.110070
0 1.0 0.901563 0.302108 0.196875 0.281030
0 1.0 0.188281 0.364169 0.217188 0.274005
0 1.0 0.212500 0.367681 0.056250 0.103044
0 1.0 0.161719 0.340749 0.254688 0.133489
0 1.0 0.149219 0.414520 0.035937 0.088993
0 1.0 0.146875 0.361827 0.131250 0.166276
0 1.0 0.845313 0.329040 0.015625 0.039813
0 1.0 0.825000 0.299766 0.253125 0.145199
0 1.0 0.139063 0.428571 0.046875 0.135831
0 1.0 0.084375 0.421546 0.053125 0.145199
0 1.0 0.121875 0.341920 0.128125 0.098361
0 1.0 0.095312 0.414520 0.034375 0.084309
0 1.0 0.099219 0.360656 0.198437 0.290398
0 1.0 0.024219 0.387588 0.029687 0.091335
0 1.0 0.963281 0.302108 0.073438 0.117096
0 1.0 0.303906 0.378220 0.042188 0.128806
0 1.0 0.304688 0.353630 0.096875 0.196721
0 1.0 0.326562 0.365340 0.034375 0.079625
0 1.0 0.228906 0.368852 0.098437 0.241218
0 1.0 0.364844 0.347775 0.060937 0.128806
0 1.0 0.899219 0.344262 0.201563 0.126464
0 1.0 0.874219 0.396956 0.067187 0.152225
0 1.0 0.153125 0.398126 0.225000 0.112412
0 1.0 0.148438 0.473068 0.034375 0.088993
0 1.0 0.082031 0.471897 0.070312 0.161593
0 1.0 0.824219 0.354801 0.182812 0.189696
0 1.0 0.137500 0.466042 0.078125 0.187354
0 1.0 0.094531 0.477752 0.029687 0.074941
0 1.0 0.033594 0.480094 0.045312 0.131148
0 1.0 0.297656 0.392272 0.104688 0.086651
0 1.0 0.278906 0.388759 0.176563 0.145199
0 1.0 0.269531 0.399297 0.229687 0.306792
0 1.0 0.226562 0.442623 0.050000 0.117096
0 1.0 0.073438 0.402810 0.146875 0.079625
0 1.0 0.603906 0.348946 0.076563 0.187354
0 1.0 0.864844 0.350117 0.120313 0.086651
0 1.0 0.884375 0.407494 0.028125 0.070258
0 1.0 0.827344 0.388759 0.051562 0.126464
0 1.0 0.761719 0.393443 0.064062 0.159251
0 1.0 0.502344 0.353630 0.129688 0.299766
0 1.0 0.450000 0.319672 0.062500 0.128806
0 1.0 0.755469 0.357143 0.179688 0.194379
0 1.0 0.840625 0.399297 0.028125 0.072600
0 1.0 0.767188 0.394614 0.043750 0.096019
0 1.0 0.960938 0.375878 0.021875 0.058548
0 1.0 0.947656 0.384075 0.042188 0.088993
0 1.0 0.950781 0.357143 0.098437 0.142857
0 1.0 0.914844 0.237705 0.170313 0.114754
0 1.0 0.923438 0.258782 0.106250 0.245902
0 1.0 0.242969 0.298595 0.123438 0.091335
0 1.0 0.195312 0.288056 0.112500 0.220141
0 1.0 0.230469 0.306792 0.023438 0.060890
0 1.0 0.770312 0.338407 0.075000 0.189696
0 1.0 0.153125 0.290398 0.178125 0.098361
0 1.0 0.152344 0.309133 0.035937 0.093677
0 1.0 0.823438 0.263466 0.078125 0.255269
0 1.0 0.805469 0.237705 0.270313 0.128806
0 1.0 0.832031 0.264637 0.039062 0.117096
0 1.0 0.816406 0.241218 0.173437 0.220141
0 1.0 0.141406 0.322014 0.076563 0.217799
0 1.0 0.070312 0.325527 0.078125 0.201405
0 1.0 0.076563 0.311475 0.028125 0.070258
0 1.0 0.346094 0.289227 0.248438 0.166276
0 1.0 0.289062 0.281030 0.246875 0.252927
0 1.0 0.334375 0.323185 0.025000 0.056206
0 1.0 0.375000 0.304450 0.056250 0.107728
0 1.0 0.817969 0.238876 0.092188 0.084309
0 1.0 0.880469 0.255269 0.054688 0.140515
0 1.0 0.666406 0.669789 0.667188 0.660422
0 1.0 0.547656 0.257611 0.904687 0.463700
0 1.0 0.770312 0.257611 0.093750 0.266979
0 1.0 0.171094 0.029274 0.101562 0.058548
0 1.0 0.142187 0.060890 0.090625 0.121780
0 1.0 0.148438 0.042155 0.184375 0.084309
0 1.0 0.137500 0.088993 0.246875 0.177986
0 1.0 0.075000 0.069087 0.075000 0.138173
0 1.0 0.125000 0.025761 0.081250 0.051522
0 1.0 0.085156 0.284543 0.167187 0.194379
0 1.0 0.032813 0.322014 0.050000 0.166276
0 1.0 0.054688 0.288056 0.109375 0.079625
0 1.0 0.872656 0.251756 0.101562 0.278689
0 1.0 0.024219 0.052693 0.045312 0.105386
0 1.0 0.063281 0.024590 0.057813 0.049180
0 1.0 0.043750 0.035129 0.087500 0.070258
0 1.0 0.870313 0.297424 0.053125 0.056206
0 1.0 0.889844 0.323185 0.017188 0.037471
0 1.0 0.829688 0.344262 0.068750 0.168618
0 1.0 0.839844 0.293911 0.151562 0.096019
0 1.0 0.135937 0.283372 0.234375 0.299766
0 1.0 0.566406 0.284543 0.170313 0.180328
0 1.0 0.754687 0.302108 0.256250 0.271663
0 1.0 0.786719 0.319672 0.020313 0.053864
0 1.0 0.066406 0.340749 0.110937 0.077283
0 1.0 0.025781 0.384075 0.051562 0.121780
0 1.0 0.960156 0.357143 0.032813 0.096019
0 1.0 0.949219 0.329040 0.032813 0.072600
0 1.0 0.675000 0.288056 0.084375 0.135831
0 1.0 0.550000 0.281030 0.078125 0.135831
0 1.0 0.260937 0.291569 0.225000 0.119438
0 1.0 0.246094 0.313817 0.032813 0.088993
0 1.0 0.451562 0.317330 0.093750 0.213115
0 1.0 0.502344 0.286885 0.085938 0.100703
0 1.0 0.435156 0.284543 0.289062 0.138173
0 1.0 0.684375 0.288056 0.268750 0.126464
0 1.0 0.711719 0.309133 0.076563 0.159251
0 1.0 0.400781 0.291569 0.076563 0.077283
0 1.0 0.592969 0.283372 0.054688 0.112412
0 1.0 0.174219 0.498829 0.251563 0.126464
0 1.0 0.921875 0.457845 0.096875 0.152225
0 1.0 0.879687 0.492974 0.062500 0.161593
0 1.0 0.851562 0.447307 0.015625 0.032787
0 1.0 0.828906 0.449649 0.167187 0.088993
0 1.0 0.142187 0.496487 0.225000 0.281030
0 1.0 0.086719 0.544496 0.051562 0.119438
0 1.0 0.100781 0.495316 0.201563 0.152225
0 1.0 0.890625 0.496487 0.028125 0.070258
0 1.0 0.400781 0.494145 0.160938 0.238876
0 1.0 0.288281 0.502342 0.195312 0.105386
0 1.0 0.341406 0.522248 0.085938 0.257611
0 1.0 0.341406 0.508197 0.226562 0.337237
0 1.0 0.048438 0.562061 0.043750 0.093677
0 1.0 0.073438 0.505855 0.062500 0.079625
0 1.0 0.961719 0.498829 0.026562 0.074941
0 1.0 0.295312 0.514052 0.090625 0.147541
0 1.0 0.229687 0.529274 0.093750 0.182670
0 1.0 0.602344 0.456674 0.070312 0.229508
0 1.0 0.601562 0.439110 0.293750 0.175644
0 1.0 0.594531 0.432084 0.301563 0.386417
0 1.0 0.550781 0.451991 0.126562 0.379391
0 1.0 0.830469 0.444965 0.248438 0.135831
0 1.0 0.767188 0.496487 0.053125 0.145199
0 1.0 0.796875 0.443794 0.096875 0.067916
0 1.0 0.496094 0.437939 0.179688 0.243560
0 1.0 0.446875 0.440281 0.093750 0.304450
0 1.0 0.518750 0.439110 0.025000 0.049180
0 1.0 0.838281 0.500000 0.029687 0.077283
0 1.0 0.775781 0.491803 0.029687 0.074941
0 1.0 0.762500 0.441452 0.243750 0.278689
0 1.0 0.767969 0.463700 0.117188 0.135831
0 1.0 0.710156 0.440281 0.107813 0.074941
0 1.0 0.709375 0.418033 0.087500 0.203747
0 1.0 0.948438 0.489461 0.043750 0.084309
0 1.0 0.930469 0.448478 0.139063 0.255269
0 1.0 0.907031 0.448478 0.185938 0.114754
0 1.0 0.967969 0.446136 0.064062 0.063232
0 1.0 0.611719 0.495316 0.148438 0.199063
0 1.0 0.567187 0.500000 0.284375 0.128806
0 1.0 0.832812 0.548009 0.043750 0.103044
0 1.0 0.771094 0.500000 0.289062 0.128806
0 1.0 0.775000 0.531616 0.050000 0.117096
0 1.0 0.457031 0.503513 0.182812 0.135831
0 1.0 0.068750 0.571429 0.034375 0.051522
0 1.0 0.456250 0.468384 0.246875 0.416862
0 1.0 0.178906 0.511710 0.120313 0.227166
0 1.0 0.702344 0.495316 0.164062 0.236534
0 1.0 0.667969 0.523419 0.070312 0.175644
0 1.0 0.599219 0.508197 0.051562 0.159251
0 1.0 0.839844 0.407494 0.135937 0.107728
0 1.0 0.871094 0.403981 0.179688 0.180328
0 1.0 0.826562 0.443794 0.075000 0.185012
0 1.0 0.484375 0.386417 0.153125 0.117096
0 1.0 0.839844 0.447307 0.032813 0.079625
0 1.0 0.769531 0.436768 0.039062 0.091335
0 1.0 0.961719 0.459016 0.035937 0.117096
0 1.0 0.599219 0.393443 0.117188 0.327869
0 1.0 0.524219 0.385246 0.270313 0.152225
0 1.0 0.638281 0.385246 0.310937 0.138173
0 1.0 0.363281 0.389930 0.279687 0.128806
0 1.0 0.296875 0.430913 0.078125 0.229508
0 1.0 0.502344 0.436768 0.170313 0.110070
0 1.0 0.217188 0.454333 0.043750 0.060890
0 1.0 0.199219 0.477752 0.045312 0.088993
0 1.0 0.140625 0.522248 0.046875 0.121780
0 1.0 0.187500 0.498829 0.053125 0.135831
0 1.0 0.664062 0.447307 0.100000 0.224824
0 1.0 0.663281 0.441452 0.192188 0.100703
0 1.0 0.571094 0.437939 0.151562 0.107728
0 1.0 0.234375 0.443794 0.165625 0.100703
0 1.0 0.361719 0.459016 0.064062 0.126464
0 1.0 0.297656 0.487119 0.039062 0.131148
0 1.0 0.189844 0.454333 0.054688 0.065574
0 1.0 0.096875 0.525761 0.025000 0.063232
0 1.0 0.888281 0.451991 0.032813 0.074941
0 1.0 0.342187 0.459016 0.046875 0.182670
0 1.0 0.272656 0.446136 0.014063 0.035129
0 1.0 0.036719 0.546838 0.023438 0.067916
0 1.0 0.043750 0.525761 0.031250 0.067916
0 1.0 0.066406 0.457845 0.089063 0.072600
0 1.0 0.317188 0.471897 0.031250 0.077283
0 1.0 0.234375 0.487119 0.053125 0.121780
0 1.0 0.116406 0.455504 0.017188 0.035129
0 1.0 0.275781 0.146370 0.048438 0.077283
0 1.0 0.281250 0.132319 0.246875 0.259953
0 1.0 0.543750 0.646370 0.578125 0.238876
0 1.0 0.356250 0.653396 0.475000 0.426230
0 1.0 0.416406 0.133489 0.289062 0.140515
0 1.0 0.395313 0.138173 0.159375 0.243560
0 1.0 0.258594 0.648712 0.517188 0.224824
0 1.0 0.194531 0.161593 0.082812 0.224824
0 1.0 0.291406 0.170960 0.073438 0.182670
0 1.0 0.228906 0.137002 0.273438 0.138173
0 1.0 0.497656 0.142857 0.060937 0.088993
0 1.0 0.601562 0.135831 0.250000 0.173302
0 1.0 0.553125 0.160422 0.121875 0.180328
0 1.0 0.753125 0.556206 0.396875 0.484778
0 1.0 0.622656 0.555035 0.529687 0.248244
0 1.0 0.454688 0.139344 0.059375 0.091335
0 1.0 0.346875 0.167447 0.081250 0.189696
0 1.0 0.344531 0.131148 0.157812 0.107728
0 1.0 0.480469 0.135831 0.148438 0.107728
0 1.0 0.505469 0.155738 0.132812 0.259953
0 1.0 0.499219 0.135831 0.264062 0.271663
0 1.0 0.445312 0.142857 0.081250 0.163934
0 1.0 0.734375 0.737705 0.434375 0.384075
0 1.0 0.643750 0.733021 0.215625 0.501171
0 1.0 0.946875 0.079625 0.106250 0.126464
0 1.0 0.042188 0.140515 0.084375 0.252927
0 1.0 0.965625 0.115925 0.043750 0.128806
0 1.0 0.554688 0.748244 0.215625 0.475410
0 1.0 0.554688 0.755269 0.681250 0.231850
0 1.0 0.054688 0.128806 0.109375 0.121780
0 1.0 0.872656 0.114754 0.123438 0.229508
0 1.0 0.852344 0.076112 0.126562 0.110070
0 1.0 0.814063 0.118267 0.100000 0.236534
0 1.0 0.253906 0.846604 0.507812 0.185012
0 1.0 0.845313 0.716628 0.200000 0.482436
0 1.0 0.760156 0.733021 0.207813 0.473068
0 1.0 0.133594 0.152225 0.117188 0.285714
0 1.0 0.271875 0.761124 0.543750 0.229508
0 1.0 0.078125 0.151054 0.134375 0.302108
0 1.0 0.221094 0.185012 0.229687 0.135831
0 1.0 0.181250 0.180328 0.234375 0.318501
0 1.0 0.203125 0.185012 0.028125 0.070258
0 1.0 0.132812 0.176815 0.240625 0.170960
0 1.0 0.323437 0.195550 0.028125 0.063232
0 1.0 0.204687 0.448478 0.409375 0.222482
0 1.0 0.055469 0.179157 0.110937 0.086651
0 1.0 0.364844 0.188525 0.057813 0.096019
0 1.0 0.328906 0.187354 0.254688 0.135831
0 1.0 0.292969 0.185012 0.135937 0.220141
0 1.0 0.509375 0.194379 0.087500 0.088993
0 1.0 0.442969 0.175644 0.157812 0.238876
0 1.0 0.727344 0.343091 0.545312 0.227166
0 1.0 0.746094 0.344262 0.410938 0.449649
0 1.0 0.397656 0.341920 0.589063 0.234192
0 1.0 0.400000 0.385246 0.450000 0.456674
0 1.0 0.249219 0.367681 0.389062 0.459016
0 1.0 0.715625 0.124122 0.259375 0.135831
0 1.0 0.718750 0.145199 0.112500 0.215457
0 1.0 0.660156 0.170960 0.095312 0.206089
0 1.0 0.165625 0.549180 0.331250 0.466042
0 1.0 0.857812 0.141686 0.234375 0.283372
0 1.0 0.814844 0.121780 0.251563 0.135831
0 1.0 0.202344 0.553864 0.404687 0.227166
0 1.0 0.659375 0.140515 0.265625 0.281030
0 1.0 0.600000 0.167447 0.100000 0.194379
0 1.0 0.757812 0.139344 0.246875 0.274005
0 1.0 0.832812 0.125293 0.100000 0.091335
0 1.0 0.965625 0.165105 0.046875 0.147541
0 1.0 0.942969 0.129977 0.114062 0.128806
0 1.0 0.930469 0.134660 0.139063 0.259953
0 1.0 0.385937 0.442623 0.600000 0.238876
0 1.0 0.737500 0.448478 0.525000 0.227166
0 1.0 0.775000 0.142857 0.103125 0.224824
0 1.0 0.660156 0.062061 0.057813 0.119438
0 1.0 0.660156 0.033958 0.179688 0.067916
0 1.0 0.754687 0.044496 0.203125 0.088993
0 1.0 0.715625 0.065574 0.078125 0.131148
0 1.0 0.646094 0.859485 0.707812 0.281030
0 1.0 0.939844 0.033958 0.120313 0.067916
0 1.0 0.955469 0.048009 0.048438 0.081967
0 1.0 0.817187 0.069087 0.062500 0.138173
0 1.0 0.830469 0.032787 0.157812 0.065574
0 1.0 0.772656 0.071429 0.073438 0.142857
0 1.0 0.885938 0.040984 0.137500 0.081967
0 1.0 0.192188 0.080796 0.068750 0.152225
0 1.0 0.211719 0.031616 0.110937 0.063232
0 1.0 0.340625 0.031616 0.034375 0.044496
0 1.0 0.346094 0.065574 0.067187 0.103044
0 1.0 0.313281 0.039813 0.145313 0.079625
0 1.0 0.346094 0.085480 0.248438 0.170960
0 1.0 0.551562 0.078454 0.071875 0.152225
0 1.0 0.296094 0.071429 0.054688 0.128806
0 1.0 0.242969 0.060890 0.145313 0.121780
0 1.0 0.508594 0.083138 0.070312 0.166276
0 1.0 0.517969 0.035129 0.160938 0.070258
0 1.0 0.451562 0.069087 0.043750 0.096019
0 1.0 0.515625 0.032787 0.040625 0.046838
0 1.0 0.601562 0.072600 0.068750 0.140515
0 1.0 0.451562 0.062061 0.090625 0.124122
0 1.0 0.453125 0.085480 0.234375 0.170960
0 1.0 0.395313 0.078454 0.081250 0.156909
0 1.0 0.421875 0.033958 0.212500 0.067916
0 1.0 0.586719 0.031616 0.101562 0.063232
0 1.0 0.559375 0.083138 0.234375 0.166276
0 1.0 0.242969 0.922717 0.485938 0.154567
0 1.0 0.623437 0.073770 0.184375 0.124122
0 1.0 0.816406 0.848946 0.367188 0.203747
0 1.0 0.492969 0.085480 0.073438 0.100703
0 1.0 0.712500 0.073770 0.293750 0.142857
0 1.0 0.048438 0.079625 0.096875 0.107728
0 1.0 0.511719 0.259953 0.326562 0.519906
0 1.0 0.499219 0.141686 0.620313 0.283372
0 1.0 0.869531 0.057377 0.070312 0.114754
0 1.0 0.889844 0.030445 0.082812 0.060890
0 1.0 0.242188 0.073770 0.284375 0.138173
0 1.0 0.460156 0.918033 0.679688 0.163934
0 1.0 0.766406 0.922717 0.467187 0.154567
0 1.0 0.275781 0.085480 0.057813 0.077283
0 1.0 0.235937 0.912178 0.193750 0.175644
0 1.0 0.183594 0.920375 0.089063 0.159251
0 1.0 0.884375 0.766979 0.046875 0.128806
0 1.0 0.824219 0.871194 0.101562 0.079625
0 1.0 0.898438 0.809133 0.028125 0.077283
0 1.0 0.150000 0.891101 0.246875 0.217799
0 1.0 0.085938 0.939110 0.075000 0.121780
0 1.0 0.125000 0.928571 0.237500 0.100703
0 1.0 0.136719 0.934426 0.073438 0.074941
0 1.0 0.892969 0.881733 0.029687 0.053864
0 1.0 0.405469 0.899297 0.260937 0.201405
0 1.0 0.410156 0.918033 0.129688 0.145199
0 1.0 0.347656 0.919204 0.082812 0.161593
0 1.0 0.107031 0.937939 0.020313 0.044496
0 1.0 0.075000 0.900468 0.150000 0.199063
0 1.0 0.054688 0.934426 0.084375 0.112412
0 1.0 0.961719 0.811475 0.026562 0.081967
0 1.0 0.314063 0.921546 0.084375 0.110070
0 1.0 0.239063 0.928571 0.078125 0.142857
0 1.0 0.274219 0.922717 0.098437 0.098361
0 1.0 0.614844 0.884075 0.176563 0.133489
0 1.0 0.599219 0.859485 0.270313 0.234192
0 1.0 0.553906 0.901639 0.039062 0.098361
0 1.0 0.826562 0.770492 0.037500 0.088993
0 1.0 0.840625 0.811475 0.025000 0.063232
0 1.0 0.777344 0.789227 0.035937 0.079625
0 1.0 0.788281 0.826698 0.026562 0.060890
0 1.0 0.442188 0.911007 0.021875 0.056206
0 1.0 0.496875 0.891101 0.156250 0.081967
0 1.0 0.439063 0.898126 0.078125 0.133489
0 1.0 0.845313 0.873536 0.159375 0.121780
0 1.0 0.024219 0.940281 0.048438 0.119438
0 1.0 0.724219 0.798595 0.035937 0.079625
0 1.0 0.733594 0.829040 0.023438 0.051522
0 1.0 0.924219 0.864169 0.151562 0.121780
0 1.0 0.613281 0.885246 0.023438 0.051522
0 1.0 0.928125 0.791569 0.050000 0.145199
0 1.0 0.951562 0.833724 0.043750 0.107728
0 1.0 0.810937 0.921546 0.168750 0.096019
0 1.0 0.546094 0.898126 0.110937 0.203747
0 1.0 0.557813 0.919204 0.315625 0.119438
0 1.0 0.825000 0.913349 0.090625 0.173302
0 1.0 0.455469 0.925059 0.067187 0.093677
0 1.0 0.766406 0.903981 0.104688 0.192037
0 1.0 0.137500 0.963700 0.018750 0.035129
0 1.0 0.122656 0.959016 0.023438 0.049180
0 1.0 0.713281 0.909836 0.107813 0.180328
0 1.0 0.871875 0.873536 0.103125 0.252927
0 1.0 0.924219 0.922717 0.151562 0.145199
0 1.0 0.501563 0.905152 0.093750 0.189696
0 1.0 0.503125 0.928571 0.059375 0.081967
0 1.0 0.135937 0.921546 0.084375 0.156909
0 1.0 0.658594 0.927400 0.082812 0.131148
0 1.0 0.664844 0.915691 0.164062 0.145199
0 1.0 0.608594 0.920375 0.070312 0.135831
0 1.0 0.359375 0.930913 0.031250 0.058548
0 1.0 0.887500 0.811475 0.031250 0.067916
0 1.0 0.848437 0.802108 0.150000 0.124122
0 1.0 0.556250 0.903981 0.015625 0.037471
0 1.0 0.507812 0.826698 0.200000 0.234192
0 1.0 0.506250 0.830211 0.106250 0.058548
0 1.0 0.712500 0.809133 0.359375 0.128806
0 1.0 0.772656 0.802108 0.179688 0.208431
0 1.0 0.049219 0.894614 0.085938 0.112412
0 1.0 0.950781 0.813817 0.085938 0.231850
0 1.0 0.632812 0.820843 0.131250 0.119438
0 1.0 0.521094 0.819672 0.323437 0.117096
0 1.0 0.550000 0.829040 0.087500 0.084309
0 1.0 0.564063 0.843091 0.012500 0.028103
0 1.0 0.471875 0.837237 0.118750 0.147541
0 1.0 0.418750 0.822014 0.328125 0.093677
0 1.0 0.508594 0.838407 0.014063 0.032787
0 1.0 0.690625 0.812646 0.109375 0.107728
0 1.0 0.580469 0.831382 0.051562 0.070258
0 1.0 0.585156 0.892272 0.082812 0.088993
0 1.0 0.516406 0.920375 0.029687 0.088993
0 1.0 0.547656 0.889930 0.101562 0.098361
0 1.0 0.219531 0.882904 0.110937 0.107728
0 1.0 0.146875 0.914520 0.028125 0.077283
0 1.0 0.400000 0.927400 0.037500 0.098361
0 1.0 0.717187 0.884075 0.165625 0.105386
0 1.0 0.670312 0.832553 0.034375 0.067916
0 1.0 0.677344 0.857143 0.023438 0.046838
0 1.0 0.608594 0.857143 0.029687 0.070258
0 1.0 0.294531 0.903981 0.023438 0.060890
0 1.0 0.295312 0.899297 0.056250 0.103044
0 1.0 0.189062 0.911007 0.031250 0.079625
0 1.0 0.508594 0.902810 0.014063 0.035129
0 1.0 0.212500 0.885246 0.037500 0.065574
0 1.0 0.094531 0.908665 0.029687 0.070258
0 1.0 0.140625 0.881733 0.140625 0.086651
0 1.0 0.104688 0.915691 0.034375 0.070258
0 1.0 0.180469 0.887588 0.026562 0.051522
0 1.0 0.325781 0.889930 0.201563 0.093677
0 1.0 0.364063 0.908665 0.056250 0.107728
0 1.0 0.027344 0.914520 0.026562 0.077283
0 1.0 0.075781 0.882904 0.092188 0.065574
0 1.0 0.293750 0.908665 0.015625 0.032787
0 1.0 0.242188 0.898126 0.040625 0.105386
0 1.0 0.251563 0.913349 0.028125 0.074941
0 1.0 0.320312 0.898126 0.021875 0.044496
0 1.0 0.102344 0.892272 0.017188 0.037471
0 1.0 0.028906 0.248244 0.057813 0.252927
0 1.0 0.067187 0.235363 0.134375 0.110070
0 1.0 0.257812 0.238876 0.284375 0.131148
0 1.0 0.229687 0.233021 0.093750 0.213115
0 1.0 0.102344 0.962529 0.079687 0.074941
0 1.0 0.957812 0.194379 0.084375 0.145199
0 1.0 0.724219 0.139344 0.551562 0.227166
0 1.0 0.906250 0.186183 0.187500 0.119438
0 1.0 0.267188 0.141686 0.534375 0.231850
0 1.0 0.349219 0.211944 0.207813 0.423888
0 1.0 0.495312 0.241218 0.200000 0.177986
0 1.0 0.449219 0.254098 0.076563 0.166276
0 1.0 0.388281 0.244731 0.107813 0.269321
0 1.0 0.350000 0.276347 0.068750 0.192037
0 1.0 0.604688 0.238876 0.268750 0.149883
0 1.0 0.142969 0.237705 0.273438 0.128806
0 1.0 0.832812 0.074941 0.334375 0.149883
0 1.0 0.372656 0.237705 0.317188 0.128806
0 1.0 0.352344 0.247073 0.142187 0.180328
0 1.0 0.299219 0.269321 0.060937 0.177986
0 1.0 0.286719 0.256440 0.035937 0.063232
0 1.0 0.528125 0.275176 0.500000 0.231850
0 1.0 0.781250 0.250585 0.437500 0.215457
0 1.0 0.548438 0.216628 0.090625 0.156909
0 1.0 0.574219 0.195550 0.232813 0.119438
0 1.0 0.642188 0.297424 0.215625 0.482436
0 1.0 0.846094 0.186183 0.089063 0.081967
0 1.0 0.814844 0.182670 0.264062 0.131148
0 1.0 0.267188 0.247073 0.534375 0.217799
0 1.0 0.965625 0.236534 0.043750 0.140515
0 1.0 0.703125 0.186183 0.284375 0.133489
0 1.0 0.317188 0.971897 0.043750 0.056206
0 1.0 0.566406 0.955504 0.079687 0.088993
0 1.0 0.599219 0.955504 0.020313 0.037471
0 1.0 0.559375 0.954333 0.018750 0.035129
0 1.0 0.535156 0.942623 0.026562 0.053864
0 1.0 0.237500 0.961358 0.021875 0.035129
0 1.0 0.202344 0.951991 0.054688 0.067916
0 1.0 0.514062 0.953162 0.087500 0.093677
0 1.0 0.468750 0.962529 0.059375 0.074941
0 1.0 0.503125 0.953162 0.028125 0.042155
0 1.0 0.653906 0.959016 0.048438 0.053864
0 1.0 0.636719 0.951991 0.107813 0.091335
0 1.0 0.607812 0.959016 0.025000 0.039813
0 1.0 0.289062 0.950820 0.021875 0.051522
0 1.0 0.279687 0.961358 0.025000 0.035129
0 1.0 0.488281 0.942623 0.026562 0.058548
0 1.0 0.153125 0.961358 0.078125 0.077283
0 1.0 0.187500 0.961358 0.021875 0.035129
0 1.0 0.162500 0.951991 0.040625 0.058548
0 1.0 0.419531 0.955504 0.070312 0.088993
0 1.0 0.382031 0.954333 0.017188 0.035129
0 1.0 0.359375 0.943794 0.050000 0.065574
0 1.0 0.294531 0.960187 0.017188 0.032787
0 1.0 0.960156 0.894614 0.048438 0.163934
0 1.0 0.304688 0.957845 0.021875 0.037471
0 1.0 0.287500 0.949649 0.059375 0.100703
0 1.0 0.967187 0.946136 0.050000 0.107728
0 1.0 0.940625 0.962529 0.118750 0.074941
0 1.0 0.712500 0.960187 0.059375 0.056206
0 1.0 0.590625 0.254098 0.087500 0.147541
0 1.0 0.875000 0.942623 0.143750 0.114754
0 1.0 0.808594 0.959016 0.095312 0.067916
0 1.0 0.782031 0.250585 0.051562 0.135831
0 1.0 0.354687 0.078454 0.578125 0.156909
0 1.0 0.665625 0.272834 0.131250 0.283372
0 1.0 0.821094 0.962529 0.032813 0.042155
0 1.0 0.766406 0.947307 0.082812 0.105386
0 1.0 0.711719 0.949649 0.079687 0.100703
0 1.0 0.715625 0.251756 0.093750 0.203747
0 1.0 0.892188 0.966042 0.103125 0.067916
0 1.0 0.242969 0.252927 0.254688 0.473068
0 1.0 0.452344 0.759953 0.210938 0.475410
0 1.0 0.915625 0.560890 0.168750 0.498829
0 1.0 0.812500 0.656909 0.375000 0.278689
0 1.0 0.075781 0.729508 0.151562 0.540984
0 1.0 0.349219 0.819672 0.248438 0.360656
0 1.0 0.925781 0.830211 0.148438 0.339578
0 1.0 0.449219 0.848946 0.607812 0.203747
0 1.0 0.845313 0.485948 0.200000 0.620609
0 1.0 0.725000 0.386417 0.546875 0.772834
0 1.0 0.074219 0.460187 0.148438 0.611241
0 1.0 0.265625 0.546838 0.471875 0.906323
0 1.0 0.137500 0.346604 0.275000 0.693208
0 1.0 0.925781 0.274005 0.148438 0.548009