0 1.0 0.159375 0.447183 0.309375 0.894366
0 1.0 0.183594 0.598592 0.142187 0.145540
0 1.0 0.154688 0.625587 0.246875 0.387324
0 1.0 0.875000 0.546948 0.196875 0.234742
0 1.0 0.819531 0.550469 0.117188 0.316901
0 1.0 0.818750 0.544601 0.300000 0.140845
0 1.0 0.080469 0.604460 0.148438 0.298122
0 1.0 0.157031 0.600939 0.045312 0.084507
0 1.0 0.033594 0.585681 0.067187 0.246479
0 1.0 0.341406 0.623239 0.126562 0.241784
0 1.0 0.288281 0.605634 0.251563 0.112676
0 1.0 0.326562 0.607981 0.087500 0.084507
0 1.0 0.338281 0.616197 0.270313 0.316901
0 1.0 0.277344 0.600939 0.123438 0.276995
0 1.0 0.961719 0.582160 0.039062 0.107981
0 1.0 0.947656 0.549296 0.104688 0.098592
0 1.0 0.228125 0.602113 0.068750 0.096244
0 1.0 0.219531 0.578638 0.154688 0.213615
0 1.0 0.167969 0.602113 0.310937 0.152582
0 1.0 0.268750 0.607981 0.034375 0.061033
0 1.0 0.844531 0.551643 0.145313 0.126761
0 1.0 0.553906 0.551643 0.117188 0.370892
0 1.0 0.555469 0.549296 0.289062 0.126761
0 1.0 0.772656 0.542254 0.120313 0.267606
0 1.0 0.771875 0.543427 0.275000 0.312207
0 1.0 0.437500 0.551643 0.256250 0.328638
0 1.0 0.060937 0.596244 0.121875 0.093897
0 1.0 0.396094 0.605634 0.192188 0.206573
0 1.0 0.084375 0.600939 0.025000 0.056338
0 1.0 0.714063 0.541080 0.131250 0.284038
0 1.0 0.717187 0.548122 0.262500 0.157277
0 1.0 0.885156 0.561033 0.082812 0.183099
0 1.0 0.830469 0.548122 0.089063 0.086854
0 1.0 0.660156 0.542254 0.126562 0.314554
0 1.0 0.875000 0.604460 0.118750 0.293427
0 1.0 0.814063 0.609155 0.075000 0.068075
0 1.0 0.862500 0.613850 0.043750 0.058685
0 1.0 0.551562 0.605634 0.118750 0.103286
0 1.0 0.553906 0.610329 0.182812 0.211268
0 1.0 0.494531 0.632629 0.117188 0.373239
0 1.0 0.771875 0.600939 0.275000 0.117371
0 1.0 0.769531 0.605634 0.189062 0.230047
0 1.0 0.128906 0.653756 0.098437 0.115023
0 1.0 0.059375 0.650235 0.118750 0.084507
0 1.0 0.074219 0.653756 0.035937 0.063380
0 1.0 0.957812 0.604460 0.084375 0.091549
0 1.0 0.920312 0.605634 0.140625 0.126761
0 1.0 0.962500 0.638498 0.046875 0.136150
0 1.0 0.496094 0.599765 0.254688 0.115023
0 1.0 0.450000 0.638498 0.096875 0.291080
0 1.0 0.487500 0.607981 0.075000 0.084507
0 1.0 0.392969 0.551643 0.114062 0.295775
0 1.0 0.417187 0.607981 0.087500 0.089202
0 1.0 0.679688 0.603286 0.196875 0.131455
0 1.0 0.598437 0.625587 0.065625 0.147887
0 1.0 0.615625 0.609155 0.246875 0.312207
0 1.0 0.778125 0.491784 0.315625 0.138498
0 1.0 0.453906 0.495305 0.204687 0.159624
0 1.0 0.667188 0.492958 0.250000 0.164319
0 1.0 0.450781 0.478873 0.126562 0.333333
0 1.0 0.930469 0.500000 0.139063 0.131455
0 1.0 0.849219 0.495305 0.070312 0.075117
0 1.0 0.614062 0.480047 0.243750 0.312207
0 1.0 0.551562 0.497653 0.284375 0.126761
0 1.0 0.161719 0.489437 0.229687 0.340376
0 1.0 0.141406 0.517606 0.095312 0.246479
0 1.0 0.149219 0.500000 0.198437 0.131455
0 1.0 0.391406 0.484742 0.182812 0.260563
0 1.0 0.291406 0.498826 0.235937 0.119718
0 1.0 0.096875 0.508216 0.028125 0.068075
0 1.0 0.275000 0.515258 0.100000 0.279343
0 1.0 0.499219 0.483568 0.129688 0.356808
0 1.0 0.282031 0.501174 0.229687 0.307512
0 1.0 0.453125 0.550469 0.206250 0.115023
0 1.0 0.142969 0.549296 0.279687 0.150235
0 1.0 0.332031 0.552817 0.223438 0.119718
0 1.0 0.601562 0.550469 0.112500 0.316901
0 1.0 0.237500 0.555164 0.078125 0.105634
0 1.0 0.881250 0.501174 0.109375 0.227700
0 1.0 0.142187 0.552817 0.075000 0.115023
0 1.0 0.069531 0.550469 0.107813 0.096244
0 1.0 0.094531 0.553991 0.026562 0.070423
0 1.0 0.962500 0.539906 0.037500 0.107981
0 1.0 0.954688 0.495305 0.090625 0.089202
0 1.0 0.948438 0.707746 0.103125 0.100939
0 1.0 0.928125 0.719484 0.143750 0.265258
0 1.0 0.665625 0.725352 0.106250 0.183099
0 1.0 0.662500 0.711268 0.256250 0.286385
0 1.0 0.592969 0.738263 0.104688 0.237089
0 1.0 0.874219 0.712441 0.132812 0.307512
0 1.0 0.811719 0.711268 0.064062 0.070423
0 1.0 0.845313 0.717136 0.062500 0.077465
0 1.0 0.813281 0.706573 0.139063 0.300469
0 1.0 0.182812 0.744131 0.200000 0.244131
0 1.0 0.121094 0.772300 0.242188 0.131455
0 1.0 0.961719 0.747653 0.054688 0.161972
0 1.0 0.763281 0.712441 0.132812 0.279343
0 1.0 0.768750 0.706573 0.284375 0.122066
0 1.0 0.072656 0.760563 0.145313 0.093897
0 1.0 0.046875 0.748826 0.093750 0.234742
0 1.0 0.074219 0.765258 0.035937 0.056338
0 1.0 0.342969 0.734742 0.148438 0.267606
0 1.0 0.344531 0.717136 0.332813 0.147887
0 1.0 0.620313 0.713615 0.215625 0.107981
0 1.0 0.543750 0.740610 0.093750 0.232394
0 1.0 0.567187 0.726526 0.087500 0.082160
0 1.0 0.539844 0.715962 0.226562 0.281690
0 1.0 0.235937 0.721831 0.184375 0.147887
0 1.0 0.483594 0.714789 0.270313 0.124413
0 1.0 0.514062 0.726526 0.112500 0.110329
0 1.0 0.710938 0.712441 0.125000 0.232394
0 1.0 0.713281 0.765258 0.192188 0.187793
0 1.0 0.657031 0.771127 0.279687 0.119718
0 1.0 0.523438 0.775822 0.259375 0.110329
0 1.0 0.546875 0.780516 0.096875 0.091549
0 1.0 0.839063 0.774648 0.062500 0.075117
0 1.0 0.863281 0.754695 0.242188 0.288732
0 1.0 0.824219 0.765258 0.295312 0.136150
0 1.0 0.475781 0.780516 0.189062 0.199531
0 1.0 0.284375 0.767606 0.131250 0.215962
0 1.0 0.317188 0.772300 0.365625 0.173709
0 1.0 0.319531 0.778169 0.157812 0.138498
0 1.0 0.884375 0.706573 0.231250 0.131455
0 1.0 0.459375 0.785211 0.100000 0.115023
0 1.0 0.113281 0.712441 0.226562 0.307512
0 1.0 0.405469 0.778169 0.107813 0.194836
0 1.0 0.121875 0.772300 0.081250 0.098592
0 1.0 0.546094 0.658451 0.254688 0.110329
0 1.0 0.223438 0.654930 0.300000 0.131455
0 1.0 0.243750 0.657277 0.131250 0.131455
0 1.0 0.456250 0.658451 0.228125 0.119718
0 1.0 0.487500 0.667840 0.093750 0.110329
0 1.0 0.718750 0.659624 0.300000 0.126761
0 1.0 0.425000 0.661972 0.103125 0.107981
0 1.0 0.592969 0.697183 0.064062 0.136150
0 1.0 0.928125 0.602113 0.143750 0.269953
0 1.0 0.434375 0.685446 0.256250 0.319249
0 1.0 0.079687 0.496479 0.159375 0.274648
0 1.0 0.396875 0.688967 0.128125 0.284038
0 1.0 0.123438 0.652582 0.246875 0.126761
0 1.0 0.322656 0.654930 0.254688 0.122066
0 1.0 0.296094 0.661972 0.057813 0.084507
0 1.0 0.328906 0.726526 0.079687 0.091549
0 1.0 0.881250 0.659624 0.237500 0.122066
0 1.0 0.484375 0.733568 0.068750 0.086854
0 1.0 0.125781 0.714789 0.251563 0.124413
0 1.0 0.131250 0.718310 0.100000 0.107981
0 1.0 0.417187 0.732394 0.100000 0.103286
0 1.0 0.821094 0.660798 0.054688 0.063380
0 1.0 0.553125 0.676056 0.150000 0.183099
0 1.0 0.854688 0.665493 0.059375 0.072770
0 1.0 0.074219 0.717136 0.042188 0.063380
0 1.0 0.953906 0.654930 0.092188 0.089202
0 1.0 0.071875 0.711268 0.143750 0.093897
0 1.0 0.575000 0.267606 0.037500 0.107981
0 1.0 0.596875 0.287559 0.259375 0.185446
0 1.0 0.553125 0.278169 0.090625 0.241784
0 1.0 0.219531 0.517606 0.098437 0.298122
0 1.0 0.233594 0.306338 0.054688 0.143192
0 1.0 0.259375 0.291080 0.200000 0.145540
0 1.0 0.238281 0.264085 0.242188 0.307512
0 1.0 0.179688 0.287559 0.109375 0.321596
0 1.0 0.517969 0.278169 0.092188 0.176056
0 1.0 0.450781 0.281690 0.064062 0.201878
0 1.0 0.521094 0.286385 0.064062 0.103286
0 1.0 0.503906 0.274648 0.232813 0.230047
0 1.0 0.767188 0.292254 0.253125 0.171362
0 1.0 0.723437 0.294601 0.090625 0.241784
0 1.0 0.733594 0.295775 0.045312 0.122066
0 1.0 0.671875 0.287559 0.090625 0.251174
0 1.0 0.419531 0.282864 0.214062 0.255869
0 1.0 0.353906 0.309859 0.067187 0.197183
0 1.0 0.457031 0.292254 0.035937 0.072770
0 1.0 0.340625 0.308685 0.028125 0.072770
0 1.0 0.228125 0.309859 0.087500 0.248826
0 1.0 0.933594 0.226526 0.132812 0.269953
0 1.0 0.899219 0.240610 0.201563 0.119718
0 1.0 0.201563 0.299296 0.159375 0.110329
0 1.0 0.163281 0.300469 0.248438 0.178404
0 1.0 0.207031 0.301643 0.032813 0.082160
0 1.0 0.137500 0.275822 0.121875 0.406103
0 1.0 0.140625 0.267606 0.081250 0.211268
0 1.0 0.491406 0.281690 0.042188 0.122066
0 1.0 0.402344 0.278169 0.089063 0.251174
0 1.0 0.069531 0.260563 0.126562 0.469484
0 1.0 0.112500 0.294601 0.187500 0.115023
0 1.0 0.399219 0.293427 0.039062 0.103286
0 1.0 0.300000 0.315728 0.065625 0.190141
0 1.0 0.354687 0.293427 0.209375 0.117371
0 1.0 0.074219 0.247653 0.079687 0.246479
0 1.0 0.341406 0.342723 0.254688 0.131455
0 1.0 0.303125 0.332160 0.225000 0.265258
0 1.0 0.325000 0.355634 0.043750 0.096244
0 1.0 0.223438 0.379108 0.071875 0.157277
0 1.0 0.870313 0.289906 0.225000 0.129108
0 1.0 0.924219 0.274648 0.085938 0.197183
0 1.0 0.200000 0.355634 0.075000 0.138498
0 1.0 0.136719 0.366197 0.079687 0.258216
0 1.0 0.185156 0.381455 0.082812 0.237089
0 1.0 0.202344 0.347418 0.273438 0.145540
0 1.0 0.480469 0.329812 0.220312 0.124413
0 1.0 0.457031 0.321596 0.104688 0.178404
0 1.0 0.373437 0.339202 0.078125 0.157277
0 1.0 0.082031 0.342723 0.082812 0.253521
0 1.0 0.088281 0.333333 0.176563 0.248826
0 1.0 0.029687 0.328638 0.050000 0.164319
0 1.0 0.961719 0.293427 0.076563 0.140845
0 1.0 0.691406 0.280516 0.029687 0.082160
0 1.0 0.680469 0.291080 0.145313 0.145540
0 1.0 0.877344 0.288732 0.098437 0.253521
0 1.0 0.887500 0.275822 0.043750 0.100939
0 1.0 0.788281 0.293427 0.089063 0.112676
0 1.0 0.812500 0.294601 0.100000 0.255869
0 1.0 0.821094 0.293427 0.039062 0.103286
0 1.0 0.755469 0.291080 0.079687 0.093897
0 1.0 0.132812 0.345070 0.246875 0.366197
0 1.0 0.118750 0.345070 0.140625 0.103286
0 1.0 0.760938 0.292254 0.087500 0.237089
0 1.0 0.060156 0.342723 0.110937 0.075117
0 1.0 0.039062 0.329812 0.078125 0.232394
0 1.0 0.959375 0.322770 0.043750 0.143192
0 1.0 0.196094 0.240610 0.295312 0.129108
0 1.0 0.814844 0.255869 0.048438 0.136150
0 1.0 0.120313 0.239437 0.231250 0.178404
0 1.0 0.821094 0.181925 0.254688 0.119718
0 1.0 0.808594 0.192488 0.095312 0.262911
0 1.0 0.805469 0.179577 0.229687 0.335681
0 1.0 0.412500 0.245305 0.159375 0.110329
0 1.0 0.435156 0.252347 0.042188 0.086854
0 1.0 0.364844 0.231221 0.226562 0.284038
0 1.0 0.378125 0.258216 0.093750 0.164319
0 1.0 0.332813 0.245305 0.259375 0.124413
0 1.0 0.308594 0.246479 0.092188 0.262911
0 1.0 0.375781 0.255869 0.032813 0.075117
0 1.0 0.878125 0.185446 0.084375 0.281690
0 1.0 0.846875 0.194836 0.093750 0.112676
0 1.0 0.228906 0.082160 0.295312 0.164319
0 1.0 0.424219 0.748826 0.848437 0.464789
0 1.0 0.118750 0.034038 0.143750 0.068075
0 1.0 0.125781 0.083333 0.242188 0.166667
0 1.0 0.080469 0.063380 0.060937 0.112676
0 1.0 0.078125 0.234742 0.156250 0.112676
0 1.0 0.053906 0.235915 0.079687 0.096244
0 1.0 0.963281 0.220657 0.051562 0.230047
0 1.0 0.948438 0.183099 0.103125 0.107981
0 1.0 0.093750 0.028169 0.050000 0.051643
0 1.0 0.033594 0.057512 0.067187 0.110329
0 1.0 0.063281 0.038732 0.092188 0.077465
0 1.0 0.767188 0.244131 0.100000 0.089202
0 1.0 0.882031 0.238263 0.057813 0.180751
0 1.0 0.740625 0.245305 0.300000 0.115023
0 1.0 0.066406 0.292254 0.120313 0.077465
0 1.0 0.655469 0.233568 0.270313 0.246479
0 1.0 0.675781 0.269953 0.048438 0.136150
0 1.0 0.274219 0.245305 0.110937 0.119718
0 1.0 0.535937 0.253521 0.028125 0.084507
0 1.0 0.460938 0.258216 0.125000 0.192488
0 1.0 0.496094 0.252347 0.029687 0.086854
0 1.0 0.578125 0.269953 0.065625 0.201878
0 1.0 0.595313 0.251174 0.146875 0.192488
0 1.0 0.406250 0.437793 0.237500 0.110329
0 1.0 0.349219 0.430751 0.098437 0.251174
0 1.0 0.297656 0.441315 0.029687 0.046948
0 1.0 0.031250 0.490610 0.040625 0.117371
0 1.0 0.107031 0.450704 0.020313 0.042254
0 1.0 0.076563 0.454225 0.053125 0.077465
0 1.0 0.312500 0.468310 0.065625 0.115023
0 1.0 0.280469 0.437793 0.176563 0.110329
0 1.0 0.574219 0.440141 0.198437 0.096244
0 1.0 0.556250 0.417840 0.125000 0.314554
0 1.0 0.503906 0.435446 0.223438 0.133803
0 1.0 0.172656 0.448357 0.235937 0.159624
0 1.0 0.196094 0.475352 0.076563 0.147887
0 1.0 0.766406 0.375587 0.082812 0.215962
0 1.0 0.775000 0.388498 0.278125 0.147887
0 1.0 0.067187 0.473005 0.071875 0.124413
0 1.0 0.962500 0.434272 0.043750 0.122066
0 1.0 0.242188 0.444836 0.078125 0.077465
0 1.0 0.922656 0.396714 0.154688 0.145540
0 1.0 0.919531 0.387324 0.120313 0.291080
0 1.0 0.595313 0.356808 0.106250 0.352113
0 1.0 0.208594 0.448357 0.073438 0.075117
0 1.0 0.875000 0.377934 0.118750 0.300469
0 1.0 0.167969 0.450704 0.079687 0.093897
0 1.0 0.148438 0.497653 0.062500 0.140845
0 1.0 0.153125 0.449531 0.037500 0.063380
0 1.0 0.084375 0.500000 0.100000 0.089202
0 1.0 0.765625 0.438967 0.196875 0.206573
0 1.0 0.718750 0.415493 0.100000 0.295775
0 1.0 0.719531 0.438967 0.273438 0.117371
0 1.0 0.964844 0.490610 0.032813 0.079812
0 1.0 0.858594 0.441315 0.042188 0.051643
0 1.0 0.849219 0.441315 0.223438 0.107981
0 1.0 0.858594 0.441315 0.260937 0.248826
0 1.0 0.447656 0.411972 0.067187 0.223005
0 1.0 0.487500 0.437793 0.046875 0.058685
0 1.0 0.668750 0.415493 0.112500 0.211268
0 1.0 0.817969 0.446009 0.104688 0.267606
0 1.0 0.053125 0.408451 0.106250 0.159624
0 1.0 0.961719 0.338028 0.029687 0.075117
0 1.0 0.938281 0.339202 0.123438 0.115023
0 1.0 0.951562 0.359155 0.050000 0.107981
0 1.0 0.622656 0.386150 0.232813 0.105634
0 1.0 0.836719 0.335681 0.132812 0.098592
0 1.0 0.880469 0.330986 0.064062 0.136150
0 1.0 0.137500 0.394366 0.268750 0.140845
0 1.0 0.144531 0.443662 0.064062 0.145540
0 1.0 0.065625 0.406103 0.050000 0.075117
0 1.0 0.075000 0.430751 0.106250 0.293427
0 1.0 0.082812 0.434272 0.068750 0.178404
0 1.0 0.682813 0.326291 0.050000 0.145540
0 1.0 0.662500 0.319249 0.250000 0.150235
0 1.0 0.816406 0.294601 0.067187 0.161972
0 1.0 0.449219 0.262911 0.032813 0.098592
0 1.0 0.711719 0.374413 0.251563 0.269953
0 1.0 0.896094 0.336854 0.207813 0.161972
0 1.0 0.290625 0.409624 0.109375 0.284038
0 1.0 0.826562 0.382629 0.075000 0.183099
0 1.0 0.459375 0.388498 0.212500 0.100939
0 1.0 0.363281 0.390845 0.264062 0.119718
0 1.0 0.539062 0.379108 0.228125 0.129108
0 1.0 0.219531 0.447183 0.076563 0.185446
0 1.0 0.233594 0.393192 0.254688 0.161972
0 1.0 0.560937 0.365023 0.234375 0.302817
0 1.0 0.500781 0.372066 0.101562 0.377934
0 1.0 0.182812 0.442488 0.121875 0.340376
0 1.0 0.396094 0.382629 0.170313 0.220657
0 1.0 0.507031 0.224178 0.057813 0.157277
0 1.0 0.530469 0.132629 0.170313 0.110329
0 1.0 0.508594 0.156103 0.229687 0.302817
0 1.0 0.517969 0.143192 0.060937 0.070423
0 1.0 0.473438 0.164319 0.109375 0.145540
0 1.0 0.394531 0.213615 0.054688 0.159624
0 1.0 0.434375 0.138498 0.193750 0.107981
0 1.0 0.281250 0.673709 0.518750 0.272300
0 1.0 0.594531 0.214789 0.045312 0.133803
0 1.0 0.639062 0.125587 0.143750 0.110329
0 1.0 0.445312 0.206573 0.075000 0.140845
0 1.0 0.285156 0.124413 0.173437 0.215962
0 1.0 0.235156 0.158451 0.132812 0.316901
0 1.0 0.737500 0.650235 0.525000 0.230047
0 1.0 0.470313 0.149061 0.043750 0.072770
0 1.0 0.543750 0.543427 0.600000 0.223005
0 1.0 0.549219 0.518779 0.232813 0.553991
0 1.0 0.666406 0.125587 0.282813 0.133803
0 1.0 0.677344 0.188967 0.042188 0.119718
0 1.0 0.666406 0.144366 0.173437 0.227700
0 1.0 0.591406 0.206573 0.026562 0.075117
0 1.0 0.100000 0.510563 0.200000 0.607981
0 1.0 0.447656 0.528169 0.195312 0.633803
0 1.0 0.420312 0.541080 0.403125 0.528169
0 1.0 0.603906 0.150235 0.270313 0.295775
0 1.0 0.555469 0.227700 0.054688 0.145540
0 1.0 0.235937 0.548122 0.278125 0.575117
0 1.0 0.125000 0.118545 0.162500 0.129108
0 1.0 0.096094 0.157277 0.192188 0.314554
0 1.0 0.066406 0.122066 0.117188 0.098592
0 1.0 0.303906 0.133803 0.039062 0.075117
0 1.0 0.942969 0.078638 0.114062 0.119718
0 1.0 0.960156 0.131455 0.064062 0.164319
0 1.0 0.522656 0.750000 0.620313 0.199531
0 1.0 0.777344 0.133803 0.057813 0.164319
0 1.0 0.764844 0.082160 0.257812 0.154930
0 1.0 0.926562 0.119718 0.146875 0.239437
0 1.0 0.811719 0.076291 0.132812 0.105634
0 1.0 0.172656 0.149061 0.157812 0.293427
0 1.0 0.400781 0.151408 0.229687 0.302817
0 1.0 0.351562 0.183099 0.059375 0.230047
0 1.0 0.366406 0.134977 0.089063 0.082160
0 1.0 0.353906 0.143192 0.132812 0.187793
0 1.0 0.057031 0.178404 0.085938 0.079812
0 1.0 0.182031 0.172535 0.035937 0.096244
0 1.0 0.133594 0.173709 0.232813 0.145540
0 1.0 0.645312 0.340376 0.484375 0.389671
0 1.0 0.470313 0.334507 0.609375 0.223005
0 1.0 0.446094 0.345070 0.410938 0.441315
0 1.0 0.757031 0.343897 0.210938 0.490610
0 1.0 0.722656 0.338028 0.548438 0.211268
0 1.0 0.816406 0.248826 0.367188 0.201878
0 1.0 0.381250 0.247653 0.681250 0.223005
0 1.0 0.327344 0.234742 0.467187 0.427230
0 1.0 0.243750 0.174883 0.240625 0.180751
0 1.0 0.201563 0.183099 0.140625 0.122066
0 1.0 0.546094 0.441315 0.426563 0.483568
0 1.0 0.449219 0.453052 0.579688 0.230047
0 1.0 0.738281 0.460094 0.410938 0.417840
0 1.0 0.768750 0.183099 0.090625 0.333333
0 1.0 0.269531 0.551643 0.539062 0.239437
0 1.0 0.728906 0.178404 0.048438 0.145540
0 1.0 0.722656 0.193662 0.070312 0.232394
0 1.0 0.236719 0.453052 0.464062 0.281690
0 1.0 0.811719 0.122066 0.126562 0.103286
0 1.0 0.869531 0.131455 0.148438 0.234742
0 1.0 0.802344 0.123239 0.242188 0.124413
0 1.0 0.356250 0.448357 0.231250 0.600939
0 1.0 0.600000 0.099765 0.046875 0.105634
0 1.0 0.635938 0.036385 0.187500 0.072770
0 1.0 0.641406 0.877934 0.717187 0.244131
0 1.0 0.325781 0.869718 0.651563 0.260563
0 1.0 0.560937 0.080986 0.071875 0.110329
0 1.0 0.559375 0.045775 0.225000 0.091549
0 1.0 0.727344 0.048122 0.223438 0.096244
0 1.0 0.669531 0.109155 0.048438 0.105634
0 1.0 0.630469 0.136150 0.739062 0.272300
0 1.0 0.878125 0.050469 0.118750 0.100939
0 1.0 0.809375 0.080986 0.059375 0.133803
0 1.0 0.777344 0.082160 0.051562 0.093897
0 1.0 0.720313 0.106808 0.059375 0.133803
0 1.0 0.303125 0.057512 0.112500 0.115023
0 1.0 0.235156 0.070423 0.073438 0.140845
0 1.0 0.221094 0.038732 0.264062 0.077465
0 1.0 0.180469 0.072770 0.057813 0.112676
0 1.0 0.409375 0.035211 0.237500 0.070423
0 1.0 0.396094 0.080986 0.098437 0.147887
0 1.0 0.426563 0.036385 0.093750 0.072770
0 1.0 0.349219 0.103286 0.048438 0.131455
0 1.0 0.319531 0.029343 0.051562 0.053991
0 1.0 0.334375 0.082160 0.246875 0.164319
0 1.0 0.352344 0.056338 0.098437 0.112676
0 1.0 0.132031 0.069249 0.070312 0.133803
0 1.0 0.189062 0.055164 0.131250 0.110329
0 1.0 0.270313 0.042254 0.118750 0.084507
0 1.0 0.666406 0.328638 0.667188 0.657277
0 1.0 0.402344 0.292254 0.804688 0.556338
0 1.0 0.444531 0.125587 0.035937 0.072770
0 1.0 0.511719 0.030516 0.051562 0.051643
0 1.0 0.443750 0.089202 0.071875 0.089202
0 1.0 0.492969 0.037559 0.095312 0.075117
0 1.0 0.456250 0.084507 0.234375 0.169014
0 1.0 0.499219 0.473005 0.998437 0.542254
0 1.0 0.392969 0.109155 0.057813 0.138498
0 1.0 0.503125 0.103286 0.062500 0.122066
0 1.0 0.505469 0.151408 0.089063 0.138498
0 1.0 0.445312 0.199531 0.031250 0.084507
0 1.0 0.478125 0.088028 0.137500 0.105634
0 1.0 0.678125 0.149061 0.050000 0.119718
0 1.0 0.829688 0.850939 0.340625 0.204225
0 1.0 0.399219 0.143192 0.089063 0.164319
0 1.0 0.732031 0.752347 0.535937 0.213615
0 1.0 0.599219 0.171362 0.048438 0.131455
0 1.0 0.622656 0.079812 0.254688 0.136150
0 1.0 0.179688 0.846244 0.359375 0.199531
0 1.0 0.557031 0.159624 0.070312 0.122066
0 1.0 0.937500 0.036385 0.125000 0.072770
0 1.0 0.956250 0.061033 0.046875 0.084507
0 1.0 0.248438 0.130282 0.496875 0.260563
0 1.0 0.918750 0.058685 0.068750 0.112676
0 1.0 0.878125 0.072770 0.065625 0.140845
0 1.0 0.885156 0.061033 0.048438 0.084507
0 1.0 0.860156 0.076291 0.242188 0.152582
0 1.0 0.293750 0.086854 0.081250 0.103286
0 1.0 0.229687 0.922535 0.459375 0.154930
0 1.0 0.438281 0.917840 0.567187 0.164319
0 1.0 0.037500 0.115023 0.075000 0.225352
0 1.0 0.075781 0.071596 0.151562 0.119718
0 1.0 0.832812 0.922535 0.334375 0.154930
0 1.0 0.768750 0.862676 0.321875 0.115023
0 1.0 0.775000 0.834507 0.050000 0.072770
0 1.0 0.458594 0.827465 0.054688 0.096244
0 1.0 0.431250 0.850939 0.321875 0.133803
0 1.0 0.464844 0.850939 0.117188 0.105634
0 1.0 0.711719 0.857981 0.279687 0.237089
0 1.0 0.668750 0.816901 0.028125 0.046948
0 1.0 0.675781 0.859155 0.235937 0.093897
0 1.0 0.675781 0.839202 0.023438 0.035211
0 1.0 0.611719 0.807512 0.026562 0.046948
0 1.0 0.936719 0.880282 0.126562 0.164319
0 1.0 0.618750 0.828638 0.021875 0.037559
0 1.0 0.601562 0.859155 0.200000 0.112676
0 1.0 0.550781 0.788732 0.029687 0.056338
0 1.0 0.823438 0.814554 0.053125 0.093897
0 1.0 0.834375 0.836854 0.043750 0.072770
0 1.0 0.135937 0.835681 0.062500 0.112676
0 1.0 0.409375 0.801643 0.053125 0.091549
0 1.0 0.348438 0.818075 0.053125 0.096244
0 1.0 0.034375 0.835681 0.053125 0.145540
0 1.0 0.078125 0.861502 0.103125 0.070423
0 1.0 0.084375 0.861502 0.046875 0.065728
0 1.0 0.068750 0.855634 0.137500 0.241784
0 1.0 0.324219 0.854460 0.079687 0.070423
0 1.0 0.285938 0.820423 0.050000 0.082160
0 1.0 0.301563 0.854460 0.346875 0.117371
0 1.0 0.284375 0.818075 0.100000 0.115023
0 1.0 0.550781 0.807512 0.042188 0.065728
0 1.0 0.536719 0.850939 0.123438 0.091549
0 1.0 0.530469 0.849765 0.270313 0.230047
0 1.0 0.186719 0.854460 0.185938 0.140845
0 1.0 0.491406 0.820423 0.060937 0.110329
0 1.0 0.192188 0.819249 0.096875 0.122066
0 1.0 0.541406 0.854460 0.170313 0.154930
0 1.0 0.478906 0.895540 0.185938 0.199531
0 1.0 0.428125 0.911972 0.315625 0.124413
0 1.0 0.189062 0.913146 0.137500 0.136150
0 1.0 0.131250 0.897887 0.121875 0.204225
0 1.0 0.342187 0.892019 0.109375 0.215962
0 1.0 0.407813 0.873239 0.168750 0.253521
0 1.0 0.662500 0.916667 0.268750 0.138498
0 1.0 0.606250 0.897887 0.078125 0.166667
0 1.0 0.279687 0.888498 0.109375 0.204225
0 1.0 0.299219 0.911972 0.232813 0.124413
0 1.0 0.544531 0.916667 0.257812 0.133803
0 1.0 0.112500 0.916667 0.196875 0.105634
0 1.0 0.042969 0.896714 0.085938 0.206573
0 1.0 0.061719 0.917840 0.123438 0.079812
0 1.0 0.717969 0.822770 0.045312 0.077465
0 1.0 0.953906 0.880282 0.057813 0.093897
0 1.0 0.961719 0.863850 0.029687 0.061033
0 1.0 0.238281 0.877934 0.123438 0.244131
0 1.0 0.879687 0.823944 0.062500 0.107981
0 1.0 0.845313 0.868545 0.140625 0.093897
0 1.0 0.407813 0.803991 0.231250 0.171362
0 1.0 0.078906 0.813380 0.157812 0.091549
0 1.0 0.232031 0.795775 0.167187 0.197183
0 1.0 0.513281 0.813380 0.142187 0.110329
0 1.0 0.767188 0.750000 0.256250 0.274648
0 1.0 0.092188 0.819249 0.037500 0.061033
0 1.0 0.941406 0.762911 0.117188 0.103286
0 1.0 0.799219 0.769953 0.110937 0.089202
0 1.0 0.131250 0.780516 0.140625 0.260563
0 1.0 0.081250 0.827465 0.078125 0.115023
0 1.0 0.134375 0.867371 0.093750 0.091549
0 1.0 0.762500 0.809859 0.153125 0.211268
0 1.0 0.708594 0.823944 0.129688 0.239437
0 1.0 0.933594 0.813380 0.132812 0.100939
0 1.0 0.241406 0.826291 0.085938 0.154930
0 1.0 0.284375 0.853286 0.143750 0.096244
0 1.0 0.792969 0.816901 0.148438 0.089202
0 1.0 0.876563 0.809859 0.153125 0.239437
0 1.0 0.659375 0.827465 0.118750 0.208920
0 1.0 0.607812 0.807512 0.196875 0.169014
0 1.0 0.603125 0.807512 0.090625 0.140845
0 1.0 0.817969 0.801643 0.154688 0.227700
0 1.0 0.765625 0.811033 0.315625 0.119718
0 1.0 0.527344 0.204225 0.154688 0.122066
0 1.0 0.611719 0.217136 0.095312 0.147887
0 1.0 0.664062 0.920188 0.078125 0.150235
0 1.0 0.505469 0.265258 0.042188 0.140845
0 1.0 0.728125 0.073944 0.537500 0.147887
0 1.0 0.472656 0.208920 0.045312 0.075117
0 1.0 0.725781 0.191315 0.254688 0.110329
0 1.0 0.728906 0.241784 0.048438 0.136150
0 1.0 0.880469 0.933099 0.167187 0.133803
0 1.0 0.817969 0.949531 0.082812 0.100939
0 1.0 0.673438 0.213615 0.121875 0.178404
0 1.0 0.645312 0.196009 0.146875 0.100939
0 1.0 0.767188 0.228873 0.062500 0.176056
0 1.0 0.443750 0.075117 0.656250 0.150235
0 1.0 0.447656 0.244131 0.210938 0.464789
0 1.0 0.357812 0.245305 0.040625 0.152582
0 1.0 0.434375 0.201878 0.037500 0.056338
0 1.0 0.713281 0.219484 0.457813 0.368545
0 1.0 0.395313 0.213615 0.028125 0.070423
0 1.0 0.339062 0.194836 0.156250 0.103286
0 1.0 0.342187 0.196009 0.050000 0.086854
0 1.0 0.277344 0.177230 0.270313 0.335681
0 1.0 0.330469 0.200704 0.026562 0.072770
0 1.0 0.260937 0.179577 0.168750 0.115023
0 1.0 0.546875 0.210094 0.037500 0.063380
0 1.0 0.528125 0.218310 0.046875 0.079812
0 1.0 0.459375 0.198357 0.162500 0.096244
0 1.0 0.191406 0.948357 0.223438 0.103286
0 1.0 0.813281 0.900235 0.114062 0.199531
0 1.0 0.146875 0.961268 0.068750 0.058685
0 1.0 0.114062 0.953052 0.153125 0.093897
0 1.0 0.032031 0.941315 0.064062 0.117371
0 1.0 0.069531 0.964789 0.051562 0.051643
0 1.0 0.369531 0.963615 0.076563 0.058685
0 1.0 0.349219 0.957746 0.145313 0.084507
0 1.0 0.285938 0.964789 0.071875 0.056338
0 1.0 0.187500 0.942488 0.087500 0.115023
0 1.0 0.233594 0.960094 0.092188 0.061033
0 1.0 0.962500 0.930751 0.059375 0.138498
0 1.0 0.764062 0.894366 0.109375 0.211268
0 1.0 0.708594 0.899061 0.101562 0.201878
0 1.0 0.541406 0.876761 0.085938 0.171362
0 1.0 0.864844 0.961268 0.070312 0.058685
0 1.0 0.550781 0.942488 0.079687 0.115023
0 1.0 0.595313 0.961268 0.071875 0.053991
0 1.0 0.814844 0.949531 0.220312 0.100939
0 1.0 0.765625 0.944836 0.084375 0.110329
0 1.0 0.784375 0.962441 0.103125 0.065728
0 1.0 0.713281 0.942488 0.076563 0.115023
0 1.0 0.743750 0.963615 0.093750 0.063380
0 1.0 0.944531 0.957746 0.110937 0.084507
0 1.0 0.712500 0.950704 0.212500 0.098592
0 1.0 0.521094 0.963615 0.076563 0.058685
0 1.0 0.499219 0.953052 0.164062 0.093897
0 1.0 0.456250 0.909624 0.078125 0.180751
0 1.0 0.478125 0.967136 0.078125 0.056338
0 1.0 0.432031 0.962441 0.095312 0.075117
0 1.0 0.410156 0.941315 0.129688 0.117371
0 1.0 0.657813 0.960094 0.075000 0.061033
0 1.0 0.609375 0.954225 0.087500 0.091549
0 1.0 0.621875 0.948357 0.190625 0.103286
0 1.0 0.379688 0.748826 0.434375 0.314554
0 1.0 0.349219 0.812207 0.251563 0.375587
0 1.0 0.549219 0.231221 0.385937 0.288732
0 1.0 0.254688 0.717136 0.231250 0.410798
0 1.0 0.656250 0.741784 0.434375 0.389671
0 1.0 0.831250 0.645540 0.293750 0.399061
0 1.0 0.925000 0.840376 0.150000 0.319249
0 1.0 0.264062 0.849765 0.271875 0.300469
0 1.0 0.875000 0.234742 0.250000 0.427230
0 1.0 0.667188 0.670188 0.665625 0.659624
0 1.0 0.546094 0.631455 0.442188 0.450704
0 1.0 0.847656 0.460094 0.192188 0.558685
0 1.0 0.825000 0.348592 0.300000 0.335681
0 1.0 0.917969 0.348592 0.164062 0.490610
0 1.0 0.643750 0.354460 0.206250 0.492958
0 1.0 0.810156 0.509390 0.379688 0.981221
0 1.0 0.925781 0.653756 0.148438 0.579812
0 1.0 0.198437 0.699531 0.396875 0.600939
0 1.0 0.494531 0.773474 0.298438 0.453052