0 1.0 0.475781 0.591667 0.148438 0.508333
0 1.0 0.616406 0.701042 0.204687 0.464583
0 1.0 0.032813 0.764583 0.062500 0.445833
0 1.0 0.732812 0.561458 0.109375 0.227083
0 1.0 0.722656 0.659375 0.154688 0.527083
0 1.0 0.963281 0.637500 0.051562 0.116667
0 1.0 0.960156 0.601042 0.079687 0.081250
0 1.0 0.049219 0.655208 0.098437 0.214583
0 1.0 0.460156 0.290625 0.242188 0.260417
0 1.0 0.053125 0.660417 0.037500 0.075000
0 1.0 0.289844 0.647917 0.126562 0.316667
0 1.0 0.346875 0.651042 0.190625 0.252083
0 1.0 0.356250 0.662500 0.118750 0.116667
0 1.0 0.507812 0.340625 0.018750 0.035417
0 1.0 0.400000 0.351042 0.059375 0.114583
0 1.0 0.435156 0.291667 0.135937 0.066667
0 1.0 0.113281 0.652083 0.226562 0.133333
0 1.0 0.065625 0.687500 0.109375 0.358333
0 1.0 0.701562 0.647917 0.215625 0.154167
0 1.0 0.117969 0.660417 0.179688 0.262500
0 1.0 0.800781 0.647917 0.198437 0.387500
0 1.0 0.450781 0.379167 0.035937 0.066667
0 1.0 0.110937 0.659375 0.078125 0.110417
0 1.0 0.796094 0.601042 0.117188 0.293750
0 1.0 0.761719 0.597917 0.242188 0.133333
0 1.0 0.860156 0.596875 0.170313 0.231250
0 1.0 0.796094 0.607292 0.029687 0.060417
0 1.0 0.872656 0.609375 0.079687 0.197917
0 1.0 0.749219 0.605208 0.029687 0.056250
0 1.0 0.183594 0.659375 0.170313 0.172917
0 1.0 0.453906 0.346875 0.060937 0.077083
0 1.0 0.184375 0.660417 0.118750 0.316667
0 1.0 0.485156 0.302083 0.164062 0.095833
0 1.0 0.230469 0.653125 0.176563 0.235417
0 1.0 0.946094 0.610417 0.107813 0.166667
0 1.0 0.553125 0.305208 0.021875 0.035417
0 1.0 0.229687 0.661458 0.193750 0.097917
0 1.0 0.625000 0.651042 0.209375 0.185417
0 1.0 0.536719 0.646875 0.117188 0.364583
0 1.0 0.569531 0.661458 0.164062 0.127083
0 1.0 0.400781 0.663542 0.251563 0.347917
0 1.0 0.445312 0.671875 0.068750 0.093750
0 1.0 0.406250 0.663542 0.315625 0.131250
0 1.0 0.453906 0.661458 0.154688 0.247917
0 1.0 0.510156 0.675000 0.039062 0.066667
0 1.0 0.888281 0.656250 0.223438 0.125000
0 1.0 0.914062 0.659375 0.137500 0.314583
0 1.0 0.782813 0.658333 0.037500 0.058333
0 1.0 0.818750 0.659375 0.043750 0.068750
0 1.0 0.251563 0.663542 0.081250 0.106250
0 1.0 0.301563 0.666667 0.025000 0.050000
0 1.0 0.158594 0.601042 0.204687 0.106250
0 1.0 0.909375 0.558333 0.156250 0.208333
0 1.0 0.761719 0.559375 0.032813 0.060417
0 1.0 0.870313 0.603125 0.146875 0.102083
0 1.0 0.789062 0.565625 0.059375 0.085417
0 1.0 0.764844 0.545833 0.245312 0.141667
0 1.0 0.400781 0.603125 0.167187 0.247917
0 1.0 0.338281 0.591667 0.117188 0.304167
0 1.0 0.357031 0.601042 0.126562 0.081250
0 1.0 0.036719 0.596875 0.073438 0.089583
0 1.0 0.967969 0.607292 0.035937 0.102083
0 1.0 0.959375 0.550000 0.081250 0.083333
0 1.0 0.257031 0.603125 0.073438 0.077083
0 1.0 0.043750 0.602083 0.037500 0.075000
0 1.0 0.607031 0.585417 0.064062 0.133333
0 1.0 0.650000 0.550000 0.134375 0.129167
0 1.0 0.635156 0.554167 0.242188 0.308333
0 1.0 0.595313 0.548958 0.112500 0.102083
0 1.0 0.554688 0.536458 0.231250 0.202083
0 1.0 0.100781 0.600000 0.076563 0.100000
0 1.0 0.472656 0.538542 0.110937 0.293750
0 1.0 0.525000 0.540625 0.068750 0.081250
0 1.0 0.889062 0.554167 0.165625 0.108333
0 1.0 0.597656 0.591667 0.101562 0.225000
0 1.0 0.567187 0.590625 0.165625 0.097917
0 1.0 0.487500 0.597917 0.109375 0.070833
0 1.0 0.530469 0.602083 0.020313 0.041667
0 1.0 0.660937 0.598958 0.087500 0.110417
0 1.0 0.800000 0.648958 0.228125 0.172917
0 1.0 0.647656 0.595833 0.220312 0.129167
0 1.0 0.226562 0.598958 0.181250 0.089583
0 1.0 0.229687 0.604167 0.106250 0.241667
0 1.0 0.134375 0.635417 0.075000 0.237500
0 1.0 0.100000 0.604167 0.134375 0.145833
0 1.0 0.421875 0.605208 0.221875 0.093750
0 1.0 0.467969 0.613542 0.032813 0.052083
0 1.0 0.321875 0.606250 0.021875 0.037500
0 1.0 0.664062 0.641667 0.218750 0.300000
0 1.0 0.691406 0.762500 0.310937 0.125000
0 1.0 0.968750 0.688542 0.043750 0.139583
0 1.0 0.894531 0.766667 0.210938 0.329167
0 1.0 0.782813 0.769792 0.084375 0.081250
0 1.0 0.180469 0.807292 0.270313 0.302083
0 1.0 0.819531 0.776042 0.057813 0.081250
0 1.0 0.798438 0.753125 0.125000 0.422917
0 1.0 0.814844 0.767708 0.254688 0.127083
0 1.0 0.080469 0.797917 0.160938 0.291667
0 1.0 0.061719 0.814583 0.123438 0.095833
0 1.0 0.069531 0.818750 0.029687 0.062500
0 1.0 0.436719 0.768750 0.101562 0.112500
0 1.0 0.404687 0.759375 0.193750 0.218750
0 1.0 0.341406 0.755208 0.126562 0.310417
0 1.0 0.357031 0.763542 0.270313 0.122917
0 1.0 0.589063 0.771875 0.268750 0.131250
0 1.0 0.242188 0.766667 0.225000 0.108333
0 1.0 0.292969 0.752083 0.139063 0.279167
0 1.0 0.298438 0.773958 0.037500 0.060417
0 1.0 0.233594 0.753125 0.123438 0.322917
0 1.0 0.592969 0.779167 0.117188 0.116667
0 1.0 0.555469 0.758333 0.142187 0.258333
0 1.0 0.504687 0.723958 0.168750 0.277083
0 1.0 0.465625 0.767708 0.240625 0.122917
0 1.0 0.495312 0.775000 0.056250 0.087500
0 1.0 0.357031 0.814583 0.254688 0.116667
0 1.0 0.129688 0.814583 0.218750 0.162500
0 1.0 0.293750 0.827083 0.050000 0.066667
0 1.0 0.284375 0.816667 0.256250 0.270833
0 1.0 0.221094 0.819792 0.148438 0.122917
0 1.0 0.514844 0.812500 0.273438 0.125000
0 1.0 0.529687 0.820833 0.131250 0.112500
0 1.0 0.762500 0.827083 0.209375 0.179167
0 1.0 0.700000 0.820833 0.268750 0.120833
0 1.0 0.445312 0.818750 0.075000 0.087500
0 1.0 0.967187 0.786458 0.046875 0.135417
0 1.0 0.956250 0.762500 0.087500 0.087500
0 1.0 0.947656 0.775000 0.104688 0.166667
0 1.0 0.514844 0.822917 0.035937 0.058333
0 1.0 0.103125 0.820833 0.090625 0.120833
0 1.0 0.146094 0.716667 0.092188 0.125000
0 1.0 0.122656 0.711458 0.245312 0.122917
0 1.0 0.344531 0.710417 0.170313 0.100000
0 1.0 0.245312 0.714583 0.178125 0.091667
0 1.0 0.582812 0.707292 0.300000 0.127083
0 1.0 0.286719 0.702083 0.251563 0.316667
0 1.0 0.256250 0.717708 0.078125 0.089583
0 1.0 0.468750 0.715625 0.237500 0.114583
0 1.0 0.500000 0.720833 0.040625 0.079167
0 1.0 0.345313 0.351042 0.053125 0.110417
0 1.0 0.428906 0.295833 0.029687 0.041667
0 1.0 0.359375 0.293750 0.218750 0.112500
0 1.0 0.309375 0.721875 0.028125 0.047917
0 1.0 0.071875 0.714583 0.031250 0.054167
0 1.0 0.063281 0.710417 0.126562 0.083333
0 1.0 0.954688 0.655208 0.090625 0.114583
0 1.0 0.078125 0.766667 0.156250 0.091667
0 1.0 0.954688 0.708333 0.090625 0.112500
0 1.0 0.894531 0.709375 0.210938 0.118750
0 1.0 0.180469 0.754167 0.160938 0.308333
0 1.0 0.126562 0.779167 0.078125 0.095833
0 1.0 0.434375 0.719792 0.096875 0.110417
0 1.0 0.792969 0.711458 0.057813 0.064583
0 1.0 0.834375 0.715625 0.040625 0.064583
0 1.0 0.805469 0.710417 0.264062 0.125000
0 1.0 0.100781 0.391667 0.201563 0.275000
0 1.0 0.023438 0.471875 0.040625 0.118750
0 1.0 0.071875 0.396875 0.143750 0.085417
0 1.0 0.303906 0.441667 0.064062 0.104167
0 1.0 0.926562 0.338542 0.146875 0.114583
0 1.0 0.953125 0.371875 0.056250 0.097917
0 1.0 0.919531 0.331250 0.160938 0.266667
0 1.0 0.960938 0.366667 0.031250 0.070833
0 1.0 0.228906 0.401042 0.239063 0.285417
0 1.0 0.238281 0.415625 0.170313 0.172917
0 1.0 0.182031 0.431250 0.101562 0.212500
0 1.0 0.103906 0.400000 0.176563 0.137500
0 1.0 0.145313 0.450000 0.050000 0.095833
0 1.0 0.070312 0.452083 0.065625 0.145833
0 1.0 0.076563 0.452083 0.040625 0.083333
0 1.0 0.467969 0.421875 0.210938 0.227083
0 1.0 0.764062 0.352083 0.256250 0.275000
0 1.0 0.771094 0.380208 0.145313 0.127083
0 1.0 0.728906 0.350000 0.279687 0.104167
0 1.0 0.728906 0.445833 0.029687 0.041667
0 1.0 0.718750 0.383333 0.128125 0.108333
0 1.0 0.680469 0.445833 0.017188 0.029167
0 1.0 0.669531 0.353125 0.251563 0.256250
0 1.0 0.671875 0.382292 0.096875 0.081250
0 1.0 0.604688 0.459375 0.025000 0.052083
0 1.0 0.638281 0.354167 0.232813 0.083333
0 1.0 0.609375 0.447917 0.015625 0.029167
0 1.0 0.671875 0.459375 0.028125 0.052083
0 1.0 0.867969 0.388542 0.095312 0.164583
0 1.0 0.842969 0.344792 0.204687 0.110417
0 1.0 0.134375 0.446875 0.084375 0.172917
0 1.0 0.810937 0.432292 0.034375 0.056250
0 1.0 0.767969 0.454167 0.045312 0.079167
0 1.0 0.777344 0.442708 0.029687 0.043750
0 1.0 0.717187 0.417708 0.243750 0.118750
0 1.0 0.665625 0.500000 0.059375 0.095833
0 1.0 0.681250 0.500000 0.021875 0.037500
0 1.0 0.591406 0.496875 0.051562 0.085417
0 1.0 0.645312 0.405208 0.153125 0.085417
0 1.0 0.597656 0.494792 0.020313 0.035417
0 1.0 0.617188 0.409375 0.268750 0.131250
0 1.0 0.627344 0.430208 0.092188 0.085417
0 1.0 0.867969 0.393750 0.239063 0.308333
0 1.0 0.675000 0.434375 0.137500 0.118750
0 1.0 0.803906 0.413542 0.139063 0.114583
0 1.0 0.145313 0.494792 0.056250 0.097917
0 1.0 0.872656 0.411458 0.170313 0.181250
0 1.0 0.807813 0.475000 0.071875 0.125000
0 1.0 0.813281 0.482292 0.029687 0.056250
0 1.0 0.799219 0.415625 0.245312 0.164583
0 1.0 0.964063 0.468750 0.043750 0.104167
0 1.0 0.752344 0.484375 0.070312 0.122917
0 1.0 0.760156 0.490625 0.029687 0.056250
0 1.0 0.719531 0.487500 0.079687 0.137500
0 1.0 0.420312 0.426042 0.106250 0.127083
0 1.0 0.342969 0.468750 0.060937 0.116667
0 1.0 0.385156 0.404167 0.173437 0.083333
0 1.0 0.346094 0.395833 0.239063 0.266667
0 1.0 0.357812 0.428125 0.090625 0.106250
0 1.0 0.556250 0.455208 0.043750 0.089583
0 1.0 0.313281 0.404167 0.107813 0.070833
0 1.0 0.553125 0.459375 0.078125 0.177083
0 1.0 0.226562 0.456250 0.071875 0.158333
0 1.0 0.232813 0.460417 0.040625 0.083333
0 1.0 0.497656 0.453125 0.117188 0.214583
0 1.0 0.521094 0.403125 0.104688 0.081250
0 1.0 0.439844 0.465625 0.060937 0.131250
0 1.0 0.729688 0.487500 0.037500 0.062500
0 1.0 0.484375 0.423958 0.090625 0.118750
0 1.0 0.403125 0.478125 0.059375 0.114583
0 1.0 0.468750 0.401042 0.071875 0.064583
0 1.0 0.414062 0.470833 0.037500 0.066667
0 1.0 0.831250 0.296875 0.156250 0.164583
0 1.0 0.774219 0.357292 0.057813 0.106250
0 1.0 0.771875 0.288542 0.259375 0.110417
0 1.0 0.787500 0.339583 0.021875 0.037500
0 1.0 0.025781 0.373958 0.051562 0.147917
0 1.0 0.778906 0.302083 0.104688 0.116667
0 1.0 0.725000 0.376042 0.043750 0.077083
0 1.0 0.735156 0.352083 0.017188 0.029167
0 1.0 0.723437 0.310417 0.093750 0.100000
0 1.0 0.675000 0.397917 0.028125 0.050000
0 1.0 0.692187 0.289583 0.140625 0.066667
0 1.0 0.685937 0.375000 0.012500 0.020833
0 1.0 0.664844 0.293750 0.223438 0.108333
0 1.0 0.956250 0.291667 0.087500 0.137500
0 1.0 0.881250 0.301042 0.053125 0.085417
0 1.0 0.810156 0.337500 0.073438 0.145833
0 1.0 0.822656 0.321875 0.029687 0.052083
0 1.0 0.848437 0.289583 0.096875 0.083333
0 1.0 0.185938 0.085417 0.237500 0.170833
0 1.0 0.192969 0.053125 0.095312 0.106250
0 1.0 0.130469 0.038542 0.167187 0.077083
0 1.0 0.079687 0.062500 0.062500 0.125000
0 1.0 0.113281 0.026042 0.073438 0.052083
0 1.0 0.097656 0.081250 0.195312 0.162500
0 1.0 0.021094 0.066667 0.039062 0.095833
0 1.0 0.069531 0.026042 0.048438 0.043750
0 1.0 0.041406 0.033333 0.079687 0.066667
0 1.0 0.675000 0.319792 0.071875 0.072917
0 1.0 0.608594 0.394792 0.029687 0.052083
0 1.0 0.873437 0.316667 0.115625 0.208333
0 1.0 0.149219 0.027083 0.092188 0.054167
0 1.0 0.611719 0.295833 0.242188 0.245833
0 1.0 0.629687 0.321875 0.059375 0.064583
0 1.0 0.552344 0.369792 0.054688 0.102083
0 1.0 0.557813 0.350000 0.031250 0.050000
0 1.0 0.552344 0.298958 0.179688 0.114583
0 1.0 0.576562 0.320833 0.065625 0.079167
0 1.0 0.503125 0.385417 0.056250 0.095833
0 1.0 0.513281 0.377083 0.032813 0.050000
0 1.0 0.570312 0.293750 0.118750 0.075000
0 1.0 0.402344 0.437500 0.045312 0.091667
0 1.0 0.443750 0.351042 0.250000 0.085417
0 1.0 0.407031 0.410417 0.064062 0.091667
0 1.0 0.419531 0.377083 0.082812 0.100000
0 1.0 0.393750 0.355208 0.140625 0.068750
0 1.0 0.349219 0.402083 0.060937 0.091667
0 1.0 0.349219 0.360417 0.235937 0.112500
0 1.0 0.371875 0.386458 0.043750 0.064583
0 1.0 0.350000 0.434375 0.037500 0.077083
0 1.0 0.625000 0.384375 0.078125 0.072917
0 1.0 0.553125 0.412500 0.043750 0.079167
0 1.0 0.557031 0.358333 0.204687 0.104167
0 1.0 0.539844 0.342708 0.260937 0.260417
0 1.0 0.502344 0.414583 0.048438 0.083333
0 1.0 0.444531 0.401042 0.020313 0.039583
0 1.0 0.521094 0.356250 0.117188 0.070833
0 1.0 0.721094 0.459375 0.042188 0.072917
0 1.0 0.137500 0.355208 0.153125 0.177083
0 1.0 0.081250 0.400000 0.053125 0.141667
0 1.0 0.125000 0.341667 0.143750 0.091667
0 1.0 0.299219 0.409375 0.032813 0.077083
0 1.0 0.042188 0.344792 0.084375 0.093750
0 1.0 0.960156 0.310417 0.048438 0.120833
0 1.0 0.326562 0.384375 0.031250 0.056250
0 1.0 0.233594 0.396875 0.073438 0.160417
0 1.0 0.257812 0.343750 0.256250 0.120833
0 1.0 0.237500 0.394792 0.046875 0.093750
0 1.0 0.241406 0.361458 0.117188 0.135417
0 1.0 0.444531 0.393750 0.076563 0.095833
0 1.0 0.197656 0.364583 0.067187 0.108333
0 1.0 0.133594 0.394792 0.064062 0.156250
0 1.0 0.153125 0.341667 0.259375 0.116667
0 1.0 0.639062 0.494792 0.159375 0.118750
0 1.0 0.628125 0.560417 0.040625 0.083333
0 1.0 0.580469 0.491667 0.145313 0.104167
0 1.0 0.530469 0.516667 0.114062 0.308333
0 1.0 0.875781 0.457292 0.048438 0.081250
0 1.0 0.810156 0.534375 0.054688 0.143750
0 1.0 0.532031 0.501042 0.079687 0.172917
0 1.0 0.493750 0.487500 0.193750 0.120833
0 1.0 0.725781 0.502083 0.242188 0.137500
0 1.0 0.658594 0.544792 0.057813 0.122917
0 1.0 0.297656 0.508333 0.114062 0.208333
0 1.0 0.278125 0.494792 0.125000 0.093750
0 1.0 0.291406 0.508333 0.229687 0.254167
0 1.0 0.233594 0.511458 0.110937 0.214583
0 1.0 0.240625 0.495833 0.228125 0.120833
0 1.0 0.183594 0.520833 0.095312 0.250000
0 1.0 0.181250 0.510417 0.246875 0.295833
0 1.0 0.132812 0.542708 0.081250 0.197917
0 1.0 0.400781 0.542708 0.064062 0.177083
0 1.0 0.432031 0.495833 0.151562 0.125000
0 1.0 0.346875 0.527083 0.075000 0.200000
0 1.0 0.357031 0.491667 0.182812 0.133333
0 1.0 0.433594 0.510417 0.226562 0.291667
0 1.0 0.242188 0.543750 0.221875 0.108333
0 1.0 0.551562 0.537500 0.056250 0.141667
0 1.0 0.549219 0.538542 0.160938 0.114583
0 1.0 0.800781 0.508333 0.210938 0.262500
0 1.0 0.123438 0.550000 0.246875 0.125000
0 1.0 0.443750 0.545833 0.215625 0.116667
0 1.0 0.447656 0.545833 0.079687 0.104167
0 1.0 0.307031 0.544792 0.089063 0.093750
0 1.0 0.369531 0.540625 0.132812 0.093750
0 1.0 0.585156 0.835417 0.060937 0.075000
0 1.0 0.870313 0.503125 0.162500 0.102083
0 1.0 0.746094 0.508333 0.026562 0.054167
0 1.0 0.071875 0.595833 0.081250 0.241667
0 1.0 0.871875 0.546875 0.056250 0.114583
0 1.0 0.103125 0.562500 0.206250 0.275000
0 1.0 0.021094 0.613542 0.042188 0.197917
0 1.0 0.028906 0.553125 0.057813 0.077083
0 1.0 0.963281 0.567708 0.035937 0.093750
0 1.0 0.950000 0.500000 0.100000 0.079167
0 1.0 0.318750 0.448958 0.196875 0.110417
0 1.0 0.364844 0.484375 0.064062 0.089583
0 1.0 0.297656 0.481250 0.051562 0.108333
0 1.0 0.329688 0.452083 0.096875 0.066667
0 1.0 0.152344 0.498958 0.229687 0.097917
0 1.0 0.279687 0.448958 0.050000 0.052083
0 1.0 0.237500 0.494792 0.053125 0.097917
0 1.0 0.319531 0.480208 0.051562 0.072917
0 1.0 0.539844 0.442708 0.020313 0.052083
0 1.0 0.440625 0.444792 0.196875 0.110417
0 1.0 0.369531 0.451042 0.017188 0.035417
0 1.0 0.046094 0.457292 0.082812 0.068750
0 1.0 0.059375 0.480208 0.056250 0.081250
0 1.0 0.942187 0.396875 0.115625 0.097917
0 1.0 0.868750 0.456250 0.090625 0.158333
0 1.0 0.178906 0.450000 0.204687 0.120833
0 1.0 0.193750 0.467708 0.071875 0.102083
0 1.0 0.177344 0.453125 0.073438 0.064583
0 1.0 0.021875 0.525000 0.043750 0.083333
0 1.0 0.075781 0.515625 0.054688 0.114583
0 1.0 0.082031 0.504167 0.039062 0.070833
0 1.0 0.103125 0.450000 0.193750 0.112500
0 1.0 0.087500 0.455208 0.018750 0.035417
0 1.0 0.918750 0.455208 0.162500 0.110417
0 1.0 0.921875 0.456250 0.156250 0.270833
0 1.0 0.742188 0.458333 0.018750 0.037500
0 1.0 0.878125 0.510417 0.040625 0.070833
0 1.0 0.963281 0.450000 0.073438 0.058333
0 1.0 0.046094 0.505208 0.092188 0.064583
0 1.0 0.964844 0.520833 0.029687 0.066667
0 1.0 0.682813 0.460417 0.287500 0.158333
0 1.0 0.610938 0.567708 0.040625 0.089583
0 1.0 0.654687 0.451042 0.078125 0.081250
0 1.0 0.615625 0.551042 0.025000 0.052083
0 1.0 0.574219 0.445833 0.089063 0.091667
0 1.0 0.521094 0.441667 0.123438 0.108333
0 1.0 0.812500 0.517708 0.034375 0.072917
0 1.0 0.784375 0.454167 0.096875 0.083333
0 1.0 0.756250 0.512500 0.050000 0.104167
0 1.0 0.668750 0.545833 0.034375 0.062500
0 1.0 0.713281 0.450000 0.107813 0.087500
0 1.0 0.728125 0.644792 0.509375 0.222917
0 1.0 0.165625 0.663542 0.331250 0.493750
0 1.0 0.438281 0.651042 0.557813 0.227083
0 1.0 0.660937 0.138542 0.118750 0.227083
0 1.0 0.662500 0.127083 0.240625 0.166667
0 1.0 0.769531 0.121875 0.182812 0.218750
0 1.0 0.710156 0.143750 0.117188 0.287500
0 1.0 0.502344 0.145833 0.095312 0.250000
0 1.0 0.511719 0.126042 0.264062 0.122917
0 1.0 0.503906 0.133333 0.226562 0.266667
0 1.0 0.603906 0.152083 0.095312 0.225000
0 1.0 0.609375 0.138542 0.225000 0.277083
0 1.0 0.556250 0.152083 0.090625 0.225000
0 1.0 0.779687 0.546875 0.440625 0.206250
0 1.0 0.774219 0.125000 0.289062 0.133333
0 1.0 0.900781 0.141667 0.198437 0.283333
0 1.0 0.852344 0.123958 0.123438 0.097917
0 1.0 0.235156 0.646875 0.470313 0.222917
0 1.0 0.620313 0.610417 0.362500 0.466667
0 1.0 0.075000 0.146875 0.100000 0.264583
0 1.0 0.449219 0.755208 0.548438 0.239583
0 1.0 0.786719 0.753125 0.426563 0.222917
0 1.0 0.238281 0.134375 0.139063 0.268750
0 1.0 0.220312 0.128125 0.193750 0.135417
0 1.0 0.185156 0.152083 0.098437 0.245833
0 1.0 0.346094 0.146875 0.098437 0.268750
0 1.0 0.958594 0.106250 0.082812 0.166667
0 1.0 0.454688 0.844792 0.537500 0.210417
0 1.0 0.131250 0.146875 0.109375 0.268750
0 1.0 0.139844 0.126042 0.242188 0.122917
0 1.0 0.391406 0.144792 0.110937 0.289583
0 1.0 0.409375 0.127083 0.275000 0.125000
0 1.0 0.292969 0.156250 0.089063 0.237500
0 1.0 0.273438 0.139583 0.053125 0.066667
0 1.0 0.292187 0.129167 0.171875 0.204167
0 1.0 0.444531 0.167708 0.054688 0.147917
0 1.0 0.442969 0.148958 0.110937 0.193750
0 1.0 0.476562 0.129167 0.103125 0.100000
0 1.0 0.442969 0.206250 0.082812 0.150000
0 1.0 0.464844 0.189583 0.170313 0.129167
0 1.0 0.484375 0.205208 0.040625 0.072917
0 1.0 0.604688 0.208333 0.071875 0.145833
0 1.0 0.571094 0.182292 0.232813 0.118750
0 1.0 0.396094 0.173958 0.226562 0.289583
0 1.0 0.364844 0.454167 0.610938 0.212500
0 1.0 0.391406 0.184375 0.104688 0.085417
0 1.0 0.343750 0.178125 0.231250 0.156250
0 1.0 0.357812 0.185417 0.065625 0.108333
0 1.0 0.514844 0.192708 0.070312 0.068750
0 1.0 0.737500 0.348958 0.525000 0.222917
0 1.0 0.446875 0.239583 0.037500 0.104167
0 1.0 0.857031 0.181250 0.223438 0.154167
0 1.0 0.812500 0.177083 0.121875 0.320833
0 1.0 0.354687 0.356250 0.600000 0.208333
0 1.0 0.507031 0.220833 0.060937 0.179167
0 1.0 0.718750 0.179167 0.284375 0.133333
0 1.0 0.707812 0.183333 0.234375 0.316667
0 1.0 0.889844 0.122917 0.220312 0.133333
0 1.0 0.098437 0.178125 0.196875 0.306250
0 1.0 0.029687 0.198958 0.059375 0.293750
0 1.0 0.043750 0.180208 0.087500 0.068750
0 1.0 0.044531 0.178125 0.089063 0.156250
0 1.0 0.248438 0.551042 0.496875 0.206250
0 1.0 0.549219 0.540625 0.557813 0.231250
0 1.0 0.319531 0.200000 0.035937 0.070833
0 1.0 0.251563 0.180208 0.268750 0.127083
0 1.0 0.732031 0.454167 0.535937 0.212500
0 1.0 0.157812 0.181250 0.240625 0.166667
0 1.0 0.190625 0.186458 0.037500 0.072917
0 1.0 0.115625 0.179167 0.168750 0.095833
0 1.0 0.842187 0.475000 0.206250 0.600000
0 1.0 0.819531 0.058333 0.079687 0.116667
0 1.0 0.819531 0.041667 0.204687 0.083333
0 1.0 0.820312 0.084375 0.234375 0.168750
0 1.0 0.921875 0.056250 0.128125 0.112500
0 1.0 0.875000 0.054167 0.078125 0.108333
0 1.0 0.776563 0.051042 0.075000 0.102083
0 1.0 0.769531 0.061458 0.160938 0.122917
0 1.0 0.711719 0.060417 0.082812 0.120833
0 1.0 0.732031 0.029167 0.135937 0.058333
0 1.0 0.250781 0.877083 0.501563 0.245833
0 1.0 0.716406 0.083333 0.229687 0.166667
0 1.0 0.661719 0.060417 0.076563 0.120833
0 1.0 0.958594 0.053125 0.057813 0.102083
0 1.0 0.953906 0.032292 0.092188 0.064583
0 1.0 0.492969 0.310417 0.642188 0.358333
0 1.0 0.303906 0.551042 0.498437 0.497917
0 1.0 0.328125 0.686458 0.656250 0.385417
0 1.0 0.248438 0.029167 0.150000 0.058333
0 1.0 0.235937 0.058333 0.090625 0.116667
0 1.0 0.132031 0.062500 0.067187 0.125000
0 1.0 0.406250 0.030208 0.181250 0.060417
0 1.0 0.399219 0.080208 0.229687 0.160417
0 1.0 0.344531 0.065625 0.082812 0.131250
0 1.0 0.319531 0.023958 0.042188 0.047917
0 1.0 0.296094 0.058333 0.101562 0.116667
0 1.0 0.614844 0.369792 0.010937 0.018750
0 1.0 0.482812 0.555208 0.665625 0.643750
0 1.0 0.499219 0.796875 0.964063 0.397917
0 1.0 0.462500 0.057292 0.109375 0.114583
0 1.0 0.672656 0.029167 0.157812 0.058333
0 1.0 0.602344 0.054167 0.070312 0.108333
0 1.0 0.610156 0.038542 0.173437 0.077083
0 1.0 0.557031 0.057292 0.070312 0.114583
0 1.0 0.567969 0.028125 0.107813 0.056250
0 1.0 0.749219 0.878125 0.501563 0.243750
0 1.0 0.557031 0.083333 0.229687 0.166667
0 1.0 0.511719 0.030208 0.132812 0.060417
0 1.0 0.507031 0.065625 0.095312 0.131250
0 1.0 0.445312 0.046875 0.050000 0.093750
0 1.0 0.499219 0.027083 0.045312 0.050000
0 1.0 0.161719 0.923958 0.323437 0.152083
0 1.0 0.620313 0.073958 0.228125 0.114583
0 1.0 0.554688 0.921875 0.546875 0.156250
0 1.0 0.867969 0.078125 0.151562 0.106250
0 1.0 0.052344 0.126042 0.104688 0.081250
0 1.0 0.051562 0.076042 0.103125 0.077083
0 1.0 0.034375 0.101042 0.068750 0.197917
0 1.0 0.499219 0.122917 0.801562 0.245833
0 1.0 0.465625 0.081250 0.212500 0.112500
0 1.0 0.749219 0.120833 0.501563 0.241667
0 1.0 0.248438 0.077083 0.228125 0.108333
0 1.0 0.280469 0.082292 0.070312 0.081250
0 1.0 0.250000 0.122917 0.500000 0.245833
0 1.0 0.835156 0.922917 0.329688 0.154167
0 1.0 0.552344 0.883333 0.107813 0.233333
0 1.0 0.573438 0.913542 0.284375 0.127083
0 1.0 0.235937 0.894792 0.112500 0.210417
0 1.0 0.184375 0.901042 0.106250 0.197917
0 1.0 0.475000 0.918750 0.153125 0.112500
0 1.0 0.446094 0.892708 0.251563 0.214583
0 1.0 0.447656 0.905208 0.107813 0.189583
0 1.0 0.697656 0.919792 0.273438 0.139583
0 1.0 0.711719 0.897917 0.142187 0.170833
0 1.0 0.341406 0.894792 0.114062 0.210417
0 1.0 0.353906 0.918750 0.242188 0.104167
0 1.0 0.287500 0.897917 0.115625 0.204167
0 1.0 0.958594 0.900000 0.048438 0.079167
0 1.0 0.942969 0.875000 0.114062 0.112500
0 1.0 0.924219 0.869792 0.151562 0.243750
0 1.0 0.877344 0.847917 0.070312 0.137500
0 1.0 0.129688 0.902083 0.103125 0.195833
0 1.0 0.805469 0.847917 0.067187 0.154167
0 1.0 0.394531 0.886458 0.110937 0.227083
0 1.0 0.064844 0.889583 0.104688 0.216667
0 1.0 0.048438 0.917708 0.096875 0.093750
0 1.0 0.296875 0.925000 0.087500 0.083333
0 1.0 0.871094 0.896875 0.107813 0.206250
0 1.0 0.777344 0.917708 0.154688 0.097917
0 1.0 0.141406 0.954167 0.148438 0.091667
0 1.0 0.808594 0.905208 0.092188 0.164583
0 1.0 0.085156 0.948958 0.126562 0.102083
0 1.0 0.034375 0.913542 0.068750 0.172917
0 1.0 0.062500 0.966667 0.062500 0.054167
0 1.0 0.307031 0.969792 0.051562 0.060417
0 1.0 0.303125 0.956250 0.103125 0.087500
0 1.0 0.238281 0.943750 0.085938 0.112500
0 1.0 0.267188 0.964583 0.096875 0.062500
0 1.0 0.949219 0.926042 0.101562 0.143750
0 1.0 0.609375 0.861458 0.128125 0.243750
0 1.0 0.755469 0.865625 0.114062 0.268750
0 1.0 0.500781 0.891667 0.110937 0.216667
0 1.0 0.965625 0.941667 0.050000 0.116667
0 1.0 0.653906 0.851042 0.120313 0.293750
0 1.0 0.239063 0.869792 0.209375 0.093750
0 1.0 0.293750 0.846875 0.087500 0.131250
0 1.0 0.296875 0.876042 0.034375 0.052083
0 1.0 0.966406 0.864583 0.051562 0.141667
0 1.0 0.880469 0.818750 0.239063 0.125000
0 1.0 0.490625 0.866667 0.109375 0.066667
0 1.0 0.522656 0.870833 0.035937 0.054167
0 1.0 0.133594 0.852083 0.067187 0.133333
0 1.0 0.064062 0.814583 0.065625 0.195833
0 1.0 0.103906 0.869792 0.207813 0.127083
0 1.0 0.767969 0.823958 0.104688 0.085417
0 1.0 0.816406 0.833333 0.048438 0.070833
0 1.0 0.040625 0.867708 0.081250 0.085417
0 1.0 0.730469 0.777083 0.114062 0.391667
0 1.0 0.626563 0.876042 0.240625 0.139583
0 1.0 0.776563 0.876042 0.100000 0.085417
0 1.0 0.821094 0.881250 0.060937 0.075000
0 1.0 0.858594 0.846875 0.242188 0.260417
0 1.0 0.585156 0.872917 0.054688 0.087500
0 1.0 0.506250 0.823958 0.075000 0.181250
0 1.0 0.746875 0.875000 0.278125 0.154167
0 1.0 0.964063 0.892708 0.028125 0.060417
0 1.0 0.346094 0.864583 0.160938 0.108333
0 1.0 0.556250 0.805208 0.075000 0.202083
0 1.0 0.508594 0.867708 0.179688 0.089583
0 1.0 0.239063 0.835417 0.068750 0.145833
0 1.0 0.187500 0.827083 0.053125 0.112500
0 1.0 0.449219 0.802083 0.023438 0.050000
0 1.0 0.347656 0.854167 0.076563 0.133333
0 1.0 0.395313 0.829167 0.062500 0.145833
0 1.0 0.445312 0.864583 0.071875 0.079167
0 1.0 0.734375 0.829167 0.065625 0.233333
0 1.0 0.512500 0.286458 0.050000 0.085417
0 1.0 0.514844 0.243750 0.170313 0.129167
0 1.0 0.448437 0.322917 0.028125 0.062500
0 1.0 0.672656 0.232292 0.264062 0.114583
0 1.0 0.674219 0.284375 0.039062 0.081250
0 1.0 0.711719 0.235417 0.167187 0.200000
0 1.0 0.396875 0.251042 0.109375 0.197917
0 1.0 0.346094 0.283333 0.060937 0.162500
0 1.0 0.363281 0.238542 0.270313 0.114583
0 1.0 0.167187 0.251042 0.334375 0.206250
0 1.0 0.610156 0.246875 0.164062 0.164583
0 1.0 0.555469 0.295833 0.054688 0.133333
0 1.0 0.553906 0.238542 0.229687 0.264583
0 1.0 0.721094 0.259375 0.051562 0.114583
0 1.0 0.549219 0.077083 0.567187 0.154167
0 1.0 0.914844 0.234375 0.170313 0.231250
0 1.0 0.848437 0.236458 0.181250 0.114583
0 1.0 0.821094 0.231250 0.079687 0.183333
0 1.0 0.872656 0.229167 0.145313 0.329167
0 1.0 0.610938 0.317708 0.037500 0.089583
0 1.0 0.614844 0.291667 0.029687 0.058333
0 1.0 0.769531 0.254167 0.089063 0.245833
0 1.0 0.776563 0.247917 0.059375 0.145833
0 1.0 0.117188 0.235417 0.234375 0.120833
0 1.0 0.053906 0.235417 0.107813 0.200000
0 1.0 0.962500 0.202083 0.075000 0.237500
0 1.0 0.937500 0.185417 0.125000 0.112500
0 1.0 0.354687 0.246875 0.568750 0.214583
0 1.0 0.039062 0.237500 0.078125 0.104167
0 1.0 0.789062 0.248958 0.421875 0.218750
0 1.0 0.244531 0.244792 0.245312 0.114583
0 1.0 0.297656 0.258333 0.098437 0.187500
0 1.0 0.288281 0.256250 0.045312 0.066667
0 1.0 0.291406 0.238542 0.226562 0.289583
0 1.0 0.235156 0.251042 0.104688 0.306250
0 1.0 0.448437 0.294792 0.059375 0.085417
0 1.0 0.507812 0.251042 0.043750 0.060417
0 1.0 0.464844 0.261458 0.114062 0.122917
0 1.0 0.189844 0.272917 0.070312 0.212500
0 1.0 0.132031 0.254167 0.101562 0.283333
0 1.0 0.295312 0.279167 0.053125 0.154167
0 1.0 0.346094 0.244792 0.164062 0.202083
0 1.0 0.876563 0.951042 0.131250 0.097917
0 1.0 0.805469 0.959375 0.095312 0.064583
0 1.0 0.789844 0.950000 0.185938 0.100000
0 1.0 0.571094 0.958333 0.042188 0.041667
0 1.0 0.537500 0.951042 0.125000 0.089583
0 1.0 0.451562 0.948958 0.056250 0.102083
0 1.0 0.524219 0.962500 0.035937 0.041667
0 1.0 0.500000 0.959375 0.071875 0.068750
0 1.0 0.741406 0.962500 0.082812 0.062500
0 1.0 0.660937 0.958333 0.128125 0.083333
0 1.0 0.667188 0.965625 0.071875 0.052083
0 1.0 0.610938 0.931250 0.109375 0.137500
0 1.0 0.186719 0.946875 0.082812 0.106250
0 1.0 0.224219 0.963542 0.092188 0.060417
0 1.0 0.714844 0.953125 0.179688 0.093750
0 1.0 0.443750 0.962500 0.096875 0.062500
0 1.0 0.710156 0.964583 0.064062 0.054167
0 1.0 0.404687 0.950000 0.118750 0.100000
0 1.0 0.363281 0.967708 0.060937 0.052083
0 1.0 0.350781 0.953125 0.114062 0.093750
0 1.0 0.626563 0.960417 0.043750 0.041667
0 1.0 0.159375 0.285417 0.137500 0.083333
0 1.0 0.144531 0.308333 0.042188 0.091667
0 1.0 0.143750 0.286458 0.212500 0.131250
0 1.0 0.071875 0.313542 0.068750 0.172917
0 1.0 0.333594 0.325000 0.020313 0.045833
0 1.0 0.079687 0.298958 0.028125 0.064583
0 1.0 0.053906 0.289583 0.082812 0.062500
0 1.0 0.030469 0.304167 0.060937 0.141667
0 1.0 0.214062 0.308333 0.034375 0.070833
0 1.0 0.940625 0.235417 0.118750 0.116667
0 1.0 0.839844 0.963542 0.039062 0.043750
0 1.0 0.844531 0.961458 0.067187 0.060417
0 1.0 0.379688 0.320833 0.034375 0.058333
0 1.0 0.299219 0.341667 0.051562 0.116667
0 1.0 0.322656 0.296875 0.120313 0.072917
0 1.0 0.248438 0.286458 0.190625 0.106250
0 1.0 0.246094 0.327083 0.029687 0.070833
0 1.0 0.920312 0.965625 0.103125 0.068750
0 1.0 0.836719 0.265625 0.235937 0.472917
0 1.0 0.707812 0.290625 0.481250 0.497917
0 1.0 0.496875 0.354167 0.278125 0.708333
0 1.0 0.756250 0.533333 0.206250 0.491667
0 1.0 0.140625 0.488542 0.240625 0.527083
0 1.0 0.246875 0.584375 0.243750 0.481250
0 1.0 0.068750 0.586458 0.137500 0.668750
0 1.0 0.544531 0.527083 0.245312 0.445833
0 1.0 0.549219 0.464583 0.448437 0.254167
0 1.0 0.645312 0.832292 0.240625 0.335417
0 1.0 0.551562 0.845833 0.240625 0.308333
0 1.0 0.086719 0.776042 0.026562 0.047917
0 1.0 0.587500 0.710417 0.128125 0.133333
0 1.0 0.827344 0.716667 0.335938 0.458333
0 1.0 0.347656 0.248958 0.235937 0.472917
0 1.0 0.445312 0.188542 0.390625 0.377083
0 1.0 0.321094 0.331250 0.642188 0.662500
0 1.0 0.665625 0.517708 0.668750 0.406250
0 1.0 0.499219 0.672917 0.364063 0.654167
0 1.0 0.242188 0.356250 0.396875 0.425000
0 1.0 0.143750 0.273958 0.218750 0.547917
0 1.0 0.649219 0.264583 0.210938 0.529167
0 1.0 0.246875 0.246875 0.243750 0.493750
0 1.0 0.351562 0.812500 0.253125 0.375000