0 1.0 0.425388 0.560937 0.792636 0.821875
0 1.0 0.770349 0.640625 0.331395 0.568750
0 1.0 0.694767 0.595313 0.149225 0.221875
0 1.0 0.103682 0.657031 0.145349 0.139063
0 1.0 0.348837 0.628906 0.127907 0.357812
0 1.0 0.346899 0.657031 0.108527 0.123438
0 1.0 0.289729 0.641406 0.094961 0.332813
0 1.0 0.038760 0.658594 0.062016 0.092188
0 1.0 0.066860 0.673438 0.133721 0.312500
0 1.0 0.961240 0.629687 0.050388 0.156250
0 1.0 0.651163 0.598437 0.306202 0.134375
0 1.0 0.500969 0.647656 0.265504 0.348438
0 1.0 0.439922 0.632031 0.112403 0.345313
0 1.0 0.424419 0.655469 0.139535 0.101562
0 1.0 0.125000 0.682031 0.114341 0.373437
0 1.0 0.132752 0.657031 0.261628 0.373437
0 1.0 0.938953 0.606250 0.122093 0.109375
0 1.0 0.187016 0.662500 0.184109 0.221875
0 1.0 0.848837 0.607812 0.089147 0.084375
0 1.0 0.880814 0.566406 0.172481 0.326562
0 1.0 0.830426 0.601562 0.304264 0.159375
0 1.0 0.816860 0.585938 0.160853 0.309375
0 1.0 0.732558 0.599219 0.104651 0.117188
0 1.0 0.719961 0.658594 0.172481 0.151562
0 1.0 0.705426 0.664062 0.213178 0.353125
0 1.0 0.269380 0.659375 0.162791 0.103125
0 1.0 0.844961 0.657813 0.093023 0.087500
0 1.0 0.615310 0.655469 0.172481 0.248438
0 1.0 0.551357 0.653906 0.110465 0.345313
0 1.0 0.535853 0.661719 0.246124 0.132812
0 1.0 0.830426 0.660156 0.300388 0.145313
0 1.0 0.767442 0.657031 0.135659 0.392188
0 1.0 0.062984 0.706250 0.125969 0.100000
0 1.0 0.281977 0.652344 0.238372 0.360938
0 1.0 0.496124 0.644531 0.112403 0.332813
0 1.0 0.101744 0.596875 0.110465 0.112500
0 1.0 0.740310 0.546094 0.310078 0.148438
0 1.0 0.031977 0.626563 0.063953 0.284375
0 1.0 0.955426 0.585938 0.042636 0.131250
0 1.0 0.934109 0.551562 0.131783 0.121875
0 1.0 0.217054 0.588281 0.275194 0.360938
0 1.0 0.174419 0.603125 0.193798 0.121875
0 1.0 0.826550 0.553906 0.118217 0.098437
0 1.0 0.236434 0.607812 0.166667 0.218750
0 1.0 0.768411 0.529687 0.133721 0.268750
0 1.0 0.511628 0.539062 0.174419 0.253125
0 1.0 0.437984 0.532813 0.081395 0.284375
0 1.0 0.427326 0.556250 0.137597 0.112500
0 1.0 0.390504 0.535937 0.102713 0.353125
0 1.0 0.380814 0.561719 0.133721 0.154688
0 1.0 0.652132 0.543750 0.215116 0.178125
0 1.0 0.598837 0.542188 0.251938 0.284375
0 1.0 0.558140 0.546875 0.298450 0.146875
0 1.0 0.613372 0.546875 0.102713 0.243750
0 1.0 0.793605 0.599219 0.153101 0.126562
0 1.0 0.411822 0.605469 0.106589 0.085938
0 1.0 0.362403 0.600000 0.131783 0.087500
0 1.0 0.675388 0.598437 0.114341 0.125000
0 1.0 0.536822 0.600000 0.220930 0.128125
0 1.0 0.468023 0.604688 0.149225 0.109375
0 1.0 0.040698 0.601562 0.081395 0.084375
0 1.0 0.273256 0.605469 0.135659 0.098437
0 1.0 0.306202 0.609375 0.058140 0.087500
0 1.0 0.219961 0.603125 0.118217 0.093750
0 1.0 0.662791 0.746875 0.124031 0.400000
0 1.0 0.669574 0.761719 0.300388 0.135937
0 1.0 0.605620 0.771875 0.122093 0.359375
0 1.0 0.877907 0.752344 0.162791 0.345313
0 1.0 0.844961 0.771094 0.096899 0.117188
0 1.0 0.809109 0.750000 0.145349 0.400000
0 1.0 0.577519 0.768750 0.135659 0.137500
0 1.0 0.119186 0.810156 0.137597 0.326562
0 1.0 0.132752 0.820312 0.207364 0.181250
0 1.0 0.823643 0.760938 0.294574 0.140625
0 1.0 0.955426 0.760156 0.089147 0.298438
0 1.0 0.057171 0.818750 0.114341 0.253125
0 1.0 0.940891 0.763281 0.118217 0.104688
0 1.0 0.329457 0.765625 0.228682 0.121875
0 1.0 0.336240 0.760156 0.250000 0.373437
0 1.0 0.343023 0.759375 0.174419 0.243750
0 1.0 0.556202 0.767188 0.147287 0.315625
0 1.0 0.276163 0.772656 0.160853 0.226562
0 1.0 0.235465 0.765625 0.145349 0.359375
0 1.0 0.226744 0.762500 0.290698 0.131250
0 1.0 0.504845 0.768750 0.141473 0.359375
0 1.0 0.504845 0.760156 0.288760 0.139063
0 1.0 0.444767 0.759375 0.137597 0.359375
0 1.0 0.401163 0.772656 0.120155 0.120313
0 1.0 0.331395 0.825000 0.228682 0.159375
0 1.0 0.218992 0.821875 0.259690 0.131250
0 1.0 0.563953 0.814844 0.294574 0.132812
0 1.0 0.184109 0.808594 0.135659 0.351562
0 1.0 0.468992 0.819531 0.224806 0.123438
0 1.0 0.716085 0.792188 0.168605 0.343750
0 1.0 0.715116 0.821094 0.240310 0.182812
0 1.0 0.401163 0.816406 0.193798 0.235937
0 1.0 0.053295 0.821094 0.056202 0.089063
0 1.0 0.912791 0.774219 0.170543 0.160938
0 1.0 0.057171 0.814063 0.114341 0.093750
0 1.0 0.398256 0.695312 0.176357 0.253125
0 1.0 0.316860 0.710938 0.156977 0.103125
0 1.0 0.265504 0.714844 0.077519 0.098437
0 1.0 0.226744 0.707812 0.236434 0.121875
0 1.0 0.499031 0.709375 0.234496 0.131250
0 1.0 0.721899 0.709375 0.304264 0.131250
0 1.0 0.390504 0.714063 0.102713 0.115625
0 1.0 0.946705 0.656250 0.106589 0.103125
0 1.0 0.923450 0.624219 0.153101 0.329688
0 1.0 0.448643 0.716406 0.110465 0.129688
0 1.0 0.146318 0.710938 0.160853 0.153125
0 1.0 0.262597 0.771094 0.098837 0.110937
0 1.0 0.940891 0.710938 0.118217 0.106250
0 1.0 0.577519 0.716406 0.135659 0.135937
0 1.0 0.872093 0.716406 0.255814 0.132812
0 1.0 0.464147 0.769531 0.129845 0.135937
0 1.0 0.055233 0.761719 0.110465 0.095312
0 1.0 0.108527 0.761719 0.217054 0.117188
0 1.0 0.679264 0.714844 0.137597 0.129688
0 1.0 0.849806 0.723437 0.098837 0.106250
0 1.0 0.963178 0.710156 0.054264 0.245312
0 1.0 0.948643 0.396875 0.060078 0.137500
0 1.0 0.923450 0.350000 0.153101 0.150000
0 1.0 0.916667 0.388281 0.112403 0.317188
0 1.0 0.873062 0.438281 0.091085 0.142187
0 1.0 0.844961 0.354687 0.143411 0.081250
0 1.0 0.135659 0.385156 0.124031 0.264062
0 1.0 0.143411 0.389844 0.197674 0.107813
0 1.0 0.875000 0.368750 0.176357 0.153125
0 1.0 0.811047 0.428906 0.063953 0.104688
0 1.0 0.394380 0.381250 0.110465 0.321875
0 1.0 0.140504 0.379688 0.242248 0.318750
0 1.0 0.065891 0.396875 0.096899 0.259375
0 1.0 0.031008 0.415625 0.062016 0.250000
0 1.0 0.063953 0.392188 0.127907 0.087500
0 1.0 0.281977 0.378906 0.094961 0.273438
0 1.0 0.290698 0.407813 0.046512 0.062500
0 1.0 0.283915 0.365625 0.226744 0.375000
0 1.0 0.666667 0.359375 0.267442 0.150000
0 1.0 0.602713 0.397656 0.065891 0.123438
0 1.0 0.860465 0.369531 0.248062 0.289062
0 1.0 0.559109 0.361719 0.106589 0.157812
0 1.0 0.570736 0.333594 0.226744 0.260937
0 1.0 0.506783 0.338281 0.079457 0.198437
0 1.0 0.766473 0.428906 0.071705 0.110937
0 1.0 0.775194 0.352344 0.333333 0.114062
0 1.0 0.670543 0.413281 0.065891 0.085938
0 1.0 0.767442 0.384375 0.186047 0.153125
0 1.0 0.723837 0.360156 0.269380 0.239063
0 1.0 0.647287 0.393750 0.151163 0.093750
0 1.0 0.813953 0.446875 0.108527 0.187500
0 1.0 0.462209 0.389844 0.094961 0.167187
0 1.0 0.536822 0.392969 0.170543 0.101562
0 1.0 0.765504 0.437500 0.104651 0.175000
0 1.0 0.781008 0.417187 0.290698 0.225000
0 1.0 0.716085 0.447656 0.087209 0.135937
0 1.0 0.607558 0.403125 0.098837 0.209375
0 1.0 0.727713 0.413281 0.145349 0.120313
0 1.0 0.664729 0.434375 0.089147 0.159375
0 1.0 0.956395 0.450000 0.056202 0.196875
0 1.0 0.310078 0.389844 0.081395 0.160938
0 1.0 0.229651 0.394531 0.102713 0.264062
0 1.0 0.229651 0.400781 0.172481 0.110937
0 1.0 0.443798 0.400781 0.081395 0.264062
0 1.0 0.185078 0.378125 0.122093 0.278125
0 1.0 0.450581 0.351562 0.238372 0.346875
0 1.0 0.492248 0.401562 0.073643 0.084375
0 1.0 0.725775 0.447656 0.056202 0.076563
0 1.0 0.369186 0.396875 0.110465 0.081250
0 1.0 0.269380 0.403125 0.116279 0.084375
0 1.0 0.338178 0.388281 0.106589 0.310937
0 1.0 0.315891 0.396875 0.151163 0.090625
0 1.0 0.721899 0.329688 0.129845 0.096875
0 1.0 0.660853 0.366406 0.073643 0.117188
0 1.0 0.678295 0.293750 0.232558 0.084375
0 1.0 0.670543 0.346875 0.042636 0.056250
0 1.0 0.668605 0.325000 0.139535 0.115625
0 1.0 0.592054 0.366406 0.063953 0.120313
0 1.0 0.879845 0.366406 0.073643 0.123438
0 1.0 0.842054 0.292969 0.060078 0.051562
0 1.0 0.890504 0.347656 0.036822 0.051562
0 1.0 0.611434 0.332031 0.133721 0.129688
0 1.0 0.604651 0.298438 0.096899 0.075000
0 1.0 0.576550 0.305469 0.164729 0.120313
0 1.0 0.883721 0.307031 0.143411 0.126562
0 1.0 0.817829 0.378906 0.065891 0.089063
0 1.0 0.824612 0.292187 0.172481 0.078125
0 1.0 0.830426 0.357812 0.029070 0.034375
0 1.0 0.829457 0.318750 0.127907 0.096875
0 1.0 0.769380 0.392188 0.065891 0.087500
0 1.0 0.780039 0.367188 0.032946 0.034375
0 1.0 0.769380 0.297656 0.263566 0.110937
0 1.0 0.043605 0.342969 0.087209 0.120313
0 1.0 0.069767 0.327344 0.139535 0.270313
0 1.0 0.730620 0.367969 0.031008 0.035937
0 1.0 0.031008 0.050781 0.062016 0.101562
0 1.0 0.072674 0.074219 0.145349 0.148438
0 1.0 0.592054 0.362500 0.044574 0.075000
0 1.0 0.183140 0.079687 0.250000 0.159375
0 1.0 0.194767 0.050000 0.110465 0.100000
0 1.0 0.616279 0.691406 0.767442 0.598437
0 1.0 0.137597 0.053906 0.085271 0.107813
0 1.0 0.140504 0.040625 0.199612 0.081250
0 1.0 0.555233 0.296094 0.091085 0.076563
0 1.0 0.510659 0.274219 0.222868 0.285938
0 1.0 0.060078 0.027344 0.081395 0.054688
0 1.0 0.718992 0.389062 0.062016 0.081250
0 1.0 0.771318 0.326562 0.124031 0.093750
0 1.0 0.350775 0.310937 0.248062 0.340625
0 1.0 0.271318 0.347656 0.065891 0.089063
0 1.0 0.308140 0.339844 0.062016 0.120313
0 1.0 0.235465 0.346094 0.149225 0.120313
0 1.0 0.235465 0.351562 0.071705 0.159375
0 1.0 0.210271 0.325000 0.230620 0.312500
0 1.0 0.450581 0.313281 0.056202 0.145313
0 1.0 0.493217 0.346875 0.180233 0.106250
0 1.0 0.399225 0.339062 0.220930 0.115625
0 1.0 0.402132 0.321094 0.106589 0.164062
0 1.0 0.486434 0.339062 0.077519 0.137500
0 1.0 0.959302 0.351562 0.046512 0.137500
0 1.0 0.959302 0.290625 0.081395 0.090625
0 1.0 0.934109 0.293750 0.131783 0.134375
0 1.0 0.903101 0.293750 0.193798 0.318750
0 1.0 0.454457 0.323437 0.118217 0.228125
0 1.0 0.146318 0.339062 0.265504 0.140625
0 1.0 0.281008 0.300781 0.054264 0.120313
0 1.0 0.514535 0.480469 0.265504 0.329688
0 1.0 0.439922 0.501563 0.189922 0.128125
0 1.0 0.383721 0.504687 0.127907 0.103125
0 1.0 0.732558 0.495312 0.248062 0.168750
0 1.0 0.875969 0.494531 0.248062 0.151562
0 1.0 0.549419 0.476562 0.125969 0.271875
0 1.0 0.612403 0.483594 0.069767 0.201563
0 1.0 0.606589 0.496094 0.294574 0.129688
0 1.0 0.495155 0.468750 0.091085 0.259375
0 1.0 0.235465 0.486719 0.164729 0.239063
0 1.0 0.186047 0.502344 0.100775 0.251563
0 1.0 0.174419 0.498437 0.259690 0.143750
0 1.0 0.669574 0.517969 0.094961 0.235937
0 1.0 0.135659 0.499219 0.127907 0.232813
0 1.0 0.393411 0.454688 0.248062 0.381250
0 1.0 0.312984 0.501563 0.133721 0.106250
0 1.0 0.294574 0.486719 0.058140 0.223438
0 1.0 0.347868 0.493750 0.153101 0.253125
0 1.0 0.143411 0.546094 0.189922 0.126562
0 1.0 0.718992 0.514062 0.096899 0.212500
0 1.0 0.085271 0.548438 0.162791 0.231250
0 1.0 0.288760 0.553906 0.131783 0.107813
0 1.0 0.234496 0.548438 0.096899 0.250000
0 1.0 0.235465 0.549219 0.122093 0.107813
0 1.0 0.046512 0.550000 0.093023 0.087500
0 1.0 0.810078 0.511719 0.275194 0.270313
0 1.0 0.947674 0.535156 0.065891 0.164062
0 1.0 0.576550 0.442969 0.094961 0.148438
0 1.0 0.254845 0.453125 0.040698 0.065625
0 1.0 0.210271 0.432031 0.269380 0.354687
0 1.0 0.247093 0.448437 0.094961 0.159375
0 1.0 0.184109 0.452344 0.050388 0.067187
0 1.0 0.150194 0.448437 0.218992 0.146875
0 1.0 0.362403 0.455469 0.077519 0.076563
0 1.0 0.406008 0.457031 0.071705 0.164062
0 1.0 0.296512 0.457813 0.023256 0.046875
0 1.0 0.287791 0.460156 0.114341 0.107813
0 1.0 0.360465 0.457031 0.089147 0.173437
0 1.0 0.826550 0.407813 0.114341 0.090625
0 1.0 0.131783 0.447656 0.085271 0.070312
0 1.0 0.043605 0.446094 0.087209 0.095312
0 1.0 0.320736 0.455469 0.056202 0.120313
0 1.0 0.056202 0.446094 0.058140 0.054688
0 1.0 0.795543 0.449219 0.071705 0.076563
0 1.0 0.147287 0.501563 0.271318 0.328125
0 1.0 0.466085 0.455469 0.063953 0.148438
0 1.0 0.805233 0.444531 0.187984 0.104688
0 1.0 0.028101 0.527344 0.056202 0.229687
0 1.0 0.055233 0.498437 0.110465 0.087500
0 1.0 0.927326 0.446875 0.145349 0.093750
0 1.0 0.251938 0.497656 0.108527 0.101562
0 1.0 0.610465 0.447656 0.058140 0.067187
0 1.0 0.530039 0.445312 0.071705 0.078125
0 1.0 0.512597 0.448437 0.137597 0.125000
0 1.0 0.436047 0.431250 0.050388 0.171875
0 1.0 0.468023 0.452344 0.029070 0.054688
0 1.0 0.438953 0.457031 0.102713 0.107813
0 1.0 0.670543 0.446875 0.251938 0.237500
0 1.0 0.651163 0.446875 0.116279 0.078125
0 1.0 0.453488 0.150000 0.093023 0.237500
0 1.0 0.659884 0.645312 0.536822 0.253125
0 1.0 0.659884 0.150781 0.118217 0.220312
0 1.0 0.658915 0.128906 0.267442 0.157812
0 1.0 0.603682 0.153906 0.118217 0.307812
0 1.0 0.611434 0.145313 0.261628 0.290625
0 1.0 0.758721 0.124219 0.284884 0.123438
0 1.0 0.765504 0.141406 0.100775 0.223438
0 1.0 0.392442 0.139844 0.207364 0.164062
0 1.0 0.330426 0.152344 0.133721 0.217188
0 1.0 0.553295 0.166406 0.122093 0.332813
0 1.0 0.570736 0.128906 0.288760 0.126562
0 1.0 0.503876 0.127344 0.186047 0.204687
0 1.0 0.162791 0.754687 0.325581 0.231250
0 1.0 0.820736 0.143750 0.071705 0.184375
0 1.0 0.814922 0.137500 0.250000 0.275000
0 1.0 0.053295 0.172656 0.106589 0.204687
0 1.0 0.951550 0.125781 0.096899 0.107813
0 1.0 0.930233 0.138281 0.139535 0.260937
0 1.0 0.964147 0.171875 0.063953 0.187500
0 1.0 0.715116 0.153125 0.116279 0.259375
0 1.0 0.877907 0.152344 0.112403 0.304688
0 1.0 0.861434 0.125781 0.114341 0.092188
0 1.0 0.852713 0.127344 0.201550 0.142187
0 1.0 0.099806 0.125781 0.199612 0.173437
0 1.0 0.950581 0.076563 0.098837 0.103125
0 1.0 0.186047 0.164844 0.089147 0.254688
0 1.0 0.189922 0.131250 0.228682 0.121875
0 1.0 0.897287 0.076563 0.205426 0.128125
0 1.0 0.878876 0.108594 0.083333 0.160938
0 1.0 0.254845 0.132812 0.195736 0.100000
0 1.0 0.532946 0.763281 0.558140 0.260937
0 1.0 0.241279 0.153906 0.091085 0.189062
0 1.0 0.228682 0.132812 0.248062 0.265625
0 1.0 0.456395 0.137500 0.149225 0.103125
0 1.0 0.132752 0.152344 0.110465 0.304688
0 1.0 0.350775 0.142969 0.259690 0.260937
0 1.0 0.286822 0.175000 0.077519 0.165625
0 1.0 0.314922 0.143750 0.060078 0.056250
0 1.0 0.305233 0.145313 0.129845 0.131250
0 1.0 0.562016 0.183594 0.232558 0.151562
0 1.0 0.499031 0.221094 0.106589 0.310937
0 1.0 0.750000 0.179688 0.244186 0.159375
0 1.0 0.436047 0.191406 0.263566 0.151562
0 1.0 0.402132 0.214844 0.149225 0.279687
0 1.0 0.603682 0.211719 0.087209 0.167187
0 1.0 0.906008 0.180469 0.187984 0.126562
0 1.0 0.641473 0.349219 0.484496 0.426563
0 1.0 0.554264 0.337500 0.527132 0.243750
0 1.0 0.864341 0.179688 0.112403 0.084375
0 1.0 0.139535 0.237500 0.182171 0.262500
0 1.0 0.069767 0.481250 0.139535 0.693750
0 1.0 0.854651 0.407813 0.170543 0.656250
0 1.0 0.208333 0.184375 0.176357 0.118750
0 1.0 0.193798 0.182031 0.058140 0.123438
0 1.0 0.070736 0.188281 0.114341 0.376563
0 1.0 0.115310 0.178906 0.191860 0.110937
0 1.0 0.664729 0.539062 0.546512 0.253125
0 1.0 0.051357 0.179688 0.102713 0.087500
0 1.0 0.341085 0.188281 0.306202 0.107813
0 1.0 0.316860 0.201563 0.083333 0.109375
0 1.0 0.766473 0.077344 0.238372 0.154688
0 1.0 0.767442 0.051562 0.143411 0.103125
0 1.0 0.715116 0.053906 0.069767 0.107813
0 1.0 0.724806 0.025781 0.131783 0.051562
0 1.0 0.180233 0.615625 0.360465 0.631250
0 1.0 0.496124 0.035156 0.143411 0.070312
0 1.0 0.660853 0.054688 0.073643 0.109375
0 1.0 0.663760 0.028906 0.168605 0.057813
0 1.0 0.602713 0.055469 0.081395 0.110937
0 1.0 0.613372 0.026562 0.114341 0.053125
0 1.0 0.551357 0.055469 0.079457 0.110937
0 1.0 0.551357 0.027344 0.102713 0.054688
0 1.0 0.365310 0.486719 0.730620 0.389062
0 1.0 0.910853 0.038281 0.178295 0.076563
0 1.0 0.872093 0.049219 0.058140 0.098437
0 1.0 0.870155 0.028125 0.116279 0.056250
0 1.0 0.821705 0.052344 0.058140 0.104688
0 1.0 0.775194 0.042969 0.058140 0.082812
0 1.0 0.791667 0.302344 0.416667 0.364063
0 1.0 0.726744 0.366406 0.337209 0.732812
0 1.0 0.503876 0.053125 0.077519 0.106250
0 1.0 0.278101 0.789062 0.556202 0.421875
0 1.0 0.430233 0.269531 0.860465 0.479687
0 1.0 0.403101 0.055469 0.135659 0.110937
0 1.0 0.342054 0.075781 0.056202 0.098437
0 1.0 0.350775 0.025781 0.046512 0.042188
0 1.0 0.308140 0.050781 0.096899 0.095312
0 1.0 0.241279 0.071875 0.060078 0.128125
0 1.0 0.261628 0.029687 0.162791 0.059375
0 1.0 0.297481 0.072656 0.238372 0.145313
0 1.0 0.409884 0.028906 0.180233 0.057813
0 1.0 0.403101 0.080469 0.232558 0.160938
0 1.0 0.655039 0.876563 0.689922 0.246875
0 1.0 0.292636 0.078906 0.054264 0.101562
0 1.0 0.484496 0.026562 0.062016 0.050000
0 1.0 0.445736 0.053906 0.073643 0.095312
0 1.0 0.174419 0.342187 0.348837 0.684375
0 1.0 0.448643 0.925781 0.579457 0.148438
0 1.0 0.527132 0.077344 0.178295 0.095312
0 1.0 0.164729 0.925781 0.329457 0.148438
0 1.0 0.835271 0.846094 0.329457 0.210938
0 1.0 0.601744 0.074219 0.203488 0.132812
0 1.0 0.308140 0.088281 0.046512 0.051562
0 1.0 0.246124 0.078125 0.201550 0.093750
0 1.0 0.451550 0.083594 0.096899 0.085938
0 1.0 0.370155 0.832812 0.538760 0.218750
0 1.0 0.497093 0.105469 0.094961 0.210938
0 1.0 0.029070 0.112500 0.058140 0.178125
0 1.0 0.045543 0.079687 0.091085 0.100000
0 1.0 0.965116 0.053906 0.038760 0.082812
0 1.0 0.648256 0.126562 0.703488 0.253125
0 1.0 0.919574 0.067969 0.087209 0.135937
0 1.0 0.506783 0.242969 0.296512 0.485938
0 1.0 0.784884 0.925000 0.430233 0.150000
0 1.0 0.335271 0.109375 0.093023 0.153125
0 1.0 0.376938 0.084375 0.137597 0.090625
0 1.0 0.353682 0.127344 0.707364 0.254688
0 1.0 0.285853 0.910156 0.145349 0.170313
0 1.0 0.553295 0.885156 0.265504 0.229687
0 1.0 0.562016 0.910937 0.170543 0.153125
0 1.0 0.499031 0.914062 0.106589 0.171875
0 1.0 0.179264 0.908594 0.106589 0.182812
0 1.0 0.129845 0.901563 0.104651 0.196875
0 1.0 0.470930 0.914844 0.259690 0.110937
0 1.0 0.447674 0.917969 0.131783 0.164062
0 1.0 0.391473 0.919531 0.104651 0.160938
0 1.0 0.655039 0.896875 0.100775 0.206250
0 1.0 0.276163 0.917188 0.288760 0.118750
0 1.0 0.671512 0.887500 0.281008 0.225000
0 1.0 0.342054 0.928125 0.122093 0.137500
0 1.0 0.333333 0.892188 0.275194 0.215625
0 1.0 0.238372 0.887500 0.248062 0.225000
0 1.0 0.911822 0.882031 0.176357 0.160938
0 1.0 0.880814 0.817969 0.098837 0.254688
0 1.0 0.826550 0.875000 0.164729 0.112500
0 1.0 0.078488 0.907031 0.156977 0.176563
0 1.0 0.063953 0.921875 0.093023 0.100000
0 1.0 0.964147 0.860938 0.032946 0.115625
0 1.0 0.246124 0.952344 0.131783 0.095312
0 1.0 0.839147 0.923438 0.182171 0.103125
0 1.0 0.818798 0.904687 0.098837 0.184375
0 1.0 0.133721 0.960156 0.096899 0.064062
0 1.0 0.406977 0.960938 0.116279 0.078125
0 1.0 0.343023 0.958594 0.077519 0.082812
0 1.0 0.369186 0.967187 0.083333 0.053125
0 1.0 0.036822 0.929688 0.073643 0.140625
0 1.0 0.070736 0.959375 0.079457 0.075000
0 1.0 0.968992 0.933594 0.050388 0.132812
0 1.0 0.928295 0.924219 0.143411 0.114062
0 1.0 0.613372 0.896875 0.114341 0.190625
0 1.0 0.765504 0.892188 0.108527 0.196875
0 1.0 0.714147 0.895312 0.114341 0.203125
0 1.0 0.915698 0.851562 0.125969 0.296875
0 1.0 0.237403 0.855469 0.102713 0.201563
0 1.0 0.814922 0.815625 0.164729 0.109375
0 1.0 0.851744 0.820312 0.075581 0.106250
0 1.0 0.140504 0.877344 0.269380 0.154688
0 1.0 0.392442 0.861719 0.075581 0.145313
0 1.0 0.056202 0.875000 0.058140 0.087500
0 1.0 0.615310 0.805469 0.238372 0.323437
0 1.0 0.936047 0.811719 0.127907 0.114062
0 1.0 0.820736 0.823438 0.083333 0.212500
0 1.0 0.560078 0.845313 0.077519 0.165625
0 1.0 0.718023 0.810937 0.087209 0.187500
0 1.0 0.183140 0.867188 0.071705 0.162500
0 1.0 0.447674 0.860938 0.069767 0.140625
0 1.0 0.656977 0.826562 0.065891 0.190625
0 1.0 0.340116 0.876563 0.067829 0.128125
0 1.0 0.566860 0.241406 0.253876 0.104688
0 1.0 0.775194 0.271875 0.054264 0.090625
0 1.0 0.756783 0.243750 0.250000 0.134375
0 1.0 0.716085 0.292187 0.067829 0.128125
0 1.0 0.695736 0.234375 0.275194 0.290625
0 1.0 0.434109 0.235937 0.329457 0.118750
0 1.0 0.663760 0.269531 0.079457 0.126562
0 1.0 0.593023 0.289062 0.081395 0.196875
0 1.0 0.607558 0.255469 0.199612 0.207813
0 1.0 0.893411 0.235937 0.213178 0.125000
0 1.0 0.843992 0.247656 0.098837 0.092188
0 1.0 0.877907 0.254688 0.093023 0.268750
0 1.0 0.118217 0.289062 0.139535 0.100000
0 1.0 0.071705 0.271094 0.058140 0.170313
0 1.0 0.818798 0.282813 0.063953 0.159375
0 1.0 0.944767 0.232031 0.110465 0.182812
0 1.0 0.768411 0.285938 0.075581 0.153125
0 1.0 0.186047 0.235937 0.240310 0.121875
0 1.0 0.282946 0.232813 0.294574 0.137500
0 1.0 0.288760 0.246094 0.135659 0.276562
0 1.0 0.309109 0.239844 0.075581 0.095312
0 1.0 0.236434 0.251563 0.089147 0.284375
0 1.0 0.100775 0.236719 0.189922 0.154688
0 1.0 0.032946 0.233594 0.065891 0.289062
0 1.0 0.062016 0.232813 0.124031 0.106250
0 1.0 0.522287 0.253906 0.133721 0.110937
0 1.0 0.197674 0.244531 0.395349 0.239063
0 1.0 0.451550 0.249219 0.147287 0.107813
0 1.0 0.341085 0.257812 0.147287 0.306250
0 1.0 0.611434 0.949219 0.153101 0.101562
0 1.0 0.557171 0.948438 0.087209 0.103125
0 1.0 0.767442 0.942969 0.093023 0.114062
0 1.0 0.796512 0.960156 0.155039 0.064062
0 1.0 0.511628 0.957031 0.143411 0.085938
0 1.0 0.447674 0.957031 0.073643 0.085938
0 1.0 0.715116 0.946875 0.081395 0.106250
0 1.0 0.740310 0.955469 0.197674 0.089063
0 1.0 0.929264 0.965625 0.133721 0.068750
0 1.0 0.651163 0.959375 0.139535 0.065625
0 1.0 0.299419 0.960938 0.102713 0.078125
0 1.0 0.260659 0.960156 0.083333 0.057813
0 1.0 0.194767 0.956250 0.110465 0.087500
0 1.0 0.200581 0.297656 0.067829 0.145313
0 1.0 0.148256 0.275781 0.079457 0.182812
0 1.0 0.491279 0.301563 0.052326 0.090625
0 1.0 0.315891 0.286719 0.093023 0.073438
0 1.0 0.046512 0.286719 0.093023 0.082812
0 1.0 0.454457 0.077344 0.567829 0.154688
0 1.0 0.964147 0.279687 0.060078 0.206250
0 1.0 0.861434 0.964063 0.067829 0.050000
0 1.0 0.875969 0.944531 0.100775 0.110937
0 1.0 0.249031 0.292187 0.094961 0.100000
0 1.0 0.501938 0.293750 0.050388 0.053125
0 1.0 0.393411 0.275000 0.116279 0.084375
0 1.0 0.378876 0.277344 0.048450 0.067187
0 1.0 0.383721 0.266406 0.213178 0.139063
0 1.0 0.647287 0.485938 0.205426 0.528125
0 1.0 0.474806 0.289844 0.155039 0.104688
0 1.0 0.454457 0.585156 0.234496 0.645312
0 1.0 0.553295 0.653125 0.230620 0.600000
0 1.0 0.787791 0.756250 0.424419 0.240625
0 1.0 0.880814 0.686719 0.238372 0.529687
0 1.0 0.657946 0.662500 0.246124 0.565625
0 1.0 0.448643 0.650781 0.548450 0.248438
0 1.0 0.341085 0.607031 0.186047 0.589063
0 1.0 0.296512 0.212500 0.372093 0.425000
0 1.0 0.146318 0.164062 0.253876 0.328125
0 1.0 0.642442 0.259375 0.218992 0.465625
0 1.0 0.448643 0.247656 0.529070 0.257812
0 1.0 0.754845 0.230469 0.215116 0.460938
0 1.0 0.462209 0.546875 0.439922 0.303125
0 1.0 0.914729 0.457813 0.170543 0.471875
0 1.0 0.256783 0.546094 0.513566 0.248438
0 1.0 0.269380 0.333594 0.538760 0.257812
0 1.0 0.549419 0.453906 0.548450 0.226562