0 1.0 0.696875 0.536660 0.350000 0.816701
0 1.0 0.489063 0.544807 0.271875 0.759674
0 1.0 0.296094 0.492872 0.317188 0.704684
0 1.0 0.489844 0.500000 0.473438 1.000000
0 1.0 0.149219 0.480652 0.260937 0.610998
0 1.0 0.500000 0.540733 1.000000 0.657841
0 1.0 0.169531 0.617108 0.085938 0.097760
0 1.0 0.142969 0.596741 0.157812 0.391039
0 1.0 0.139844 0.606925 0.229687 0.105906
0 1.0 0.446875 0.591650 0.134375 0.429735
0 1.0 0.500781 0.596741 0.167187 0.236253
0 1.0 0.527344 0.604888 0.104688 0.109980
0 1.0 0.496094 0.597760 0.232813 0.112016
0 1.0 0.232813 0.550916 0.140625 0.470468
0 1.0 0.242969 0.615071 0.123438 0.109980
0 1.0 0.916406 0.545825 0.160938 0.219959
0 1.0 0.870313 0.579430 0.103125 0.364562
0 1.0 0.338281 0.573320 0.117188 0.523422
0 1.0 0.857812 0.557026 0.056250 0.079430
0 1.0 0.858594 0.556008 0.226562 0.305499
0 1.0 0.078125 0.585540 0.140625 0.384929
0 1.0 0.827344 0.554990 0.060937 0.071283
0 1.0 0.417187 0.609980 0.100000 0.112016
0 1.0 0.396094 0.591650 0.189062 0.274949
0 1.0 0.297656 0.608961 0.142187 0.244399
0 1.0 0.313281 0.605906 0.214062 0.107943
0 1.0 0.057813 0.598778 0.115625 0.077393
0 1.0 0.034375 0.612016 0.068750 0.258656
0 1.0 0.056250 0.603870 0.050000 0.063136
0 1.0 0.965625 0.610998 0.034375 0.118126
0 1.0 0.953906 0.549898 0.092188 0.101833
0 1.0 0.343750 0.594705 0.237500 0.431772
0 1.0 0.100000 0.656823 0.134375 0.095723
0 1.0 0.055469 0.653768 0.110937 0.085540
0 1.0 0.601562 0.614053 0.109375 0.478615
0 1.0 0.710938 0.620163 0.131250 0.283096
0 1.0 0.696875 0.600815 0.284375 0.118126
0 1.0 0.654687 0.589613 0.128125 0.393075
0 1.0 0.948438 0.607943 0.103125 0.173116
0 1.0 0.916406 0.617108 0.104688 0.399185
0 1.0 0.891406 0.598778 0.217188 0.126273
0 1.0 0.760938 0.597760 0.196875 0.193483
0 1.0 0.053906 0.663951 0.107813 0.195519
0 1.0 0.954688 0.634420 0.056250 0.136456
0 1.0 0.239063 0.668024 0.156250 0.154786
0 1.0 0.786719 0.599796 0.092188 0.079430
0 1.0 0.842187 0.601833 0.043750 0.067210
0 1.0 0.821094 0.626273 0.123438 0.393075
0 1.0 0.500781 0.608961 0.060937 0.085540
0 1.0 0.700781 0.601833 0.129688 0.107943
0 1.0 0.119531 0.608961 0.054688 0.077393
0 1.0 0.299219 0.618126 0.029687 0.054990
0 1.0 0.642188 0.603870 0.118750 0.107943
0 1.0 0.616406 0.580448 0.164062 0.215886
0 1.0 0.546875 0.609980 0.115625 0.421589
0 1.0 0.544531 0.610998 0.239063 0.354379
0 1.0 0.796875 0.608961 0.256250 0.317719
0 1.0 0.572656 0.601833 0.092188 0.099796
0 1.0 0.249219 0.548880 0.167187 0.156823
0 1.0 0.609375 0.519348 0.237500 0.366599
0 1.0 0.878906 0.524440 0.082812 0.189409
0 1.0 0.867969 0.513238 0.064062 0.077393
0 1.0 0.131250 0.552953 0.190625 0.160896
0 1.0 0.848437 0.510183 0.034375 0.054990
0 1.0 0.419531 0.549898 0.189062 0.138493
0 1.0 0.049219 0.546843 0.098437 0.071283
0 1.0 0.967969 0.570265 0.032813 0.105906
0 1.0 0.294531 0.528513 0.173437 0.270876
0 1.0 0.619531 0.496945 0.289062 0.126273
0 1.0 0.621094 0.472505 0.164062 0.240326
0 1.0 0.549219 0.455193 0.117188 0.429735
0 1.0 0.806250 0.502037 0.284375 0.136456
0 1.0 0.812500 0.502037 0.137500 0.303462
0 1.0 0.763281 0.470468 0.139063 0.358452
0 1.0 0.493750 0.507128 0.228125 0.118126
0 1.0 0.491406 0.477597 0.185938 0.238289
0 1.0 0.116406 0.545825 0.095312 0.114053
0 1.0 0.710156 0.479633 0.114062 0.311609
0 1.0 0.953906 0.503055 0.092188 0.093686
0 1.0 0.626563 0.554990 0.250000 0.116090
0 1.0 0.799219 0.557026 0.304688 0.132383
0 1.0 0.716406 0.516293 0.260937 0.340122
0 1.0 0.309375 0.545825 0.078125 0.101833
0 1.0 0.546094 0.531568 0.145313 0.195519
0 1.0 0.499219 0.504073 0.129688 0.454175
0 1.0 0.496094 0.554990 0.235937 0.103870
0 1.0 0.385937 0.498982 0.131250 0.505092
0 1.0 0.711719 0.548880 0.176563 0.189409
0 1.0 0.188281 0.719959 0.242188 0.279022
0 1.0 0.182031 0.746436 0.170313 0.177189
0 1.0 0.858594 0.708758 0.173437 0.248473
0 1.0 0.796094 0.706721 0.323437 0.150713
0 1.0 0.764844 0.715886 0.148438 0.340122
0 1.0 0.089063 0.754582 0.171875 0.193483
0 1.0 0.030469 0.768839 0.060937 0.238289
0 1.0 0.071875 0.765784 0.071875 0.081466
0 1.0 0.328906 0.765784 0.220312 0.183299
0 1.0 0.296875 0.765784 0.081250 0.109980
0 1.0 0.958594 0.734216 0.070312 0.193483
0 1.0 0.974219 0.713849 0.051562 0.103870
0 1.0 0.932031 0.724033 0.135937 0.307536
0 1.0 0.889844 0.712831 0.220312 0.134420
0 1.0 0.561719 0.716904 0.120313 0.138493
0 1.0 0.546094 0.721996 0.164062 0.266802
0 1.0 0.492969 0.707739 0.279687 0.128310
0 1.0 0.444531 0.698574 0.182812 0.272912
0 1.0 0.381250 0.709776 0.300000 0.152749
0 1.0 0.682031 0.706721 0.295312 0.146640
0 1.0 0.657031 0.709776 0.170313 0.352342
0 1.0 0.830469 0.711813 0.082812 0.083503
0 1.0 0.880469 0.716904 0.039062 0.077393
0 1.0 0.554688 0.768839 0.134375 0.136456
0 1.0 0.126562 0.761711 0.109375 0.105906
0 1.0 0.504687 0.773931 0.200000 0.167006
0 1.0 0.492188 0.762729 0.225000 0.348269
0 1.0 0.711719 0.746436 0.154688 0.372709
0 1.0 0.706250 0.762729 0.293750 0.140530
0 1.0 0.061719 0.817719 0.070312 0.079430
0 1.0 0.052344 0.823829 0.104688 0.173116
0 1.0 0.872656 0.773931 0.045312 0.085540
0 1.0 0.821094 0.763747 0.114062 0.093686
0 1.0 0.389844 0.728106 0.148438 0.364562
0 1.0 0.412500 0.774949 0.137500 0.144603
0 1.0 0.332813 0.725051 0.128125 0.321792
0 1.0 0.614062 0.767821 0.228125 0.175153
0 1.0 0.768750 0.650713 0.300000 0.144603
0 1.0 0.407031 0.711813 0.101562 0.144603
0 1.0 0.479687 0.659878 0.071875 0.114053
0 1.0 0.328125 0.655804 0.278125 0.142566
0 1.0 0.371094 0.667006 0.092188 0.132383
0 1.0 0.892188 0.657841 0.215625 0.126273
0 1.0 0.820312 0.653768 0.071875 0.073320
0 1.0 0.875000 0.675153 0.078125 0.262729
0 1.0 0.542188 0.652749 0.268750 0.124236
0 1.0 0.561719 0.656823 0.117188 0.128310
0 1.0 0.436719 0.653768 0.289062 0.138493
0 1.0 0.162500 0.661914 0.171875 0.105906
0 1.0 0.628125 0.659878 0.193750 0.154786
0 1.0 0.289062 0.670061 0.037500 0.081466
0 1.0 0.489844 0.712831 0.079687 0.114053
0 1.0 0.294531 0.709776 0.195312 0.128310
0 1.0 0.283594 0.708758 0.060937 0.109980
0 1.0 0.284375 0.676171 0.221875 0.329939
0 1.0 0.859375 0.659878 0.053125 0.081466
0 1.0 0.103125 0.679226 0.206250 0.291242
0 1.0 0.058594 0.709776 0.079687 0.095723
0 1.0 0.132031 0.711813 0.092188 0.112016
0 1.0 0.963281 0.286151 0.073438 0.083503
0 1.0 0.959375 0.315682 0.034375 0.069246
0 1.0 0.928906 0.288187 0.142187 0.136456
0 1.0 0.918750 0.319756 0.103125 0.301426
0 1.0 0.183594 0.330957 0.148438 0.283096
0 1.0 0.132812 0.369654 0.115625 0.238289
0 1.0 0.153125 0.345214 0.284375 0.144603
0 1.0 0.878125 0.294297 0.137500 0.160896
0 1.0 0.491406 0.346232 0.217188 0.301426
0 1.0 0.385937 0.350305 0.100000 0.232179
0 1.0 0.072656 0.381874 0.101562 0.230143
0 1.0 0.128125 0.345214 0.153125 0.112016
0 1.0 0.307031 0.303462 0.192188 0.346232
0 1.0 0.353906 0.335031 0.232813 0.205703
0 1.0 0.359375 0.310591 0.096875 0.213849
0 1.0 0.668750 0.324847 0.071875 0.144603
0 1.0 0.669531 0.290224 0.245312 0.189409
0 1.0 0.854688 0.290224 0.068750 0.067210
0 1.0 0.807813 0.313646 0.106250 0.244399
0 1.0 0.852344 0.295316 0.114062 0.093686
0 1.0 0.860938 0.286151 0.237500 0.299389
0 1.0 0.551562 0.284114 0.237500 0.152749
0 1.0 0.875781 0.306517 0.039062 0.075356
0 1.0 0.808594 0.287169 0.192188 0.126273
0 1.0 0.814844 0.301426 0.051562 0.114053
0 1.0 0.756250 0.285132 0.137500 0.305499
0 1.0 0.024219 0.377800 0.032813 0.087576
0 1.0 0.031250 0.376782 0.062500 0.146640
0 1.0 0.054688 0.345214 0.109375 0.120163
0 1.0 0.963281 0.345214 0.029687 0.091650
0 1.0 0.659375 0.322811 0.112500 0.230143
0 1.0 0.602344 0.338086 0.123438 0.272912
0 1.0 0.862500 0.375764 0.096875 0.234216
0 1.0 0.839063 0.345214 0.159375 0.095723
0 1.0 0.866406 0.381874 0.060937 0.136456
0 1.0 0.517969 0.335031 0.304688 0.156823
0 1.0 0.800000 0.344196 0.250000 0.167006
0 1.0 0.077344 0.395112 0.154688 0.114053
0 1.0 0.034375 0.429735 0.068750 0.134420
0 1.0 0.963281 0.416497 0.020313 0.050916
0 1.0 0.945312 0.344196 0.109375 0.097760
0 1.0 0.955469 0.412424 0.042188 0.071283
0 1.0 0.314063 0.305499 0.093750 0.215886
0 1.0 0.245312 0.338086 0.115625 0.309572
0 1.0 0.246094 0.338086 0.235937 0.179226
0 1.0 0.460938 0.310591 0.046875 0.099796
0 1.0 0.743750 0.335031 0.234375 0.380855
0 1.0 0.718750 0.327902 0.121875 0.293279
0 1.0 0.601562 0.348269 0.078125 0.179226
0 1.0 0.896875 0.234216 0.206250 0.126273
0 1.0 0.549219 0.280041 0.132812 0.258656
0 1.0 0.501563 0.298371 0.128125 0.262729
0 1.0 0.876563 0.248473 0.093750 0.191446
0 1.0 0.803125 0.232179 0.284375 0.150713
0 1.0 0.110937 0.287169 0.221875 0.142566
0 1.0 0.032813 0.322811 0.050000 0.132383
0 1.0 0.688281 0.232179 0.304688 0.154786
0 1.0 0.045312 0.292261 0.090625 0.079430
0 1.0 0.071875 0.295316 0.143750 0.252546
0 1.0 0.614844 0.284114 0.070312 0.136456
0 1.0 0.071875 0.077393 0.143750 0.154786
0 1.0 0.414844 0.726069 0.829688 0.507128
0 1.0 0.549219 0.245418 0.901563 0.454175
0 1.0 0.200000 0.059063 0.090625 0.101833
0 1.0 0.133594 0.112016 0.045312 0.105906
0 1.0 0.167969 0.029532 0.101562 0.059063
0 1.0 0.137500 0.089613 0.225000 0.179226
0 1.0 0.145313 0.062118 0.125000 0.124236
0 1.0 0.089844 0.089613 0.048438 0.077393
0 1.0 0.029687 0.087576 0.028125 0.073320
0 1.0 0.062500 0.028513 0.053125 0.048880
0 1.0 0.103906 0.037678 0.123438 0.075356
0 1.0 0.609375 0.323829 0.053125 0.109980
0 1.0 0.248438 0.274949 0.293750 0.142566
0 1.0 0.453125 0.325866 0.071875 0.175153
0 1.0 0.534375 0.292261 0.053125 0.087576
0 1.0 0.396875 0.287169 0.250000 0.150713
0 1.0 0.489844 0.313646 0.079687 0.158859
0 1.0 0.967969 0.275967 0.045312 0.148676
0 1.0 0.948438 0.234216 0.103125 0.105906
0 1.0 0.211719 0.285132 0.039062 0.097760
0 1.0 0.168750 0.282077 0.156250 0.095723
0 1.0 0.143750 0.283096 0.081250 0.138493
0 1.0 0.076563 0.301426 0.034375 0.061100
0 1.0 0.385156 0.285132 0.092188 0.105906
0 1.0 0.620313 0.441955 0.153125 0.105906
0 1.0 0.842187 0.455193 0.093750 0.075356
0 1.0 0.862500 0.429735 0.221875 0.301426
0 1.0 0.885156 0.462322 0.120313 0.158859
0 1.0 0.814844 0.361507 0.070312 0.177189
0 1.0 0.814844 0.457230 0.085938 0.197556
0 1.0 0.804688 0.446029 0.218750 0.167006
0 1.0 0.505469 0.432790 0.232813 0.116090
0 1.0 0.781250 0.446029 0.112500 0.085540
0 1.0 0.966406 0.530550 0.026562 0.071283
0 1.0 0.971875 0.452138 0.056250 0.069246
0 1.0 0.957812 0.515275 0.040625 0.077393
0 1.0 0.932813 0.455193 0.134375 0.124236
0 1.0 0.932031 0.451120 0.135937 0.270876
0 1.0 0.046875 0.493890 0.093750 0.152749
0 1.0 0.567969 0.435845 0.117188 0.093686
0 1.0 0.217188 0.458248 0.237500 0.346232
0 1.0 0.233594 0.426680 0.160938 0.230143
0 1.0 0.202344 0.441955 0.092188 0.097760
0 1.0 0.506250 0.442974 0.025000 0.054990
0 1.0 0.445312 0.400204 0.137500 0.258656
0 1.0 0.717187 0.437882 0.071875 0.215886
0 1.0 0.722656 0.439919 0.232813 0.154786
0 1.0 0.676562 0.440937 0.140625 0.095723
0 1.0 0.665625 0.435845 0.084375 0.272912
0 1.0 0.328906 0.451120 0.029687 0.050916
0 1.0 0.298438 0.439919 0.215625 0.130346
0 1.0 0.360938 0.426680 0.121875 0.185336
0 1.0 0.545312 0.430754 0.246875 0.409369
0 1.0 0.167187 0.493890 0.300000 0.140530
0 1.0 0.254688 0.495927 0.250000 0.116090
0 1.0 0.842187 0.452138 0.018750 0.036660
0 1.0 0.887500 0.479633 0.043750 0.103870
0 1.0 0.128906 0.472505 0.195312 0.276986
0 1.0 0.128125 0.491853 0.146875 0.099796
0 1.0 0.416406 0.498982 0.245312 0.138493
0 1.0 0.050781 0.493890 0.082812 0.067210
0 1.0 0.567969 0.383910 0.198437 0.132383
0 1.0 0.239063 0.398167 0.306250 0.140530
0 1.0 0.487500 0.391039 0.178125 0.142566
0 1.0 0.731250 0.391039 0.293750 0.138493
0 1.0 0.342187 0.383910 0.125000 0.393075
0 1.0 0.366406 0.394094 0.279687 0.140530
0 1.0 0.895312 0.345214 0.209375 0.116090
0 1.0 0.310937 0.394094 0.137500 0.107943
0 1.0 0.956250 0.420570 0.087500 0.128310
0 1.0 0.906250 0.397149 0.187500 0.118126
0 1.0 0.415625 0.439919 0.284375 0.134420
0 1.0 0.140625 0.436864 0.062500 0.075356
0 1.0 0.026562 0.468432 0.037500 0.114053
0 1.0 0.082031 0.443992 0.023438 0.048880
0 1.0 0.297656 0.429735 0.092188 0.158859
0 1.0 0.647656 0.384929 0.160938 0.252546
0 1.0 0.835938 0.400204 0.121875 0.091650
0 1.0 0.880469 0.438900 0.051562 0.128310
0 1.0 0.063281 0.452138 0.079687 0.126273
0 1.0 0.957812 0.478615 0.043750 0.077393
0 1.0 0.075000 0.439919 0.150000 0.260692
0 1.0 0.614062 0.149695 0.246875 0.274949
0 1.0 0.555469 0.158859 0.107813 0.268839
0 1.0 0.573438 0.129328 0.184375 0.112016
0 1.0 0.747656 0.146640 0.229687 0.293279
0 1.0 0.532813 0.548880 0.600000 0.217923
0 1.0 0.716406 0.131365 0.220312 0.120163
0 1.0 0.554688 0.646640 0.568750 0.234216
0 1.0 0.339062 0.645621 0.537500 0.240326
0 1.0 0.659375 0.164969 0.081250 0.228106
0 1.0 0.605469 0.174134 0.095312 0.254582
0 1.0 0.914844 0.130346 0.164062 0.211813
0 1.0 0.857812 0.128310 0.115625 0.093686
0 1.0 0.857031 0.130346 0.173437 0.142566
0 1.0 0.811719 0.155804 0.114062 0.299389
0 1.0 0.849219 0.565173 0.179688 0.718941
0 1.0 0.271875 0.550916 0.543750 0.238289
0 1.0 0.781250 0.550916 0.437500 0.209776
0 1.0 0.948438 0.138493 0.103125 0.154786
0 1.0 0.664844 0.754582 0.501563 0.266802
0 1.0 0.345313 0.168024 0.112500 0.177189
0 1.0 0.341406 0.146640 0.239063 0.264766
0 1.0 0.285938 0.205703 0.059375 0.130346
0 1.0 0.220312 0.145621 0.237500 0.103870
0 1.0 0.284375 0.181263 0.096875 0.146640
0 1.0 0.349219 0.763747 0.510938 0.252546
0 1.0 0.271094 0.155804 0.032813 0.050916
0 1.0 0.032813 0.157841 0.065625 0.164969
0 1.0 0.073438 0.141548 0.056250 0.071283
0 1.0 0.227344 0.202648 0.054688 0.144603
0 1.0 0.242188 0.138493 0.125000 0.081466
0 1.0 0.137500 0.171079 0.081250 0.154786
0 1.0 0.200000 0.217923 0.040625 0.114053
0 1.0 0.198437 0.188391 0.065625 0.132383
0 1.0 0.181250 0.149695 0.234375 0.266802
0 1.0 0.156250 0.134420 0.156250 0.093686
0 1.0 0.506250 0.177189 0.090625 0.228106
0 1.0 0.506250 0.131365 0.240625 0.169043
0 1.0 0.435156 0.199593 0.054688 0.134420
0 1.0 0.493750 0.131365 0.131250 0.087576
0 1.0 0.392969 0.183299 0.073438 0.195519
0 1.0 0.450781 0.141548 0.229687 0.283096
0 1.0 0.431250 0.174134 0.106250 0.177189
0 1.0 0.457031 0.143585 0.060937 0.079430
0 1.0 0.353906 0.137475 0.114062 0.083503
0 1.0 0.418750 0.133401 0.315625 0.124236
0 1.0 0.357812 0.327902 0.431250 0.293279
0 1.0 0.225000 0.343177 0.450000 0.226069
0 1.0 0.398438 0.190428 0.228125 0.169043
0 1.0 0.482031 0.218941 0.060937 0.107943
0 1.0 0.335156 0.242363 0.123438 0.236253
0 1.0 0.301563 0.192464 0.250000 0.144603
0 1.0 0.289844 0.224033 0.148438 0.232179
0 1.0 0.311719 0.227088 0.073438 0.116090
0 1.0 0.235156 0.227088 0.079687 0.230143
0 1.0 0.633594 0.340122 0.539062 0.244399
0 1.0 0.435156 0.254582 0.051562 0.130346
0 1.0 0.515625 0.194501 0.078125 0.079430
0 1.0 0.628906 0.184318 0.220312 0.124236
0 1.0 0.727344 0.250509 0.482812 0.236253
0 1.0 0.433594 0.255601 0.501563 0.238289
0 1.0 0.511719 0.184318 0.220312 0.116090
0 1.0 0.139844 0.195519 0.142187 0.183299
0 1.0 0.080469 0.207739 0.089063 0.224033
0 1.0 0.143750 0.181263 0.081250 0.069246
0 1.0 0.101562 0.183299 0.200000 0.289206
0 1.0 0.189844 0.208758 0.110937 0.193483
0 1.0 0.087500 0.182281 0.053125 0.054990
0 1.0 0.066406 0.182281 0.048438 0.067210
0 1.0 0.056250 0.191446 0.059375 0.109980
0 1.0 0.969531 0.184318 0.048438 0.156823
0 1.0 0.024219 0.205703 0.048438 0.171079
0 1.0 0.633594 0.447047 0.557813 0.238289
0 1.0 0.230469 0.445010 0.460938 0.217923
0 1.0 0.236719 0.193483 0.151562 0.097760
0 1.0 0.210938 0.215886 0.021875 0.057026
0 1.0 0.732031 0.032587 0.151562 0.065173
0 1.0 0.209375 0.695519 0.418750 0.393075
0 1.0 0.817187 0.071283 0.081250 0.142566
0 1.0 0.821094 0.032587 0.173437 0.065173
0 1.0 0.820312 0.086558 0.234375 0.173116
0 1.0 0.767969 0.075356 0.085938 0.150713
0 1.0 0.667969 0.050916 0.064062 0.101833
0 1.0 0.664844 0.043788 0.198437 0.087576
0 1.0 0.671094 0.081466 0.242188 0.162933
0 1.0 0.604688 0.076375 0.078125 0.152749
0 1.0 0.346875 0.881874 0.693750 0.236253
0 1.0 0.872656 0.065173 0.076563 0.130346
0 1.0 0.507031 0.126273 0.801562 0.252546
0 1.0 0.050781 0.092668 0.067187 0.083503
0 1.0 0.246875 0.124236 0.493750 0.248473
0 1.0 0.717969 0.062118 0.089063 0.124236
0 1.0 0.921875 0.054990 0.121875 0.109980
0 1.0 0.749219 0.121181 0.501563 0.242363
0 1.0 0.292187 0.033605 0.118750 0.067210
0 1.0 0.396094 0.081466 0.073438 0.162933
0 1.0 0.413281 0.033605 0.198437 0.067210
0 1.0 0.405469 0.081466 0.226562 0.162933
0 1.0 0.342969 0.087576 0.057813 0.134420
0 1.0 0.332031 0.028513 0.039062 0.048880
0 1.0 0.299219 0.070265 0.067187 0.095723
0 1.0 0.293750 0.077393 0.225000 0.154786
0 1.0 0.121875 0.029532 0.075000 0.054990
0 1.0 0.054688 0.060081 0.075000 0.099796
0 1.0 0.234375 0.088595 0.062500 0.140530
0 1.0 0.041406 0.036660 0.082812 0.073320
0 1.0 0.239844 0.059063 0.151562 0.118126
0 1.0 0.191406 0.105906 0.045312 0.114053
0 1.0 0.550781 0.069246 0.070312 0.138493
0 1.0 0.571094 0.030550 0.110937 0.061100
0 1.0 0.510156 0.073320 0.076563 0.138493
0 1.0 0.509375 0.044807 0.203125 0.089613
0 1.0 0.359375 0.059063 0.112500 0.118126
0 1.0 0.296094 0.103870 0.039062 0.089613
0 1.0 0.446094 0.081466 0.042188 0.089613
0 1.0 0.509375 0.029532 0.050000 0.050916
0 1.0 0.753125 0.878819 0.493750 0.242363
0 1.0 0.468750 0.059063 0.096875 0.118126
0 1.0 0.717969 0.105906 0.114062 0.195519
0 1.0 0.672656 0.107943 0.073438 0.171079
0 1.0 0.167187 0.849287 0.334375 0.199593
0 1.0 0.620313 0.076375 0.190625 0.107943
0 1.0 0.554688 0.842159 0.546875 0.209776
0 1.0 0.561719 0.084521 0.145313 0.132383
0 1.0 0.089844 0.171079 0.064062 0.134420
0 1.0 0.106250 0.142566 0.134375 0.109980
0 1.0 0.970313 0.137475 0.043750 0.120163
0 1.0 0.827344 0.730143 0.332813 0.450102
0 1.0 0.953125 0.078411 0.093750 0.095723
0 1.0 0.114062 0.090631 0.125000 0.112016
0 1.0 0.026562 0.133401 0.037500 0.103870
0 1.0 0.275781 0.097760 0.039062 0.052953
0 1.0 0.307031 0.112016 0.101562 0.126273
0 1.0 0.232813 0.144603 0.053125 0.105906
0 1.0 0.967187 0.066191 0.031250 0.071283
0 1.0 0.953125 0.032587 0.093750 0.065173
0 1.0 0.549219 0.924644 0.579688 0.150713
0 1.0 0.195312 0.169043 0.040625 0.109980
0 1.0 0.442969 0.146640 0.057813 0.146640
0 1.0 0.216406 0.923625 0.432812 0.152749
0 1.0 0.193750 0.139511 0.065625 0.124236
0 1.0 0.192188 0.106925 0.109375 0.140530
0 1.0 0.292969 0.169043 0.048438 0.105906
0 1.0 0.341406 0.146640 0.057813 0.142566
0 1.0 0.385156 0.082485 0.089063 0.083503
0 1.0 0.872656 0.854379 0.192188 0.262729
0 1.0 0.821875 0.842159 0.084375 0.250509
0 1.0 0.824219 0.877800 0.273438 0.154786
0 1.0 0.492969 0.868635 0.298438 0.164969
0 1.0 0.503906 0.845214 0.139063 0.232179
0 1.0 0.444531 0.823829 0.057813 0.099796
0 1.0 0.441406 0.846232 0.126562 0.177189
0 1.0 0.712500 0.873727 0.284375 0.162933
0 1.0 0.714844 0.849287 0.110937 0.191446
0 1.0 0.050000 0.923625 0.100000 0.128310
0 1.0 0.967187 0.870672 0.031250 0.071283
0 1.0 0.917969 0.873727 0.164062 0.134420
0 1.0 0.960156 0.887984 0.057813 0.097760
0 1.0 0.591406 0.826884 0.076563 0.179226
0 1.0 0.614844 0.873727 0.264062 0.195519
0 1.0 0.863281 0.882892 0.123438 0.140530
0 1.0 0.251563 0.876782 0.271875 0.181263
0 1.0 0.182031 0.840122 0.067187 0.140530
0 1.0 0.182031 0.852342 0.117188 0.189409
0 1.0 0.390625 0.836049 0.106250 0.205703
0 1.0 0.396875 0.873727 0.250000 0.191446
0 1.0 0.100000 0.869654 0.196875 0.105906
0 1.0 0.662500 0.832994 0.078125 0.154786
0 1.0 0.345313 0.836049 0.090625 0.156823
0 1.0 0.292187 0.826884 0.068750 0.130346
0 1.0 0.556250 0.839104 0.100000 0.215886
0 1.0 0.134375 0.887984 0.121875 0.224033
0 1.0 0.453906 0.903259 0.195312 0.152749
0 1.0 0.193750 0.913442 0.153125 0.152749
0 1.0 0.338281 0.911405 0.295312 0.124236
0 1.0 0.285156 0.889002 0.132812 0.221996
0 1.0 0.542188 0.917515 0.278125 0.116090
0 1.0 0.103125 0.917515 0.196875 0.128310
0 1.0 0.078906 0.903259 0.101562 0.193483
0 1.0 0.771875 0.842159 0.084375 0.209776
0 1.0 0.239844 0.810591 0.160938 0.293279
0 1.0 0.251563 0.814664 0.212500 0.150713
0 1.0 0.439844 0.820774 0.289062 0.150713
0 1.0 0.086719 0.847251 0.076563 0.138493
0 1.0 0.139844 0.816701 0.182812 0.219959
0 1.0 0.935937 0.770876 0.128125 0.144603
0 1.0 0.109375 0.810591 0.209375 0.101833
0 1.0 0.820312 0.757637 0.143750 0.391039
0 1.0 0.822656 0.758656 0.164062 0.148676
0 1.0 0.139844 0.823829 0.067187 0.144603
0 1.0 0.832812 0.820774 0.175000 0.154786
0 1.0 0.734375 0.815682 0.300000 0.144603
0 1.0 0.026562 0.879837 0.037500 0.105906
0 1.0 0.057031 0.870672 0.114062 0.079430
0 1.0 0.239063 0.839104 0.093750 0.195519
0 1.0 0.964063 0.846232 0.065625 0.217923
0 1.0 0.942187 0.821792 0.115625 0.144603
0 1.0 0.867969 0.830957 0.067187 0.105906
0 1.0 0.662500 0.818737 0.215625 0.272912
0 1.0 0.592187 0.781059 0.121875 0.352342
0 1.0 0.146875 0.252546 0.225000 0.317719
0 1.0 0.210938 0.231161 0.250000 0.156823
0 1.0 0.253125 0.245418 0.071875 0.120163
0 1.0 0.057031 0.236253 0.114062 0.081466
0 1.0 0.191406 0.273931 0.079687 0.205703
0 1.0 0.876563 0.964358 0.043750 0.042770
0 1.0 0.872656 0.933809 0.117188 0.132383
0 1.0 0.872656 0.958248 0.092188 0.067210
0 1.0 0.819531 0.921589 0.092188 0.156823
0 1.0 0.971875 0.959267 0.056250 0.081466
0 1.0 0.932031 0.962322 0.135937 0.075356
0 1.0 0.508594 0.242363 0.295312 0.138493
0 1.0 0.803125 0.954175 0.131250 0.083503
0 1.0 0.769531 0.919552 0.226562 0.160896
0 1.0 0.439063 0.271894 0.112500 0.205703
0 1.0 0.492188 0.248473 0.109375 0.130346
0 1.0 0.401562 0.244399 0.118750 0.146640
0 1.0 0.743750 0.193483 0.284375 0.142566
0 1.0 0.719531 0.217923 0.148438 0.264766
0 1.0 0.650781 0.237271 0.085938 0.201629
0 1.0 0.216406 0.254582 0.432812 0.236253
0 1.0 0.553125 0.192464 0.418750 0.356415
0 1.0 0.252344 0.228106 0.207813 0.403259
0 1.0 0.875781 0.186354 0.126562 0.315682
0 1.0 0.871094 0.185336 0.151562 0.109980
0 1.0 0.862500 0.184318 0.228125 0.177189
0 1.0 0.164062 0.954175 0.146875 0.091650
0 1.0 0.713281 0.933809 0.098437 0.132383
0 1.0 0.143750 0.964358 0.090625 0.059063
0 1.0 0.080469 0.945010 0.076563 0.109980
0 1.0 0.029687 0.951120 0.059375 0.097760
0 1.0 0.066406 0.966395 0.057813 0.050916
0 1.0 0.048438 0.966395 0.075000 0.067210
0 1.0 0.240625 0.929735 0.100000 0.140530
0 1.0 0.273438 0.958248 0.096875 0.059063
0 1.0 0.297656 0.946029 0.135937 0.107943
0 1.0 0.958594 0.930754 0.082812 0.138493
0 1.0 0.595313 0.889002 0.118750 0.221996
0 1.0 0.557031 0.927699 0.123438 0.144603
0 1.0 0.769531 0.932790 0.095312 0.134420
0 1.0 0.821875 0.959267 0.078125 0.052953
0 1.0 0.346094 0.928717 0.135937 0.142566
0 1.0 0.506250 0.948065 0.150000 0.103870
0 1.0 0.450781 0.936864 0.089063 0.126273
0 1.0 0.496875 0.961303 0.115625 0.057026
0 1.0 0.392969 0.934827 0.101562 0.130346
0 1.0 0.768750 0.959267 0.078125 0.052953
0 1.0 0.921094 0.916497 0.107813 0.167006
0 1.0 0.580469 0.959267 0.101562 0.057026
0 1.0 0.645312 0.960285 0.078125 0.054990
0 1.0 0.605469 0.941955 0.110937 0.116090
0 1.0 0.239844 0.962322 0.092188 0.059063
0 1.0 0.660937 0.934827 0.087500 0.130346
0 1.0 0.193750 0.962322 0.068750 0.054990
0 1.0 0.443750 0.959267 0.118750 0.057026
0 1.0 0.350781 0.960285 0.098437 0.054990
0 1.0 0.700781 0.960285 0.095312 0.059063
0 1.0 0.546875 0.214868 0.203125 0.429735
0 1.0 0.663281 0.312627 0.223438 0.441955
0 1.0 0.349219 0.805499 0.254688 0.348269
0 1.0 0.918750 0.711813 0.162500 0.576375
0 1.0 0.302344 0.328921 0.604688 0.657841
0 1.0 0.453906 0.077393 0.589063 0.154786
0 1.0 0.746094 0.838086 0.210938 0.323829
0 1.0 0.084375 0.860489 0.168750 0.279022
0 1.0 0.812500 0.419552 0.350000 0.529532
0 1.0 0.077344 0.360489 0.154688 0.578411
0 1.0 0.549219 0.840122 0.204687 0.319756
0 1.0 0.149219 0.809572 0.248438 0.380855
0 1.0 0.912500 0.353360 0.175000 0.490835