0 1.0 0.059375 0.052083 0.068750 0.087500
0 1.0 0.075781 0.071875 0.151562 0.143750
0 1.0 0.553125 0.741667 0.893750 0.470833
0 1.0 0.025000 0.044792 0.050000 0.089583
0 1.0 0.207031 0.076042 0.329688 0.152083
0 1.0 0.182031 0.051042 0.089063 0.102083
0 1.0 0.196094 0.039583 0.279687 0.079167
0 1.0 0.233594 0.051042 0.098437 0.102083
0 1.0 0.294531 0.052083 0.176563 0.104167
0 1.0 0.299219 0.063542 0.098437 0.089583
0 1.0 0.309375 0.319792 0.618750 0.639583
0 1.0 0.499219 0.483333 0.876563 0.641667
0 1.0 0.759375 0.510417 0.481250 0.716667
0 1.0 0.327344 0.076042 0.301563 0.152083
0 1.0 0.355469 0.068750 0.082812 0.095833
0 1.0 0.332031 0.033333 0.151562 0.066667
0 1.0 0.401562 0.056250 0.150000 0.112500
0 1.0 0.392188 0.081250 0.084375 0.141667
0 1.0 0.460938 0.054167 0.131250 0.108333
0 1.0 0.442188 0.078125 0.265625 0.156250
0 1.0 0.489844 0.175000 0.979688 0.333333
0 1.0 0.645312 0.878125 0.709375 0.243750
0 1.0 0.481250 0.030208 0.121875 0.060417
0 1.0 0.441406 0.065625 0.048438 0.077083
0 1.0 0.501563 0.058333 0.084375 0.087500
0 1.0 0.505469 0.035417 0.273438 0.070833
0 1.0 0.555469 0.051042 0.135937 0.102083
0 1.0 0.549219 0.073958 0.285938 0.147917
0 1.0 0.563281 0.058333 0.060937 0.070833
0 1.0 0.611719 0.053125 0.148438 0.106250
0 1.0 0.250000 0.879167 0.500000 0.241667
0 1.0 0.499219 0.692708 0.392188 0.597917
0 1.0 0.788281 0.708333 0.423438 0.370833
0 1.0 0.608594 0.060417 0.045312 0.058333
0 1.0 0.675781 0.059375 0.170313 0.118750
0 1.0 0.663281 0.068750 0.073438 0.091667
0 1.0 0.729688 0.084375 0.078125 0.097917
0 1.0 0.725781 0.040625 0.204687 0.081250
0 1.0 0.214844 0.705208 0.429688 0.377083
0 1.0 0.294531 0.643750 0.314063 0.712500
0 1.0 0.493750 0.443750 0.378125 0.641667
0 1.0 0.656250 0.486458 0.609375 0.414583
0 1.0 0.745313 0.298958 0.509375 0.297917
0 1.0 0.168750 0.478125 0.337500 0.585417
0 1.0 0.254688 0.498958 0.509375 0.302083
0 1.0 0.499219 0.302083 0.704688 0.412500
0 1.0 0.757031 0.071875 0.189062 0.143750
0 1.0 0.775000 0.093750 0.068750 0.104167
0 1.0 0.804688 0.076042 0.071875 0.110417
0 1.0 0.817969 0.039583 0.214062 0.079167
0 1.0 0.871094 0.072917 0.182812 0.145833
0 1.0 0.741406 0.118750 0.517188 0.237500
0 1.0 0.252344 0.286458 0.504687 0.331250
0 1.0 0.782031 0.921875 0.435937 0.156250
0 1.0 0.226562 0.134375 0.453125 0.268750
0 1.0 0.880469 0.071875 0.060937 0.093750
0 1.0 0.921875 0.062500 0.125000 0.125000
0 1.0 0.896875 0.036458 0.206250 0.072917
0 1.0 0.923438 0.096875 0.078125 0.168750
0 1.0 0.953125 0.076042 0.059375 0.097917
0 1.0 0.960938 0.087500 0.034375 0.079167
0 1.0 0.038281 0.108333 0.076563 0.216667
0 1.0 0.110156 0.111458 0.220312 0.222917
0 1.0 0.080469 0.125000 0.107813 0.229167
0 1.0 0.364844 0.923958 0.589063 0.152083
0 1.0 0.179688 0.111458 0.096875 0.197917
0 1.0 0.235937 0.098958 0.153125 0.197917
0 1.0 0.169531 0.923958 0.339062 0.152083
0 1.0 0.295312 0.111458 0.171875 0.197917
0 1.0 0.298438 0.140625 0.081250 0.156250
0 1.0 0.348438 0.137500 0.087500 0.191667
0 1.0 0.396094 0.131250 0.120313 0.233333
0 1.0 0.760156 0.796875 0.264062 0.347917
0 1.0 0.819531 0.848958 0.360938 0.197917
0 1.0 0.441406 0.150000 0.070312 0.158333
0 1.0 0.503125 0.118750 0.146875 0.179167
0 1.0 0.549219 0.115625 0.126562 0.156250
0 1.0 0.471094 0.843750 0.589063 0.195833
0 1.0 0.603125 0.118750 0.065625 0.095833
0 1.0 0.669531 0.103125 0.107813 0.135417
0 1.0 0.717969 0.114583 0.114062 0.175000
0 1.0 0.770312 0.118750 0.106250 0.183333
0 1.0 0.814063 0.120833 0.087500 0.137500
0 1.0 0.654687 0.733333 0.221875 0.458333
0 1.0 0.835156 0.690625 0.210938 0.539583
0 1.0 0.566406 0.772917 0.507812 0.283333
0 1.0 0.246094 0.727083 0.210938 0.475000
0 1.0 0.342969 0.744792 0.248438 0.402083
0 1.0 0.353906 0.763542 0.557813 0.235417
0 1.0 0.880469 0.139583 0.089063 0.133333
0 1.0 0.918750 0.131250 0.131250 0.225000
0 1.0 0.950781 0.131250 0.089063 0.170833
0 1.0 0.832812 0.648958 0.334375 0.210417
0 1.0 0.167187 0.753125 0.334375 0.214583
0 1.0 0.068750 0.119792 0.137500 0.110417
0 1.0 0.654687 0.651042 0.546875 0.227083
0 1.0 0.343750 0.644792 0.537500 0.218750
0 1.0 0.449219 0.627083 0.204687 0.579167
0 1.0 0.135156 0.638542 0.229687 0.568750
0 1.0 0.812500 0.556250 0.318750 0.483333
0 1.0 0.785937 0.551042 0.428125 0.214583
0 1.0 0.162500 0.646875 0.325000 0.210417
0 1.0 0.378125 0.137500 0.246875 0.250000
0 1.0 0.543750 0.544792 0.568750 0.231250
0 1.0 0.653906 0.532292 0.257812 0.472917
0 1.0 0.351562 0.496875 0.259375 0.506250
0 1.0 0.164844 0.551042 0.329688 0.210417
0 1.0 0.441406 0.138542 0.204687 0.156250
0 1.0 0.485156 0.140625 0.276562 0.252083
0 1.0 0.503125 0.183333 0.090625 0.158333
0 1.0 0.728125 0.446875 0.518750 0.235417
0 1.0 0.442188 0.401042 0.215625 0.502083
0 1.0 0.260156 0.414583 0.257812 0.554167
0 1.0 0.444531 0.442708 0.423438 0.327083
0 1.0 0.545312 0.125000 0.334375 0.150000
0 1.0 0.553906 0.183333 0.085938 0.154167
0 1.0 0.598437 0.173958 0.071875 0.118750
0 1.0 0.665625 0.127083 0.231250 0.208333
0 1.0 0.658594 0.158333 0.098437 0.187500
0 1.0 0.832812 0.351042 0.334375 0.210417
0 1.0 0.164844 0.448958 0.329688 0.210417
0 1.0 0.757812 0.335417 0.268750 0.508333
0 1.0 0.843750 0.381250 0.200000 0.620833
0 1.0 0.764844 0.115625 0.273438 0.160417
0 1.0 0.645312 0.344792 0.287500 0.497917
0 1.0 0.146875 0.314583 0.259375 0.566667
0 1.0 0.835156 0.244792 0.329688 0.210417
0 1.0 0.164844 0.353125 0.329688 0.214583
0 1.0 0.862500 0.135417 0.246875 0.266667
0 1.0 0.345313 0.281250 0.243750 0.491667
0 1.0 0.449219 0.244792 0.448437 0.277083
0 1.0 0.549219 0.265625 0.282813 0.431250
0 1.0 0.050781 0.168750 0.098437 0.179167
0 1.0 0.115625 0.177083 0.221875 0.125000
0 1.0 0.167969 0.243750 0.335938 0.220833
0 1.0 0.753125 0.173958 0.278125 0.347917
0 1.0 0.185156 0.168750 0.064062 0.104167
0 1.0 0.183594 0.172917 0.282813 0.183333
0 1.0 0.167969 0.162500 0.151562 0.283333
0 1.0 0.270313 0.177083 0.268750 0.145833
0 1.0 0.250781 0.203125 0.251563 0.406250
0 1.0 0.318750 0.178125 0.106250 0.143750
0 1.0 0.360938 0.176042 0.150000 0.181250
0 1.0 0.538281 0.077083 0.645312 0.154167
0 1.0 0.448437 0.196875 0.103125 0.118750
0 1.0 0.441406 0.192708 0.232813 0.152083
0 1.0 0.965625 0.961458 0.068750 0.077083
0 1.0 0.533594 0.189583 0.245312 0.154167
0 1.0 0.606250 0.197917 0.131250 0.154167
0 1.0 0.602344 0.176042 0.285938 0.264583
0 1.0 0.672656 0.181250 0.339062 0.141667
0 1.0 0.816406 0.925000 0.098437 0.150000
0 1.0 0.866406 0.938542 0.167187 0.122917
0 1.0 0.827344 0.961458 0.114062 0.068750
0 1.0 0.918750 0.944792 0.134375 0.110417
0 1.0 0.714844 0.955208 0.173437 0.089583
0 1.0 0.772656 0.931250 0.114062 0.137500
0 1.0 0.555469 0.927083 0.110937 0.145833
0 1.0 0.604688 0.962500 0.084375 0.058333
0 1.0 0.615625 0.947917 0.118750 0.104167
0 1.0 0.617969 0.916667 0.229687 0.166667
0 1.0 0.659375 0.932292 0.112500 0.135417
0 1.0 0.697656 0.963542 0.095312 0.060417
0 1.0 0.393750 0.925000 0.096875 0.150000
0 1.0 0.460938 0.952083 0.109375 0.095833
0 1.0 0.460156 0.917708 0.229687 0.164583
0 1.0 0.500000 0.956250 0.096875 0.079167
0 1.0 0.558594 0.960417 0.089063 0.062500
0 1.0 0.304688 0.911458 0.221875 0.177083
0 1.0 0.310937 0.959375 0.087500 0.068750
0 1.0 0.290625 0.921875 0.087500 0.156250
0 1.0 0.355469 0.948958 0.123438 0.102083
0 1.0 0.388281 0.963542 0.095312 0.060417
0 1.0 0.135937 0.931250 0.112500 0.137500
0 1.0 0.183594 0.968750 0.057813 0.054167
0 1.0 0.203125 0.955208 0.100000 0.089583
0 1.0 0.242188 0.966667 0.071875 0.054167
0 1.0 0.250781 0.942708 0.142187 0.114583
0 1.0 0.045312 0.952083 0.090625 0.095833
0 1.0 0.067187 0.917708 0.134375 0.164583
0 1.0 0.053125 0.968750 0.046875 0.050000
0 1.0 0.091406 0.954167 0.114062 0.091667
0 1.0 0.128125 0.968750 0.059375 0.050000
0 1.0 0.871875 0.880208 0.131250 0.239583
0 1.0 0.920312 0.867708 0.128125 0.264583
0 1.0 0.958594 0.925000 0.079687 0.150000
0 1.0 0.712500 0.910417 0.118750 0.158333
0 1.0 0.776563 0.908333 0.200000 0.166667
0 1.0 0.601562 0.896875 0.115625 0.189583
0 1.0 0.451562 0.876042 0.096875 0.197917
0 1.0 0.502344 0.876042 0.120313 0.247917
0 1.0 0.547656 0.877083 0.270313 0.233333
0 1.0 0.403906 0.875000 0.260937 0.233333
0 1.0 0.205469 0.903125 0.129688 0.152083
0 1.0 0.239063 0.879167 0.118750 0.241667
0 1.0 0.032031 0.884375 0.064062 0.231250
0 1.0 0.103906 0.868750 0.207813 0.262500
0 1.0 0.875781 0.817708 0.085938 0.160417
0 1.0 0.955469 0.862500 0.057813 0.125000
0 1.0 0.915625 0.868750 0.168750 0.129167
0 1.0 0.960938 0.845833 0.031250 0.091667
0 1.0 0.715625 0.845833 0.062500 0.116667
0 1.0 0.782813 0.844792 0.071875 0.147917
0 1.0 0.824219 0.836458 0.070312 0.143750
0 1.0 0.596875 0.852083 0.062500 0.129167
0 1.0 0.610938 0.870833 0.315625 0.150000
0 1.0 0.662500 0.857292 0.068750 0.131250
0 1.0 0.709375 0.872917 0.203125 0.204167
0 1.0 0.460156 0.811458 0.045312 0.102083
0 1.0 0.510938 0.841667 0.071875 0.158333
0 1.0 0.562500 0.846875 0.065625 0.143750
0 1.0 0.291406 0.839583 0.060937 0.137500
0 1.0 0.345313 0.848958 0.103125 0.197917
0 1.0 0.395313 0.841667 0.109375 0.204167
0 1.0 0.489844 0.875000 0.101562 0.125000
0 1.0 0.197656 0.855208 0.260937 0.243750
0 1.0 0.201563 0.844792 0.065625 0.156250
0 1.0 0.250000 0.861458 0.068750 0.156250
0 1.0 0.289844 0.854167 0.126562 0.220833
0 1.0 0.042188 0.872917 0.084375 0.087500
0 1.0 0.023438 0.839583 0.040625 0.195833
0 1.0 0.103125 0.872917 0.059375 0.112500
0 1.0 0.066406 0.821875 0.098437 0.222917
0 1.0 0.164062 0.872917 0.109375 0.141667
0 1.0 0.139063 0.834375 0.075000 0.172917
0 1.0 0.955469 0.816667 0.089063 0.262500
0 1.0 0.933594 0.814583 0.132812 0.116667
0 1.0 0.782813 0.815625 0.162500 0.143750
0 1.0 0.774219 0.795833 0.123438 0.316667
0 1.0 0.874219 0.807292 0.173437 0.289583
0 1.0 0.585938 0.810417 0.300000 0.133333
0 1.0 0.658594 0.826042 0.189062 0.239583
0 1.0 0.654687 0.817708 0.118750 0.127083
0 1.0 0.721875 0.818750 0.118750 0.129167
0 1.0 0.499219 0.817708 0.192188 0.243750
0 1.0 0.582031 0.810417 0.110937 0.125000
0 1.0 0.553906 0.830208 0.120313 0.293750
0 1.0 0.345313 0.812500 0.153125 0.308333
0 1.0 0.341406 0.812500 0.310937 0.137500
0 1.0 0.520312 0.809375 0.046875 0.093750
0 1.0 0.474219 0.806250 0.310937 0.141667
0 1.0 0.191406 0.822917 0.114062 0.250000
0 1.0 0.317188 0.825000 0.043750 0.083333
0 1.0 0.108594 0.822917 0.054688 0.108333
0 1.0 0.088281 0.814583 0.148438 0.116667
0 1.0 0.166406 0.819792 0.101562 0.135417
0 1.0 0.155469 0.814583 0.229687 0.133333
0 1.0 0.128906 0.808333 0.123438 0.333333
0 1.0 0.219531 0.819792 0.123438 0.135417
0 1.0 0.900000 0.765625 0.146875 0.160417
0 1.0 0.925000 0.762500 0.150000 0.300000
0 1.0 0.941406 0.762500 0.117188 0.116667
0 1.0 0.962500 0.758333 0.059375 0.208333
0 1.0 0.050781 0.819792 0.039062 0.085417
0 1.0 0.042188 0.815625 0.084375 0.089583
0 1.0 0.781250 0.761458 0.306250 0.143750
0 1.0 0.804688 0.746875 0.109375 0.289583
0 1.0 0.842187 0.770833 0.050000 0.095833
0 1.0 0.786719 0.765625 0.142187 0.118750
0 1.0 0.600781 0.783333 0.120313 0.279167
0 1.0 0.642188 0.770833 0.125000 0.129167
0 1.0 0.617188 0.764583 0.300000 0.141667
0 1.0 0.728125 0.769792 0.112500 0.131250
0 1.0 0.561719 0.771875 0.129688 0.127083
0 1.0 0.353906 0.759375 0.304688 0.143750
0 1.0 0.397656 0.761458 0.173437 0.210417
0 1.0 0.446875 0.766667 0.084375 0.112500
0 1.0 0.500781 0.771875 0.060937 0.097917
0 1.0 0.453125 0.772917 0.146875 0.254167
0 1.0 0.286719 0.765625 0.070312 0.102083
0 1.0 0.238281 0.760417 0.142187 0.304167
0 1.0 0.301563 0.761458 0.150000 0.218750
0 1.0 0.324219 0.768750 0.039062 0.079167
0 1.0 0.366406 0.758333 0.129688 0.137500
0 1.0 0.108594 0.767708 0.060937 0.097917
0 1.0 0.068750 0.754167 0.137500 0.337500
0 1.0 0.082031 0.761458 0.164062 0.110417
0 1.0 0.161719 0.767708 0.101562 0.131250
0 1.0 0.146094 0.764583 0.229687 0.129167
0 1.0 0.232031 0.768750 0.095312 0.116667
0 1.0 0.875000 0.708333 0.250000 0.129167
0 1.0 0.944531 0.709375 0.110937 0.110417
0 1.0 0.060937 0.764583 0.037500 0.079167
0 1.0 0.025781 0.771875 0.051562 0.268750
0 1.0 0.047656 0.758333 0.079687 0.079167
0 1.0 0.869531 0.708333 0.195312 0.266667
0 1.0 0.837500 0.718750 0.056250 0.095833
0 1.0 0.782813 0.711458 0.121875 0.106250
0 1.0 0.682813 0.710417 0.115625 0.112500
0 1.0 0.657813 0.717708 0.115625 0.227083
0 1.0 0.718750 0.715625 0.200000 0.247917
0 1.0 0.734375 0.707292 0.259375 0.127083
0 1.0 0.503125 0.714583 0.118750 0.233333
0 1.0 0.499219 0.710417 0.232813 0.104167
0 1.0 0.549219 0.714583 0.239063 0.279167
0 1.0 0.562500 0.715625 0.081250 0.085417
0 1.0 0.552344 0.712500 0.107813 0.262500
0 1.0 0.619531 0.712500 0.110937 0.100000
0 1.0 0.603906 0.708333 0.232813 0.100000
0 1.0 0.344531 0.703125 0.135937 0.289583
0 1.0 0.416406 0.713542 0.123438 0.118750
0 1.0 0.403125 0.707292 0.284375 0.131250
0 1.0 0.439844 0.702083 0.242188 0.275000
0 1.0 0.489844 0.715625 0.070312 0.085417
0 1.0 0.271875 0.710417 0.081250 0.108333
0 1.0 0.239063 0.709375 0.293750 0.135417
0 1.0 0.319531 0.713542 0.051562 0.085417
0 1.0 0.096875 0.709375 0.150000 0.097917
0 1.0 0.125781 0.705208 0.176563 0.235417
0 1.0 0.156250 0.713542 0.087500 0.114583
0 1.0 0.196094 0.704167 0.132812 0.191667
0 1.0 0.219531 0.713542 0.092188 0.110417
0 1.0 0.917188 0.662500 0.115625 0.345833
0 1.0 0.925781 0.659375 0.148438 0.160417
0 1.0 0.044531 0.718750 0.089063 0.162500
0 1.0 0.069531 0.711458 0.035937 0.072917
0 1.0 0.060156 0.709375 0.079687 0.077083
0 1.0 0.116406 0.714583 0.060937 0.087500
0 1.0 0.818750 0.668750 0.075000 0.100000
0 1.0 0.883594 0.661458 0.114062 0.268750
0 1.0 0.774219 0.660417 0.095312 0.091667
0 1.0 0.650781 0.657292 0.207813 0.114583
0 1.0 0.721094 0.656250 0.101562 0.208333
0 1.0 0.775781 0.675000 0.120313 0.254167
0 1.0 0.771875 0.657292 0.284375 0.127083
0 1.0 0.555469 0.652083 0.179688 0.195833
0 1.0 0.587500 0.658333 0.106250 0.095833
0 1.0 0.621094 0.642708 0.232813 0.252083
0 1.0 0.414062 0.665625 0.156250 0.118750
0 1.0 0.385156 0.661458 0.154688 0.268750
0 1.0 0.490625 0.664583 0.084375 0.083333
0 1.0 0.452344 0.648958 0.154688 0.243750
0 1.0 0.509375 0.659375 0.146875 0.110417
0 1.0 0.235937 0.644792 0.140625 0.293750
0 1.0 0.251563 0.658333 0.284375 0.137500
0 1.0 0.297656 0.669792 0.173437 0.235417
0 1.0 0.319531 0.664583 0.057813 0.091667
0 1.0 0.142969 0.656250 0.123438 0.150000
0 1.0 0.127344 0.646875 0.104688 0.293750
0 1.0 0.274219 0.661458 0.089063 0.127083
0 1.0 0.957031 0.644792 0.067187 0.160417
0 1.0 0.946875 0.605208 0.106250 0.106250
0 1.0 0.076563 0.662500 0.037500 0.070833
0 1.0 0.068750 0.660417 0.100000 0.083333
0 1.0 0.021875 0.716667 0.037500 0.183333
0 1.0 0.119531 0.660417 0.073438 0.100000
0 1.0 0.812500 0.644792 0.109375 0.243750
0 1.0 0.827344 0.611458 0.089063 0.093750
0 1.0 0.789844 0.607292 0.107813 0.085417
0 1.0 0.905469 0.609375 0.189062 0.164583
0 1.0 0.662500 0.591667 0.112500 0.241667
0 1.0 0.716406 0.598958 0.182812 0.231250
0 1.0 0.712500 0.604167 0.284375 0.137500
0 1.0 0.551562 0.580208 0.234375 0.260417
0 1.0 0.571875 0.595833 0.150000 0.129167
0 1.0 0.550781 0.597917 0.107813 0.245833
0 1.0 0.601562 0.607292 0.109375 0.239583
0 1.0 0.409375 0.601042 0.321875 0.135417
0 1.0 0.443750 0.571875 0.246875 0.264583
0 1.0 0.482031 0.601042 0.123438 0.118750
0 1.0 0.311719 0.602083 0.054688 0.083333
0 1.0 0.272656 0.596875 0.245312 0.122917
0 1.0 0.342969 0.601042 0.195312 0.227083
0 1.0 0.151562 0.598958 0.137500 0.152083
0 1.0 0.185156 0.607292 0.182812 0.247917
0 1.0 0.203906 0.597917 0.135937 0.141667
0 1.0 0.282031 0.600000 0.085938 0.108333
0 1.0 0.944531 0.551042 0.110937 0.102083
0 1.0 0.963281 0.594792 0.045312 0.143750
0 1.0 0.054688 0.615625 0.109375 0.164583
0 1.0 0.076563 0.605208 0.046875 0.072917
0 1.0 0.029687 0.641667 0.059375 0.183333
0 1.0 0.069531 0.602083 0.114062 0.083333
0 1.0 0.086719 0.607292 0.173437 0.243750
0 1.0 0.123438 0.601042 0.087500 0.106250
0 1.0 0.875000 0.553125 0.200000 0.252083
0 1.0 0.796094 0.554167 0.142187 0.120833
0 1.0 0.774219 0.551042 0.092188 0.081250
0 1.0 0.719531 0.546875 0.279687 0.127083
0 1.0 0.758594 0.555208 0.176563 0.218750
0 1.0 0.627344 0.556250 0.257812 0.166667
0 1.0 0.393750 0.535417 0.131250 0.300000
0 1.0 0.486719 0.557292 0.289062 0.143750
0 1.0 0.286719 0.552083 0.173437 0.150000
0 1.0 0.279687 0.577083 0.100000 0.245833
0 1.0 0.963281 0.527083 0.045312 0.141667
0 1.0 0.058594 0.554167 0.089063 0.095833
0 1.0 0.032813 0.569792 0.065625 0.193750
0 1.0 0.115625 0.550000 0.209375 0.116667
0 1.0 0.808594 0.500000 0.179688 0.137500
0 1.0 0.796094 0.498958 0.101562 0.089583
0 1.0 0.909375 0.492708 0.181250 0.243750
0 1.0 0.941406 0.496875 0.117188 0.102083
0 1.0 0.716406 0.491667 0.142187 0.241667
0 1.0 0.808594 0.523958 0.110937 0.268750
0 1.0 0.546875 0.480208 0.115625 0.372917
0 1.0 0.604688 0.513542 0.084375 0.189583
0 1.0 0.632812 0.502083 0.306250 0.137500
0 1.0 0.675000 0.513542 0.100000 0.164583
0 1.0 0.451562 0.512500 0.190625 0.166667
0 1.0 0.488281 0.500000 0.185938 0.291667
0 1.0 0.247656 0.502083 0.232813 0.133333
0 1.0 0.346094 0.498958 0.179688 0.247917
0 1.0 0.128906 0.530208 0.101562 0.256250
0 1.0 0.185156 0.516667 0.142187 0.183333
0 1.0 0.234375 0.521875 0.087500 0.206250
0 1.0 0.074219 0.494792 0.148438 0.281250
0 1.0 0.056250 0.500000 0.100000 0.095833
0 1.0 0.116406 0.498958 0.167187 0.135417
0 1.0 0.871875 0.471875 0.071875 0.143750
0 1.0 0.810937 0.444792 0.043750 0.060417
0 1.0 0.958594 0.458333 0.060937 0.116667
0 1.0 0.764062 0.490625 0.084375 0.147917
0 1.0 0.765625 0.448958 0.159375 0.110417
0 1.0 0.817187 0.455208 0.253125 0.172917
0 1.0 0.817187 0.484375 0.050000 0.114583
0 1.0 0.627344 0.446875 0.276562 0.168750
0 1.0 0.639062 0.445833 0.181250 0.112500
0 1.0 0.599219 0.445833 0.114062 0.300000
0 1.0 0.481250 0.445833 0.121875 0.095833
0 1.0 0.505469 0.443750 0.232813 0.116667
0 1.0 0.285938 0.464583 0.100000 0.229167
0 1.0 0.249219 0.447917 0.201563 0.166667
0 1.0 0.250781 0.446875 0.073438 0.085417
0 1.0 0.399219 0.446875 0.179688 0.277083
0 1.0 0.396875 0.451042 0.140625 0.143750
0 1.0 0.185938 0.495833 0.071875 0.175000
0 1.0 0.029687 0.468750 0.059375 0.170833
0 1.0 0.096875 0.451042 0.031250 0.047917
0 1.0 0.121875 0.451042 0.153125 0.127083
0 1.0 0.140625 0.451042 0.071875 0.077083
0 1.0 0.171875 0.454167 0.065625 0.079167
0 1.0 0.199219 0.473958 0.070312 0.110417
0 1.0 0.868750 0.415625 0.103125 0.239583
0 1.0 0.913281 0.386458 0.173437 0.243750
0 1.0 0.896875 0.396875 0.206250 0.118750
0 1.0 0.950781 0.398958 0.098437 0.152083
0 1.0 0.059375 0.461458 0.071875 0.122917
0 1.0 0.762500 0.402083 0.243750 0.162500
0 1.0 0.768750 0.416667 0.084375 0.191667
0 1.0 0.821094 0.423958 0.057813 0.143750
0 1.0 0.814063 0.418750 0.096875 0.258333
0 1.0 0.832031 0.403125 0.167187 0.143750
0 1.0 0.626563 0.391667 0.193750 0.120833
0 1.0 0.668750 0.401042 0.118750 0.218750
0 1.0 0.692969 0.397917 0.239063 0.295833
0 1.0 0.489844 0.366667 0.176563 0.275000
0 1.0 0.508594 0.383333 0.251563 0.129167
0 1.0 0.613281 0.378125 0.189062 0.243750
0 1.0 0.323437 0.390625 0.200000 0.172917
0 1.0 0.345313 0.393750 0.143750 0.354167
0 1.0 0.419531 0.388542 0.114062 0.135417
0 1.0 0.496875 0.380208 0.103125 0.135417
0 1.0 0.186719 0.429167 0.079687 0.158333
0 1.0 0.210938 0.403125 0.187500 0.122917
0 1.0 0.233594 0.434375 0.079687 0.168750
0 1.0 0.276562 0.396875 0.175000 0.114583
0 1.0 0.092969 0.407292 0.170313 0.222917
0 1.0 0.118750 0.404167 0.134375 0.129167
0 1.0 0.953906 0.345833 0.051562 0.104167
0 1.0 0.936719 0.340625 0.126562 0.106250
0 1.0 0.962500 0.310417 0.028125 0.062500
0 1.0 0.050781 0.407292 0.085938 0.139583
0 1.0 0.764062 0.338542 0.084375 0.231250
0 1.0 0.765625 0.340625 0.293750 0.135417
0 1.0 0.823438 0.353125 0.059375 0.177083
0 1.0 0.877344 0.355208 0.142187 0.114583
0 1.0 0.880469 0.335417 0.057813 0.154167
0 1.0 0.875781 0.290625 0.085938 0.202083
0 1.0 0.597656 0.316667 0.107813 0.241667
0 1.0 0.714063 0.354167 0.093750 0.229167
0 1.0 0.492969 0.326042 0.295312 0.152083
0 1.0 0.547656 0.331250 0.139063 0.254167
0 1.0 0.601562 0.334375 0.300000 0.143750
0 1.0 0.343750 0.336458 0.300000 0.143750
0 1.0 0.410156 0.323958 0.192188 0.235417
0 1.0 0.231250 0.377083 0.071875 0.162500
0 1.0 0.305469 0.351042 0.129688 0.189583
0 1.0 0.082031 0.371875 0.089063 0.197917
0 1.0 0.112500 0.343750 0.206250 0.120833
0 1.0 0.142187 0.358333 0.087500 0.212500
0 1.0 0.197656 0.361458 0.085938 0.152083
0 1.0 0.922656 0.239583 0.123438 0.220833
0 1.0 0.892969 0.285417 0.214062 0.125000
0 1.0 0.956250 0.286458 0.087500 0.131250
0 1.0 0.957031 0.280208 0.039062 0.077083
0 1.0 0.050781 0.356250 0.095312 0.150000
0 1.0 0.020313 0.357292 0.040625 0.143750
0 1.0 0.771875 0.247917 0.109375 0.287500
0 1.0 0.830469 0.242708 0.035937 0.093750
0 1.0 0.817969 0.251042 0.098437 0.289583
0 1.0 0.898438 0.222917 0.028125 0.066667
0 1.0 0.871094 0.288542 0.092188 0.077083
0 1.0 0.639062 0.284375 0.253125 0.177083
0 1.0 0.660156 0.276042 0.070312 0.135417
0 1.0 0.657813 0.275000 0.121875 0.245833
0 1.0 0.715625 0.283333 0.146875 0.204167
0 1.0 0.707812 0.271875 0.256250 0.306250
0 1.0 0.717187 0.265625 0.053125 0.122917
0 1.0 0.778906 0.242708 0.054688 0.131250
0 1.0 0.762500 0.285417 0.284375 0.129167
0 1.0 0.498437 0.281250 0.115625 0.179167
0 1.0 0.554688 0.281250 0.103125 0.158333
0 1.0 0.597656 0.283333 0.067187 0.137500
0 1.0 0.347656 0.262500 0.139063 0.300000
0 1.0 0.402344 0.253125 0.151562 0.222917
0 1.0 0.452344 0.278125 0.139063 0.197917
0 1.0 0.259375 0.289583 0.240625 0.154167
0 1.0 0.239844 0.292708 0.064062 0.156250
0 1.0 0.234375 0.301042 0.121875 0.327083
0 1.0 0.312500 0.288542 0.100000 0.168750
0 1.0 0.366406 0.284375 0.254688 0.127083
0 1.0 0.075000 0.272917 0.059375 0.154167
0 1.0 0.108594 0.290625 0.217188 0.122917
0 1.0 0.071094 0.285417 0.104688 0.316667
0 1.0 0.136719 0.286458 0.185938 0.256250
0 1.0 0.138281 0.267708 0.092188 0.235417
0 1.0 0.205469 0.301042 0.073438 0.143750
0 1.0 0.185938 0.290625 0.134375 0.327083
0 1.0 0.964844 0.241667 0.054688 0.158333
0 1.0 0.049219 0.292708 0.082812 0.147917
0 1.0 0.032813 0.297917 0.065625 0.270833
0 1.0 0.903906 0.231250 0.092188 0.104167
0 1.0 0.881250 0.220833 0.121875 0.300000
0 1.0 0.895312 0.235417 0.209375 0.125000
0 1.0 0.632031 0.234375 0.310937 0.135417
0 1.0 0.717187 0.225000 0.093750 0.208333
0 1.0 0.768750 0.227083 0.328125 0.133333
0 1.0 0.550000 0.252083 0.168750 0.170833
0 1.0 0.476562 0.242708 0.118750 0.114583
0 1.0 0.267188 0.232292 0.328125 0.139583
0 1.0 0.305469 0.222917 0.157812 0.183333
0 1.0 0.324219 0.227083 0.101562 0.108333
0 1.0 0.948438 0.193750 0.103125 0.208333
0 1.0 0.037500 0.235417 0.075000 0.095833
0 1.0 0.082031 0.217708 0.164062 0.252083
0 1.0 0.117969 0.231250 0.235937 0.120833
0 1.0 0.824219 0.182292 0.270313 0.139583
0 1.0 0.814063 0.164583 0.118750 0.245833
0 1.0 0.888281 0.187500 0.120313 0.125000
0 1.0 0.716406 0.178125 0.185938 0.222917
0 1.0 0.088281 0.029167 0.051562 0.050000
0 1.0 0.126562 0.037500 0.121875 0.075000
0 1.0 0.092188 0.051042 0.065625 0.085417
0 1.0 0.137500 0.062500 0.062500 0.112500
0 1.0 0.075781 0.554167 0.151562 0.620833
0 1.0 0.913281 0.248958 0.173437 0.464583
0 1.0 0.923438 0.454167 0.153125 0.600000