0 1.0 0.499219 0.521127 0.585938 0.704225
0 1.0 0.326562 0.504695 0.328125 0.643192
0 1.0 0.234375 0.578638 0.175000 0.293427
0 1.0 0.221094 0.600939 0.198437 0.117371
0 1.0 0.234375 0.597418 0.090625 0.115023
0 1.0 0.139844 0.595070 0.101562 0.312207
0 1.0 0.851562 0.569249 0.137500 0.265258
0 1.0 0.139844 0.583333 0.217188 0.330986
0 1.0 0.115625 0.600939 0.203125 0.103286
0 1.0 0.136719 0.603286 0.067187 0.084507
0 1.0 0.389062 0.609155 0.175000 0.406103
0 1.0 0.424219 0.597418 0.067187 0.091549
0 1.0 0.347656 0.598592 0.192188 0.107981
0 1.0 0.274219 0.597418 0.095312 0.115023
0 1.0 0.285938 0.595070 0.143750 0.359155
0 1.0 0.301563 0.607981 0.043750 0.070423
0 1.0 0.947656 0.551643 0.104688 0.117371
0 1.0 0.342969 0.588028 0.173437 0.260563
0 1.0 0.826562 0.549296 0.103125 0.098592
0 1.0 0.570312 0.541080 0.268750 0.133803
0 1.0 0.817969 0.544601 0.279687 0.136150
0 1.0 0.026562 0.629108 0.053125 0.239437
0 1.0 0.758594 0.579812 0.126562 0.446009
0 1.0 0.086719 0.593897 0.173437 0.244131
0 1.0 0.182031 0.607981 0.057813 0.084507
0 1.0 0.057031 0.599765 0.114062 0.082160
0 1.0 0.056250 0.603286 0.046875 0.065728
0 1.0 0.955469 0.589202 0.051562 0.173709
0 1.0 0.717969 0.548122 0.235937 0.180751
0 1.0 0.932813 0.553991 0.134375 0.286385
0 1.0 0.883594 0.600939 0.232813 0.145540
0 1.0 0.827344 0.602113 0.104688 0.096244
0 1.0 0.450781 0.588028 0.170313 0.251174
0 1.0 0.582812 0.598592 0.118750 0.122066
0 1.0 0.784375 0.597418 0.293750 0.138498
0 1.0 0.121875 0.657277 0.168750 0.098592
0 1.0 0.139063 0.659624 0.075000 0.093897
0 1.0 0.057031 0.657277 0.092188 0.075117
0 1.0 0.061719 0.658451 0.042188 0.068075
0 1.0 0.048438 0.658451 0.096875 0.161972
0 1.0 0.948438 0.602113 0.103125 0.119718
0 1.0 0.549219 0.579812 0.135937 0.366197
0 1.0 0.504687 0.589202 0.128125 0.422535
0 1.0 0.458594 0.596244 0.201563 0.103286
0 1.0 0.497656 0.596244 0.048438 0.070423
0 1.0 0.606250 0.593897 0.162500 0.267606
0 1.0 0.660156 0.600939 0.295312 0.140845
0 1.0 0.658594 0.576291 0.142187 0.340376
0 1.0 0.808594 0.487089 0.273438 0.138498
0 1.0 0.811719 0.500000 0.167187 0.262911
0 1.0 0.718750 0.517606 0.121875 0.359155
0 1.0 0.479687 0.500000 0.137500 0.145540
0 1.0 0.669531 0.494131 0.273438 0.143192
0 1.0 0.934375 0.497653 0.131250 0.107981
0 1.0 0.889844 0.495305 0.210938 0.183099
0 1.0 0.807813 0.492958 0.100000 0.098592
0 1.0 0.457813 0.498826 0.090625 0.284038
0 1.0 0.203125 0.497653 0.137500 0.262911
0 1.0 0.456250 0.491784 0.209375 0.307512
0 1.0 0.382031 0.485915 0.132812 0.328638
0 1.0 0.396875 0.502347 0.225000 0.136150
0 1.0 0.600781 0.521127 0.117188 0.253521
0 1.0 0.269531 0.492958 0.289062 0.159624
0 1.0 0.484375 0.543427 0.168750 0.119718
0 1.0 0.168750 0.548122 0.175000 0.124413
0 1.0 0.403125 0.544601 0.284375 0.145540
0 1.0 0.285938 0.550469 0.168750 0.152582
0 1.0 0.114062 0.550469 0.150000 0.147887
0 1.0 0.072656 0.549296 0.104688 0.084507
0 1.0 0.037500 0.564554 0.075000 0.227700
0 1.0 0.046094 0.760563 0.092188 0.084507
0 1.0 0.038281 0.772300 0.076563 0.281690
0 1.0 0.048438 0.767606 0.040625 0.070423
0 1.0 0.964063 0.696009 0.068750 0.232394
0 1.0 0.952344 0.708920 0.095312 0.107981
0 1.0 0.917188 0.681925 0.128125 0.359155
0 1.0 0.664844 0.715962 0.235937 0.183099
0 1.0 0.907813 0.710094 0.184375 0.157277
0 1.0 0.807813 0.717136 0.090625 0.086854
0 1.0 0.184375 0.733568 0.103125 0.288732
0 1.0 0.227344 0.765258 0.254688 0.122066
0 1.0 0.236719 0.765258 0.098437 0.112676
0 1.0 0.195312 0.745305 0.246875 0.274648
0 1.0 0.200781 0.760563 0.092188 0.136150
0 1.0 0.131250 0.755869 0.109375 0.333333
0 1.0 0.115625 0.761737 0.171875 0.105634
0 1.0 0.818750 0.683099 0.171875 0.281690
0 1.0 0.082031 0.769953 0.151562 0.239437
0 1.0 0.657031 0.684272 0.173437 0.345070
0 1.0 0.560937 0.707746 0.293750 0.138498
0 1.0 0.546875 0.714789 0.234375 0.387324
0 1.0 0.815625 0.715962 0.284375 0.140845
0 1.0 0.717187 0.661972 0.140625 0.380282
0 1.0 0.757031 0.744131 0.176563 0.239437
0 1.0 0.693750 0.767606 0.240625 0.178404
0 1.0 0.360156 0.762911 0.323437 0.150235
0 1.0 0.610938 0.746479 0.146875 0.352113
0 1.0 0.771094 0.769953 0.114062 0.098592
0 1.0 0.862500 0.737089 0.200000 0.244131
0 1.0 0.792969 0.769953 0.273438 0.140845
0 1.0 0.499219 0.772300 0.239063 0.183099
0 1.0 0.427344 0.768779 0.126562 0.138498
0 1.0 0.400781 0.724178 0.251563 0.312207
0 1.0 0.132031 0.769953 0.070312 0.103286
0 1.0 0.294531 0.734742 0.151562 0.248826
0 1.0 0.321875 0.764085 0.062500 0.096244
0 1.0 0.443750 0.755869 0.112500 0.295775
0 1.0 0.610156 0.659624 0.289062 0.145540
0 1.0 0.260937 0.661972 0.209375 0.117371
0 1.0 0.524219 0.660798 0.207813 0.166667
0 1.0 0.778125 0.653756 0.278125 0.138498
0 1.0 0.702344 0.653756 0.235937 0.185446
0 1.0 0.419531 0.661972 0.142187 0.150235
0 1.0 0.307031 0.669014 0.067187 0.098592
0 1.0 0.189844 0.629108 0.132812 0.333333
0 1.0 0.171875 0.663146 0.081250 0.100939
0 1.0 0.477344 0.660798 0.120313 0.133803
0 1.0 0.400000 0.653756 0.306250 0.143192
0 1.0 0.253906 0.713615 0.289062 0.140845
0 1.0 0.296875 0.717136 0.059375 0.091549
0 1.0 0.307031 0.685446 0.251563 0.305164
0 1.0 0.226562 0.712441 0.096875 0.105634
0 1.0 0.277344 0.718310 0.104688 0.122066
0 1.0 0.452344 0.710094 0.289062 0.143192
0 1.0 0.475000 0.718310 0.112500 0.131455
0 1.0 0.422656 0.714789 0.123438 0.143192
0 1.0 0.131250 0.710094 0.140625 0.096244
0 1.0 0.346875 0.681925 0.115625 0.321596
0 1.0 0.954688 0.656103 0.090625 0.110329
0 1.0 0.885938 0.656103 0.228125 0.138498
0 1.0 0.846094 0.654930 0.092188 0.089202
0 1.0 0.182031 0.713615 0.073438 0.103286
0 1.0 0.144531 0.712441 0.064062 0.096244
0 1.0 0.047656 0.708920 0.095312 0.075117
0 1.0 0.058594 0.711268 0.039062 0.070423
0 1.0 0.626563 0.285211 0.237500 0.147887
0 1.0 0.623437 0.260563 0.121875 0.248826
0 1.0 0.627344 0.255869 0.229687 0.323944
0 1.0 0.551562 0.278169 0.118750 0.274648
0 1.0 0.551562 0.286385 0.231250 0.183099
0 1.0 0.497656 0.300469 0.107813 0.262911
0 1.0 0.261719 0.294601 0.273438 0.180751
0 1.0 0.449219 0.301643 0.098437 0.284038
0 1.0 0.493750 0.295775 0.071875 0.084507
0 1.0 0.762500 0.356808 0.090625 0.159624
0 1.0 0.750000 0.293427 0.246875 0.131455
0 1.0 0.768750 0.354460 0.046875 0.079812
0 1.0 0.707812 0.340376 0.115625 0.187793
0 1.0 0.693750 0.306338 0.200000 0.218310
0 1.0 0.385156 0.286385 0.182812 0.258216
0 1.0 0.708594 0.341549 0.076563 0.119718
0 1.0 0.326562 0.315728 0.081250 0.133803
0 1.0 0.237500 0.343897 0.096875 0.171362
0 1.0 0.285938 0.291080 0.140625 0.112676
0 1.0 0.250000 0.346244 0.046875 0.086854
0 1.0 0.939063 0.228873 0.121875 0.185446
0 1.0 0.191406 0.347418 0.079687 0.145540
0 1.0 0.192188 0.286385 0.256250 0.286385
0 1.0 0.228125 0.316901 0.034375 0.065728
0 1.0 0.132031 0.303991 0.104688 0.246479
0 1.0 0.153125 0.288732 0.143750 0.098592
0 1.0 0.139063 0.291080 0.046875 0.093897
0 1.0 0.140625 0.289906 0.228125 0.147887
0 1.0 0.451562 0.289906 0.240625 0.185446
0 1.0 0.463281 0.289906 0.079687 0.157277
0 1.0 0.391406 0.292254 0.070312 0.091549
0 1.0 0.344531 0.348592 0.160938 0.223005
0 1.0 0.303125 0.381455 0.087500 0.194836
0 1.0 0.282813 0.345070 0.209375 0.131455
0 1.0 0.808594 0.288732 0.251563 0.281690
0 1.0 0.872656 0.288732 0.254688 0.126761
0 1.0 0.191406 0.422535 0.060937 0.122066
0 1.0 0.193750 0.392019 0.121875 0.159624
0 1.0 0.225000 0.381455 0.053125 0.091549
0 1.0 0.241406 0.400235 0.070312 0.124413
0 1.0 0.501563 0.342723 0.218750 0.323944
0 1.0 0.451562 0.341549 0.059375 0.180751
0 1.0 0.478125 0.348592 0.121875 0.105634
0 1.0 0.109375 0.343897 0.196875 0.152582
0 1.0 0.960938 0.288732 0.078125 0.140845
0 1.0 0.918750 0.294601 0.115625 0.312207
0 1.0 0.135156 0.403756 0.064062 0.159624
0 1.0 0.833594 0.293427 0.107813 0.079812
0 1.0 0.873437 0.314554 0.034375 0.061033
0 1.0 0.817187 0.345070 0.090625 0.169014
0 1.0 0.828125 0.328638 0.040625 0.065728
0 1.0 0.866406 0.334507 0.082812 0.171362
0 1.0 0.171875 0.352113 0.190625 0.112676
0 1.0 0.153125 0.366197 0.090625 0.126761
0 1.0 0.075000 0.360329 0.103125 0.260563
0 1.0 0.957031 0.298122 0.048438 0.093897
0 1.0 0.017969 0.322770 0.035937 0.119718
0 1.0 0.057031 0.340376 0.104688 0.089202
0 1.0 0.025781 0.338028 0.051562 0.197183
0 1.0 0.098437 0.332160 0.196875 0.312207
0 1.0 0.190625 0.269953 0.078125 0.192488
0 1.0 0.196094 0.233568 0.323437 0.133803
0 1.0 0.063281 0.257042 0.107813 0.255869
0 1.0 0.123438 0.217136 0.237500 0.330986
0 1.0 0.817969 0.177230 0.270313 0.133803
0 1.0 0.098437 0.238263 0.196875 0.171362
0 1.0 0.369531 0.230047 0.279687 0.145540
0 1.0 0.299219 0.255869 0.151562 0.258216
0 1.0 0.319531 0.246479 0.060937 0.093897
0 1.0 0.235937 0.257042 0.118750 0.279343
0 1.0 0.860156 0.178404 0.242188 0.300469
0 1.0 0.046875 0.051643 0.081250 0.103286
0 1.0 0.666406 0.658451 0.667188 0.683099
0 1.0 0.175781 0.070423 0.270313 0.140845
0 1.0 0.190625 0.045775 0.106250 0.091549
0 1.0 0.134375 0.059859 0.062500 0.110329
0 1.0 0.028906 0.232394 0.057813 0.291080
0 1.0 0.139844 0.056338 0.151562 0.112676
0 1.0 0.064062 0.072770 0.056250 0.093897
0 1.0 0.118750 0.030516 0.109375 0.061033
0 1.0 0.065625 0.232394 0.131250 0.107981
0 1.0 0.964844 0.198357 0.060937 0.152582
0 1.0 0.029687 0.072770 0.040625 0.103286
0 1.0 0.903125 0.177230 0.193750 0.166667
0 1.0 0.839063 0.179577 0.100000 0.096244
0 1.0 0.872656 0.238263 0.132812 0.340376
0 1.0 0.811719 0.233568 0.148438 0.110329
0 1.0 0.876563 0.231221 0.093750 0.208920
0 1.0 0.821094 0.233568 0.304688 0.138498
0 1.0 0.821094 0.240610 0.079687 0.171362
0 1.0 0.761719 0.260563 0.110937 0.258216
0 1.0 0.816406 0.247653 0.117188 0.293427
0 1.0 0.067187 0.251174 0.050000 0.112676
0 1.0 0.046094 0.287559 0.092188 0.086854
0 1.0 0.657031 0.232394 0.289062 0.159624
0 1.0 0.521094 0.225352 0.279687 0.145540
0 1.0 0.743750 0.233568 0.246875 0.316901
0 1.0 0.504687 0.227700 0.162500 0.234742
0 1.0 0.444531 0.233568 0.167187 0.232394
0 1.0 0.486719 0.453052 0.082812 0.169014
0 1.0 0.393750 0.448357 0.259375 0.145540
0 1.0 0.307031 0.444836 0.070312 0.082160
0 1.0 0.500000 0.376761 0.090625 0.204225
0 1.0 0.292969 0.442488 0.220312 0.180751
0 1.0 0.334375 0.429577 0.212500 0.347418
0 1.0 0.097656 0.449531 0.029687 0.049296
0 1.0 0.300781 0.464789 0.110937 0.267606
0 1.0 0.611719 0.461268 0.229687 0.269953
0 1.0 0.551562 0.485915 0.078125 0.201878
0 1.0 0.604688 0.449531 0.075000 0.082160
0 1.0 0.579688 0.453052 0.150000 0.140845
0 1.0 0.513281 0.449531 0.198437 0.265258
0 1.0 0.457813 0.446009 0.059375 0.206573
0 1.0 0.116406 0.450704 0.185938 0.145540
0 1.0 0.105469 0.462441 0.210938 0.291080
0 1.0 0.025000 0.474178 0.043750 0.169014
0 1.0 0.760156 0.401408 0.235937 0.154930
0 1.0 0.056250 0.450704 0.100000 0.098592
0 1.0 0.931250 0.399061 0.137500 0.103286
0 1.0 0.952344 0.444836 0.073438 0.152582
0 1.0 0.926562 0.396714 0.146875 0.295775
0 1.0 0.857812 0.400235 0.234375 0.124413
0 1.0 0.227344 0.444836 0.154688 0.119718
0 1.0 0.084375 0.489437 0.071875 0.166667
0 1.0 0.148438 0.505869 0.059375 0.185446
0 1.0 0.184375 0.448357 0.090625 0.098592
0 1.0 0.143750 0.447183 0.075000 0.077465
0 1.0 0.071094 0.501174 0.110937 0.279343
0 1.0 0.134375 0.494131 0.146875 0.110329
0 1.0 0.078906 0.498826 0.114062 0.086854
0 1.0 0.766406 0.454225 0.154688 0.218310
0 1.0 0.053125 0.508216 0.093750 0.157277
0 1.0 0.957812 0.509390 0.046875 0.131455
0 1.0 0.926562 0.447183 0.121875 0.082160
0 1.0 0.814063 0.442488 0.037500 0.063380
0 1.0 0.790625 0.438967 0.134375 0.103286
0 1.0 0.518750 0.450704 0.034375 0.065728
0 1.0 0.659375 0.477700 0.103125 0.260563
0 1.0 0.694531 0.448357 0.120313 0.089202
0 1.0 0.642188 0.450704 0.112500 0.093897
0 1.0 0.824219 0.485915 0.082812 0.197183
0 1.0 0.872656 0.504695 0.060937 0.169014
0 1.0 0.043750 0.402582 0.078125 0.091549
0 1.0 0.960156 0.377934 0.039062 0.103286
0 1.0 0.933594 0.345070 0.132812 0.107981
0 1.0 0.865625 0.415493 0.075000 0.159624
0 1.0 0.836719 0.352113 0.198437 0.103286
0 1.0 0.868750 0.415493 0.050000 0.098592
0 1.0 0.892969 0.348592 0.214062 0.161972
0 1.0 0.202344 0.411972 0.217188 0.279343
0 1.0 0.137500 0.453052 0.084375 0.197183
0 1.0 0.030469 0.416667 0.060937 0.190141
0 1.0 0.140625 0.399061 0.115625 0.089202
0 1.0 0.079687 0.431925 0.068750 0.154930
0 1.0 0.756250 0.349765 0.284375 0.136150
0 1.0 0.669531 0.348592 0.082812 0.176056
0 1.0 0.612500 0.353286 0.090625 0.223005
0 1.0 0.629687 0.347418 0.237500 0.131455
0 1.0 0.550000 0.384977 0.078125 0.215962
0 1.0 0.820312 0.421362 0.068750 0.133803
0 1.0 0.714063 0.390845 0.081250 0.166667
0 1.0 0.764062 0.399061 0.065625 0.107981
0 1.0 0.688281 0.403756 0.245312 0.117371
0 1.0 0.675000 0.400235 0.131250 0.166667
0 1.0 0.625781 0.413146 0.142187 0.169014
0 1.0 0.848437 0.400235 0.234375 0.279343
0 1.0 0.353906 0.386150 0.289062 0.143192
0 1.0 0.592969 0.409624 0.114062 0.110329
0 1.0 0.546094 0.396714 0.114062 0.093897
0 1.0 0.232813 0.400235 0.159375 0.105634
0 1.0 0.475000 0.395540 0.171875 0.115023
0 1.0 0.453906 0.406103 0.126562 0.309859
0 1.0 0.406250 0.388498 0.150000 0.115023
0 1.0 0.553125 0.649061 0.415625 0.340376
0 1.0 0.945312 0.760563 0.109375 0.178404
0 1.0 0.365625 0.652582 0.509375 0.248826
0 1.0 0.452344 0.139671 0.185938 0.232394
0 1.0 0.822656 0.548122 0.195312 0.518779
0 1.0 0.785156 0.544601 0.429688 0.230047
0 1.0 0.785156 0.645540 0.429688 0.230047
0 1.0 0.735156 0.590376 0.307812 0.476526
0 1.0 0.171094 0.616197 0.335938 0.500000
0 1.0 0.482031 0.130282 0.120313 0.138498
0 1.0 0.538281 0.542254 0.567187 0.248826
0 1.0 0.448437 0.165493 0.090625 0.194836
0 1.0 0.561719 0.137324 0.245312 0.185446
0 1.0 0.117969 0.117371 0.195312 0.234742
0 1.0 0.058594 0.117371 0.117188 0.084507
0 1.0 0.370312 0.753521 0.509375 0.234742
0 1.0 0.037500 0.136150 0.075000 0.258216
0 1.0 0.785156 0.761737 0.429688 0.227700
0 1.0 0.964844 0.127934 0.045312 0.100939
0 1.0 0.946094 0.076291 0.107813 0.110329
0 1.0 0.927344 0.095070 0.145313 0.190141
0 1.0 0.342969 0.142019 0.107813 0.237089
0 1.0 0.371875 0.124413 0.203125 0.159624
0 1.0 0.293750 0.130282 0.115625 0.232394
0 1.0 0.229687 0.130282 0.259375 0.124413
0 1.0 0.273438 0.137324 0.062500 0.077465
0 1.0 0.560156 0.760563 0.501563 0.239437
0 1.0 0.310156 0.129108 0.242188 0.258216
0 1.0 0.239063 0.138498 0.118750 0.276995
0 1.0 0.186719 0.142019 0.104688 0.246479
0 1.0 0.763281 0.146714 0.129688 0.293427
0 1.0 0.756250 0.119718 0.315625 0.145540
0 1.0 0.710938 0.150235 0.134375 0.300469
0 1.0 0.776563 0.349765 0.446875 0.211268
0 1.0 0.632031 0.338028 0.423438 0.291080
0 1.0 0.567187 0.353286 0.231250 0.589202
0 1.0 0.816406 0.352113 0.335938 0.474178
0 1.0 0.231250 0.449531 0.462500 0.218310
0 1.0 0.196875 0.434272 0.325000 0.460094
0 1.0 0.821094 0.143192 0.098437 0.201878
0 1.0 0.235937 0.348592 0.471875 0.218310
0 1.0 0.711719 0.245305 0.501563 0.237089
0 1.0 0.457813 0.353286 0.506250 0.298122
0 1.0 0.707031 0.450704 0.501563 0.215962
0 1.0 0.291406 0.542254 0.492188 0.239437
0 1.0 0.648438 0.167840 0.140625 0.293427
0 1.0 0.647656 0.129108 0.282813 0.145540
0 1.0 0.545312 0.450704 0.481250 0.281690
0 1.0 0.547656 0.167840 0.095312 0.199531
0 1.0 0.646875 0.475352 0.231250 0.598592
0 1.0 0.821875 0.055164 0.065625 0.110329
0 1.0 0.836719 0.032864 0.176563 0.065728
0 1.0 0.814844 0.070423 0.270313 0.140845
0 1.0 0.763281 0.059859 0.067187 0.119718
0 1.0 0.773438 0.052817 0.143750 0.105634
0 1.0 0.648438 0.879108 0.703125 0.241784
0 1.0 0.609375 0.077465 0.246875 0.154930
0 1.0 0.885938 0.053991 0.143750 0.107981
0 1.0 0.708594 0.061033 0.073438 0.122066
0 1.0 0.716406 0.032864 0.198437 0.065728
0 1.0 0.707812 0.075117 0.265625 0.150235
0 1.0 0.657813 0.065728 0.081250 0.122066
0 1.0 0.372656 0.492958 0.607812 0.422535
0 1.0 0.893750 0.058685 0.043750 0.065728
0 1.0 0.060156 0.026995 0.064062 0.053991
0 1.0 0.347656 0.029343 0.079687 0.058685
0 1.0 0.331250 0.039906 0.175000 0.079812
0 1.0 0.353125 0.064554 0.259375 0.129108
0 1.0 0.508594 0.806338 0.964063 0.377934
0 1.0 0.287500 0.048122 0.078125 0.096244
0 1.0 0.071875 0.072770 0.143750 0.145540
0 1.0 0.239063 0.050469 0.062500 0.100939
0 1.0 0.270313 0.031690 0.168750 0.063380
0 1.0 0.499219 0.068075 0.070312 0.079812
0 1.0 0.514844 0.037559 0.207813 0.075117
0 1.0 0.499219 0.072770 0.276562 0.145540
0 1.0 0.448437 0.059859 0.050000 0.068075
0 1.0 0.490625 0.026995 0.093750 0.053991
0 1.0 0.602344 0.077465 0.082812 0.117371
0 1.0 0.632812 0.030516 0.156250 0.061033
0 1.0 0.357812 0.879108 0.715625 0.241784
0 1.0 0.499219 0.197183 0.982812 0.384977
0 1.0 0.457031 0.050469 0.123438 0.091549
0 1.0 0.402344 0.051643 0.082812 0.103286
0 1.0 0.418750 0.034038 0.293750 0.068075
0 1.0 0.556250 0.075117 0.071875 0.112676
0 1.0 0.568750 0.051643 0.134375 0.103286
0 1.0 0.221875 0.923709 0.443750 0.152582
0 1.0 0.403125 0.115023 0.109375 0.225352
0 1.0 0.875781 0.093897 0.095312 0.178404
0 1.0 0.169531 0.847418 0.339062 0.206573
0 1.0 0.604688 0.130282 0.115625 0.227700
0 1.0 0.821875 0.847418 0.356250 0.206573
0 1.0 0.962500 0.075117 0.034375 0.070423
0 1.0 0.935937 0.036385 0.128125 0.072770
0 1.0 0.741406 0.123239 0.517188 0.246479
0 1.0 0.364844 0.122066 0.729688 0.244131
0 1.0 0.293750 0.077465 0.090625 0.084507
0 1.0 0.829688 0.922535 0.340625 0.154930
0 1.0 0.817969 0.801643 0.057813 0.119718
0 1.0 0.826562 0.833333 0.059375 0.107981
0 1.0 0.771094 0.813380 0.064062 0.138498
0 1.0 0.750000 0.868545 0.328125 0.126761
0 1.0 0.484375 0.870892 0.237500 0.117371
0 1.0 0.711719 0.820423 0.070312 0.133803
0 1.0 0.693750 0.834507 0.290625 0.232394
0 1.0 0.067187 0.889671 0.134375 0.220657
0 1.0 0.960156 0.874413 0.029687 0.068075
0 1.0 0.924219 0.870892 0.151562 0.117371
0 1.0 0.956250 0.884977 0.050000 0.089202
0 1.0 0.914062 0.855634 0.171875 0.255869
0 1.0 0.875781 0.807512 0.079687 0.164319
0 1.0 0.611719 0.866197 0.257812 0.150235
0 1.0 0.923438 0.829812 0.090625 0.213615
0 1.0 0.450000 0.811033 0.053125 0.110329
0 1.0 0.193750 0.872066 0.193750 0.152582
0 1.0 0.454688 0.830986 0.100000 0.159624
0 1.0 0.512500 0.872066 0.084375 0.091549
0 1.0 0.458594 0.829812 0.260937 0.227700
0 1.0 0.663281 0.811033 0.070312 0.138498
0 1.0 0.403906 0.821596 0.089063 0.164319
0 1.0 0.350000 0.799296 0.043750 0.100939
0 1.0 0.372656 0.866197 0.220312 0.117371
0 1.0 0.604688 0.801643 0.090625 0.152582
0 1.0 0.554688 0.841549 0.065625 0.105634
0 1.0 0.556250 0.825117 0.275000 0.227700
0 1.0 0.559375 0.903756 0.287500 0.107981
0 1.0 0.499219 0.894366 0.114062 0.197183
0 1.0 0.444531 0.887324 0.126562 0.173709
0 1.0 0.203125 0.916667 0.118750 0.147887
0 1.0 0.395313 0.880282 0.115625 0.239437
0 1.0 0.412500 0.911972 0.315625 0.110329
0 1.0 0.713281 0.901408 0.114062 0.164319
0 1.0 0.720313 0.914319 0.287500 0.124413
0 1.0 0.660156 0.889671 0.117188 0.220657
0 1.0 0.551562 0.896714 0.146875 0.154930
0 1.0 0.599219 0.882629 0.114062 0.201878
0 1.0 0.298438 0.915493 0.237500 0.107981
0 1.0 0.134375 0.894366 0.100000 0.211268
0 1.0 0.112500 0.917840 0.209375 0.112676
0 1.0 0.056250 0.916667 0.112500 0.100939
0 1.0 0.343750 0.886150 0.103125 0.227700
0 1.0 0.346094 0.884977 0.276562 0.230047
0 1.0 0.289844 0.887324 0.104688 0.225352
0 1.0 0.235937 0.881455 0.112500 0.237089
0 1.0 0.494531 0.815728 0.101562 0.124413
0 1.0 0.401562 0.780516 0.121875 0.279343
0 1.0 0.348438 0.786385 0.146875 0.253521
0 1.0 0.279687 0.808685 0.334375 0.143192
0 1.0 0.334375 0.811033 0.040625 0.072770
0 1.0 0.546875 0.789906 0.143750 0.288732
0 1.0 0.103125 0.816901 0.184375 0.112676
0 1.0 0.124219 0.823944 0.064062 0.103286
0 1.0 0.039062 0.819249 0.078125 0.079812
0 1.0 0.238281 0.786385 0.135937 0.234742
0 1.0 0.314844 0.807512 0.060937 0.084507
0 1.0 0.218750 0.812207 0.103125 0.112676
0 1.0 0.192188 0.813380 0.115625 0.161972
0 1.0 0.134375 0.872066 0.165625 0.119718
0 1.0 0.141406 0.854460 0.070312 0.145540
0 1.0 0.075000 0.833333 0.065625 0.173709
0 1.0 0.033594 0.841549 0.051562 0.161972
0 1.0 0.964063 0.846244 0.059375 0.194836
0 1.0 0.927344 0.811033 0.145313 0.110329
0 1.0 0.044531 0.868545 0.089063 0.089202
0 1.0 0.297656 0.799296 0.042188 0.100939
0 1.0 0.346875 0.874413 0.040625 0.068075
0 1.0 0.270313 0.863850 0.259375 0.122066
0 1.0 0.296875 0.869718 0.087500 0.100939
0 1.0 0.191406 0.820423 0.042188 0.110329
0 1.0 0.246875 0.829812 0.056250 0.115023
0 1.0 0.753125 0.813380 0.321875 0.133803
0 1.0 0.710156 0.782864 0.126562 0.288732
0 1.0 0.815625 0.795775 0.131250 0.309859
0 1.0 0.319531 0.184272 0.176563 0.143192
0 1.0 0.319531 0.186620 0.073438 0.115023
0 1.0 0.477344 0.188967 0.132812 0.119718
0 1.0 0.235937 0.180751 0.265625 0.272300
0 1.0 0.189844 0.184272 0.254688 0.133803
0 1.0 0.190625 0.179577 0.043750 0.082160
0 1.0 0.971875 0.962441 0.053125 0.075117
0 1.0 0.941406 0.958920 0.117188 0.082160
0 1.0 0.543750 0.072770 0.621875 0.145540
0 1.0 0.403125 0.196009 0.146875 0.223005
0 1.0 0.394531 0.185446 0.145313 0.107981
0 1.0 0.452344 0.312207 0.207813 0.502347
0 1.0 0.470313 0.241784 0.546875 0.262911
0 1.0 0.051562 0.181925 0.078125 0.077465
0 1.0 0.959375 0.153756 0.075000 0.129108
0 1.0 0.892969 0.122066 0.101562 0.098592
0 1.0 0.347656 0.228873 0.223438 0.434272
0 1.0 0.259375 0.248826 0.518750 0.239437
0 1.0 0.543750 0.154930 0.518750 0.239437
0 1.0 0.118750 0.177230 0.171875 0.110329
0 1.0 0.270313 0.965962 0.084375 0.058685
0 1.0 0.238281 0.944836 0.098437 0.110329
0 1.0 0.187500 0.946009 0.078125 0.107981
0 1.0 0.134375 0.949531 0.071875 0.100939
0 1.0 0.199219 0.968310 0.079687 0.058685
0 1.0 0.446875 0.962441 0.096875 0.056338
0 1.0 0.405469 0.944836 0.129688 0.110329
0 1.0 0.346094 0.938967 0.070312 0.122066
0 1.0 0.369531 0.964789 0.064062 0.051643
0 1.0 0.341406 0.957746 0.157812 0.084507
0 1.0 0.290625 0.946009 0.075000 0.107981
0 1.0 0.763281 0.886150 0.120313 0.227700
0 1.0 0.816406 0.901408 0.120313 0.197183
0 1.0 0.089063 0.950704 0.115625 0.098592
0 1.0 0.066406 0.965962 0.057813 0.053991
0 1.0 0.043750 0.962441 0.087500 0.075117
0 1.0 0.925781 0.921362 0.148438 0.110329
0 1.0 0.870313 0.934272 0.096875 0.131455
0 1.0 0.842187 0.962441 0.071875 0.061033
0 1.0 0.842187 0.956573 0.125000 0.086854
0 1.0 0.589063 0.958920 0.118750 0.063380
0 1.0 0.687500 0.177230 0.300000 0.147887
0 1.0 0.729688 0.950704 0.228125 0.098592
0 1.0 0.609375 0.954225 0.190625 0.091549
0 1.0 0.550781 0.935446 0.082812 0.129108
0 1.0 0.764844 0.941315 0.085938 0.117371
0 1.0 0.549219 0.958920 0.089063 0.053991
0 1.0 0.524219 0.954225 0.176563 0.091549
0 1.0 0.447656 0.936620 0.064062 0.126761
0 1.0 0.500000 0.960094 0.081250 0.051643
0 1.0 0.787500 0.958920 0.159375 0.072770
0 1.0 0.713281 0.942488 0.082812 0.115023
0 1.0 0.660937 0.937793 0.084375 0.124413
0 1.0 0.604688 0.937793 0.093750 0.124413
0 1.0 0.456250 0.658451 0.196875 0.490610
0 1.0 0.246875 0.778169 0.203125 0.443662
0 1.0 0.870313 0.738263 0.259375 0.424883
0 1.0 0.073438 0.719484 0.146875 0.561033
0 1.0 0.753906 0.803991 0.257812 0.392019
0 1.0 0.499219 0.306338 0.470313 0.612676
0 1.0 0.146094 0.771127 0.210938 0.457746
0 1.0 0.693750 0.255869 0.287500 0.511737
0 1.0 0.315625 0.666667 0.631250 0.666667
0 1.0 0.075000 0.427230 0.150000 0.600939
0 1.0 0.743750 0.414319 0.500000 0.828638
0 1.0 0.913281 0.261737 0.173437 0.481221
0 1.0 0.251563 0.264085 0.503125 0.528169