0 1.0 0.807813 0.583138 0.093750 0.379391
0 1.0 0.556250 0.439110 0.090625 0.264637
0 1.0 0.507031 0.537471 0.892188 0.437939
0 1.0 0.251563 0.634660 0.134375 0.327869
0 1.0 0.231250 0.591335 0.106250 0.138173
0 1.0 0.182031 0.635831 0.101562 0.274005
0 1.0 0.183594 0.593677 0.295312 0.147541
0 1.0 0.814844 0.539813 0.039062 0.063232
0 1.0 0.875781 0.553864 0.048438 0.185012
0 1.0 0.836719 0.536300 0.114062 0.121780
0 1.0 0.836719 0.556206 0.229687 0.306792
0 1.0 0.179688 0.601874 0.071875 0.112412
0 1.0 0.375781 0.610070 0.160938 0.283372
0 1.0 0.419531 0.590164 0.051562 0.107728
0 1.0 0.316406 0.591335 0.235937 0.142857
0 1.0 0.911719 0.533958 0.176563 0.107728
0 1.0 0.103906 0.601874 0.026562 0.079625
0 1.0 0.069531 0.604215 0.139063 0.262295
0 1.0 0.956250 0.523419 0.043750 0.147541
0 1.0 0.920312 0.518735 0.090625 0.203747
0 1.0 0.860938 0.538642 0.078125 0.304450
0 1.0 0.609375 0.540984 0.243750 0.149883
0 1.0 0.585938 0.523419 0.256250 0.306792
0 1.0 0.142187 0.627635 0.118750 0.262295
0 1.0 0.554688 0.540984 0.121875 0.407494
0 1.0 0.817969 0.542155 0.339062 0.128806
0 1.0 0.071094 0.654567 0.073438 0.213115
0 1.0 0.169531 0.604215 0.039062 0.088993
0 1.0 0.034375 0.660422 0.043750 0.173302
0 1.0 0.088281 0.597190 0.092188 0.093677
0 1.0 0.713281 0.553864 0.098437 0.311475
0 1.0 0.719531 0.559719 0.060937 0.196721
0 1.0 0.722656 0.545667 0.289062 0.163934
0 1.0 0.915625 0.546838 0.168750 0.250585
0 1.0 0.873437 0.597190 0.253125 0.126464
0 1.0 0.814844 0.600703 0.042188 0.058548
0 1.0 0.549219 0.593677 0.264062 0.124122
0 1.0 0.762500 0.591335 0.259375 0.114754
0 1.0 0.844531 0.603044 0.064062 0.086651
0 1.0 0.134375 0.648712 0.209375 0.135831
0 1.0 0.147656 0.651054 0.057813 0.117096
0 1.0 0.046875 0.667447 0.093750 0.271663
0 1.0 0.101562 0.653396 0.028125 0.084309
0 1.0 0.075781 0.651054 0.126562 0.112412
0 1.0 0.280469 0.596019 0.042188 0.091335
0 1.0 0.507031 0.607728 0.148438 0.414520
0 1.0 0.534375 0.586651 0.128125 0.119438
0 1.0 0.447656 0.600703 0.117188 0.269321
0 1.0 0.494531 0.590164 0.042188 0.074941
0 1.0 0.654687 0.597190 0.121875 0.327869
0 1.0 0.650781 0.591335 0.254688 0.114754
0 1.0 0.662500 0.580796 0.071875 0.168618
0 1.0 0.596875 0.591335 0.143750 0.386417
0 1.0 0.400000 0.591335 0.228125 0.133489
0 1.0 0.878125 0.490632 0.143750 0.203747
0 1.0 0.820312 0.496487 0.153125 0.206089
0 1.0 0.773438 0.521077 0.081250 0.339578
0 1.0 0.784375 0.498829 0.365625 0.121780
0 1.0 0.504687 0.494145 0.153125 0.192037
0 1.0 0.451562 0.515222 0.068750 0.168618
0 1.0 0.595313 0.478923 0.103125 0.245902
0 1.0 0.938281 0.511710 0.045312 0.161593
0 1.0 0.214844 0.509368 0.254688 0.114754
0 1.0 0.191406 0.546838 0.117188 0.180328
0 1.0 0.719531 0.509368 0.045312 0.161593
0 1.0 0.389844 0.542155 0.114062 0.199063
0 1.0 0.425000 0.507026 0.240625 0.124122
0 1.0 0.424219 0.512881 0.117188 0.121780
0 1.0 0.676562 0.521077 0.050000 0.142857
0 1.0 0.652344 0.463700 0.254688 0.290398
0 1.0 0.346094 0.531616 0.229687 0.252927
0 1.0 0.359375 0.528103 0.131250 0.138173
0 1.0 0.289844 0.577283 0.079687 0.189696
0 1.0 0.570312 0.501171 0.293750 0.135831
0 1.0 0.263281 0.544496 0.279687 0.156909
0 1.0 0.514844 0.540984 0.254688 0.168618
0 1.0 0.180469 0.553864 0.201563 0.114754
0 1.0 0.480469 0.540984 0.151562 0.117096
0 1.0 0.852344 0.500000 0.057813 0.086651
0 1.0 0.157031 0.566745 0.054688 0.074941
0 1.0 0.885156 0.503513 0.032813 0.131148
0 1.0 0.094531 0.562061 0.057813 0.065574
0 1.0 0.036719 0.594848 0.073438 0.177986
0 1.0 0.097656 0.758782 0.195312 0.341920
0 1.0 0.040625 0.771663 0.081250 0.320843
0 1.0 0.072656 0.763466 0.145313 0.093677
0 1.0 0.086719 0.770492 0.029687 0.060890
0 1.0 0.961719 0.708431 0.076563 0.255269
0 1.0 0.935156 0.710773 0.129688 0.138173
0 1.0 0.923438 0.702576 0.153125 0.285714
0 1.0 0.660156 0.702576 0.310937 0.135831
0 1.0 0.688281 0.702576 0.132812 0.126464
0 1.0 0.175000 0.740047 0.140625 0.346604
0 1.0 0.142969 0.771663 0.279687 0.142857
0 1.0 0.162500 0.776347 0.103125 0.128806
0 1.0 0.816406 0.673302 0.164062 0.241218
0 1.0 0.719531 0.686183 0.160938 0.299766
0 1.0 0.437500 0.725995 0.028125 0.056206
0 1.0 0.647656 0.697892 0.242188 0.313817
0 1.0 0.545312 0.715457 0.284375 0.119438
0 1.0 0.550000 0.688525 0.146875 0.412178
0 1.0 0.859375 0.653396 0.143750 0.351288
0 1.0 0.801562 0.717799 0.100000 0.091335
0 1.0 0.854688 0.722482 0.034375 0.063232
0 1.0 0.808594 0.710773 0.295312 0.138173
0 1.0 0.770312 0.656909 0.115625 0.339578
0 1.0 0.764844 0.765808 0.182812 0.145199
0 1.0 0.649219 0.743560 0.126562 0.372365
0 1.0 0.650781 0.768150 0.310937 0.135831
0 1.0 0.394531 0.762295 0.160938 0.236534
0 1.0 0.338281 0.734192 0.145313 0.400468
0 1.0 0.375781 0.771663 0.254688 0.142857
0 1.0 0.675000 0.774005 0.103125 0.114754
0 1.0 0.821094 0.769321 0.079687 0.081967
0 1.0 0.529687 0.778689 0.121875 0.119438
0 1.0 0.873437 0.756440 0.200000 0.248244
0 1.0 0.835156 0.768150 0.167187 0.135831
0 1.0 0.812500 0.742389 0.246875 0.341920
0 1.0 0.511719 0.770492 0.317188 0.145199
0 1.0 0.870313 0.775176 0.034375 0.065574
0 1.0 0.464844 0.785714 0.032813 0.072600
0 1.0 0.581250 0.776347 0.118750 0.128806
0 1.0 0.253906 0.774005 0.279687 0.128806
0 1.0 0.279687 0.721311 0.140625 0.398126
0 1.0 0.316406 0.782201 0.032813 0.060890
0 1.0 0.402344 0.778689 0.079687 0.110070
0 1.0 0.596094 0.768150 0.176563 0.276347
0 1.0 0.505469 0.743560 0.126562 0.353630
0 1.0 0.242969 0.744731 0.164062 0.252927
0 1.0 0.447656 0.774005 0.110937 0.264637
0 1.0 0.502344 0.782201 0.039062 0.065574
0 1.0 0.246094 0.771663 0.079687 0.105386
0 1.0 0.575781 0.652225 0.310937 0.147541
0 1.0 0.251563 0.651054 0.306250 0.145199
0 1.0 0.753125 0.655738 0.278125 0.140515
0 1.0 0.384375 0.654567 0.268750 0.138173
0 1.0 0.409375 0.651054 0.065625 0.107728
0 1.0 0.316406 0.654567 0.045312 0.091335
0 1.0 0.936719 0.596019 0.126562 0.100703
0 1.0 0.954688 0.576112 0.075000 0.220141
0 1.0 0.271875 0.648712 0.096875 0.135831
0 1.0 0.471875 0.660422 0.062500 0.093677
0 1.0 0.350781 0.713115 0.223438 0.128806
0 1.0 0.375000 0.713115 0.103125 0.114754
0 1.0 0.253906 0.714286 0.264062 0.131148
0 1.0 0.311719 0.714286 0.032813 0.065574
0 1.0 0.264062 0.708431 0.071875 0.105386
0 1.0 0.524219 0.724824 0.117188 0.096019
0 1.0 0.134375 0.711944 0.203125 0.112412
0 1.0 0.442969 0.702576 0.154688 0.304450
0 1.0 0.479687 0.731850 0.031250 0.049180
0 1.0 0.451562 0.672131 0.275000 0.379391
0 1.0 0.434375 0.724824 0.209375 0.096019
0 1.0 0.938281 0.652225 0.123438 0.105386
0 1.0 0.875000 0.660422 0.250000 0.140515
0 1.0 0.789844 0.661593 0.073438 0.077283
0 1.0 0.819531 0.665105 0.070312 0.093677
0 1.0 0.173437 0.715457 0.087500 0.119438
0 1.0 0.159375 0.711944 0.046875 0.079625
0 1.0 0.071094 0.711944 0.142187 0.093677
0 1.0 0.089063 0.713115 0.028125 0.058548
0 1.0 0.413281 0.300937 0.114062 0.152225
0 1.0 0.662500 0.318501 0.265625 0.262295
0 1.0 0.662500 0.300937 0.153125 0.166276
0 1.0 0.601562 0.359485 0.100000 0.185012
0 1.0 0.603906 0.344262 0.042188 0.074941
0 1.0 0.585938 0.292740 0.162500 0.103044
0 1.0 0.549219 0.345433 0.067187 0.114754
0 1.0 0.335156 0.309133 0.029687 0.060890
0 1.0 0.238281 0.326698 0.095312 0.213115
0 1.0 0.273438 0.282201 0.212500 0.096019
0 1.0 0.249219 0.303279 0.039062 0.077283
0 1.0 0.514844 0.344262 0.054688 0.117096
0 1.0 0.517188 0.291569 0.271875 0.152225
0 1.0 0.769531 0.368852 0.089063 0.170960
0 1.0 0.749219 0.297424 0.310937 0.121780
0 1.0 0.777344 0.361827 0.048438 0.086651
0 1.0 0.401562 0.304450 0.256250 0.257611
0 1.0 0.764062 0.320843 0.168750 0.159251
0 1.0 0.709375 0.357143 0.093750 0.208431
0 1.0 0.721875 0.336066 0.040625 0.077283
0 1.0 0.425000 0.284543 0.328125 0.119438
0 1.0 0.299219 0.290398 0.104688 0.173302
0 1.0 0.298438 0.306792 0.275000 0.252927
0 1.0 0.942969 0.237705 0.114062 0.110070
0 1.0 0.952344 0.297424 0.048438 0.098361
0 1.0 0.927344 0.244731 0.145313 0.274005
0 1.0 0.182031 0.319672 0.076563 0.161593
0 1.0 0.255469 0.290398 0.110937 0.074941
0 1.0 0.196094 0.288056 0.304688 0.154567
0 1.0 0.222656 0.306792 0.032813 0.060890
0 1.0 0.139063 0.288056 0.081250 0.177986
0 1.0 0.153125 0.275176 0.159375 0.077283
0 1.0 0.529687 0.304450 0.109375 0.135831
0 1.0 0.449219 0.350117 0.048438 0.138173
0 1.0 0.546875 0.296253 0.031250 0.053864
0 1.0 0.452344 0.311475 0.098437 0.177986
0 1.0 0.513281 0.313817 0.029687 0.060890
0 1.0 0.070312 0.271663 0.068750 0.159251
0 1.0 0.343750 0.332553 0.071875 0.177986
0 1.0 0.418750 0.291569 0.040625 0.058548
0 1.0 0.384375 0.302108 0.046875 0.084309
0 1.0 0.132812 0.297424 0.256250 0.262295
0 1.0 0.352344 0.373536 0.126562 0.189696
0 1.0 0.300000 0.381733 0.037500 0.088993
0 1.0 0.300000 0.364169 0.118750 0.180328
0 1.0 0.825000 0.370023 0.078125 0.168618
0 1.0 0.328125 0.361827 0.056250 0.100703
0 1.0 0.230469 0.394614 0.082812 0.194379
0 1.0 0.969531 0.318501 0.060937 0.093677
0 1.0 0.921875 0.392272 0.059375 0.138173
0 1.0 0.892969 0.293911 0.214062 0.119438
0 1.0 0.189844 0.432084 0.045312 0.100703
0 1.0 0.229687 0.341920 0.259375 0.121780
0 1.0 0.522656 0.375878 0.220312 0.269321
0 1.0 0.450000 0.365340 0.021875 0.056206
0 1.0 0.500000 0.339578 0.171875 0.121780
0 1.0 0.089844 0.389930 0.060937 0.138173
0 1.0 0.486719 0.378220 0.073438 0.142857
0 1.0 0.399219 0.389930 0.076563 0.194379
0 1.0 0.399219 0.368852 0.142187 0.245902
0 1.0 0.137500 0.353630 0.150000 0.177986
0 1.0 0.128125 0.339578 0.106250 0.093677
0 1.0 0.055469 0.355972 0.092188 0.149883
0 1.0 0.956250 0.416862 0.021875 0.060890
0 1.0 0.948438 0.374707 0.028125 0.046838
0 1.0 0.662500 0.338407 0.081250 0.208431
0 1.0 0.671875 0.323185 0.037500 0.084309
0 1.0 0.184375 0.396956 0.112500 0.152225
0 1.0 0.896875 0.313817 0.206250 0.290398
0 1.0 0.934375 0.312646 0.084375 0.110070
0 1.0 0.872656 0.378220 0.070312 0.142857
0 1.0 0.839844 0.297424 0.089063 0.074941
0 1.0 0.885156 0.357143 0.026562 0.049180
0 1.0 0.203125 0.368852 0.075000 0.110070
0 1.0 0.132812 0.400468 0.056250 0.131148
0 1.0 0.071875 0.350117 0.143750 0.269321
0 1.0 0.789844 0.323185 0.270313 0.257611
0 1.0 0.020313 0.340749 0.034375 0.091335
0 1.0 0.029687 0.351288 0.059375 0.177986
0 1.0 0.839063 0.364169 0.028125 0.063232
0 1.0 0.239844 0.241218 0.079687 0.154567
0 1.0 0.266406 0.243560 0.123438 0.103044
0 1.0 0.241406 0.223653 0.251563 0.269321
0 1.0 0.185156 0.254098 0.082812 0.213115
0 1.0 0.211719 0.236534 0.310937 0.112412
0 1.0 0.147656 0.268150 0.035937 0.063232
0 1.0 0.186719 0.231850 0.170313 0.168618
0 1.0 0.846875 0.186183 0.200000 0.147541
0 1.0 0.860938 0.177986 0.256250 0.295082
0 1.0 0.817187 0.236534 0.096875 0.234192
0 1.0 0.078125 0.225995 0.090625 0.274005
0 1.0 0.128125 0.231850 0.134375 0.088993
0 1.0 0.135156 0.225995 0.092188 0.180328
0 1.0 0.404687 0.243560 0.150000 0.173302
0 1.0 0.350781 0.241218 0.304688 0.126464
0 1.0 0.367188 0.244731 0.109375 0.100703
0 1.0 0.348438 0.243560 0.153125 0.163934
0 1.0 0.052344 0.236534 0.104688 0.149883
0 1.0 0.960156 0.245902 0.045312 0.135831
0 1.0 0.944531 0.183841 0.110937 0.110070
0 1.0 0.875000 0.214286 0.100000 0.245902
0 1.0 0.846094 0.186183 0.114062 0.096019
0 1.0 0.053906 0.040984 0.079687 0.072600
0 1.0 0.485156 0.736534 0.970313 0.470726
0 1.0 0.192188 0.062061 0.103125 0.124122
0 1.0 0.126562 0.104215 0.053125 0.142857
0 1.0 0.165625 0.032787 0.100000 0.065574
0 1.0 0.140625 0.099532 0.221875 0.199063
0 1.0 0.146875 0.063232 0.109375 0.126464
0 1.0 0.078125 0.112412 0.043750 0.117096
0 1.0 0.137500 0.031616 0.065625 0.058548
0 1.0 0.086719 0.223653 0.173437 0.203747
0 1.0 0.025000 0.259953 0.050000 0.201405
0 1.0 0.056250 0.230679 0.065625 0.077283
0 1.0 0.094531 0.064403 0.101562 0.128806
0 1.0 0.039062 0.106557 0.028125 0.081967
0 1.0 0.078906 0.033958 0.048438 0.049180
0 1.0 0.667188 0.240047 0.300000 0.128806
0 1.0 0.886719 0.235363 0.226562 0.128806
0 1.0 0.875781 0.298595 0.082812 0.199063
0 1.0 0.811719 0.240047 0.198437 0.114754
0 1.0 0.456250 0.244731 0.246875 0.274005
0 1.0 0.589844 0.249415 0.142187 0.119438
0 1.0 0.571094 0.255269 0.251563 0.285714
0 1.0 0.888281 0.286885 0.051562 0.105386
0 1.0 0.075781 0.252927 0.023438 0.051522
0 1.0 0.046094 0.283372 0.092188 0.070258
0 1.0 0.032813 0.262295 0.053125 0.098361
0 1.0 0.257812 0.256440 0.034375 0.058548
0 1.0 0.235156 0.242389 0.110937 0.259953
0 1.0 0.534375 0.251756 0.137500 0.110070
0 1.0 0.453125 0.298595 0.043750 0.110070
0 1.0 0.528125 0.261124 0.037500 0.058548
0 1.0 0.767188 0.289227 0.096875 0.147541
0 1.0 0.760156 0.259953 0.192188 0.182670
0 1.0 0.703906 0.282201 0.114062 0.274005
0 1.0 0.710938 0.271663 0.081250 0.154567
0 1.0 0.471875 0.261124 0.128125 0.147541
0 1.0 0.609375 0.279859 0.081250 0.147541
0 1.0 0.467969 0.254098 0.045312 0.067916
0 1.0 0.668750 0.271663 0.071875 0.187354
0 1.0 0.607812 0.289227 0.115625 0.250585
0 1.0 0.460938 0.467213 0.096875 0.180328
0 1.0 0.495312 0.474239 0.050000 0.114754
0 1.0 0.438281 0.456674 0.264062 0.121780
0 1.0 0.422656 0.473068 0.085938 0.126464
0 1.0 0.346875 0.526932 0.056250 0.098361
0 1.0 0.105469 0.463700 0.210938 0.126464
0 1.0 0.098437 0.459016 0.196875 0.290398
0 1.0 0.097656 0.478923 0.104688 0.119438
0 1.0 0.034375 0.571429 0.028125 0.074941
0 1.0 0.110156 0.462529 0.020313 0.039813
0 1.0 0.305469 0.543326 0.042188 0.093677
0 1.0 0.357031 0.471897 0.126562 0.072600
0 1.0 0.415625 0.441452 0.234375 0.269321
0 1.0 0.341406 0.468384 0.023438 0.042155
0 1.0 0.300000 0.467213 0.196875 0.105386
0 1.0 0.386719 0.492974 0.045312 0.067916
0 1.0 0.194531 0.522248 0.079687 0.098361
0 1.0 0.571875 0.441452 0.215625 0.199063
0 1.0 0.508594 0.464871 0.064062 0.189696
0 1.0 0.195312 0.556206 0.043750 0.081967
0 1.0 0.271094 0.467213 0.035937 0.044496
0 1.0 0.610938 0.446136 0.100000 0.096019
0 1.0 0.158594 0.497658 0.079687 0.096019
0 1.0 0.153125 0.460187 0.034375 0.053864
0 1.0 0.092188 0.551522 0.031250 0.058548
0 1.0 0.805469 0.409836 0.185938 0.220141
0 1.0 0.753125 0.395785 0.334375 0.135831
0 1.0 0.779687 0.449649 0.034375 0.103044
0 1.0 0.311719 0.514052 0.079687 0.114754
0 1.0 0.059375 0.464871 0.103125 0.081967
0 1.0 0.074219 0.480094 0.057813 0.079625
0 1.0 0.951562 0.487119 0.031250 0.117096
0 1.0 0.938281 0.468384 0.035937 0.103044
0 1.0 0.918750 0.411007 0.162500 0.166276
0 1.0 0.956250 0.429742 0.087500 0.138173
0 1.0 0.037500 0.538642 0.040625 0.070258
0 1.0 0.307031 0.453162 0.285938 0.264637
0 1.0 0.344531 0.495316 0.032813 0.053864
0 1.0 0.224219 0.549180 0.060937 0.119438
0 1.0 0.320312 0.463700 0.056250 0.060890
0 1.0 0.192188 0.460187 0.265625 0.269321
0 1.0 0.221094 0.504684 0.042188 0.067916
0 1.0 0.135937 0.556206 0.043750 0.081967
0 1.0 0.199219 0.464871 0.051562 0.063232
0 1.0 0.922656 0.454333 0.064062 0.154567
0 1.0 0.873437 0.483607 0.050000 0.189696
0 1.0 0.827344 0.463700 0.023438 0.051522
0 1.0 0.133594 0.573770 0.064062 0.135831
0 1.0 0.126562 0.525761 0.100000 0.081967
0 1.0 0.768750 0.454333 0.346875 0.140515
0 1.0 0.789844 0.484778 0.032813 0.121780
0 1.0 0.096094 0.529274 0.117188 0.145199
0 1.0 0.036719 0.599532 0.042188 0.126464
0 1.0 0.090625 0.521077 0.065625 0.058548
0 1.0 0.775781 0.487119 0.051562 0.196721
0 1.0 0.540625 0.456674 0.025000 0.051522
0 1.0 0.730469 0.496487 0.029687 0.107728
0 1.0 0.722656 0.459016 0.129688 0.201405
0 1.0 0.678906 0.448478 0.217188 0.119438
0 1.0 0.459375 0.483607 0.034375 0.091335
0 1.0 0.064844 0.536300 0.060937 0.088993
0 1.0 0.875781 0.461358 0.092188 0.088993
0 1.0 0.825000 0.502342 0.062500 0.231850
0 1.0 0.033594 0.470726 0.042188 0.117096
0 1.0 0.064062 0.396956 0.128125 0.091335
0 1.0 0.953125 0.475410 0.021875 0.056206
0 1.0 0.939063 0.350117 0.121875 0.105386
0 1.0 0.668750 0.409836 0.037500 0.103044
0 1.0 0.961719 0.384075 0.076563 0.112412
0 1.0 0.189844 0.459016 0.089063 0.112412
0 1.0 0.141406 0.480094 0.039062 0.065574
0 1.0 0.148438 0.401639 0.250000 0.152225
0 1.0 0.134375 0.487119 0.059375 0.112412
0 1.0 0.352344 0.407494 0.051562 0.126464
0 1.0 0.610938 0.340749 0.275000 0.138173
0 1.0 0.613281 0.409836 0.064062 0.149883
0 1.0 0.829688 0.344262 0.168750 0.117096
0 1.0 0.876563 0.422717 0.034375 0.081967
0 1.0 0.831250 0.409836 0.037500 0.103044
0 1.0 0.731250 0.416862 0.043750 0.103044
0 1.0 0.510938 0.384075 0.084375 0.215457
0 1.0 0.774219 0.401639 0.057813 0.133489
0 1.0 0.720313 0.425059 0.059375 0.152225
0 1.0 0.718750 0.339578 0.321875 0.149883
0 1.0 0.736719 0.464871 0.026562 0.077283
0 1.0 0.720313 0.409836 0.196875 0.229508
0 1.0 0.228125 0.474239 0.043750 0.081967
0 1.0 0.675000 0.462529 0.028125 0.086651
0 1.0 0.346094 0.462529 0.073438 0.138173
0 1.0 0.363281 0.395785 0.304688 0.135831
0 1.0 0.665625 0.456674 0.059375 0.159251
0 1.0 0.617188 0.394614 0.275000 0.133489
0 1.0 0.882812 0.475410 0.025000 0.084309
0 1.0 0.821875 0.415691 0.140625 0.128806
0 1.0 0.839844 0.460187 0.026562 0.086651
0 1.0 0.121875 0.395785 0.146875 0.103044
0 1.0 0.303125 0.470726 0.065625 0.135831
0 1.0 0.335938 0.399297 0.175000 0.100703
0 1.0 0.318750 0.419204 0.090625 0.117096
0 1.0 0.223438 0.477752 0.071875 0.140515
0 1.0 0.259375 0.399297 0.287500 0.156909
0 1.0 0.496094 0.395785 0.148438 0.121780
0 1.0 0.196094 0.663934 0.314063 0.466042
0 1.0 0.642188 0.571429 0.390625 0.529274
0 1.0 0.522656 0.629977 0.529687 0.243560
0 1.0 0.795312 0.638173 0.409375 0.227166
0 1.0 0.745313 0.574941 0.212500 0.456674
0 1.0 0.271875 0.135831 0.225000 0.271663
0 1.0 0.522656 0.548009 0.654687 0.215457
0 1.0 0.357031 0.578454 0.382812 0.412178
0 1.0 0.228906 0.634660 0.457813 0.238876
0 1.0 0.070312 0.122951 0.140625 0.241218
0 1.0 0.638281 0.757611 0.548438 0.231850
0 1.0 0.138281 0.163934 0.064062 0.201405
0 1.0 0.219531 0.761124 0.439063 0.248244
0 1.0 0.432812 0.758782 0.518750 0.257611
0 1.0 0.964844 0.127635 0.045312 0.128806
0 1.0 0.950781 0.077283 0.098437 0.103044
0 1.0 0.929688 0.104215 0.140625 0.208431
0 1.0 0.869531 0.121780 0.107813 0.243560
0 1.0 0.858594 0.080796 0.123438 0.096019
0 1.0 0.031250 0.161593 0.062500 0.149883
0 1.0 0.189844 0.170960 0.073438 0.192037
0 1.0 0.185938 0.148712 0.131250 0.245902
0 1.0 0.085156 0.155738 0.070312 0.208431
0 1.0 0.121875 0.129977 0.140625 0.114754
0 1.0 0.078906 0.128806 0.092188 0.093677
0 1.0 0.475781 0.367681 0.526563 0.262295
0 1.0 0.563281 0.181499 0.082812 0.152225
0 1.0 0.575000 0.131148 0.190625 0.149883
0 1.0 0.501563 0.195550 0.065625 0.166276
0 1.0 0.504687 0.131148 0.228125 0.168618
0 1.0 0.449219 0.201405 0.051562 0.126464
0 1.0 0.493750 0.129977 0.100000 0.086651
0 1.0 0.446094 0.170960 0.114062 0.173302
0 1.0 0.266406 0.355972 0.498437 0.262295
0 1.0 0.146875 0.380562 0.203125 0.569087
0 1.0 0.448437 0.137002 0.221875 0.269321
0 1.0 0.839063 0.406323 0.200000 0.466042
0 1.0 0.679688 0.370023 0.465625 0.243560
0 1.0 0.257031 0.484778 0.426563 0.412178
0 1.0 0.246875 0.422717 0.203125 0.569087
0 1.0 0.649219 0.263466 0.510938 0.227166
0 1.0 0.710156 0.151054 0.260937 0.302108
0 1.0 0.662500 0.200234 0.087500 0.274005
0 1.0 0.666406 0.126464 0.279687 0.131148
0 1.0 0.657031 0.142857 0.160938 0.206089
0 1.0 0.612500 0.189696 0.090625 0.234192
0 1.0 0.609375 0.156909 0.225000 0.295082
0 1.0 0.232031 0.142857 0.048438 0.084309
0 1.0 0.121094 0.566745 0.242188 0.435597
0 1.0 0.783594 0.470726 0.370312 0.360656
0 1.0 0.566406 0.442623 0.554688 0.262295
0 1.0 0.392969 0.165105 0.082812 0.227166
0 1.0 0.259375 0.553864 0.518750 0.199063
0 1.0 0.512500 0.548009 0.343750 0.449649
0 1.0 0.291406 0.165105 0.060937 0.194379
0 1.0 0.412500 0.128806 0.284375 0.135831
0 1.0 0.442188 0.135831 0.078125 0.107728
0 1.0 0.339062 0.170960 0.068750 0.201405
0 1.0 0.341406 0.128806 0.145313 0.107728
0 1.0 0.331250 0.133489 0.218750 0.168618
0 1.0 0.325781 0.449649 0.651563 0.196721
0 1.0 0.880469 0.050351 0.060937 0.096019
0 1.0 0.865625 0.043326 0.153125 0.086651
0 1.0 0.869531 0.083138 0.229687 0.166276
0 1.0 0.819531 0.074941 0.076563 0.149883
0 1.0 0.345313 0.846604 0.471875 0.203747
0 1.0 0.768750 0.077283 0.075000 0.154567
0 1.0 0.778125 0.035129 0.206250 0.070258
0 1.0 0.821094 0.058548 0.160938 0.117096
0 1.0 0.500000 0.203747 1.000000 0.407494
0 1.0 0.764844 0.086651 0.232813 0.173302
0 1.0 0.712500 0.078454 0.075000 0.156909
0 1.0 0.683594 0.365340 0.351562 0.557377
0 1.0 0.471875 0.055035 0.100000 0.110070
0 1.0 0.421875 0.032787 0.221875 0.065574
0 1.0 0.400000 0.071429 0.106250 0.142857
0 1.0 0.439844 0.035129 0.092188 0.070258
0 1.0 0.342187 0.080796 0.062500 0.161593
0 1.0 0.297656 0.042155 0.142187 0.084309
0 1.0 0.289062 0.106557 0.087500 0.213115
0 1.0 0.509375 0.029274 0.050000 0.049180
0 1.0 0.313281 0.029274 0.042188 0.053864
0 1.0 0.046875 0.092506 0.034375 0.077283
0 1.0 0.250781 0.035129 0.145313 0.070258
0 1.0 0.239063 0.100703 0.090625 0.201405
0 1.0 0.163281 0.050351 0.220312 0.100703
0 1.0 0.508594 0.033958 0.192188 0.067916
0 1.0 0.505469 0.069087 0.073438 0.124122
0 1.0 0.450000 0.078454 0.037500 0.077283
0 1.0 0.718750 0.057377 0.159375 0.114754
0 1.0 0.664062 0.091335 0.062500 0.159251
0 1.0 0.660156 0.036300 0.220312 0.072600
0 1.0 0.604688 0.074941 0.065625 0.149883
0 1.0 0.638281 0.882904 0.723437 0.234192
0 1.0 0.611719 0.058548 0.145313 0.117096
0 1.0 0.551562 0.081967 0.059375 0.140515
0 1.0 0.577344 0.032787 0.135937 0.065574
0 1.0 0.821875 0.851288 0.356250 0.203747
0 1.0 0.514844 0.078454 0.260937 0.124122
0 1.0 0.706250 0.138173 0.103125 0.276347
0 1.0 0.484375 0.081967 0.143750 0.098361
0 1.0 0.271875 0.916862 0.543750 0.166276
0 1.0 0.412500 0.074941 0.284375 0.126464
0 1.0 0.767188 0.131148 0.106250 0.262295
0 1.0 0.177344 0.847775 0.354687 0.196721
0 1.0 0.669531 0.079625 0.242188 0.117096
0 1.0 0.818750 0.133489 0.096875 0.234192
0 1.0 0.645312 0.124122 0.709375 0.248244
0 1.0 0.361719 0.124122 0.723437 0.248244
0 1.0 0.964844 0.065574 0.035937 0.084309
0 1.0 0.943750 0.045667 0.112500 0.091335
0 1.0 0.832812 0.922717 0.334375 0.154567
0 1.0 0.040625 0.128806 0.050000 0.117096
0 1.0 0.366406 0.074941 0.139063 0.098361
0 1.0 0.245312 0.084309 0.050000 0.079625
0 1.0 0.891406 0.900468 0.032813 0.072600
0 1.0 0.878125 0.884075 0.043750 0.063232
0 1.0 0.872656 0.874707 0.182812 0.175644
0 1.0 0.827344 0.845433 0.042188 0.098361
0 1.0 0.842969 0.872365 0.026562 0.067916
0 1.0 0.632031 0.127635 0.148438 0.105386
0 1.0 0.772656 0.864169 0.045312 0.103044
0 1.0 0.768750 0.871194 0.293750 0.121780
0 1.0 0.785156 0.885246 0.029687 0.065574
0 1.0 0.500781 0.866511 0.185938 0.163934
0 1.0 0.456250 0.823185 0.034375 0.077283
0 1.0 0.721875 0.838407 0.046875 0.093677
0 1.0 0.732812 0.861827 0.028125 0.056206
0 1.0 0.040625 0.882904 0.081250 0.224824
0 1.0 0.962500 0.867681 0.025000 0.053864
0 1.0 0.928906 0.870023 0.142187 0.105386
0 1.0 0.957812 0.887588 0.037500 0.074941
0 1.0 0.586719 0.870023 0.160938 0.119438
0 1.0 0.924219 0.862998 0.151562 0.245902
0 1.0 0.921875 0.857143 0.062500 0.135831
0 1.0 0.614844 0.844262 0.045312 0.081967
0 1.0 0.505469 0.866511 0.057813 0.135831
0 1.0 0.529687 0.873536 0.131250 0.107728
0 1.0 0.177344 0.862998 0.135937 0.189696
0 1.0 0.456250 0.839578 0.081250 0.133489
0 1.0 0.394531 0.873536 0.076563 0.145199
0 1.0 0.409375 0.879391 0.293750 0.142857
0 1.0 0.392969 0.872365 0.139063 0.185012
0 1.0 0.452344 0.887588 0.042188 0.079625
0 1.0 0.342187 0.886417 0.059375 0.110070
0 1.0 0.504687 0.882904 0.043750 0.070258
0 1.0 0.710156 0.843091 0.270313 0.234192
0 1.0 0.661719 0.838407 0.039062 0.074941
0 1.0 0.667188 0.862998 0.031250 0.053864
0 1.0 0.653906 0.871194 0.167187 0.145199
0 1.0 0.588281 0.843091 0.242188 0.206089
0 1.0 0.545312 0.839578 0.046875 0.081967
0 1.0 0.570312 0.871194 0.084375 0.093677
0 1.0 0.544531 0.898126 0.117188 0.203747
0 1.0 0.551562 0.908665 0.315625 0.107728
0 1.0 0.089063 0.892272 0.178125 0.192037
0 1.0 0.448437 0.901639 0.100000 0.177986
0 1.0 0.436719 0.915691 0.217188 0.107728
0 1.0 0.721875 0.912178 0.075000 0.147541
0 1.0 0.720313 0.909836 0.278125 0.133489
0 1.0 0.335156 0.919204 0.279687 0.133489
0 1.0 0.659375 0.914520 0.075000 0.147541
0 1.0 0.654687 0.895785 0.275000 0.208431
0 1.0 0.607031 0.887588 0.117188 0.224824
0 1.0 0.289844 0.914520 0.092188 0.170960
0 1.0 0.826562 0.874707 0.103125 0.081967
0 1.0 0.344531 0.905152 0.126562 0.189696
0 1.0 0.239844 0.901639 0.107813 0.196721
0 1.0 0.465625 0.814988 0.293750 0.140515
0 1.0 0.505469 0.822014 0.051562 0.084309
0 1.0 0.126562 0.829040 0.109375 0.126464
0 1.0 0.470313 0.829040 0.040625 0.088993
0 1.0 0.404687 0.829040 0.093750 0.112412
0 1.0 0.550000 0.824356 0.153125 0.135831
0 1.0 0.064062 0.820843 0.100000 0.264637
0 1.0 0.071094 0.820843 0.039062 0.077283
0 1.0 0.946094 0.762295 0.107813 0.100703
0 1.0 0.060937 0.813817 0.121875 0.096019
0 1.0 0.342187 0.831382 0.040625 0.070258
0 1.0 0.276562 0.825527 0.084375 0.100703
0 1.0 0.907031 0.770492 0.117188 0.121780
0 1.0 0.070312 0.843091 0.062500 0.140515
0 1.0 0.753125 0.814988 0.315625 0.126464
0 1.0 0.767188 0.814988 0.106250 0.252927
0 1.0 0.297656 0.908665 0.048438 0.117096
0 1.0 0.367969 0.893443 0.045312 0.063232
0 1.0 0.184375 0.851288 0.068750 0.128806
0 1.0 0.902344 0.823185 0.148438 0.133489
0 1.0 0.825000 0.804450 0.081250 0.217799
0 1.0 0.719531 0.796253 0.120313 0.290398
0 1.0 0.654687 0.806792 0.096875 0.199063
0 1.0 0.962500 0.852459 0.053125 0.163934
0 1.0 0.872656 0.824356 0.117188 0.304450
0 1.0 0.785937 0.820843 0.140625 0.096019
0 1.0 0.844531 0.831382 0.042188 0.065574
0 1.0 0.378906 0.194379 0.107813 0.098361
0 1.0 0.310156 0.194379 0.245312 0.135831
0 1.0 0.321094 0.209602 0.026562 0.063232
0 1.0 0.511719 0.208431 0.139063 0.159251
0 1.0 0.452344 0.251756 0.051562 0.114754
0 1.0 0.528125 0.203747 0.056250 0.070258
0 1.0 0.060937 0.188525 0.059375 0.072600
0 1.0 0.164062 0.145199 0.328125 0.210773
0 1.0 0.201563 0.192037 0.025000 0.060890
0 1.0 0.504687 0.270492 0.053125 0.124122
0 1.0 0.708594 0.197892 0.164062 0.199063
0 1.0 0.970313 0.964871 0.050000 0.070258
0 1.0 0.948438 0.961358 0.103125 0.077283
0 1.0 0.496875 0.220141 0.034375 0.065574
0 1.0 0.412500 0.190867 0.293750 0.138173
0 1.0 0.555469 0.261124 0.064062 0.142857
0 1.0 0.596094 0.189696 0.232813 0.126464
0 1.0 0.827344 0.125293 0.232813 0.124122
0 1.0 0.359375 0.254098 0.621875 0.199063
0 1.0 0.812500 0.271663 0.375000 0.426230
0 1.0 0.118750 0.183841 0.171875 0.110070
0 1.0 0.022656 0.197892 0.045312 0.142857
0 1.0 0.846094 0.125293 0.089063 0.086651
0 1.0 0.963281 0.180328 0.048438 0.149883
0 1.0 0.953906 0.126464 0.092188 0.103044
0 1.0 0.315625 0.948478 0.106250 0.103044
0 1.0 0.241406 0.946136 0.079687 0.107728
0 1.0 0.320312 0.957845 0.050000 0.056206
0 1.0 0.184375 0.933255 0.096875 0.133489
0 1.0 0.188281 0.914520 0.232813 0.170960
0 1.0 0.855469 0.914520 0.123438 0.091335
0 1.0 0.880469 0.915691 0.082812 0.168618
0 1.0 0.135937 0.925059 0.103125 0.149883
0 1.0 0.206250 0.960187 0.068750 0.060890
0 1.0 0.392969 0.926230 0.104688 0.147541
0 1.0 0.431250 0.953162 0.125000 0.084309
0 1.0 0.385156 0.953162 0.039062 0.056206
0 1.0 0.061719 0.962529 0.060937 0.065574
0 1.0 0.819531 0.894614 0.107813 0.210773
0 1.0 0.766406 0.900468 0.098437 0.199063
0 1.0 0.071094 0.915691 0.095312 0.168618
0 1.0 0.171875 0.964871 0.062500 0.056206
0 1.0 0.906250 0.919204 0.187500 0.110070
0 1.0 0.720313 0.953162 0.200000 0.093677
0 1.0 0.921094 0.937939 0.076563 0.124122
0 1.0 0.506250 0.959016 0.037500 0.049180
0 1.0 0.846094 0.959016 0.026562 0.039813
0 1.0 0.611719 0.946136 0.135937 0.107728
0 1.0 0.579688 0.959016 0.062500 0.058548
0 1.0 0.820312 0.941452 0.078125 0.117096
0 1.0 0.849219 0.960187 0.085938 0.060890
0 1.0 0.767188 0.193208 0.150000 0.189696
0 1.0 0.753125 0.964871 0.081250 0.056206
0 1.0 0.626563 0.961358 0.075000 0.063232
0 1.0 0.357812 0.957845 0.071875 0.065574
0 1.0 0.501563 0.932084 0.081250 0.135831
0 1.0 0.549219 0.959016 0.073438 0.063232
0 1.0 0.514844 0.946136 0.235937 0.107728
0 1.0 0.820312 0.948478 0.193750 0.103044
0 1.0 0.765625 0.946136 0.071875 0.107728
0 1.0 0.796875 0.961358 0.062500 0.053864
0 1.0 0.697656 0.964871 0.064062 0.056206
0 1.0 0.807031 0.518735 0.345313 0.864169
0 1.0 0.450781 0.797424 0.210938 0.405152
0 1.0 0.542969 0.798595 0.254688 0.402810
0 1.0 0.363281 0.329040 0.676562 0.508197
0 1.0 0.339844 0.702576 0.295312 0.444965
0 1.0 0.249219 0.839578 0.210938 0.320843
0 1.0 0.142187 0.832553 0.218750 0.334895
0 1.0 0.347656 0.847775 0.207813 0.304450
0 1.0 0.557031 0.195550 0.410938 0.391101
0 1.0 0.273438 0.617096 0.528125 0.765808
0 1.0 0.346875 0.188525 0.253125 0.377049
0 1.0 0.182812 0.252927 0.365625 0.435597
0 1.0 0.510938 0.530445 0.734375 0.939110
0 1.0 0.764062 0.757611 0.471875 0.484778
0 1.0 0.878125 0.655738 0.243750 0.688525