0 1.0 0.500000 0.510417 1.000000 0.866667
0 1.0 0.284375 0.450000 0.371875 0.800000
0 1.0 0.194531 0.638542 0.085938 0.293750
0 1.0 0.214844 0.600000 0.229687 0.104167
0 1.0 0.103906 0.618750 0.207813 0.295833
0 1.0 0.226562 0.604167 0.084375 0.091667
0 1.0 0.204687 0.625000 0.190625 0.325000
0 1.0 0.145313 0.641667 0.075000 0.270833
0 1.0 0.142187 0.609375 0.056250 0.077083
0 1.0 0.071875 0.632292 0.106250 0.247917
0 1.0 0.118750 0.604167 0.228125 0.100000
0 1.0 0.178906 0.608333 0.079687 0.091667
0 1.0 0.385156 0.602083 0.185938 0.270833
0 1.0 0.308594 0.604167 0.145313 0.125000
0 1.0 0.269531 0.613542 0.098437 0.310417
0 1.0 0.250000 0.608333 0.053125 0.083333
0 1.0 0.279687 0.622917 0.225000 0.366667
0 1.0 0.885938 0.546875 0.081250 0.114583
0 1.0 0.856250 0.535417 0.221875 0.300000
0 1.0 0.817969 0.548958 0.232813 0.127083
0 1.0 0.832812 0.520833 0.084375 0.179167
0 1.0 0.042969 0.612500 0.035937 0.054167
0 1.0 0.767188 0.529167 0.100000 0.216667
0 1.0 0.754687 0.537500 0.290625 0.291667
0 1.0 0.710938 0.557292 0.125000 0.310417
0 1.0 0.716406 0.543750 0.317188 0.145833
0 1.0 0.023438 0.644792 0.046875 0.202083
0 1.0 0.045312 0.606250 0.090625 0.075000
0 1.0 0.046875 0.613542 0.093750 0.160417
0 1.0 0.963281 0.583333 0.042188 0.145833
0 1.0 0.941406 0.550000 0.117188 0.112500
0 1.0 0.928125 0.546875 0.143750 0.260417
0 1.0 0.871875 0.607292 0.121875 0.385417
0 1.0 0.820312 0.603125 0.065625 0.068750
0 1.0 0.875781 0.607292 0.029687 0.056250
0 1.0 0.825000 0.604167 0.128125 0.400000
0 1.0 0.446875 0.611458 0.137500 0.193750
0 1.0 0.832031 0.598958 0.089063 0.235417
0 1.0 0.848437 0.602083 0.118750 0.116667
0 1.0 0.760156 0.595833 0.129688 0.379167
0 1.0 0.759375 0.595833 0.306250 0.129167
0 1.0 0.782813 0.595833 0.131250 0.120833
0 1.0 0.139063 0.657292 0.068750 0.102083
0 1.0 0.050781 0.660417 0.042188 0.070833
0 1.0 0.942187 0.603125 0.115625 0.106250
0 1.0 0.956250 0.614583 0.068750 0.179167
0 1.0 0.588281 0.600000 0.057813 0.083333
0 1.0 0.560937 0.594792 0.221875 0.310417
0 1.0 0.499219 0.619792 0.082812 0.293750
0 1.0 0.511719 0.596875 0.157812 0.093750
0 1.0 0.542188 0.598958 0.056250 0.081250
0 1.0 0.502344 0.605208 0.176563 0.231250
0 1.0 0.459375 0.603125 0.131250 0.089583
0 1.0 0.489844 0.605208 0.045312 0.072917
0 1.0 0.382031 0.602083 0.198437 0.100000
0 1.0 0.417187 0.607292 0.071875 0.089583
0 1.0 0.442969 0.626042 0.064062 0.252083
0 1.0 0.717969 0.593750 0.132812 0.133333
0 1.0 0.653906 0.588542 0.129688 0.327083
0 1.0 0.557031 0.604167 0.092188 0.258333
0 1.0 0.607812 0.596875 0.168750 0.097917
0 1.0 0.610938 0.581250 0.100000 0.254167
0 1.0 0.678125 0.596875 0.103125 0.118750
0 1.0 0.813281 0.452083 0.229687 0.308333
0 1.0 0.669531 0.502083 0.289062 0.129167
0 1.0 0.929688 0.501042 0.140625 0.110417
0 1.0 0.871875 0.502083 0.090625 0.250000
0 1.0 0.864844 0.502083 0.057813 0.083333
0 1.0 0.812500 0.503125 0.284375 0.139583
0 1.0 0.465625 0.505208 0.137500 0.097917
0 1.0 0.446875 0.504167 0.090625 0.262500
0 1.0 0.435156 0.480208 0.229687 0.356250
0 1.0 0.390625 0.503125 0.212500 0.102083
0 1.0 0.676562 0.487500 0.246875 0.325000
0 1.0 0.340625 0.498958 0.115625 0.385417
0 1.0 0.294531 0.497917 0.232813 0.120833
0 1.0 0.279687 0.511458 0.087500 0.289583
0 1.0 0.614062 0.506250 0.146875 0.225000
0 1.0 0.564063 0.489583 0.081250 0.300000
0 1.0 0.592969 0.498958 0.132812 0.097917
0 1.0 0.564063 0.484375 0.206250 0.302083
0 1.0 0.499219 0.508333 0.073438 0.287500
0 1.0 0.539844 0.500000 0.154688 0.104167
0 1.0 0.536719 0.553125 0.160938 0.106250
0 1.0 0.474219 0.557292 0.123438 0.097917
0 1.0 0.390625 0.554167 0.237500 0.112500
0 1.0 0.125000 0.654167 0.221875 0.116667
0 1.0 0.635938 0.547917 0.184375 0.112500
0 1.0 0.580469 0.551042 0.170313 0.160417
0 1.0 0.200781 0.571875 0.129688 0.189583
0 1.0 0.153125 0.553125 0.209375 0.118750
0 1.0 0.085156 0.564583 0.145313 0.183333
0 1.0 0.050000 0.553125 0.100000 0.085417
0 1.0 0.321094 0.553125 0.232813 0.164583
0 1.0 0.271094 0.557292 0.123438 0.131250
0 1.0 0.074219 0.770833 0.148438 0.275000
0 1.0 0.052344 0.782292 0.104688 0.168750
0 1.0 0.962500 0.737500 0.071875 0.316667
0 1.0 0.930469 0.710417 0.139063 0.116667
0 1.0 0.921094 0.716667 0.157812 0.308333
0 1.0 0.758594 0.717708 0.132812 0.093750
0 1.0 0.827344 0.731250 0.039062 0.066667
0 1.0 0.194531 0.741667 0.135937 0.241667
0 1.0 0.127344 0.753125 0.135937 0.268750
0 1.0 0.155469 0.765625 0.304688 0.160417
0 1.0 0.064062 0.773958 0.040625 0.068750
0 1.0 0.139063 0.770833 0.078125 0.120833
0 1.0 0.027344 0.812500 0.054688 0.175000
0 1.0 0.660937 0.704167 0.109375 0.237500
0 1.0 0.708594 0.715625 0.101562 0.114583
0 1.0 0.669531 0.709375 0.251563 0.306250
0 1.0 0.606250 0.697917 0.121875 0.379167
0 1.0 0.629687 0.709375 0.165625 0.106250
0 1.0 0.551562 0.718750 0.109375 0.341667
0 1.0 0.526563 0.709375 0.225000 0.122917
0 1.0 0.556250 0.714583 0.087500 0.112500
0 1.0 0.503125 0.721875 0.112500 0.352083
0 1.0 0.790625 0.712500 0.300000 0.141667
0 1.0 0.834375 0.725000 0.109375 0.237500
0 1.0 0.814844 0.716667 0.270313 0.300000
0 1.0 0.776563 0.727083 0.103125 0.220833
0 1.0 0.716406 0.713542 0.167187 0.206250
0 1.0 0.750781 0.771875 0.160938 0.139583
0 1.0 0.617188 0.763542 0.275000 0.131250
0 1.0 0.637500 0.767708 0.103125 0.122917
0 1.0 0.875000 0.745833 0.131250 0.283333
0 1.0 0.834375 0.786458 0.046875 0.081250
0 1.0 0.344531 0.737500 0.154688 0.279167
0 1.0 0.319531 0.765625 0.282813 0.160417
0 1.0 0.285156 0.745833 0.123438 0.245833
0 1.0 0.553906 0.767708 0.101562 0.127083
0 1.0 0.255469 0.770833 0.120313 0.137500
0 1.0 0.542188 0.773958 0.246875 0.318750
0 1.0 0.492969 0.762500 0.332813 0.145833
0 1.0 0.443750 0.756250 0.112500 0.316667
0 1.0 0.461719 0.771875 0.132812 0.143750
0 1.0 0.425781 0.766667 0.270313 0.312500
0 1.0 0.632812 0.661458 0.100000 0.118750
0 1.0 0.539062 0.658333 0.165625 0.108333
0 1.0 0.564844 0.661458 0.073438 0.106250
0 1.0 0.486719 0.672917 0.251563 0.329167
0 1.0 0.767969 0.657292 0.289062 0.131250
0 1.0 0.714844 0.656250 0.079687 0.212500
0 1.0 0.690625 0.661458 0.115625 0.131250
0 1.0 0.220312 0.655208 0.275000 0.135417
0 1.0 0.482031 0.660417 0.073438 0.108333
0 1.0 0.176563 0.658333 0.100000 0.125000
0 1.0 0.224219 0.656250 0.117188 0.129167
0 1.0 0.387500 0.655208 0.246875 0.127083
0 1.0 0.411719 0.661458 0.101562 0.131250
0 1.0 0.313281 0.662500 0.226562 0.175000
0 1.0 0.207813 0.711458 0.278125 0.160417
0 1.0 0.239844 0.716667 0.104688 0.137500
0 1.0 0.446875 0.710417 0.190625 0.116667
0 1.0 0.396875 0.713542 0.134375 0.156250
0 1.0 0.945312 0.658333 0.109375 0.175000
0 1.0 0.884375 0.657292 0.231250 0.127083
0 1.0 0.846875 0.665625 0.050000 0.072917
0 1.0 0.796094 0.657292 0.085938 0.077083
0 1.0 0.176563 0.715625 0.103125 0.135417
0 1.0 0.121875 0.707292 0.215625 0.127083
0 1.0 0.144531 0.714583 0.060937 0.108333
0 1.0 0.056250 0.709375 0.112500 0.093750
0 1.0 0.050781 0.716667 0.042188 0.070833
0 1.0 0.650781 0.281250 0.182812 0.166667
0 1.0 0.557031 0.297917 0.089063 0.312500
0 1.0 0.595313 0.287500 0.106250 0.100000
0 1.0 0.560937 0.283333 0.062500 0.179167
0 1.0 0.578125 0.291667 0.246875 0.312500
0 1.0 0.492188 0.301042 0.087500 0.322917
0 1.0 0.539844 0.291667 0.132812 0.104167
0 1.0 0.511719 0.290625 0.104688 0.177083
0 1.0 0.437500 0.279167 0.084375 0.329167
0 1.0 0.496875 0.297917 0.056250 0.075000
0 1.0 0.740625 0.286458 0.278125 0.172917
0 1.0 0.750781 0.301042 0.132812 0.197917
0 1.0 0.624219 0.272917 0.067187 0.154167
0 1.0 0.242188 0.288542 0.125000 0.322917
0 1.0 0.267188 0.289583 0.156250 0.112500
0 1.0 0.250000 0.293750 0.068750 0.179167
0 1.0 0.181250 0.282292 0.115625 0.360417
0 1.0 0.467187 0.294792 0.121875 0.139583
0 1.0 0.208594 0.291667 0.070312 0.141667
0 1.0 0.134375 0.276042 0.103125 0.360417
0 1.0 0.139844 0.290625 0.126562 0.093750
0 1.0 0.139063 0.272917 0.068750 0.195833
0 1.0 0.128125 0.292708 0.187500 0.143750
0 1.0 0.147656 0.264583 0.242188 0.341667
0 1.0 0.068750 0.257292 0.081250 0.310417
0 1.0 0.196094 0.296875 0.235937 0.172917
0 1.0 0.428125 0.275000 0.209375 0.354167
0 1.0 0.460938 0.292708 0.050000 0.122917
0 1.0 0.406250 0.290625 0.278125 0.131250
0 1.0 0.411719 0.289583 0.120313 0.141667
0 1.0 0.339844 0.281250 0.101562 0.300000
0 1.0 0.315625 0.288542 0.059375 0.143750
0 1.0 0.341406 0.284375 0.235937 0.197917
0 1.0 0.362500 0.277083 0.106250 0.200000
0 1.0 0.298438 0.288542 0.093750 0.285417
0 1.0 0.378125 0.289583 0.100000 0.100000
0 1.0 0.298438 0.345833 0.250000 0.145833
0 1.0 0.286719 0.329167 0.229687 0.362500
0 1.0 0.247656 0.361458 0.082812 0.193750
0 1.0 0.214844 0.344792 0.173437 0.118750
0 1.0 0.203125 0.344792 0.093750 0.168750
0 1.0 0.131250 0.362500 0.071875 0.245833
0 1.0 0.438281 0.307292 0.051562 0.197917
0 1.0 0.471094 0.345833 0.151562 0.112500
0 1.0 0.399219 0.344792 0.198437 0.164583
0 1.0 0.963281 0.297917 0.073438 0.120833
0 1.0 0.915625 0.294792 0.115625 0.360417
0 1.0 0.867188 0.293750 0.265625 0.125000
0 1.0 0.867188 0.326042 0.100000 0.252083
0 1.0 0.785937 0.292708 0.131250 0.102083
0 1.0 0.836719 0.300000 0.279687 0.308333
0 1.0 0.807031 0.341667 0.132812 0.250000
0 1.0 0.806250 0.339583 0.068750 0.125000
0 1.0 0.870313 0.309375 0.043750 0.097917
0 1.0 0.141406 0.348958 0.182812 0.160417
0 1.0 0.071875 0.354167 0.071875 0.254167
0 1.0 0.096875 0.336458 0.193750 0.302083
0 1.0 0.053125 0.342708 0.106250 0.089583
0 1.0 0.028906 0.354167 0.057813 0.179167
0 1.0 0.963281 0.335417 0.035937 0.112500
0 1.0 0.185938 0.236458 0.284375 0.135417
0 1.0 0.096094 0.233333 0.170313 0.145833
0 1.0 0.031250 0.230208 0.062500 0.322917
0 1.0 0.303906 0.238542 0.060937 0.106250
0 1.0 0.245312 0.228125 0.243750 0.335417
0 1.0 0.107031 0.070833 0.214062 0.141667
0 1.0 0.092969 0.051042 0.110937 0.097917
0 1.0 0.026562 0.056250 0.037500 0.075000
0 1.0 0.075781 0.026042 0.064062 0.052083
0 1.0 0.050781 0.036458 0.101562 0.072917
0 1.0 0.228906 0.076042 0.295312 0.152083
0 1.0 0.745313 0.500000 0.462500 1.000000
0 1.0 0.036719 0.234375 0.073438 0.102083
0 1.0 0.965625 0.213542 0.062500 0.197917
0 1.0 0.935937 0.179167 0.128125 0.116667
0 1.0 0.925000 0.187500 0.150000 0.275000
0 1.0 0.880469 0.176042 0.239063 0.139583
0 1.0 0.182031 0.059375 0.060937 0.106250
0 1.0 0.145313 0.051042 0.121875 0.102083
0 1.0 0.078906 0.065625 0.054688 0.102083
0 1.0 0.125000 0.029167 0.106250 0.058333
0 1.0 0.879687 0.235417 0.140625 0.345833
0 1.0 0.792188 0.233333 0.225000 0.129167
0 1.0 0.421875 0.235417 0.087500 0.141667
0 1.0 0.070312 0.255208 0.053125 0.168750
0 1.0 0.045312 0.290625 0.090625 0.077083
0 1.0 0.934375 0.233333 0.131250 0.112500
0 1.0 0.589844 0.243750 0.139063 0.137500
0 1.0 0.527344 0.236458 0.201563 0.122917
0 1.0 0.496875 0.231250 0.250000 0.329167
0 1.0 0.475000 0.243750 0.062500 0.112500
0 1.0 0.403125 0.230208 0.284375 0.152083
0 1.0 0.697656 0.234375 0.273438 0.152083
0 1.0 0.607812 0.247917 0.115625 0.275000
0 1.0 0.381250 0.448958 0.178125 0.093750
0 1.0 0.392188 0.434375 0.146875 0.239583
0 1.0 0.318750 0.446875 0.046875 0.064583
0 1.0 0.289844 0.441667 0.207813 0.145833
0 1.0 0.360938 0.444792 0.100000 0.168750
0 1.0 0.276562 0.450000 0.112500 0.087500
0 1.0 0.293750 0.447917 0.078125 0.154167
0 1.0 0.239844 0.486458 0.120313 0.322917
0 1.0 0.348438 0.432292 0.234375 0.381250
0 1.0 0.604688 0.446875 0.075000 0.072917
0 1.0 0.575000 0.446875 0.181250 0.139583
0 1.0 0.549219 0.448958 0.089063 0.077083
0 1.0 0.508594 0.429167 0.217188 0.329167
0 1.0 0.522656 0.447917 0.095312 0.162500
0 1.0 0.446875 0.437500 0.059375 0.245833
0 1.0 0.481250 0.454167 0.037500 0.054167
0 1.0 0.451562 0.452083 0.131250 0.112500
0 1.0 0.461719 0.455208 0.060937 0.127083
0 1.0 0.083594 0.458333 0.110937 0.150000
0 1.0 0.024219 0.498958 0.035937 0.135417
0 1.0 0.044531 0.448958 0.048438 0.052083
0 1.0 0.035937 0.450000 0.071875 0.091667
0 1.0 0.064062 0.453125 0.128125 0.260417
0 1.0 0.962500 0.471875 0.040625 0.131250
0 1.0 0.939063 0.397917 0.121875 0.108333
0 1.0 0.921094 0.405208 0.157812 0.289583
0 1.0 0.877344 0.393750 0.245312 0.129167
0 1.0 0.189844 0.487500 0.073438 0.250000
0 1.0 0.252344 0.452083 0.060937 0.066667
0 1.0 0.208594 0.450000 0.179688 0.133333
0 1.0 0.202344 0.438542 0.217188 0.347917
0 1.0 0.217969 0.465625 0.057813 0.114583
0 1.0 0.183594 0.451042 0.079687 0.068750
0 1.0 0.141406 0.482292 0.070312 0.193750
0 1.0 0.071875 0.496875 0.059375 0.197917
0 1.0 0.125000 0.448958 0.087500 0.068750
0 1.0 0.112500 0.501042 0.175000 0.097917
0 1.0 0.023438 0.548958 0.040625 0.152083
0 1.0 0.046875 0.502083 0.093750 0.075000
0 1.0 0.621094 0.419792 0.210938 0.347917
0 1.0 0.959375 0.450000 0.081250 0.079167
0 1.0 0.260156 0.502083 0.082812 0.100000
0 1.0 0.137500 0.501042 0.234375 0.302083
0 1.0 0.782813 0.444792 0.240625 0.156250
0 1.0 0.711719 0.415625 0.139063 0.393750
0 1.0 0.719531 0.417708 0.095312 0.231250
0 1.0 0.728906 0.390625 0.285938 0.381250
0 1.0 0.694531 0.447917 0.139063 0.087500
0 1.0 0.678125 0.451042 0.240625 0.143750
0 1.0 0.638281 0.444792 0.126562 0.085417
0 1.0 0.609375 0.448958 0.075000 0.247917
0 1.0 0.890625 0.452083 0.218750 0.133333
0 1.0 0.833594 0.451042 0.023438 0.047917
0 1.0 0.778906 0.416667 0.117188 0.258333
0 1.0 0.046094 0.403125 0.092188 0.156250
0 1.0 0.964844 0.393750 0.026562 0.075000
0 1.0 0.932031 0.344792 0.135937 0.110417
0 1.0 0.871875 0.344792 0.256250 0.131250
0 1.0 0.861719 0.398958 0.057813 0.139583
0 1.0 0.218750 0.394792 0.156250 0.143750
0 1.0 0.139063 0.397917 0.137500 0.137500
0 1.0 0.026562 0.446875 0.046875 0.177083
0 1.0 0.673438 0.334375 0.165625 0.114583
0 1.0 0.598437 0.339583 0.128125 0.095833
0 1.0 0.517188 0.341667 0.168750 0.154167
0 1.0 0.784375 0.337500 0.284375 0.154167
0 1.0 0.730469 0.378125 0.257812 0.172917
0 1.0 0.722656 0.388542 0.176563 0.110417
0 1.0 0.666406 0.359375 0.182812 0.272917
0 1.0 0.192188 0.419792 0.103125 0.268750
0 1.0 0.663281 0.392708 0.126562 0.093750
0 1.0 0.592969 0.393750 0.123438 0.091667
0 1.0 0.864844 0.460417 0.048438 0.112500
0 1.0 0.344531 0.392708 0.279687 0.135417
0 1.0 0.350781 0.382292 0.160938 0.235417
0 1.0 0.288281 0.403125 0.117188 0.360417
0 1.0 0.289062 0.395833 0.100000 0.120833
0 1.0 0.536719 0.392708 0.154688 0.102083
0 1.0 0.459375 0.396875 0.168750 0.106250
0 1.0 0.441406 0.386458 0.120313 0.206250
0 1.0 0.229687 0.140625 0.143750 0.235417
0 1.0 0.872656 0.769792 0.254688 0.139583
0 1.0 0.134375 0.139583 0.115625 0.279167
0 1.0 0.161719 0.116667 0.264062 0.145833
0 1.0 0.072656 0.133333 0.145313 0.266667
0 1.0 0.964844 0.128125 0.045312 0.114583
0 1.0 0.945312 0.077083 0.109375 0.104167
0 1.0 0.564063 0.648958 0.484375 0.477083
0 1.0 0.453906 0.654167 0.557813 0.237500
0 1.0 0.728125 0.658333 0.475000 0.262500
0 1.0 0.738281 0.612500 0.382812 0.537500
0 1.0 0.343750 0.142708 0.281250 0.264583
0 1.0 0.300000 0.161458 0.075000 0.197917
0 1.0 0.289062 0.129167 0.340625 0.150000
0 1.0 0.329688 0.134375 0.056250 0.089583
0 1.0 0.339062 0.551042 0.528125 0.227083
0 1.0 0.442188 0.527083 0.390625 0.600000
0 1.0 0.242188 0.661458 0.484375 0.252083
0 1.0 0.182812 0.648958 0.365625 0.502083
0 1.0 0.560156 0.551042 0.567187 0.231250
0 1.0 0.340625 0.170833 0.078125 0.195833
0 1.0 0.363281 0.127083 0.204687 0.116667
0 1.0 0.044531 0.122917 0.089063 0.112500
0 1.0 0.684375 0.751042 0.481250 0.281250
0 1.0 0.825000 0.105208 0.071875 0.139583
0 1.0 0.820312 0.072917 0.262500 0.137500
0 1.0 0.907031 0.079167 0.185938 0.145833
0 1.0 0.555469 0.106250 0.135937 0.212500
0 1.0 0.569531 0.072917 0.210938 0.120833
0 1.0 0.333594 0.848958 0.667188 0.181250
0 1.0 0.764062 0.112500 0.109375 0.220833
0 1.0 0.759375 0.104167 0.290625 0.208333
0 1.0 0.672656 0.069792 0.279687 0.122917
0 1.0 0.712500 0.120833 0.109375 0.220833
0 1.0 0.660156 0.131250 0.095312 0.183333
0 1.0 0.253906 0.767708 0.507812 0.252083
0 1.0 0.854688 0.075000 0.128125 0.091667
0 1.0 0.883594 0.108333 0.079687 0.125000
0 1.0 0.817187 0.115625 0.106250 0.231250
0 1.0 0.333594 0.346875 0.548438 0.231250
0 1.0 0.842187 0.370833 0.200000 0.600000
0 1.0 0.214062 0.451042 0.428125 0.222917
0 1.0 0.671094 0.292708 0.276562 0.360417
0 1.0 0.581250 0.242708 0.528125 0.243750
0 1.0 0.185938 0.338542 0.356250 0.547917
0 1.0 0.570312 0.338542 0.537500 0.247917
0 1.0 0.582031 0.334375 0.395313 0.493750
0 1.0 0.854688 0.127083 0.156250 0.108333
0 1.0 0.883594 0.151042 0.114062 0.206250
0 1.0 0.152344 0.511458 0.223438 0.693750
0 1.0 0.498437 0.151042 0.115625 0.302083
0 1.0 0.502344 0.123958 0.345313 0.143750
0 1.0 0.632031 0.128125 0.264062 0.131250
0 1.0 0.607031 0.158333 0.092188 0.187500
0 1.0 0.554688 0.528125 0.196875 0.668750
0 1.0 0.440625 0.150000 0.084375 0.237500
0 1.0 0.434375 0.123958 0.153125 0.152083
0 1.0 0.401562 0.158333 0.115625 0.258333
0 1.0 0.449219 0.453125 0.548438 0.227083
0 1.0 0.667188 0.146875 0.256250 0.281250
0 1.0 0.558594 0.134375 0.285938 0.268750
0 1.0 0.579688 0.039583 0.168750 0.079167
0 1.0 0.667969 0.051042 0.135937 0.102083
0 1.0 0.603906 0.055208 0.067187 0.110417
0 1.0 0.553906 0.069792 0.076563 0.139583
0 1.0 0.464844 0.040625 0.170313 0.081250
0 1.0 0.444531 0.078125 0.260937 0.156250
0 1.0 0.749219 0.879167 0.501563 0.241667
0 1.0 0.833594 0.498958 0.332813 0.572917
0 1.0 0.665625 0.056250 0.059375 0.108333
0 1.0 0.308594 0.061458 0.095312 0.089583
0 1.0 0.239063 0.065625 0.062500 0.106250
0 1.0 0.245312 0.032292 0.215625 0.064583
0 1.0 0.499219 0.803125 0.982812 0.385417
0 1.0 0.657813 0.498958 0.684375 0.435417
0 1.0 0.129688 0.059375 0.059375 0.110417
0 1.0 0.442188 0.256250 0.884375 0.470833
0 1.0 0.340625 0.090625 0.040625 0.077083
0 1.0 0.347656 0.027083 0.070312 0.054167
0 1.0 0.325781 0.039583 0.210938 0.079167
0 1.0 0.363281 0.059375 0.117188 0.097917
0 1.0 0.303125 0.090625 0.040625 0.077083
0 1.0 0.504687 0.075000 0.081250 0.150000
0 1.0 0.441406 0.059375 0.051562 0.093750
0 1.0 0.487500 0.028125 0.081250 0.056250
0 1.0 0.392969 0.085417 0.076563 0.133333
0 1.0 0.300781 0.118750 0.120313 0.183333
0 1.0 0.227344 0.917708 0.454688 0.164583
0 1.0 0.961719 0.068750 0.029687 0.062500
0 1.0 0.933594 0.036458 0.132812 0.072917
0 1.0 0.184375 0.114583 0.103125 0.216667
0 1.0 0.443750 0.923958 0.643750 0.152083
0 1.0 0.357031 0.079167 0.260937 0.129167
0 1.0 0.722656 0.034375 0.201563 0.068750
0 1.0 0.722656 0.040625 0.045312 0.060417
0 1.0 0.484375 0.119792 0.831250 0.239583
0 1.0 0.878125 0.050000 0.134375 0.100000
0 1.0 0.879687 0.042708 0.059375 0.085417
0 1.0 0.890625 0.038542 0.037500 0.056250
0 1.0 0.060156 0.070833 0.120313 0.087500
0 1.0 0.821094 0.050000 0.060937 0.100000
0 1.0 0.821094 0.034375 0.176563 0.068750
0 1.0 0.831250 0.040625 0.037500 0.060417
0 1.0 0.766406 0.058333 0.067187 0.116667
0 1.0 0.775000 0.044792 0.043750 0.064583
0 1.0 0.716406 0.055208 0.064062 0.110417
0 1.0 0.811719 0.858333 0.295312 0.125000
0 1.0 0.842187 0.816667 0.034375 0.062500
0 1.0 0.777344 0.802083 0.045312 0.095833
0 1.0 0.792188 0.823958 0.031250 0.060417
0 1.0 0.721094 0.804167 0.032813 0.070833
0 1.0 0.732812 0.832292 0.028125 0.056250
0 1.0 0.721094 0.857292 0.189062 0.172917
0 1.0 0.670312 0.833333 0.034375 0.070833
0 1.0 0.056250 0.927083 0.109375 0.125000
0 1.0 0.965625 0.877083 0.028125 0.062500
0 1.0 0.918750 0.872917 0.162500 0.120833
0 1.0 0.956250 0.892708 0.050000 0.089583
0 1.0 0.921094 0.832292 0.085938 0.181250
0 1.0 0.878125 0.795833 0.071875 0.120833
0 1.0 0.854688 0.871875 0.118750 0.089583
0 1.0 0.851562 0.839583 0.256250 0.233333
0 1.0 0.497656 0.878125 0.210938 0.197917
0 1.0 0.447656 0.864583 0.035937 0.070833
0 1.0 0.447656 0.878125 0.079687 0.110417
0 1.0 0.485156 0.886458 0.114062 0.093750
0 1.0 0.400000 0.852083 0.059375 0.129167
0 1.0 0.406250 0.875000 0.328125 0.125000
0 1.0 0.679688 0.854167 0.028125 0.054167
0 1.0 0.345313 0.851042 0.040625 0.068750
0 1.0 0.346875 0.870833 0.071875 0.095833
0 1.0 0.348438 0.858333 0.306250 0.229167
0 1.0 0.692969 0.879167 0.157812 0.104167
0 1.0 0.607031 0.845833 0.054688 0.112500
0 1.0 0.607812 0.875000 0.293750 0.116667
0 1.0 0.612500 0.859375 0.037500 0.072917
0 1.0 0.602344 0.848958 0.279687 0.260417
0 1.0 0.553125 0.875000 0.062500 0.104167
0 1.0 0.507031 0.880208 0.054688 0.106250
0 1.0 0.548438 0.928125 0.153125 0.122917
0 1.0 0.503125 0.925000 0.125000 0.150000
0 1.0 0.439063 0.933333 0.087500 0.133333
0 1.0 0.459375 0.920833 0.321875 0.116667
0 1.0 0.080469 0.904167 0.160938 0.191667
0 1.0 0.392188 0.915625 0.106250 0.168750
0 1.0 0.727344 0.919792 0.264062 0.114583
0 1.0 0.662500 0.920833 0.090625 0.158333
0 1.0 0.607031 0.938542 0.079687 0.114583
0 1.0 0.183594 0.919792 0.151562 0.131250
0 1.0 0.132812 0.914583 0.109375 0.170833
0 1.0 0.342969 0.922917 0.101562 0.154167
0 1.0 0.283594 0.912500 0.104688 0.175000
0 1.0 0.278906 0.929167 0.167187 0.100000
0 1.0 0.232813 0.892708 0.118750 0.214583
0 1.0 0.396094 0.805208 0.129688 0.289583
0 1.0 0.396875 0.815625 0.212500 0.143750
0 1.0 0.289844 0.848958 0.051562 0.089583
0 1.0 0.232031 0.808333 0.317188 0.129167
0 1.0 0.273438 0.808333 0.096875 0.087500
0 1.0 0.228906 0.789583 0.117188 0.270833
0 1.0 0.548438 0.814583 0.315625 0.137500
0 1.0 0.467187 0.819792 0.150000 0.131250
0 1.0 0.039062 0.855208 0.078125 0.172917
0 1.0 0.060937 0.835417 0.050000 0.062500
0 1.0 0.128906 0.826042 0.101562 0.110417
0 1.0 0.132031 0.819792 0.264062 0.131250
0 1.0 0.082031 0.854167 0.073438 0.137500
0 1.0 0.106250 0.884375 0.125000 0.118750
0 1.0 0.050781 0.878125 0.101562 0.077083
0 1.0 0.965625 0.839583 0.059375 0.208333
0 1.0 0.917188 0.815625 0.165625 0.114583
0 1.0 0.028906 0.902083 0.045312 0.104167
0 1.0 0.235156 0.870833 0.289062 0.100000
0 1.0 0.289844 0.857292 0.095312 0.122917
0 1.0 0.285938 0.877083 0.065625 0.058333
0 1.0 0.235937 0.814583 0.056250 0.125000
0 1.0 0.234375 0.860417 0.218750 0.195833
0 1.0 0.196875 0.816667 0.046875 0.100000
0 1.0 0.136719 0.848958 0.057813 0.114583
0 1.0 0.149219 0.877083 0.298438 0.145833
0 1.0 0.782813 0.806250 0.287500 0.150000
0 1.0 0.710156 0.808333 0.120313 0.300000
0 1.0 0.658594 0.802083 0.126562 0.329167
0 1.0 0.692969 0.810417 0.173437 0.133333
0 1.0 0.842187 0.812500 0.081250 0.104167
0 1.0 0.822656 0.808333 0.135937 0.254167
0 1.0 0.464844 0.185417 0.148438 0.112500
0 1.0 0.717187 0.919792 0.065625 0.127083
0 1.0 0.390625 0.175000 0.275000 0.141667
0 1.0 0.642188 0.186458 0.246875 0.131250
0 1.0 0.746875 0.217708 0.271875 0.402083
0 1.0 0.660937 0.218750 0.125000 0.195833
0 1.0 0.643750 0.073958 0.621875 0.147917
0 1.0 0.941406 0.960417 0.117188 0.079167
0 1.0 0.972656 0.960417 0.051562 0.079167
0 1.0 0.562500 0.195833 0.084375 0.275000
0 1.0 0.714063 0.227083 0.121875 0.233333
0 1.0 0.449219 0.275000 0.404687 0.483333
0 1.0 0.328125 0.242708 0.537500 0.247917
0 1.0 0.248438 0.176042 0.278125 0.139583
0 1.0 0.046875 0.179167 0.093750 0.079167
0 1.0 0.112500 0.177083 0.196875 0.112500
0 1.0 0.941406 0.126042 0.117188 0.106250
0 1.0 0.350000 0.193750 0.143750 0.200000
0 1.0 0.300781 0.197917 0.139063 0.262500
0 1.0 0.778125 0.151042 0.443750 0.218750
0 1.0 0.179688 0.165625 0.156250 0.310417
0 1.0 0.261719 0.956250 0.123438 0.083333
0 1.0 0.190625 0.945833 0.075000 0.108333
0 1.0 0.191406 0.946875 0.245312 0.106250
0 1.0 0.150000 0.956250 0.106250 0.075000
0 1.0 0.456250 0.961458 0.093750 0.056250
0 1.0 0.410156 0.962500 0.110937 0.075000
0 1.0 0.382031 0.963542 0.051562 0.043750
0 1.0 0.357031 0.963542 0.095312 0.072917
0 1.0 0.301563 0.963542 0.071875 0.052083
0 1.0 0.273438 0.960417 0.078125 0.054167
0 1.0 0.353125 0.925000 0.256250 0.150000
0 1.0 0.849219 0.911458 0.279687 0.114583
0 1.0 0.869531 0.881250 0.120313 0.179167
0 1.0 0.828906 0.896875 0.082812 0.152083
0 1.0 0.768750 0.877083 0.100000 0.212500
0 1.0 0.078906 0.958333 0.067187 0.058333
0 1.0 0.960156 0.934375 0.073438 0.131250
0 1.0 0.924219 0.929167 0.085938 0.141667
0 1.0 0.874219 0.930208 0.089063 0.139583
0 1.0 0.839844 0.963542 0.060937 0.047917
0 1.0 0.819531 0.940625 0.076563 0.118750
0 1.0 0.802344 0.962500 0.095312 0.058333
0 1.0 0.792188 0.958333 0.184375 0.083333
0 1.0 0.768750 0.946875 0.071875 0.106250
0 1.0 0.760938 0.227083 0.118750 0.208333
0 1.0 0.757812 0.193750 0.287500 0.162500
0 1.0 0.813281 0.211458 0.114062 0.260417
0 1.0 0.555469 0.961458 0.073438 0.077083
0 1.0 0.596094 0.961458 0.057813 0.052083
0 1.0 0.521875 0.960417 0.050000 0.045833
0 1.0 0.738281 0.965625 0.064062 0.043750
0 1.0 0.714844 0.958333 0.082812 0.083333
0 1.0 0.663281 0.963542 0.057813 0.072917
0 1.0 0.697656 0.964583 0.054688 0.045833
0 1.0 0.664844 0.958333 0.154688 0.083333
0 1.0 0.639062 0.962500 0.071875 0.054167
0 1.0 0.607031 0.954167 0.173437 0.091667
0 1.0 0.121875 0.836458 0.243750 0.293750
0 1.0 0.438281 0.830208 0.467187 0.331250
0 1.0 0.762500 0.812500 0.278125 0.375000
0 1.0 0.079687 0.643750 0.159375 0.600000
0 1.0 0.350781 0.659375 0.210938 0.547917
0 1.0 0.710938 0.196875 0.578125 0.393750
0 1.0 0.845313 0.160417 0.240625 0.320833
0 1.0 0.198437 0.151042 0.396875 0.277083
0 1.0 0.072656 0.343750 0.145313 0.633333
0 1.0 0.925000 0.840625 0.150000 0.318750
0 1.0 0.912500 0.570833 0.175000 0.516667
0 1.0 0.294531 0.769792 0.298438 0.460417