0 1.0 0.065625 0.059375 0.062500 0.093750
0 1.0 0.071875 0.076042 0.143750 0.152083
0 1.0 0.038281 0.060417 0.042188 0.087500
0 1.0 0.082031 0.036458 0.032813 0.043750
0 1.0 0.178906 0.078125 0.098437 0.156250
0 1.0 0.189844 0.035417 0.117188 0.070833
0 1.0 0.234375 0.066667 0.156250 0.133333
0 1.0 0.226562 0.089583 0.265625 0.179167
0 1.0 0.310156 0.061458 0.073438 0.102083
0 1.0 0.281250 0.044792 0.075000 0.068750
0 1.0 0.289062 0.075000 0.059375 0.137500
0 1.0 0.362500 0.057292 0.090625 0.102083
0 1.0 0.509375 0.784375 0.981250 0.406250
0 1.0 0.763281 0.532292 0.473438 0.677083
0 1.0 0.338281 0.089583 0.270313 0.179167
0 1.0 0.328906 0.033333 0.026562 0.041667
0 1.0 0.417187 0.054167 0.103125 0.108333
0 1.0 0.452344 0.035417 0.057813 0.058333
0 1.0 0.418750 0.033333 0.206250 0.066667
0 1.0 0.477344 0.056250 0.067187 0.083333
0 1.0 0.442188 0.081250 0.246875 0.162500
0 1.0 0.503125 0.037500 0.056250 0.062500
0 1.0 0.525000 0.032292 0.025000 0.039583
0 1.0 0.234375 0.493750 0.468750 0.679167
0 1.0 0.527344 0.560417 0.770312 0.654167
0 1.0 0.741406 0.879167 0.517188 0.241667
0 1.0 0.507031 0.200000 0.876563 0.400000
0 1.0 0.441406 0.078125 0.032813 0.072917
0 1.0 0.520312 0.050000 0.087500 0.100000
0 1.0 0.505469 0.081250 0.054688 0.145833
0 1.0 0.575781 0.055208 0.107813 0.110417
0 1.0 0.560937 0.090625 0.246875 0.181250
0 1.0 0.608594 0.032292 0.076563 0.064583
0 1.0 0.617188 0.058333 0.115625 0.116667
0 1.0 0.372656 0.878125 0.745313 0.243750
0 1.0 0.617188 0.070833 0.034375 0.079167
0 1.0 0.613281 0.075000 0.054688 0.141667
0 1.0 0.662500 0.059375 0.106250 0.118750
0 1.0 0.654687 0.092708 0.237500 0.185417
0 1.0 0.666406 0.038542 0.207813 0.077083
0 1.0 0.721094 0.061458 0.129688 0.122917
0 1.0 0.727344 0.058333 0.048438 0.100000
0 1.0 0.643750 0.702083 0.609375 0.408333
0 1.0 0.768750 0.088542 0.246875 0.177083
0 1.0 0.771875 0.047917 0.193750 0.095833
0 1.0 0.778125 0.048958 0.050000 0.097917
0 1.0 0.766406 0.071875 0.082812 0.143750
0 1.0 0.835156 0.063542 0.035937 0.072917
0 1.0 0.833594 0.036458 0.157812 0.072917
0 1.0 0.822656 0.072917 0.067187 0.145833
0 1.0 0.880469 0.054167 0.123438 0.108333
0 1.0 0.857812 0.080208 0.246875 0.160417
0 1.0 0.890625 0.060417 0.031250 0.062500
0 1.0 0.880469 0.032292 0.064062 0.064583
0 1.0 0.222656 0.695833 0.445312 0.370833
0 1.0 0.348438 0.664583 0.618750 0.566667
0 1.0 0.292187 0.646875 0.303125 0.706250
0 1.0 0.499219 0.551042 0.326562 0.718750
0 1.0 0.624219 0.495833 0.720313 0.337500
0 1.0 0.251563 0.502083 0.503125 0.308333
0 1.0 0.686719 0.315625 0.479687 0.497917
0 1.0 0.625781 0.303125 0.748437 0.297917
0 1.0 0.880469 0.062500 0.051562 0.120833
0 1.0 0.923438 0.050000 0.093750 0.100000
0 1.0 0.957031 0.053125 0.085938 0.106250
0 1.0 0.928125 0.076042 0.143750 0.152083
0 1.0 0.948438 0.061458 0.043750 0.072917
0 1.0 0.960938 0.071875 0.025000 0.060417
0 1.0 0.096875 0.082292 0.034375 0.077083
0 1.0 0.749219 0.119792 0.501563 0.239583
0 1.0 0.175000 0.315625 0.350000 0.535417
0 1.0 0.323437 0.298958 0.631250 0.364583
0 1.0 0.361719 0.125000 0.723437 0.250000
0 1.0 0.829688 0.922917 0.340625 0.154167
0 1.0 0.037500 0.103125 0.075000 0.181250
0 1.0 0.088281 0.078125 0.076563 0.085417
0 1.0 0.026562 0.114583 0.046875 0.133333
0 1.0 0.121094 0.081250 0.123438 0.129167
0 1.0 0.083594 0.121875 0.064062 0.164583
0 1.0 0.132812 0.105208 0.206250 0.210417
0 1.0 0.140625 0.120833 0.081250 0.170833
0 1.0 0.181250 0.137500 0.062500 0.175000
0 1.0 0.265625 0.088542 0.034375 0.060417
0 1.0 0.284375 0.113542 0.134375 0.222917
0 1.0 0.554688 0.920833 0.609375 0.158333
0 1.0 0.285156 0.140625 0.076563 0.189583
0 1.0 0.346875 0.137500 0.081250 0.212500
0 1.0 0.398438 0.129167 0.146875 0.258333
0 1.0 0.510156 0.084375 0.039062 0.072917
0 1.0 0.164062 0.922917 0.328125 0.154167
0 1.0 0.474219 0.076042 0.151562 0.097917
0 1.0 0.439063 0.152083 0.065625 0.216667
0 1.0 0.500000 0.121875 0.096875 0.243750
0 1.0 0.557813 0.137500 0.100000 0.250000
0 1.0 0.749219 0.775000 0.204687 0.450000
0 1.0 0.554688 0.837500 0.621875 0.200000
0 1.0 0.651563 0.805208 0.250000 0.347917
0 1.0 0.609375 0.123958 0.071875 0.185417
0 1.0 0.657031 0.132292 0.089063 0.264583
0 1.0 0.714844 0.113542 0.092188 0.206250
0 1.0 0.763281 0.130208 0.120313 0.260417
0 1.0 0.827344 0.126042 0.057813 0.131250
0 1.0 0.820312 0.121875 0.106250 0.243750
0 1.0 0.169531 0.850000 0.339062 0.200000
0 1.0 0.880469 0.131250 0.057813 0.125000
0 1.0 0.875000 0.133333 0.087500 0.216667
0 1.0 0.950781 0.120833 0.054688 0.108333
0 1.0 0.962500 0.140625 0.031250 0.093750
0 1.0 0.776563 0.755208 0.446875 0.227083
0 1.0 0.846094 0.707292 0.185938 0.547917
0 1.0 0.455469 0.740625 0.207813 0.464583
0 1.0 0.465625 0.761458 0.656250 0.222917
0 1.0 0.553906 0.732292 0.235937 0.472917
0 1.0 0.357812 0.713542 0.250000 0.489583
0 1.0 0.835156 0.646875 0.329688 0.210417
0 1.0 0.175000 0.748958 0.350000 0.202083
0 1.0 0.101562 0.134375 0.040625 0.072917
0 1.0 0.028906 0.165625 0.057813 0.202083
0 1.0 0.137500 0.126042 0.143750 0.106250
0 1.0 0.668750 0.644792 0.250000 0.577083
0 1.0 0.470313 0.644792 0.693750 0.218750
0 1.0 0.221875 0.135417 0.143750 0.258333
0 1.0 0.260156 0.144792 0.029687 0.056250
0 1.0 0.157812 0.623958 0.225000 0.489583
0 1.0 0.782813 0.548958 0.434375 0.222917
0 1.0 0.177344 0.651042 0.354687 0.206250
0 1.0 0.350781 0.122917 0.148438 0.112500
0 1.0 0.449219 0.544792 0.507812 0.289583
0 1.0 0.744531 0.550000 0.239063 0.558333
0 1.0 0.847656 0.483333 0.207813 0.545833
0 1.0 0.780469 0.444792 0.439063 0.218750
0 1.0 0.504687 0.134375 0.040625 0.081250
0 1.0 0.467969 0.127083 0.135937 0.095833
0 1.0 0.503906 0.180208 0.060937 0.202083
0 1.0 0.553906 0.461458 0.257812 0.439583
0 1.0 0.259375 0.460417 0.262500 0.491667
0 1.0 0.442188 0.465625 0.240625 0.431250
0 1.0 0.449219 0.442708 0.610938 0.243750
0 1.0 0.618750 0.146875 0.106250 0.293750
0 1.0 0.780469 0.353125 0.439063 0.218750
0 1.0 0.453906 0.352083 0.632812 0.204167
0 1.0 0.657813 0.383333 0.250000 0.416667
0 1.0 0.336719 0.402083 0.235937 0.458333
0 1.0 0.829688 0.251042 0.340625 0.210417
0 1.0 0.185156 0.348958 0.370312 0.210417
0 1.0 0.757812 0.257292 0.262500 0.464583
0 1.0 0.846875 0.280208 0.200000 0.547917
0 1.0 0.852344 0.135417 0.145313 0.120833
0 1.0 0.845313 0.131250 0.062500 0.075000
0 1.0 0.899219 0.126042 0.201563 0.172917
0 1.0 0.917188 0.155208 0.112500 0.310417
0 1.0 0.949219 0.137500 0.101562 0.145833
0 1.0 0.952344 0.179167 0.048438 0.116667
0 1.0 0.442969 0.261458 0.254688 0.422917
0 1.0 0.449219 0.253125 0.620313 0.218750
0 1.0 0.542969 0.253125 0.257812 0.431250
0 1.0 0.217969 0.246875 0.435937 0.231250
0 1.0 0.056250 0.192708 0.065625 0.122917
0 1.0 0.070312 0.163542 0.140625 0.285417
0 1.0 0.082031 0.184375 0.035937 0.064583
0 1.0 0.114062 0.175000 0.171875 0.145833
0 1.0 0.140625 0.181250 0.118750 0.095833
0 1.0 0.084375 0.191667 0.075000 0.241667
0 1.0 0.651563 0.193750 0.203125 0.387500
0 1.0 0.346875 0.212500 0.231250 0.425000
0 1.0 0.175000 0.144792 0.350000 0.222917
0 1.0 0.152344 0.211458 0.226562 0.422917
0 1.0 0.246875 0.210417 0.243750 0.420833
0 1.0 0.143750 0.181250 0.121875 0.258333
0 1.0 0.139063 0.192708 0.065625 0.202083
0 1.0 0.189062 0.195833 0.021875 0.054167
0 1.0 0.227344 0.195833 0.217188 0.137500
0 1.0 0.180469 0.204167 0.082812 0.225000
0 1.0 0.333594 0.226042 0.017188 0.039583
0 1.0 0.299219 0.215625 0.120313 0.164583
0 1.0 0.300000 0.255208 0.053125 0.114583
0 1.0 0.371875 0.213542 0.046875 0.077083
0 1.0 0.343750 0.186458 0.271875 0.172917
0 1.0 0.350000 0.227083 0.109375 0.141667
0 1.0 0.391406 0.189583 0.132812 0.095833
0 1.0 0.357031 0.270833 0.039062 0.087500
0 1.0 0.544531 0.075000 0.632812 0.150000
0 1.0 0.968750 0.961458 0.046875 0.077083
0 1.0 0.401562 0.207292 0.090625 0.264583
0 1.0 0.482812 0.213542 0.031250 0.068750
0 1.0 0.475000 0.197917 0.137500 0.141667
0 1.0 0.432812 0.205208 0.103125 0.193750
0 1.0 0.511719 0.200000 0.064062 0.075000
0 1.0 0.438281 0.236458 0.048438 0.135417
0 1.0 0.500781 0.241667 0.051562 0.133333
0 1.0 0.592969 0.186458 0.135937 0.131250
0 1.0 0.845313 0.956250 0.050000 0.062500
0 1.0 0.876563 0.933333 0.096875 0.133333
0 1.0 0.839844 0.961458 0.029687 0.043750
0 1.0 0.924219 0.950000 0.104688 0.100000
0 1.0 0.892188 0.965625 0.090625 0.068750
0 1.0 0.714063 0.931250 0.096875 0.137500
0 1.0 0.762500 0.962500 0.059375 0.054167
0 1.0 0.775000 0.947917 0.121875 0.104167
0 1.0 0.832812 0.951042 0.162500 0.097917
0 1.0 0.855469 0.959375 0.104688 0.064583
0 1.0 0.820312 0.932292 0.084375 0.135417
0 1.0 0.553906 0.929167 0.079687 0.141667
0 1.0 0.621094 0.950000 0.101562 0.100000
0 1.0 0.621094 0.918750 0.217188 0.162500
0 1.0 0.679688 0.959375 0.050000 0.052083
0 1.0 0.667969 0.945833 0.114062 0.108333
0 1.0 0.716406 0.961458 0.051562 0.052083
0 1.0 0.462500 0.918750 0.206250 0.162500
0 1.0 0.523438 0.951042 0.059375 0.072917
0 1.0 0.546875 0.960417 0.034375 0.045833
0 1.0 0.453125 0.934375 0.071875 0.131250
0 1.0 0.511719 0.945833 0.114062 0.108333
0 1.0 0.583594 0.959375 0.039062 0.047917
0 1.0 0.633594 0.959375 0.039062 0.043750
0 1.0 0.287500 0.928125 0.115625 0.143750
0 1.0 0.322656 0.961458 0.035937 0.043750
0 1.0 0.356250 0.954167 0.096875 0.091667
0 1.0 0.360156 0.918750 0.214062 0.162500
0 1.0 0.356250 0.953125 0.056250 0.064583
0 1.0 0.372656 0.961458 0.026562 0.039583
0 1.0 0.410156 0.950000 0.104688 0.100000
0 1.0 0.478125 0.960417 0.056250 0.050000
0 1.0 0.135156 0.932292 0.079687 0.135417
0 1.0 0.193750 0.957292 0.090625 0.085417
0 1.0 0.249219 0.960417 0.054688 0.050000
0 1.0 0.245312 0.951042 0.115625 0.097917
0 1.0 0.310156 0.956250 0.082812 0.087500
0 1.0 0.072656 0.925000 0.145313 0.150000
0 1.0 0.041406 0.964583 0.067187 0.066667
0 1.0 0.053125 0.964583 0.046875 0.045833
0 1.0 0.028906 0.942708 0.057813 0.114583
0 1.0 0.116406 0.957292 0.098437 0.081250
0 1.0 0.077344 0.946875 0.073438 0.106250
0 1.0 0.202344 0.960417 0.051562 0.050000
0 1.0 0.917188 0.897917 0.125000 0.204167
0 1.0 0.952344 0.922917 0.067187 0.137500
0 1.0 0.962500 0.913542 0.037500 0.102083
0 1.0 0.764844 0.891667 0.110937 0.216667
0 1.0 0.611719 0.902083 0.089063 0.166667
0 1.0 0.667188 0.902083 0.084375 0.170833
0 1.0 0.717187 0.914583 0.250000 0.154167
0 1.0 0.551562 0.889583 0.256250 0.216667
0 1.0 0.400000 0.893750 0.103125 0.212500
0 1.0 0.192188 0.898958 0.121875 0.202083
0 1.0 0.241406 0.911458 0.151562 0.177083
0 1.0 0.316406 0.925000 0.064062 0.083333
0 1.0 0.045312 0.917708 0.090625 0.081250
0 1.0 0.881250 0.854167 0.053125 0.175000
0 1.0 0.898438 0.853125 0.203125 0.252083
0 1.0 0.914844 0.852083 0.048438 0.137500
0 1.0 0.954688 0.843750 0.037500 0.079167
0 1.0 0.935937 0.868750 0.128125 0.112500
0 1.0 0.963281 0.819792 0.020313 0.052083
0 1.0 0.784375 0.882292 0.037500 0.102083
0 1.0 0.762500 0.876042 0.300000 0.135417
0 1.0 0.772656 0.857292 0.057813 0.147917
0 1.0 0.820312 0.876042 0.190625 0.218750
0 1.0 0.841406 0.887500 0.029687 0.083333
0 1.0 0.827344 0.857292 0.048438 0.131250
0 1.0 0.859375 0.878125 0.034375 0.068750
0 1.0 0.892969 0.885417 0.035937 0.125000
0 1.0 0.802344 0.871875 0.092188 0.089583
0 1.0 0.612500 0.893750 0.034375 0.087500
0 1.0 0.607031 0.867708 0.048438 0.110417
0 1.0 0.675781 0.901042 0.039062 0.102083
0 1.0 0.722656 0.892708 0.042188 0.106250
0 1.0 0.450000 0.842708 0.031250 0.072917
0 1.0 0.512500 0.879167 0.150000 0.137500
0 1.0 0.504687 0.882292 0.065625 0.147917
0 1.0 0.572656 0.878125 0.129688 0.127083
0 1.0 0.554688 0.880208 0.053125 0.131250
0 1.0 0.355469 0.856250 0.260937 0.237500
0 1.0 0.382812 0.871875 0.087500 0.102083
0 1.0 0.350781 0.846875 0.064062 0.114583
0 1.0 0.347656 0.817708 0.029687 0.064583
0 1.0 0.457813 0.873958 0.065625 0.097917
0 1.0 0.422656 0.867708 0.310937 0.143750
0 1.0 0.411719 0.867708 0.042188 0.110417
0 1.0 0.525781 0.880208 0.032813 0.072917
0 1.0 0.449219 0.867708 0.085938 0.164583
0 1.0 0.205469 0.823958 0.048438 0.106250
0 1.0 0.210938 0.862500 0.225000 0.104167
0 1.0 0.203125 0.801042 0.025000 0.068750
0 1.0 0.267188 0.864583 0.081250 0.100000
0 1.0 0.261719 0.844792 0.032813 0.102083
0 1.0 0.254688 0.814583 0.028125 0.095833
0 1.0 0.303125 0.870833 0.118750 0.158333
0 1.0 0.307031 0.875000 0.023438 0.054167
0 1.0 0.282813 0.823958 0.034375 0.085417
0 1.0 0.030469 0.836458 0.026562 0.097917
0 1.0 0.086719 0.856250 0.164062 0.187500
0 1.0 0.136719 0.864583 0.054688 0.075000
0 1.0 0.085938 0.806250 0.040625 0.087500
0 1.0 0.115625 0.861458 0.171875 0.089583
0 1.0 0.186719 0.864583 0.076563 0.091667
0 1.0 0.152344 0.811458 0.035937 0.077083
0 1.0 0.142969 0.798958 0.029687 0.085417
0 1.0 0.912500 0.814583 0.096875 0.120833
0 1.0 0.942969 0.810417 0.114062 0.204167
0 1.0 0.964063 0.833333 0.059375 0.216667
0 1.0 0.066406 0.868750 0.020313 0.041667
0 1.0 0.042969 0.862500 0.085938 0.066667
0 1.0 0.768750 0.812500 0.334375 0.129167
0 1.0 0.848437 0.823958 0.121875 0.127083
0 1.0 0.826562 0.825000 0.100000 0.237500
0 1.0 0.854688 0.822917 0.021875 0.062500
0 1.0 0.876563 0.835417 0.100000 0.254167
0 1.0 0.786719 0.813542 0.082812 0.081250
0 1.0 0.603125 0.837500 0.115625 0.300000
0 1.0 0.687500 0.823958 0.159375 0.135417
0 1.0 0.660937 0.834375 0.118750 0.272917
0 1.0 0.742969 0.825000 0.117188 0.112500
0 1.0 0.715625 0.830208 0.115625 0.277083
0 1.0 0.511719 0.825000 0.164062 0.129167
0 1.0 0.553125 0.833333 0.128125 0.304167
0 1.0 0.535937 0.814583 0.346875 0.129167
0 1.0 0.337500 0.812500 0.143750 0.258333
0 1.0 0.306250 0.814583 0.300000 0.120833
0 1.0 0.462500 0.826042 0.056250 0.077083
0 1.0 0.407813 0.814583 0.137500 0.320833
0 1.0 0.532813 0.833333 0.025000 0.054167
0 1.0 0.493750 0.821875 0.193750 0.272917
0 1.0 0.188281 0.820833 0.089063 0.275000
0 1.0 0.241406 0.809375 0.179688 0.218750
0 1.0 0.244531 0.820833 0.082812 0.287500
0 1.0 0.260937 0.827083 0.021875 0.045833
0 1.0 0.178906 0.816667 0.264062 0.108333
0 1.0 0.328906 0.820833 0.089063 0.091667
0 1.0 0.079687 0.786458 0.115625 0.235417
0 1.0 0.138281 0.802083 0.176563 0.204167
0 1.0 0.229687 0.812500 0.068750 0.095833
0 1.0 0.914844 0.769792 0.120313 0.302083
0 1.0 0.894531 0.769792 0.210938 0.143750
0 1.0 0.966406 0.768750 0.045312 0.141667
0 1.0 0.047656 0.810417 0.095312 0.150000
0 1.0 0.089844 0.819792 0.014063 0.035417
0 1.0 0.053906 0.814583 0.092188 0.062500
0 1.0 0.026562 0.825000 0.053125 0.225000
0 1.0 0.822656 0.767708 0.154688 0.206250
0 1.0 0.875000 0.786458 0.018750 0.047917
0 1.0 0.801562 0.776042 0.059375 0.068750
0 1.0 0.685156 0.772917 0.185938 0.141667
0 1.0 0.716406 0.769792 0.189062 0.247917
0 1.0 0.747656 0.772917 0.117188 0.112500
0 1.0 0.770312 0.795833 0.103125 0.283333
0 1.0 0.771094 0.763542 0.310937 0.135417
0 1.0 0.496094 0.760417 0.260937 0.116667
0 1.0 0.460156 0.769792 0.054688 0.072917
0 1.0 0.503125 0.773958 0.025000 0.052083
0 1.0 0.450781 0.746875 0.104688 0.306250
0 1.0 0.266406 0.772917 0.067187 0.091667
0 1.0 0.297656 0.766667 0.123438 0.150000
0 1.0 0.290625 0.761458 0.256250 0.256250
0 1.0 0.280469 0.783333 0.023438 0.050000
0 1.0 0.207813 0.772917 0.259375 0.112500
0 1.0 0.338281 0.767708 0.117188 0.102083
0 1.0 0.325781 0.765625 0.279687 0.114583
0 1.0 0.078125 0.731250 0.068750 0.225000
0 1.0 0.192188 0.773958 0.050000 0.089583
0 1.0 0.135937 0.746875 0.100000 0.239583
0 1.0 0.216406 0.772917 0.104688 0.125000
0 1.0 0.944531 0.726042 0.110937 0.189583
0 1.0 0.091406 0.779167 0.014063 0.037500
0 1.0 0.053125 0.770833 0.100000 0.070833
0 1.0 0.152344 0.775000 0.042188 0.070833
0 1.0 0.825000 0.688542 0.103125 0.277083
0 1.0 0.792969 0.716667 0.295312 0.125000
0 1.0 0.850000 0.734375 0.015625 0.043750
0 1.0 0.873437 0.714583 0.068750 0.220833
0 1.0 0.771094 0.723958 0.039062 0.056250
0 1.0 0.864844 0.696875 0.101562 0.352083
0 1.0 0.892969 0.716667 0.214062 0.129167
0 1.0 0.664062 0.725000 0.100000 0.283333
0 1.0 0.650781 0.710417 0.323437 0.125000
0 1.0 0.753125 0.717708 0.100000 0.106250
0 1.0 0.717187 0.718750 0.103125 0.304167
0 1.0 0.772656 0.711458 0.179688 0.239583
0 1.0 0.546094 0.703125 0.185938 0.227083
0 1.0 0.516406 0.706250 0.095312 0.100000
0 1.0 0.477344 0.705208 0.317188 0.127083
0 1.0 0.600781 0.734375 0.089063 0.272917
0 1.0 0.672656 0.714583 0.135937 0.125000
0 1.0 0.488281 0.714583 0.023438 0.050000
0 1.0 0.399219 0.702083 0.129688 0.304167
0 1.0 0.533594 0.712500 0.023438 0.054167
0 1.0 0.245312 0.721875 0.071875 0.214583
0 1.0 0.242188 0.717708 0.171875 0.089583
0 1.0 0.309375 0.730208 0.015625 0.035417
0 1.0 0.342969 0.706250 0.160938 0.204167
0 1.0 0.382031 0.719792 0.045312 0.060417
0 1.0 0.353125 0.713542 0.121875 0.077083
0 1.0 0.202344 0.719792 0.039062 0.068750
0 1.0 0.171094 0.712500 0.195312 0.095833
0 1.0 0.189062 0.719792 0.109375 0.177083
0 1.0 0.185156 0.725000 0.054688 0.233333
0 1.0 0.235937 0.716667 0.175000 0.220833
0 1.0 0.284375 0.726042 0.040625 0.060417
0 1.0 0.958594 0.705208 0.048438 0.135417
0 1.0 0.954688 0.661458 0.090625 0.106250
0 1.0 0.050000 0.723958 0.100000 0.164583
0 1.0 0.094531 0.723958 0.014063 0.035417
0 1.0 0.060156 0.714583 0.070312 0.054167
0 1.0 0.032813 0.746875 0.037500 0.168750
0 1.0 0.083594 0.715625 0.148438 0.231250
0 1.0 0.154688 0.716667 0.037500 0.062500
0 1.0 0.774219 0.657292 0.289062 0.127083
0 1.0 0.855469 0.671875 0.020313 0.052083
0 1.0 0.789062 0.663542 0.037500 0.056250
0 1.0 0.932813 0.661458 0.106250 0.189583
0 1.0 0.921875 0.648958 0.121875 0.356250
0 1.0 0.895312 0.659375 0.209375 0.127083
0 1.0 0.711719 0.655208 0.192188 0.239583
0 1.0 0.782031 0.667708 0.079687 0.235417
0 1.0 0.539062 0.660417 0.106250 0.112500
0 1.0 0.611719 0.655208 0.182812 0.218750
0 1.0 0.670312 0.662500 0.156250 0.129167
0 1.0 0.415625 0.669792 0.315625 0.143750
0 1.0 0.477344 0.656250 0.107813 0.158333
0 1.0 0.523438 0.681250 0.025000 0.066667
0 1.0 0.442969 0.657292 0.126562 0.235417
0 1.0 0.495312 0.665625 0.125000 0.289583
0 1.0 0.310937 0.665625 0.106250 0.168750
0 1.0 0.296094 0.626042 0.260937 0.322917
0 1.0 0.327344 0.683333 0.020313 0.050000
0 1.0 0.254688 0.672917 0.250000 0.112500
0 1.0 0.289844 0.653125 0.095312 0.293750
0 1.0 0.394531 0.677083 0.060937 0.091667
0 1.0 0.375781 0.669792 0.135937 0.097917
0 1.0 0.482812 0.678125 0.025000 0.064583
0 1.0 0.189844 0.670833 0.048438 0.075000
0 1.0 0.158594 0.662500 0.232813 0.100000
0 1.0 0.198437 0.672917 0.084375 0.095833
0 1.0 0.274219 0.676042 0.042188 0.064583
0 1.0 0.962500 0.602083 0.075000 0.095833
0 1.0 0.050781 0.670833 0.085938 0.141667
0 1.0 0.094531 0.673958 0.014063 0.035417
0 1.0 0.066406 0.664583 0.060937 0.054167
0 1.0 0.150000 0.668750 0.040625 0.066667
0 1.0 0.139844 0.665625 0.173437 0.247917
0 1.0 0.864062 0.608333 0.171875 0.262500
0 1.0 0.875000 0.606250 0.018750 0.050000
0 1.0 0.814844 0.601042 0.032813 0.052083
0 1.0 0.937500 0.598958 0.125000 0.135417
0 1.0 0.712500 0.614583 0.065625 0.200000
0 1.0 0.706250 0.604167 0.109375 0.354167
0 1.0 0.764062 0.598958 0.190625 0.260417
0 1.0 0.807031 0.598958 0.207813 0.164583
0 1.0 0.539844 0.602083 0.254688 0.125000
0 1.0 0.545312 0.629167 0.100000 0.241667
0 1.0 0.607031 0.634375 0.048438 0.114583
0 1.0 0.603125 0.622917 0.090625 0.216667
0 1.0 0.655469 0.584375 0.185938 0.239583
0 1.0 0.669531 0.602083 0.079687 0.200000
0 1.0 0.653906 0.601042 0.279687 0.127083
0 1.0 0.396094 0.597917 0.079687 0.254167
0 1.0 0.530469 0.610417 0.020313 0.050000
0 1.0 0.442188 0.651042 0.046875 0.131250
0 1.0 0.501563 0.606250 0.221875 0.279167
0 1.0 0.561719 0.602083 0.098437 0.112500
0 1.0 0.307031 0.605208 0.020313 0.039583
0 1.0 0.232031 0.605208 0.198437 0.093750
0 1.0 0.364063 0.598958 0.071875 0.081250
0 1.0 0.347656 0.586458 0.142187 0.314583
0 1.0 0.335156 0.601042 0.232813 0.106250
0 1.0 0.467969 0.606250 0.023438 0.054167
0 1.0 0.137500 0.644792 0.087500 0.235417
0 1.0 0.152344 0.604167 0.204687 0.095833
0 1.0 0.186719 0.615625 0.095312 0.152083
0 1.0 0.196094 0.606250 0.057813 0.075000
0 1.0 0.253906 0.605208 0.032813 0.052083
0 1.0 0.237500 0.625000 0.081250 0.225000
0 1.0 0.964063 0.635417 0.031250 0.120833
0 1.0 0.053906 0.614583 0.089063 0.137500
0 1.0 0.066406 0.602083 0.132812 0.266667
0 1.0 0.096875 0.617708 0.012500 0.035417
0 1.0 0.060156 0.611458 0.070312 0.060417
0 1.0 0.032813 0.654167 0.037500 0.141667
0 1.0 0.151562 0.609375 0.037500 0.060417
0 1.0 0.089844 0.655208 0.042188 0.131250
0 1.0 0.890625 0.555208 0.034375 0.077083
0 1.0 0.867969 0.582292 0.089063 0.281250
0 1.0 0.852344 0.553125 0.035937 0.060417
0 1.0 0.914062 0.553125 0.171875 0.160417
0 1.0 0.959375 0.551042 0.081250 0.097917
0 1.0 0.725000 0.550000 0.293750 0.141667
0 1.0 0.768750 0.564583 0.103125 0.279167
0 1.0 0.610938 0.568750 0.056250 0.137500
0 1.0 0.614062 0.554167 0.293750 0.141667
0 1.0 0.470313 0.555208 0.137500 0.143750
0 1.0 0.496875 0.591667 0.081250 0.229167
0 1.0 0.297656 0.540625 0.176563 0.293750
0 1.0 0.276562 0.544792 0.284375 0.147917
0 1.0 0.296875 0.558333 0.096875 0.229167
0 1.0 0.389062 0.551042 0.200000 0.168750
0 1.0 0.389844 0.548958 0.139063 0.314583
0 1.0 0.190625 0.556250 0.090625 0.141667
0 1.0 0.183594 0.551042 0.235937 0.185417
0 1.0 0.233594 0.554167 0.104688 0.229167
0 1.0 0.073438 0.566667 0.040625 0.070833
0 1.0 0.065625 0.560417 0.115625 0.087500
0 1.0 0.035937 0.607292 0.034375 0.127083
0 1.0 0.103906 0.559375 0.170313 0.147917
0 1.0 0.092969 0.600000 0.048438 0.120833
0 1.0 0.880469 0.539583 0.051562 0.175000
0 1.0 0.832812 0.502083 0.034375 0.058333
0 1.0 0.928906 0.505208 0.110937 0.172917
0 1.0 0.956250 0.500000 0.087500 0.100000
0 1.0 0.964844 0.577083 0.026562 0.100000
0 1.0 0.771094 0.491667 0.192188 0.233333
0 1.0 0.809375 0.492708 0.300000 0.139583
0 1.0 0.820312 0.530208 0.137500 0.364583
0 1.0 0.867969 0.494792 0.179688 0.231250
0 1.0 0.852344 0.505208 0.064062 0.085417
0 1.0 0.607031 0.495833 0.254688 0.166667
0 1.0 0.604688 0.495833 0.078125 0.187500
0 1.0 0.603906 0.495833 0.117188 0.300000
0 1.0 0.669531 0.504167 0.104688 0.266667
0 1.0 0.707031 0.502083 0.095312 0.254167
0 1.0 0.436719 0.504167 0.129688 0.333333
0 1.0 0.433594 0.497917 0.264062 0.129167
0 1.0 0.439844 0.517708 0.073438 0.260417
0 1.0 0.502344 0.505208 0.173437 0.235417
0 1.0 0.334375 0.497917 0.300000 0.154167
0 1.0 0.189844 0.500000 0.317188 0.154167
0 1.0 0.040625 0.530208 0.081250 0.189583
0 1.0 0.067187 0.504167 0.134375 0.091667
0 1.0 0.035156 0.555208 0.048438 0.156250
0 1.0 0.101562 0.496875 0.203125 0.285417
0 1.0 0.088281 0.521875 0.095312 0.193750
0 1.0 0.129688 0.533333 0.075000 0.204167
0 1.0 0.879687 0.493750 0.071875 0.187500
0 1.0 0.907031 0.452083 0.185938 0.129167
0 1.0 0.951562 0.517708 0.043750 0.089583
0 1.0 0.971094 0.448958 0.057813 0.072917
0 1.0 0.965625 0.542708 0.025000 0.072917
0 1.0 0.776563 0.482292 0.050000 0.106250
0 1.0 0.765625 0.486458 0.078125 0.185417
0 1.0 0.825000 0.475000 0.065625 0.125000
0 1.0 0.834375 0.453125 0.153125 0.106250
0 1.0 0.893750 0.497917 0.028125 0.075000
0 1.0 0.842187 0.450000 0.021875 0.045833
0 1.0 0.638281 0.441667 0.098437 0.095833
0 1.0 0.659375 0.442708 0.278125 0.185417
0 1.0 0.743750 0.445833 0.184375 0.116667
0 1.0 0.443750 0.455208 0.050000 0.168750
0 1.0 0.504687 0.440625 0.137500 0.193750
0 1.0 0.527344 0.439583 0.117188 0.091667
0 1.0 0.558594 0.432292 0.189062 0.235417
0 1.0 0.585938 0.440625 0.128125 0.102083
0 1.0 0.310937 0.445833 0.215625 0.154167
0 1.0 0.350781 0.461458 0.154688 0.264583
0 1.0 0.341406 0.445833 0.026562 0.054167
0 1.0 0.471875 0.455208 0.068750 0.135417
0 1.0 0.499219 0.442708 0.023438 0.047917
0 1.0 0.179688 0.484375 0.134375 0.218750
0 1.0 0.239844 0.452083 0.095312 0.087500
0 1.0 0.186719 0.506250 0.070312 0.175000
0 1.0 0.241406 0.471875 0.110937 0.185417
0 1.0 0.301563 0.446875 0.084375 0.085417
0 1.0 0.318750 0.471875 0.106250 0.147917
0 1.0 0.125000 0.446875 0.081250 0.077083
0 1.0 0.143750 0.446875 0.250000 0.160417
0 1.0 0.175000 0.445833 0.056250 0.070833
0 1.0 0.903906 0.395833 0.192188 0.291667
0 1.0 0.921875 0.429167 0.096875 0.204167
0 1.0 0.925000 0.401042 0.150000 0.110417
0 1.0 0.950781 0.467708 0.048438 0.093750
0 1.0 0.964844 0.492708 0.029687 0.089583
0 1.0 0.060156 0.464583 0.092188 0.154167
0 1.0 0.087500 0.448958 0.018750 0.039583
0 1.0 0.771094 0.437500 0.057813 0.116667
0 1.0 0.765625 0.391667 0.293750 0.150000
0 1.0 0.760938 0.431250 0.106250 0.216667
0 1.0 0.818750 0.437500 0.100000 0.204167
0 1.0 0.875000 0.402083 0.115625 0.120833
0 1.0 0.889844 0.436458 0.039062 0.102083
0 1.0 0.665625 0.409375 0.100000 0.231250
0 1.0 0.650781 0.384375 0.345313 0.152083
0 1.0 0.713281 0.391667 0.182812 0.262500
0 1.0 0.711719 0.413542 0.095312 0.239583
0 1.0 0.507031 0.384375 0.251563 0.260417
0 1.0 0.605469 0.406250 0.098437 0.200000
0 1.0 0.332031 0.396875 0.295312 0.139583
0 1.0 0.379688 0.393750 0.246875 0.254167
0 1.0 0.392969 0.400000 0.101562 0.233333
0 1.0 0.447656 0.391667 0.164062 0.191667
0 1.0 0.253906 0.387500 0.195312 0.200000
0 1.0 0.239063 0.401042 0.096875 0.177083
0 1.0 0.103906 0.396875 0.185938 0.160417
0 1.0 0.121875 0.393750 0.131250 0.100000
0 1.0 0.075000 0.421875 0.112500 0.322917
0 1.0 0.134375 0.434375 0.087500 0.206250
0 1.0 0.197656 0.390625 0.123438 0.177083
0 1.0 0.901563 0.351042 0.196875 0.131250
0 1.0 0.950781 0.367708 0.098437 0.139583
0 1.0 0.946875 0.405208 0.043750 0.085417
0 1.0 0.960938 0.412500 0.021875 0.058333
0 1.0 0.053906 0.404167 0.107813 0.195833
0 1.0 0.050781 0.396875 0.079687 0.102083
0 1.0 0.814844 0.352083 0.248438 0.166667
0 1.0 0.823438 0.396875 0.037500 0.085417
0 1.0 0.820312 0.381250 0.062500 0.137500
0 1.0 0.892188 0.377083 0.040625 0.120833
0 1.0 0.839844 0.355208 0.132812 0.093750
0 1.0 0.878906 0.362500 0.092188 0.254167
0 1.0 0.641406 0.333333 0.304688 0.141667
0 1.0 0.777344 0.386458 0.048438 0.106250
0 1.0 0.501563 0.382292 0.090625 0.168750
0 1.0 0.514844 0.342708 0.304688 0.127083
0 1.0 0.548438 0.370833 0.106250 0.183333
0 1.0 0.350000 0.384375 0.065625 0.127083
0 1.0 0.466406 0.364583 0.085938 0.133333
0 1.0 0.439844 0.357292 0.023438 0.060417
0 1.0 0.245312 0.341667 0.121875 0.204167
0 1.0 0.321094 0.353125 0.048438 0.093750
0 1.0 0.296094 0.335417 0.173437 0.245833
0 1.0 0.323437 0.339583 0.284375 0.154167
0 1.0 0.296875 0.354167 0.065625 0.137500
0 1.0 0.089063 0.366667 0.059375 0.166667
0 1.0 0.137500 0.339583 0.093750 0.087500
0 1.0 0.146875 0.342708 0.150000 0.206250
0 1.0 0.139063 0.352083 0.068750 0.183333
0 1.0 0.214062 0.337500 0.056250 0.112500
0 1.0 0.185938 0.313542 0.153125 0.293750
0 1.0 0.188281 0.337500 0.082812 0.237500
0 1.0 0.922656 0.322917 0.082812 0.237500
0 1.0 0.955469 0.306250 0.089063 0.137500
0 1.0 0.949219 0.337500 0.032813 0.070833
0 1.0 0.958594 0.366667 0.029687 0.091667
0 1.0 0.054688 0.350000 0.087500 0.158333
0 1.0 0.069531 0.337500 0.057813 0.095833
0 1.0 0.032813 0.348958 0.065625 0.222917
0 1.0 0.021094 0.347917 0.042188 0.137500
0 1.0 0.846875 0.298958 0.018750 0.047917
0 1.0 0.830469 0.319792 0.076563 0.197917
0 1.0 0.876563 0.290625 0.171875 0.222917
0 1.0 0.828906 0.288542 0.167187 0.114583
0 1.0 0.897656 0.281250 0.020313 0.062500
0 1.0 0.833594 0.285417 0.054688 0.062500
0 1.0 0.688281 0.301042 0.026562 0.052083
0 1.0 0.672656 0.307292 0.092188 0.189583
0 1.0 0.704688 0.297917 0.265625 0.216667
0 1.0 0.726562 0.290625 0.031250 0.064583
0 1.0 0.714063 0.304167 0.093750 0.212500
0 1.0 0.770312 0.297917 0.268750 0.150000
0 1.0 0.790625 0.306250 0.018750 0.045833
0 1.0 0.773438 0.313542 0.078125 0.172917
0 1.0 0.565625 0.314583 0.134375 0.116667
0 1.0 0.549219 0.334375 0.054688 0.081250
0 1.0 0.600781 0.313542 0.023438 0.043750
0 1.0 0.628906 0.292708 0.198437 0.089583
0 1.0 0.396875 0.298958 0.228125 0.127083
0 1.0 0.401562 0.325000 0.118750 0.170833
0 1.0 0.499219 0.331250 0.020313 0.045833
0 1.0 0.537500 0.310417 0.025000 0.045833
0 1.0 0.440625 0.347917 0.050000 0.125000
0 1.0 0.511719 0.313542 0.139063 0.152083
0 1.0 0.503125 0.350000 0.043750 0.091667
0 1.0 0.240625 0.308333 0.075000 0.112500
0 1.0 0.254688 0.283333 0.240625 0.137500
0 1.0 0.317188 0.319792 0.031250 0.056250
0 1.0 0.381250 0.316667 0.034375 0.062500
0 1.0 0.407031 0.300000 0.032813 0.054167
0 1.0 0.071875 0.300000 0.084375 0.220833
0 1.0 0.161719 0.283333 0.264062 0.150000
0 1.0 0.157031 0.275000 0.042188 0.112500
0 1.0 0.225000 0.291667 0.034375 0.075000
0 1.0 0.928125 0.247917 0.143750 0.291667
0 1.0 0.938281 0.235417 0.123438 0.104167
0 1.0 0.965625 0.302083 0.040625 0.145833
0 1.0 0.053906 0.302083 0.060937 0.108333
0 1.0 0.081250 0.294792 0.040625 0.064583
0 1.0 0.107031 0.295833 0.214062 0.275000
0 1.0 0.078125 0.283333 0.025000 0.062500
0 1.0 0.137500 0.288542 0.134375 0.102083
0 1.0 0.834375 0.241667 0.056250 0.150000
0 1.0 0.825000 0.245833 0.109375 0.316667
0 1.0 0.878125 0.253125 0.065625 0.193750
0 1.0 0.827344 0.237500 0.098437 0.091667
0 1.0 0.710156 0.235417 0.185938 0.204167
0 1.0 0.716406 0.238542 0.070312 0.177083
0 1.0 0.775000 0.240625 0.062500 0.152083
0 1.0 0.767188 0.238542 0.109375 0.293750
0 1.0 0.603125 0.250000 0.100000 0.091667
0 1.0 0.549219 0.276042 0.095312 0.127083
0 1.0 0.583594 0.243750 0.310937 0.116667
0 1.0 0.600000 0.257292 0.100000 0.206250
0 1.0 0.675000 0.245833 0.059375 0.141667
0 1.0 0.403125 0.248958 0.293750 0.122917
0 1.0 0.525000 0.264583 0.025000 0.054167
0 1.0 0.438281 0.284375 0.107813 0.152083
0 1.0 0.499219 0.263542 0.192188 0.189583
0 1.0 0.498437 0.300000 0.062500 0.108333
0 1.0 0.228906 0.251042 0.142187 0.260417
0 1.0 0.267969 0.271875 0.029687 0.056250
0 1.0 0.296094 0.304167 0.057813 0.125000
0 1.0 0.353906 0.284375 0.114062 0.152083
0 1.0 0.355469 0.316667 0.048438 0.104167
0 1.0 0.467969 0.261458 0.032813 0.060417
0 1.0 0.210938 0.239583 0.300000 0.141667
0 1.0 0.953906 0.229167 0.064062 0.154167
0 1.0 0.933594 0.186458 0.132812 0.106250
0 1.0 0.050000 0.250000 0.100000 0.162500
0 1.0 0.066406 0.244792 0.039062 0.064583
0 1.0 0.026562 0.276042 0.053125 0.193750
0 1.0 0.131250 0.240625 0.121875 0.093750
0 1.0 0.872656 0.181250 0.145313 0.208333
0 1.0 0.852344 0.189583 0.079687 0.083333
0 1.0 0.728125 0.184375 0.293750 0.139583
0 1.0 0.611719 0.179167 0.235937 0.183333
0 1.0 0.111719 0.040625 0.110937 0.081250
0 1.0 0.137500 0.035417 0.050000 0.054167
0 1.0 0.134375 0.079167 0.056250 0.116667
0 1.0 0.160156 0.051042 0.235937 0.102083
0 1.0 0.071875 0.725000 0.143750 0.550000
0 1.0 0.252344 0.839583 0.351562 0.304167
0 1.0 0.149219 0.789583 0.198437 0.420833
0 1.0 0.073438 0.448958 0.146875 0.589583
0 1.0 0.499219 0.292708 0.479687 0.585417