0 1.0 0.517188 0.514583 0.271875 0.845833
0 1.0 0.288281 0.669792 0.114062 0.135417
0 1.0 0.781250 0.622917 0.284375 0.241667
0 1.0 0.721094 0.669792 0.070312 0.160417
0 1.0 0.741406 0.606250 0.273438 0.100000
0 1.0 0.731250 0.667708 0.043750 0.089583
0 1.0 0.663281 0.682292 0.048438 0.139583
0 1.0 0.676562 0.678125 0.028125 0.072917
0 1.0 0.922656 0.632292 0.123438 0.264583
0 1.0 0.878125 0.606250 0.243750 0.125000
0 1.0 0.189062 0.735417 0.065625 0.183333
0 1.0 0.227344 0.657292 0.289062 0.114583
0 1.0 0.874219 0.660417 0.089063 0.204167
0 1.0 0.786719 0.614583 0.039062 0.054167
0 1.0 0.884375 0.657292 0.062500 0.127083
0 1.0 0.849219 0.623958 0.029687 0.047917
0 1.0 0.780469 0.665625 0.054688 0.118750
0 1.0 0.819531 0.663542 0.073438 0.193750
0 1.0 0.830469 0.660417 0.045312 0.112500
0 1.0 0.103125 0.683333 0.206250 0.295833
0 1.0 0.439063 0.667708 0.075000 0.127083
0 1.0 0.543750 0.609375 0.015625 0.031250
0 1.0 0.450781 0.608333 0.229687 0.275000
0 1.0 0.464844 0.618750 0.145313 0.141667
0 1.0 0.390625 0.679167 0.065625 0.154167
0 1.0 0.428125 0.604167 0.259375 0.083333
0 1.0 0.394531 0.655208 0.120313 0.172917
0 1.0 0.496094 0.609375 0.020313 0.039583
0 1.0 0.400781 0.616667 0.192188 0.170833
0 1.0 0.678125 0.620833 0.256250 0.250000
0 1.0 0.341406 0.670833 0.101562 0.116667
0 1.0 0.331250 0.609375 0.081250 0.056250
0 1.0 0.342969 0.617708 0.251563 0.260417
0 1.0 0.342969 0.633333 0.170313 0.137500
0 1.0 0.289062 0.701042 0.059375 0.118750
0 1.0 0.192188 0.616667 0.190625 0.066667
0 1.0 0.610938 0.660417 0.053125 0.166667
0 1.0 0.639062 0.605208 0.237500 0.089583
0 1.0 0.616406 0.659375 0.026562 0.077083
0 1.0 0.611719 0.616667 0.185938 0.183333
0 1.0 0.550781 0.644792 0.067187 0.231250
0 1.0 0.560937 0.606250 0.184375 0.075000
0 1.0 0.503125 0.606250 0.100000 0.054167
0 1.0 0.561719 0.604167 0.229687 0.295833
0 1.0 0.507812 0.666667 0.059375 0.179167
0 1.0 0.769531 0.663542 0.082812 0.197917
0 1.0 0.443750 0.707292 0.025000 0.077083
0 1.0 0.597656 0.611458 0.039062 0.047917
0 1.0 0.535937 0.683333 0.018750 0.041667
0 1.0 0.463281 0.679167 0.142187 0.158333
0 1.0 0.415625 0.668750 0.359375 0.120833
0 1.0 0.483594 0.682292 0.026562 0.052083
0 1.0 0.394531 0.690625 0.260937 0.256250
0 1.0 0.346094 0.738542 0.067187 0.147917
0 1.0 0.648438 0.659375 0.206250 0.106250
0 1.0 0.619531 0.707292 0.032813 0.110417
0 1.0 0.548438 0.685417 0.115625 0.287500
0 1.0 0.435937 0.717708 0.100000 0.193750
0 1.0 0.503125 0.725000 0.081250 0.225000
0 1.0 0.539844 0.670833 0.085938 0.091667
0 1.0 0.441406 0.751042 0.035937 0.122917
0 1.0 0.083594 0.729167 0.060937 0.212500
0 1.0 0.131250 0.659375 0.168750 0.093750
0 1.0 0.160156 0.663542 0.032813 0.060417
0 1.0 0.017969 0.726042 0.035937 0.168750
0 1.0 0.066406 0.661458 0.064062 0.056250
0 1.0 0.270313 0.684375 0.025000 0.039583
0 1.0 0.089063 0.664583 0.015625 0.037500
0 1.0 0.047656 0.663542 0.095312 0.135417
0 1.0 0.961719 0.682292 0.035937 0.118750
0 1.0 0.947656 0.605208 0.104688 0.097917
0 1.0 0.950781 0.657292 0.057813 0.131250
0 1.0 0.277344 0.694792 0.260937 0.252083
0 1.0 0.234375 0.725000 0.087500 0.212500
0 1.0 0.267188 0.675000 0.071875 0.083333
0 1.0 0.185938 0.710417 0.131250 0.237500
0 1.0 0.139063 0.731250 0.056250 0.220833
0 1.0 0.202344 0.668750 0.045312 0.066667
0 1.0 0.437500 0.594792 0.065625 0.131250
0 1.0 0.504687 0.562500 0.050000 0.070833
0 1.0 0.471094 0.564583 0.092188 0.120833
0 1.0 0.392188 0.611458 0.065625 0.164583
0 1.0 0.421875 0.556250 0.321875 0.116667
0 1.0 0.450000 0.564583 0.071875 0.087500
0 1.0 0.337500 0.642708 0.043750 0.081250
0 1.0 0.360156 0.561458 0.154688 0.077083
0 1.0 0.290625 0.648958 0.040625 0.072917
0 1.0 0.235156 0.569792 0.220312 0.085417
0 1.0 0.671875 0.614583 0.025000 0.062500
0 1.0 0.635938 0.553125 0.246875 0.102083
0 1.0 0.617969 0.577083 0.032813 0.091667
0 1.0 0.621094 0.542708 0.239063 0.289583
0 1.0 0.546875 0.559375 0.090625 0.227083
0 1.0 0.506250 0.559375 0.115625 0.072917
0 1.0 0.816406 0.577083 0.189062 0.166667
0 1.0 0.512500 0.562500 0.068750 0.170833
0 1.0 0.513281 0.534375 0.217188 0.306250
0 1.0 0.446094 0.632292 0.023438 0.081250
0 1.0 0.564844 0.554167 0.204687 0.129167
0 1.0 0.145313 0.556250 0.234375 0.266667
0 1.0 0.134375 0.582292 0.121875 0.127083
0 1.0 0.405469 0.559375 0.160938 0.172917
0 1.0 0.103906 0.612500 0.032813 0.083333
0 1.0 0.101562 0.565625 0.100000 0.102083
0 1.0 0.289062 0.614583 0.090625 0.095833
0 1.0 0.071875 0.564583 0.084375 0.066667
0 1.0 0.025000 0.614583 0.034375 0.083333
0 1.0 0.084375 0.570833 0.028125 0.054167
0 1.0 0.068750 0.548958 0.137500 0.247917
0 1.0 0.053906 0.582292 0.073438 0.102083
0 1.0 0.965625 0.610417 0.028125 0.070833
0 1.0 0.960156 0.498958 0.079687 0.072917
0 1.0 0.957812 0.580208 0.046875 0.077083
0 1.0 0.936719 0.502083 0.126562 0.108333
0 1.0 0.022656 0.638542 0.023438 0.081250
0 1.0 0.283594 0.580208 0.032813 0.043750
0 1.0 0.284375 0.556250 0.237500 0.245833
0 1.0 0.303125 0.582292 0.084375 0.089583
0 1.0 0.243750 0.648958 0.043750 0.081250
0 1.0 0.178125 0.660417 0.031250 0.070833
0 1.0 0.174219 0.628125 0.067187 0.093750
0 1.0 0.204687 0.589583 0.071875 0.087500
0 1.0 0.139844 0.639583 0.029687 0.095833
0 1.0 0.088281 0.663542 0.045312 0.139583
0 1.0 0.115625 0.614583 0.137500 0.075000
0 1.0 0.341406 0.701042 0.051562 0.093750
0 1.0 0.312500 0.606250 0.162500 0.066667
0 1.0 0.085156 0.614583 0.151562 0.170833
0 1.0 0.611719 0.579167 0.067187 0.208333
0 1.0 0.068750 0.617708 0.059375 0.052083
0 1.0 0.021094 0.658333 0.042188 0.116667
0 1.0 0.102344 0.626042 0.010937 0.027083
0 1.0 0.050781 0.626042 0.079687 0.106250
0 1.0 0.960938 0.644792 0.028125 0.081250
0 1.0 0.960938 0.554167 0.078125 0.083333
0 1.0 0.952344 0.622917 0.048438 0.091667
0 1.0 0.927344 0.558333 0.145313 0.129167
0 1.0 0.265625 0.623958 0.018750 0.027083
0 1.0 0.891406 0.672917 0.217188 0.275000
0 1.0 0.243750 0.678125 0.068750 0.102083
0 1.0 0.266406 0.626042 0.035937 0.043750
0 1.0 0.196875 0.627083 0.025000 0.037500
0 1.0 0.177344 0.697917 0.051562 0.125000
0 1.0 0.239844 0.618750 0.076563 0.066667
0 1.0 0.204687 0.630208 0.265625 0.277083
0 1.0 0.142969 0.670833 0.051562 0.116667
0 1.0 0.545312 0.607292 0.062500 0.060417
0 1.0 0.784375 0.552083 0.306250 0.100000
0 1.0 0.662500 0.620833 0.046875 0.129167
0 1.0 0.732812 0.612500 0.034375 0.062500
0 1.0 0.159375 0.620833 0.018750 0.037500
0 1.0 0.884375 0.630208 0.037500 0.072917
0 1.0 0.844531 0.573958 0.042188 0.047917
0 1.0 0.830469 0.625000 0.032813 0.075000
0 1.0 0.802344 0.561458 0.032813 0.043750
0 1.0 0.720313 0.764583 0.106250 0.345833
0 1.0 0.719531 0.760417 0.304688 0.133333
0 1.0 0.442188 0.804167 0.234375 0.329167
0 1.0 0.421875 0.763542 0.346875 0.139583
0 1.0 0.496094 0.777083 0.023438 0.066667
0 1.0 0.346875 0.793750 0.115625 0.329167
0 1.0 0.338281 0.766667 0.117188 0.120833
0 1.0 0.342969 0.788542 0.251563 0.306250
0 1.0 0.618750 0.794792 0.234375 0.335417
0 1.0 0.610156 0.785417 0.079687 0.250000
0 1.0 0.648438 0.765625 0.128125 0.127083
0 1.0 0.871875 0.766667 0.134375 0.345833
0 1.0 0.839844 0.776042 0.020313 0.047917
0 1.0 0.554688 0.761458 0.268750 0.131250
0 1.0 0.540625 0.795833 0.131250 0.333333
0 1.0 0.537500 0.770833 0.087500 0.112500
0 1.0 0.592969 0.770833 0.054688 0.095833
0 1.0 0.154688 0.773958 0.237500 0.302083
0 1.0 0.075000 0.802083 0.075000 0.241667
0 1.0 0.133594 0.767708 0.267188 0.127083
0 1.0 0.159375 0.778125 0.040625 0.077083
0 1.0 0.086719 0.780208 0.173437 0.222917
0 1.0 0.284375 0.789583 0.115625 0.283333
0 1.0 0.074219 0.766667 0.148438 0.087500
0 1.0 0.050000 0.785417 0.100000 0.162500
0 1.0 0.958594 0.750000 0.070312 0.329167
0 1.0 0.940625 0.705208 0.118750 0.106250
0 1.0 0.027344 0.814583 0.054688 0.212500
0 1.0 0.265625 0.780208 0.028125 0.060417
0 1.0 0.242188 0.762500 0.328125 0.145833
0 1.0 0.230469 0.782292 0.129688 0.277083
0 1.0 0.278906 0.767708 0.060937 0.106250
0 1.0 0.204687 0.771875 0.053125 0.093750
0 1.0 0.535937 0.779167 0.021875 0.054167
0 1.0 0.137500 0.790625 0.087500 0.289583
0 1.0 0.135937 0.815625 0.271875 0.131250
0 1.0 0.160156 0.826042 0.035937 0.077083
0 1.0 0.094531 0.827083 0.020313 0.050000
0 1.0 0.262500 0.830208 0.021875 0.047917
0 1.0 0.936719 0.760417 0.126562 0.100000
0 1.0 0.548438 0.814583 0.293750 0.133333
0 1.0 0.282031 0.821875 0.039062 0.077083
0 1.0 0.234375 0.818750 0.246875 0.295833
0 1.0 0.204687 0.821875 0.043750 0.081250
0 1.0 0.190625 0.833333 0.103125 0.287500
0 1.0 0.216406 0.814583 0.110937 0.125000
0 1.0 0.771875 0.776042 0.234375 0.335417
0 1.0 0.925000 0.771875 0.150000 0.318750
0 1.0 0.732812 0.764583 0.118750 0.129167
0 1.0 0.878906 0.763542 0.242188 0.127083
0 1.0 0.814063 0.768750 0.109375 0.379167
0 1.0 0.771094 0.766667 0.060937 0.062500
0 1.0 0.131250 0.713542 0.187500 0.089583
0 1.0 0.160156 0.719792 0.035937 0.056250
0 1.0 0.082031 0.719792 0.017188 0.035417
0 1.0 0.053125 0.719792 0.106250 0.177083
0 1.0 0.288281 0.727083 0.026562 0.050000
0 1.0 0.211719 0.725000 0.039062 0.062500
0 1.0 0.221094 0.709375 0.323437 0.127083
0 1.0 0.439844 0.775000 0.054688 0.208333
0 1.0 0.481250 0.719792 0.168750 0.089583
0 1.0 0.053125 0.711458 0.106250 0.068750
0 1.0 0.738281 0.657292 0.289062 0.131250
0 1.0 0.221875 0.713542 0.134375 0.122917
0 1.0 0.839844 0.667708 0.029687 0.068750
0 1.0 0.782813 0.660417 0.034375 0.066667
0 1.0 0.760938 0.734375 0.109375 0.310417
0 1.0 0.784375 0.700000 0.300000 0.137500
0 1.0 0.093750 0.779167 0.018750 0.045833
0 1.0 0.748437 0.706250 0.134375 0.133333
0 1.0 0.657031 0.737500 0.107813 0.320833
0 1.0 0.705469 0.710417 0.104688 0.120833
0 1.0 0.675781 0.733333 0.242188 0.291667
0 1.0 0.902344 0.703125 0.129688 0.135417
0 1.0 0.816406 0.704167 0.167187 0.212500
0 1.0 0.844531 0.714583 0.026562 0.062500
0 1.0 0.535937 0.728125 0.018750 0.043750
0 1.0 0.385937 0.765625 0.100000 0.285417
0 1.0 0.488281 0.725000 0.023438 0.054167
0 1.0 0.338281 0.710417 0.229687 0.100000
0 1.0 0.650781 0.712500 0.110937 0.120833
0 1.0 0.635938 0.706250 0.250000 0.125000
0 1.0 0.789844 0.710417 0.042188 0.066667
0 1.0 0.547656 0.750000 0.242188 0.329167
0 1.0 0.529687 0.719792 0.065625 0.089583
0 1.0 0.607812 0.720833 0.040625 0.070833
0 1.0 0.703125 0.339583 0.284375 0.116667
0 1.0 0.484375 0.329167 0.218750 0.300000
0 1.0 0.495312 0.356250 0.065625 0.137500
0 1.0 0.394531 0.366667 0.070312 0.254167
0 1.0 0.435156 0.338542 0.289062 0.135417
0 1.0 0.922656 0.564583 0.082812 0.200000
0 1.0 0.347656 0.400000 0.051562 0.129167
0 1.0 0.346094 0.377083 0.114062 0.187500
0 1.0 0.346094 0.351042 0.235937 0.164583
0 1.0 0.368750 0.368750 0.062500 0.108333
0 1.0 0.585156 0.341667 0.229687 0.366667
0 1.0 0.299219 0.380208 0.104688 0.177083
0 1.0 0.876563 0.400000 0.028125 0.075000
0 1.0 0.832031 0.358333 0.107813 0.091667
0 1.0 0.564063 0.334375 0.284375 0.152083
0 1.0 0.718750 0.372917 0.065625 0.229167
0 1.0 0.500781 0.365625 0.110937 0.272917
0 1.0 0.444531 0.340625 0.017188 0.056250
0 1.0 0.135937 0.359375 0.084375 0.135417
0 1.0 0.089063 0.384375 0.078125 0.272917
0 1.0 0.096875 0.345833 0.115625 0.095833
0 1.0 0.096094 0.387500 0.048438 0.162500
0 1.0 0.091406 0.350000 0.182812 0.158333
0 1.0 0.017188 0.350000 0.034375 0.129167
0 1.0 0.300000 0.403125 0.037500 0.102083
0 1.0 0.967969 0.338542 0.029687 0.085417
0 1.0 0.973437 0.287500 0.053125 0.079167
0 1.0 0.964844 0.314583 0.026562 0.054167
0 1.0 0.925781 0.291667 0.148438 0.141667
0 1.0 0.291406 0.353125 0.242188 0.302083
0 1.0 0.334375 0.379167 0.028125 0.066667
0 1.0 0.237500 0.391667 0.084375 0.216667
0 1.0 0.267188 0.343750 0.237500 0.125000
0 1.0 0.242188 0.389583 0.056250 0.129167
0 1.0 0.131250 0.347917 0.209375 0.300000
0 1.0 0.242188 0.352083 0.121875 0.100000
0 1.0 0.171875 0.373958 0.093750 0.202083
0 1.0 0.182812 0.350000 0.228125 0.183333
0 1.0 0.437500 0.345833 0.100000 0.208333
0 1.0 0.140625 0.406250 0.037500 0.191667
0 1.0 0.180469 0.413542 0.042188 0.147917
0 1.0 0.090625 0.446875 0.046875 0.139583
0 1.0 0.028125 0.443750 0.056250 0.220833
0 1.0 0.046875 0.396875 0.093750 0.106250
0 1.0 0.270313 0.395833 0.228125 0.145833
0 1.0 0.968750 0.396875 0.015625 0.039583
0 1.0 0.946094 0.342708 0.107813 0.102083
0 1.0 0.960156 0.402083 0.035937 0.066667
0 1.0 0.243750 0.459375 0.040625 0.093750
0 1.0 0.197656 0.408333 0.101562 0.150000
0 1.0 0.143750 0.460417 0.031250 0.116667
0 1.0 0.135937 0.395833 0.178125 0.141667
0 1.0 0.171875 0.456250 0.068750 0.200000
0 1.0 0.781250 0.396875 0.034375 0.102083
0 1.0 0.750781 0.347917 0.242188 0.312500
0 1.0 0.728906 0.373958 0.042188 0.139583
0 1.0 0.647656 0.335417 0.095312 0.379167
0 1.0 0.917188 0.371875 0.093750 0.268750
0 1.0 0.906250 0.345833 0.187500 0.158333
0 1.0 0.871875 0.394792 0.050000 0.131250
0 1.0 0.771875 0.394792 0.068750 0.197917
0 1.0 0.865625 0.348958 0.237500 0.285417
0 1.0 0.810937 0.410417 0.053125 0.175000
0 1.0 0.816406 0.412500 0.029687 0.091667
0 1.0 0.800000 0.351042 0.240625 0.152083
0 1.0 0.138281 0.456250 0.054688 0.237500
0 1.0 0.135937 0.291667 0.137500 0.112500
0 1.0 0.089844 0.295833 0.026562 0.079167
0 1.0 0.028906 0.300000 0.054688 0.216667
0 1.0 0.060156 0.292708 0.089063 0.072917
0 1.0 0.948438 0.236458 0.103125 0.106250
0 1.0 0.963281 0.271875 0.054688 0.127083
0 1.0 0.090625 0.289583 0.121875 0.179167
0 1.0 0.337500 0.328125 0.018750 0.043750
0 1.0 0.204687 0.288542 0.228125 0.118750
0 1.0 0.246094 0.334375 0.039062 0.089583
0 1.0 0.147656 0.318750 0.026562 0.091667
0 1.0 0.173437 0.329167 0.056250 0.179167
0 1.0 0.242969 0.300000 0.092188 0.083333
0 1.0 0.447656 0.347917 0.042188 0.125000
0 1.0 0.227344 0.315625 0.017188 0.047917
0 1.0 0.140625 0.332292 0.053125 0.222917
0 1.0 0.810156 0.236458 0.173437 0.218750
0 1.0 0.765625 0.226042 0.109375 0.385417
0 1.0 0.196094 0.052083 0.079687 0.087500
0 1.0 0.140625 0.076042 0.043750 0.131250
0 1.0 0.125781 0.042708 0.164062 0.085417
0 1.0 0.126562 0.078125 0.234375 0.156250
0 1.0 0.084375 0.063542 0.065625 0.127083
0 1.0 0.021875 0.054167 0.034375 0.087500
0 1.0 0.085156 0.028125 0.045312 0.047917
0 1.0 0.049219 0.036458 0.098437 0.072917
0 1.0 0.112500 0.029167 0.096875 0.058333
0 1.0 0.916406 0.239583 0.114062 0.400000
0 1.0 0.911719 0.240625 0.176563 0.160417
0 1.0 0.803125 0.229167 0.256250 0.341667
0 1.0 0.795312 0.242708 0.128125 0.093750
0 1.0 0.885156 0.237500 0.060937 0.170833
0 1.0 0.812500 0.251042 0.075000 0.289583
0 1.0 0.819531 0.251042 0.039062 0.131250
0 1.0 0.878906 0.236458 0.098437 0.310417
0 1.0 0.750000 0.290625 0.237500 0.122917
0 1.0 0.785156 0.306250 0.020313 0.062500
0 1.0 0.048438 0.344792 0.096875 0.110417
0 1.0 0.734375 0.301042 0.025000 0.077083
0 1.0 0.323437 0.297917 0.159375 0.087500
0 1.0 0.685937 0.292708 0.256250 0.318750
0 1.0 0.715625 0.292708 0.118750 0.172917
0 1.0 0.619531 0.281250 0.279687 0.145833
0 1.0 0.658594 0.293750 0.045312 0.158333
0 1.0 0.215625 0.369792 0.034375 0.077083
0 1.0 0.771094 0.316667 0.082812 0.254167
0 1.0 0.836719 0.303125 0.076563 0.060417
0 1.0 0.826562 0.309375 0.015625 0.047917
0 1.0 0.820312 0.296875 0.109375 0.135417
0 1.0 0.885156 0.304167 0.017188 0.041667
0 1.0 0.524219 0.317708 0.023438 0.064583
0 1.0 0.434375 0.287500 0.268750 0.125000
0 1.0 0.401562 0.298958 0.109375 0.243750
0 1.0 0.410156 0.286458 0.242188 0.281250
0 1.0 0.344531 0.335417 0.067187 0.166667
0 1.0 0.419531 0.292708 0.035937 0.056250
0 1.0 0.353906 0.290625 0.235937 0.160417
0 1.0 0.599219 0.306250 0.120313 0.262500
0 1.0 0.381250 0.310417 0.040625 0.079167
0 1.0 0.300000 0.347917 0.062500 0.145833
0 1.0 0.875781 0.326042 0.067187 0.177083
0 1.0 0.829688 0.296875 0.034375 0.043750
0 1.0 0.578125 0.297917 0.028125 0.066667
0 1.0 0.093750 0.577083 0.031250 0.116667
0 1.0 0.096875 0.502083 0.165625 0.091667
0 1.0 0.567187 0.390625 0.275000 0.135417
0 1.0 0.028906 0.552083 0.048438 0.116667
0 1.0 0.051562 0.513542 0.071875 0.077083
0 1.0 0.050000 0.520833 0.100000 0.145833
0 1.0 0.971094 0.548958 0.020313 0.043750
0 1.0 0.976562 0.448958 0.046875 0.056250
0 1.0 0.245312 0.597917 0.037500 0.083333
0 1.0 0.254688 0.502083 0.265625 0.112500
0 1.0 0.029687 0.583333 0.025000 0.095833
0 1.0 0.299219 0.520833 0.120313 0.133333
0 1.0 0.553906 0.491667 0.145313 0.212500
0 1.0 0.146094 0.506250 0.151562 0.120833
0 1.0 0.182812 0.605208 0.028125 0.072917
0 1.0 0.178906 0.565625 0.067187 0.102083
0 1.0 0.202344 0.508333 0.226562 0.275000
0 1.0 0.196094 0.518750 0.101562 0.116667
0 1.0 0.133594 0.592708 0.023438 0.097917
0 1.0 0.132031 0.564583 0.035937 0.095833
0 1.0 0.782031 0.503125 0.051562 0.118750
0 1.0 0.793750 0.446875 0.075000 0.068750
0 1.0 0.798438 0.507292 0.018750 0.047917
0 1.0 0.769531 0.450000 0.223438 0.137500
0 1.0 0.721875 0.487500 0.053125 0.145833
0 1.0 0.932031 0.455208 0.135937 0.252083
0 1.0 0.962500 0.526042 0.034375 0.047917
0 1.0 0.921875 0.453125 0.156250 0.114583
0 1.0 0.658594 0.448958 0.051562 0.202083
0 1.0 0.666406 0.453125 0.170313 0.102083
0 1.0 0.668750 0.461458 0.028125 0.110417
0 1.0 0.647656 0.403125 0.232813 0.335417
0 1.0 0.737500 0.489583 0.021875 0.058333
0 1.0 0.925781 0.465625 0.064062 0.089583
0 1.0 0.879687 0.521875 0.037500 0.068750
0 1.0 0.817187 0.468750 0.090625 0.108333
0 1.0 0.890625 0.528125 0.015625 0.031250
0 1.0 0.883594 0.475000 0.107813 0.100000
0 1.0 0.828906 0.517708 0.017188 0.047917
0 1.0 0.817187 0.443750 0.246875 0.250000
0 1.0 0.835938 0.455208 0.015625 0.027083
0 1.0 0.774219 0.548958 0.067187 0.160417
0 1.0 0.781250 0.498958 0.259375 0.102083
0 1.0 0.782813 0.544792 0.043750 0.093750
0 1.0 0.720313 0.539583 0.065625 0.154167
0 1.0 0.723437 0.494792 0.246875 0.264583
0 1.0 0.664844 0.516667 0.039062 0.112500
0 1.0 0.662500 0.505208 0.250000 0.147917
0 1.0 0.729688 0.532292 0.040625 0.077083
0 1.0 0.873437 0.586458 0.053125 0.106250
0 1.0 0.882812 0.580208 0.034375 0.060417
0 1.0 0.809375 0.517708 0.037500 0.043750
0 1.0 0.864844 0.515625 0.242188 0.264583
0 1.0 0.874219 0.522917 0.185938 0.150000
0 1.0 0.817969 0.564583 0.057813 0.141667
0 1.0 0.773438 0.509375 0.021875 0.035417
0 1.0 0.440625 0.531250 0.068750 0.170833
0 1.0 0.472656 0.504167 0.132812 0.116667
0 1.0 0.392969 0.545833 0.057813 0.191667
0 1.0 0.610938 0.477083 0.096875 0.300000
0 1.0 0.339062 0.583333 0.043750 0.095833
0 1.0 0.337500 0.555208 0.084375 0.118750
0 1.0 0.341406 0.506250 0.214062 0.266667
0 1.0 0.292969 0.595833 0.035937 0.075000
0 1.0 0.614844 0.486458 0.067187 0.185417
0 1.0 0.570312 0.505208 0.240625 0.114583
0 1.0 0.825781 0.560417 0.032813 0.070833
0 1.0 0.505469 0.480208 0.092188 0.347917
0 1.0 0.446875 0.564583 0.025000 0.104167
0 1.0 0.765625 0.396875 0.256250 0.122917
0 1.0 0.794531 0.467708 0.023438 0.064583
0 1.0 0.971875 0.505208 0.025000 0.064583
0 1.0 0.957031 0.397917 0.085938 0.095833
0 1.0 0.915625 0.400000 0.168750 0.120833
0 1.0 0.873437 0.468750 0.050000 0.116667
0 1.0 0.778906 0.459375 0.060937 0.160417
0 1.0 0.818750 0.415625 0.087500 0.085417
0 1.0 0.138281 0.517708 0.026562 0.089583
0 1.0 0.140625 0.450000 0.193750 0.120833
0 1.0 0.825000 0.470833 0.021875 0.066667
0 1.0 0.885156 0.480208 0.017188 0.043750
0 1.0 0.734375 0.437500 0.028125 0.100000
0 1.0 0.425000 0.389583 0.300000 0.120833
0 1.0 0.403906 0.395833 0.229687 0.316667
0 1.0 0.343750 0.450000 0.081250 0.225000
0 1.0 0.296875 0.462500 0.071875 0.179167
0 1.0 0.294531 0.394792 0.132812 0.089583
0 1.0 0.446875 0.428125 0.059375 0.235417
0 1.0 0.469531 0.441667 0.179688 0.112500
0 1.0 0.499219 0.470833 0.035937 0.087500
0 1.0 0.393750 0.464583 0.090625 0.216667
0 1.0 0.348438 0.514583 0.037500 0.095833
0 1.0 0.316406 0.447917 0.014063 0.033333
0 1.0 0.269531 0.443750 0.173437 0.112500
0 1.0 0.366406 0.484375 0.054688 0.093750
0 1.0 0.300781 0.537500 0.035937 0.091667
0 1.0 0.316406 0.451042 0.132812 0.081250
0 1.0 0.609375 0.452083 0.218750 0.150000
0 1.0 0.582812 0.446875 0.115625 0.077083
0 1.0 0.820312 0.515625 0.043750 0.110417
0 1.0 0.552344 0.446875 0.014063 0.031250
0 1.0 0.530469 0.439583 0.157812 0.091667
0 1.0 0.450781 0.471875 0.023438 0.089583
0 1.0 0.146875 0.471875 0.062500 0.097917
0 1.0 0.092969 0.521875 0.039062 0.156250
0 1.0 0.121875 0.447917 0.043750 0.054167
0 1.0 0.101562 0.512500 0.028125 0.095833
0 1.0 0.091406 0.455208 0.182812 0.306250
0 1.0 0.092188 0.462500 0.096875 0.150000
0 1.0 0.026562 0.514583 0.028125 0.112500
0 1.0 0.051562 0.447917 0.103125 0.095833
0 1.0 0.326562 0.487500 0.034375 0.066667
0 1.0 0.964063 0.480208 0.037500 0.060417
0 1.0 0.096875 0.447917 0.015625 0.033333
0 1.0 0.549219 0.433333 0.095312 0.266667
0 1.0 0.246094 0.527083 0.045312 0.112500
0 1.0 0.279687 0.444792 0.050000 0.060417
0 1.0 0.277344 0.450000 0.026562 0.045833
0 1.0 0.219531 0.480208 0.032813 0.068750
0 1.0 0.192969 0.451042 0.039062 0.052083
0 1.0 0.393750 0.483333 0.046875 0.175000
0 1.0 0.182031 0.537500 0.029687 0.091667
0 1.0 0.660156 0.681250 0.442188 0.458333
0 1.0 0.549219 0.651042 0.645312 0.206250
0 1.0 0.525000 0.141667 0.265625 0.270833
0 1.0 0.444531 0.165625 0.067187 0.168750
0 1.0 0.484375 0.126042 0.181250 0.089583
0 1.0 0.461719 0.126042 0.182812 0.189583
0 1.0 0.390625 0.145833 0.093750 0.258333
0 1.0 0.503125 0.127083 0.056250 0.070833
0 1.0 0.297656 0.147917 0.123438 0.220833
0 1.0 0.267969 0.145833 0.029687 0.054167
0 1.0 0.290625 0.139583 0.246875 0.275000
0 1.0 0.214062 0.127083 0.206250 0.120833
0 1.0 0.449219 0.663542 0.382812 0.502083
0 1.0 0.646875 0.659375 0.218750 0.568750
0 1.0 0.928125 0.576042 0.143750 0.589583
0 1.0 0.732812 0.556250 0.528125 0.212500
0 1.0 0.657813 0.151042 0.081250 0.189583
0 1.0 0.657031 0.120833 0.248438 0.166667
0 1.0 0.614062 0.150000 0.109375 0.279167
0 1.0 0.753125 0.119792 0.268750 0.139583
0 1.0 0.559375 0.158333 0.096875 0.229167
0 1.0 0.564844 0.123958 0.257812 0.152083
0 1.0 0.282813 0.652083 0.565625 0.200000
0 1.0 0.498437 0.162500 0.087500 0.220833
0 1.0 0.175781 0.126042 0.176563 0.231250
0 1.0 0.130469 0.173958 0.064062 0.268750
0 1.0 0.113281 0.123958 0.179688 0.156250
0 1.0 0.728125 0.755208 0.528125 0.243750
0 1.0 0.897656 0.113542 0.204687 0.227083
0 1.0 0.079687 0.161458 0.131250 0.322917
0 1.0 0.039844 0.152083 0.079687 0.275000
0 1.0 0.065625 0.121875 0.131250 0.110417
0 1.0 0.968750 0.137500 0.040625 0.112500
0 1.0 0.279687 0.753125 0.559375 0.231250
0 1.0 0.393750 0.129167 0.246875 0.258333
0 1.0 0.345313 0.152083 0.100000 0.275000
0 1.0 0.371875 0.127083 0.159375 0.104167
0 1.0 0.843750 0.686458 0.196875 0.547917
0 1.0 0.175000 0.175000 0.062500 0.229167
0 1.0 0.362500 0.184375 0.062500 0.106250
0 1.0 0.297656 0.230208 0.070312 0.177083
0 1.0 0.332813 0.191667 0.225000 0.116667
0 1.0 0.328906 0.205208 0.020313 0.047917
0 1.0 0.716406 0.151042 0.126562 0.302083
0 1.0 0.251563 0.180208 0.250000 0.131250
0 1.0 0.233594 0.187500 0.135937 0.304167
0 1.0 0.503906 0.204167 0.032813 0.066667
0 1.0 0.139844 0.182292 0.245312 0.185417
0 1.0 0.196094 0.188542 0.017188 0.052083
0 1.0 0.125781 0.185417 0.114062 0.358333
0 1.0 0.396875 0.185417 0.109375 0.087500
0 1.0 0.445312 0.230208 0.050000 0.143750
0 1.0 0.539844 0.192708 0.073438 0.072917
0 1.0 0.441406 0.197917 0.110937 0.208333
0 1.0 0.479687 0.185417 0.228125 0.154167
0 1.0 0.588281 0.200000 0.270313 0.270833
0 1.0 0.503125 0.258333 0.062500 0.158333
0 1.0 0.266406 0.348958 0.532813 0.214583
0 1.0 0.722656 0.346875 0.539062 0.231250
0 1.0 0.464844 0.338542 0.482812 0.260417
0 1.0 0.464844 0.554167 0.610938 0.212500
0 1.0 0.728125 0.448958 0.528125 0.218750
0 1.0 0.738281 0.427083 0.404687 0.475000
0 1.0 0.883594 0.143750 0.098437 0.220833
0 1.0 0.818750 0.125000 0.112500 0.116667
0 1.0 0.807031 0.151042 0.095312 0.302083
0 1.0 0.807031 0.148958 0.060937 0.177083
0 1.0 0.949219 0.137500 0.101562 0.154167
0 1.0 0.371094 0.453125 0.589063 0.218750
0 1.0 0.050781 0.182292 0.089063 0.077083
0 1.0 0.966406 0.186458 0.048438 0.147917
0 1.0 0.802344 0.035417 0.192188 0.070833
0 1.0 0.814844 0.068750 0.029687 0.062500
0 1.0 0.806250 0.084375 0.256250 0.168750
0 1.0 0.771875 0.087500 0.065625 0.162500
0 1.0 0.781250 0.078125 0.031250 0.068750
0 1.0 0.735156 0.068750 0.032813 0.062500
0 1.0 0.712500 0.046875 0.212500 0.093750
0 1.0 0.634375 0.879167 0.731250 0.241667
0 1.0 0.653906 0.096875 0.039062 0.089583
0 1.0 0.810937 0.081250 0.050000 0.120833
0 1.0 0.657813 0.084375 0.028125 0.052083
0 1.0 0.961719 0.065625 0.042188 0.064583
0 1.0 0.940625 0.042708 0.118750 0.085417
0 1.0 0.070312 0.075000 0.140625 0.112500
0 1.0 0.316406 0.494792 0.498437 0.618750
0 1.0 0.257812 0.876042 0.515625 0.247917
0 1.0 0.919531 0.072917 0.089063 0.145833
0 1.0 0.875000 0.065625 0.062500 0.110417
0 1.0 0.884375 0.061458 0.040625 0.060417
0 1.0 0.882031 0.056250 0.135937 0.112500
0 1.0 0.842969 0.029167 0.082812 0.058333
0 1.0 0.235937 0.040625 0.162500 0.081250
0 1.0 0.241406 0.077083 0.251563 0.154167
0 1.0 0.517969 0.517708 0.626563 0.822917
0 1.0 0.499219 0.796875 0.860938 0.406250
0 1.0 0.415625 0.032292 0.212500 0.064583
0 1.0 0.403125 0.070833 0.125000 0.141667
0 1.0 0.345313 0.069792 0.065625 0.139583
0 1.0 0.171875 0.058333 0.078125 0.116667
0 1.0 0.746875 0.239583 0.275000 0.129167
0 1.0 0.303125 0.041667 0.187500 0.083333
0 1.0 0.177344 0.081250 0.048438 0.116667
0 1.0 0.361719 0.055208 0.129688 0.110417
0 1.0 0.296875 0.059375 0.056250 0.118750
0 1.0 0.232813 0.068750 0.081250 0.137500
0 1.0 0.619531 0.096875 0.048438 0.106250
0 1.0 0.650781 0.029167 0.076563 0.058333
0 1.0 0.629687 0.086458 0.025000 0.052083
0 1.0 0.627344 0.040625 0.139063 0.081250
0 1.0 0.563281 0.081250 0.039062 0.091667
0 1.0 0.611719 0.032292 0.060937 0.052083
0 1.0 0.325781 0.027083 0.042188 0.050000
0 1.0 0.573438 0.068750 0.034375 0.062500
0 1.0 0.586719 0.057292 0.079687 0.093750
0 1.0 0.724219 0.078125 0.057813 0.127083
0 1.0 0.489844 0.185417 0.979688 0.370833
0 1.0 0.503125 0.075000 0.059375 0.141667
0 1.0 0.533594 0.028125 0.098437 0.056250
0 1.0 0.503906 0.077083 0.226562 0.154167
0 1.0 0.444531 0.065625 0.042188 0.077083
0 1.0 0.666406 0.057292 0.107813 0.110417
0 1.0 0.441406 0.063542 0.092188 0.118750
0 1.0 0.489844 0.037500 0.079687 0.070833
0 1.0 0.509375 0.495833 0.981250 0.470833
0 1.0 0.509375 0.030208 0.031250 0.039583
0 1.0 0.174219 0.925000 0.348438 0.150000
0 1.0 0.825000 0.848958 0.350000 0.202083
0 1.0 0.622656 0.079167 0.232813 0.133333
0 1.0 0.592187 0.087500 0.112500 0.112500
0 1.0 0.454688 0.925000 0.621875 0.150000
0 1.0 0.950781 0.079167 0.098437 0.100000
0 1.0 0.814844 0.083333 0.123438 0.104167
0 1.0 0.741406 0.120833 0.517188 0.241667
0 1.0 0.335938 0.298958 0.665625 0.406250
0 1.0 0.495312 0.085417 0.056250 0.079167
0 1.0 0.253125 0.088542 0.043750 0.064583
0 1.0 0.829688 0.922917 0.340625 0.154167
0 1.0 0.395313 0.898958 0.134375 0.202083
0 1.0 0.429688 0.925000 0.134375 0.129167
0 1.0 0.074219 0.917708 0.082812 0.164583
0 1.0 0.124219 0.927083 0.104688 0.100000
0 1.0 0.053125 0.926042 0.106250 0.085417
0 1.0 0.039062 0.910417 0.078125 0.179167
0 1.0 0.061719 0.931250 0.035937 0.066667
0 1.0 0.956250 0.870833 0.028125 0.083333
0 1.0 0.927344 0.873958 0.145313 0.118750
0 1.0 0.228125 0.901042 0.103125 0.197917
0 1.0 0.319531 0.936458 0.045312 0.072917
0 1.0 0.285938 0.895833 0.246875 0.208333
0 1.0 0.308594 0.931250 0.076563 0.104167
0 1.0 0.539844 0.885417 0.242188 0.225000
0 1.0 0.546875 0.912500 0.150000 0.154167
0 1.0 0.190625 0.911458 0.090625 0.177083
0 1.0 0.138281 0.905208 0.085938 0.189583
0 1.0 0.771875 0.838542 0.068750 0.156250
0 1.0 0.764844 0.875000 0.289062 0.125000
0 1.0 0.767969 0.868750 0.179688 0.208333
0 1.0 0.718750 0.858333 0.046875 0.112500
0 1.0 0.944531 0.888542 0.048438 0.114583
0 1.0 0.671094 0.833333 0.035937 0.079167
0 1.0 0.682813 0.864583 0.025000 0.062500
0 1.0 0.678125 0.879167 0.193750 0.137500
0 1.0 0.926562 0.854167 0.075000 0.229167
0 1.0 0.910156 0.867708 0.160938 0.227083
0 1.0 0.879687 0.832292 0.065625 0.156250
0 1.0 0.892188 0.867708 0.043750 0.106250
0 1.0 0.859375 0.887500 0.040625 0.066667
0 1.0 0.832812 0.880208 0.028125 0.081250
0 1.0 0.792969 0.878125 0.120313 0.089583
0 1.0 0.772656 0.902083 0.110937 0.179167
0 1.0 0.712500 0.896875 0.109375 0.206250
0 1.0 0.721875 0.915625 0.293750 0.127083
0 1.0 0.283594 0.914583 0.123438 0.170833
0 1.0 0.669531 0.907292 0.082812 0.147917
0 1.0 0.292187 0.957292 0.068750 0.077083
0 1.0 0.876563 0.905208 0.109375 0.177083
0 1.0 0.814844 0.893750 0.107813 0.212500
0 1.0 0.165625 0.961458 0.043750 0.052083
0 1.0 0.487500 0.920833 0.125000 0.112500
0 1.0 0.421875 0.922917 0.293750 0.133333
0 1.0 0.602344 0.897917 0.110937 0.204167
0 1.0 0.347656 0.912500 0.092188 0.175000
0 1.0 0.731250 0.817708 0.328125 0.122917
0 1.0 0.610156 0.823958 0.029687 0.068750
0 1.0 0.925781 0.814583 0.148438 0.104167
0 1.0 0.692969 0.822917 0.117188 0.108333
0 1.0 0.841406 0.836458 0.020313 0.043750
0 1.0 0.153125 0.880208 0.046875 0.131250
0 1.0 0.202344 0.884375 0.042188 0.068750
0 1.0 0.758594 0.825000 0.123438 0.079167
0 1.0 0.540625 0.831250 0.021875 0.054167
0 1.0 0.428125 0.813542 0.340625 0.127083
0 1.0 0.498437 0.826042 0.021875 0.060417
0 1.0 0.300781 0.810417 0.304688 0.129167
0 1.0 0.326562 0.817708 0.093750 0.102083
0 1.0 0.526563 0.825000 0.103125 0.116667
0 1.0 0.439844 0.836458 0.098437 0.285417
0 1.0 0.580469 0.822917 0.073438 0.104167
0 1.0 0.542969 0.890625 0.023438 0.052083
0 1.0 0.496094 0.888542 0.023438 0.052083
0 1.0 0.356250 0.892708 0.034375 0.097917
0 1.0 0.325781 0.880208 0.273438 0.110417
0 1.0 0.354687 0.882292 0.081250 0.077083
0 1.0 0.291406 0.886458 0.035937 0.102083
0 1.0 0.210156 0.888542 0.201563 0.081250
0 1.0 0.617188 0.857292 0.021875 0.056250
0 1.0 0.548438 0.866667 0.059375 0.154167
0 1.0 0.823438 0.854167 0.050000 0.133333
0 1.0 0.499219 0.883333 0.217188 0.104167
0 1.0 0.438281 0.877083 0.029687 0.075000
0 1.0 0.138281 0.869792 0.189062 0.227083
0 1.0 0.078125 0.883333 0.034375 0.104167
0 1.0 0.152344 0.882292 0.035937 0.068750
0 1.0 0.052344 0.876042 0.104688 0.081250
0 1.0 0.073438 0.882292 0.018750 0.043750
0 1.0 0.303125 0.885417 0.078125 0.116667
0 1.0 0.030469 0.898958 0.029687 0.102083
0 1.0 0.275781 0.894792 0.020313 0.035417
0 1.0 0.233594 0.879167 0.048438 0.137500
0 1.0 0.281250 0.889583 0.037500 0.062500
0 1.0 0.159375 0.878125 0.300000 0.122917
0 1.0 0.393750 0.866667 0.059375 0.170833
0 1.0 0.073438 0.234375 0.146875 0.118750
0 1.0 0.208594 0.238542 0.270313 0.122917
0 1.0 0.169531 0.251042 0.098437 0.247917
0 1.0 0.135937 0.237500 0.140625 0.141667
0 1.0 0.893750 0.181250 0.212500 0.125000
0 1.0 0.459375 0.144792 0.528125 0.218750
0 1.0 0.428125 0.239583 0.300000 0.120833
0 1.0 0.437500 0.246875 0.100000 0.097917
0 1.0 0.347656 0.260417 0.107813 0.208333
0 1.0 0.301563 0.295833 0.050000 0.145833
0 1.0 0.265625 0.262500 0.025000 0.050000
0 1.0 0.480469 0.257292 0.164062 0.210417
0 1.0 0.520312 0.247917 0.068750 0.100000
0 1.0 0.611719 0.255208 0.501563 0.243750
0 1.0 0.753125 0.178125 0.275000 0.127083
0 1.0 0.209375 0.243750 0.418750 0.225000
0 1.0 0.632031 0.182292 0.295312 0.127083
0 1.0 0.782031 0.248958 0.435937 0.218750
0 1.0 0.824219 0.181250 0.117188 0.091667
0 1.0 0.528125 0.953125 0.046875 0.060417
0 1.0 0.468750 0.958333 0.090625 0.083333
0 1.0 0.697656 0.951042 0.135937 0.097917
0 1.0 0.369531 0.962500 0.026562 0.041667
0 1.0 0.346875 0.954167 0.068750 0.075000
0 1.0 0.313281 0.964583 0.035937 0.050000
0 1.0 0.685937 0.958333 0.056250 0.054167
0 1.0 0.645312 0.950000 0.137500 0.100000
0 1.0 0.623437 0.921875 0.218750 0.156250
0 1.0 0.614062 0.959375 0.040625 0.047917
0 1.0 0.549219 0.959375 0.026562 0.039583
0 1.0 0.558594 0.953125 0.098437 0.093750
0 1.0 0.511719 0.946875 0.123438 0.106250
0 1.0 0.446094 0.942708 0.064062 0.114583
0 1.0 0.146875 0.955208 0.106250 0.089583
0 1.0 0.410156 0.955208 0.089063 0.089583
0 1.0 0.146875 0.955208 0.056250 0.072917
0 1.0 0.092188 0.953125 0.112500 0.093750
0 1.0 0.084375 0.961458 0.028125 0.043750
0 1.0 0.074219 0.957292 0.039062 0.064583
0 1.0 0.961719 0.922917 0.054688 0.154167
0 1.0 0.235937 0.944792 0.081250 0.110417
0 1.0 0.571094 0.960417 0.039062 0.045833
0 1.0 0.194531 0.955208 0.070312 0.077083
0 1.0 0.267969 0.962500 0.048438 0.050000
0 1.0 0.221094 0.961458 0.035937 0.043750
0 1.0 0.610156 0.935417 0.079687 0.129167
0 1.0 0.724219 0.245833 0.057813 0.170833
0 1.0 0.554688 0.079167 0.578125 0.158333
0 1.0 0.450000 0.294792 0.037500 0.106250
0 1.0 0.928125 0.959375 0.143750 0.081250
0 1.0 0.812500 0.957292 0.090625 0.064583
0 1.0 0.788281 0.950000 0.148438 0.100000
0 1.0 0.772656 0.958333 0.089063 0.066667
0 1.0 0.735156 0.958333 0.054688 0.054167
0 1.0 0.925781 0.931250 0.079687 0.137500
0 1.0 0.857031 0.953125 0.048438 0.060417
0 1.0 0.771094 0.225000 0.064062 0.204167
0 1.0 0.842969 0.958333 0.035937 0.045833
0 1.0 0.750781 0.580208 0.210938 0.568750
0 1.0 0.072656 0.628125 0.145313 0.656250
0 1.0 0.238281 0.688542 0.404687 0.427083
0 1.0 0.167969 0.489583 0.335938 0.979167
0 1.0 0.678125 0.331250 0.643750 0.662500
0 1.0 0.210938 0.498958 0.421875 0.364583
0 1.0 0.453906 0.836458 0.489063 0.231250
0 1.0 0.353125 0.182292 0.418750 0.364583
0 1.0 0.140625 0.212500 0.250000 0.425000
0 1.0 0.342187 0.269792 0.206250 0.539583
0 1.0 0.245312 0.277083 0.218750 0.554167
0 1.0 0.283594 0.295833 0.201563 0.129167
0 1.0 0.806250 0.513542 0.378125 0.972917
0 1.0 0.147656 0.448958 0.195312 0.693750
0 1.0 0.350781 0.581250 0.195312 0.633333
0 1.0 0.240625 0.569792 0.203125 0.610417
0 1.0 0.075781 0.354167 0.151562 0.704167
0 1.0 0.849219 0.376042 0.185938 0.656250
0 1.0 0.820312 0.331250 0.356250 0.450000
0 1.0 0.915625 0.353125 0.168750 0.497917
0 1.0 0.487500 0.300000 0.446875 0.600000