0 1.0 0.525000 0.489583 0.837500 0.883333
0 1.0 0.397656 0.792708 0.145313 0.322917
0 1.0 0.836719 0.568750 0.057813 0.120833
0 1.0 0.650000 0.545833 0.309375 0.175000
0 1.0 0.832812 0.548958 0.259375 0.177083
0 1.0 0.758594 0.548958 0.117188 0.260417
0 1.0 0.664844 0.554167 0.126562 0.250000
0 1.0 0.053906 0.586458 0.107813 0.181250
0 1.0 0.933594 0.556250 0.132812 0.108333
0 1.0 0.949219 0.607292 0.048438 0.089583
0 1.0 0.925781 0.546875 0.148438 0.252083
0 1.0 0.876563 0.591667 0.100000 0.187500
0 1.0 0.824219 0.564583 0.095312 0.208333
0 1.0 0.471094 0.553125 0.148438 0.106250
0 1.0 0.439063 0.530208 0.150000 0.272917
0 1.0 0.345313 0.566667 0.068750 0.220833
0 1.0 0.375781 0.557292 0.129688 0.097917
0 1.0 0.351562 0.556250 0.250000 0.166667
0 1.0 0.288281 0.544792 0.076563 0.260417
0 1.0 0.599219 0.555208 0.092188 0.177083
0 1.0 0.542188 0.558333 0.112500 0.229167
0 1.0 0.541406 0.551042 0.292187 0.160417
0 1.0 0.491406 0.570833 0.117188 0.245833
0 1.0 0.505469 0.594792 0.298438 0.127083
0 1.0 0.482031 0.594792 0.095312 0.102083
0 1.0 0.396875 0.569792 0.093750 0.277083
0 1.0 0.472656 0.594792 0.045312 0.072917
0 1.0 0.687500 0.594792 0.346875 0.139583
0 1.0 0.607812 0.594792 0.215625 0.206250
0 1.0 0.160156 0.573958 0.251563 0.302083
0 1.0 0.127344 0.606250 0.254688 0.129167
0 1.0 0.077344 0.569792 0.135937 0.339583
0 1.0 0.128906 0.600000 0.104688 0.104167
0 1.0 0.035156 0.572917 0.070312 0.316667
0 1.0 0.074219 0.600000 0.057813 0.083333
0 1.0 0.344531 0.600000 0.192188 0.108333
0 1.0 0.344531 0.606250 0.120313 0.245833
0 1.0 0.260156 0.602083 0.245312 0.116667
0 1.0 0.294531 0.591667 0.129688 0.291667
0 1.0 0.307031 0.605208 0.057813 0.085417
0 1.0 0.232031 0.572917 0.110937 0.354167
0 1.0 0.241406 0.605208 0.107813 0.110417
0 1.0 0.234375 0.591667 0.193750 0.233333
0 1.0 0.445312 0.500000 0.084375 0.104167
0 1.0 0.363281 0.502083 0.170313 0.116667
0 1.0 0.717187 0.586458 0.134375 0.264583
0 1.0 0.282813 0.497917 0.237500 0.125000
0 1.0 0.303906 0.497917 0.076563 0.108333
0 1.0 0.282031 0.482292 0.229687 0.302083
0 1.0 0.559375 0.496875 0.196875 0.210417
0 1.0 0.407813 0.477083 0.100000 0.312500
0 1.0 0.503906 0.496875 0.270313 0.302083
0 1.0 0.058594 0.495833 0.064062 0.100000
0 1.0 0.055469 0.494792 0.110937 0.239583
0 1.0 0.957812 0.520833 0.037500 0.104167
0 1.0 0.951562 0.450000 0.096875 0.083333
0 1.0 0.921875 0.456250 0.156250 0.137500
0 1.0 0.917188 0.446875 0.165625 0.302083
0 1.0 0.875000 0.495833 0.087500 0.175000
0 1.0 0.817969 0.455208 0.060937 0.072917
0 1.0 0.806250 0.459375 0.218750 0.139583
0 1.0 0.175000 0.470833 0.143750 0.345833
0 1.0 0.073438 0.493750 0.146875 0.112500
0 1.0 0.128125 0.491667 0.225000 0.204167
0 1.0 0.116406 0.555208 0.142187 0.156250
0 1.0 0.954688 0.583333 0.034375 0.095833
0 1.0 0.941406 0.502083 0.117188 0.100000
0 1.0 0.946094 0.560417 0.051562 0.104167
0 1.0 0.066406 0.557292 0.060937 0.102083
0 1.0 0.319531 0.552083 0.098437 0.125000
0 1.0 0.229687 0.552083 0.306250 0.137500
0 1.0 0.251563 0.552083 0.134375 0.137500
0 1.0 0.703906 0.501042 0.310937 0.135417
0 1.0 0.873437 0.504167 0.246875 0.129167
0 1.0 0.821094 0.508333 0.082812 0.087500
0 1.0 0.875000 0.565625 0.059375 0.106250
0 1.0 0.762500 0.501042 0.218750 0.243750
0 1.0 0.662500 0.735417 0.090625 0.216667
0 1.0 0.642188 0.716667 0.300000 0.112500
0 1.0 0.638281 0.707292 0.285938 0.289583
0 1.0 0.605469 0.740625 0.079687 0.172917
0 1.0 0.879687 0.681250 0.103125 0.300000
0 1.0 0.876563 0.496875 0.053125 0.102083
0 1.0 0.550781 0.743750 0.079687 0.179167
0 1.0 0.539062 0.717708 0.250000 0.093750
0 1.0 0.562500 0.725000 0.112500 0.079167
0 1.0 0.495312 0.712500 0.106250 0.275000
0 1.0 0.860938 0.713542 0.246875 0.318750
0 1.0 0.819531 0.709375 0.114062 0.360417
0 1.0 0.830469 0.709375 0.317188 0.127083
0 1.0 0.761719 0.706250 0.107813 0.329167
0 1.0 0.710156 0.712500 0.173437 0.200000
0 1.0 0.040625 0.794792 0.081250 0.222917
0 1.0 0.355469 0.716667 0.123438 0.183333
0 1.0 0.295312 0.709375 0.109375 0.339583
0 1.0 0.267188 0.715625 0.228125 0.106250
0 1.0 0.317188 0.722917 0.046875 0.070833
0 1.0 0.284375 0.714583 0.256250 0.325000
0 1.0 0.261719 0.717708 0.098437 0.097917
0 1.0 0.233594 0.711458 0.182812 0.222917
0 1.0 0.182031 0.718750 0.110937 0.304167
0 1.0 0.155469 0.711458 0.295312 0.139583
0 1.0 0.446875 0.718750 0.078125 0.212500
0 1.0 0.511719 0.711458 0.270313 0.302083
0 1.0 0.461719 0.721875 0.126562 0.081250
0 1.0 0.500000 0.730208 0.034375 0.056250
0 1.0 0.390625 0.712500 0.284375 0.116667
0 1.0 0.457813 0.723958 0.034375 0.064583
0 1.0 0.389062 0.735417 0.243750 0.329167
0 1.0 0.357031 0.714583 0.098437 0.083333
0 1.0 0.353906 0.764583 0.170313 0.112500
0 1.0 0.875781 0.710417 0.067187 0.087500
0 1.0 0.245312 0.767708 0.228125 0.118750
0 1.0 0.301563 0.776042 0.043750 0.077083
0 1.0 0.230469 0.786458 0.123438 0.293750
0 1.0 0.253906 0.770833 0.095312 0.108333
0 1.0 0.611719 0.782292 0.173437 0.164583
0 1.0 0.553125 0.820833 0.090625 0.212500
0 1.0 0.597656 0.780208 0.092188 0.085417
0 1.0 0.561719 0.792708 0.279687 0.289583
0 1.0 0.521094 0.769792 0.295312 0.118750
0 1.0 0.510156 0.784375 0.139063 0.177083
0 1.0 0.707812 0.765625 0.093750 0.260417
0 1.0 0.512500 0.784375 0.031250 0.064583
0 1.0 0.064062 0.779167 0.050000 0.062500
0 1.0 0.075781 0.777083 0.151562 0.275000
0 1.0 0.961719 0.728125 0.054688 0.193750
0 1.0 0.940625 0.707292 0.118750 0.102083
0 1.0 0.924219 0.707292 0.151562 0.264583
0 1.0 0.219531 0.783333 0.295312 0.295833
0 1.0 0.835938 0.708333 0.090625 0.083333
0 1.0 0.150781 0.765625 0.301563 0.139583
0 1.0 0.126562 0.778125 0.146875 0.339583
0 1.0 0.058594 0.770833 0.117188 0.079167
0 1.0 0.110937 0.771875 0.125000 0.114583
0 1.0 0.251563 0.657292 0.153125 0.127083
0 1.0 0.164844 0.657292 0.304688 0.135417
0 1.0 0.128906 0.637500 0.135937 0.345833
0 1.0 0.464844 0.643750 0.142187 0.179167
0 1.0 0.412500 0.654167 0.284375 0.129167
0 1.0 0.400000 0.652083 0.118750 0.245833
0 1.0 0.457813 0.658333 0.059375 0.091667
0 1.0 0.360156 0.658333 0.148438 0.100000
0 1.0 0.319531 0.663542 0.079687 0.093750
0 1.0 0.604688 0.662500 0.087500 0.191667
0 1.0 0.871094 0.607292 0.051562 0.068750
0 1.0 0.890625 0.609375 0.065625 0.081250
0 1.0 0.849219 0.602083 0.220312 0.125000
0 1.0 0.061719 0.653125 0.123438 0.081250
0 1.0 0.930469 0.605208 0.139063 0.114583
0 1.0 0.955469 0.644792 0.057813 0.102083
0 1.0 0.944531 0.660417 0.110937 0.150000
0 1.0 0.462500 0.631250 0.246875 0.279167
0 1.0 0.898438 0.653125 0.062500 0.072917
0 1.0 0.846094 0.654167 0.201563 0.108333
0 1.0 0.827344 0.652083 0.076563 0.195833
0 1.0 0.871094 0.654167 0.070312 0.070833
0 1.0 0.059375 0.713542 0.118750 0.081250
0 1.0 0.055469 0.718750 0.110937 0.175000
0 1.0 0.584375 0.655208 0.278125 0.164583
0 1.0 0.547656 0.666667 0.085938 0.175000
0 1.0 0.489844 0.661458 0.085938 0.089583
0 1.0 0.762500 0.635417 0.265625 0.300000
0 1.0 0.688281 0.655208 0.310937 0.122917
0 1.0 0.667188 0.663542 0.087500 0.164583
0 1.0 0.077344 0.283333 0.082812 0.175000
0 1.0 0.129688 0.294792 0.137500 0.122917
0 1.0 0.107813 0.277083 0.215625 0.325000
0 1.0 0.036719 0.304167 0.054688 0.208333
0 1.0 0.059375 0.303125 0.075000 0.068750
0 1.0 0.071094 0.308333 0.032813 0.054167
0 1.0 0.850000 0.770833 0.090625 0.116667
0 1.0 0.964063 0.244792 0.059375 0.181250
0 1.0 0.932031 0.236458 0.135937 0.118750
0 1.0 0.919531 0.227083 0.160938 0.270833
0 1.0 0.229687 0.310417 0.125000 0.295833
0 1.0 0.204687 0.287500 0.321875 0.137500
0 1.0 0.230469 0.301042 0.089063 0.181250
0 1.0 0.212500 0.291667 0.281250 0.295833
0 1.0 0.182812 0.301042 0.115625 0.289583
0 1.0 0.190625 0.291667 0.084375 0.133333
0 1.0 0.125781 0.326042 0.110937 0.252083
0 1.0 0.719531 0.233333 0.289062 0.129167
0 1.0 0.719531 0.205208 0.129688 0.222917
0 1.0 0.716406 0.195833 0.251563 0.312500
0 1.0 0.656250 0.216667 0.118750 0.333333
0 1.0 0.664062 0.225000 0.200000 0.212500
0 1.0 0.597656 0.207292 0.126562 0.360417
0 1.0 0.603906 0.219792 0.270313 0.347917
0 1.0 0.560937 0.234375 0.278125 0.127083
0 1.0 0.823438 0.236458 0.187500 0.118750
0 1.0 0.810937 0.223958 0.121875 0.352083
0 1.0 0.825000 0.221875 0.265625 0.335417
0 1.0 0.767188 0.222917 0.121875 0.254167
0 1.0 0.787500 0.284375 0.187500 0.102083
0 1.0 0.778125 0.267708 0.071875 0.147917
0 1.0 0.301563 0.296875 0.078125 0.139583
0 1.0 0.727344 0.290625 0.232813 0.152083
0 1.0 0.672656 0.291667 0.195312 0.100000
0 1.0 0.670312 0.276042 0.059375 0.127083
0 1.0 0.730469 0.255208 0.067187 0.122917
0 1.0 0.949219 0.287500 0.101562 0.158333
0 1.0 0.878125 0.285417 0.243750 0.137500
0 1.0 0.873437 0.269792 0.131250 0.322917
0 1.0 0.822656 0.265625 0.054688 0.139583
0 1.0 0.444531 0.275000 0.229687 0.341667
0 1.0 0.462500 0.289583 0.075000 0.125000
0 1.0 0.409375 0.287500 0.259375 0.120833
0 1.0 0.427344 0.286458 0.114062 0.114583
0 1.0 0.404687 0.273958 0.143750 0.214583
0 1.0 0.341406 0.291667 0.110937 0.345833
0 1.0 0.331250 0.288542 0.262500 0.164583
0 1.0 0.363281 0.286458 0.101562 0.160417
0 1.0 0.288281 0.294792 0.110937 0.327083
0 1.0 0.263281 0.294792 0.117188 0.114583
0 1.0 0.607031 0.272917 0.076563 0.154167
0 1.0 0.599219 0.298958 0.232813 0.139583
0 1.0 0.554688 0.263542 0.106250 0.252083
0 1.0 0.560937 0.294792 0.131250 0.085417
0 1.0 0.496094 0.279167 0.098437 0.275000
0 1.0 0.497656 0.278125 0.070312 0.164583
0 1.0 0.509375 0.293750 0.228125 0.137500
0 1.0 0.493750 0.293750 0.112500 0.083333
0 1.0 0.628906 0.178125 0.198437 0.118750
0 1.0 0.555469 0.155208 0.126562 0.310417
0 1.0 0.500000 0.164583 0.143750 0.312500
0 1.0 0.514844 0.175000 0.254688 0.141667
0 1.0 0.830469 0.179167 0.270313 0.150000
0 1.0 0.721875 0.177083 0.259375 0.133333
0 1.0 0.093750 0.056250 0.106250 0.112500
0 1.0 0.029687 0.079167 0.053125 0.133333
0 1.0 0.075781 0.028125 0.048438 0.052083
0 1.0 0.049219 0.039583 0.098437 0.079167
0 1.0 0.603906 0.714583 0.792188 0.537500
0 1.0 0.253125 0.500000 0.471875 1.000000
0 1.0 0.436719 0.180208 0.101562 0.293750
0 1.0 0.506250 0.181250 0.096875 0.100000
0 1.0 0.464844 0.166667 0.107813 0.187500
0 1.0 0.396875 0.177083 0.125000 0.345833
0 1.0 0.097656 0.075000 0.195312 0.150000
0 1.0 0.150781 0.043750 0.179688 0.087500
0 1.0 0.140625 0.032292 0.078125 0.060417
0 1.0 0.303906 0.237500 0.289062 0.133333
0 1.0 0.273438 0.244792 0.078125 0.102083
0 1.0 0.585156 0.234375 0.098437 0.114583
0 1.0 0.510156 0.239583 0.054688 0.087500
0 1.0 0.412500 0.237500 0.275000 0.120833
0 1.0 0.450000 0.240625 0.065625 0.093750
0 1.0 0.054688 0.215625 0.109375 0.214583
0 1.0 0.933594 0.184375 0.132812 0.114583
0 1.0 0.879687 0.164583 0.162500 0.316667
0 1.0 0.143750 0.238542 0.287500 0.152083
0 1.0 0.121094 0.237500 0.117188 0.133333
0 1.0 0.059375 0.238542 0.118750 0.097917
0 1.0 0.063281 0.240625 0.042188 0.077083
0 1.0 0.953125 0.400000 0.093750 0.150000
0 1.0 0.878125 0.392708 0.243750 0.135417
0 1.0 0.873437 0.406250 0.121875 0.283333
0 1.0 0.863281 0.384375 0.260937 0.368750
0 1.0 0.816406 0.418750 0.114062 0.245833
0 1.0 0.093750 0.459375 0.125000 0.310417
0 1.0 0.128125 0.435417 0.143750 0.116667
0 1.0 0.062500 0.432292 0.068750 0.081250
0 1.0 0.959375 0.459375 0.050000 0.160417
0 1.0 0.607031 0.409375 0.270313 0.285417
0 1.0 0.580469 0.388542 0.220312 0.127083
0 1.0 0.487500 0.425000 0.115625 0.279167
0 1.0 0.762500 0.412500 0.118750 0.250000
0 1.0 0.501563 0.396875 0.268750 0.181250
0 1.0 0.459375 0.395833 0.168750 0.112500
0 1.0 0.771875 0.397917 0.293750 0.137500
0 1.0 0.769531 0.390625 0.239063 0.285417
0 1.0 0.719531 0.418750 0.126562 0.229167
0 1.0 0.663281 0.420833 0.101562 0.216667
0 1.0 0.603125 0.406250 0.134375 0.208333
0 1.0 0.672656 0.451042 0.198437 0.122917
0 1.0 0.673438 0.468750 0.075000 0.137500
0 1.0 0.573438 0.448958 0.112500 0.097917
0 1.0 0.514844 0.446875 0.157812 0.127083
0 1.0 0.768750 0.471875 0.084375 0.152083
0 1.0 0.725000 0.477083 0.096875 0.154167
0 1.0 0.285938 0.451042 0.165625 0.114583
0 1.0 0.225781 0.454167 0.123438 0.291667
0 1.0 0.225781 0.443750 0.217188 0.191667
0 1.0 0.459375 0.448958 0.059375 0.077083
0 1.0 0.431250 0.456250 0.200000 0.175000
0 1.0 0.346875 0.502083 0.043750 0.141667
0 1.0 0.363281 0.451042 0.064062 0.081250
0 1.0 0.331250 0.454167 0.253125 0.175000
0 1.0 0.438281 0.375000 0.064062 0.212500
0 1.0 0.468750 0.343750 0.209375 0.112500
0 1.0 0.396094 0.347917 0.217188 0.325000
0 1.0 0.341406 0.372917 0.067187 0.229167
0 1.0 0.328906 0.342708 0.279687 0.131250
0 1.0 0.663281 0.343750 0.310937 0.141667
0 1.0 0.667188 0.368750 0.078125 0.154167
0 1.0 0.550781 0.350000 0.114062 0.237500
0 1.0 0.139844 0.342708 0.279687 0.135417
0 1.0 0.075781 0.376042 0.092188 0.264583
0 1.0 0.029687 0.378125 0.040625 0.147917
0 1.0 0.060156 0.352083 0.114062 0.079167
0 1.0 0.071094 0.359375 0.035937 0.056250
0 1.0 0.962500 0.297917 0.050000 0.145833
0 1.0 0.291406 0.375000 0.073438 0.225000
0 1.0 0.255469 0.353125 0.123438 0.122917
0 1.0 0.274219 0.352083 0.260937 0.295833
0 1.0 0.189062 0.375000 0.087500 0.233333
0 1.0 0.162500 0.379167 0.256250 0.329167
0 1.0 0.103906 0.391667 0.173437 0.166667
0 1.0 0.353906 0.396875 0.264062 0.131250
0 1.0 0.352344 0.410417 0.157812 0.204167
0 1.0 0.207813 0.391667 0.306250 0.141667
0 1.0 0.836719 0.339583 0.223438 0.170833
0 1.0 0.030469 0.440625 0.060937 0.231250
0 1.0 0.057031 0.386458 0.114062 0.097917
0 1.0 0.056250 0.392708 0.043750 0.081250
0 1.0 0.960938 0.354167 0.040625 0.112500
0 1.0 0.925781 0.337500 0.148438 0.116667
0 1.0 0.714063 0.653125 0.571875 0.227083
0 1.0 0.133594 0.618750 0.257812 0.587500
0 1.0 0.928906 0.090625 0.142187 0.181250
0 1.0 0.823438 0.097917 0.231250 0.195833
0 1.0 0.714844 0.121875 0.104688 0.193750
0 1.0 0.342187 0.678125 0.459375 0.485417
0 1.0 0.814063 0.111458 0.103125 0.202083
0 1.0 0.480469 0.644792 0.589063 0.227083
0 1.0 0.349219 0.659375 0.223438 0.568750
0 1.0 0.064062 0.138542 0.128125 0.272917
0 1.0 0.063281 0.117708 0.126562 0.102083
0 1.0 0.962500 0.120833 0.053125 0.154167
0 1.0 0.502344 0.548958 0.529687 0.227083
0 1.0 0.838281 0.548958 0.210938 0.597917
0 1.0 0.706250 0.546875 0.578125 0.218750
0 1.0 0.266406 0.653125 0.532813 0.231250
0 1.0 0.539844 0.110417 0.323437 0.220833
0 1.0 0.349219 0.766667 0.620313 0.241667
0 1.0 0.660156 0.131250 0.070312 0.166667
0 1.0 0.663281 0.079167 0.317188 0.158333
0 1.0 0.597656 0.118750 0.095312 0.225000
0 1.0 0.472656 0.083333 0.223438 0.162500
0 1.0 0.400000 0.115625 0.087500 0.210417
0 1.0 0.654687 0.772917 0.621875 0.266667
0 1.0 0.652344 0.312500 0.501563 0.550000
0 1.0 0.560156 0.359375 0.557813 0.247917
0 1.0 0.475000 0.315625 0.403125 0.539583
0 1.0 0.328125 0.354167 0.568750 0.233333
0 1.0 0.352344 0.328125 0.210938 0.568750
0 1.0 0.338281 0.448958 0.567187 0.243750
0 1.0 0.728125 0.234375 0.518750 0.256250
0 1.0 0.629687 0.117708 0.190625 0.122917
0 1.0 0.237500 0.125000 0.143750 0.245833
0 1.0 0.239844 0.109375 0.310937 0.143750
0 1.0 0.783594 0.453125 0.432812 0.222917
0 1.0 0.241406 0.552083 0.410938 0.491667
0 1.0 0.258594 0.544792 0.517188 0.222917
0 1.0 0.738281 0.570833 0.426563 0.450000
0 1.0 0.556250 0.554167 0.256250 0.491667
0 1.0 0.182812 0.139583 0.115625 0.237500
0 1.0 0.125781 0.139583 0.120313 0.250000
0 1.0 0.559375 0.459375 0.528125 0.256250
0 1.0 0.408594 0.132292 0.251563 0.260417
0 1.0 0.343750 0.139583 0.109375 0.229167
0 1.0 0.350781 0.115625 0.232813 0.139583
0 1.0 0.289844 0.131250 0.123438 0.233333
0 1.0 0.557813 0.068750 0.081250 0.112500
0 1.0 0.559375 0.040625 0.228125 0.081250
0 1.0 0.505469 0.071875 0.060937 0.114583
0 1.0 0.445312 0.069792 0.046875 0.077083
0 1.0 0.492969 0.033333 0.107813 0.058333
0 1.0 0.469531 0.040625 0.201563 0.081250
0 1.0 0.470313 0.059375 0.106250 0.089583
0 1.0 0.261719 0.876042 0.523438 0.247917
0 1.0 0.406250 0.057292 0.109375 0.114583
0 1.0 0.342187 0.065625 0.065625 0.102083
0 1.0 0.357031 0.032292 0.095312 0.056250
0 1.0 0.534375 0.472917 0.515625 0.554167
0 1.0 0.292187 0.050000 0.125000 0.091667
0 1.0 0.226562 0.050000 0.078125 0.095833
0 1.0 0.229687 0.036458 0.181250 0.072917
0 1.0 0.181250 0.062500 0.068750 0.120833
0 1.0 0.190625 0.068750 0.290625 0.137500
0 1.0 0.344531 0.039583 0.204687 0.079167
0 1.0 0.334375 0.068750 0.284375 0.137500
0 1.0 0.807031 0.345833 0.364063 0.691667
0 1.0 0.645312 0.871875 0.709375 0.256250
0 1.0 0.527344 0.220833 0.945312 0.429167
0 1.0 0.925000 0.037500 0.150000 0.075000
0 1.0 0.171875 0.923958 0.343750 0.152083
0 1.0 0.814063 0.845833 0.371875 0.208333
0 1.0 0.952344 0.063542 0.067187 0.114583
0 1.0 0.875000 0.071875 0.081250 0.131250
0 1.0 0.872656 0.047917 0.220312 0.095833
0 1.0 0.034375 0.114583 0.068750 0.229167
0 1.0 0.057031 0.072917 0.114062 0.095833
0 1.0 0.453906 0.922917 0.632812 0.154167
0 1.0 0.438281 0.128125 0.070312 0.177083
0 1.0 0.639062 0.126042 0.718750 0.252083
0 1.0 0.621094 0.058333 0.132812 0.116667
0 1.0 0.132812 0.348958 0.265625 0.697917
0 1.0 0.617969 0.079167 0.048438 0.083333
0 1.0 0.817969 0.084375 0.067187 0.122917
0 1.0 0.768750 0.036458 0.240625 0.072917
0 1.0 0.771094 0.061458 0.076563 0.093750
0 1.0 0.704688 0.100000 0.062500 0.104167
0 1.0 0.337500 0.139583 0.675000 0.279167
0 1.0 0.827344 0.923958 0.345313 0.152083
0 1.0 0.664062 0.101042 0.046875 0.097917
0 1.0 0.666406 0.038542 0.264062 0.077083
0 1.0 0.819531 0.864583 0.064062 0.145833
0 1.0 0.550000 0.880208 0.215625 0.193750
0 1.0 0.502344 0.902083 0.042188 0.108333
0 1.0 0.450781 0.886458 0.042188 0.106250
0 1.0 0.480469 0.880208 0.217188 0.127083
0 1.0 0.452344 0.885417 0.076563 0.150000
0 1.0 0.513281 0.883333 0.045312 0.083333
0 1.0 0.449219 0.848958 0.251563 0.260417
0 1.0 0.711719 0.878125 0.210938 0.206250
0 1.0 0.403906 0.883333 0.079687 0.162500
0 1.0 0.710938 0.880208 0.046875 0.102083
0 1.0 0.954688 0.875000 0.065625 0.141667
0 1.0 0.669531 0.901042 0.042188 0.097917
0 1.0 0.613281 0.895833 0.035937 0.083333
0 1.0 0.556250 0.902083 0.040625 0.095833
0 1.0 0.181250 0.889583 0.075000 0.137500
0 1.0 0.181250 0.877083 0.231250 0.166667
0 1.0 0.128906 0.905208 0.045312 0.118750
0 1.0 0.080469 0.904167 0.048438 0.133333
0 1.0 0.116406 0.877083 0.098437 0.125000
0 1.0 0.082812 0.882292 0.165625 0.214583
0 1.0 0.033594 0.895833 0.035937 0.116667
0 1.0 0.052344 0.872917 0.104688 0.091667
0 1.0 0.345313 0.892708 0.046875 0.106250
0 1.0 0.372656 0.878125 0.151562 0.106250
0 1.0 0.298438 0.898958 0.040625 0.093750
0 1.0 0.326562 0.885417 0.040625 0.066667
0 1.0 0.238281 0.895833 0.048438 0.112500
0 1.0 0.267188 0.878125 0.118750 0.118750
0 1.0 0.279687 0.879167 0.268750 0.116667
0 1.0 0.312500 0.918750 0.103125 0.125000
0 1.0 0.239063 0.919792 0.090625 0.156250
0 1.0 0.185156 0.917708 0.123438 0.131250
0 1.0 0.474219 0.913542 0.145313 0.122917
0 1.0 0.660937 0.918750 0.087500 0.162500
0 1.0 0.342187 0.903125 0.100000 0.193750
0 1.0 0.369531 0.917708 0.235937 0.114583
0 1.0 0.896875 0.876042 0.206250 0.177083
0 1.0 0.881250 0.844792 0.084375 0.181250
0 1.0 0.805469 0.878125 0.232813 0.143750
0 1.0 0.127344 0.913542 0.154688 0.164583
0 1.0 0.767188 0.870833 0.059375 0.125000
0 1.0 0.028125 0.917708 0.056250 0.164583
0 1.0 0.060937 0.920833 0.121875 0.104167
0 1.0 0.922656 0.833333 0.092188 0.237500
0 1.0 0.060937 0.923958 0.056250 0.089583
0 1.0 0.103906 0.817708 0.207813 0.114583
0 1.0 0.116406 0.825000 0.082812 0.100000
0 1.0 0.071875 0.826042 0.034375 0.060417
0 1.0 0.300000 0.839583 0.137500 0.250000
0 1.0 0.307031 0.829167 0.039062 0.070833
0 1.0 0.932031 0.760417 0.135937 0.116667
0 1.0 0.955469 0.777083 0.089063 0.225000
0 1.0 0.057031 0.818750 0.098437 0.075000
0 1.0 0.251563 0.819792 0.268750 0.122917
0 1.0 0.567187 0.816667 0.321875 0.120833
0 1.0 0.256250 0.822917 0.090625 0.108333
0 1.0 0.183594 0.842708 0.104688 0.268750
0 1.0 0.167969 0.818750 0.189062 0.158333
0 1.0 0.744531 0.771875 0.176563 0.143750
0 1.0 0.698438 0.787500 0.265625 0.279167
0 1.0 0.665625 0.805208 0.081250 0.156250
0 1.0 0.606250 0.809375 0.084375 0.181250
0 1.0 0.869531 0.761458 0.260937 0.135417
0 1.0 0.822656 0.821875 0.123438 0.272917
0 1.0 0.807031 0.813542 0.223438 0.164583
0 1.0 0.765625 0.830208 0.134375 0.322917
0 1.0 0.690625 0.812500 0.328125 0.133333
0 1.0 0.925000 0.811458 0.150000 0.127083
0 1.0 0.071875 0.880208 0.034375 0.068750
0 1.0 0.876563 0.814583 0.143750 0.354167
0 1.0 0.846875 0.819792 0.075000 0.106250
0 1.0 0.442188 0.848958 0.106250 0.256250
0 1.0 0.465625 0.819792 0.193750 0.106250
0 1.0 0.507812 0.832292 0.037500 0.072917
0 1.0 0.445312 0.825000 0.056250 0.091667
0 1.0 0.344531 0.815625 0.179688 0.114583
0 1.0 0.060156 0.180208 0.092188 0.081250
0 1.0 0.156250 0.182292 0.209375 0.131250
0 1.0 0.171094 0.146875 0.342187 0.227083
0 1.0 0.190625 0.183333 0.084375 0.129167
0 1.0 0.942969 0.961458 0.114062 0.077083
0 1.0 0.934375 0.925000 0.131250 0.150000
0 1.0 0.375781 0.183333 0.110937 0.100000
0 1.0 0.333594 0.176042 0.270313 0.331250
0 1.0 0.288281 0.180208 0.317188 0.143750
0 1.0 0.481250 0.073958 0.621875 0.147917
0 1.0 0.304688 0.166667 0.087500 0.145833
0 1.0 0.460156 0.236458 0.567187 0.243750
0 1.0 0.324219 0.259375 0.426563 0.502083
0 1.0 0.763281 0.140625 0.145313 0.264583
0 1.0 0.243750 0.240625 0.487500 0.252083
0 1.0 0.878906 0.909375 0.104688 0.164583
0 1.0 0.193750 0.960417 0.087500 0.079167
0 1.0 0.130469 0.938542 0.082812 0.122917
0 1.0 0.205469 0.960417 0.051562 0.054167
0 1.0 0.406250 0.951042 0.106250 0.097917
0 1.0 0.092969 0.941667 0.117188 0.116667
0 1.0 0.085156 0.960417 0.035937 0.050000
0 1.0 0.071875 0.956250 0.046875 0.070833
0 1.0 0.607812 0.917708 0.081250 0.164583
0 1.0 0.550000 0.909375 0.090625 0.181250
0 1.0 0.821094 0.917708 0.095312 0.156250
0 1.0 0.156250 0.960417 0.059375 0.058333
0 1.0 0.760156 0.909375 0.110937 0.181250
0 1.0 0.707031 0.918750 0.101562 0.162500
0 1.0 0.746875 0.962500 0.084375 0.058333
0 1.0 0.714844 0.957292 0.092188 0.085417
0 1.0 0.661719 0.954167 0.070312 0.091667
0 1.0 0.620313 0.950000 0.156250 0.100000
0 1.0 0.616406 0.918750 0.239063 0.162500
0 1.0 0.604688 0.958333 0.065625 0.058333
0 1.0 0.832812 0.962500 0.062500 0.054167
0 1.0 0.839844 0.959375 0.098437 0.077083
0 1.0 0.878125 0.947917 0.150000 0.104167
0 1.0 0.807813 0.948958 0.228125 0.102083
0 1.0 0.973437 0.955208 0.053125 0.089583
0 1.0 0.764062 0.951042 0.081250 0.097917
0 1.0 0.384375 0.959375 0.040625 0.043750
0 1.0 0.359375 0.952083 0.093750 0.083333
0 1.0 0.295312 0.943750 0.065625 0.112500
0 1.0 0.300781 0.959375 0.054688 0.052083
0 1.0 0.303125 0.922917 0.221875 0.154167
0 1.0 0.270313 0.958333 0.050000 0.050000
0 1.0 0.502344 0.942708 0.073438 0.114583
0 1.0 0.560937 0.959375 0.053125 0.052083
0 1.0 0.236719 0.960417 0.064062 0.054167
0 1.0 0.530469 0.958333 0.042188 0.045833
0 1.0 0.468750 0.957292 0.090625 0.085417
0 1.0 0.468750 0.959375 0.062500 0.052083
0 1.0 0.463281 0.776042 0.045312 0.085417
0 1.0 0.735938 0.348958 0.431250 0.327083
0 1.0 0.807813 0.703125 0.384375 0.472917
0 1.0 0.457813 0.836458 0.525000 0.222917
0 1.0 0.145313 0.856250 0.253125 0.287500