0 1.0 0.527778 0.500000 0.820261 1.000000
0 1.0 0.391340 0.627451 0.119281 0.212418
0 1.0 0.398693 0.604575 0.251634 0.261438
0 1.0 0.666667 0.603758 0.264706 0.312092
0 1.0 0.341503 0.635621 0.143791 0.212418
0 1.0 0.291667 0.679739 0.070261 0.130719
0 1.0 0.276144 0.599673 0.294118 0.107843
0 1.0 0.293301 0.656046 0.129085 0.158497
0 1.0 0.326797 0.602941 0.052288 0.065359
0 1.0 0.409314 0.608660 0.080065 0.086601
0 1.0 0.599673 0.619281 0.189542 0.235294
0 1.0 0.536765 0.603758 0.236928 0.109477
0 1.0 0.498366 0.629902 0.114379 0.289216
0 1.0 0.767974 0.607843 0.133987 0.352941
0 1.0 0.235294 0.667484 0.094771 0.197712
0 1.0 0.496732 0.602124 0.254902 0.305556
0 1.0 0.446078 0.644608 0.071895 0.184641
0 1.0 0.450163 0.605392 0.220588 0.106209
0 1.0 0.473856 0.609477 0.071895 0.084967
0 1.0 0.758987 0.602124 0.305556 0.148693
0 1.0 0.080065 0.611111 0.160131 0.218954
0 1.0 0.036765 0.620098 0.073529 0.269608
0 1.0 0.059641 0.600490 0.116013 0.080065
0 1.0 0.069444 0.604575 0.044118 0.068627
0 1.0 0.959967 0.592320 0.053922 0.171569
0 1.0 0.942810 0.551471 0.114379 0.099673
0 1.0 0.920752 0.544935 0.158497 0.295752
0 1.0 0.231209 0.616013 0.289216 0.261438
0 1.0 0.856209 0.539216 0.130719 0.385621
0 1.0 0.273693 0.600490 0.125817 0.099673
0 1.0 0.184641 0.638889 0.117647 0.264706
0 1.0 0.128268 0.638889 0.122549 0.251634
0 1.0 0.155229 0.601307 0.264706 0.120915
0 1.0 0.139706 0.607026 0.233660 0.295752
0 1.0 0.126634 0.657680 0.253268 0.129085
0 1.0 0.065359 0.657680 0.130719 0.096405
0 1.0 0.959150 0.654412 0.045752 0.138889
0 1.0 0.938725 0.606209 0.122549 0.107843
0 1.0 0.061275 0.662582 0.050654 0.076797
0 1.0 0.281863 0.678105 0.246732 0.254902
0 1.0 0.069444 0.666667 0.089869 0.267974
0 1.0 0.718137 0.622549 0.129085 0.258170
0 1.0 0.659314 0.626634 0.109477 0.246732
0 1.0 0.881536 0.607843 0.236928 0.133987
0 1.0 0.662582 0.608660 0.158497 0.135621
0 1.0 0.785948 0.606209 0.111111 0.091503
0 1.0 0.821078 0.603758 0.151961 0.315359
0 1.0 0.056373 0.561275 0.112745 0.204248
0 1.0 0.959967 0.524510 0.053922 0.160131
0 1.0 0.938725 0.495915 0.122549 0.112745
0 1.0 0.235294 0.595588 0.107843 0.145425
0 1.0 0.814542 0.499183 0.112745 0.089869
0 1.0 0.188725 0.557190 0.272876 0.147059
0 1.0 0.108660 0.558824 0.181373 0.133987
0 1.0 0.064542 0.551471 0.129085 0.086601
0 1.0 0.660948 0.508987 0.096405 0.263072
0 1.0 0.672386 0.496732 0.210784 0.147059
0 1.0 0.607026 0.505719 0.135621 0.334967
0 1.0 0.601307 0.494281 0.232026 0.174837
0 1.0 0.555556 0.533497 0.111111 0.259804
0 1.0 0.807190 0.491830 0.245098 0.173203
0 1.0 0.500817 0.524510 0.119281 0.284314
0 1.0 0.508987 0.499183 0.269608 0.135621
0 1.0 0.775327 0.522876 0.102941 0.232026
0 1.0 0.750817 0.515523 0.312092 0.341503
0 1.0 0.726307 0.519608 0.112745 0.258170
0 1.0 0.685458 0.549020 0.289216 0.130719
0 1.0 0.896242 0.551471 0.207516 0.122549
0 1.0 0.545752 0.552288 0.300654 0.133987
0 1.0 0.785948 0.553922 0.098039 0.081699
0 1.0 0.821895 0.556373 0.062092 0.086601
0 1.0 0.126634 0.602124 0.093137 0.102941
0 1.0 0.334967 0.558007 0.209150 0.106209
0 1.0 0.295752 0.626634 0.062092 0.109477
0 1.0 0.285948 0.570261 0.117647 0.088235
0 1.0 0.340686 0.616830 0.076797 0.148693
0 1.0 0.411765 0.556373 0.199346 0.138889
0 1.0 0.444444 0.577614 0.117647 0.223856
0 1.0 0.199346 0.764706 0.137255 0.169935
0 1.0 0.450980 0.790033 0.160131 0.308824
0 1.0 0.495098 0.782680 0.042484 0.068627
0 1.0 0.133987 0.774510 0.169935 0.310458
0 1.0 0.189542 0.770425 0.062092 0.116013
0 1.0 0.075980 0.750000 0.122549 0.352941
0 1.0 0.128268 0.764706 0.236928 0.124183
0 1.0 0.162582 0.771242 0.053922 0.088235
0 1.0 0.040033 0.752451 0.080065 0.321895
0 1.0 0.050654 0.766340 0.101307 0.075163
0 1.0 0.291667 0.774510 0.138889 0.274510
0 1.0 0.300654 0.762255 0.277778 0.145425
0 1.0 0.315359 0.764706 0.127451 0.143791
0 1.0 0.620915 0.754902 0.228758 0.281046
0 1.0 0.301471 0.773693 0.031046 0.080065
0 1.0 0.235294 0.772059 0.130719 0.269608
0 1.0 0.271242 0.763889 0.101307 0.135621
0 1.0 0.226307 0.774510 0.279412 0.300654
0 1.0 0.777778 0.714869 0.294118 0.151961
0 1.0 0.800654 0.714052 0.264706 0.323529
0 1.0 0.074346 0.771242 0.024510 0.052288
0 1.0 0.713235 0.731209 0.135621 0.246732
0 1.0 0.658497 0.734477 0.117647 0.250000
0 1.0 0.049020 0.758170 0.091503 0.166667
0 1.0 0.960784 0.758987 0.062092 0.191176
0 1.0 0.946895 0.711601 0.106209 0.106209
0 1.0 0.925654 0.728758 0.148693 0.307190
0 1.0 0.906046 0.712418 0.187908 0.147059
0 1.0 0.821895 0.724673 0.055556 0.076797
0 1.0 0.159314 0.811275 0.305556 0.148693
0 1.0 0.764706 0.753268 0.140523 0.254902
0 1.0 0.049020 0.819444 0.098039 0.076797
0 1.0 0.061275 0.827614 0.031046 0.057190
0 1.0 0.309641 0.812908 0.037582 0.080065
0 1.0 0.939542 0.763072 0.120915 0.114379
0 1.0 0.785948 0.765523 0.143791 0.106209
0 1.0 0.872549 0.763889 0.254902 0.135621
0 1.0 0.483660 0.765523 0.323529 0.138889
0 1.0 0.504902 0.774510 0.150327 0.133987
0 1.0 0.744281 0.763072 0.305556 0.156863
0 1.0 0.391340 0.781046 0.138889 0.352941
0 1.0 0.437092 0.776961 0.057190 0.089869
0 1.0 0.636438 0.762255 0.289216 0.142157
0 1.0 0.548203 0.777778 0.125817 0.346405
0 1.0 0.577614 0.771242 0.135621 0.130719
0 1.0 0.762255 0.659314 0.312092 0.151961
0 1.0 0.053105 0.716503 0.106209 0.080065
0 1.0 0.662582 0.669118 0.197712 0.151961
0 1.0 0.816993 0.669935 0.081699 0.104575
0 1.0 0.500000 0.669935 0.062092 0.084967
0 1.0 0.403595 0.661765 0.316993 0.130719
0 1.0 0.429739 0.668301 0.088235 0.101307
0 1.0 0.892157 0.652778 0.215686 0.341503
0 1.0 0.276144 0.658497 0.277778 0.117647
0 1.0 0.324346 0.668301 0.066993 0.078431
0 1.0 0.564542 0.661765 0.289216 0.124183
0 1.0 0.595588 0.668301 0.109477 0.101307
0 1.0 0.449346 0.692810 0.133987 0.248366
0 1.0 0.491830 0.731209 0.271242 0.367647
0 1.0 0.482026 0.720588 0.035948 0.058824
0 1.0 0.419935 0.726307 0.052288 0.076797
0 1.0 0.333333 0.728758 0.140523 0.284314
0 1.0 0.297386 0.712418 0.225490 0.124183
0 1.0 0.635621 0.713235 0.205882 0.122549
0 1.0 0.780229 0.720588 0.112745 0.088235
0 1.0 0.501634 0.709150 0.133987 0.117647
0 1.0 0.600490 0.714869 0.089869 0.099673
0 1.0 0.483660 0.706699 0.284314 0.125817
0 1.0 0.181373 0.727124 0.075163 0.104575
0 1.0 0.123366 0.713235 0.246732 0.122549
0 1.0 0.139706 0.715686 0.073529 0.094771
0 1.0 0.068627 0.719771 0.035948 0.057190
0 1.0 0.960784 0.709967 0.045752 0.122549
0 1.0 0.940359 0.656046 0.119281 0.112745
0 1.0 0.319444 0.731209 0.031046 0.060458
0 1.0 0.279412 0.723039 0.101307 0.109477
0 1.0 0.796569 0.287582 0.321895 0.114379
0 1.0 0.830882 0.245915 0.070261 0.099673
0 1.0 0.789216 0.244281 0.290850 0.312092
0 1.0 0.762255 0.219771 0.099673 0.181373
0 1.0 0.772876 0.217320 0.055556 0.081699
0 1.0 0.031863 0.351307 0.063725 0.218954
0 1.0 0.050654 0.341503 0.101307 0.120915
0 1.0 0.776144 0.266340 0.176471 0.169935
0 1.0 0.706699 0.238562 0.109477 0.173203
0 1.0 0.712418 0.227124 0.055556 0.071895
0 1.0 0.955065 0.294935 0.044118 0.125817
0 1.0 0.928105 0.296569 0.143791 0.158497
0 1.0 0.826797 0.254085 0.111111 0.200980
0 1.0 0.902778 0.274510 0.194444 0.300654
0 1.0 0.174020 0.346405 0.250000 0.300654
0 1.0 0.194444 0.353758 0.101307 0.142157
0 1.0 0.884804 0.272876 0.047386 0.088235
0 1.0 0.873366 0.292484 0.151961 0.179739
0 1.0 0.508170 0.272876 0.120915 0.245098
0 1.0 0.509804 0.293301 0.215686 0.148693
0 1.0 0.446078 0.310458 0.078431 0.205882
0 1.0 0.506536 0.295752 0.068627 0.071895
0 1.0 0.451797 0.281863 0.246732 0.302288
0 1.0 0.666667 0.276144 0.104575 0.196078
0 1.0 0.395425 0.279412 0.111111 0.267974
0 1.0 0.412582 0.287582 0.279412 0.127451
0 1.0 0.344771 0.289216 0.107843 0.241830
0 1.0 0.382353 0.290033 0.130719 0.089869
0 1.0 0.482026 0.301471 0.062092 0.102941
0 1.0 0.723039 0.289216 0.148693 0.081699
0 1.0 0.677288 0.255719 0.044118 0.070261
0 1.0 0.685458 0.263072 0.269608 0.271242
0 1.0 0.602941 0.301471 0.091503 0.223856
0 1.0 0.654412 0.292484 0.089869 0.078431
0 1.0 0.839052 0.292484 0.112745 0.078431
0 1.0 0.604575 0.278595 0.045752 0.089869
0 1.0 0.620098 0.294118 0.102941 0.133987
0 1.0 0.550654 0.291667 0.111111 0.272876
0 1.0 0.576797 0.293301 0.117647 0.096405
0 1.0 0.620098 0.295752 0.227124 0.143791
0 1.0 0.511438 0.342320 0.267974 0.129085
0 1.0 0.444444 0.338235 0.039216 0.084967
0 1.0 0.071895 0.341503 0.143791 0.271242
0 1.0 0.722222 0.338235 0.333333 0.120915
0 1.0 0.462418 0.359477 0.120915 0.160131
0 1.0 0.403595 0.343137 0.258170 0.163399
0 1.0 0.707516 0.287582 0.078431 0.153595
0 1.0 0.665850 0.325163 0.073529 0.153595
0 1.0 0.665850 0.344771 0.165033 0.169935
0 1.0 0.605392 0.357026 0.073529 0.165033
0 1.0 0.873366 0.357026 0.089869 0.135621
0 1.0 0.862745 0.343954 0.235294 0.142157
0 1.0 0.544935 0.336601 0.217320 0.297386
0 1.0 0.129902 0.369281 0.102941 0.264706
0 1.0 0.143791 0.340686 0.287582 0.135621
0 1.0 0.346405 0.360294 0.075163 0.181373
0 1.0 0.084967 0.366830 0.088235 0.197712
0 1.0 0.290033 0.366830 0.073529 0.165033
0 1.0 0.291667 0.345588 0.279412 0.122549
0 1.0 0.345588 0.339052 0.256536 0.285948
0 1.0 0.602941 0.354575 0.160131 0.183007
0 1.0 0.288399 0.354575 0.135621 0.212418
0 1.0 0.308824 0.359477 0.078431 0.111111
0 1.0 0.228758 0.363562 0.114379 0.259804
0 1.0 0.447712 0.225490 0.137255 0.267974
0 1.0 0.486928 0.243464 0.084967 0.101307
0 1.0 0.409314 0.238562 0.299020 0.133987
0 1.0 0.424020 0.242647 0.132353 0.119281
0 1.0 0.348039 0.219771 0.251634 0.305556
0 1.0 0.290850 0.223039 0.107843 0.259804
0 1.0 0.225490 0.242647 0.284314 0.129085
0 1.0 0.638889 0.240196 0.160131 0.107843
0 1.0 0.604575 0.223039 0.084967 0.207516
0 1.0 0.608660 0.216503 0.233660 0.295752
0 1.0 0.564542 0.239379 0.194444 0.119281
0 1.0 0.447712 0.230392 0.075163 0.209150
0 1.0 0.053922 0.026961 0.062092 0.050654
0 1.0 0.026144 0.051471 0.052288 0.096405
0 1.0 0.072712 0.074346 0.145425 0.148693
0 1.0 0.138889 0.057190 0.094771 0.114379
0 1.0 0.260621 0.500000 0.472222 1.000000
0 1.0 0.415850 0.729575 0.831699 0.527778
0 1.0 0.528595 0.264706 0.942810 0.480392
0 1.0 0.052288 0.053922 0.088235 0.104575
0 1.0 0.267974 0.249183 0.084967 0.089869
0 1.0 0.232026 0.226307 0.127451 0.328431
0 1.0 0.138072 0.044118 0.220588 0.088235
0 1.0 0.137255 0.087418 0.251634 0.174837
0 1.0 0.109477 0.029412 0.111111 0.058824
0 1.0 0.245915 0.032680 0.181373 0.065359
0 1.0 0.146242 0.287582 0.214052 0.114379
0 1.0 0.136438 0.278595 0.089869 0.184641
0 1.0 0.075980 0.278595 0.053922 0.122549
0 1.0 0.052288 0.286765 0.104575 0.076797
0 1.0 0.959150 0.251634 0.068627 0.215686
0 1.0 0.285948 0.292484 0.225490 0.104575
0 1.0 0.284314 0.276961 0.274510 0.285948
0 1.0 0.313725 0.301471 0.058824 0.093137
0 1.0 0.203431 0.295752 0.060458 0.101307
0 1.0 0.238562 0.293301 0.068627 0.135621
0 1.0 0.184641 0.298203 0.114379 0.269608
0 1.0 0.762255 0.233660 0.282680 0.160131
0 1.0 0.945261 0.236111 0.109477 0.106209
0 1.0 0.886438 0.238562 0.227124 0.133987
0 1.0 0.607026 0.468954 0.086601 0.179739
0 1.0 0.573529 0.445261 0.150327 0.106209
0 1.0 0.824346 0.468954 0.122549 0.284314
0 1.0 0.793301 0.441993 0.328431 0.145425
0 1.0 0.504902 0.446895 0.232026 0.151961
0 1.0 0.443627 0.484477 0.050654 0.112745
0 1.0 0.508987 0.449346 0.047386 0.062092
0 1.0 0.544935 0.458333 0.230392 0.295752
0 1.0 0.778595 0.497549 0.063725 0.125817
0 1.0 0.727124 0.477124 0.062092 0.150327
0 1.0 0.950163 0.472222 0.070261 0.137255
0 1.0 0.927288 0.447712 0.145425 0.153595
0 1.0 0.675654 0.438725 0.246732 0.119281
0 1.0 0.229575 0.502451 0.086601 0.168301
0 1.0 0.263889 0.446895 0.116013 0.083333
0 1.0 0.245915 0.449346 0.263072 0.150327
0 1.0 0.189542 0.515523 0.068627 0.138889
0 1.0 0.208333 0.450980 0.099673 0.078431
0 1.0 0.441993 0.479575 0.109477 0.174837
0 1.0 0.178922 0.463235 0.256536 0.285948
0 1.0 0.133987 0.502451 0.081699 0.171569
0 1.0 0.161765 0.449346 0.104575 0.088235
0 1.0 0.397059 0.495915 0.084967 0.187908
0 1.0 0.415850 0.446895 0.279412 0.122549
0 1.0 0.134804 0.468137 0.158497 0.178105
0 1.0 0.184641 0.489379 0.120915 0.161765
0 1.0 0.453431 0.460784 0.246732 0.284314
0 1.0 0.725490 0.455882 0.183007 0.215686
0 1.0 0.341503 0.447712 0.045752 0.058824
0 1.0 0.343954 0.497549 0.102941 0.135621
0 1.0 0.343137 0.460784 0.251634 0.271242
0 1.0 0.298203 0.524510 0.057190 0.114379
0 1.0 0.300654 0.497549 0.091503 0.125817
0 1.0 0.344771 0.521242 0.058824 0.114379
0 1.0 0.251634 0.506536 0.228758 0.101307
0 1.0 0.338235 0.501634 0.251634 0.117647
0 1.0 0.337418 0.549837 0.109477 0.148693
0 1.0 0.898693 0.450980 0.202614 0.300654
0 1.0 0.146242 0.503268 0.289216 0.137255
0 1.0 0.835784 0.444444 0.057190 0.068627
0 1.0 0.411765 0.501634 0.218954 0.147059
0 1.0 0.102941 0.501634 0.205882 0.307190
0 1.0 0.064542 0.501634 0.129085 0.084967
0 1.0 0.189542 0.394608 0.294118 0.125817
0 1.0 0.184641 0.421569 0.137255 0.218954
0 1.0 0.080065 0.486928 0.104575 0.264706
0 1.0 0.129085 0.405229 0.192810 0.222222
0 1.0 0.403595 0.402778 0.189542 0.214052
0 1.0 0.353758 0.393791 0.312092 0.120915
0 1.0 0.344771 0.422386 0.124183 0.207516
0 1.0 0.552288 0.425654 0.107843 0.250000
0 1.0 0.564542 0.396242 0.220588 0.122549
0 1.0 0.281863 0.403595 0.259804 0.290850
0 1.0 0.227941 0.432190 0.083333 0.161765
0 1.0 0.293301 0.440359 0.099673 0.217320
0 1.0 0.822712 0.330882 0.109477 0.161765
0 1.0 0.767157 0.272876 0.057190 0.114379
0 1.0 0.776144 0.311275 0.081699 0.142157
0 1.0 0.051471 0.401144 0.102941 0.171569
0 1.0 0.955882 0.338235 0.035948 0.084967
0 1.0 0.943627 0.357026 0.066993 0.125817
0 1.0 0.842320 0.389706 0.217320 0.099673
0 1.0 0.863562 0.409314 0.129085 0.194444
0 1.0 0.766340 0.422386 0.094771 0.220588
0 1.0 0.763072 0.388889 0.346405 0.127451
0 1.0 0.027778 0.487745 0.055556 0.194444
0 1.0 0.078431 0.447712 0.039216 0.052288
0 1.0 0.054739 0.463235 0.089869 0.142157
0 1.0 0.948529 0.422386 0.076797 0.142157
0 1.0 0.937908 0.393791 0.124183 0.166667
0 1.0 0.503268 0.415850 0.127451 0.295752
0 1.0 0.755719 0.387255 0.312092 0.274510
0 1.0 0.468954 0.397059 0.241830 0.117647
0 1.0 0.721405 0.401144 0.083333 0.207516
0 1.0 0.660948 0.412582 0.112745 0.279412
0 1.0 0.666667 0.416667 0.075163 0.169935
0 1.0 0.905229 0.093954 0.189542 0.187908
0 1.0 0.820261 0.074346 0.310458 0.148693
0 1.0 0.821895 0.115196 0.133987 0.220588
0 1.0 0.176471 0.678105 0.352941 0.483660
0 1.0 0.571078 0.663399 0.449346 0.509804
0 1.0 0.654412 0.654412 0.517974 0.266340
0 1.0 0.841503 0.622549 0.192810 0.633987
0 1.0 0.258987 0.654412 0.517974 0.240196
0 1.0 0.685458 0.575163 0.403595 0.558824
0 1.0 0.559641 0.547386 0.609477 0.232026
0 1.0 0.032680 0.143791 0.065359 0.264706
0 1.0 0.062092 0.121732 0.124183 0.093137
0 1.0 0.365196 0.681373 0.263072 0.519608
0 1.0 0.965686 0.121732 0.045752 0.132353
0 1.0 0.837418 0.550654 0.325163 0.215686
0 1.0 0.932190 0.075980 0.135621 0.112745
0 1.0 0.651144 0.071895 0.236928 0.114379
0 1.0 0.603758 0.099673 0.109477 0.199346
0 1.0 0.561275 0.108660 0.089869 0.217320
0 1.0 0.359477 0.830882 0.483660 0.210784
0 1.0 0.671569 0.098039 0.133987 0.183007
0 1.0 0.443627 0.765523 0.557190 0.256536
0 1.0 0.764706 0.128268 0.084967 0.158497
0 1.0 0.718954 0.115196 0.101307 0.178105
0 1.0 0.681373 0.774510 0.509804 0.271242
0 1.0 0.733660 0.323529 0.303922 0.607843
0 1.0 0.172386 0.434641 0.344771 0.493464
0 1.0 0.710784 0.123366 0.274510 0.246732
0 1.0 0.565359 0.352941 0.611111 0.218954
0 1.0 0.338235 0.351307 0.558824 0.222222
0 1.0 0.571078 0.125817 0.178105 0.104575
0 1.0 0.551471 0.136438 0.233660 0.272876
0 1.0 0.343954 0.452614 0.589869 0.222222
0 1.0 0.726307 0.119281 0.181373 0.120915
0 1.0 0.940359 0.126634 0.119281 0.109477
0 1.0 0.955065 0.156046 0.070261 0.148693
0 1.0 0.839052 0.287582 0.210784 0.575163
0 1.0 0.445261 0.581699 0.390523 0.493464
0 1.0 0.268791 0.549020 0.537582 0.215686
0 1.0 0.400327 0.124183 0.284314 0.130719
0 1.0 0.227941 0.121732 0.272876 0.171569
0 1.0 0.343137 0.142157 0.133987 0.284314
0 1.0 0.232026 0.128268 0.156863 0.256536
0 1.0 0.129085 0.140523 0.140523 0.281046
0 1.0 0.501634 0.123366 0.228758 0.122549
0 1.0 0.447712 0.133987 0.101307 0.238562
0 1.0 0.474673 0.128268 0.102941 0.109477
0 1.0 0.437908 0.133987 0.251634 0.267974
0 1.0 0.273693 0.132353 0.106209 0.101307
0 1.0 0.643791 0.452614 0.539216 0.248366
0 1.0 0.568627 0.058824 0.065359 0.101307
0 1.0 0.577614 0.041667 0.165033 0.083333
0 1.0 0.513072 0.057190 0.078431 0.114379
0 1.0 0.447712 0.047386 0.049020 0.088235
0 1.0 0.491013 0.031046 0.066993 0.055556
0 1.0 0.445261 0.054739 0.099673 0.109477
0 1.0 0.658497 0.879085 0.683007 0.241830
0 1.0 0.725490 0.053922 0.166667 0.107843
0 1.0 0.663399 0.068627 0.071895 0.111111
0 1.0 0.598856 0.066176 0.066993 0.119281
0 1.0 0.666667 0.030229 0.107843 0.060458
0 1.0 0.762255 0.759804 0.475490 0.480392
0 1.0 0.293301 0.080065 0.266340 0.160131
0 1.0 0.526961 0.031863 0.135621 0.063725
0 1.0 0.234477 0.062092 0.089869 0.124183
0 1.0 0.297386 0.055556 0.137255 0.111111
0 1.0 0.188725 0.065359 0.076797 0.130719
0 1.0 0.397876 0.071078 0.089869 0.142157
0 1.0 0.409314 0.033497 0.220588 0.066993
0 1.0 0.328431 0.026961 0.081699 0.053922
0 1.0 0.343954 0.062092 0.112745 0.124183
0 1.0 0.229575 0.924837 0.459150 0.150327
0 1.0 0.821895 0.847222 0.356209 0.204248
0 1.0 0.464869 0.923203 0.599673 0.153595
0 1.0 0.273693 0.083333 0.119281 0.098039
0 1.0 0.929739 0.034314 0.140523 0.068627
0 1.0 0.964052 0.069444 0.032680 0.073529
0 1.0 0.503268 0.110294 0.101307 0.220588
0 1.0 0.502451 0.074346 0.250000 0.129085
0 1.0 0.395425 0.120098 0.124183 0.240196
0 1.0 0.499183 0.127451 0.831699 0.254902
0 1.0 0.250817 0.124183 0.501634 0.248366
0 1.0 0.728758 0.063725 0.058824 0.068627
0 1.0 0.707516 0.174020 0.437908 0.348039
0 1.0 0.491830 0.376634 0.320261 0.753268
0 1.0 0.930556 0.052288 0.076797 0.104575
0 1.0 0.871732 0.055556 0.080065 0.111111
0 1.0 0.824346 0.034314 0.168301 0.068627
0 1.0 0.776961 0.920752 0.446078 0.158497
0 1.0 0.816176 0.078431 0.066993 0.094771
0 1.0 0.765523 0.081699 0.057190 0.088235
0 1.0 0.925654 0.860294 0.148693 0.246732
0 1.0 0.799020 0.880719 0.205882 0.117647
0 1.0 0.875000 0.880719 0.093137 0.147059
0 1.0 0.834967 0.889706 0.104575 0.093137
0 1.0 0.854575 0.878268 0.196078 0.200980
0 1.0 0.133987 0.903595 0.166667 0.169935
0 1.0 0.407680 0.881536 0.171569 0.223856
0 1.0 0.075163 0.893791 0.127451 0.212418
0 1.0 0.035131 0.910131 0.070261 0.179739
0 1.0 0.052288 0.922386 0.104575 0.099673
0 1.0 0.954248 0.889706 0.032680 0.076797
0 1.0 0.233660 0.893791 0.120915 0.212418
0 1.0 0.629085 0.884804 0.245098 0.099673
0 1.0 0.609477 0.865196 0.039216 0.063725
0 1.0 0.638072 0.892974 0.106209 0.080065
0 1.0 0.553105 0.898693 0.063725 0.117647
0 1.0 0.828431 0.814542 0.084967 0.142157
0 1.0 0.544118 0.879085 0.169935 0.176471
0 1.0 0.498366 0.889706 0.068627 0.161765
0 1.0 0.473856 0.876634 0.274510 0.138889
0 1.0 0.455882 0.867647 0.078431 0.169935
0 1.0 0.770425 0.801471 0.053922 0.102941
0 1.0 0.785131 0.839869 0.050654 0.091503
0 1.0 0.720588 0.799020 0.062092 0.114379
0 1.0 0.941176 0.896242 0.062092 0.112745
0 1.0 0.670752 0.823529 0.040850 0.071895
0 1.0 0.677288 0.841503 0.027778 0.045752
0 1.0 0.692810 0.892974 0.133987 0.080065
0 1.0 0.680556 0.846405 0.334967 0.251634
0 1.0 0.729575 0.824346 0.044118 0.073529
0 1.0 0.602941 0.917484 0.107843 0.161765
0 1.0 0.632353 0.924837 0.264706 0.101307
0 1.0 0.604575 0.919935 0.075163 0.094771
0 1.0 0.495915 0.919118 0.187908 0.112745
0 1.0 0.159314 0.960784 0.053922 0.049020
0 1.0 0.765523 0.888889 0.119281 0.212418
0 1.0 0.714869 0.888072 0.122549 0.223856
0 1.0 0.716503 0.900327 0.230392 0.160131
0 1.0 0.291667 0.889706 0.119281 0.220588
0 1.0 0.299020 0.921569 0.183007 0.127451
0 1.0 0.303105 0.879902 0.266340 0.230392
0 1.0 0.558824 0.919935 0.130719 0.117647
0 1.0 0.183007 0.901144 0.101307 0.197712
0 1.0 0.181373 0.877451 0.264706 0.238562
0 1.0 0.336601 0.886438 0.117647 0.220588
0 1.0 0.587418 0.816176 0.112745 0.132353
0 1.0 0.553922 0.824346 0.228758 0.302288
0 1.0 0.493464 0.846405 0.124183 0.294118
0 1.0 0.480392 0.831699 0.081699 0.127451
0 1.0 0.494281 0.825163 0.178105 0.160131
0 1.0 0.957516 0.855392 0.065359 0.197712
0 1.0 0.662582 0.794935 0.093137 0.155229
0 1.0 0.182190 0.812908 0.076797 0.116013
0 1.0 0.162582 0.825163 0.057190 0.098039
0 1.0 0.328431 0.813725 0.150327 0.147059
0 1.0 0.582516 0.887255 0.076797 0.075163
0 1.0 0.237745 0.830065 0.063725 0.150327
0 1.0 0.140523 0.824346 0.068627 0.161765
0 1.0 0.303922 0.884804 0.052288 0.086601
0 1.0 0.333333 0.826797 0.062092 0.140523
0 1.0 0.783497 0.821078 0.204248 0.125817
0 1.0 0.083333 0.830065 0.075163 0.156863
0 1.0 0.829248 0.812908 0.184641 0.263072
0 1.0 0.129085 0.879085 0.101307 0.130719
0 1.0 0.031863 0.843137 0.040850 0.111111
0 1.0 0.052288 0.870098 0.104575 0.089869
0 1.0 0.669935 0.185458 0.124183 0.204248
0 1.0 0.718137 0.175654 0.165033 0.145425
0 1.0 0.622549 0.173203 0.107843 0.189542
0 1.0 0.576797 0.186275 0.147059 0.104575
0 1.0 0.508987 0.181373 0.194444 0.114379
0 1.0 0.809641 0.168301 0.210784 0.248366
0 1.0 0.928105 0.188725 0.143791 0.155229
0 1.0 0.915033 0.179739 0.124183 0.352941
0 1.0 0.861928 0.177288 0.138889 0.328431
0 1.0 0.808007 0.182190 0.151961 0.106209
0 1.0 0.166667 0.174020 0.264706 0.325163
0 1.0 0.181373 0.174020 0.068627 0.116013
0 1.0 0.141340 0.179739 0.282680 0.140523
0 1.0 0.074346 0.172386 0.138889 0.344771
0 1.0 0.570261 0.240196 0.588235 0.238562
0 1.0 0.051471 0.178922 0.102941 0.083333
0 1.0 0.301471 0.182190 0.269608 0.129085
0 1.0 0.304739 0.178105 0.076797 0.120915
0 1.0 0.502451 0.180556 0.138889 0.282680
0 1.0 0.469771 0.183824 0.089869 0.142157
0 1.0 0.406863 0.178922 0.294118 0.138889
0 1.0 0.338235 0.243464 0.558824 0.235294
0 1.0 0.184641 0.179739 0.120915 0.310458
0 1.0 0.335784 0.956699 0.106209 0.070261
0 1.0 0.290033 0.944444 0.083333 0.111111
0 1.0 0.294935 0.962418 0.060458 0.045752
0 1.0 0.554739 0.074346 0.609477 0.148693
0 1.0 0.577614 0.959150 0.040850 0.042484
0 1.0 0.250000 0.950980 0.120915 0.098039
0 1.0 0.186275 0.944444 0.078431 0.111111
0 1.0 0.267974 0.963235 0.058824 0.047386
0 1.0 0.827614 0.943627 0.165033 0.112745
0 1.0 0.513889 0.956699 0.096405 0.086601
0 1.0 0.449346 0.927288 0.101307 0.145425
0 1.0 0.527778 0.961601 0.039216 0.040850
0 1.0 0.353758 0.963235 0.050654 0.044118
0 1.0 0.401144 0.925654 0.116013 0.148693
0 1.0 0.472222 0.961601 0.071895 0.050654
0 1.0 0.661765 0.946078 0.094771 0.107843
0 1.0 0.959967 0.935458 0.057190 0.129085
0 1.0 0.931373 0.920752 0.137255 0.109477
0 1.0 0.136438 0.946078 0.083333 0.107843
0 1.0 0.209150 0.964052 0.062092 0.049020
0 1.0 0.089052 0.950163 0.112745 0.099673
0 1.0 0.093954 0.962418 0.050654 0.049020
0 1.0 0.074346 0.958333 0.070261 0.066993
0 1.0 0.133987 0.236111 0.245098 0.171569
0 1.0 0.567810 0.957516 0.106209 0.084967
0 1.0 0.872549 0.931373 0.107843 0.137255
0 1.0 0.934641 0.958333 0.130719 0.083333
0 1.0 0.067810 0.232843 0.135621 0.106209
0 1.0 0.715686 0.946895 0.150327 0.106209
0 1.0 0.883170 0.955065 0.060458 0.047386
0 1.0 0.635621 0.957516 0.042484 0.042484
0 1.0 0.605392 0.948529 0.099673 0.073529
0 1.0 0.765523 0.945261 0.083333 0.109477
0 1.0 0.803105 0.950163 0.151961 0.066993
0 1.0 0.075980 0.549020 0.151961 0.656863
0 1.0 0.750817 0.807190 0.230392 0.382353
0 1.0 0.334150 0.241830 0.426471 0.457516
0 1.0 0.342320 0.445261 0.426471 0.465686
0 1.0 0.809641 0.464052 0.380719 0.689542
0 1.0 0.581699 0.245915 0.450980 0.459150