0 1.0 0.406250 0.517188 0.281250 0.609375
0 1.0 0.588867 0.596094 0.275391 0.114062
0 1.0 0.621094 0.593750 0.222656 0.221875
0 1.0 0.549805 0.617188 0.154297 0.331250
0 1.0 0.600586 0.597656 0.126953 0.104688
0 1.0 0.499023 0.632031 0.123047 0.385937
0 1.0 0.470703 0.596875 0.250000 0.125000
0 1.0 0.719727 0.591406 0.134766 0.289062
0 1.0 0.689453 0.588281 0.257812 0.160938
0 1.0 0.297852 0.611719 0.138672 0.304688
0 1.0 0.309570 0.601562 0.017578 0.043750
0 1.0 0.239258 0.595313 0.130859 0.340625
0 1.0 0.242188 0.598437 0.230469 0.109375
0 1.0 0.287109 0.602344 0.054688 0.079687
0 1.0 0.437500 0.626563 0.195312 0.303125
0 1.0 0.181641 0.601562 0.121094 0.328125
0 1.0 0.128906 0.601562 0.128906 0.321875
0 1.0 0.145508 0.600000 0.228516 0.103125
0 1.0 0.466797 0.611719 0.136719 0.126562
0 1.0 0.346680 0.604688 0.119141 0.378125
0 1.0 0.309570 0.593750 0.166016 0.096875
0 1.0 0.345703 0.598437 0.050781 0.071875
0 1.0 0.442383 0.604688 0.056641 0.087500
0 1.0 0.242188 0.656250 0.312500 0.143750
0 1.0 0.271484 0.660937 0.105469 0.131250
0 1.0 0.233398 0.657031 0.244141 0.307812
0 1.0 0.143555 0.657031 0.205078 0.151562
0 1.0 0.134766 0.657031 0.242188 0.307812
0 1.0 0.471680 0.671094 0.107422 0.132812
0 1.0 0.416016 0.654687 0.300781 0.143750
0 1.0 0.455078 0.660937 0.054688 0.103125
0 1.0 0.344727 0.657031 0.162109 0.114062
0 1.0 0.356445 0.663281 0.076172 0.110937
0 1.0 0.319336 0.667188 0.025391 0.068750
0 1.0 0.891602 0.592969 0.216797 0.301563
0 1.0 0.749023 0.602344 0.060547 0.070312
0 1.0 0.798828 0.603906 0.046875 0.070312
0 1.0 0.812500 0.589063 0.136719 0.306250
0 1.0 0.087891 0.652344 0.175781 0.210938
0 1.0 0.036133 0.672656 0.072266 0.264062
0 1.0 0.065430 0.660156 0.130859 0.092188
0 1.0 0.063477 0.665625 0.044922 0.065625
0 1.0 0.894531 0.600781 0.179688 0.151562
0 1.0 0.964844 0.614062 0.042969 0.143750
0 1.0 0.952148 0.597656 0.095703 0.095312
0 1.0 0.281250 0.558594 0.066406 0.089063
0 1.0 0.295898 0.566406 0.095703 0.170313
0 1.0 0.239258 0.549219 0.232422 0.110937
0 1.0 0.128906 0.603125 0.070312 0.078125
0 1.0 0.178711 0.545312 0.216797 0.312500
0 1.0 0.458984 0.551562 0.246094 0.131250
0 1.0 0.934570 0.492969 0.130859 0.132812
0 1.0 0.916992 0.483594 0.115234 0.310937
0 1.0 0.149414 0.546094 0.201172 0.101562
0 1.0 0.875000 0.483594 0.121094 0.329688
0 1.0 0.807617 0.496094 0.052734 0.064062
0 1.0 0.813477 0.496094 0.162109 0.114062
0 1.0 0.817383 0.499219 0.103516 0.207813
0 1.0 0.072266 0.548438 0.125000 0.340625
0 1.0 0.955078 0.511719 0.058594 0.132812
0 1.0 0.042969 0.549219 0.085938 0.067187
0 1.0 0.946289 0.553906 0.107422 0.160938
0 1.0 0.878906 0.550781 0.242188 0.129688
0 1.0 0.773438 0.551562 0.070312 0.075000
0 1.0 0.785156 0.554688 0.156250 0.121875
0 1.0 0.161133 0.603125 0.095703 0.093750
0 1.0 0.047852 0.601562 0.095703 0.071875
0 1.0 0.058594 0.604688 0.039062 0.053125
0 1.0 0.964844 0.567187 0.035156 0.109375
0 1.0 0.606445 0.539062 0.134766 0.278125
0 1.0 0.805664 0.539844 0.251953 0.251563
0 1.0 0.570312 0.547656 0.253906 0.151562
0 1.0 0.655273 0.526563 0.123047 0.259375
0 1.0 0.341797 0.724219 0.128906 0.245312
0 1.0 0.369141 0.775000 0.093750 0.103125
0 1.0 0.291016 0.718750 0.136719 0.278125
0 1.0 0.256836 0.772656 0.279297 0.132812
0 1.0 0.316406 0.780469 0.035156 0.064062
0 1.0 0.238281 0.731250 0.136719 0.278125
0 1.0 0.268555 0.768750 0.123047 0.115625
0 1.0 0.183594 0.742969 0.136719 0.310937
0 1.0 0.501953 0.769531 0.304688 0.148438
0 1.0 0.529297 0.769531 0.085938 0.120313
0 1.0 0.492188 0.720313 0.210938 0.290625
0 1.0 0.401367 0.696094 0.138672 0.310937
0 1.0 0.480469 0.784375 0.031250 0.071875
0 1.0 0.528320 0.785937 0.033203 0.075000
0 1.0 0.048828 0.767969 0.097656 0.160938
0 1.0 0.960938 0.735156 0.058594 0.201563
0 1.0 0.951172 0.711719 0.097656 0.089063
0 1.0 0.928711 0.710156 0.142578 0.279687
0 1.0 0.917969 0.721094 0.136719 0.117188
0 1.0 0.870117 0.700000 0.130859 0.353125
0 1.0 0.786133 0.717969 0.068359 0.064062
0 1.0 0.844727 0.725000 0.037109 0.053125
0 1.0 0.125000 0.756250 0.128906 0.306250
0 1.0 0.152344 0.767188 0.304688 0.128125
0 1.0 0.156250 0.774219 0.148438 0.120313
0 1.0 0.072266 0.760156 0.144531 0.279687
0 1.0 0.126953 0.776563 0.085938 0.090625
0 1.0 0.056641 0.770312 0.113281 0.075000
0 1.0 0.063477 0.776563 0.037109 0.053125
0 1.0 0.065430 0.817969 0.099609 0.067187
0 1.0 0.081055 0.824219 0.033203 0.051562
0 1.0 0.945312 0.764844 0.109375 0.098437
0 1.0 0.548828 0.760938 0.164062 0.231250
0 1.0 0.885742 0.768750 0.228516 0.131250
0 1.0 0.205078 0.811719 0.328125 0.123438
0 1.0 0.188477 0.806250 0.291016 0.275000
0 1.0 0.153320 0.818750 0.126953 0.109375
0 1.0 0.133789 0.824219 0.068359 0.082812
0 1.0 0.678711 0.762500 0.248047 0.340625
0 1.0 0.625977 0.766406 0.173828 0.154688
0 1.0 0.605469 0.746875 0.121094 0.340625
0 1.0 0.805664 0.771094 0.115234 0.085938
0 1.0 0.569336 0.770312 0.068359 0.103125
0 1.0 0.862305 0.780469 0.041016 0.064062
0 1.0 0.862305 0.760156 0.248047 0.323437
0 1.0 0.750977 0.750000 0.115234 0.365625
0 1.0 0.714844 0.764844 0.328125 0.139063
0 1.0 0.946289 0.657031 0.107422 0.126562
0 1.0 0.878906 0.655469 0.242188 0.126562
0 1.0 0.763672 0.658594 0.062500 0.067187
0 1.0 0.813477 0.661719 0.044922 0.064062
0 1.0 0.767578 0.653906 0.304688 0.132812
0 1.0 0.152344 0.707031 0.304688 0.135937
0 1.0 0.124023 0.712500 0.107422 0.112500
0 1.0 0.060547 0.711719 0.121094 0.082812
0 1.0 0.068359 0.717969 0.042969 0.064062
0 1.0 0.626953 0.651563 0.328125 0.156250
0 1.0 0.595703 0.655469 0.117188 0.135937
0 1.0 0.734375 0.635938 0.265625 0.284375
0 1.0 0.655273 0.660937 0.146484 0.300000
0 1.0 0.620117 0.710938 0.267578 0.178125
0 1.0 0.587891 0.717187 0.082031 0.112500
0 1.0 0.483398 0.715625 0.298828 0.143750
0 1.0 0.789062 0.710156 0.316406 0.126562
0 1.0 0.814453 0.701562 0.132812 0.287500
0 1.0 0.295898 0.728906 0.029297 0.067187
0 1.0 0.263672 0.715625 0.121094 0.134375
0 1.0 0.506836 0.718750 0.103516 0.128125
0 1.0 0.502930 0.721094 0.052734 0.092188
0 1.0 0.469727 0.717187 0.033203 0.075000
0 1.0 0.334961 0.720313 0.166016 0.109375
0 1.0 0.351562 0.725000 0.066406 0.093750
0 1.0 0.248047 0.339844 0.269531 0.135937
0 1.0 0.235352 0.379688 0.076172 0.196875
0 1.0 0.236328 0.346094 0.222656 0.307812
0 1.0 0.189453 0.403906 0.054688 0.164062
0 1.0 0.184570 0.379688 0.111328 0.240625
0 1.0 0.722656 0.501563 0.113281 0.250000
0 1.0 0.150391 0.418750 0.046875 0.140625
0 1.0 0.159180 0.350781 0.259766 0.129688
0 1.0 0.149414 0.343750 0.232422 0.284375
0 1.0 0.072266 0.388281 0.054688 0.179688
0 1.0 0.391602 0.366406 0.138672 0.235937
0 1.0 0.416016 0.337500 0.289062 0.165625
0 1.0 0.344727 0.378906 0.107422 0.242188
0 1.0 0.286133 0.397656 0.060547 0.164062
0 1.0 0.282227 0.366406 0.123047 0.245312
0 1.0 0.306641 0.360938 0.074219 0.146875
0 1.0 0.900391 0.281250 0.195312 0.290625
0 1.0 0.911133 0.293750 0.119141 0.200000
0 1.0 0.882812 0.335938 0.089844 0.190625
0 1.0 0.851562 0.297656 0.097656 0.082812
0 1.0 0.891602 0.342187 0.041016 0.093750
0 1.0 0.140625 0.349219 0.117188 0.095312
0 1.0 0.831055 0.293750 0.220703 0.131250
0 1.0 0.846680 0.360156 0.025391 0.054688
0 1.0 0.760742 0.342187 0.083984 0.184375
0 1.0 0.774414 0.339844 0.033203 0.073438
0 1.0 0.829102 0.351562 0.080078 0.159375
0 1.0 0.092773 0.364844 0.146484 0.204687
0 1.0 0.036133 0.388281 0.037109 0.139063
0 1.0 0.051758 0.350781 0.103516 0.073438
0 1.0 0.951172 0.367188 0.035156 0.087500
0 1.0 0.949219 0.293750 0.101562 0.100000
0 1.0 0.940430 0.334375 0.033203 0.062500
0 1.0 0.915039 0.353906 0.107422 0.151562
0 1.0 0.861328 0.356250 0.207031 0.100000
0 1.0 0.891602 0.392969 0.041016 0.085938
0 1.0 0.844727 0.400000 0.033203 0.081250
0 1.0 0.821289 0.327344 0.255859 0.270313
0 1.0 0.140625 0.402344 0.152344 0.120313
0 1.0 0.067383 0.437500 0.041016 0.103125
0 1.0 0.037109 0.428125 0.062500 0.184375
0 1.0 0.059570 0.401562 0.119141 0.096875
0 1.0 0.958984 0.390625 0.023438 0.056250
0 1.0 0.944336 0.396875 0.037109 0.071875
0 1.0 0.951172 0.367969 0.097656 0.120313
0 1.0 0.060547 0.408594 0.058594 0.095312
0 1.0 0.609375 0.364844 0.171875 0.204687
0 1.0 0.557617 0.425781 0.052734 0.104688
0 1.0 0.512695 0.422656 0.056641 0.114062
0 1.0 0.768555 0.395313 0.048828 0.112500
0 1.0 0.504883 0.366406 0.173828 0.179688
0 1.0 0.446289 0.325781 0.064453 0.114062
0 1.0 0.464844 0.339062 0.148438 0.137500
0 1.0 0.777344 0.353906 0.289062 0.148438
0 1.0 0.718750 0.387500 0.078125 0.184375
0 1.0 0.724609 0.389844 0.050781 0.117188
0 1.0 0.708008 0.339062 0.255859 0.281250
0 1.0 0.675781 0.348438 0.312500 0.125000
0 1.0 0.667969 0.404687 0.046875 0.103125
0 1.0 0.604492 0.400781 0.060547 0.148438
0 1.0 0.842773 0.235156 0.197266 0.120313
0 1.0 0.879883 0.253906 0.103516 0.223438
0 1.0 0.821289 0.251563 0.123047 0.293750
0 1.0 0.757812 0.251563 0.125000 0.328125
0 1.0 0.780273 0.239844 0.267578 0.170313
0 1.0 0.829102 0.256250 0.080078 0.187500
0 1.0 0.037109 0.320312 0.058594 0.225000
0 1.0 0.055664 0.292187 0.076172 0.065625
0 1.0 0.070312 0.286719 0.140625 0.295312
0 1.0 0.955078 0.289062 0.046875 0.143750
0 1.0 0.938477 0.239844 0.123047 0.189062
0 1.0 0.580078 0.241406 0.128906 0.129688
0 1.0 0.553711 0.217188 0.224609 0.346875
0 1.0 0.240234 0.064844 0.082031 0.129688
0 1.0 0.188477 0.053125 0.111328 0.106250
0 1.0 0.134766 0.082031 0.082031 0.164062
0 1.0 0.712891 0.248438 0.117188 0.359375
0 1.0 0.144531 0.087500 0.230469 0.175000
0 1.0 0.078125 0.085156 0.058594 0.126562
0 1.0 0.149414 0.032813 0.068359 0.062500
0 1.0 0.124023 0.043750 0.115234 0.087500
0 1.0 0.031250 0.084375 0.050781 0.115625
0 1.0 0.657227 0.242188 0.123047 0.365625
0 1.0 0.675781 0.235937 0.289062 0.134375
0 1.0 0.233398 0.082031 0.251953 0.164062
0 1.0 0.552734 0.246094 0.117188 0.245312
0 1.0 0.601562 0.242188 0.097656 0.321875
0 1.0 0.603516 0.238281 0.062500 0.185938
0 1.0 0.564453 0.238281 0.304688 0.132812
0 1.0 0.567383 0.298438 0.134766 0.096875
0 1.0 0.566406 0.355469 0.062500 0.104688
0 1.0 0.512695 0.341406 0.068359 0.151562
0 1.0 0.492188 0.297656 0.246094 0.260937
0 1.0 0.520508 0.310937 0.107422 0.134375
0 1.0 0.500000 0.303125 0.066406 0.078125
0 1.0 0.473633 0.323437 0.048828 0.078125
0 1.0 0.725586 0.293750 0.259766 0.125000
0 1.0 0.725586 0.309375 0.044922 0.118750
0 1.0 0.661133 0.326562 0.095703 0.225000
0 1.0 0.595703 0.345313 0.074219 0.178125
0 1.0 0.641602 0.295312 0.166016 0.106250
0 1.0 0.600586 0.345313 0.029297 0.075000
0 1.0 0.617188 0.303906 0.257812 0.160938
0 1.0 0.673828 0.324219 0.035156 0.085938
0 1.0 0.242188 0.300000 0.140625 0.093750
0 1.0 0.215820 0.321094 0.033203 0.076563
0 1.0 0.165039 0.293750 0.150391 0.096875
0 1.0 0.154297 0.339844 0.035156 0.079687
0 1.0 0.078125 0.301563 0.035156 0.109375
0 1.0 0.143555 0.348438 0.080078 0.187500
0 1.0 0.401367 0.298438 0.072266 0.075000
0 1.0 0.345703 0.293750 0.140625 0.209375
0 1.0 0.329102 0.300000 0.236328 0.112500
0 1.0 0.319336 0.308594 0.033203 0.076563
0 1.0 0.248047 0.332031 0.058594 0.135937
0 1.0 0.374023 0.300781 0.064453 0.104688
0 1.0 0.958008 0.455469 0.083984 0.126562
0 1.0 0.886719 0.441406 0.226562 0.114062
0 1.0 0.917969 0.439063 0.097656 0.146875
0 1.0 0.811523 0.435156 0.021484 0.039062
0 1.0 0.885742 0.454688 0.056641 0.134375
0 1.0 0.803711 0.430469 0.162109 0.104688
0 1.0 0.817383 0.438281 0.279297 0.157812
0 1.0 0.148438 0.485156 0.171875 0.117188
0 1.0 0.056641 0.490625 0.066406 0.059375
0 1.0 0.044922 0.486719 0.089844 0.257812
0 1.0 0.960938 0.477344 0.027344 0.067187
0 1.0 0.919922 0.440625 0.085938 0.071875
0 1.0 0.654297 0.440625 0.117188 0.090625
0 1.0 0.609375 0.451562 0.101562 0.193750
0 1.0 0.625000 0.436719 0.246094 0.157812
0 1.0 0.553711 0.465625 0.095703 0.209375
0 1.0 0.604492 0.439844 0.076172 0.067187
0 1.0 0.556641 0.435156 0.218750 0.295312
0 1.0 0.498047 0.461719 0.109375 0.254688
0 1.0 0.511719 0.435156 0.195312 0.126562
0 1.0 0.436523 0.421875 0.150391 0.359375
0 1.0 0.584961 0.432812 0.138672 0.109375
0 1.0 0.757812 0.471875 0.074219 0.190625
0 1.0 0.757812 0.463281 0.238281 0.279687
0 1.0 0.727539 0.437500 0.208984 0.103125
0 1.0 0.656250 0.467187 0.085938 0.184375
0 1.0 0.662109 0.457813 0.242188 0.290625
0 1.0 0.631836 0.502344 0.294922 0.135937
0 1.0 0.140625 0.486719 0.109375 0.245312
0 1.0 0.499023 0.500000 0.279297 0.125000
0 1.0 0.294922 0.489063 0.109375 0.287500
0 1.0 0.252930 0.507031 0.076172 0.076563
0 1.0 0.286133 0.480469 0.208984 0.335938
0 1.0 0.245117 0.496094 0.173828 0.098437
0 1.0 0.237305 0.489063 0.142578 0.200000
0 1.0 0.187500 0.477344 0.089844 0.273438
0 1.0 0.390625 0.496094 0.144531 0.439063
0 1.0 0.300781 0.501563 0.125000 0.090625
0 1.0 0.345703 0.475781 0.152344 0.235937
0 1.0 0.411133 0.492969 0.177734 0.132812
0 1.0 0.583008 0.390625 0.158203 0.115625
0 1.0 0.511719 0.439844 0.027344 0.057813
0 1.0 0.474609 0.385156 0.125000 0.117188
0 1.0 0.766602 0.439844 0.048828 0.126562
0 1.0 0.715820 0.400000 0.322266 0.131250
0 1.0 0.233398 0.396875 0.279297 0.146875
0 1.0 0.235352 0.400781 0.146484 0.226562
0 1.0 0.148438 0.419531 0.085938 0.198437
0 1.0 0.409180 0.383594 0.205078 0.132812
0 1.0 0.300781 0.396094 0.125000 0.110937
0 1.0 0.310547 0.452344 0.054688 0.126562
0 1.0 0.239258 0.444531 0.107422 0.098437
0 1.0 0.244141 0.446094 0.074219 0.176563
0 1.0 0.177734 0.440625 0.218750 0.175000
0 1.0 0.170898 0.442188 0.087891 0.093750
0 1.0 0.453125 0.410938 0.132812 0.200000
0 1.0 0.425781 0.433594 0.191406 0.110937
0 1.0 0.252930 0.447656 0.021484 0.045312
0 1.0 0.292969 0.453125 0.058594 0.187500
0 1.0 0.898438 0.396875 0.203125 0.125000
0 1.0 0.834961 0.437500 0.044922 0.103125
0 1.0 0.072266 0.437500 0.093750 0.246875
0 1.0 0.080078 0.442188 0.062500 0.153125
0 1.0 0.090820 0.439844 0.025391 0.054688
0 1.0 0.960938 0.456250 0.039062 0.106250
0 1.0 0.820312 0.123438 0.203125 0.243750
0 1.0 0.761719 0.141406 0.113281 0.235937
0 1.0 0.346680 0.802344 0.146484 0.139063
0 1.0 0.708984 0.150781 0.097656 0.207813
0 1.0 0.699219 0.125781 0.250000 0.182812
0 1.0 0.269531 0.650781 0.539062 0.239063
0 1.0 0.255859 0.613281 0.390625 0.467187
0 1.0 0.502930 0.142187 0.119141 0.284375
0 1.0 0.723633 0.663281 0.396484 0.442188
0 1.0 0.888672 0.152344 0.222656 0.304688
0 1.0 0.817383 0.125781 0.150391 0.110937
0 1.0 0.874023 0.159375 0.119141 0.240625
0 1.0 0.116211 0.173437 0.181641 0.146875
0 1.0 0.102539 0.181250 0.205078 0.353125
0 1.0 0.039062 0.196094 0.078125 0.345313
0 1.0 0.062500 0.181250 0.078125 0.071875
0 1.0 0.566406 0.596094 0.234375 0.557813
0 1.0 0.548828 0.642188 0.500000 0.262500
0 1.0 0.950195 0.168750 0.087891 0.200000
0 1.0 0.921875 0.133594 0.156250 0.167187
0 1.0 0.286133 0.134375 0.228516 0.268750
0 1.0 0.299805 0.134375 0.138672 0.193750
0 1.0 0.565430 0.745313 0.529297 0.234375
0 1.0 0.383789 0.156250 0.107422 0.259375
0 1.0 0.421875 0.122656 0.285156 0.145313
0 1.0 0.437500 0.128906 0.089844 0.120313
0 1.0 0.245117 0.128125 0.197266 0.131250
0 1.0 0.178711 0.146094 0.134766 0.289062
0 1.0 0.354492 0.852344 0.599609 0.192188
0 1.0 0.309570 0.143750 0.048828 0.075000
0 1.0 0.607422 0.141406 0.136719 0.282813
0 1.0 0.552734 0.149219 0.148438 0.298438
0 1.0 0.588867 0.120313 0.259766 0.140625
0 1.0 0.343750 0.749219 0.546875 0.217188
0 1.0 0.360352 0.125781 0.138672 0.104688
0 1.0 0.501953 0.119531 0.218750 0.185938
0 1.0 0.448242 0.153125 0.119141 0.250000
0 1.0 0.481445 0.125781 0.087891 0.110937
0 1.0 0.517578 0.178125 0.234375 0.125000
0 1.0 0.051758 0.167187 0.091797 0.165625
0 1.0 0.645508 0.178906 0.162109 0.110937
0 1.0 0.625000 0.174219 0.250000 0.182812
0 1.0 0.502930 0.185156 0.087891 0.095312
0 1.0 0.469727 0.174219 0.091797 0.157812
0 1.0 0.385742 0.433594 0.568359 0.235937
0 1.0 0.701172 0.349219 0.546875 0.204687
0 1.0 0.715820 0.341406 0.404297 0.410938
0 1.0 0.166992 0.463281 0.333984 0.457813
0 1.0 0.418945 0.178906 0.283203 0.148438
0 1.0 0.396484 0.360156 0.402344 0.273438
0 1.0 0.252930 0.345313 0.396484 0.403125
0 1.0 0.538086 0.392969 0.451172 0.442188
0 1.0 0.211914 0.185938 0.259766 0.140625
0 1.0 0.190430 0.175781 0.044922 0.089063
0 1.0 0.454102 0.549219 0.548828 0.226562
0 1.0 0.707031 0.443750 0.519531 0.231250
0 1.0 0.648438 0.554688 0.492188 0.231250
0 1.0 0.312500 0.192188 0.066406 0.125000
0 1.0 0.224609 0.553125 0.449219 0.215625
0 1.0 0.238281 0.202344 0.136719 0.310937
0 1.0 0.396484 0.159375 0.214844 0.318750
0 1.0 0.348633 0.189062 0.091797 0.259375
0 1.0 0.385742 0.182031 0.103516 0.092188
0 1.0 0.293945 0.205469 0.107422 0.254688
0 1.0 0.875000 0.048438 0.066406 0.090625
0 1.0 0.833984 0.042969 0.160156 0.085938
0 1.0 0.813477 0.060937 0.087891 0.121875
0 1.0 0.927734 0.034375 0.144531 0.068750
0 1.0 0.954102 0.064062 0.052734 0.081250
0 1.0 0.922852 0.074219 0.091797 0.148438
0 1.0 0.767578 0.048438 0.054688 0.084375
0 1.0 0.753906 0.044531 0.179688 0.089063
0 1.0 0.761719 0.078906 0.261719 0.157812
0 1.0 0.749023 0.880469 0.501953 0.239063
0 1.0 0.714844 0.075781 0.070312 0.132812
0 1.0 0.059570 0.086719 0.119141 0.173437
0 1.0 0.642578 0.495312 0.480469 0.534375
0 1.0 0.375977 0.301563 0.751953 0.303125
0 1.0 0.353516 0.057813 0.109375 0.115625
0 1.0 0.291992 0.088281 0.064453 0.132812
0 1.0 0.269531 0.035156 0.117188 0.070312
0 1.0 0.304688 0.056250 0.097656 0.112500
0 1.0 0.507812 0.803125 0.929688 0.384375
0 1.0 0.459961 0.053906 0.072266 0.101562
0 1.0 0.504883 0.039844 0.080078 0.079687
0 1.0 0.665039 0.241406 0.087891 0.223438
0 1.0 0.058594 0.040625 0.089844 0.081250
0 1.0 0.341797 0.086719 0.234375 0.173437
0 1.0 0.416992 0.056250 0.111328 0.112500
0 1.0 0.331055 0.032031 0.044922 0.054688
0 1.0 0.666992 0.075781 0.072266 0.148438
0 1.0 0.668945 0.038281 0.181641 0.076563
0 1.0 0.601562 0.071875 0.082031 0.143750
0 1.0 0.500000 0.204687 1.000000 0.400000
0 1.0 0.547852 0.060156 0.064453 0.120313
0 1.0 0.384766 0.085938 0.085938 0.171875
0 1.0 0.449219 0.033594 0.132812 0.067187
0 1.0 0.601562 0.032813 0.082031 0.062500
0 1.0 0.541992 0.031250 0.107422 0.062500
0 1.0 0.456055 0.053906 0.041016 0.076563
0 1.0 0.524414 0.034375 0.033203 0.046875
0 1.0 0.349609 0.921094 0.578125 0.157812
0 1.0 0.663086 0.126562 0.119141 0.253125
0 1.0 0.653320 0.072656 0.283203 0.145313
0 1.0 0.166992 0.923438 0.333984 0.153125
0 1.0 0.134766 0.122656 0.132812 0.104688
0 1.0 0.058594 0.126562 0.078125 0.093750
0 1.0 0.874023 0.073438 0.251953 0.140625
0 1.0 0.734375 0.125000 0.531250 0.250000
0 1.0 0.470703 0.073438 0.187500 0.131250
0 1.0 0.253906 0.121094 0.507812 0.242188
0 1.0 0.830078 0.922656 0.339844 0.154688
0 1.0 0.082031 0.903125 0.121094 0.193750
0 1.0 0.028320 0.925000 0.056641 0.150000
0 1.0 0.063477 0.920312 0.126953 0.084375
0 1.0 0.962891 0.870313 0.027344 0.062500
0 1.0 0.936523 0.867969 0.126953 0.101562
0 1.0 0.956055 0.883594 0.052734 0.089063
0 1.0 0.921875 0.869531 0.156250 0.242188
0 1.0 0.925781 0.845313 0.066406 0.143750
0 1.0 0.233398 0.901563 0.115234 0.196875
0 1.0 0.185547 0.901563 0.101562 0.196875
0 1.0 0.128906 0.892969 0.105469 0.214062
0 1.0 0.757812 0.867188 0.207031 0.200000
0 1.0 0.714844 0.789844 0.062500 0.154688
0 1.0 0.691406 0.877344 0.289062 0.132812
0 1.0 0.666992 0.776563 0.072266 0.156250
0 1.0 0.601562 0.783594 0.039062 0.095312
0 1.0 0.621094 0.835156 0.269531 0.242188
0 1.0 0.877930 0.845313 0.052734 0.109375
0 1.0 0.808594 0.873437 0.167969 0.096875
0 1.0 0.855469 0.879687 0.070312 0.078125
0 1.0 0.832031 0.860156 0.046875 0.095312
0 1.0 0.830078 0.876563 0.246094 0.153125
0 1.0 0.766602 0.826562 0.060547 0.140625
0 1.0 0.820312 0.835938 0.054688 0.115625
0 1.0 0.713867 0.892188 0.111328 0.187500
0 1.0 0.660156 0.883594 0.125000 0.232813
0 1.0 0.596680 0.897656 0.107422 0.204687
0 1.0 0.626953 0.912500 0.316406 0.115625
0 1.0 0.870117 0.892969 0.119141 0.214062
0 1.0 0.812500 0.896094 0.125000 0.207813
0 1.0 0.392578 0.882812 0.113281 0.234375
0 1.0 0.409180 0.914062 0.322266 0.125000
0 1.0 0.342773 0.893750 0.111328 0.212500
0 1.0 0.343750 0.896094 0.265625 0.207813
0 1.0 0.282227 0.899219 0.103516 0.201563
0 1.0 0.263672 0.916406 0.312500 0.120313
0 1.0 0.548828 0.885938 0.113281 0.228125
0 1.0 0.555664 0.894531 0.255859 0.210938
0 1.0 0.505859 0.873437 0.101562 0.253125
0 1.0 0.463867 0.911719 0.158203 0.167187
0 1.0 0.443359 0.882812 0.074219 0.165625
0 1.0 0.668945 0.813281 0.294922 0.135937
0 1.0 0.795898 0.820312 0.212891 0.106250
0 1.0 0.875000 0.812500 0.152344 0.268750
0 1.0 0.852539 0.828906 0.056641 0.070312
0 1.0 0.401367 0.780469 0.251953 0.251563
0 1.0 0.084961 0.031250 0.060547 0.059375
0 1.0 0.311523 0.818750 0.033203 0.046875
0 1.0 0.277344 0.810937 0.093750 0.084375
0 1.0 0.575195 0.807031 0.060547 0.089063
0 1.0 0.537109 0.807031 0.085938 0.098437
0 1.0 0.480469 0.810937 0.039062 0.065625
0 1.0 0.447266 0.786719 0.113281 0.289062
0 1.0 0.481445 0.810937 0.224609 0.118750
0 1.0 0.531250 0.813281 0.035156 0.067187
0 1.0 0.401367 0.818750 0.076172 0.125000
0 1.0 0.462891 0.866406 0.058594 0.067187
0 1.0 0.352539 0.779687 0.033203 0.065625
0 1.0 0.337891 0.859375 0.175781 0.075000
0 1.0 0.356445 0.803906 0.052734 0.082812
0 1.0 0.290039 0.799219 0.033203 0.064062
0 1.0 0.257812 0.863281 0.195312 0.076563
0 1.0 0.311523 0.869531 0.037109 0.045312
0 1.0 0.279297 0.851562 0.265625 0.237500
0 1.0 0.302734 0.871094 0.101562 0.114062
0 1.0 0.241211 0.807813 0.044922 0.100000
0 1.0 0.555664 0.786719 0.037109 0.107813
0 1.0 0.501953 0.863281 0.269531 0.117188
0 1.0 0.455078 0.752344 0.019531 0.048438
0 1.0 0.458008 0.778125 0.044922 0.078125
0 1.0 0.526367 0.872656 0.041016 0.057813
0 1.0 0.448242 0.849219 0.251953 0.229687
0 1.0 0.030273 0.852344 0.037109 0.098437
0 1.0 0.078125 0.863281 0.085938 0.064062
0 1.0 0.033203 0.852344 0.066406 0.126562
0 1.0 0.086914 0.867188 0.033203 0.056250
0 1.0 0.961914 0.850000 0.060547 0.187500
0 1.0 0.933594 0.811719 0.132812 0.104688
0 1.0 0.195312 0.821094 0.035156 0.076563
0 1.0 0.193359 0.829688 0.062500 0.103125
0 1.0 0.201172 0.862500 0.207031 0.125000
0 1.0 0.101562 0.846094 0.203125 0.260937
0 1.0 0.084961 0.835938 0.048828 0.109375
0 1.0 0.122070 0.863281 0.154297 0.089063
0 1.0 0.139648 0.864844 0.072266 0.085938
0 1.0 0.566406 0.147656 0.464844 0.282813
0 1.0 0.121094 0.235156 0.242188 0.120313
0 1.0 0.755859 0.179688 0.222656 0.359375
0 1.0 0.060547 0.232031 0.121094 0.092188
0 1.0 0.955078 0.232813 0.058594 0.181250
0 1.0 0.927734 0.185156 0.144531 0.110937
0 1.0 0.183594 0.245312 0.246094 0.353125
0 1.0 0.136719 0.257812 0.109375 0.346875
0 1.0 0.283203 0.254688 0.058594 0.078125
0 1.0 0.248047 0.235937 0.289062 0.140625
0 1.0 0.559570 0.075781 0.623047 0.151562
0 1.0 0.185547 0.279687 0.101562 0.300000
0 1.0 0.640625 0.254688 0.226562 0.490625
0 1.0 0.352539 0.266406 0.240234 0.423438
0 1.0 0.851562 0.184375 0.144531 0.103125
0 1.0 0.780273 0.178906 0.322266 0.135937
0 1.0 0.553711 0.254688 0.599609 0.221875
0 1.0 0.438477 0.281250 0.228516 0.475000
0 1.0 0.462891 0.953125 0.113281 0.093750
0 1.0 0.403320 0.942187 0.134766 0.115625
0 1.0 0.340820 0.960156 0.048828 0.048438
0 1.0 0.315430 0.951562 0.146484 0.096875
0 1.0 0.279297 0.962500 0.078125 0.059375
0 1.0 0.604492 0.950000 0.208984 0.100000
0 1.0 0.553711 0.934375 0.087891 0.131250
0 1.0 0.611328 0.962500 0.058594 0.050000
0 1.0 0.548828 0.959375 0.070312 0.056250
0 1.0 0.519531 0.950000 0.167969 0.100000
0 1.0 0.521484 0.957812 0.039062 0.043750
0 1.0 0.143555 0.962500 0.076172 0.062500
0 1.0 0.121094 0.955469 0.109375 0.089063
0 1.0 0.066406 0.965625 0.058594 0.053125
0 1.0 0.050781 0.952344 0.101562 0.095312
0 1.0 0.965820 0.934375 0.056641 0.131250
0 1.0 0.929688 0.919531 0.140625 0.107813
0 1.0 0.241211 0.951562 0.138672 0.096875
0 1.0 0.233398 0.963281 0.083984 0.064062
0 1.0 0.189453 0.962500 0.070312 0.062500
0 1.0 0.500000 0.228906 0.164062 0.235937
0 1.0 0.442383 0.254688 0.068359 0.143750
0 1.0 0.458984 0.246094 0.289062 0.132812
0 1.0 0.438477 0.243750 0.134766 0.200000
0 1.0 0.383789 0.228125 0.142578 0.240625
0 1.0 0.939453 0.953906 0.121094 0.092188
0 1.0 0.477539 0.251563 0.091797 0.100000
0 1.0 0.350586 0.242188 0.279297 0.125000
0 1.0 0.765625 0.928906 0.121094 0.142187
0 1.0 0.785156 0.950000 0.218750 0.100000
0 1.0 0.741211 0.960156 0.107422 0.067187
0 1.0 0.714844 0.942969 0.152344 0.114062
0 1.0 0.682617 0.959375 0.115234 0.068750
0 1.0 0.606445 0.939063 0.076172 0.121875
0 1.0 0.641602 0.961719 0.068359 0.054688
0 1.0 0.872070 0.938281 0.091797 0.123438
0 1.0 0.848633 0.963281 0.056641 0.054688
0 1.0 0.817383 0.943750 0.087891 0.112500
0 1.0 0.843750 0.960156 0.097656 0.079687
0 1.0 0.554688 0.789062 0.210938 0.421875
0 1.0 0.453125 0.825000 0.425781 0.350000
0 1.0 0.358398 0.684375 0.236328 0.471875
0 1.0 0.805664 0.242969 0.388672 0.292187
0 1.0 0.813477 0.508594 0.373047 0.929688
0 1.0 0.315430 0.677344 0.630859 0.645312
0 1.0 0.670898 0.663281 0.658203 0.673438
0 1.0 0.846680 0.553906 0.193359 0.557813
0 1.0 0.915039 0.453125 0.169922 0.481250
0 1.0 0.845703 0.332813 0.191406 0.528125
0 1.0 0.815430 0.449219 0.349609 0.420312
0 1.0 0.261719 0.385156 0.523438 0.770312
0 1.0 0.124023 0.641406 0.248047 0.717187
0 1.0 0.500000 0.499219 1.000000 0.635938
0 1.0 0.298828 0.794531 0.351562 0.410938
0 1.0 0.503906 0.500000 0.511719 1.000000