0 1.0 0.500000 0.470794 1.000000 0.820093
0 1.0 0.232031 0.613318 0.123438 0.310748
0 1.0 0.227344 0.595794 0.264062 0.112150
0 1.0 0.489844 0.603972 0.235937 0.105140
0 1.0 0.292187 0.605140 0.175000 0.214953
0 1.0 0.517188 0.609813 0.103125 0.102804
0 1.0 0.496875 0.603972 0.246875 0.348131
0 1.0 0.179688 0.594626 0.146875 0.264019
0 1.0 0.178125 0.608645 0.312500 0.296729
0 1.0 0.125781 0.610981 0.123438 0.310748
0 1.0 0.489844 0.610981 0.042188 0.063084
0 1.0 0.389844 0.594626 0.135937 0.380841
0 1.0 0.356250 0.602804 0.268750 0.112150
0 1.0 0.409375 0.607477 0.050000 0.074766
0 1.0 0.682813 0.606308 0.215625 0.165888
0 1.0 0.284375 0.619159 0.275000 0.317757
0 1.0 0.602344 0.585280 0.129688 0.348131
0 1.0 0.317969 0.603972 0.114062 0.114486
0 1.0 0.289062 0.605140 0.040625 0.060748
0 1.0 0.153125 0.596963 0.112500 0.114486
0 1.0 0.904687 0.557243 0.190625 0.165888
0 1.0 0.871875 0.560748 0.125000 0.345794
0 1.0 0.861719 0.554907 0.057813 0.067757
0 1.0 0.888281 0.564252 0.060937 0.091121
0 1.0 0.070312 0.616822 0.131250 0.327103
0 1.0 0.821875 0.554907 0.109375 0.357477
0 1.0 0.817969 0.551402 0.317188 0.135514
0 1.0 0.088281 0.596963 0.176563 0.105140
0 1.0 0.110937 0.602804 0.053125 0.074766
0 1.0 0.755469 0.556075 0.135937 0.331776
0 1.0 0.030469 0.623832 0.060937 0.228972
0 1.0 0.045312 0.605140 0.031250 0.051402
0 1.0 0.956250 0.598131 0.040625 0.186916
0 1.0 0.949219 0.551402 0.101562 0.102804
0 1.0 0.266406 0.593458 0.079687 0.084112
0 1.0 0.035156 0.601636 0.070312 0.072430
0 1.0 0.939063 0.603972 0.121875 0.217290
0 1.0 0.185156 0.653037 0.085938 0.250000
0 1.0 0.167969 0.657710 0.279687 0.142523
0 1.0 0.827344 0.601636 0.079687 0.086449
0 1.0 0.885156 0.606308 0.085938 0.217290
0 1.0 0.863281 0.602804 0.057813 0.098131
0 1.0 0.829688 0.603972 0.078125 0.217290
0 1.0 0.822656 0.605140 0.264062 0.186916
0 1.0 0.125781 0.664720 0.126562 0.128505
0 1.0 0.335156 0.660047 0.282813 0.142523
0 1.0 0.042969 0.663551 0.085938 0.079439
0 1.0 0.051562 0.671729 0.031250 0.058411
0 1.0 0.617188 0.605140 0.206250 0.107477
0 1.0 0.547656 0.581776 0.110937 0.364486
0 1.0 0.559375 0.613318 0.090625 0.091121
0 1.0 0.099219 0.668224 0.070312 0.093458
0 1.0 0.656250 0.592290 0.134375 0.334112
0 1.0 0.882812 0.510514 0.100000 0.100467
0 1.0 0.862500 0.508178 0.234375 0.376168
0 1.0 0.125781 0.546729 0.210938 0.210280
0 1.0 0.780469 0.496495 0.310937 0.128505
0 1.0 0.767188 0.508178 0.256250 0.380841
0 1.0 0.041406 0.546729 0.082812 0.084112
0 1.0 0.050781 0.554907 0.101562 0.165888
0 1.0 0.946094 0.501168 0.107813 0.109813
0 1.0 0.946094 0.552570 0.054688 0.175234
0 1.0 0.243750 0.544393 0.250000 0.163551
0 1.0 0.508594 0.491822 0.198437 0.114486
0 1.0 0.503125 0.474299 0.143750 0.303738
0 1.0 0.435156 0.477804 0.110937 0.310748
0 1.0 0.443750 0.498832 0.153125 0.137850
0 1.0 0.389844 0.467290 0.117188 0.303738
0 1.0 0.657031 0.480140 0.104688 0.338785
0 1.0 0.675781 0.494159 0.245312 0.119159
0 1.0 0.921875 0.529206 0.109375 0.422897
0 1.0 0.660156 0.517523 0.251563 0.380841
0 1.0 0.606250 0.488318 0.187500 0.247664
0 1.0 0.554688 0.461449 0.109375 0.315421
0 1.0 0.551562 0.549065 0.275000 0.121495
0 1.0 0.434375 0.551402 0.278125 0.126168
0 1.0 0.456250 0.553738 0.112500 0.116822
0 1.0 0.627344 0.554907 0.217188 0.156542
0 1.0 0.184375 0.545561 0.096875 0.217290
0 1.0 0.348438 0.554907 0.131250 0.315421
0 1.0 0.289062 0.570093 0.100000 0.238318
0 1.0 0.271094 0.551402 0.120313 0.130841
0 1.0 0.026562 0.780374 0.050000 0.154206
0 1.0 0.339844 0.767523 0.160938 0.133178
0 1.0 0.291406 0.761682 0.110937 0.191589
0 1.0 0.225781 0.778037 0.264062 0.088785
0 1.0 0.052344 0.779206 0.073438 0.100467
0 1.0 0.960938 0.703271 0.059375 0.182243
0 1.0 0.942187 0.709112 0.115625 0.095794
0 1.0 0.445312 0.657710 0.096875 0.264019
0 1.0 0.924219 0.697430 0.151562 0.240654
0 1.0 0.889062 0.711449 0.221875 0.119159
0 1.0 0.208594 0.783879 0.129688 0.072430
0 1.0 0.240625 0.747664 0.300000 0.257009
0 1.0 0.187500 0.783879 0.075000 0.147196
0 1.0 0.453125 0.772196 0.268750 0.100467
0 1.0 0.445312 0.759346 0.131250 0.191589
0 1.0 0.500000 0.778037 0.059375 0.056075
0 1.0 0.451562 0.747664 0.265625 0.242991
0 1.0 0.087500 0.771028 0.128125 0.144860
0 1.0 0.129688 0.774533 0.118750 0.170561
0 1.0 0.140625 0.742991 0.265625 0.285047
0 1.0 0.121875 0.775701 0.178125 0.079439
0 1.0 0.144531 0.781542 0.051562 0.053738
0 1.0 0.732812 0.707944 0.187500 0.098131
0 1.0 0.712500 0.667056 0.265625 0.250000
0 1.0 0.658594 0.683411 0.104688 0.175234
0 1.0 0.801562 0.714953 0.075000 0.065421
0 1.0 0.875000 0.674065 0.125000 0.226636
0 1.0 0.608594 0.702103 0.179688 0.165888
0 1.0 0.545312 0.712617 0.250000 0.112150
0 1.0 0.543750 0.697430 0.146875 0.235981
0 1.0 0.867188 0.719626 0.028125 0.042056
0 1.0 0.819531 0.675234 0.107813 0.285047
0 1.0 0.715625 0.675234 0.115625 0.186916
0 1.0 0.818750 0.692757 0.193750 0.179907
0 1.0 0.768750 0.674065 0.112500 0.259346
0 1.0 0.076563 0.783879 0.025000 0.035047
0 1.0 0.068750 0.752336 0.137500 0.257009
0 1.0 0.769531 0.747664 0.279687 0.257009
0 1.0 0.074219 0.824766 0.029687 0.042056
0 1.0 0.049219 0.830607 0.092188 0.114486
0 1.0 0.735156 0.761682 0.176563 0.088785
0 1.0 0.248438 0.781542 0.100000 0.067757
0 1.0 0.658594 0.753505 0.101562 0.170561
0 1.0 0.666406 0.752336 0.276562 0.261682
0 1.0 0.603906 0.759346 0.107813 0.219626
0 1.0 0.604688 0.765187 0.237500 0.081776
0 1.0 0.792969 0.761682 0.076563 0.060748
0 1.0 0.917969 0.762850 0.135937 0.114486
0 1.0 0.190625 0.820093 0.121875 0.121495
0 1.0 0.155469 0.813084 0.289062 0.098131
0 1.0 0.827344 0.755841 0.270313 0.105140
0 1.0 0.821094 0.757009 0.167187 0.172897
0 1.0 0.434375 0.773364 0.093750 0.070093
0 1.0 0.332031 0.767523 0.310937 0.100467
0 1.0 0.854688 0.767523 0.031250 0.044393
0 1.0 0.278125 0.786215 0.046875 0.044393
0 1.0 0.231250 0.761682 0.109375 0.219626
0 1.0 0.864844 0.752336 0.242188 0.280374
0 1.0 0.542188 0.765187 0.134375 0.133178
0 1.0 0.718750 0.737150 0.100000 0.156542
0 1.0 0.389062 0.758178 0.125000 0.240654
0 1.0 0.623437 0.630841 0.256250 0.275701
0 1.0 0.539844 0.667056 0.264062 0.137850
0 1.0 0.032031 0.721963 0.051562 0.182243
0 1.0 0.043750 0.719626 0.087500 0.065421
0 1.0 0.308594 0.669393 0.095312 0.100467
0 1.0 0.761719 0.654206 0.310937 0.144860
0 1.0 0.351562 0.473131 0.090625 0.245327
0 1.0 0.446094 0.664720 0.264062 0.123832
0 1.0 0.482812 0.672897 0.078125 0.093458
0 1.0 0.382812 0.644860 0.265625 0.289720
0 1.0 0.332031 0.707944 0.317188 0.135514
0 1.0 0.341406 0.698598 0.160938 0.219626
0 1.0 0.632812 0.713785 0.153125 0.091121
0 1.0 0.301563 0.721963 0.100000 0.088785
0 1.0 0.489844 0.721963 0.098437 0.098131
0 1.0 0.414062 0.716121 0.146875 0.119159
0 1.0 0.053125 0.714953 0.084375 0.130841
0 1.0 0.884375 0.655374 0.231250 0.137850
0 1.0 0.177344 0.717290 0.295312 0.121495
0 1.0 0.826562 0.657710 0.128125 0.109813
0 1.0 0.862500 0.658879 0.071875 0.102804
0 1.0 0.196094 0.718458 0.132812 0.142523
0 1.0 0.148438 0.727804 0.096875 0.091121
0 1.0 0.134375 0.717290 0.168750 0.186916
0 1.0 0.103125 0.718458 0.193750 0.095794
0 1.0 0.064062 0.725467 0.028125 0.049065
0 1.0 0.700781 0.300234 0.242188 0.296729
0 1.0 0.646875 0.285047 0.112500 0.317757
0 1.0 0.632031 0.281542 0.254688 0.142523
0 1.0 0.645312 0.281542 0.065625 0.170561
0 1.0 0.909375 0.288551 0.156250 0.212617
0 1.0 0.876563 0.310748 0.140625 0.327103
0 1.0 0.833594 0.287383 0.154688 0.112150
0 1.0 0.602344 0.267523 0.157812 0.231308
0 1.0 0.559375 0.269860 0.112500 0.301402
0 1.0 0.125781 0.343458 0.148438 0.378505
0 1.0 0.836719 0.289720 0.235937 0.168224
0 1.0 0.812500 0.328271 0.109375 0.278037
0 1.0 0.821094 0.316589 0.054688 0.123832
0 1.0 0.733594 0.285047 0.289062 0.140187
0 1.0 0.767969 0.303738 0.079687 0.177570
0 1.0 0.055469 0.339953 0.110937 0.086449
0 1.0 0.032813 0.332944 0.065625 0.240654
0 1.0 0.073438 0.323598 0.146875 0.301402
0 1.0 0.719531 0.288551 0.073438 0.151869
0 1.0 0.418750 0.301402 0.053125 0.065421
0 1.0 0.356250 0.318925 0.081250 0.161215
0 1.0 0.595313 0.267523 0.087500 0.179907
0 1.0 0.342187 0.303738 0.153125 0.102804
0 1.0 0.312500 0.303738 0.081250 0.186916
0 1.0 0.337500 0.314252 0.031250 0.081776
0 1.0 0.242188 0.314252 0.100000 0.264019
0 1.0 0.257812 0.289720 0.184375 0.116822
0 1.0 0.253906 0.316589 0.054688 0.133178
0 1.0 0.233594 0.290888 0.270313 0.301402
0 1.0 0.180469 0.295561 0.123438 0.352804
0 1.0 0.524219 0.283879 0.110937 0.203271
0 1.0 0.530469 0.293224 0.195312 0.123832
0 1.0 0.525000 0.278037 0.053125 0.186916
0 1.0 0.511719 0.265187 0.251563 0.310748
0 1.0 0.760156 0.290888 0.176563 0.231308
0 1.0 0.474219 0.293224 0.054688 0.123832
0 1.0 0.387500 0.281542 0.134375 0.306075
0 1.0 0.437500 0.287383 0.284375 0.130841
0 1.0 0.446875 0.288551 0.081250 0.114486
0 1.0 0.432031 0.339953 0.160938 0.142523
0 1.0 0.379688 0.348131 0.115625 0.121495
0 1.0 0.193750 0.348131 0.071875 0.135514
0 1.0 0.327344 0.352804 0.148438 0.144860
0 1.0 0.333594 0.360981 0.042188 0.095794
0 1.0 0.255469 0.343458 0.232813 0.116822
0 1.0 0.594531 0.334112 0.220312 0.168224
0 1.0 0.517188 0.345794 0.240625 0.144860
0 1.0 0.716406 0.334112 0.126562 0.299065
0 1.0 0.697656 0.339953 0.289062 0.142523
0 1.0 0.300781 0.350467 0.051562 0.154206
0 1.0 0.959375 0.352804 0.046875 0.135514
0 1.0 0.944531 0.288551 0.110937 0.109813
0 1.0 0.183594 0.338785 0.264062 0.182243
0 1.0 0.121875 0.341121 0.190625 0.116822
0 1.0 0.292187 0.245327 0.212500 0.126168
0 1.0 0.319531 0.254673 0.048438 0.084112
0 1.0 0.297656 0.227804 0.242188 0.301402
0 1.0 0.435156 0.279206 0.107813 0.264019
0 1.0 0.173437 0.245327 0.250000 0.172897
0 1.0 0.484375 0.237150 0.212500 0.147196
0 1.0 0.525000 0.244159 0.031250 0.095794
0 1.0 0.480469 0.245327 0.042188 0.107477
0 1.0 0.045312 0.035047 0.090625 0.070093
0 1.0 0.071875 0.078271 0.143750 0.156542
0 1.0 0.260937 0.500000 0.481250 1.000000
0 1.0 0.450781 0.740654 0.901563 0.471963
0 1.0 0.749219 0.461449 0.464062 0.922897
0 1.0 0.137500 0.035047 0.171875 0.070093
0 1.0 0.141406 0.066589 0.089063 0.128505
0 1.0 0.133594 0.227804 0.251563 0.380841
0 1.0 0.388281 0.237150 0.235937 0.133178
0 1.0 0.028125 0.063084 0.056250 0.126168
0 1.0 0.965625 0.257009 0.062500 0.200935
0 1.0 0.882812 0.240654 0.234375 0.130841
0 1.0 0.865625 0.225467 0.237500 0.329439
0 1.0 0.531250 0.299065 0.034375 0.070093
0 1.0 0.203125 0.293224 0.046875 0.095794
0 1.0 0.118750 0.287383 0.209375 0.126168
0 1.0 0.070312 0.250000 0.081250 0.214953
0 1.0 0.386719 0.311916 0.051562 0.105140
0 1.0 0.044531 0.288551 0.089063 0.109813
0 1.0 0.585938 0.228972 0.268750 0.149533
0 1.0 0.820312 0.238318 0.084375 0.205607
0 1.0 0.521875 0.434579 0.037500 0.056075
0 1.0 0.471875 0.429907 0.240625 0.149533
0 1.0 0.727344 0.442757 0.232813 0.165888
0 1.0 0.412500 0.434579 0.225000 0.285047
0 1.0 0.357031 0.439252 0.023438 0.046729
0 1.0 0.313281 0.434579 0.223438 0.149533
0 1.0 0.602344 0.414720 0.114062 0.310748
0 1.0 0.613281 0.438084 0.110937 0.091121
0 1.0 0.604688 0.413551 0.075000 0.172897
0 1.0 0.821875 0.442757 0.300000 0.137850
0 1.0 0.828125 0.476636 0.065625 0.205607
0 1.0 0.514844 0.433411 0.120313 0.091121
0 1.0 0.514844 0.422897 0.082812 0.182243
0 1.0 0.127344 0.463785 0.160938 0.207944
0 1.0 0.077344 0.470794 0.101562 0.221963
0 1.0 0.128125 0.448598 0.081250 0.079439
0 1.0 0.027344 0.485981 0.039062 0.121495
0 1.0 0.078906 0.452103 0.020313 0.039720
0 1.0 0.046094 0.455607 0.092188 0.088785
0 1.0 0.272656 0.448598 0.242188 0.294393
0 1.0 0.303125 0.464953 0.087500 0.158879
0 1.0 0.229687 0.462617 0.112500 0.294393
0 1.0 0.303906 0.443925 0.145313 0.098131
0 1.0 0.562500 0.432243 0.228125 0.144860
0 1.0 0.254688 0.443925 0.109375 0.084112
0 1.0 0.186719 0.480140 0.067187 0.184579
0 1.0 0.192969 0.450935 0.110937 0.084112
0 1.0 0.174219 0.432243 0.285938 0.308411
0 1.0 0.132812 0.483645 0.078125 0.191589
0 1.0 0.668750 0.433411 0.059375 0.175234
0 1.0 0.026562 0.536215 0.053125 0.175234
0 1.0 0.050000 0.498832 0.100000 0.081776
0 1.0 0.321875 0.503505 0.187500 0.119159
0 1.0 0.333594 0.501168 0.229687 0.296729
0 1.0 0.235937 0.502336 0.175000 0.116822
0 1.0 0.817969 0.445093 0.164062 0.226636
0 1.0 0.770312 0.454439 0.078125 0.245327
0 1.0 0.737500 0.443925 0.153125 0.102804
0 1.0 0.722656 0.435748 0.107813 0.240654
0 1.0 0.964063 0.447430 0.071875 0.091121
0 1.0 0.919531 0.448598 0.160938 0.158879
0 1.0 0.669531 0.440421 0.195312 0.109813
0 1.0 0.957031 0.539720 0.029687 0.107477
0 1.0 0.855469 0.445093 0.035937 0.058411
0 1.0 0.885156 0.483645 0.064062 0.177570
0 1.0 0.101562 0.403037 0.203125 0.165888
0 1.0 0.028125 0.433411 0.056250 0.193925
0 1.0 0.061719 0.399533 0.123438 0.098131
0 1.0 0.935156 0.342290 0.129688 0.119159
0 1.0 0.944531 0.399533 0.048438 0.098131
0 1.0 0.916406 0.376168 0.126562 0.322430
0 1.0 0.878906 0.338785 0.242188 0.144860
0 1.0 0.297656 0.400701 0.114062 0.268692
0 1.0 0.239063 0.392523 0.315625 0.130841
0 1.0 0.451562 0.352804 0.256250 0.285047
0 1.0 0.384375 0.363318 0.103125 0.254673
0 1.0 0.185156 0.403037 0.145313 0.221963
0 1.0 0.124219 0.411215 0.101562 0.224299
0 1.0 0.812500 0.355140 0.265625 0.317757
0 1.0 0.781250 0.394860 0.306250 0.130841
0 1.0 0.957031 0.487150 0.035937 0.119159
0 1.0 0.946094 0.464953 0.048438 0.107477
0 1.0 0.653906 0.394860 0.295312 0.126168
0 1.0 0.657031 0.382009 0.164062 0.231308
0 1.0 0.945312 0.397196 0.109375 0.112150
0 1.0 0.899219 0.392523 0.201563 0.163551
0 1.0 0.879687 0.421729 0.093750 0.250000
0 1.0 0.435156 0.390187 0.232813 0.112150
0 1.0 0.357812 0.377336 0.218750 0.292056
0 1.0 0.362500 0.393692 0.112500 0.156542
0 1.0 0.511719 0.377336 0.114062 0.310748
0 1.0 0.474219 0.141355 0.114062 0.179907
0 1.0 0.441406 0.128505 0.254688 0.135514
0 1.0 0.397656 0.168224 0.167187 0.308411
0 1.0 0.543750 0.640187 0.578125 0.224299
0 1.0 0.322656 0.644860 0.548438 0.233645
0 1.0 0.485938 0.136682 0.040625 0.081776
0 1.0 0.341406 0.177570 0.101562 0.285047
0 1.0 0.400781 0.127336 0.123438 0.095794
0 1.0 0.120313 0.125000 0.196875 0.240654
0 1.0 0.296875 0.177570 0.100000 0.289720
0 1.0 0.266406 0.132009 0.317188 0.128505
0 1.0 0.308594 0.139019 0.057813 0.077103
0 1.0 0.234375 0.162383 0.121875 0.324766
0 1.0 0.224219 0.151869 0.285938 0.303738
0 1.0 0.184375 0.151869 0.128125 0.289720
0 1.0 0.572656 0.141355 0.170313 0.147196
0 1.0 0.547656 0.154206 0.251563 0.280374
0 1.0 0.785156 0.550234 0.429688 0.235981
0 1.0 0.549219 0.480140 0.217188 0.600467
0 1.0 0.511719 0.183411 0.067187 0.217290
0 1.0 0.517188 0.140187 0.146875 0.214953
0 1.0 0.459375 0.181075 0.059375 0.170561
0 1.0 0.550781 0.175234 0.082812 0.186916
0 1.0 0.533594 0.142523 0.032813 0.079439
0 1.0 0.598437 0.193925 0.087500 0.154206
0 1.0 0.511719 0.135514 0.101562 0.102804
0 1.0 0.439063 0.752336 0.621875 0.191589
0 1.0 0.799219 0.080607 0.295312 0.161215
0 1.0 0.816406 0.113318 0.114062 0.198598
0 1.0 0.768750 0.126168 0.131250 0.252336
0 1.0 0.709375 0.117991 0.109375 0.235981
0 1.0 0.921094 0.103972 0.157812 0.207944
0 1.0 0.505469 0.081776 0.310937 0.149533
0 1.0 0.229687 0.851636 0.459375 0.203271
0 1.0 0.600781 0.156542 0.064062 0.102804
0 1.0 0.659375 0.140187 0.078125 0.182243
0 1.0 0.660156 0.079439 0.304688 0.149533
0 1.0 0.966406 0.119159 0.054688 0.168224
0 1.0 0.032813 0.147196 0.065625 0.294393
0 1.0 0.732031 0.346963 0.535937 0.235981
0 1.0 0.183594 0.185748 0.254688 0.147196
0 1.0 0.178125 0.175234 0.059375 0.116822
0 1.0 0.073438 0.174065 0.146875 0.301402
0 1.0 0.937500 0.123832 0.125000 0.116822
0 1.0 0.332813 0.452103 0.621875 0.221963
0 1.0 0.327344 0.455607 0.457813 0.518692
0 1.0 0.274219 0.349299 0.548438 0.231308
0 1.0 0.771094 0.252336 0.457813 0.219626
0 1.0 0.425781 0.183411 0.073438 0.086449
0 1.0 0.369531 0.190421 0.079687 0.156542
0 1.0 0.541406 0.342290 0.382812 0.549065
0 1.0 0.470313 0.344626 0.518750 0.226636
0 1.0 0.050000 0.169393 0.100000 0.109813
0 1.0 0.642969 0.156542 0.242188 0.280374
0 1.0 0.438281 0.559579 0.567187 0.250000
0 1.0 0.693750 0.123832 0.300000 0.144860
0 1.0 0.559375 0.454439 0.578125 0.231308
0 1.0 0.782813 0.449766 0.434375 0.231308
0 1.0 0.878125 0.146028 0.146875 0.292056
0 1.0 0.717187 0.049065 0.253125 0.098131
0 1.0 0.665625 0.075935 0.068750 0.109813
0 1.0 0.601562 0.115654 0.056250 0.105140
0 1.0 0.632812 0.036215 0.168750 0.072430
0 1.0 0.332813 0.186916 0.665625 0.373832
0 1.0 0.553125 0.126168 0.050000 0.098131
0 1.0 0.741406 0.702103 0.517188 0.292056
0 1.0 0.553906 0.096963 0.067187 0.086449
0 1.0 0.558594 0.064252 0.164062 0.128505
0 1.0 0.500000 0.125000 0.046875 0.105140
0 1.0 0.514844 0.040888 0.217188 0.081776
0 1.0 0.718750 0.066589 0.081250 0.133178
0 1.0 0.143750 0.438084 0.287500 0.801402
0 1.0 0.856250 0.343458 0.278125 0.686916
0 1.0 0.692969 0.483645 0.557813 0.443925
0 1.0 0.181250 0.061916 0.125000 0.123832
0 1.0 0.296094 0.067757 0.067187 0.135514
0 1.0 0.285938 0.035047 0.171875 0.070093
0 1.0 0.666406 0.185748 0.667188 0.371495
0 1.0 0.180469 0.082944 0.260937 0.165888
0 1.0 0.291406 0.074766 0.260937 0.149533
0 1.0 0.234375 0.079439 0.090625 0.158879
0 1.0 0.234375 0.056075 0.168750 0.112150
0 1.0 0.459375 0.125000 0.037500 0.086449
0 1.0 0.500000 0.036215 0.075000 0.063084
0 1.0 0.460156 0.091121 0.076563 0.102804
0 1.0 0.645312 0.877336 0.709375 0.245327
0 1.0 0.499219 0.272196 0.779687 0.544393
0 1.0 0.471875 0.063084 0.121875 0.116822
0 1.0 0.400000 0.081776 0.071875 0.144860
0 1.0 0.421875 0.040888 0.275000 0.081776
0 1.0 0.415625 0.060748 0.140625 0.121495
0 1.0 0.346875 0.078271 0.068750 0.142523
0 1.0 0.353906 0.058411 0.129688 0.116822
0 1.0 0.341406 0.031542 0.073438 0.063084
0 1.0 0.219531 0.920561 0.439063 0.158879
0 1.0 0.907813 0.042056 0.184375 0.084112
0 1.0 0.449219 0.919393 0.589063 0.161215
0 1.0 0.449219 0.850467 0.632812 0.200935
0 1.0 0.827344 0.849299 0.345313 0.207944
0 1.0 0.398438 0.140187 0.093750 0.205607
0 1.0 0.811719 0.038551 0.254688 0.077103
0 1.0 0.818750 0.070093 0.084375 0.140187
0 1.0 0.958594 0.056075 0.051562 0.084112
0 1.0 0.953906 0.053738 0.092188 0.107477
0 1.0 0.714063 0.278037 0.325000 0.556075
0 1.0 0.782031 0.920561 0.435937 0.158879
0 1.0 0.874219 0.077103 0.085938 0.154206
0 1.0 0.130469 0.906542 0.185938 0.186916
0 1.0 0.078125 0.907710 0.090625 0.184579
0 1.0 0.777344 0.793224 0.039062 0.081776
0 1.0 0.765625 0.862150 0.284375 0.107477
0 1.0 0.723437 0.820093 0.037500 0.074766
0 1.0 0.730469 0.846963 0.032813 0.058411
0 1.0 0.939063 0.865654 0.121875 0.095794
0 1.0 0.958594 0.853972 0.045312 0.081776
0 1.0 0.784375 0.825935 0.034375 0.072430
0 1.0 0.965625 0.830607 0.021875 0.049065
0 1.0 0.301563 0.914720 0.131250 0.151869
0 1.0 0.226562 0.907710 0.100000 0.184579
0 1.0 0.922656 0.842290 0.067187 0.142523
0 1.0 0.913281 0.871495 0.173437 0.196262
0 1.0 0.879687 0.789720 0.050000 0.102804
0 1.0 0.817969 0.870327 0.092188 0.067757
0 1.0 0.889062 0.825935 0.043750 0.086449
0 1.0 0.864844 0.878505 0.060937 0.065421
0 1.0 0.514844 0.872664 0.167187 0.095794
0 1.0 0.499219 0.862150 0.260937 0.247664
0 1.0 0.444531 0.829439 0.026562 0.056075
0 1.0 0.442188 0.846963 0.059375 0.091121
0 1.0 0.500000 0.878505 0.046875 0.051402
0 1.0 0.711719 0.863318 0.195312 0.179907
0 1.0 0.667969 0.816589 0.032813 0.063084
0 1.0 0.427344 0.875000 0.089063 0.072430
0 1.0 0.389062 0.866822 0.290625 0.238318
0 1.0 0.392188 0.869159 0.165625 0.158879
0 1.0 0.353906 0.832944 0.039062 0.086449
0 1.0 0.341406 0.862150 0.235937 0.098131
0 1.0 0.675000 0.838785 0.031250 0.056075
0 1.0 0.608594 0.839953 0.035937 0.067757
0 1.0 0.607812 0.867991 0.250000 0.095794
0 1.0 0.614844 0.857477 0.029687 0.051402
0 1.0 0.509375 0.864486 0.056250 0.093458
0 1.0 0.559375 0.857477 0.043750 0.093458
0 1.0 0.822656 0.797897 0.048438 0.109813
0 1.0 0.830469 0.829439 0.039062 0.084112
0 1.0 0.552344 0.870327 0.160938 0.147196
0 1.0 0.610938 0.869159 0.275000 0.238318
0 1.0 0.817187 0.898364 0.112500 0.203271
0 1.0 0.511719 0.915888 0.295312 0.112150
0 1.0 0.499219 0.915888 0.107813 0.168224
0 1.0 0.441406 0.913551 0.073438 0.163551
0 1.0 0.038281 0.920561 0.073438 0.079439
0 1.0 0.471875 0.920561 0.128125 0.098131
0 1.0 0.659375 0.907710 0.090625 0.184579
0 1.0 0.672656 0.918224 0.310937 0.116822
0 1.0 0.718750 0.907710 0.100000 0.184579
0 1.0 0.939063 0.917056 0.121875 0.165888
0 1.0 0.601562 0.911215 0.093750 0.177570
0 1.0 0.552344 0.912383 0.098437 0.175234
0 1.0 0.132031 0.908879 0.082812 0.182243
0 1.0 0.024219 0.920561 0.048438 0.130841
0 1.0 0.406250 0.918224 0.193750 0.121495
0 1.0 0.343750 0.897196 0.100000 0.205607
0 1.0 0.275781 0.915888 0.242188 0.098131
0 1.0 0.187500 0.911215 0.087500 0.177570
0 1.0 0.718750 0.809579 0.321875 0.114486
0 1.0 0.717969 0.801402 0.095312 0.158879
0 1.0 0.400000 0.811916 0.300000 0.095794
0 1.0 0.429688 0.814252 0.093750 0.077103
0 1.0 0.337500 0.813084 0.200000 0.172897
0 1.0 0.613281 0.813084 0.185938 0.177570
0 1.0 0.610156 0.811916 0.289062 0.100467
0 1.0 0.605469 0.814252 0.085938 0.142523
0 1.0 0.844531 0.820093 0.054688 0.056075
0 1.0 0.544531 0.815421 0.170313 0.163551
0 1.0 0.500781 0.808411 0.135937 0.275701
0 1.0 0.496875 0.815421 0.193750 0.112150
0 1.0 0.144531 0.821262 0.060937 0.063084
0 1.0 0.103125 0.822430 0.206250 0.238318
0 1.0 0.025781 0.852804 0.051562 0.177570
0 1.0 0.278906 0.821262 0.039062 0.049065
0 1.0 0.951562 0.755841 0.096875 0.086449
0 1.0 0.246875 0.815421 0.103125 0.084112
0 1.0 0.238281 0.806075 0.207813 0.177570
0 1.0 0.500000 0.820093 0.053125 0.056075
0 1.0 0.459375 0.872664 0.140625 0.133178
0 1.0 0.398438 0.849299 0.046875 0.095794
0 1.0 0.081250 0.845794 0.040625 0.084112
0 1.0 0.118750 0.863318 0.181250 0.091121
0 1.0 0.131250 0.867991 0.078125 0.081776
0 1.0 0.025781 0.873832 0.032813 0.093458
0 1.0 0.052344 0.864486 0.104688 0.065421
0 1.0 0.063281 0.870327 0.035937 0.053738
0 1.0 0.303906 0.875000 0.035937 0.049065
0 1.0 0.296094 0.842290 0.029687 0.058411
0 1.0 0.254688 0.866822 0.212500 0.088785
0 1.0 0.297656 0.841121 0.054688 0.079439
0 1.0 0.138281 0.836449 0.035937 0.079439
0 1.0 0.195312 0.836449 0.034375 0.079439
0 1.0 0.189062 0.866822 0.193750 0.112150
0 1.0 0.239844 0.859813 0.042188 0.074766
0 1.0 0.768750 0.808411 0.112500 0.289720
0 1.0 0.946094 0.809579 0.107813 0.086449
0 1.0 0.957031 0.822430 0.085938 0.182243
0 1.0 0.881250 0.811916 0.237500 0.119159
0 1.0 0.796094 0.814252 0.126562 0.072430
0 1.0 0.875000 0.794393 0.118750 0.224299
0 1.0 0.592187 0.185748 0.193750 0.128505
0 1.0 0.721094 0.185748 0.289062 0.133178
0 1.0 0.941406 0.183411 0.117188 0.193925
0 1.0 0.285156 0.078271 0.570312 0.156542
0 1.0 0.881250 0.181075 0.237500 0.133178
0 1.0 0.813281 0.175234 0.185938 0.252336
0 1.0 0.709375 0.196262 0.150000 0.214953
0 1.0 0.326562 0.186916 0.268750 0.130841
0 1.0 0.325000 0.203271 0.040625 0.102804
0 1.0 0.531250 0.189252 0.056250 0.088785
0 1.0 0.451562 0.196262 0.140625 0.308411
0 1.0 0.440625 0.178738 0.246875 0.137850
0 1.0 0.488281 0.200935 0.054688 0.130841
0 1.0 0.819531 0.147196 0.360938 0.214953
0 1.0 0.501563 0.950935 0.078125 0.098131
0 1.0 0.552344 0.963785 0.076563 0.058411
0 1.0 0.230469 0.966121 0.095312 0.063084
0 1.0 0.196094 0.953271 0.170313 0.093458
0 1.0 0.180469 0.962617 0.079687 0.060748
0 1.0 0.421875 0.956776 0.134375 0.086449
0 1.0 0.345313 0.946262 0.071875 0.107477
0 1.0 0.691406 0.962617 0.123438 0.074766
0 1.0 0.664844 0.948598 0.223438 0.102804
0 1.0 0.369531 0.964953 0.064062 0.056075
0 1.0 0.289844 0.949766 0.073438 0.100467
0 1.0 0.343750 0.957944 0.143750 0.084112
0 1.0 0.829688 0.919393 0.237500 0.119159
0 1.0 0.121875 0.957944 0.103125 0.084112
0 1.0 0.771094 0.900701 0.107813 0.198598
0 1.0 0.060156 0.963785 0.060937 0.053738
0 1.0 0.049219 0.950935 0.098437 0.098131
0 1.0 0.966406 0.929907 0.057813 0.140187
0 1.0 0.267188 0.964953 0.068750 0.056075
0 1.0 0.872656 0.928738 0.092188 0.142523
0 1.0 0.855469 0.964953 0.070312 0.060748
0 1.0 0.846094 0.959112 0.167187 0.081776
0 1.0 0.950000 0.959112 0.100000 0.081776
0 1.0 0.081250 0.232477 0.162500 0.119159
0 1.0 0.598437 0.964953 0.096875 0.065421
0 1.0 0.569531 0.953271 0.167187 0.093458
0 1.0 0.775000 0.948598 0.215625 0.102804
0 1.0 0.427344 0.757009 0.442188 0.397196
0 1.0 0.753906 0.750000 0.210938 0.500000
0 1.0 0.188281 0.726636 0.376563 0.457944
0 1.0 0.656250 0.609813 0.434375 0.369159
0 1.0 0.496875 0.640187 0.309375 0.719626
0 1.0 0.382812 0.217290 0.300000 0.392523
0 1.0 0.075781 0.427570 0.151562 0.668224
0 1.0 0.082812 0.735981 0.165625 0.518692
0 1.0 0.818750 0.662383 0.362500 0.675234
0 1.0 0.549219 0.794393 0.204687 0.411215
0 1.0 0.928125 0.734813 0.143750 0.530374
0 1.0 0.303906 0.824766 0.498437 0.350467