0 1.0 0.500000 0.510938 1.000000 0.881250
0 1.0 0.268190 0.614844 0.147208 0.282813
0 1.0 0.192047 0.607812 0.231810 0.121875
0 1.0 0.218274 0.608594 0.111675 0.107813
0 1.0 0.189509 0.628906 0.118443 0.220312
0 1.0 0.181049 0.601562 0.270728 0.290625
0 1.0 0.124365 0.619531 0.137056 0.220312
0 1.0 0.461929 0.603906 0.135364 0.095312
0 1.0 0.444162 0.630469 0.140440 0.245312
0 1.0 0.439086 0.625781 0.252115 0.335938
0 1.0 0.393401 0.635156 0.120135 0.289062
0 1.0 0.384095 0.602344 0.250423 0.120313
0 1.0 0.411168 0.603125 0.104907 0.100000
0 1.0 0.341794 0.639062 0.111675 0.268750
0 1.0 0.319797 0.604688 0.159052 0.096875
0 1.0 0.339255 0.604688 0.306261 0.312500
0 1.0 0.922166 0.573438 0.125212 0.421875
0 1.0 0.871404 0.549219 0.257191 0.135937
0 1.0 0.873096 0.573438 0.145516 0.371875
0 1.0 0.839255 0.550781 0.101523 0.082812
0 1.0 0.082910 0.598437 0.121827 0.212500
0 1.0 0.827411 0.562500 0.142132 0.278125
0 1.0 0.761421 0.560937 0.125212 0.334375
0 1.0 0.115905 0.610938 0.194585 0.112500
0 1.0 0.128596 0.613281 0.094755 0.101562
0 1.0 0.029611 0.619531 0.059222 0.135937
0 1.0 0.942470 0.560937 0.115059 0.200000
0 1.0 0.083756 0.614062 0.065990 0.075000
0 1.0 0.959391 0.598437 0.057530 0.209375
0 1.0 0.880711 0.601562 0.238579 0.128125
0 1.0 0.502538 0.627344 0.131980 0.276562
0 1.0 0.814721 0.604688 0.113367 0.087500
0 1.0 0.134518 0.657031 0.201354 0.123438
0 1.0 0.123519 0.680469 0.247039 0.285938
0 1.0 0.033841 0.675781 0.067682 0.204687
0 1.0 0.082064 0.654687 0.069374 0.081250
0 1.0 0.658206 0.593750 0.199662 0.228125
0 1.0 0.598985 0.642188 0.131980 0.306250
0 1.0 0.598139 0.602344 0.245347 0.114062
0 1.0 0.549915 0.638281 0.118443 0.310937
0 1.0 0.571912 0.600000 0.108291 0.106250
0 1.0 0.509306 0.596875 0.142132 0.112500
0 1.0 0.785110 0.604688 0.267343 0.146875
0 1.0 0.710660 0.622656 0.138748 0.326562
0 1.0 0.814721 0.506250 0.099831 0.084375
0 1.0 0.855330 0.503906 0.255499 0.354687
0 1.0 0.818105 0.504687 0.272420 0.134375
0 1.0 0.780880 0.552344 0.275804 0.329688
0 1.0 0.100677 0.544531 0.201354 0.285938
0 1.0 0.078680 0.554688 0.130288 0.090625
0 1.0 0.042301 0.577344 0.084602 0.189062
0 1.0 0.933164 0.500781 0.133672 0.148438
0 1.0 0.546531 0.504687 0.243655 0.150000
0 1.0 0.559222 0.485156 0.252115 0.329688
0 1.0 0.496616 0.508594 0.113367 0.304688
0 1.0 0.502538 0.500781 0.159052 0.101562
0 1.0 0.707276 0.474219 0.121827 0.332813
0 1.0 0.440778 0.496875 0.133672 0.259375
0 1.0 0.438240 0.499219 0.240271 0.167187
0 1.0 0.439086 0.478125 0.265651 0.368750
0 1.0 0.390017 0.499219 0.181049 0.114062
0 1.0 0.722504 0.500781 0.240271 0.157812
0 1.0 0.668359 0.463281 0.115059 0.264062
0 1.0 0.551607 0.503906 0.131980 0.257812
0 1.0 0.629442 0.499219 0.189509 0.110937
0 1.0 0.605753 0.486719 0.115059 0.232813
0 1.0 0.557530 0.550781 0.204738 0.114062
0 1.0 0.496616 0.556250 0.255499 0.306250
0 1.0 0.445854 0.577344 0.093063 0.232813
0 1.0 0.461929 0.554688 0.142132 0.106250
0 1.0 0.731810 0.551562 0.289340 0.125000
0 1.0 0.230964 0.557031 0.160745 0.264062
0 1.0 0.142978 0.555469 0.130288 0.117188
0 1.0 0.396785 0.551562 0.228426 0.128125
0 1.0 0.239425 0.550000 0.201354 0.128125
0 1.0 0.085448 0.780469 0.170897 0.351562
0 1.0 0.119289 0.770312 0.167513 0.146875
0 1.0 0.042301 0.781250 0.084602 0.250000
0 1.0 0.065144 0.757031 0.130288 0.089063
0 1.0 0.061760 0.767969 0.065990 0.079687
0 1.0 0.963621 0.715625 0.062606 0.143750
0 1.0 0.921320 0.712500 0.157360 0.168750
0 1.0 0.236041 0.750000 0.157360 0.359375
0 1.0 0.208122 0.771094 0.087986 0.110937
0 1.0 0.169205 0.767969 0.203046 0.267188
0 1.0 0.771574 0.700781 0.203046 0.248438
0 1.0 0.728426 0.704688 0.326565 0.140625
0 1.0 0.716582 0.739844 0.265651 0.367188
0 1.0 0.659052 0.715625 0.204738 0.262500
0 1.0 0.609983 0.704688 0.289340 0.134375
0 1.0 0.868866 0.691406 0.140440 0.254688
0 1.0 0.864636 0.709375 0.108291 0.100000
0 1.0 0.786802 0.764062 0.311337 0.131250
0 1.0 0.730118 0.764844 0.120135 0.117188
0 1.0 0.275804 0.764062 0.159052 0.243750
0 1.0 0.631980 0.763281 0.258883 0.129688
0 1.0 0.598139 0.759375 0.143824 0.353125
0 1.0 0.935702 0.760938 0.128596 0.146875
0 1.0 0.835871 0.765625 0.135364 0.090625
0 1.0 0.879865 0.766406 0.054146 0.067187
0 1.0 0.824027 0.742188 0.142132 0.271875
0 1.0 0.439932 0.788281 0.247039 0.317188
0 1.0 0.400169 0.796875 0.099831 0.268750
0 1.0 0.412860 0.765625 0.311337 0.143750
0 1.0 0.442470 0.775781 0.113367 0.120313
0 1.0 0.335025 0.768750 0.131980 0.340625
0 1.0 0.210660 0.764062 0.289340 0.128125
0 1.0 0.252115 0.770312 0.074450 0.096875
0 1.0 0.653976 0.657031 0.299492 0.139063
0 1.0 0.854484 0.671094 0.101523 0.117188
0 1.0 0.778342 0.657031 0.321489 0.148438
0 1.0 0.340948 0.660937 0.187817 0.128125
0 1.0 0.232657 0.662500 0.099831 0.112500
0 1.0 0.263113 0.671094 0.265651 0.360938
0 1.0 0.493232 0.658594 0.306261 0.132812
0 1.0 0.432318 0.664844 0.109983 0.098437
0 1.0 0.439932 0.720313 0.098139 0.093750
0 1.0 0.407783 0.721094 0.172589 0.207813
0 1.0 0.350254 0.710156 0.236887 0.114062
0 1.0 0.339255 0.730469 0.306261 0.342187
0 1.0 0.209814 0.710938 0.250423 0.125000
0 1.0 0.252961 0.718750 0.082910 0.096875
0 1.0 0.208122 0.717969 0.121827 0.126562
0 1.0 0.483926 0.711719 0.304569 0.132812
0 1.0 0.073604 0.703125 0.147208 0.081250
0 1.0 0.065990 0.708594 0.057530 0.060937
0 1.0 0.939086 0.661719 0.121827 0.123438
0 1.0 0.128596 0.715625 0.125212 0.115625
0 1.0 0.720812 0.291406 0.318105 0.229687
0 1.0 0.719120 0.276562 0.172589 0.146875
0 1.0 0.666667 0.251563 0.091371 0.181250
0 1.0 0.677665 0.232813 0.045685 0.068750
0 1.0 0.313029 0.500000 0.236887 0.128125
0 1.0 0.613367 0.282031 0.316413 0.101562
0 1.0 0.623519 0.229687 0.032149 0.059375
0 1.0 0.606599 0.284375 0.285956 0.234375
0 1.0 0.557530 0.250781 0.065990 0.126562
0 1.0 0.614213 0.232031 0.071066 0.145313
0 1.0 0.895939 0.235156 0.052453 0.079687
0 1.0 0.849408 0.282031 0.267343 0.151562
0 1.0 0.818951 0.248438 0.101523 0.178125
0 1.0 0.832487 0.229687 0.043993 0.059375
0 1.0 0.771574 0.232031 0.077834 0.148438
0 1.0 0.788494 0.219531 0.037225 0.054688
0 1.0 0.715736 0.242188 0.077834 0.153125
0 1.0 0.734349 0.278906 0.328257 0.101562
0 1.0 0.726734 0.222656 0.035533 0.054688
0 1.0 0.382403 0.288281 0.162437 0.101562
0 1.0 0.344332 0.278906 0.126904 0.220312
0 1.0 0.356176 0.289844 0.272420 0.170313
0 1.0 0.294416 0.285156 0.128596 0.317188
0 1.0 0.304569 0.290625 0.162437 0.112500
0 1.0 0.313875 0.292187 0.089679 0.156250
0 1.0 0.230964 0.285156 0.120135 0.317188
0 1.0 0.232657 0.291406 0.133672 0.101562
0 1.0 0.557530 0.288281 0.170897 0.142187
0 1.0 0.504230 0.270313 0.074450 0.140625
0 1.0 0.494078 0.298438 0.301184 0.209375
0 1.0 0.442470 0.285156 0.072758 0.145313
0 1.0 0.478003 0.286719 0.228426 0.110937
0 1.0 0.392555 0.346094 0.159052 0.248438
0 1.0 0.325719 0.339062 0.241963 0.128125
0 1.0 0.293570 0.360156 0.255499 0.307812
0 1.0 0.310491 0.352344 0.116751 0.176563
0 1.0 0.551607 0.319531 0.077834 0.148438
0 1.0 0.504230 0.341406 0.118443 0.223438
0 1.0 0.422166 0.333594 0.316413 0.151562
0 1.0 0.441624 0.323437 0.145516 0.203125
0 1.0 0.023689 0.325781 0.047377 0.179688
0 1.0 0.062606 0.341406 0.125212 0.089063
0 1.0 0.072758 0.332031 0.145516 0.285938
0 1.0 0.956853 0.279687 0.055838 0.178125
0 1.0 0.931472 0.282813 0.137056 0.109375
0 1.0 0.921320 0.300781 0.157360 0.260937
0 1.0 0.887479 0.245312 0.099831 0.187500
0 1.0 0.187817 0.375781 0.098139 0.242188
0 1.0 0.198816 0.346875 0.265651 0.121875
0 1.0 0.174281 0.336719 0.260575 0.317188
0 1.0 0.125212 0.363281 0.098139 0.282813
0 1.0 0.275804 0.239844 0.159052 0.114062
0 1.0 0.319797 0.244531 0.050761 0.089063
0 1.0 0.285956 0.221875 0.243655 0.359375
0 1.0 0.188663 0.239063 0.126904 0.334375
0 1.0 0.170897 0.233594 0.318105 0.148438
0 1.0 0.159898 0.217188 0.275804 0.353125
0 1.0 0.506768 0.230469 0.218274 0.160938
0 1.0 0.435702 0.230469 0.072758 0.148438
0 1.0 0.489848 0.239844 0.126904 0.095312
0 1.0 0.449239 0.221875 0.296108 0.265625
0 1.0 0.383249 0.239063 0.126904 0.268750
0 1.0 0.428088 0.234375 0.250423 0.115625
0 1.0 0.036379 0.068750 0.072758 0.115625
0 1.0 0.060914 0.043750 0.121827 0.087500
0 1.0 0.080372 0.081250 0.160745 0.162500
0 1.0 0.186971 0.054688 0.153976 0.109375
0 1.0 0.126904 0.065625 0.091371 0.131250
0 1.0 0.399323 0.715625 0.798646 0.546875
0 1.0 0.745347 0.494531 0.472081 0.989062
0 1.0 0.076988 0.220312 0.150592 0.315625
0 1.0 0.074450 0.078125 0.091371 0.128125
0 1.0 0.124365 0.034375 0.133672 0.068750
0 1.0 0.052453 0.283594 0.091371 0.167187
0 1.0 0.927242 0.231250 0.145516 0.109375
0 1.0 0.814721 0.234375 0.191201 0.106250
0 1.0 0.131134 0.289844 0.153976 0.114062
0 1.0 0.126904 0.278125 0.084602 0.187500
0 1.0 0.118443 0.289062 0.236887 0.171875
0 1.0 0.074450 0.287500 0.148900 0.106250
0 1.0 0.674281 0.232031 0.204738 0.107813
0 1.0 0.661591 0.210156 0.274112 0.248438
0 1.0 0.614213 0.214062 0.121827 0.268750
0 1.0 0.614213 0.221094 0.192893 0.160938
0 1.0 0.558376 0.200781 0.131980 0.164062
0 1.0 0.499154 0.233594 0.118443 0.232813
0 1.0 0.768190 0.232813 0.128596 0.246875
0 1.0 0.779188 0.228906 0.306261 0.239063
0 1.0 0.494078 0.443750 0.274112 0.168750
0 1.0 0.461929 0.445312 0.094755 0.093750
0 1.0 0.384095 0.445312 0.219966 0.125000
0 1.0 0.335025 0.450000 0.104907 0.268750
0 1.0 0.316413 0.447656 0.138748 0.107813
0 1.0 0.687817 0.442969 0.194585 0.117188
0 1.0 0.673435 0.420312 0.247039 0.290625
0 1.0 0.625212 0.443750 0.258883 0.168750
0 1.0 0.576988 0.444531 0.165821 0.104688
0 1.0 0.128596 0.500000 0.091371 0.212500
0 1.0 0.159052 0.451562 0.101523 0.100000
0 1.0 0.131134 0.454688 0.248731 0.178125
0 1.0 0.109983 0.448437 0.121827 0.090625
0 1.0 0.026227 0.487500 0.052453 0.187500
0 1.0 0.084602 0.449219 0.071066 0.067187
0 1.0 0.065144 0.450781 0.130288 0.120313
0 1.0 0.951777 0.409375 0.062606 0.215625
0 1.0 0.348562 0.430469 0.250423 0.295312
0 1.0 0.283418 0.487500 0.089679 0.187500
0 1.0 0.251269 0.451562 0.221658 0.140625
0 1.0 0.215736 0.466406 0.089679 0.129688
0 1.0 0.189509 0.490625 0.081218 0.175000
0 1.0 0.191201 0.465625 0.247039 0.290625
0 1.0 0.211506 0.499219 0.233503 0.135937
0 1.0 0.190355 0.521875 0.133672 0.215625
0 1.0 0.140440 0.500000 0.169205 0.121875
0 1.0 0.072758 0.496875 0.145516 0.096875
0 1.0 0.272420 0.496875 0.233503 0.275000
0 1.0 0.820643 0.442969 0.138748 0.310937
0 1.0 0.811337 0.442969 0.258883 0.135937
0 1.0 0.800338 0.422656 0.291032 0.335938
0 1.0 0.762267 0.437500 0.116751 0.284375
0 1.0 0.954315 0.471875 0.054146 0.171875
0 1.0 0.953469 0.445312 0.093063 0.096875
0 1.0 0.924704 0.445312 0.150592 0.150000
0 1.0 0.922166 0.425781 0.131980 0.364063
0 1.0 0.873096 0.446875 0.135364 0.300000
0 1.0 0.820643 0.450000 0.050761 0.065625
0 1.0 0.831641 0.449219 0.130288 0.107813
0 1.0 0.096447 0.393750 0.162437 0.106250
0 1.0 0.035533 0.414062 0.071066 0.215625
0 1.0 0.934010 0.392969 0.131980 0.114062
0 1.0 0.951777 0.335156 0.045685 0.145313
0 1.0 0.920474 0.338281 0.159052 0.117188
0 1.0 0.940778 0.343750 0.077834 0.196875
0 1.0 0.230964 0.425000 0.137056 0.268750
0 1.0 0.248731 0.396875 0.233503 0.131250
0 1.0 0.711506 0.291406 0.059222 0.129688
0 1.0 0.665821 0.325781 0.089679 0.192188
0 1.0 0.664129 0.337500 0.272420 0.159375
0 1.0 0.614213 0.307031 0.074450 0.157812
0 1.0 0.877327 0.331250 0.126904 0.225000
0 1.0 0.816413 0.303906 0.086294 0.160938
0 1.0 0.805415 0.329688 0.304569 0.153125
0 1.0 0.766497 0.322656 0.087986 0.201563
0 1.0 0.765651 0.384375 0.340102 0.165625
0 1.0 0.863790 0.392969 0.272420 0.139063
0 1.0 0.394247 0.387500 0.284264 0.137500
0 1.0 0.287648 0.412500 0.125212 0.268750
0 1.0 0.607445 0.382031 0.125212 0.289062
0 1.0 0.620135 0.387500 0.258883 0.134375
0 1.0 0.547377 0.387500 0.133672 0.284375
0 1.0 0.538071 0.382031 0.291032 0.260937
0 1.0 0.057530 0.122656 0.115059 0.126562
0 1.0 0.561760 0.657813 0.236887 0.506250
0 1.0 0.438240 0.650781 0.578680 0.235937
0 1.0 0.412860 0.641406 0.375635 0.529687
0 1.0 0.733503 0.647656 0.509306 0.239063
0 1.0 0.741963 0.619531 0.377327 0.548438
0 1.0 0.174281 0.117969 0.243655 0.226562
0 1.0 0.035533 0.146875 0.071066 0.212500
0 1.0 0.263113 0.123438 0.289340 0.150000
0 1.0 0.294416 0.123438 0.169205 0.240625
0 1.0 0.293570 0.125781 0.133672 0.123438
0 1.0 0.650592 0.125781 0.238579 0.251563
0 1.0 0.738579 0.750781 0.519459 0.257812
0 1.0 0.828257 0.126562 0.099831 0.159375
0 1.0 0.831641 0.110156 0.225042 0.220312
0 1.0 0.763959 0.131250 0.116751 0.228125
0 1.0 0.911168 0.101562 0.157360 0.178125
0 1.0 0.869712 0.137500 0.115059 0.190625
0 1.0 0.338409 0.826562 0.558376 0.218750
0 1.0 0.708122 0.137500 0.113367 0.234375
0 1.0 0.713198 0.076563 0.228426 0.140625
0 1.0 0.164129 0.834375 0.328257 0.218750
0 1.0 0.923012 0.143750 0.096447 0.168750
0 1.0 0.883249 0.084375 0.118443 0.106250
0 1.0 0.963621 0.168750 0.042301 0.093750
0 1.0 0.953469 0.144531 0.062606 0.095312
0 1.0 0.659898 0.349219 0.568528 0.242188
0 1.0 0.136210 0.436719 0.272420 0.607812
0 1.0 0.721658 0.126562 0.181049 0.134375
0 1.0 0.357022 0.349219 0.426396 0.451562
0 1.0 0.274112 0.351562 0.548223 0.231250
0 1.0 0.877327 0.134375 0.096447 0.096875
0 1.0 0.469543 0.122656 0.167513 0.139063
0 1.0 0.444162 0.128125 0.316413 0.256250
0 1.0 0.404399 0.117969 0.192893 0.164062
0 1.0 0.083756 0.554688 0.167513 0.621875
0 1.0 0.238579 0.600781 0.426396 0.539062
0 1.0 0.654822 0.556250 0.578680 0.240625
0 1.0 0.552453 0.567187 0.441624 0.559375
0 1.0 0.261421 0.550781 0.522843 0.239063
0 1.0 0.564298 0.135937 0.167513 0.262500
0 1.0 0.559222 0.439063 0.610829 0.253125
0 1.0 0.263959 0.450781 0.527919 0.239063
0 1.0 0.505076 0.142969 0.133672 0.242188
0 1.0 0.511844 0.121875 0.346870 0.159375
0 1.0 0.679357 0.037500 0.184433 0.075000
0 1.0 0.599831 0.091406 0.079526 0.151562
0 1.0 0.658206 0.096875 0.108291 0.193750
0 1.0 0.645516 0.878906 0.708968 0.242188
0 1.0 0.609137 0.048438 0.189509 0.096875
0 1.0 0.558376 0.082031 0.060914 0.120313
0 1.0 0.663283 0.175781 0.673435 0.351562
0 1.0 0.453469 0.053906 0.125212 0.107813
0 1.0 0.470389 0.261719 0.940778 0.489063
0 1.0 0.344332 0.031250 0.109983 0.062500
0 1.0 0.291032 0.075781 0.270728 0.151562
0 1.0 0.240271 0.075781 0.084602 0.151562
0 1.0 0.247885 0.035156 0.201354 0.070312
0 1.0 0.192047 0.069531 0.072758 0.126562
0 1.0 0.305415 0.057031 0.147208 0.114062
0 1.0 0.395939 0.064062 0.087986 0.128125
0 1.0 0.396785 0.037500 0.255499 0.075000
0 1.0 0.504230 0.078125 0.071066 0.131250
0 1.0 0.510152 0.059375 0.133672 0.118750
0 1.0 0.451777 0.059375 0.043993 0.075000
0 1.0 0.219120 0.924219 0.438240 0.151562
0 1.0 0.832487 0.851562 0.335025 0.203125
0 1.0 0.191201 0.112500 0.104907 0.212500
0 1.0 0.955161 0.082031 0.055838 0.076563
0 1.0 0.926396 0.045312 0.147208 0.090625
0 1.0 0.443316 0.925781 0.578680 0.148438
0 1.0 0.447547 0.125000 0.082910 0.168750
0 1.0 0.560914 0.075000 0.289340 0.150000
0 1.0 0.778342 0.061719 0.121827 0.120313
0 1.0 0.715736 0.100781 0.067682 0.142187
0 1.0 0.673435 0.338281 0.497462 0.517188
0 1.0 0.491540 0.377344 0.333333 0.754687
0 1.0 0.373096 0.125000 0.746193 0.250000
0 1.0 0.276650 0.384375 0.377327 0.768750
0 1.0 0.882403 0.032813 0.099831 0.065625
0 1.0 0.832487 0.922656 0.335025 0.154688
0 1.0 0.962775 0.107031 0.033841 0.070312
0 1.0 0.827411 0.081250 0.067682 0.090625
0 1.0 0.852792 0.046094 0.145516 0.092188
0 1.0 0.769882 0.086719 0.077834 0.110937
0 1.0 0.927242 0.081250 0.094755 0.121875
0 1.0 0.846870 0.882812 0.076142 0.071875
0 1.0 0.829103 0.839844 0.037225 0.073438
0 1.0 0.106599 0.174219 0.213198 0.164062
0 1.0 0.765651 0.860938 0.055838 0.109375
0 1.0 0.762267 0.875000 0.309645 0.125000
0 1.0 0.717428 0.851562 0.087986 0.190625
0 1.0 0.074450 0.917188 0.148900 0.090625
0 1.0 0.043147 0.889062 0.086294 0.193750
0 1.0 0.964467 0.814063 0.030457 0.062500
0 1.0 0.933164 0.866406 0.133672 0.101562
0 1.0 0.232657 0.882812 0.123519 0.221875
0 1.0 0.884095 0.801562 0.052453 0.084375
0 1.0 0.804569 0.872656 0.133672 0.082812
0 1.0 0.923012 0.860938 0.153976 0.246875
0 1.0 0.486464 0.826562 0.116751 0.250000
0 1.0 0.483080 0.871094 0.279188 0.151562
0 1.0 0.459391 0.823438 0.069374 0.143750
0 1.0 0.414552 0.862500 0.074450 0.140625
0 1.0 0.412014 0.860156 0.177665 0.207813
0 1.0 0.338409 0.848437 0.060914 0.115625
0 1.0 0.956007 0.839844 0.054146 0.089063
0 1.0 0.707276 0.869531 0.182741 0.210938
0 1.0 0.662437 0.864844 0.055838 0.101562
0 1.0 0.605753 0.846094 0.067682 0.132812
0 1.0 0.626904 0.879687 0.174281 0.143750
0 1.0 0.618443 0.836719 0.241963 0.279687
0 1.0 0.553299 0.857812 0.057530 0.128125
0 1.0 0.820643 0.817969 0.057530 0.117188
0 1.0 0.571912 0.875000 0.111675 0.112500
0 1.0 0.560914 0.921094 0.289340 0.104688
0 1.0 0.548223 0.915625 0.118443 0.156250
0 1.0 0.821489 0.920312 0.099831 0.150000
0 1.0 0.486464 0.906250 0.174281 0.153125
0 1.0 0.394247 0.897656 0.101523 0.204687
0 1.0 0.421320 0.917188 0.284264 0.106250
0 1.0 0.714044 0.911719 0.111675 0.176563
0 1.0 0.709814 0.917969 0.299492 0.117188
0 1.0 0.610829 0.917969 0.094755 0.132812
0 1.0 0.664975 0.935937 0.091371 0.115625
0 1.0 0.190355 0.898438 0.147208 0.125000
0 1.0 0.126904 0.876563 0.131980 0.246875
0 1.0 0.337563 0.896094 0.113367 0.207813
0 1.0 0.279188 0.914844 0.274112 0.095312
0 1.0 0.285110 0.895312 0.133672 0.190625
0 1.0 0.446701 0.810937 0.301184 0.150000
0 1.0 0.619289 0.816406 0.294416 0.135937
0 1.0 0.551607 0.804688 0.142132 0.303125
0 1.0 0.071066 0.816406 0.142132 0.114062
0 1.0 0.061760 0.824219 0.059222 0.092188
0 1.0 0.258037 0.822656 0.099831 0.120313
0 1.0 0.215736 0.822656 0.123519 0.145313
0 1.0 0.126904 0.811719 0.098139 0.201563
0 1.0 0.108291 0.871094 0.118443 0.139063
0 1.0 0.038917 0.836719 0.060914 0.145313
0 1.0 0.060068 0.869531 0.120135 0.095312
0 1.0 0.066836 0.871094 0.052453 0.079687
0 1.0 0.292724 0.836719 0.054146 0.117188
0 1.0 0.260575 0.873437 0.274112 0.128125
0 1.0 0.296108 0.876563 0.074450 0.087500
0 1.0 0.243655 0.871094 0.111675 0.114062
0 1.0 0.829949 0.820312 0.201354 0.121875
0 1.0 0.751269 0.796094 0.128596 0.373437
0 1.0 0.961929 0.814844 0.072758 0.192188
0 1.0 0.286802 0.827344 0.265651 0.251563
0 1.0 0.939086 0.810937 0.121827 0.096875
0 1.0 0.795262 0.815625 0.121827 0.075000
0 1.0 0.844332 0.818750 0.050761 0.056250
0 1.0 0.874788 0.798438 0.196277 0.218750
0 1.0 0.726734 0.083594 0.546531 0.167187
0 1.0 0.436548 0.177344 0.081218 0.154688
0 1.0 0.505922 0.191406 0.111675 0.082812
0 1.0 0.436548 0.173437 0.145516 0.200000
0 1.0 0.484772 0.188281 0.177665 0.120313
0 1.0 0.849408 0.182031 0.216582 0.110937
0 1.0 0.919628 0.190625 0.160745 0.265625
0 1.0 0.946701 0.189062 0.106599 0.128125
0 1.0 0.728426 0.192188 0.218274 0.115625
0 1.0 0.315567 0.168750 0.079526 0.131250
0 1.0 0.234349 0.171094 0.133672 0.304688
0 1.0 0.239425 0.177344 0.167513 0.114062
0 1.0 0.375635 0.246094 0.642978 0.226562
0 1.0 0.051607 0.175781 0.103215 0.085938
0 1.0 0.185279 0.168750 0.069374 0.115625
0 1.0 0.844332 0.235937 0.199662 0.471875
0 1.0 0.336717 0.174219 0.121827 0.232813
0 1.0 0.375635 0.182031 0.091371 0.079687
0 1.0 0.473773 0.190625 0.087986 0.106250
0 1.0 0.351946 0.174219 0.087986 0.129688
0 1.0 0.301184 0.960938 0.098139 0.078125
0 1.0 0.236887 0.929688 0.091371 0.140625
0 1.0 0.251269 0.961719 0.079526 0.048438
0 1.0 0.498308 0.931250 0.099831 0.137500
0 1.0 0.238579 0.957812 0.138748 0.075000
0 1.0 0.192047 0.929688 0.089679 0.140625
0 1.0 0.130288 0.932813 0.087986 0.134375
0 1.0 0.181049 0.965625 0.081218 0.053125
0 1.0 0.143824 0.956250 0.236887 0.087500
0 1.0 0.464467 0.957031 0.120135 0.085938
0 1.0 0.450085 0.959375 0.081218 0.053125
0 1.0 0.406937 0.957812 0.116751 0.084375
0 1.0 0.390863 0.957812 0.067682 0.050000
0 1.0 0.355330 0.952344 0.135364 0.095312
0 1.0 0.872250 0.889062 0.126904 0.221875
0 1.0 0.807953 0.917969 0.194585 0.095312
0 1.0 0.076142 0.911719 0.104907 0.176563
0 1.0 0.763113 0.917969 0.108291 0.164062
0 1.0 0.133672 0.964844 0.094755 0.054688
0 1.0 0.078680 0.961719 0.069374 0.051562
0 1.0 0.051607 0.949219 0.103215 0.101562
0 1.0 0.965313 0.925000 0.059222 0.150000
0 1.0 0.933164 0.916406 0.133672 0.101562
0 1.0 0.054146 0.225000 0.108291 0.200000
0 1.0 0.959391 0.217969 0.060914 0.154688
0 1.0 0.895093 0.965625 0.131980 0.068750
0 1.0 0.805415 0.964844 0.060914 0.051562
0 1.0 0.808799 0.961719 0.162437 0.076563
0 1.0 0.873096 0.938281 0.091371 0.123438
0 1.0 0.904399 0.182031 0.096447 0.079687
0 1.0 0.034687 0.233594 0.069374 0.092188
0 1.0 0.936548 0.953906 0.126904 0.092188
0 1.0 0.620981 0.956250 0.135364 0.087500
0 1.0 0.554146 0.949219 0.079526 0.101562
0 1.0 0.617597 0.960938 0.060914 0.046875
0 1.0 0.545685 0.961719 0.072758 0.048438
0 1.0 0.505922 0.957812 0.067682 0.050000
0 1.0 0.747039 0.962500 0.147208 0.068750
0 1.0 0.692893 0.956250 0.170897 0.087500
0 1.0 0.241963 0.481250 0.209814 0.568750
0 1.0 0.347716 0.259375 0.231810 0.518750
0 1.0 0.544839 0.235937 0.267343 0.456250
0 1.0 0.748731 0.136719 0.262267 0.273438
0 1.0 0.554146 0.745313 0.455161 0.315625
0 1.0 0.824027 0.736719 0.294416 0.379688
0 1.0 0.349408 0.882031 0.340102 0.235937
0 1.0 0.912014 0.740625 0.175973 0.471875