0 1.0 0.500000 0.526549 1.000000 0.805310
0 1.0 0.571875 0.601770 0.100000 0.079646
0 1.0 0.557031 0.597345 0.251563 0.300885
0 1.0 0.499219 0.597345 0.235937 0.097345
0 1.0 0.763281 0.601770 0.123438 0.327434
0 1.0 0.775000 0.601770 0.240625 0.106195
0 1.0 0.441406 0.577434 0.114062 0.323009
0 1.0 0.477344 0.608407 0.048438 0.057522
0 1.0 0.384375 0.599558 0.240625 0.101770
0 1.0 0.714844 0.592920 0.123438 0.265487
0 1.0 0.657813 0.586283 0.115625 0.323009
0 1.0 0.663281 0.599558 0.245312 0.101770
0 1.0 0.915625 0.606195 0.168750 0.141593
0 1.0 0.901563 0.601770 0.196875 0.300885
0 1.0 0.610156 0.588496 0.114062 0.256637
0 1.0 0.427344 0.599558 0.060937 0.075221
0 1.0 0.174219 0.595133 0.242188 0.110619
0 1.0 0.183594 0.597345 0.151562 0.292035
0 1.0 0.128125 0.599558 0.131250 0.331858
0 1.0 0.070312 0.584071 0.121875 0.345133
0 1.0 0.095312 0.597345 0.190625 0.088496
0 1.0 0.342187 0.597345 0.118750 0.292035
0 1.0 0.031250 0.588496 0.062500 0.283186
0 1.0 0.348438 0.586283 0.275000 0.314159
0 1.0 0.286719 0.610619 0.110937 0.265487
0 1.0 0.525000 0.601770 0.106250 0.088496
0 1.0 0.296094 0.606195 0.035937 0.044248
0 1.0 0.241406 0.599558 0.092188 0.084071
0 1.0 0.221875 0.654867 0.265625 0.300885
0 1.0 0.494531 0.650442 0.251563 0.300885
0 1.0 0.142187 0.657080 0.284375 0.137168
0 1.0 0.108594 0.659292 0.101562 0.115044
0 1.0 0.399219 0.639381 0.151562 0.305310
0 1.0 0.432812 0.663717 0.081250 0.097345
0 1.0 0.328906 0.657080 0.295312 0.128319
0 1.0 0.614062 0.659292 0.259375 0.115044
0 1.0 0.249219 0.661504 0.114062 0.119469
0 1.0 0.293750 0.668142 0.043750 0.061947
0 1.0 0.345313 0.652655 0.196875 0.225664
0 1.0 0.804688 0.606195 0.065625 0.061947
0 1.0 0.878125 0.610619 0.096875 0.212389
0 1.0 0.857031 0.612832 0.032813 0.048673
0 1.0 0.817187 0.606195 0.118750 0.309735
0 1.0 0.037500 0.599558 0.075000 0.066372
0 1.0 0.055469 0.654867 0.110937 0.088496
0 1.0 0.053125 0.659292 0.037500 0.061947
0 1.0 0.966406 0.643805 0.042188 0.119469
0 1.0 0.957812 0.601770 0.084375 0.088496
0 1.0 0.178125 0.542035 0.275000 0.305310
0 1.0 0.142969 0.546460 0.245312 0.110619
0 1.0 0.103906 0.542035 0.101562 0.084071
0 1.0 0.034375 0.548673 0.068750 0.061947
0 1.0 0.043750 0.546460 0.037500 0.048673
0 1.0 0.351562 0.539823 0.268750 0.141593
0 1.0 0.264062 0.546460 0.237500 0.092920
0 1.0 0.291406 0.550885 0.101562 0.075221
0 1.0 0.233594 0.544248 0.126562 0.292035
0 1.0 0.495312 0.542035 0.121875 0.305310
0 1.0 0.502344 0.548673 0.310937 0.123894
0 1.0 0.815625 0.493363 0.300000 0.128319
0 1.0 0.814844 0.491150 0.185938 0.221239
0 1.0 0.708594 0.464602 0.107813 0.265487
0 1.0 0.712500 0.477876 0.256250 0.300885
0 1.0 0.932813 0.500000 0.134375 0.265487
0 1.0 0.049219 0.537611 0.098437 0.172566
0 1.0 0.964844 0.550885 0.039062 0.110619
0 1.0 0.952344 0.495575 0.095312 0.097345
0 1.0 0.873437 0.500000 0.115625 0.292035
0 1.0 0.820312 0.497788 0.071875 0.066372
0 1.0 0.828906 0.500000 0.132812 0.106195
0 1.0 0.817969 0.548673 0.304688 0.132743
0 1.0 0.116406 0.599558 0.076563 0.075221
0 1.0 0.051562 0.603982 0.031250 0.048673
0 1.0 0.965625 0.601770 0.034375 0.106195
0 1.0 0.950781 0.548673 0.098437 0.097345
0 1.0 0.850000 0.555310 0.087500 0.084071
0 1.0 0.826562 0.550885 0.068750 0.066372
0 1.0 0.443750 0.550885 0.187500 0.092920
0 1.0 0.425000 0.539823 0.234375 0.300885
0 1.0 0.664844 0.550885 0.257812 0.154867
0 1.0 0.607031 0.537611 0.182812 0.234513
0 1.0 0.549219 0.530973 0.126562 0.318584
0 1.0 0.291406 0.776549 0.067187 0.084071
0 1.0 0.282031 0.765487 0.260937 0.283186
0 1.0 0.294531 0.763274 0.160938 0.190265
0 1.0 0.226562 0.765487 0.328125 0.141593
0 1.0 0.482031 0.665929 0.070312 0.084071
0 1.0 0.184375 0.761062 0.125000 0.327434
0 1.0 0.442969 0.758850 0.148438 0.269912
0 1.0 0.479687 0.778761 0.100000 0.097345
0 1.0 0.128906 0.765487 0.157812 0.309735
0 1.0 0.453125 0.769912 0.300000 0.123894
0 1.0 0.710938 0.763274 0.112500 0.269912
0 1.0 0.719531 0.763274 0.310937 0.128319
0 1.0 0.395313 0.761062 0.121875 0.318584
0 1.0 0.429688 0.776549 0.115625 0.110619
0 1.0 0.553906 0.763274 0.117188 0.278761
0 1.0 0.607031 0.769912 0.260937 0.283186
0 1.0 0.919531 0.719027 0.123438 0.358407
0 1.0 0.887500 0.710177 0.225000 0.128319
0 1.0 0.855469 0.721239 0.042188 0.061947
0 1.0 0.820312 0.712389 0.134375 0.274336
0 1.0 0.073438 0.761062 0.121875 0.345133
0 1.0 0.114844 0.765487 0.229687 0.123894
0 1.0 0.116406 0.769912 0.107813 0.115044
0 1.0 0.029687 0.772124 0.059375 0.278761
0 1.0 0.947656 0.712389 0.104688 0.168142
0 1.0 0.967187 0.752212 0.050000 0.168142
0 1.0 0.063281 0.761062 0.126562 0.097345
0 1.0 0.938281 0.769912 0.123438 0.132743
0 1.0 0.872656 0.772124 0.123438 0.323009
0 1.0 0.799219 0.767699 0.135937 0.092920
0 1.0 0.146875 0.816372 0.293750 0.128319
0 1.0 0.118750 0.823009 0.115625 0.115044
0 1.0 0.053906 0.816372 0.107813 0.084071
0 1.0 0.056250 0.825221 0.043750 0.066372
0 1.0 0.289062 0.823009 0.075000 0.079646
0 1.0 0.605469 0.765487 0.117188 0.300885
0 1.0 0.846875 0.774336 0.056250 0.070796
0 1.0 0.825000 0.765487 0.253125 0.168142
0 1.0 0.561719 0.769912 0.176563 0.123894
0 1.0 0.499219 0.763274 0.126562 0.323009
0 1.0 0.764844 0.774336 0.123438 0.318584
0 1.0 0.658594 0.761062 0.114062 0.283186
0 1.0 0.053125 0.823009 0.106250 0.185841
0 1.0 0.185938 0.712389 0.228125 0.159292
0 1.0 0.808594 0.663717 0.064062 0.061947
0 1.0 0.852344 0.670354 0.042188 0.057522
0 1.0 0.821875 0.659292 0.300000 0.132743
0 1.0 0.815625 0.661504 0.256250 0.296460
0 1.0 0.060937 0.707965 0.121875 0.097345
0 1.0 0.116406 0.714602 0.098437 0.110619
0 1.0 0.053906 0.714602 0.045312 0.066372
0 1.0 0.954688 0.654867 0.090625 0.088496
0 1.0 0.053906 0.705752 0.107813 0.207965
0 1.0 0.502344 0.657080 0.289062 0.119469
0 1.0 0.718750 0.661504 0.284375 0.119469
0 1.0 0.712500 0.659292 0.246875 0.292035
0 1.0 0.607812 0.654867 0.193750 0.221239
0 1.0 0.808594 0.714602 0.082812 0.075221
0 1.0 0.551562 0.710177 0.306250 0.119469
0 1.0 0.115625 0.710177 0.231250 0.128319
0 1.0 0.555469 0.707965 0.195312 0.212389
0 1.0 0.771875 0.710177 0.306250 0.128319
0 1.0 0.053906 0.767699 0.045312 0.066372
0 1.0 0.672656 0.712389 0.204687 0.132743
0 1.0 0.232031 0.703540 0.126562 0.327434
0 1.0 0.243750 0.716814 0.137500 0.123894
0 1.0 0.476562 0.721239 0.090625 0.088496
0 1.0 0.446875 0.714602 0.250000 0.110619
0 1.0 0.429688 0.723451 0.103125 0.101770
0 1.0 0.285938 0.723451 0.053125 0.075221
0 1.0 0.335156 0.712389 0.289062 0.123894
0 1.0 0.094531 0.360619 0.164062 0.190265
0 1.0 0.025781 0.407080 0.039062 0.097345
0 1.0 0.078906 0.349558 0.092188 0.070796
0 1.0 0.289844 0.349558 0.070312 0.150442
0 1.0 0.300781 0.334071 0.304688 0.154867
0 1.0 0.287500 0.338496 0.156250 0.234513
0 1.0 0.063281 0.371681 0.070312 0.106195
0 1.0 0.953906 0.272124 0.067187 0.154867
0 1.0 0.657031 0.475664 0.179688 0.199115
0 1.0 0.924219 0.276549 0.151562 0.163717
0 1.0 0.184375 0.387168 0.071875 0.163717
0 1.0 0.178125 0.356195 0.146875 0.207965
0 1.0 0.442969 0.334071 0.123438 0.207965
0 1.0 0.462500 0.347345 0.156250 0.101770
0 1.0 0.167969 0.338496 0.273438 0.137168
0 1.0 0.127344 0.378319 0.076563 0.146018
0 1.0 0.078906 0.411504 0.054688 0.132743
0 1.0 0.146875 0.342920 0.143750 0.101770
0 1.0 0.427344 0.338496 0.335938 0.305310
0 1.0 0.718750 0.305310 0.040625 0.061947
0 1.0 0.714844 0.298673 0.239063 0.154867
0 1.0 0.652344 0.336283 0.089063 0.123894
0 1.0 0.661719 0.338496 0.039062 0.057522
0 1.0 0.617969 0.323009 0.085938 0.159292
0 1.0 0.613281 0.292035 0.148438 0.115044
0 1.0 0.882812 0.258850 0.100000 0.207965
0 1.0 0.764062 0.292035 0.065625 0.053097
0 1.0 0.892969 0.252212 0.039062 0.070796
0 1.0 0.560156 0.300885 0.092188 0.159292
0 1.0 0.554688 0.285398 0.181250 0.128319
0 1.0 0.652344 0.274336 0.254688 0.230088
0 1.0 0.800781 0.296460 0.073438 0.053097
0 1.0 0.862500 0.269912 0.265625 0.283186
0 1.0 0.817187 0.289823 0.081250 0.146018
0 1.0 0.826562 0.285398 0.021875 0.039823
0 1.0 0.805469 0.280973 0.185938 0.163717
0 1.0 0.074219 0.356195 0.048438 0.066372
0 1.0 0.959375 0.311947 0.034375 0.084071
0 1.0 0.236719 0.358407 0.095312 0.168142
0 1.0 0.657031 0.336283 0.189062 0.141593
0 1.0 0.628906 0.351770 0.035937 0.075221
0 1.0 0.880469 0.353982 0.057813 0.141593
0 1.0 0.903125 0.338496 0.193750 0.154867
0 1.0 0.876563 0.336283 0.100000 0.230088
0 1.0 0.802344 0.345133 0.151562 0.079646
0 1.0 0.134375 0.404867 0.115625 0.261062
0 1.0 0.764844 0.323009 0.276562 0.265487
0 1.0 0.825000 0.369469 0.043750 0.092920
0 1.0 0.763281 0.347345 0.107813 0.199115
0 1.0 0.767188 0.351770 0.068750 0.119469
0 1.0 0.817969 0.345133 0.079687 0.150442
0 1.0 0.349219 0.334071 0.085938 0.181416
0 1.0 0.552344 0.349558 0.073438 0.159292
0 1.0 0.570312 0.334071 0.246875 0.101770
0 1.0 0.592187 0.331858 0.093750 0.088496
0 1.0 0.535156 0.314159 0.260937 0.283186
0 1.0 0.489063 0.367257 0.078125 0.168142
0 1.0 0.510156 0.336283 0.167187 0.176991
0 1.0 0.447656 0.316372 0.026562 0.057522
0 1.0 0.707031 0.340708 0.070312 0.106195
0 1.0 0.400781 0.338496 0.148438 0.323009
0 1.0 0.655469 0.307522 0.045312 0.066372
0 1.0 0.568750 0.296460 0.056250 0.088496
0 1.0 0.591406 0.250000 0.264062 0.154867
0 1.0 0.860156 0.232301 0.120313 0.110619
0 1.0 0.815625 0.236726 0.100000 0.190265
0 1.0 0.808594 0.236726 0.310937 0.154867
0 1.0 0.820312 0.241150 0.053125 0.092920
0 1.0 0.035937 0.380531 0.050000 0.106195
0 1.0 0.100781 0.303097 0.048438 0.048673
0 1.0 0.711719 0.285398 0.092188 0.163717
0 1.0 0.713281 0.250000 0.279687 0.137168
0 1.0 0.758594 0.258850 0.120313 0.199115
0 1.0 0.627344 0.307522 0.032813 0.066372
0 1.0 0.180469 0.086283 0.260937 0.172566
0 1.0 0.272656 0.506637 0.498437 0.986726
0 1.0 0.500000 0.247788 1.000000 0.451327
0 1.0 0.138281 0.057522 0.092188 0.115044
0 1.0 0.146094 0.044248 0.210938 0.088496
0 1.0 0.503125 0.274336 0.093750 0.203540
0 1.0 0.074219 0.061947 0.064062 0.115044
0 1.0 0.025000 0.057522 0.040625 0.088496
0 1.0 0.063281 0.024336 0.054688 0.048673
0 1.0 0.042188 0.035398 0.084375 0.070796
0 1.0 0.074219 0.075221 0.148438 0.150442
0 1.0 0.121875 0.028761 0.103125 0.057522
0 1.0 0.347656 0.274336 0.104688 0.176991
0 1.0 0.631250 0.329646 0.028125 0.057522
0 1.0 0.257812 0.287611 0.200000 0.132743
0 1.0 0.319531 0.300885 0.057813 0.079646
0 1.0 0.243750 0.309735 0.046875 0.070796
0 1.0 0.500781 0.289823 0.064062 0.101770
0 1.0 0.471875 0.283186 0.200000 0.141593
0 1.0 0.395313 0.258850 0.100000 0.181416
0 1.0 0.389062 0.278761 0.240625 0.168142
0 1.0 0.071094 0.296460 0.142187 0.247788
0 1.0 0.063281 0.327434 0.051562 0.070796
0 1.0 0.953906 0.234513 0.092188 0.265487
0 1.0 0.924219 0.219027 0.151562 0.137168
0 1.0 0.246094 0.303097 0.135937 0.084071
0 1.0 0.440625 0.283186 0.071875 0.176991
0 1.0 0.217969 0.318584 0.032813 0.053097
0 1.0 0.186719 0.296460 0.107813 0.079646
0 1.0 0.142187 0.340708 0.043750 0.070796
0 1.0 0.156250 0.298673 0.065625 0.075221
0 1.0 0.085156 0.356195 0.023438 0.048673
0 1.0 0.134375 0.305310 0.106250 0.097345
0 1.0 0.767188 0.435841 0.093750 0.181416
0 1.0 0.771875 0.438053 0.193750 0.097345
0 1.0 0.775000 0.449115 0.062500 0.119469
0 1.0 0.713281 0.415929 0.070312 0.132743
0 1.0 0.957031 0.477876 0.054688 0.097345
0 1.0 0.672656 0.429204 0.201563 0.097345
0 1.0 0.660937 0.426991 0.078125 0.137168
0 1.0 0.226562 0.493363 0.284375 0.101770
0 1.0 0.891406 0.449115 0.217188 0.119469
0 1.0 0.900000 0.435841 0.200000 0.305310
0 1.0 0.824219 0.446903 0.026562 0.044248
0 1.0 0.882812 0.464602 0.059375 0.123894
0 1.0 0.130469 0.477876 0.189062 0.203540
0 1.0 0.478125 0.435841 0.021875 0.048673
0 1.0 0.450781 0.440265 0.114062 0.190265
0 1.0 0.421094 0.422566 0.239063 0.234513
0 1.0 0.343750 0.424779 0.081250 0.150442
0 1.0 0.340625 0.442478 0.028125 0.053097
0 1.0 0.325781 0.440265 0.248438 0.137168
0 1.0 0.282813 0.429204 0.071875 0.141593
0 1.0 0.614844 0.415929 0.082812 0.185841
0 1.0 0.615625 0.422566 0.053125 0.110619
0 1.0 0.604688 0.433628 0.250000 0.150442
0 1.0 0.553906 0.426991 0.070312 0.146018
0 1.0 0.589844 0.431416 0.101562 0.075221
0 1.0 0.453125 0.438053 0.053125 0.123894
0 1.0 0.493750 0.455752 0.084375 0.203540
0 1.0 0.508594 0.438053 0.170313 0.106195
0 1.0 0.820312 0.462389 0.096875 0.216814
0 1.0 0.494531 0.488938 0.251563 0.269912
0 1.0 0.427344 0.488938 0.254688 0.101770
0 1.0 0.964844 0.444690 0.070312 0.075221
0 1.0 0.666406 0.488938 0.295312 0.110619
0 1.0 0.342969 0.491150 0.114062 0.238938
0 1.0 0.335156 0.488938 0.304688 0.128319
0 1.0 0.404687 0.486726 0.146875 0.283186
0 1.0 0.446875 0.823009 0.265625 0.283186
0 1.0 0.604688 0.475664 0.087500 0.190265
0 1.0 0.546094 0.484513 0.254688 0.110619
0 1.0 0.042969 0.495575 0.085938 0.070796
0 1.0 0.116406 0.488938 0.117188 0.092920
0 1.0 0.282813 0.488938 0.100000 0.225664
0 1.0 0.305469 0.475664 0.323437 0.269912
0 1.0 0.181250 0.475664 0.125000 0.287611
0 1.0 0.725000 0.384956 0.268750 0.150442
0 1.0 0.339844 0.380531 0.135937 0.265487
0 1.0 0.548438 0.389381 0.121875 0.238938
0 1.0 0.564063 0.391593 0.259375 0.110619
0 1.0 0.341406 0.393805 0.339062 0.150442
0 1.0 0.499219 0.396018 0.276562 0.163717
0 1.0 0.030469 0.449115 0.057813 0.163717
0 1.0 0.060937 0.391593 0.121875 0.092920
0 1.0 0.942969 0.336283 0.114062 0.106195
0 1.0 0.917188 0.311947 0.143750 0.402655
0 1.0 0.226562 0.382743 0.328125 0.146018
0 1.0 0.143750 0.391593 0.143750 0.101770
0 1.0 0.068750 0.433628 0.087500 0.212389
0 1.0 0.143750 0.438053 0.056250 0.070796
0 1.0 0.075781 0.440265 0.020313 0.048673
0 1.0 0.048438 0.444690 0.075000 0.092920
0 1.0 0.317969 0.449115 0.079687 0.101770
0 1.0 0.232031 0.433628 0.107813 0.203540
0 1.0 0.930469 0.396018 0.139063 0.146018
0 1.0 0.239063 0.440265 0.146875 0.084071
0 1.0 0.225781 0.435841 0.267188 0.137168
0 1.0 0.186719 0.442478 0.082812 0.123894
0 1.0 0.962500 0.431416 0.053125 0.154867
0 1.0 0.653906 0.396018 0.117188 0.243363
0 1.0 0.657031 0.378319 0.260937 0.261062
0 1.0 0.789062 0.396018 0.162500 0.101770
0 1.0 0.137500 0.444690 0.075000 0.154867
0 1.0 0.825000 0.420354 0.062500 0.132743
0 1.0 0.811719 0.396018 0.192188 0.207965
0 1.0 0.878906 0.411504 0.064062 0.159292
0 1.0 0.393750 0.201327 0.065625 0.101770
0 1.0 0.428906 0.146018 0.289062 0.097345
0 1.0 0.480469 0.159292 0.029687 0.044248
0 1.0 0.729688 0.650442 0.540625 0.221239
0 1.0 0.408594 0.134956 0.260937 0.243363
0 1.0 0.596875 0.132743 0.268750 0.168142
0 1.0 0.557031 0.192478 0.089063 0.172566
0 1.0 0.542188 0.161504 0.275000 0.296460
0 1.0 0.412500 0.154867 0.153125 0.141593
0 1.0 0.374219 0.154867 0.129688 0.079646
0 1.0 0.285156 0.212389 0.051562 0.097345
0 1.0 0.272656 0.146018 0.232813 0.088496
0 1.0 0.288281 0.183628 0.098437 0.128319
0 1.0 0.327344 0.157080 0.026562 0.039823
0 1.0 0.290625 0.139381 0.246875 0.261062
0 1.0 0.466406 0.157080 0.135937 0.128319
0 1.0 0.439063 0.207965 0.037500 0.061947
0 1.0 0.503125 0.152655 0.100000 0.066372
0 1.0 0.437500 0.181416 0.090625 0.097345
0 1.0 0.525781 0.163717 0.032813 0.044248
0 1.0 0.237500 0.179204 0.093750 0.181416
0 1.0 0.605469 0.192478 0.051562 0.119469
0 1.0 0.817187 0.148230 0.284375 0.278761
0 1.0 0.760938 0.168142 0.115625 0.265487
0 1.0 0.775000 0.121681 0.293750 0.128319
0 1.0 0.439063 0.650442 0.600000 0.221239
0 1.0 0.710938 0.179204 0.106250 0.252212
0 1.0 0.704688 0.165929 0.256250 0.323009
0 1.0 0.656250 0.185841 0.103125 0.238938
0 1.0 0.502344 0.196903 0.064062 0.119469
0 1.0 0.511719 0.139381 0.251563 0.128319
0 1.0 0.732031 0.548673 0.535937 0.221239
0 1.0 0.605469 0.196903 0.085938 0.207965
0 1.0 0.136719 0.632743 0.239063 0.601770
0 1.0 0.821094 0.077434 0.270313 0.128319
0 1.0 0.832031 0.123894 0.060937 0.123894
0 1.0 0.047656 0.130531 0.095312 0.101770
0 1.0 0.363281 0.188053 0.079687 0.110619
0 1.0 0.060937 0.132743 0.121875 0.203540
0 1.0 0.960938 0.161504 0.053125 0.119469
0 1.0 0.948438 0.079646 0.103125 0.097345
0 1.0 0.783594 0.756637 0.432812 0.230088
0 1.0 0.925781 0.115044 0.148438 0.230088
0 1.0 0.710156 0.073009 0.304688 0.137168
0 1.0 0.354687 0.845133 0.578125 0.203540
0 1.0 0.823438 0.126106 0.093750 0.207965
0 1.0 0.878125 0.143805 0.103125 0.181416
0 1.0 0.885938 0.084071 0.137500 0.088496
0 1.0 0.847656 0.615044 0.195312 0.654867
0 1.0 0.239844 0.141593 0.179688 0.185841
0 1.0 0.184375 0.170354 0.112500 0.163717
0 1.0 0.135937 0.179204 0.068750 0.181416
0 1.0 0.360938 0.216814 0.046875 0.097345
0 1.0 0.190625 0.201327 0.053125 0.119469
0 1.0 0.132812 0.132743 0.196875 0.221239
0 1.0 0.549219 0.761062 0.589063 0.230088
0 1.0 0.032813 0.165929 0.065625 0.225664
0 1.0 0.443750 0.190265 0.293750 0.115044
0 1.0 0.473438 0.194690 0.046875 0.070796
0 1.0 0.203906 0.449115 0.404687 0.420354
0 1.0 0.349219 0.431416 0.579688 0.225664
0 1.0 0.853906 0.373894 0.182812 0.579646
0 1.0 0.190625 0.263274 0.050000 0.084071
0 1.0 0.381250 0.207965 0.043750 0.070796
0 1.0 0.491406 0.207965 0.042188 0.061947
0 1.0 0.146875 0.345133 0.262500 0.415929
0 1.0 0.611719 0.243363 0.057813 0.141593
0 1.0 0.548438 0.188053 0.215625 0.110619
0 1.0 0.756250 0.336283 0.375000 0.433628
0 1.0 0.622656 0.338496 0.620313 0.225664
0 1.0 0.546094 0.203540 0.051562 0.061947
0 1.0 0.520312 0.203540 0.062500 0.070796
0 1.0 0.942187 0.137168 0.115625 0.106195
0 1.0 0.432812 0.548673 0.621875 0.221239
0 1.0 0.327344 0.544248 0.426563 0.495575
0 1.0 0.735156 0.446903 0.529687 0.221239
0 1.0 0.895312 0.137168 0.100000 0.079646
0 1.0 0.833594 0.168142 0.051562 0.115044
0 1.0 0.046094 0.185841 0.067187 0.070796
0 1.0 0.054688 0.190265 0.084375 0.132743
0 1.0 0.131250 0.185841 0.128125 0.079646
0 1.0 0.277344 0.252212 0.070312 0.097345
0 1.0 0.275781 0.225664 0.123438 0.123894
0 1.0 0.330469 0.223451 0.029687 0.048673
0 1.0 0.235156 0.241150 0.101562 0.154867
0 1.0 0.078125 0.207965 0.100000 0.194690
0 1.0 0.101562 0.183628 0.196875 0.128319
0 1.0 0.248438 0.196903 0.109375 0.084071
0 1.0 0.178125 0.192478 0.262500 0.163717
0 1.0 0.207031 0.221239 0.020313 0.035398
0 1.0 0.132812 0.250000 0.062500 0.128319
0 1.0 0.179688 0.227876 0.103125 0.110619
0 1.0 0.559375 0.037611 0.156250 0.075221
0 1.0 0.690625 0.670354 0.496875 0.535398
0 1.0 0.322656 0.694690 0.645312 0.424779
0 1.0 0.714063 0.055310 0.150000 0.110619
0 1.0 0.660156 0.073009 0.070312 0.137168
0 1.0 0.669531 0.033186 0.204687 0.066372
0 1.0 0.485156 0.037611 0.120313 0.075221
0 1.0 0.453906 0.081858 0.242188 0.163717
0 1.0 0.470313 0.064159 0.096875 0.092920
0 1.0 0.641406 0.876106 0.717187 0.247788
0 1.0 0.553125 0.070796 0.087500 0.115044
0 1.0 0.604688 0.068584 0.062500 0.092920
0 1.0 0.615625 0.053097 0.131250 0.106195
0 1.0 0.824219 0.064159 0.060937 0.119469
0 1.0 0.828125 0.030973 0.159375 0.061947
0 1.0 0.832812 0.059735 0.046875 0.075221
0 1.0 0.767188 0.064159 0.068750 0.128319
0 1.0 0.346875 0.305310 0.553125 0.415929
0 1.0 0.715625 0.073009 0.071875 0.146018
0 1.0 0.478125 0.522124 0.421875 0.716814
0 1.0 0.187500 0.064159 0.112500 0.128319
0 1.0 0.292187 0.081858 0.053125 0.110619
0 1.0 0.285156 0.033186 0.151562 0.066372
0 1.0 0.291406 0.064159 0.092188 0.128319
0 1.0 0.445312 0.092920 0.068750 0.079646
0 1.0 0.653125 0.504425 0.693750 0.424779
0 1.0 0.499219 0.794248 0.982812 0.411504
0 1.0 0.235937 0.079646 0.093750 0.159292
0 1.0 0.504687 0.106195 0.050000 0.097345
0 1.0 0.448437 0.126106 0.025000 0.048673
0 1.0 0.518750 0.030973 0.043750 0.044248
0 1.0 0.400000 0.101770 0.059375 0.106195
0 1.0 0.418750 0.030973 0.240625 0.061947
0 1.0 0.403125 0.075221 0.103125 0.115044
0 1.0 0.341406 0.028761 0.048438 0.048673
0 1.0 0.350781 0.073009 0.079687 0.110619
0 1.0 0.343750 0.081858 0.243750 0.163717
0 1.0 0.460938 0.112832 0.150000 0.128319
0 1.0 0.219531 0.922566 0.439063 0.154867
0 1.0 0.827344 0.847345 0.345313 0.207965
0 1.0 0.289062 0.157080 0.056250 0.128319
0 1.0 0.267188 0.081858 0.268750 0.101770
0 1.0 0.287500 0.126106 0.103125 0.154867
0 1.0 0.308594 0.092920 0.048438 0.061947
0 1.0 0.454688 0.922566 0.600000 0.154867
0 1.0 0.355469 0.108407 0.139063 0.137168
0 1.0 0.601562 0.128319 0.065625 0.132743
0 1.0 0.609375 0.077434 0.228125 0.154867
0 1.0 0.551562 0.128319 0.115625 0.168142
0 1.0 0.492969 0.086283 0.148438 0.092920
0 1.0 0.619531 0.134956 0.760938 0.269912
0 1.0 0.934375 0.044248 0.131250 0.088496
0 1.0 0.922656 0.095133 0.095312 0.146018
0 1.0 0.951562 0.079646 0.043750 0.061947
0 1.0 0.887500 0.068584 0.043750 0.057522
0 1.0 0.482031 0.305310 0.332813 0.610619
0 1.0 0.880469 0.039823 0.164062 0.079646
0 1.0 0.046094 0.079646 0.089063 0.097345
0 1.0 0.878125 0.075221 0.059375 0.097345
0 1.0 0.782031 0.922566 0.435937 0.154867
0 1.0 0.886719 0.026549 0.098437 0.053097
0 1.0 0.268750 0.123894 0.537500 0.247788
0 1.0 0.048438 0.924779 0.068750 0.070796
0 1.0 0.074219 0.898230 0.148438 0.203540
0 1.0 0.050000 0.931416 0.100000 0.128319
0 1.0 0.963281 0.898230 0.023438 0.053097
0 1.0 0.933594 0.871681 0.132812 0.106195
0 1.0 0.232031 0.922566 0.104688 0.154867
0 1.0 0.922656 0.869469 0.082812 0.181416
0 1.0 0.880469 0.873894 0.064062 0.128319
0 1.0 0.823438 0.878319 0.121875 0.084071
0 1.0 0.182031 0.920354 0.132812 0.159292
0 1.0 0.132031 0.929204 0.085938 0.141593
0 1.0 0.404687 0.918142 0.240625 0.137168
0 1.0 0.124219 0.918142 0.248438 0.110619
0 1.0 0.023438 0.942478 0.046875 0.115044
0 1.0 0.921875 0.869469 0.156250 0.252212
0 1.0 0.669531 0.871681 0.323437 0.123894
0 1.0 0.675000 0.884956 0.040625 0.070796
0 1.0 0.659375 0.862832 0.284375 0.256637
0 1.0 0.607031 0.873894 0.042188 0.084071
0 1.0 0.870313 0.884956 0.062500 0.070796
0 1.0 0.554688 0.862832 0.043750 0.088496
0 1.0 0.555469 0.869469 0.289062 0.110619
0 1.0 0.824219 0.869469 0.048438 0.101770
0 1.0 0.835156 0.889381 0.039062 0.079646
0 1.0 0.771875 0.873894 0.059375 0.119469
0 1.0 0.717969 0.865044 0.051562 0.101770
0 1.0 0.953125 0.907080 0.043750 0.079646
0 1.0 0.718750 0.924779 0.162500 0.150442
0 1.0 0.945312 0.926991 0.109375 0.137168
0 1.0 0.602344 0.931416 0.092188 0.137168
0 1.0 0.617188 0.918142 0.321875 0.119469
0 1.0 0.550000 0.924779 0.093750 0.150442
0 1.0 0.861719 0.922566 0.204687 0.101770
0 1.0 0.878125 0.931416 0.084375 0.137168
0 1.0 0.818750 0.922566 0.100000 0.154867
0 1.0 0.078125 0.955752 0.071875 0.088496
0 1.0 0.146875 0.964602 0.075000 0.053097
0 1.0 0.772656 0.933628 0.092188 0.132743
0 1.0 0.343750 0.922566 0.100000 0.154867
0 1.0 0.342969 0.898230 0.270313 0.203540
0 1.0 0.284375 0.929204 0.090625 0.141593
0 1.0 0.498437 0.922566 0.096875 0.154867
0 1.0 0.501563 0.920354 0.262500 0.141593
0 1.0 0.444531 0.933628 0.079687 0.132743
0 1.0 0.392969 0.909292 0.110937 0.181416
0 1.0 0.657813 0.929204 0.093750 0.141593
0 1.0 0.617188 0.814159 0.328125 0.123894
0 1.0 0.503906 0.876106 0.048438 0.106195
0 1.0 0.821875 0.811947 0.146875 0.278761
0 1.0 0.965625 0.865044 0.050000 0.154867
0 1.0 0.932031 0.814159 0.135937 0.106195
0 1.0 0.504687 0.816372 0.250000 0.146018
0 1.0 0.243750 0.816372 0.181250 0.128319
0 1.0 0.181250 0.820796 0.275000 0.287611
0 1.0 0.479687 0.820796 0.106250 0.092920
0 1.0 0.717187 0.816372 0.259375 0.146018
0 1.0 0.342969 0.814159 0.204687 0.212389
0 1.0 0.422656 0.818584 0.145313 0.115044
0 1.0 0.344531 0.814159 0.317188 0.123894
0 1.0 0.292187 0.876106 0.043750 0.088496
0 1.0 0.254688 0.876106 0.250000 0.097345
0 1.0 0.292969 0.876106 0.082812 0.115044
0 1.0 0.552344 0.860619 0.270313 0.261062
0 1.0 0.237500 0.887168 0.068750 0.110619
0 1.0 0.189062 0.869469 0.046875 0.101770
0 1.0 0.186719 0.873894 0.095312 0.146018
0 1.0 0.447656 0.869469 0.032813 0.066372
0 1.0 0.447656 0.873894 0.073438 0.110619
0 1.0 0.351562 0.876106 0.081250 0.123894
0 1.0 0.458594 0.878319 0.160938 0.163717
0 1.0 0.801562 0.818584 0.171875 0.097345
0 1.0 0.849219 0.829646 0.064062 0.075221
0 1.0 0.139063 0.882743 0.075000 0.119469
0 1.0 0.150000 0.873894 0.250000 0.119469
0 1.0 0.398438 0.869469 0.062500 0.137168
0 1.0 0.410156 0.871681 0.310937 0.115044
0 1.0 0.082812 0.869469 0.050000 0.110619
0 1.0 0.048438 0.882743 0.096875 0.137168
0 1.0 0.023438 0.884956 0.034375 0.097345
0 1.0 0.060937 0.878319 0.037500 0.057522
0 1.0 0.349219 0.214602 0.239063 0.429204
0 1.0 0.261719 0.269912 0.239063 0.442478
0 1.0 0.159375 0.250000 0.284375 0.110619
0 1.0 0.079687 0.298673 0.065625 0.172566
0 1.0 0.128125 0.243363 0.159375 0.088496
0 1.0 0.297656 0.241150 0.260937 0.234513
0 1.0 0.264062 0.245575 0.268750 0.119469
0 1.0 0.030469 0.309735 0.045312 0.123894
0 1.0 0.069531 0.243363 0.139063 0.079646
0 1.0 0.034375 0.283186 0.068750 0.132743
0 1.0 0.184375 0.314159 0.059375 0.106195
0 1.0 0.066406 0.250000 0.051562 0.057522
0 1.0 0.645312 0.230088 0.475000 0.345133
0 1.0 0.496094 0.245575 0.598437 0.207965
0 1.0 0.775000 0.185841 0.306250 0.141593
0 1.0 0.657813 0.241150 0.068750 0.146018
0 1.0 0.632031 0.181416 0.279687 0.123894
0 1.0 0.175000 0.247788 0.350000 0.203540
0 1.0 0.889062 0.183628 0.168750 0.119469
0 1.0 0.427344 0.962389 0.123438 0.075221
0 1.0 0.680469 0.960177 0.170313 0.079646
0 1.0 0.375781 0.966814 0.057813 0.048673
0 1.0 0.344531 0.960177 0.145313 0.079646
0 1.0 0.289844 0.960177 0.067187 0.079646
0 1.0 0.236719 0.962389 0.073438 0.075221
0 1.0 0.502344 0.955752 0.073438 0.088496
0 1.0 0.614844 0.966814 0.064062 0.048673
0 1.0 0.585156 0.962389 0.129688 0.075221
0 1.0 0.511719 0.969027 0.054688 0.044248
0 1.0 0.068750 0.969027 0.050000 0.044248
0 1.0 0.966406 0.951327 0.048438 0.097345
0 1.0 0.558594 0.966814 0.064062 0.048673
0 1.0 0.189062 0.960177 0.068750 0.079646
0 1.0 0.199219 0.957965 0.179688 0.084071
0 1.0 0.329688 0.254425 0.037500 0.057522
0 1.0 0.480469 0.230088 0.379688 0.141593
0 1.0 0.510156 0.232301 0.064062 0.084071
0 1.0 0.449219 0.086283 0.557813 0.172566
0 1.0 0.359375 0.234513 0.187500 0.123894
0 1.0 0.714844 0.957965 0.073438 0.084071
0 1.0 0.766406 0.966814 0.098437 0.057522
0 1.0 0.661719 0.964602 0.067187 0.070796
0 1.0 0.462500 0.227876 0.062500 0.084071
0 1.0 0.926562 0.964602 0.128125 0.070796
0 1.0 0.867188 0.964602 0.050000 0.044248
0 1.0 0.861719 0.964602 0.101562 0.061947
0 1.0 0.835156 0.955752 0.176563 0.088496
0 1.0 0.818750 0.962389 0.106250 0.057522
0 1.0 0.753906 0.736726 0.226562 0.517699
0 1.0 0.654687 0.652655 0.215625 0.570796
0 1.0 0.803125 0.522124 0.384375 0.955752
0 1.0 0.076563 0.179204 0.153125 0.358407
0 1.0 0.923438 0.537611 0.153125 0.623894
0 1.0 0.449219 0.652655 0.214062 0.579646
0 1.0 0.253125 0.637168 0.243750 0.592920
0 1.0 0.532031 0.446903 0.507812 0.256637
0 1.0 0.082812 0.453540 0.165625 0.508850
0 1.0 0.753906 0.537611 0.257812 0.526549
0 1.0 0.863281 0.785398 0.273438 0.429204