0 1.0 0.192969 0.652083 0.320312 0.600000
0 1.0 0.665625 0.597917 0.118750 0.275000
0 1.0 0.359375 0.607292 0.237500 0.127083
0 1.0 0.666406 0.595833 0.289062 0.125000
0 1.0 0.597656 0.594792 0.107813 0.272917
0 1.0 0.610938 0.597917 0.265625 0.270833
0 1.0 0.550781 0.597917 0.117188 0.295833
0 1.0 0.554688 0.598958 0.284375 0.114583
0 1.0 0.817187 0.598958 0.081250 0.210417
0 1.0 0.822656 0.593750 0.232813 0.162500
0 1.0 0.444531 0.606250 0.167187 0.195833
0 1.0 0.771875 0.598958 0.106250 0.227083
0 1.0 0.755469 0.596875 0.226562 0.256250
0 1.0 0.444531 0.609375 0.067187 0.081250
0 1.0 0.387500 0.601042 0.109375 0.256250
0 1.0 0.134375 0.579167 0.115625 0.300000
0 1.0 0.168750 0.601042 0.259375 0.122917
0 1.0 0.189844 0.600000 0.064062 0.079167
0 1.0 0.391406 0.610417 0.082812 0.104167
0 1.0 0.382031 0.583333 0.229687 0.291667
0 1.0 0.299219 0.612500 0.032813 0.066667
0 1.0 0.327344 0.621875 0.117188 0.193750
0 1.0 0.046875 0.584375 0.093750 0.268750
0 1.0 0.063281 0.604167 0.032813 0.045833
0 1.0 0.287500 0.576042 0.121875 0.272917
0 1.0 0.805469 0.601042 0.070312 0.077083
0 1.0 0.196094 0.568750 0.185938 0.262500
0 1.0 0.498437 0.601042 0.125000 0.306250
0 1.0 0.489844 0.594792 0.264062 0.281250
0 1.0 0.146875 0.636458 0.265625 0.360417
0 1.0 0.346094 0.658333 0.101562 0.112500
0 1.0 0.325000 0.635417 0.209375 0.270833
0 1.0 0.906250 0.590625 0.187500 0.285417
0 1.0 0.294531 0.660417 0.242188 0.137500
0 1.0 0.066406 0.654167 0.132812 0.279167
0 1.0 0.961719 0.638542 0.042188 0.114583
0 1.0 0.951562 0.600000 0.096875 0.100000
0 1.0 0.238281 0.633333 0.160938 0.358333
0 1.0 0.339844 0.661458 0.042188 0.085417
0 1.0 0.467969 0.653125 0.295312 0.131250
0 1.0 0.171094 0.655208 0.057813 0.089583
0 1.0 0.442188 0.660417 0.084375 0.229167
0 1.0 0.418750 0.657292 0.093750 0.114583
0 1.0 0.152344 0.657292 0.195312 0.114583
0 1.0 0.049219 0.655208 0.098437 0.085417
0 1.0 0.061719 0.660417 0.035937 0.062500
0 1.0 0.720313 0.598958 0.109375 0.231250
0 1.0 0.292187 0.655208 0.081250 0.097917
0 1.0 0.962500 0.586458 0.037500 0.110417
0 1.0 0.236719 0.657292 0.132812 0.106250
0 1.0 0.880469 0.591667 0.085938 0.208333
0 1.0 0.119531 0.654167 0.057813 0.083333
0 1.0 0.842187 0.603125 0.050000 0.072917
0 1.0 0.350781 0.545833 0.217188 0.141667
0 1.0 0.054688 0.545833 0.109375 0.075000
0 1.0 0.562500 0.553125 0.240625 0.152083
0 1.0 0.175000 0.544792 0.300000 0.152083
0 1.0 0.078906 0.535417 0.157812 0.225000
0 1.0 0.782031 0.502083 0.073438 0.204167
0 1.0 0.767188 0.507292 0.253125 0.143750
0 1.0 0.716406 0.489583 0.107813 0.287500
0 1.0 0.963281 0.533333 0.045312 0.141667
0 1.0 0.919531 0.501042 0.160938 0.143750
0 1.0 0.914844 0.495833 0.117188 0.366667
0 1.0 0.865625 0.489583 0.115625 0.341667
0 1.0 0.807813 0.505208 0.078125 0.077083
0 1.0 0.103125 0.597917 0.184375 0.091667
0 1.0 0.131250 0.601042 0.050000 0.064583
0 1.0 0.044531 0.601042 0.089063 0.068750
0 1.0 0.710156 0.547917 0.289062 0.133333
0 1.0 0.939063 0.553125 0.121875 0.185417
0 1.0 0.266406 0.600000 0.089063 0.104167
0 1.0 0.234375 0.598958 0.071875 0.093750
0 1.0 0.821094 0.548958 0.089063 0.093750
0 1.0 0.439063 0.566667 0.087500 0.220833
0 1.0 0.456250 0.552083 0.193750 0.112500
0 1.0 0.886719 0.547917 0.226562 0.133333
0 1.0 0.501563 0.761458 0.196875 0.243750
0 1.0 0.450000 0.765625 0.293750 0.131250
0 1.0 0.482031 0.771875 0.085938 0.102083
0 1.0 0.394531 0.756250 0.126562 0.329167
0 1.0 0.147656 0.787500 0.270313 0.395833
0 1.0 0.087500 0.761458 0.175000 0.106250
0 1.0 0.108594 0.769792 0.067187 0.093750
0 1.0 0.331250 0.757292 0.131250 0.314583
0 1.0 0.339062 0.767708 0.162500 0.143750
0 1.0 0.598437 0.765625 0.121875 0.339583
0 1.0 0.620313 0.760417 0.321875 0.137500
0 1.0 0.608594 0.773958 0.260937 0.306250
0 1.0 0.239844 0.760417 0.310937 0.145833
0 1.0 0.238281 0.764583 0.167187 0.350000
0 1.0 0.553125 0.771875 0.112500 0.352083
0 1.0 0.153125 0.775000 0.081250 0.112500
0 1.0 0.810156 0.706250 0.107813 0.391667
0 1.0 0.803125 0.707292 0.284375 0.118750
0 1.0 0.808594 0.707292 0.251563 0.335417
0 1.0 0.036719 0.765625 0.073438 0.268750
0 1.0 0.060937 0.770833 0.040625 0.070833
0 1.0 0.965625 0.753125 0.059375 0.202083
0 1.0 0.960156 0.711458 0.079687 0.085417
0 1.0 0.702344 0.705208 0.242188 0.318750
0 1.0 0.079687 0.763542 0.159375 0.247917
0 1.0 0.293750 0.776042 0.056250 0.085417
0 1.0 0.283594 0.757292 0.154688 0.231250
0 1.0 0.932031 0.711458 0.135937 0.302083
0 1.0 0.896094 0.712500 0.207813 0.112500
0 1.0 0.214062 0.776042 0.143750 0.143750
0 1.0 0.132812 0.768750 0.131250 0.358333
0 1.0 0.133594 0.822917 0.267188 0.141667
0 1.0 0.158594 0.833333 0.107813 0.125000
0 1.0 0.767969 0.764583 0.117188 0.345833
0 1.0 0.752344 0.763542 0.289062 0.127083
0 1.0 0.070312 0.816667 0.140625 0.095833
0 1.0 0.068750 0.827083 0.046875 0.070833
0 1.0 0.504687 0.220833 0.096875 0.208333
0 1.0 0.536719 0.229167 0.235937 0.116667
0 1.0 0.557813 0.228125 0.078125 0.089583
0 1.0 0.508594 0.210417 0.251563 0.279167
0 1.0 0.434375 0.257292 0.056250 0.122917
0 1.0 0.431250 0.245833 0.131250 0.191667
0 1.0 0.538281 0.241667 0.035937 0.066667
0 1.0 0.894531 0.764583 0.210938 0.129167
0 1.0 0.713281 0.758333 0.126562 0.300000
0 1.0 0.429688 0.769792 0.109375 0.118750
0 1.0 0.058594 0.828125 0.117188 0.214583
0 1.0 0.953125 0.763542 0.093750 0.097917
0 1.0 0.658594 0.758333 0.123438 0.316667
0 1.0 0.873437 0.756250 0.115625 0.400000
0 1.0 0.799219 0.768750 0.073438 0.070833
0 1.0 0.852344 0.778125 0.039062 0.060417
0 1.0 0.807813 0.657292 0.193750 0.131250
0 1.0 0.106250 0.713542 0.065625 0.093750
0 1.0 0.063281 0.707292 0.126562 0.102083
0 1.0 0.714844 0.658333 0.201563 0.141667
0 1.0 0.058594 0.712500 0.045312 0.075000
0 1.0 0.960938 0.658333 0.078125 0.087500
0 1.0 0.947656 0.660417 0.104688 0.162500
0 1.0 0.180469 0.712500 0.139063 0.400000
0 1.0 0.199219 0.708333 0.220312 0.129167
0 1.0 0.895312 0.661458 0.209375 0.110417
0 1.0 0.623437 0.498958 0.240625 0.122917
0 1.0 0.796094 0.665625 0.045312 0.052083
0 1.0 0.846875 0.670833 0.028125 0.041667
0 1.0 0.712500 0.709375 0.215625 0.147917
0 1.0 0.397656 0.702083 0.310937 0.137500
0 1.0 0.421875 0.703125 0.106250 0.114583
0 1.0 0.391406 0.705208 0.239063 0.285417
0 1.0 0.846875 0.720833 0.025000 0.045833
0 1.0 0.552344 0.701042 0.204687 0.143750
0 1.0 0.549219 0.701042 0.260937 0.285417
0 1.0 0.789062 0.714583 0.043750 0.054167
0 1.0 0.464062 0.704167 0.096875 0.112500
0 1.0 0.452344 0.701042 0.182812 0.222917
0 1.0 0.148438 0.712500 0.068750 0.100000
0 1.0 0.356250 0.701042 0.140625 0.131250
0 1.0 0.329688 0.710417 0.059375 0.095833
0 1.0 0.285156 0.404167 0.045312 0.095833
0 1.0 0.291406 0.336458 0.304688 0.135417
0 1.0 0.279687 0.377083 0.121875 0.166667
0 1.0 0.311719 0.366667 0.064062 0.095833
0 1.0 0.953906 0.291667 0.064062 0.158333
0 1.0 0.925000 0.288542 0.150000 0.160417
0 1.0 0.907813 0.294792 0.134375 0.439583
0 1.0 0.193750 0.425000 0.062500 0.145833
0 1.0 0.189062 0.344792 0.225000 0.127083
0 1.0 0.190625 0.394792 0.134375 0.189583
0 1.0 0.187500 0.373958 0.265625 0.268750
0 1.0 0.499219 0.337500 0.204687 0.212500
0 1.0 0.439063 0.312500 0.031250 0.050000
0 1.0 0.430469 0.335417 0.135937 0.162500
0 1.0 0.390625 0.354167 0.115625 0.225000
0 1.0 0.360938 0.355208 0.109375 0.135417
0 1.0 0.139844 0.371875 0.148438 0.185417
0 1.0 0.074219 0.404167 0.082812 0.241667
0 1.0 0.109375 0.342708 0.153125 0.102083
0 1.0 0.340625 0.340625 0.256250 0.243750
0 1.0 0.421875 0.331250 0.306250 0.133333
0 1.0 0.722656 0.276042 0.192188 0.231250
0 1.0 0.666406 0.225000 0.085938 0.241667
0 1.0 0.663281 0.283333 0.270313 0.112500
0 1.0 0.678906 0.225000 0.032813 0.083333
0 1.0 0.114062 0.409375 0.065625 0.177083
0 1.0 0.860156 0.316667 0.114062 0.379167
0 1.0 0.826562 0.279167 0.128125 0.091667
0 1.0 0.546875 0.287500 0.243750 0.129167
0 1.0 0.827344 0.283333 0.273438 0.129167
0 1.0 0.828125 0.314583 0.084375 0.283333
0 1.0 0.035937 0.372917 0.071875 0.212500
0 1.0 0.061719 0.348958 0.092188 0.118750
0 1.0 0.089844 0.366667 0.179688 0.279167
0 1.0 0.922656 0.343750 0.154688 0.112500
0 1.0 0.952344 0.351042 0.070312 0.168750
0 1.0 0.660937 0.338542 0.300000 0.127083
0 1.0 0.672656 0.335417 0.064062 0.162500
0 1.0 0.657813 0.338542 0.265625 0.285417
0 1.0 0.817969 0.339583 0.201563 0.125000
0 1.0 0.961719 0.343750 0.042188 0.125000
0 1.0 0.784375 0.328125 0.128125 0.393750
0 1.0 0.077344 0.389583 0.154688 0.112500
0 1.0 0.342969 0.375000 0.060937 0.104167
0 1.0 0.596094 0.279167 0.070312 0.154167
0 1.0 0.598437 0.328125 0.056250 0.135417
0 1.0 0.545312 0.334375 0.315625 0.118750
0 1.0 0.555469 0.330208 0.104688 0.189583
0 1.0 0.241406 0.432292 0.079687 0.156250
0 1.0 0.505469 0.331250 0.073438 0.150000
0 1.0 0.719531 0.297917 0.089063 0.229167
0 1.0 0.882812 0.235417 0.234375 0.133333
0 1.0 0.560156 0.222917 0.110937 0.250000
0 1.0 0.816406 0.244792 0.154688 0.231250
0 1.0 0.082031 0.352083 0.035937 0.083333
0 1.0 0.098437 0.305208 0.190625 0.118750
0 1.0 0.089063 0.316667 0.093750 0.120833
0 1.0 0.653906 0.225000 0.295312 0.120833
0 1.0 0.056250 0.306250 0.068750 0.066667
0 1.0 0.721094 0.205208 0.085938 0.160417
0 1.0 0.239844 0.053125 0.173437 0.106250
0 1.0 0.184375 0.063542 0.081250 0.127083
0 1.0 0.430469 0.725000 0.860938 0.516667
0 1.0 0.178906 0.080208 0.285938 0.160417
0 1.0 0.136719 0.059375 0.070312 0.118750
0 1.0 0.171094 0.034375 0.151562 0.068750
0 1.0 0.078125 0.065625 0.071875 0.118750
0 1.0 0.775000 0.230208 0.284375 0.135417
0 1.0 0.601562 0.194792 0.062500 0.131250
0 1.0 0.020313 0.065625 0.037500 0.085417
0 1.0 0.082031 0.027083 0.051562 0.050000
0 1.0 0.650000 0.214583 0.246875 0.262500
0 1.0 0.598437 0.214583 0.031250 0.070833
0 1.0 0.606250 0.270833 0.178125 0.195833
0 1.0 0.326562 0.319792 0.034375 0.056250
0 1.0 0.235937 0.360417 0.087500 0.150000
0 1.0 0.245312 0.290625 0.187500 0.097917
0 1.0 0.243750 0.339583 0.040625 0.058333
0 1.0 0.510938 0.265625 0.046875 0.085417
0 1.0 0.795312 0.278125 0.053125 0.152083
0 1.0 0.733594 0.235417 0.039062 0.091667
0 1.0 0.418750 0.284375 0.284375 0.122917
0 1.0 0.408594 0.292708 0.135937 0.160417
0 1.0 0.962500 0.254167 0.075000 0.300000
0 1.0 0.436719 0.319792 0.067187 0.127083
0 1.0 0.178125 0.351042 0.071875 0.143750
0 1.0 0.221094 0.326042 0.032813 0.052083
0 1.0 0.127344 0.354167 0.073438 0.179167
0 1.0 0.167969 0.294792 0.132812 0.081250
0 1.0 0.505469 0.289583 0.082812 0.079167
0 1.0 0.480469 0.300000 0.064062 0.087500
0 1.0 0.132812 0.334375 0.037500 0.077083
0 1.0 0.140625 0.305208 0.275000 0.281250
0 1.0 0.299219 0.316667 0.114062 0.133333
0 1.0 0.121875 0.300000 0.121875 0.083333
0 1.0 0.391406 0.289583 0.085938 0.070833
0 1.0 0.342969 0.301042 0.129688 0.160417
0 1.0 0.777344 0.454167 0.235937 0.137500
0 1.0 0.767188 0.413542 0.237500 0.331250
0 1.0 0.056250 0.473958 0.112500 0.231250
0 1.0 0.963281 0.478125 0.045312 0.114583
0 1.0 0.948438 0.450000 0.103125 0.079167
0 1.0 0.896875 0.454167 0.206250 0.125000
0 1.0 0.666406 0.452083 0.173437 0.212500
0 1.0 0.602344 0.456250 0.095312 0.254167
0 1.0 0.623437 0.443750 0.225000 0.116667
0 1.0 0.603906 0.461458 0.064062 0.160417
0 1.0 0.896875 0.429167 0.206250 0.329167
0 1.0 0.916406 0.442708 0.104688 0.160417
0 1.0 0.849219 0.458333 0.032813 0.050000
0 1.0 0.181250 0.497917 0.225000 0.137500
0 1.0 0.789062 0.446875 0.053125 0.177083
0 1.0 0.784375 0.451042 0.134375 0.089583
0 1.0 0.671094 0.464583 0.064062 0.154167
0 1.0 0.338281 0.493750 0.095312 0.220833
0 1.0 0.291406 0.451042 0.042188 0.060417
0 1.0 0.269531 0.452083 0.223438 0.150000
0 1.0 0.341406 0.473958 0.242188 0.285417
0 1.0 0.604688 0.443750 0.265625 0.291667
0 1.0 0.553125 0.453125 0.103125 0.264583
0 1.0 0.551562 0.442708 0.259375 0.160417
0 1.0 0.821875 0.420833 0.065625 0.220833
0 1.0 0.505469 0.459375 0.095312 0.193750
0 1.0 0.482812 0.445833 0.265625 0.275000
0 1.0 0.443750 0.473958 0.059375 0.122917
0 1.0 0.490625 0.445833 0.050000 0.066667
0 1.0 0.726562 0.461458 0.059375 0.160417
0 1.0 0.817187 0.483333 0.103125 0.358333
0 1.0 0.126562 0.830208 0.087500 0.106250
0 1.0 0.444531 0.492708 0.207813 0.160417
0 1.0 0.307031 0.492708 0.264062 0.143750
0 1.0 0.061719 0.497917 0.123438 0.091667
0 1.0 0.260937 0.536458 0.221875 0.289583
0 1.0 0.660156 0.391667 0.317188 0.133333
0 1.0 0.410938 0.388542 0.246875 0.281250
0 1.0 0.334375 0.421875 0.146875 0.231250
0 1.0 0.535937 0.390625 0.315625 0.131250
0 1.0 0.552344 0.390625 0.185938 0.214583
0 1.0 0.836719 0.395833 0.273438 0.137500
0 1.0 0.721875 0.401042 0.075000 0.202083
0 1.0 0.275781 0.452083 0.082812 0.187500
0 1.0 0.267188 0.395833 0.237500 0.112500
0 1.0 0.439844 0.421875 0.101562 0.193750
0 1.0 0.410156 0.396875 0.254688 0.122917
0 1.0 0.084375 0.443750 0.037500 0.054167
0 1.0 0.297656 0.486458 0.060937 0.110417
0 1.0 0.240625 0.509375 0.115625 0.268750
0 1.0 0.192969 0.486458 0.120313 0.268750
0 1.0 0.400000 0.444792 0.293750 0.131250
0 1.0 0.402344 0.454167 0.170313 0.200000
0 1.0 0.962500 0.431250 0.059375 0.166667
0 1.0 0.935156 0.400000 0.129688 0.116667
0 1.0 0.212500 0.469792 0.090625 0.156250
0 1.0 0.153906 0.444792 0.232813 0.202083
0 1.0 0.053906 0.440625 0.095312 0.106250
0 1.0 0.118750 0.445833 0.081250 0.083333
0 1.0 0.820312 0.368750 0.150000 0.266667
0 1.0 0.641406 0.146875 0.176563 0.218750
0 1.0 0.771094 0.143750 0.135937 0.287500
0 1.0 0.764844 0.131250 0.289062 0.145833
0 1.0 0.710938 0.146875 0.112500 0.264583
0 1.0 0.727344 0.646875 0.545312 0.214583
0 1.0 0.564844 0.134375 0.264062 0.189583
0 1.0 0.502344 0.162500 0.129688 0.233333
0 1.0 0.331250 0.638542 0.262500 0.547917
0 1.0 0.343750 0.646875 0.568750 0.239583
0 1.0 0.914844 0.126042 0.167187 0.231250
0 1.0 0.865625 0.164583 0.115625 0.316667
0 1.0 0.842969 0.125000 0.117188 0.100000
0 1.0 0.087500 0.637500 0.175000 0.600000
0 1.0 0.094531 0.162500 0.151562 0.200000
0 1.0 0.030469 0.227083 0.054688 0.179167
0 1.0 0.066406 0.183333 0.079687 0.070833
0 1.0 0.535156 0.670833 0.467187 0.458333
0 1.0 0.789844 0.548958 0.420312 0.206250
0 1.0 0.817969 0.158333 0.117188 0.300000
0 1.0 0.207813 0.832292 0.415625 0.227083
0 1.0 0.337500 0.143750 0.137500 0.250000
0 1.0 0.298438 0.170833 0.081250 0.166667
0 1.0 0.217188 0.128125 0.278125 0.131250
0 1.0 0.270313 0.132292 0.053125 0.077083
0 1.0 0.779687 0.755208 0.440625 0.218750
0 1.0 0.346094 0.129167 0.135937 0.116667
0 1.0 0.027344 0.164583 0.054688 0.195833
0 1.0 0.060156 0.125000 0.120313 0.087500
0 1.0 0.449219 0.841667 0.579688 0.200000
0 1.0 0.186719 0.139583 0.089063 0.216667
0 1.0 0.442188 0.164583 0.078125 0.170833
0 1.0 0.525000 0.136458 0.078125 0.077083
0 1.0 0.286719 0.127083 0.179688 0.200000
0 1.0 0.338281 0.768750 0.548438 0.266667
0 1.0 0.569531 0.189583 0.070312 0.162500
0 1.0 0.543750 0.144792 0.031250 0.060417
0 1.0 0.231250 0.135417 0.140625 0.270833
0 1.0 0.394531 0.145833 0.107813 0.283333
0 1.0 0.460156 0.140625 0.048438 0.072917
0 1.0 0.400781 0.144792 0.251563 0.289583
0 1.0 0.445312 0.733333 0.231250 0.491667
0 1.0 0.181250 0.460417 0.362500 0.304167
0 1.0 0.069531 0.455208 0.139063 0.547917
0 1.0 0.820312 0.312500 0.296875 0.450000
0 1.0 0.964063 0.158333 0.068750 0.237500
0 1.0 0.342187 0.211458 0.084375 0.189583
0 1.0 0.385156 0.186458 0.048438 0.056250
0 1.0 0.446094 0.463542 0.426563 0.410417
0 1.0 0.343750 0.455208 0.578125 0.231250
0 1.0 0.300781 0.189583 0.201563 0.091667
0 1.0 0.272656 0.164583 0.270313 0.308333
0 1.0 0.323437 0.206250 0.028125 0.054167
0 1.0 0.302344 0.227083 0.067187 0.133333
0 1.0 0.562500 0.196875 0.043750 0.064583
0 1.0 0.533594 0.195833 0.064062 0.087500
0 1.0 0.492188 0.197917 0.059375 0.095833
0 1.0 0.432031 0.185417 0.264062 0.112500
0 1.0 0.343750 0.348958 0.609375 0.210417
0 1.0 0.334375 0.370833 0.450000 0.450000
0 1.0 0.649219 0.240625 0.548438 0.243750
0 1.0 0.356250 0.195833 0.053125 0.091667
0 1.0 0.156250 0.348958 0.262500 0.577083
0 1.0 0.632812 0.344792 0.578125 0.231250
0 1.0 0.660156 0.316667 0.404687 0.466667
0 1.0 0.128125 0.176042 0.153125 0.106250
0 1.0 0.732031 0.451042 0.535937 0.222917
0 1.0 0.249219 0.542708 0.498437 0.243750
0 1.0 0.946094 0.126042 0.107813 0.110417
0 1.0 0.533594 0.546875 0.567187 0.231250
0 1.0 0.132812 0.163542 0.246875 0.327083
0 1.0 0.554688 0.454167 0.221875 0.508333
0 1.0 0.214844 0.186458 0.192188 0.110417
0 1.0 0.190625 0.184375 0.025000 0.056250
0 1.0 0.880469 0.060417 0.048438 0.083333
0 1.0 0.862500 0.040625 0.153125 0.081250
0 1.0 0.862500 0.086458 0.234375 0.172917
0 1.0 0.820312 0.080208 0.078125 0.160417
0 1.0 0.657813 0.089583 0.078125 0.125000
0 1.0 0.660156 0.044792 0.204687 0.089583
0 1.0 0.642969 0.097917 0.264062 0.195833
0 1.0 0.607812 0.100000 0.075000 0.141667
0 1.0 0.610938 0.033333 0.143750 0.066667
0 1.0 0.764844 0.075000 0.079687 0.150000
0 1.0 0.778125 0.034375 0.187500 0.068750
0 1.0 0.828906 0.070833 0.057813 0.100000
0 1.0 0.962500 0.065625 0.031250 0.077083
0 1.0 0.946094 0.033333 0.107813 0.066667
0 1.0 0.096094 0.094792 0.189062 0.189583
0 1.0 0.050000 0.079167 0.100000 0.100000
0 1.0 0.917969 0.080208 0.076563 0.160417
0 1.0 0.874219 0.029167 0.085938 0.058333
0 1.0 0.458594 0.073958 0.239063 0.147917
0 1.0 0.475000 0.063542 0.068750 0.072917
0 1.0 0.397656 0.077083 0.067187 0.154167
0 1.0 0.425781 0.032292 0.198437 0.064583
0 1.0 0.439844 0.034375 0.076563 0.060417
0 1.0 0.419531 0.051042 0.076563 0.089583
0 1.0 0.353125 0.062500 0.050000 0.108333
0 1.0 0.322656 0.029167 0.039062 0.045833
0 1.0 0.303125 0.038542 0.134375 0.077083
0 1.0 0.335938 0.071875 0.246875 0.143750
0 1.0 0.048438 0.035417 0.096875 0.070833
0 1.0 0.297656 0.054167 0.067187 0.108333
0 1.0 0.552344 0.034375 0.126562 0.068750
0 1.0 0.568750 0.083333 0.056250 0.079167
0 1.0 0.539062 0.046875 0.228125 0.093750
0 1.0 0.500781 0.084375 0.054688 0.093750
0 1.0 0.517188 0.056250 0.106250 0.091667
0 1.0 0.714063 0.086458 0.081250 0.172917
0 1.0 0.448437 0.084375 0.031250 0.056250
0 1.0 0.524219 0.034375 0.042188 0.039583
0 1.0 0.485156 0.182292 0.970313 0.364583
0 1.0 0.485156 0.528125 0.970313 0.514583
0 1.0 0.449219 0.063542 0.064062 0.072917
0 1.0 0.638281 0.879167 0.723437 0.241667
0 1.0 0.610156 0.067708 0.167187 0.135417
0 1.0 0.501563 0.134375 0.081250 0.164583
0 1.0 0.821875 0.848958 0.356250 0.202083
0 1.0 0.279687 0.922917 0.559375 0.154167
0 1.0 0.466406 0.102083 0.126562 0.150000
0 1.0 0.567969 0.138542 0.089063 0.156250
0 1.0 0.602344 0.150000 0.089063 0.179167
0 1.0 0.875000 0.121875 0.081250 0.177083
0 1.0 0.762500 0.076042 0.278125 0.135417
0 1.0 0.741406 0.119792 0.517188 0.239583
0 1.0 0.494531 0.309375 0.642188 0.556250
0 1.0 0.133594 0.118750 0.098437 0.208333
0 1.0 0.350000 0.075000 0.140625 0.108333
0 1.0 0.827344 0.923958 0.345313 0.152083
0 1.0 0.273438 0.079167 0.106250 0.112500
0 1.0 0.344531 0.111458 0.070312 0.181250
0 1.0 0.115625 0.913542 0.231250 0.139583
0 1.0 0.756250 0.872917 0.300000 0.129167
0 1.0 0.782031 0.882292 0.048438 0.106250
0 1.0 0.963281 0.872917 0.029687 0.075000
0 1.0 0.941406 0.872917 0.117188 0.104167
0 1.0 0.957812 0.887500 0.053125 0.104167
0 1.0 0.929688 0.862500 0.140625 0.245833
0 1.0 0.057031 0.923958 0.114062 0.135417
0 1.0 0.233594 0.912500 0.142187 0.166667
0 1.0 0.182812 0.889583 0.128125 0.220833
0 1.0 0.802344 0.879167 0.092188 0.079167
0 1.0 0.132031 0.880208 0.145313 0.239583
0 1.0 0.878125 0.858333 0.062500 0.150000
0 1.0 0.720313 0.858333 0.053125 0.104167
0 1.0 0.700000 0.863542 0.275000 0.260417
0 1.0 0.662500 0.894792 0.046875 0.085417
0 1.0 0.635156 0.877083 0.317188 0.133333
0 1.0 0.341406 0.881250 0.310937 0.125000
0 1.0 0.340625 0.864583 0.134375 0.195833
0 1.0 0.335938 0.845833 0.265625 0.275000
0 1.0 0.590625 0.920833 0.046875 0.095833
0 1.0 0.852344 0.886458 0.048438 0.068750
0 1.0 0.820312 0.866667 0.053125 0.133333
0 1.0 0.481250 0.888542 0.171875 0.106250
0 1.0 0.813281 0.875000 0.179688 0.200000
0 1.0 0.501563 0.869792 0.250000 0.239583
0 1.0 0.446094 0.888542 0.032813 0.064583
0 1.0 0.440625 0.932292 0.078125 0.135417
0 1.0 0.497656 0.926042 0.139063 0.114583
0 1.0 0.717187 0.918750 0.112500 0.162500
0 1.0 0.604688 0.921875 0.259375 0.122917
0 1.0 0.658594 0.930208 0.092188 0.139583
0 1.0 0.591406 0.916667 0.098437 0.166667
0 1.0 0.818750 0.918750 0.093750 0.162500
0 1.0 0.767969 0.898958 0.110937 0.202083
0 1.0 0.391406 0.909375 0.148438 0.181250
0 1.0 0.289844 0.917708 0.114062 0.164583
0 1.0 0.264844 0.894792 0.279687 0.210417
0 1.0 0.554688 0.926042 0.084375 0.147917
0 1.0 0.660156 0.816667 0.332813 0.133333
0 1.0 0.592187 0.832292 0.090625 0.177083
0 1.0 0.325781 0.813542 0.317188 0.131250
0 1.0 0.799219 0.818750 0.114062 0.083333
0 1.0 0.854688 0.829167 0.037500 0.062500
0 1.0 0.511719 0.851042 0.114062 0.197917
0 1.0 0.452344 0.254167 0.067187 0.083333
0 1.0 0.285938 0.821875 0.065625 0.089583
0 1.0 0.446875 0.827083 0.115625 0.295833
0 1.0 0.497656 0.826042 0.079687 0.093750
0 1.0 0.437500 0.822917 0.106250 0.120833
0 1.0 0.467969 0.820833 0.273438 0.120833
0 1.0 0.124219 0.885417 0.135937 0.116667
0 1.0 0.032031 0.886458 0.045312 0.106250
0 1.0 0.207813 0.885417 0.284375 0.120833
0 1.0 0.287500 0.860417 0.137500 0.208333
0 1.0 0.258594 0.892708 0.101562 0.089583
0 1.0 0.073438 0.872917 0.146875 0.091667
0 1.0 0.552344 0.888542 0.145313 0.118750
0 1.0 0.525000 0.942708 0.040625 0.093750
0 1.0 0.505469 0.896875 0.073438 0.081250
0 1.0 0.393750 0.869792 0.065625 0.147917
0 1.0 0.071875 0.880208 0.056250 0.077083
0 1.0 0.965625 0.852083 0.062500 0.204167
0 1.0 0.946094 0.813542 0.107813 0.102083
0 1.0 0.893750 0.813542 0.212500 0.127083
0 1.0 0.561719 0.136458 0.439063 0.272917
0 1.0 0.365625 0.142708 0.621875 0.235417
0 1.0 0.749219 0.227083 0.248438 0.454167
0 1.0 0.804688 0.180208 0.231250 0.160417
0 1.0 0.181250 0.286458 0.062500 0.156250
0 1.0 0.199219 0.246875 0.323437 0.110417
0 1.0 0.178125 0.261458 0.109375 0.172917
0 1.0 0.131250 0.268750 0.084375 0.183333
0 1.0 0.112500 0.236458 0.215625 0.106250
0 1.0 0.885938 0.184375 0.228125 0.135417
0 1.0 0.042188 0.286458 0.084375 0.202083
0 1.0 0.048438 0.244792 0.071875 0.077083
0 1.0 0.070312 0.255208 0.140625 0.302083
0 1.0 0.453906 0.237500 0.489063 0.283333
0 1.0 0.349219 0.275000 0.217188 0.537500
0 1.0 0.449219 0.248958 0.276562 0.447917
0 1.0 0.552344 0.182292 0.176563 0.122917
0 1.0 0.700781 0.183333 0.304688 0.145833
0 1.0 0.264062 0.248958 0.528125 0.231250
0 1.0 0.547656 0.244792 0.248438 0.489583
0 1.0 0.131250 0.931250 0.109375 0.137500
0 1.0 0.206250 0.961458 0.071875 0.052083
0 1.0 0.392188 0.950000 0.081250 0.100000
0 1.0 0.481250 0.958333 0.093750 0.070833
0 1.0 0.328906 0.959375 0.079687 0.060417
0 1.0 0.341406 0.942708 0.123438 0.114583
0 1.0 0.091406 0.964583 0.070312 0.050000
0 1.0 0.291406 0.962500 0.101562 0.062500
0 1.0 0.193750 0.960417 0.112500 0.079167
0 1.0 0.574219 0.956250 0.054688 0.066667
0 1.0 0.159375 0.964583 0.078125 0.050000
0 1.0 0.092969 0.954167 0.120313 0.091667
0 1.0 0.032031 0.946875 0.064062 0.106250
0 1.0 0.967187 0.932292 0.056250 0.135417
0 1.0 0.932031 0.919792 0.135937 0.110417
0 1.0 0.242969 0.955208 0.120313 0.089583
0 1.0 0.246094 0.963542 0.085938 0.056250
0 1.0 0.872656 0.895833 0.110937 0.208333
0 1.0 0.937500 0.960417 0.125000 0.079167
0 1.0 0.353906 0.251042 0.279687 0.110417
0 1.0 0.625781 0.959375 0.073438 0.072917
0 1.0 0.361719 0.258333 0.129688 0.095833
0 1.0 0.713281 0.950000 0.079687 0.100000
0 1.0 0.299219 0.282292 0.051562 0.110417
0 1.0 0.299219 0.261458 0.117188 0.160417
0 1.0 0.301563 0.271875 0.034375 0.047917
0 1.0 0.231250 0.258333 0.115625 0.245833
0 1.0 0.460156 0.079167 0.610938 0.158333
0 1.0 0.875000 0.945833 0.153125 0.108333
0 1.0 0.256250 0.256250 0.159375 0.112500
0 1.0 0.842969 0.964583 0.051562 0.054167
0 1.0 0.790625 0.962500 0.125000 0.075000
0 1.0 0.550000 0.955208 0.046875 0.060417
0 1.0 0.842969 0.962500 0.120313 0.075000
0 1.0 0.228125 0.816667 0.228125 0.175000
0 1.0 0.249219 0.461458 0.492188 0.922917
0 1.0 0.842969 0.186458 0.232813 0.372917
0 1.0 0.673438 0.684375 0.653125 0.631250
0 1.0 0.813281 0.489583 0.370312 0.979167
0 1.0 0.849219 0.538542 0.185938 0.681250
0 1.0 0.833594 0.545833 0.332813 0.441667
0 1.0 0.650781 0.670833 0.223438 0.529167
0 1.0 0.754687 0.654167 0.196875 0.579167
0 1.0 0.627344 0.544792 0.420312 0.418750
0 1.0 0.849219 0.835417 0.198437 0.329167