0 1.0 0.518711 0.568750 0.962578 0.721875
0 1.0 0.562370 0.597656 0.251559 0.360938
0 1.0 0.493763 0.626563 0.126819 0.321875
0 1.0 0.350312 0.603906 0.222453 0.126562
0 1.0 0.108108 0.599219 0.216216 0.104688
0 1.0 0.520790 0.606250 0.247401 0.112500
0 1.0 0.748441 0.620313 0.099792 0.228125
0 1.0 0.740125 0.611719 0.232848 0.098437
0 1.0 0.777547 0.617188 0.083160 0.075000
0 1.0 0.752599 0.581250 0.257796 0.290625
0 1.0 0.437630 0.632031 0.147609 0.339062
0 1.0 0.075884 0.592187 0.126819 0.300000
0 1.0 0.134096 0.600781 0.201663 0.207813
0 1.0 0.505198 0.614062 0.045738 0.078125
0 1.0 0.665281 0.620313 0.091476 0.193750
0 1.0 0.690229 0.617188 0.095634 0.078125
0 1.0 0.909563 0.596094 0.135135 0.282813
0 1.0 0.874220 0.609375 0.164241 0.146875
0 1.0 0.584200 0.617969 0.066528 0.073438
0 1.0 0.642412 0.614844 0.112266 0.092188
0 1.0 0.600832 0.600781 0.199584 0.207813
0 1.0 0.219335 0.610156 0.255717 0.132812
0 1.0 0.288981 0.635156 0.158004 0.210938
0 1.0 0.275468 0.617188 0.060291 0.084375
0 1.0 0.270270 0.602344 0.291060 0.279687
0 1.0 0.234927 0.632812 0.116424 0.212500
0 1.0 0.544699 0.614844 0.074844 0.082812
0 1.0 0.459459 0.609375 0.049896 0.090625
0 1.0 0.729730 0.614062 0.095634 0.078125
0 1.0 0.596674 0.629687 0.103950 0.209375
0 1.0 0.478170 0.659375 0.187110 0.115625
0 1.0 0.347193 0.628906 0.099792 0.232813
0 1.0 0.161123 0.659375 0.322245 0.125000
0 1.0 0.173597 0.661719 0.101871 0.095312
0 1.0 0.142412 0.667188 0.060291 0.071875
0 1.0 0.455301 0.662500 0.058212 0.106250
0 1.0 0.353430 0.663281 0.224532 0.129688
0 1.0 0.635135 0.663281 0.251559 0.126562
0 1.0 0.647609 0.665625 0.106029 0.112500
0 1.0 0.295218 0.669531 0.070686 0.089063
0 1.0 0.826403 0.623437 0.027027 0.046875
0 1.0 0.819127 0.607812 0.099792 0.215625
0 1.0 0.822245 0.617188 0.143451 0.109375
0 1.0 0.028067 0.689063 0.047817 0.162500
0 1.0 0.057173 0.664844 0.114345 0.067187
0 1.0 0.712058 0.604688 0.114345 0.237500
0 1.0 0.343035 0.650000 0.266112 0.306250
0 1.0 0.063410 0.671094 0.035343 0.048438
0 1.0 0.957380 0.639062 0.035343 0.096875
0 1.0 0.954262 0.604688 0.091476 0.100000
0 1.0 0.768191 0.615625 0.047817 0.056250
0 1.0 0.181913 0.666406 0.114345 0.235937
0 1.0 0.514553 0.549219 0.239085 0.170313
0 1.0 0.189189 0.555469 0.316008 0.151562
0 1.0 0.356549 0.549219 0.168399 0.110937
0 1.0 0.432432 0.553125 0.116424 0.137500
0 1.0 0.664241 0.553125 0.276507 0.187500
0 1.0 0.527027 0.549219 0.164241 0.110937
0 1.0 0.287942 0.595313 0.089397 0.206250
0 1.0 0.865904 0.486719 0.126819 0.373437
0 1.0 0.824324 0.505469 0.085239 0.070312
0 1.0 0.826403 0.502344 0.126819 0.295312
0 1.0 0.807692 0.495312 0.305613 0.134375
0 1.0 0.345114 0.564844 0.145530 0.289062
0 1.0 0.760915 0.502344 0.108108 0.223438
0 1.0 0.713098 0.511719 0.112266 0.251563
0 1.0 0.032225 0.561719 0.060291 0.217188
0 1.0 0.065489 0.553906 0.130977 0.095312
0 1.0 0.958420 0.549219 0.045738 0.148438
0 1.0 0.917879 0.497656 0.139293 0.223438
0 1.0 0.188150 0.595313 0.089397 0.178125
0 1.0 0.949064 0.499219 0.101871 0.104688
0 1.0 0.817048 0.562500 0.062370 0.062500
0 1.0 0.836798 0.569531 0.085239 0.085938
0 1.0 0.819127 0.560156 0.253638 0.154688
0 1.0 0.126819 0.599219 0.079002 0.079687
0 1.0 0.369023 0.609375 0.101871 0.118750
0 1.0 0.058212 0.600781 0.116424 0.067187
0 1.0 0.068607 0.604688 0.045738 0.053125
0 1.0 0.050936 0.602344 0.101871 0.145313
0 1.0 0.955301 0.551562 0.089397 0.096875
0 1.0 0.931393 0.557031 0.137214 0.148438
0 1.0 0.953222 0.595313 0.039501 0.131250
0 1.0 0.550936 0.544531 0.149688 0.282813
0 1.0 0.483368 0.547656 0.106029 0.092188
0 1.0 0.755717 0.579688 0.072765 0.131250
0 1.0 0.607069 0.572656 0.070686 0.123438
0 1.0 0.242204 0.768750 0.338877 0.143750
0 1.0 0.244283 0.772656 0.168399 0.267188
0 1.0 0.264033 0.777344 0.166320 0.126562
0 1.0 0.187110 0.775000 0.108108 0.228125
0 1.0 0.482328 0.773438 0.083160 0.093750
0 1.0 0.434511 0.728906 0.220374 0.323437
0 1.0 0.178794 0.780469 0.087318 0.085938
0 1.0 0.155925 0.762500 0.295218 0.312500
0 1.0 0.077963 0.787500 0.101871 0.212500
0 1.0 0.678794 0.767188 0.264033 0.325000
0 1.0 0.389813 0.766406 0.322245 0.142187
0 1.0 0.427235 0.775000 0.085239 0.109375
0 1.0 0.337838 0.771875 0.139293 0.275000
0 1.0 0.596674 0.760156 0.216216 0.223438
0 1.0 0.925156 0.709375 0.124740 0.121875
0 1.0 0.899168 0.711719 0.201663 0.354687
0 1.0 0.129938 0.781250 0.114345 0.240625
0 1.0 0.130977 0.771094 0.170478 0.089063
0 1.0 0.812890 0.703125 0.116424 0.340625
0 1.0 0.786902 0.706250 0.251559 0.115625
0 1.0 0.814969 0.707812 0.108108 0.106250
0 1.0 0.153846 0.779687 0.054054 0.068750
0 1.0 0.028067 0.815625 0.043659 0.125000
0 1.0 0.062370 0.769531 0.095634 0.060937
0 1.0 0.301455 0.782813 0.074844 0.090625
0 1.0 0.956341 0.710156 0.087318 0.089063
0 1.0 0.957380 0.755469 0.068607 0.151562
0 1.0 0.924116 0.772656 0.151767 0.145313
0 1.0 0.790021 0.772656 0.083160 0.070312
0 1.0 0.164241 0.821875 0.328482 0.121875
0 1.0 0.694387 0.775781 0.141372 0.120313
0 1.0 0.178794 0.828906 0.099792 0.089063
0 1.0 0.774428 0.768750 0.264033 0.140625
0 1.0 0.821206 0.788281 0.274428 0.348438
0 1.0 0.747401 0.759375 0.110187 0.346875
0 1.0 0.151767 0.830469 0.058212 0.067187
0 1.0 0.023909 0.874219 0.047817 0.129688
0 1.0 0.062370 0.824219 0.099792 0.060937
0 1.0 0.301455 0.832031 0.087318 0.079687
0 1.0 0.081081 0.834375 0.029106 0.043750
0 1.0 0.850312 0.785937 0.033264 0.053125
0 1.0 0.576923 0.771094 0.126819 0.123438
0 1.0 0.527027 0.767969 0.122661 0.114062
0 1.0 0.504158 0.746094 0.189189 0.235937
0 1.0 0.669439 0.769531 0.316008 0.126562
0 1.0 0.508316 0.766406 0.293139 0.132812
0 1.0 0.749480 0.779687 0.076923 0.093750
0 1.0 0.961538 0.815625 0.043659 0.125000
0 1.0 0.661123 0.737500 0.137214 0.275000
0 1.0 0.231809 0.710938 0.126819 0.096875
0 1.0 0.844075 0.670312 0.024948 0.046875
0 1.0 0.754678 0.708594 0.083160 0.085938
0 1.0 0.802495 0.657031 0.282744 0.126562
0 1.0 0.817048 0.650781 0.245322 0.270313
0 1.0 0.029106 0.757031 0.045738 0.151562
0 1.0 0.053015 0.716406 0.093555 0.057813
0 1.0 0.137214 0.722656 0.058212 0.064062
0 1.0 0.090437 0.713281 0.160083 0.207813
0 1.0 0.294179 0.728906 0.130977 0.245312
0 1.0 0.264033 0.710156 0.316008 0.117188
0 1.0 0.962578 0.710156 0.045738 0.126562
0 1.0 0.953222 0.655469 0.093555 0.098437
0 1.0 0.608108 0.664844 0.060291 0.101562
0 1.0 0.551975 0.657031 0.172557 0.226562
0 1.0 0.547817 0.667188 0.068607 0.106250
0 1.0 0.752599 0.659375 0.108108 0.103125
0 1.0 0.508316 0.663281 0.047817 0.095312
0 1.0 0.066528 0.724219 0.033264 0.045312
0 1.0 0.702703 0.651563 0.187110 0.193750
0 1.0 0.786902 0.665625 0.043659 0.056250
0 1.0 0.849272 0.718750 0.022869 0.040625
0 1.0 0.590437 0.710938 0.108108 0.128125
0 1.0 0.532225 0.706250 0.112266 0.131250
0 1.0 0.750520 0.712500 0.261954 0.306250
0 1.0 0.662162 0.705469 0.268191 0.123438
0 1.0 0.711019 0.709375 0.120582 0.250000
0 1.0 0.076923 0.780469 0.029106 0.045312
0 1.0 0.881497 0.707031 0.108108 0.257812
0 1.0 0.785863 0.714063 0.041580 0.050000
0 1.0 0.470894 0.711719 0.201663 0.117188
0 1.0 0.494802 0.710938 0.074844 0.103125
0 1.0 0.152807 0.713281 0.288981 0.101562
0 1.0 0.176715 0.720313 0.079002 0.075000
0 1.0 0.439709 0.710156 0.085239 0.114062
0 1.0 0.317048 0.715625 0.064449 0.068750
0 1.0 0.346154 0.713281 0.143451 0.117188
0 1.0 0.183992 0.357031 0.139293 0.204687
0 1.0 0.182952 0.351562 0.241164 0.137500
0 1.0 0.450104 0.351562 0.114345 0.225000
0 1.0 0.477131 0.350000 0.234927 0.178125
0 1.0 0.482328 0.367969 0.095634 0.167187
0 1.0 0.399168 0.360156 0.099792 0.279687
0 1.0 0.070686 0.372656 0.116424 0.323437
0 1.0 0.130977 0.339844 0.137214 0.095312
0 1.0 0.023909 0.357031 0.047817 0.195312
0 1.0 0.053015 0.339844 0.093555 0.070312
0 1.0 0.135135 0.348438 0.237006 0.340625
0 1.0 0.370062 0.353906 0.174636 0.104688
0 1.0 0.338877 0.346094 0.232848 0.301563
0 1.0 0.372141 0.366406 0.066528 0.107813
0 1.0 0.589397 0.374219 0.280665 0.279687
0 1.0 0.322245 0.367969 0.041580 0.073438
0 1.0 0.231809 0.372656 0.110187 0.220312
0 1.0 0.260915 0.346875 0.218295 0.115625
0 1.0 0.235967 0.371875 0.076923 0.137500
0 1.0 0.235967 0.339062 0.305613 0.318750
0 1.0 0.128898 0.367188 0.099792 0.193750
0 1.0 0.871102 0.293750 0.145530 0.150000
0 1.0 0.818087 0.310156 0.143451 0.310937
0 1.0 0.814969 0.279687 0.182952 0.109375
0 1.0 0.821206 0.273438 0.070686 0.112500
0 1.0 0.283784 0.360156 0.047817 0.098437
0 1.0 0.779626 0.299219 0.062370 0.098437
0 1.0 0.770270 0.285938 0.293139 0.171875
0 1.0 0.050936 0.350781 0.089397 0.164062
0 1.0 0.960499 0.310156 0.033264 0.073438
0 1.0 0.769231 0.325781 0.128898 0.245312
0 1.0 0.277547 0.351562 0.122661 0.178125
0 1.0 0.951143 0.287500 0.097713 0.081250
0 1.0 0.952183 0.291406 0.041580 0.060937
0 1.0 0.927235 0.292187 0.145530 0.121875
0 1.0 0.914761 0.310937 0.128898 0.250000
0 1.0 0.198545 0.357812 0.064449 0.103125
0 1.0 0.159044 0.392188 0.180873 0.109375
0 1.0 0.799376 0.336719 0.309771 0.145313
0 1.0 0.348233 0.366406 0.056133 0.126562
0 1.0 0.961538 0.337500 0.027027 0.062500
0 1.0 0.036383 0.401562 0.072765 0.090625
0 1.0 0.285863 0.396875 0.218295 0.134375
0 1.0 0.308732 0.408594 0.089397 0.123438
0 1.0 0.450104 0.338281 0.031185 0.085938
0 1.0 0.707900 0.371875 0.097713 0.193750
0 1.0 0.712058 0.341406 0.322245 0.310937
0 1.0 0.413721 0.350781 0.137214 0.139063
0 1.0 0.948025 0.361719 0.070686 0.126562
0 1.0 0.661123 0.378906 0.124740 0.264062
0 1.0 0.871102 0.349219 0.099792 0.220312
0 1.0 0.862786 0.252344 0.203742 0.167187
0 1.0 0.057173 0.290625 0.097713 0.068750
0 1.0 0.035343 0.296875 0.070686 0.193750
0 1.0 0.705821 0.236719 0.334719 0.148438
0 1.0 0.709979 0.241406 0.093555 0.179688
0 1.0 0.287942 0.283594 0.118503 0.157812
0 1.0 0.943867 0.238281 0.112266 0.095312
0 1.0 0.182952 0.271094 0.133056 0.173437
0 1.0 0.180873 0.291406 0.257796 0.148438
0 1.0 0.213098 0.300781 0.027027 0.054688
0 1.0 0.864865 0.252344 0.103950 0.073438
0 1.0 0.070686 0.075781 0.141372 0.151562
0 1.0 0.076923 0.063281 0.062370 0.120313
0 1.0 0.244283 0.068750 0.047817 0.081250
0 1.0 0.673597 0.352344 0.652807 0.704688
0 1.0 0.142412 0.060937 0.068607 0.106250
0 1.0 0.148649 0.040625 0.151767 0.081250
0 1.0 0.135135 0.085156 0.224532 0.170313
0 1.0 0.273389 0.532031 0.488565 0.935937
0 1.0 0.660083 0.260937 0.118503 0.278125
0 1.0 0.656965 0.250000 0.307692 0.296875
0 1.0 0.043659 0.034375 0.087318 0.068750
0 1.0 0.879418 0.277344 0.066528 0.110937
0 1.0 0.024948 0.060156 0.041580 0.101562
0 1.0 0.062370 0.026562 0.058212 0.050000
0 1.0 0.536383 0.298438 0.137214 0.096875
0 1.0 0.500000 0.324219 0.106029 0.173437
0 1.0 0.521830 0.299219 0.245322 0.139063
0 1.0 0.708940 0.285938 0.049896 0.096875
0 1.0 0.502079 0.315625 0.039501 0.071875
0 1.0 0.396050 0.278906 0.085239 0.217188
0 1.0 0.431393 0.287500 0.185031 0.103125
0 1.0 0.439709 0.290625 0.085239 0.096875
0 1.0 0.398129 0.279687 0.226611 0.306250
0 1.0 0.641372 0.291406 0.272349 0.123438
0 1.0 0.669439 0.303906 0.074844 0.145313
0 1.0 0.604990 0.332813 0.124740 0.259375
0 1.0 0.884615 0.275781 0.035343 0.064062
0 1.0 0.545738 0.297656 0.027027 0.048438
0 1.0 0.159044 0.286719 0.139293 0.089063
0 1.0 0.135135 0.285938 0.062370 0.106250
0 1.0 0.345114 0.285156 0.066528 0.126562
0 1.0 0.072765 0.286719 0.041580 0.092188
0 1.0 0.096674 0.290625 0.147609 0.196875
0 1.0 0.382536 0.301563 0.045738 0.084375
0 1.0 0.410603 0.293750 0.035343 0.053125
0 1.0 0.601871 0.321875 0.064449 0.121875
0 1.0 0.545738 0.342187 0.130977 0.237500
0 1.0 0.446985 0.342187 0.062370 0.171875
0 1.0 0.329522 0.305469 0.022869 0.048438
0 1.0 0.232848 0.319531 0.083160 0.151562
0 1.0 0.239085 0.317188 0.041580 0.068750
0 1.0 0.229730 0.295312 0.130977 0.087500
0 1.0 0.817048 0.446875 0.041580 0.053125
0 1.0 0.810811 0.446875 0.162162 0.106250
0 1.0 0.144491 0.492188 0.247401 0.296875
0 1.0 0.816008 0.437500 0.189189 0.231250
0 1.0 0.743243 0.439844 0.293139 0.148438
0 1.0 0.112266 0.503125 0.220374 0.109375
0 1.0 0.049896 0.500000 0.099792 0.081250
0 1.0 0.044699 0.489063 0.089397 0.262500
0 1.0 0.956341 0.483594 0.037422 0.107813
0 1.0 0.970894 0.446875 0.058212 0.084375
0 1.0 0.239085 0.495312 0.340956 0.137500
0 1.0 0.229730 0.509375 0.143451 0.259375
0 1.0 0.900208 0.445312 0.199584 0.165625
0 1.0 0.534304 0.444531 0.153846 0.107813
0 1.0 0.503119 0.436719 0.149688 0.282813
0 1.0 0.453222 0.467969 0.054054 0.132812
0 1.0 0.537422 0.453906 0.027027 0.045312
0 1.0 0.454262 0.462500 0.106029 0.193750
0 1.0 0.597713 0.440625 0.139293 0.225000
0 1.0 0.622661 0.438281 0.151767 0.117188
0 1.0 0.594595 0.434375 0.083160 0.090625
0 1.0 0.548857 0.491406 0.220374 0.151562
0 1.0 0.483368 0.503906 0.180873 0.101562
0 1.0 0.455301 0.494531 0.224532 0.342187
0 1.0 0.402287 0.521094 0.101871 0.304688
0 1.0 0.409563 0.500781 0.182952 0.101562
0 1.0 0.704782 0.496094 0.257796 0.157812
0 1.0 0.639293 0.495312 0.160083 0.103125
0 1.0 0.599792 0.478906 0.093555 0.148438
0 1.0 0.124740 0.521094 0.124740 0.242188
0 1.0 0.667360 0.489844 0.099792 0.254688
0 1.0 0.348233 0.517969 0.072765 0.217188
0 1.0 0.329522 0.510938 0.259875 0.312500
0 1.0 0.297297 0.501563 0.170478 0.200000
0 1.0 0.542620 0.502344 0.116424 0.089063
0 1.0 0.555094 0.389062 0.099792 0.109375
0 1.0 0.514553 0.395313 0.110187 0.096875
0 1.0 0.708940 0.404687 0.170478 0.193750
0 1.0 0.414761 0.396094 0.118503 0.129688
0 1.0 0.934511 0.390625 0.130977 0.118750
0 1.0 0.946985 0.429688 0.085239 0.168750
0 1.0 0.344075 0.413281 0.097713 0.220312
0 1.0 0.356549 0.396094 0.180873 0.101562
0 1.0 0.283784 0.418750 0.106029 0.221875
0 1.0 0.231809 0.429688 0.068607 0.131250
0 1.0 0.188150 0.493750 0.085239 0.159375
0 1.0 0.198545 0.451562 0.081081 0.068750
0 1.0 0.165281 0.451562 0.230769 0.134375
0 1.0 0.400208 0.452344 0.205821 0.101562
0 1.0 0.388773 0.442188 0.207900 0.306250
0 1.0 0.130977 0.449219 0.079002 0.067187
0 1.0 0.079002 0.469531 0.099792 0.223438
0 1.0 0.170478 0.447656 0.095634 0.082812
0 1.0 0.350312 0.453125 0.022869 0.037500
0 1.0 0.370062 0.463281 0.079002 0.114062
0 1.0 0.292100 0.450781 0.106029 0.079687
0 1.0 0.270270 0.449219 0.232848 0.132812
0 1.0 0.284823 0.468750 0.058212 0.131250
0 1.0 0.062370 0.449219 0.024948 0.042188
0 1.0 0.041580 0.451562 0.083160 0.096875
0 1.0 0.312890 0.468750 0.064449 0.093750
0 1.0 0.233888 0.476562 0.089397 0.156250
0 1.0 0.348233 0.142969 0.189189 0.167187
0 1.0 0.287942 0.202344 0.047817 0.101562
0 1.0 0.219335 0.138281 0.209979 0.079687
0 1.0 0.287942 0.174219 0.089397 0.120313
0 1.0 0.275468 0.145313 0.031185 0.037500
0 1.0 0.230769 0.175000 0.070686 0.175000
0 1.0 0.460499 0.147656 0.185031 0.160938
0 1.0 0.396050 0.177344 0.085239 0.195312
0 1.0 0.415800 0.128125 0.316008 0.103125
0 1.0 0.426195 0.132812 0.133056 0.096875
0 1.0 0.227651 0.638281 0.426195 0.482812
0 1.0 0.242204 0.132031 0.106029 0.073438
0 1.0 0.645530 0.580469 0.467775 0.657813
0 1.0 0.538462 0.649219 0.536383 0.248438
0 1.0 0.234927 0.146875 0.270270 0.246875
0 1.0 0.187110 0.180469 0.058212 0.135937
0 1.0 0.179834 0.142187 0.101871 0.118750
0 1.0 0.408524 0.146875 0.301455 0.246875
0 1.0 0.347193 0.184375 0.074844 0.159375
0 1.0 0.350312 0.129688 0.122661 0.071875
0 1.0 0.489605 0.126562 0.110187 0.087500
0 1.0 0.554054 0.549219 0.530146 0.248438
0 1.0 0.660083 0.131250 0.151767 0.240625
0 1.0 0.649688 0.113281 0.272349 0.160938
0 1.0 0.607069 0.140625 0.133056 0.259375
0 1.0 0.556133 0.165625 0.093555 0.184375
0 1.0 0.474012 0.590625 0.382536 0.568750
0 1.0 0.311850 0.643750 0.557173 0.243750
0 1.0 0.558212 0.133594 0.318087 0.260937
0 1.0 0.507277 0.178125 0.083160 0.171875
0 1.0 0.439709 0.196094 0.051975 0.114062
0 1.0 0.826403 0.121875 0.051975 0.087500
0 1.0 0.809771 0.083594 0.234927 0.148438
0 1.0 0.565489 0.767188 0.528067 0.262500
0 1.0 0.306653 0.760156 0.559252 0.239063
0 1.0 0.927235 0.107031 0.145530 0.214062
0 1.0 0.919958 0.128125 0.081081 0.168750
0 1.0 0.902287 0.076563 0.195426 0.100000
0 1.0 0.705821 0.080469 0.259875 0.139063
0 1.0 0.708940 0.118750 0.070686 0.109375
0 1.0 0.337838 0.847656 0.588358 0.176563
0 1.0 0.849272 0.086719 0.139293 0.089063
0 1.0 0.819127 0.115625 0.074844 0.140625
0 1.0 0.134096 0.160938 0.085239 0.156250
0 1.0 0.873181 0.128125 0.079002 0.153125
0 1.0 0.880457 0.128906 0.051975 0.089063
0 1.0 0.075884 0.161719 0.101871 0.242188
0 1.0 0.121622 0.127344 0.126819 0.082812
0 1.0 0.065489 0.128906 0.093555 0.070312
0 1.0 0.042620 0.151562 0.085239 0.262500
0 1.0 0.970894 0.137500 0.029106 0.062500
0 1.0 0.957380 0.077344 0.085239 0.079687
0 1.0 0.283784 0.245312 0.060291 0.121875
0 1.0 0.307692 0.187500 0.245322 0.125000
0 1.0 0.324324 0.212500 0.037422 0.059375
0 1.0 0.485447 0.378125 0.397089 0.396875
0 1.0 0.106029 0.187500 0.174636 0.121875
0 1.0 0.220374 0.192188 0.187110 0.109375
0 1.0 0.175676 0.198437 0.126819 0.184375
0 1.0 0.175676 0.203906 0.251559 0.270313
0 1.0 0.130977 0.186719 0.112266 0.079687
0 1.0 0.197505 0.208594 0.024948 0.048438
0 1.0 0.443867 0.257812 0.051975 0.121875
0 1.0 0.808732 0.378125 0.336798 0.450000
0 1.0 0.349272 0.199219 0.141372 0.207813
0 1.0 0.320166 0.530469 0.419958 0.501563
0 1.0 0.767152 0.149219 0.112266 0.198437
0 1.0 0.761954 0.121094 0.305613 0.126562
0 1.0 0.901247 0.123438 0.197505 0.103125
0 1.0 0.703742 0.149219 0.118503 0.220312
0 1.0 0.959459 0.184375 0.047817 0.078125
0 1.0 0.706861 0.439844 0.519751 0.267188
0 1.0 0.322245 0.439844 0.557173 0.248438
0 1.0 0.880457 0.171094 0.056133 0.092188
0 1.0 0.826403 0.129688 0.139293 0.084375
0 1.0 0.857588 0.132812 0.247401 0.246875
0 1.0 0.820166 0.168750 0.089397 0.171875
0 1.0 0.962578 0.127344 0.074844 0.073438
0 1.0 0.095634 0.185938 0.191268 0.306250
0 1.0 0.071726 0.187500 0.072765 0.059375
0 1.0 0.048857 0.188281 0.076923 0.070312
0 1.0 0.968815 0.205469 0.033264 0.079687
0 1.0 0.619543 0.038281 0.149688 0.076563
0 1.0 0.618503 0.058594 0.068607 0.098437
0 1.0 0.604990 0.052344 0.249480 0.104688
0 1.0 0.498960 0.066406 0.054054 0.085938
0 1.0 0.523909 0.037500 0.207900 0.075000
0 1.0 0.508316 0.075000 0.301455 0.150000
0 1.0 0.708940 0.060937 0.149688 0.121875
0 1.0 0.662162 0.078125 0.072765 0.140625
0 1.0 0.646570 0.321875 0.681913 0.325000
0 1.0 0.822245 0.075781 0.051975 0.092188
0 1.0 0.799376 0.031250 0.197505 0.062500
0 1.0 0.766112 0.084375 0.060291 0.103125
0 1.0 0.773389 0.064062 0.037422 0.050000
0 1.0 0.831601 0.056250 0.029106 0.040625
0 1.0 0.756757 0.742969 0.486486 0.514062
0 1.0 0.302495 0.076563 0.239085 0.153125
0 1.0 0.311850 0.059375 0.083160 0.090625
0 1.0 0.264033 0.031250 0.158004 0.062500
0 1.0 0.118503 0.026562 0.079002 0.053125
0 1.0 0.189189 0.090625 0.045738 0.100000
0 1.0 0.212058 0.028906 0.099792 0.057813
0 1.0 0.196466 0.060156 0.076923 0.085938
0 1.0 0.469854 0.052344 0.099792 0.092188
0 1.0 0.659044 0.874219 0.681913 0.251563
0 1.0 0.498960 0.201563 0.997921 0.390625
0 1.0 0.397089 0.066406 0.066528 0.114062
0 1.0 0.415800 0.032031 0.224532 0.064062
0 1.0 0.558212 0.053906 0.051975 0.079687
0 1.0 0.401247 0.053906 0.128898 0.107813
0 1.0 0.347193 0.068750 0.054054 0.087500
0 1.0 0.337838 0.027344 0.047817 0.048438
0 1.0 0.310811 0.040625 0.180873 0.081250
0 1.0 0.288981 0.088281 0.041580 0.076563
0 1.0 0.439709 0.062500 0.027027 0.043750
0 1.0 0.514553 0.029687 0.056133 0.053125
0 1.0 0.434511 0.060937 0.066528 0.071875
0 1.0 0.226611 0.078906 0.195426 0.085938
0 1.0 0.240125 0.121875 0.060291 0.112500
0 1.0 0.464657 0.085156 0.139293 0.114062
0 1.0 0.415800 0.077344 0.295218 0.092188
0 1.0 0.434511 0.081250 0.095634 0.068750
0 1.0 0.395010 0.083594 0.199584 0.167187
0 1.0 0.344075 0.128125 0.068607 0.128125
0 1.0 0.384615 0.078906 0.108108 0.064062
0 1.0 0.285863 0.146875 0.051975 0.103125
0 1.0 0.264033 0.914844 0.528067 0.170313
0 1.0 0.285863 0.116406 0.093555 0.120313
0 1.0 0.294179 0.094531 0.031185 0.032813
0 1.0 0.563410 0.106250 0.149688 0.184375
0 1.0 0.771310 0.118750 0.066528 0.096875
0 1.0 0.434511 0.146875 0.049896 0.115625
0 1.0 0.486486 0.080469 0.095634 0.070312
0 1.0 0.871102 0.047656 0.120582 0.095312
0 1.0 0.136175 0.335938 0.272349 0.665625
0 1.0 0.741164 0.121094 0.517672 0.242188
0 1.0 0.779626 0.923438 0.440748 0.153125
0 1.0 0.718295 0.076563 0.043659 0.062500
0 1.0 0.358628 0.309375 0.717256 0.337500
0 1.0 0.025988 0.115625 0.051975 0.190625
0 1.0 0.056133 0.078125 0.112266 0.078125
0 1.0 0.966736 0.078906 0.020790 0.042188
0 1.0 0.951143 0.031250 0.097713 0.062500
0 1.0 0.961538 0.068750 0.035343 0.046875
0 1.0 0.924116 0.069531 0.056133 0.092188
0 1.0 0.866944 0.027344 0.070686 0.045312
0 1.0 0.885655 0.056250 0.029106 0.040625
0 1.0 0.104990 0.078906 0.168399 0.095312
0 1.0 0.876299 0.063281 0.047817 0.079687
0 1.0 0.872141 0.880469 0.255717 0.154688
0 1.0 0.920998 0.882812 0.120582 0.187500
0 1.0 0.880457 0.845313 0.093555 0.165625
0 1.0 0.440748 0.221875 0.120582 0.168750
0 1.0 0.130977 0.913281 0.203742 0.157812
0 1.0 0.397089 0.902344 0.149688 0.195312
0 1.0 0.344075 0.904687 0.114345 0.190625
0 1.0 0.242204 0.902344 0.155925 0.195312
0 1.0 0.063410 0.914062 0.126819 0.081250
0 1.0 0.032225 0.920312 0.064449 0.143750
0 1.0 0.962578 0.899219 0.029106 0.057813
0 1.0 0.607069 0.850000 0.070686 0.100000
0 1.0 0.611227 0.872656 0.253638 0.157812
0 1.0 0.555094 0.830469 0.070686 0.135937
0 1.0 0.812890 0.832812 0.054054 0.100000
0 1.0 0.790021 0.873437 0.270270 0.187500
0 1.0 0.477131 0.876563 0.301455 0.128125
0 1.0 0.514553 0.844531 0.101871 0.164062
0 1.0 0.534304 0.841406 0.274428 0.251563
0 1.0 0.451143 0.839063 0.041580 0.084375
0 1.0 0.822245 0.867969 0.064449 0.110937
0 1.0 0.761954 0.880469 0.051975 0.092188
0 1.0 0.774428 0.885156 0.147609 0.126562
0 1.0 0.720374 0.848437 0.043659 0.071875
0 1.0 0.949064 0.914062 0.056133 0.087500
0 1.0 0.719335 0.887500 0.162162 0.115625
0 1.0 0.601871 0.905469 0.118503 0.189062
0 1.0 0.548857 0.898438 0.124740 0.203125
0 1.0 0.813929 0.900000 0.106029 0.171875
0 1.0 0.113306 0.954688 0.143451 0.090625
0 1.0 0.664241 0.912500 0.160083 0.134375
0 1.0 0.291060 0.903125 0.282744 0.134375
0 1.0 0.502079 0.900781 0.118503 0.198437
0 1.0 0.527027 0.913281 0.322245 0.123438
0 1.0 0.185031 0.909375 0.103950 0.181250
0 1.0 0.813929 0.827344 0.143451 0.323437
0 1.0 0.445946 0.852344 0.076923 0.114062
0 1.0 0.443867 0.777344 0.122661 0.345313
0 1.0 0.443867 0.826562 0.305613 0.118750
0 1.0 0.742204 0.825000 0.112266 0.118750
0 1.0 0.712058 0.814844 0.135135 0.289062
0 1.0 0.671518 0.815625 0.340956 0.128125
0 1.0 0.962578 0.880469 0.054054 0.145313
0 1.0 0.935551 0.815625 0.128898 0.103125
0 1.0 0.471933 0.831250 0.087318 0.087500
0 1.0 0.402287 0.805469 0.139293 0.279687
0 1.0 0.399168 0.828125 0.116424 0.112500
0 1.0 0.594595 0.820312 0.124740 0.121875
0 1.0 0.330561 0.824219 0.212058 0.129688
0 1.0 0.571726 0.878125 0.128898 0.115625
0 1.0 0.274428 0.873437 0.153846 0.093750
0 1.0 0.226611 0.870313 0.295218 0.109375
0 1.0 0.140333 0.860938 0.047817 0.081250
0 1.0 0.401247 0.864062 0.079002 0.128125
0 1.0 0.369023 0.872656 0.305613 0.114062
0 1.0 0.190229 0.836719 0.043659 0.073438
0 1.0 0.454262 0.885938 0.089397 0.078125
0 1.0 0.669439 0.842969 0.041580 0.070312
0 1.0 0.674636 0.870313 0.047817 0.075000
0 1.0 0.326403 0.876563 0.108108 0.078125
0 1.0 0.348233 0.839063 0.056133 0.087500
0 1.0 0.347193 0.846875 0.108108 0.118750
0 1.0 0.873181 0.817187 0.253638 0.137500
0 1.0 0.875260 0.833594 0.158004 0.317188
0 1.0 0.796258 0.824219 0.174636 0.110937
0 1.0 0.085239 0.864062 0.049896 0.087500
0 1.0 0.846154 0.837500 0.062370 0.087500
0 1.0 0.151767 0.884375 0.079002 0.075000
0 1.0 0.022869 0.892969 0.033264 0.079687
0 1.0 0.071726 0.878906 0.093555 0.060937
0 1.0 0.081081 0.888281 0.037422 0.048438
0 1.0 0.074844 0.863281 0.149688 0.226562
0 1.0 0.242204 0.836719 0.056133 0.092188
0 1.0 0.964657 0.254688 0.029106 0.062500
0 1.0 0.952183 0.239844 0.054054 0.076563
0 1.0 0.934511 0.188281 0.130977 0.117188
0 1.0 0.142412 0.239844 0.264033 0.126562
0 1.0 0.871102 0.227344 0.087318 0.157812
0 1.0 0.832640 0.189844 0.076923 0.057813
0 1.0 0.841996 0.192188 0.145530 0.078125
0 1.0 0.050936 0.235937 0.101871 0.190625
0 1.0 0.371102 0.179688 0.501040 0.359375
0 1.0 0.068607 0.234375 0.137214 0.090625
0 1.0 0.871102 0.193750 0.174636 0.150000
0 1.0 0.362786 0.235156 0.247401 0.120313
0 1.0 0.257796 0.248438 0.041580 0.068750
0 1.0 0.493763 0.261719 0.101871 0.151562
0 1.0 0.537422 0.246094 0.122661 0.092188
0 1.0 0.280665 0.241406 0.295218 0.260937
0 1.0 0.230769 0.250781 0.079002 0.132812
0 1.0 0.467775 0.250781 0.041580 0.064062
0 1.0 0.562370 0.182031 0.180873 0.192188
0 1.0 0.488565 0.210938 0.054054 0.081250
0 1.0 0.761954 0.184375 0.309771 0.125000
0 1.0 0.917879 0.229687 0.093555 0.168750
0 1.0 0.754678 0.190625 0.291060 0.296875
0 1.0 0.310811 0.960938 0.093555 0.056250
0 1.0 0.296258 0.921875 0.135135 0.156250
0 1.0 0.502079 0.946094 0.089397 0.107813
0 1.0 0.293139 0.072656 0.586279 0.145313
0 1.0 0.560291 0.952344 0.085239 0.070312
0 1.0 0.239085 0.959375 0.099792 0.062500
0 1.0 0.202703 0.953906 0.197505 0.092188
0 1.0 0.584200 0.958594 0.054054 0.048438
0 1.0 0.445946 0.946094 0.076923 0.107813
0 1.0 0.518711 0.960156 0.043659 0.042188
0 1.0 0.498960 0.954688 0.070686 0.062500
0 1.0 0.663202 0.944531 0.099792 0.110937
0 1.0 0.604990 0.947656 0.083160 0.104688
0 1.0 0.353430 0.952344 0.182952 0.089063
0 1.0 0.180873 0.959375 0.087318 0.059375
0 1.0 0.140333 0.959375 0.076923 0.059375
0 1.0 0.382536 0.958594 0.091476 0.057813
0 1.0 0.063410 0.963281 0.056133 0.048438
0 1.0 0.043659 0.962500 0.087318 0.071875
0 1.0 0.966736 0.935937 0.058212 0.128125
0 1.0 0.548857 0.242188 0.316008 0.118750
0 1.0 0.925156 0.948438 0.116424 0.103125
0 1.0 0.875260 0.932031 0.095634 0.135937
0 1.0 0.857588 0.964063 0.047817 0.043750
0 1.0 0.814969 0.941406 0.083160 0.117188
0 1.0 0.830561 0.960938 0.081081 0.059375
0 1.0 0.503119 0.240625 0.270270 0.296875
0 1.0 0.522869 0.252344 0.039501 0.054688
0 1.0 0.608108 0.235937 0.081081 0.143750
0 1.0 0.672557 0.959375 0.060291 0.053125
0 1.0 0.762994 0.936719 0.083160 0.126562
0 1.0 0.775468 0.956250 0.083160 0.056250
0 1.0 0.642412 0.960938 0.045738 0.046875
0 1.0 0.718295 0.940625 0.106029 0.118750
0 1.0 0.709979 0.957812 0.081081 0.059375
0 1.0 0.771310 0.622656 0.261954 0.598437
0 1.0 0.242204 0.829688 0.276507 0.340625
0 1.0 0.074844 0.639062 0.149688 0.600000
0 1.0 0.345114 0.867188 0.245322 0.265625
0 1.0 0.152807 0.850781 0.218295 0.298438
0 1.0 0.636175 0.475781 0.282744 0.482812
0 1.0 0.876299 0.514062 0.247401 0.759375
0 1.0 0.862786 0.546875 0.274428 0.262500
0 1.0 0.890852 0.260937 0.218295 0.359375
0 1.0 0.453222 0.840625 0.203742 0.318750
0 1.0 0.504158 0.756250 0.293139 0.487500