0 1.0 0.500000 0.539062 1.000000 0.790625
0 1.0 0.531250 0.769531 0.845833 0.439063
0 1.0 0.764583 0.514844 0.437500 0.785937
0 1.0 0.178125 0.599219 0.106250 0.092188
0 1.0 0.339583 0.620313 0.100000 0.190625
0 1.0 0.401042 0.589844 0.206250 0.160938
0 1.0 0.407292 0.595313 0.306250 0.246875
0 1.0 0.447917 0.592969 0.120833 0.076563
0 1.0 0.428125 0.592187 0.372917 0.100000
0 1.0 0.164583 0.590625 0.275000 0.306250
0 1.0 0.106250 0.601562 0.212500 0.112500
0 1.0 0.123958 0.591406 0.127083 0.273438
0 1.0 0.122917 0.602344 0.100000 0.101562
0 1.0 0.073958 0.585156 0.127083 0.264062
0 1.0 0.113542 0.600781 0.060417 0.070312
0 1.0 0.371875 0.595313 0.156250 0.090625
0 1.0 0.285417 0.610938 0.108333 0.190625
0 1.0 0.263542 0.600781 0.177083 0.070312
0 1.0 0.308333 0.603125 0.037500 0.040625
0 1.0 0.309375 0.595313 0.239583 0.265625
0 1.0 0.233333 0.620313 0.112500 0.237500
0 1.0 0.254167 0.603125 0.045833 0.050000
0 1.0 0.173958 0.607812 0.102083 0.284375
0 1.0 0.845833 0.550000 0.104167 0.084375
0 1.0 0.877083 0.533594 0.141667 0.339062
0 1.0 0.818750 0.545312 0.112500 0.393750
0 1.0 0.818750 0.550000 0.300000 0.134375
0 1.0 0.760417 0.539844 0.120833 0.429688
0 1.0 0.713542 0.558594 0.139583 0.470313
0 1.0 0.721875 0.552344 0.222917 0.160938
0 1.0 0.032292 0.588281 0.064583 0.201563
0 1.0 0.079167 0.603906 0.045833 0.057813
0 1.0 0.962500 0.604688 0.041667 0.128125
0 1.0 0.921875 0.552344 0.156250 0.151562
0 1.0 0.907292 0.608594 0.177083 0.170313
0 1.0 0.811458 0.610938 0.089583 0.075000
0 1.0 0.850000 0.616406 0.058333 0.073438
0 1.0 0.811458 0.605469 0.293750 0.129688
0 1.0 0.817708 0.583594 0.252083 0.354687
0 1.0 0.108333 0.659375 0.216667 0.115625
0 1.0 0.116667 0.664062 0.083333 0.093750
0 1.0 0.096875 0.671094 0.193750 0.317188
0 1.0 0.042708 0.661719 0.085417 0.245312
0 1.0 0.962500 0.660937 0.033333 0.100000
0 1.0 0.945833 0.606250 0.108333 0.100000
0 1.0 0.078125 0.660937 0.056250 0.068750
0 1.0 0.557292 0.576562 0.147917 0.293750
0 1.0 0.535417 0.596875 0.137500 0.109375
0 1.0 0.507292 0.592187 0.122917 0.240625
0 1.0 0.440625 0.607031 0.072917 0.148438
0 1.0 0.503125 0.592187 0.093750 0.062500
0 1.0 0.722917 0.613281 0.187500 0.151562
0 1.0 0.648958 0.594531 0.114583 0.407813
0 1.0 0.654167 0.610938 0.145833 0.128125
0 1.0 0.602083 0.582812 0.125000 0.371875
0 1.0 0.756250 0.491406 0.295833 0.135937
0 1.0 0.742708 0.489844 0.252083 0.360938
0 1.0 0.659375 0.485156 0.272917 0.173437
0 1.0 0.934375 0.493750 0.131250 0.115625
0 1.0 0.950000 0.527344 0.058333 0.126562
0 1.0 0.898958 0.491406 0.202083 0.179688
0 1.0 0.835417 0.492969 0.137500 0.101562
0 1.0 0.471875 0.497656 0.339583 0.148438
0 1.0 0.441667 0.514844 0.145833 0.160938
0 1.0 0.340625 0.521094 0.110417 0.164062
0 1.0 0.354167 0.500781 0.262500 0.157812
0 1.0 0.287500 0.527344 0.100000 0.145313
0 1.0 0.578125 0.499219 0.235417 0.289062
0 1.0 0.439583 0.521094 0.070833 0.117188
0 1.0 0.509375 0.496094 0.160417 0.264062
0 1.0 0.443750 0.564844 0.066667 0.107813
0 1.0 0.467708 0.548438 0.339583 0.121875
0 1.0 0.395833 0.545312 0.120833 0.193750
0 1.0 0.657292 0.537500 0.281250 0.387500
0 1.0 0.656250 0.539844 0.183333 0.248438
0 1.0 0.582292 0.545312 0.289583 0.137500
0 1.0 0.129167 0.550781 0.258333 0.142187
0 1.0 0.064583 0.543750 0.129167 0.109375
0 1.0 0.291667 0.551562 0.254167 0.100000
0 1.0 0.306250 0.554688 0.112500 0.084375
0 1.0 0.231250 0.535937 0.262500 0.246875
0 1.0 0.081250 0.756250 0.162500 0.112500
0 1.0 0.056250 0.760938 0.112500 0.215625
0 1.0 0.964583 0.743750 0.045833 0.109375
0 1.0 0.930208 0.710938 0.139583 0.090625
0 1.0 0.266667 0.499219 0.216667 0.107813
0 1.0 0.913542 0.697656 0.139583 0.289062
0 1.0 0.855208 0.722656 0.068750 0.060937
0 1.0 0.239583 0.749219 0.162500 0.207813
0 1.0 0.187500 0.746875 0.125000 0.315625
0 1.0 0.164583 0.766406 0.295833 0.154688
0 1.0 0.150000 0.766406 0.295833 0.329688
0 1.0 0.703125 0.715625 0.189583 0.281250
0 1.0 0.625000 0.710938 0.300000 0.134375
0 1.0 0.645833 0.718750 0.137500 0.128125
0 1.0 0.881250 0.701562 0.079167 0.137500
0 1.0 0.592708 0.719531 0.247917 0.317188
0 1.0 0.547917 0.702344 0.200000 0.204687
0 1.0 0.894792 0.728906 0.039583 0.048438
0 1.0 0.875000 0.708594 0.191667 0.182812
0 1.0 0.812500 0.703125 0.125000 0.328125
0 1.0 0.755208 0.715625 0.264583 0.121875
0 1.0 0.779167 0.722656 0.120833 0.117188
0 1.0 0.756250 0.696875 0.133333 0.365625
0 1.0 0.696875 0.768750 0.293750 0.137500
0 1.0 0.609375 0.746875 0.131250 0.275000
0 1.0 0.875000 0.775000 0.145833 0.259375
0 1.0 0.852083 0.763281 0.095833 0.079687
0 1.0 0.823958 0.765625 0.289583 0.137500
0 1.0 0.414583 0.761719 0.208333 0.157812
0 1.0 0.403125 0.767188 0.318750 0.296875
0 1.0 0.333333 0.743750 0.141667 0.306250
0 1.0 0.241667 0.764062 0.233333 0.109375
0 1.0 0.295833 0.766406 0.045833 0.064062
0 1.0 0.245833 0.762500 0.083333 0.096875
0 1.0 0.541667 0.767969 0.316667 0.135937
0 1.0 0.444792 0.737500 0.114583 0.228125
0 1.0 0.473958 0.764844 0.147917 0.117188
0 1.0 0.396875 0.737500 0.139583 0.278125
0 1.0 0.591667 0.661719 0.175000 0.160938
0 1.0 0.492708 0.656250 0.297917 0.140625
0 1.0 0.494792 0.631250 0.281250 0.312500
0 1.0 0.753125 0.657813 0.264583 0.128125
0 1.0 0.655208 0.660937 0.164583 0.146875
0 1.0 0.301042 0.666406 0.152083 0.189062
0 1.0 0.189583 0.655469 0.187500 0.101562
0 1.0 0.232292 0.661719 0.064583 0.082812
0 1.0 0.221875 0.657031 0.256250 0.295312
0 1.0 0.439583 0.639062 0.137500 0.228125
0 1.0 0.489583 0.657813 0.104167 0.100000
0 1.0 0.293750 0.667188 0.041667 0.059375
0 1.0 0.311458 0.714844 0.039583 0.070312
0 1.0 0.211458 0.707031 0.264583 0.132812
0 1.0 0.254167 0.711719 0.066667 0.098437
0 1.0 0.452083 0.708594 0.345833 0.132812
0 1.0 0.481250 0.712500 0.112500 0.103125
0 1.0 0.452083 0.698438 0.195833 0.196875
0 1.0 0.954167 0.700000 0.054167 0.090625
0 1.0 0.926042 0.664844 0.147917 0.139063
0 1.0 0.877083 0.660156 0.112500 0.242188
0 1.0 0.830208 0.671094 0.077083 0.070312
0 1.0 0.864583 0.677344 0.062500 0.067187
0 1.0 0.821875 0.654687 0.081250 0.209375
0 1.0 0.113542 0.710156 0.227083 0.145313
0 1.0 0.113542 0.717969 0.122917 0.120313
0 1.0 0.073958 0.712500 0.081250 0.087500
0 1.0 0.606250 0.300781 0.266667 0.260937
0 1.0 0.615625 0.305469 0.147917 0.129688
0 1.0 0.551042 0.326562 0.106250 0.153125
0 1.0 0.577083 0.293750 0.183333 0.078125
0 1.0 0.554167 0.299219 0.075000 0.085938
0 1.0 0.508333 0.335156 0.070833 0.123438
0 1.0 0.516667 0.319531 0.050000 0.073438
0 1.0 0.523958 0.304688 0.102083 0.096875
0 1.0 0.446875 0.338281 0.056250 0.098437
0 1.0 0.530208 0.304688 0.052083 0.043750
0 1.0 0.444792 0.308594 0.081250 0.095312
0 1.0 0.456250 0.292969 0.270833 0.251563
0 1.0 0.778125 0.296875 0.052083 0.087500
0 1.0 0.771875 0.298438 0.277083 0.134375
0 1.0 0.711458 0.323437 0.102083 0.212500
0 1.0 0.721875 0.289062 0.047917 0.075000
0 1.0 0.709375 0.292969 0.289583 0.279687
0 1.0 0.664583 0.342187 0.095833 0.162500
0 1.0 0.681250 0.296094 0.241667 0.089063
0 1.0 0.675000 0.311719 0.041667 0.057813
0 1.0 0.602083 0.307031 0.045833 0.057813
0 1.0 0.234375 0.316406 0.052083 0.073438
0 1.0 0.220833 0.292969 0.245833 0.126562
0 1.0 0.210417 0.281250 0.291667 0.290625
0 1.0 0.487500 0.317188 0.045833 0.056250
0 1.0 0.126042 0.288281 0.160417 0.407813
0 1.0 0.125000 0.281250 0.245833 0.178125
0 1.0 0.076042 0.282813 0.135417 0.353125
0 1.0 0.080208 0.267969 0.089583 0.207813
0 1.0 0.175000 0.288281 0.066667 0.104688
0 1.0 0.397917 0.317188 0.079167 0.128125
0 1.0 0.431250 0.296875 0.204167 0.075000
0 1.0 0.345833 0.304688 0.066667 0.109375
0 1.0 0.403125 0.297656 0.072917 0.051562
0 1.0 0.343750 0.290625 0.270833 0.265625
0 1.0 0.369792 0.311719 0.060417 0.076563
0 1.0 0.289583 0.332031 0.079167 0.132812
0 1.0 0.310417 0.296875 0.179167 0.071875
0 1.0 0.313542 0.315625 0.052083 0.068750
0 1.0 0.230208 0.335156 0.089583 0.151562
0 1.0 0.282292 0.389844 0.131250 0.126562
0 1.0 0.313542 0.351562 0.164583 0.112500
0 1.0 0.231250 0.403906 0.100000 0.151562
0 1.0 0.238542 0.345313 0.256250 0.112500
0 1.0 0.171875 0.366406 0.089583 0.214062
0 1.0 0.167708 0.349219 0.247917 0.182812
0 1.0 0.442708 0.347656 0.031250 0.042188
0 1.0 0.496875 0.341406 0.147917 0.085938
0 1.0 0.437500 0.366406 0.112500 0.110937
0 1.0 0.471875 0.347656 0.222917 0.129688
0 1.0 0.395833 0.388281 0.091667 0.145313
0 1.0 0.401042 0.350781 0.264583 0.242188
0 1.0 0.341667 0.385156 0.070833 0.104688
0 1.0 0.379167 0.344531 0.208333 0.095312
0 1.0 0.283333 0.410156 0.070833 0.104688
0 1.0 0.916667 0.278906 0.116667 0.310937
0 1.0 0.888542 0.293750 0.222917 0.115625
0 1.0 0.877083 0.304688 0.095833 0.250000
0 1.0 0.833333 0.294531 0.095833 0.070312
0 1.0 0.886458 0.289062 0.039583 0.087500
0 1.0 0.860417 0.270313 0.262500 0.312500
0 1.0 0.817708 0.291406 0.106250 0.254688
0 1.0 0.828125 0.278906 0.052083 0.101562
0 1.0 0.767708 0.316406 0.110417 0.232813
0 1.0 0.078125 0.372656 0.097917 0.214062
0 1.0 0.030208 0.397656 0.039583 0.085938
0 1.0 0.961458 0.301563 0.077083 0.112500
0 1.0 0.036458 0.384375 0.072917 0.115625
0 1.0 0.955208 0.314063 0.035417 0.081250
0 1.0 0.054167 0.342187 0.108333 0.090625
0 1.0 0.152083 0.224219 0.250000 0.185938
0 1.0 0.032292 0.251563 0.064583 0.237500
0 1.0 0.081250 0.230469 0.162500 0.117188
0 1.0 0.363542 0.237500 0.260417 0.103125
0 1.0 0.343750 0.253906 0.116667 0.157812
0 1.0 0.291667 0.257812 0.070833 0.143750
0 1.0 0.237500 0.237500 0.316667 0.115625
0 1.0 0.276042 0.244531 0.093750 0.082812
0 1.0 0.290625 0.239844 0.177083 0.173437
0 1.0 0.228125 0.245312 0.118750 0.259375
0 1.0 0.170833 0.248438 0.145833 0.300000
0 1.0 0.071875 0.033594 0.052083 0.045312
0 1.0 0.037500 0.071094 0.050000 0.082812
0 1.0 0.051042 0.042188 0.077083 0.056250
0 1.0 0.073958 0.078125 0.147917 0.156250
0 1.0 0.132292 0.084375 0.052083 0.065625
0 1.0 0.264583 0.500781 0.479167 0.998437
0 1.0 0.535417 0.257031 0.929167 0.470313
0 1.0 0.959375 0.210938 0.056250 0.181250
0 1.0 0.935417 0.184375 0.129167 0.118750
0 1.0 0.923958 0.174219 0.152083 0.295312
0 1.0 0.154167 0.040625 0.145833 0.081250
0 1.0 0.139583 0.087500 0.237500 0.175000
0 1.0 0.083333 0.115625 0.041667 0.075000
0 1.0 0.137500 0.035937 0.066667 0.046875
0 1.0 0.113542 0.044531 0.110417 0.064062
0 1.0 0.096875 0.071094 0.081250 0.082812
0 1.0 0.247917 0.032813 0.125000 0.059375
0 1.0 0.878125 0.210938 0.118750 0.359375
0 1.0 0.836458 0.239844 0.202083 0.120313
0 1.0 0.779167 0.235937 0.108333 0.209375
0 1.0 0.772917 0.241406 0.254167 0.167187
0 1.0 0.712500 0.235937 0.100000 0.206250
0 1.0 0.034375 0.326562 0.060417 0.165625
0 1.0 0.051042 0.289062 0.102083 0.075000
0 1.0 0.944792 0.236719 0.110417 0.160938
0 1.0 0.566667 0.242969 0.204167 0.185938
0 1.0 0.505208 0.274219 0.077083 0.148438
0 1.0 0.523958 0.238281 0.297917 0.098437
0 1.0 0.448958 0.261719 0.052083 0.101562
0 1.0 0.500000 0.247656 0.075000 0.064062
0 1.0 0.457292 0.246875 0.160417 0.156250
0 1.0 0.393750 0.264062 0.083333 0.178125
0 1.0 0.431250 0.242188 0.108333 0.084375
0 1.0 0.398958 0.228906 0.256250 0.279687
0 1.0 0.660417 0.264062 0.100000 0.175000
0 1.0 0.663542 0.242969 0.322917 0.114062
0 1.0 0.598958 0.253906 0.097917 0.148438
0 1.0 0.418750 0.439844 0.333333 0.117188
0 1.0 0.397917 0.467187 0.154167 0.184375
0 1.0 0.350000 0.446875 0.087500 0.068750
0 1.0 0.341667 0.471875 0.158333 0.159375
0 1.0 0.266667 0.453906 0.166667 0.082812
0 1.0 0.307292 0.446875 0.260417 0.237500
0 1.0 0.302083 0.473438 0.108333 0.100000
0 1.0 0.235417 0.496094 0.100000 0.148438
0 1.0 0.220833 0.451562 0.104167 0.071875
0 1.0 0.557292 0.446875 0.164583 0.125000
0 1.0 0.440625 0.480469 0.064583 0.107813
0 1.0 0.508333 0.441406 0.091667 0.076563
0 1.0 0.081250 0.457813 0.150000 0.215625
0 1.0 0.031250 0.481250 0.045833 0.118750
0 1.0 0.059375 0.450000 0.027083 0.037500
0 1.0 0.045833 0.455469 0.050000 0.057813
0 1.0 0.055208 0.473438 0.081250 0.128125
0 1.0 0.961458 0.465625 0.043750 0.115625
0 1.0 0.944792 0.396094 0.110417 0.101562
0 1.0 0.923958 0.401562 0.152083 0.256250
0 1.0 0.884375 0.398438 0.231250 0.131250
0 1.0 0.170833 0.484375 0.083333 0.187500
0 1.0 0.169792 0.457813 0.089583 0.078125
0 1.0 0.141667 0.458594 0.258333 0.154688
0 1.0 0.159375 0.435156 0.281250 0.317188
0 1.0 0.125000 0.436719 0.129167 0.345313
0 1.0 0.125000 0.450000 0.062500 0.065625
0 1.0 0.108333 0.450781 0.133333 0.114062
0 1.0 0.964583 0.486719 0.029167 0.076563
0 1.0 0.956250 0.445312 0.087500 0.087500
0 1.0 0.040625 0.509375 0.081250 0.240625
0 1.0 0.177083 0.499219 0.195833 0.110937
0 1.0 0.167708 0.499219 0.152083 0.264062
0 1.0 0.703125 0.440625 0.256250 0.137500
0 1.0 0.659375 0.449219 0.093750 0.207813
0 1.0 0.600000 0.459375 0.125000 0.196875
0 1.0 0.858333 0.442188 0.037500 0.059375
0 1.0 0.880208 0.461719 0.102083 0.210938
0 1.0 0.846875 0.445312 0.210417 0.146875
0 1.0 0.830208 0.469531 0.064583 0.164062
0 1.0 0.856250 0.460938 0.233333 0.296875
0 1.0 0.958333 0.372656 0.025000 0.054688
0 1.0 0.933333 0.343750 0.133333 0.106250
0 1.0 0.948958 0.386719 0.043750 0.079687
0 1.0 0.855208 0.345313 0.289583 0.112500
0 1.0 0.881250 0.389844 0.066667 0.154688
0 1.0 0.130208 0.400781 0.260417 0.132812
0 1.0 0.043750 0.414844 0.054167 0.060937
0 1.0 0.657292 0.371875 0.289583 0.234375
0 1.0 0.607292 0.397656 0.085417 0.151562
0 1.0 0.568750 0.343750 0.250000 0.143750
0 1.0 0.507292 0.388281 0.072917 0.123438
0 1.0 0.520833 0.350781 0.270833 0.248438
0 1.0 0.821875 0.379688 0.077083 0.159375
0 1.0 0.803125 0.355469 0.264583 0.285938
0 1.0 0.759375 0.352344 0.268750 0.151562
0 1.0 0.663542 0.388281 0.072917 0.148438
0 1.0 0.563542 0.394531 0.268750 0.132812
0 1.0 0.721875 0.414062 0.152083 0.262500
0 1.0 0.356250 0.399219 0.262500 0.135937
0 1.0 0.232292 0.400781 0.289583 0.110937
0 1.0 0.504167 0.421875 0.108333 0.184375
0 1.0 0.442708 0.440625 0.093750 0.146875
0 1.0 0.464583 0.395313 0.262500 0.137500
0 1.0 0.728125 0.660156 0.518750 0.248438
0 1.0 0.116667 0.128125 0.166667 0.140625
0 1.0 0.105208 0.150000 0.210417 0.265625
0 1.0 0.043750 0.151562 0.087500 0.240625
0 1.0 0.076042 0.125781 0.089583 0.101562
0 1.0 0.965625 0.131250 0.056250 0.168750
0 1.0 0.938542 0.077344 0.122917 0.114062
0 1.0 0.897917 0.082031 0.204167 0.160938
0 1.0 0.441667 0.641406 0.483333 0.501563
0 1.0 0.391667 0.653906 0.579167 0.239063
0 1.0 0.230208 0.125781 0.193750 0.182812
0 1.0 0.182292 0.171875 0.102083 0.212500
0 1.0 0.391667 0.539844 0.566667 0.226562
0 1.0 0.785417 0.546875 0.429167 0.231250
0 1.0 0.616667 0.078906 0.287500 0.157812
0 1.0 0.814583 0.093750 0.200000 0.187500
0 1.0 0.767708 0.132812 0.131250 0.265625
0 1.0 0.707292 0.128125 0.135417 0.256250
0 1.0 0.702083 0.117188 0.325000 0.234375
0 1.0 0.780208 0.764844 0.439583 0.226562
0 1.0 0.396875 0.836719 0.518750 0.207813
0 1.0 0.506250 0.106250 0.075000 0.168750
0 1.0 0.598958 0.103906 0.122917 0.207813
0 1.0 0.755208 0.727344 0.297917 0.407813
0 1.0 0.660417 0.106250 0.120833 0.209375
0 1.0 0.823958 0.108594 0.097917 0.204687
0 1.0 0.570833 0.360156 0.433333 0.410938
0 1.0 0.454167 0.360156 0.579167 0.226562
0 1.0 0.839583 0.360156 0.200000 0.632812
0 1.0 0.282292 0.452344 0.564583 0.226562
0 1.0 0.128125 0.428125 0.239583 0.656250
0 1.0 0.348958 0.346094 0.502083 0.426563
0 1.0 0.801042 0.154688 0.289583 0.306250
0 1.0 0.286458 0.131250 0.152083 0.146875
0 1.0 0.775000 0.445312 0.450000 0.218750
0 1.0 0.340625 0.125000 0.147917 0.075000
0 1.0 0.340625 0.139063 0.131250 0.196875
0 1.0 0.333333 0.128125 0.275000 0.256250
0 1.0 0.210417 0.129688 0.220833 0.081250
0 1.0 0.255208 0.133594 0.060417 0.051562
0 1.0 0.463542 0.470313 0.231250 0.425000
0 1.0 0.448958 0.453906 0.431250 0.273438
0 1.0 0.398958 0.117969 0.193750 0.185938
0 1.0 0.530208 0.113281 0.297917 0.126562
0 1.0 0.444792 0.153125 0.068750 0.137500
0 1.0 0.493750 0.122656 0.154167 0.079687
0 1.0 0.395833 0.142969 0.087500 0.201563
0 1.0 0.412500 0.121875 0.279167 0.100000
0 1.0 0.250000 0.876563 0.500000 0.246875
0 1.0 0.558333 0.075781 0.120833 0.151562
0 1.0 0.184375 0.635938 0.368750 0.618750
0 1.0 0.638542 0.504687 0.706250 0.337500
0 1.0 0.520833 0.060937 0.112500 0.112500
0 1.0 0.452083 0.081250 0.029167 0.053125
0 1.0 0.517708 0.035937 0.039583 0.043750
0 1.0 0.479167 0.043750 0.120833 0.084375
0 1.0 0.455208 0.078906 0.247917 0.157812
0 1.0 0.473958 0.066406 0.077083 0.085938
0 1.0 0.633333 0.874219 0.733333 0.251563
0 1.0 0.711458 0.050781 0.172917 0.101562
0 1.0 0.651042 0.062500 0.081250 0.125000
0 1.0 0.347917 0.505469 0.679167 0.429688
0 1.0 0.258333 0.711719 0.516667 0.314063
0 1.0 0.232292 0.075781 0.056250 0.092188
0 1.0 0.305208 0.060156 0.072917 0.073438
0 1.0 0.185417 0.091406 0.054167 0.092188
0 1.0 0.198958 0.033594 0.089583 0.057813
0 1.0 0.193750 0.060156 0.079167 0.079687
0 1.0 0.402083 0.071875 0.054167 0.103125
0 1.0 0.421875 0.030469 0.127083 0.060937
0 1.0 0.338542 0.066406 0.052083 0.089063
0 1.0 0.338542 0.032031 0.043750 0.042188
0 1.0 0.359375 0.056250 0.077083 0.081250
0 1.0 0.293750 0.072656 0.041667 0.070312
0 1.0 0.552083 0.032813 0.100000 0.062500
0 1.0 0.312500 0.039062 0.158333 0.078125
0 1.0 0.321875 0.177344 0.643750 0.354687
0 1.0 0.126042 0.094531 0.102083 0.082812
0 1.0 0.028125 0.140625 0.056250 0.159375
0 1.0 0.191667 0.078125 0.225000 0.093750
0 1.0 0.225000 0.114062 0.095833 0.134375
0 1.0 0.464583 0.911719 0.600000 0.176563
0 1.0 0.956250 0.059375 0.058333 0.087500
0 1.0 0.166667 0.923438 0.333333 0.153125
0 1.0 0.821875 0.843750 0.356250 0.206250
0 1.0 0.442708 0.103906 0.106250 0.148438
0 1.0 0.339583 0.112500 0.075000 0.140625
0 1.0 0.366667 0.078125 0.133333 0.075000
0 1.0 0.270833 0.088281 0.058333 0.048438
0 1.0 0.935417 0.035937 0.129167 0.071875
0 1.0 0.632292 0.036719 0.156250 0.073438
0 1.0 0.606250 0.057031 0.083333 0.114062
0 1.0 0.698958 0.320312 0.447917 0.640625
0 1.0 0.872917 0.057031 0.066667 0.114062
0 1.0 0.864583 0.032813 0.125000 0.065625
0 1.0 0.832292 0.922656 0.335417 0.154688
0 1.0 0.078125 0.093750 0.056250 0.065625
0 1.0 0.823958 0.059375 0.064583 0.115625
0 1.0 0.821875 0.053125 0.143750 0.106250
0 1.0 0.770833 0.052344 0.070833 0.104688
0 1.0 0.714583 0.046875 0.083333 0.093750
0 1.0 0.820833 0.801562 0.062500 0.103125
0 1.0 0.830208 0.836719 0.064583 0.101562
0 1.0 0.770833 0.839844 0.066667 0.110937
0 1.0 0.714583 0.835938 0.079167 0.137500
0 1.0 0.712500 0.864844 0.345833 0.135937
0 1.0 0.039583 0.900781 0.079167 0.198437
0 1.0 0.050000 0.922656 0.100000 0.098437
0 1.0 0.088542 0.889844 0.177083 0.220312
0 1.0 0.961458 0.845313 0.027083 0.053125
0 1.0 0.906250 0.865625 0.187500 0.121875
0 1.0 0.951042 0.865625 0.056250 0.087500
0 1.0 0.912500 0.823438 0.116667 0.212500
0 1.0 0.881250 0.786719 0.079167 0.120313
0 1.0 0.882292 0.829688 0.097917 0.137500
0 1.0 0.507292 0.836719 0.093750 0.129688
0 1.0 0.492708 0.857031 0.239583 0.204687
0 1.0 0.451042 0.814063 0.064583 0.109375
0 1.0 0.447917 0.829688 0.116667 0.150000
0 1.0 0.397917 0.845313 0.108333 0.175000
0 1.0 0.400000 0.876563 0.320833 0.165625
0 1.0 0.343750 0.867969 0.070833 0.117188
0 1.0 0.663542 0.842969 0.064583 0.123438
0 1.0 0.612500 0.821094 0.066667 0.107813
0 1.0 0.602083 0.853906 0.291667 0.217188
0 1.0 0.557292 0.804688 0.064583 0.109375
0 1.0 0.551042 0.896875 0.143750 0.206250
0 1.0 0.557292 0.908594 0.297917 0.142187
0 1.0 0.500000 0.898438 0.120833 0.203125
0 1.0 0.442708 0.895312 0.135417 0.209375
0 1.0 0.709375 0.896875 0.122917 0.206250
0 1.0 0.721875 0.915625 0.364583 0.115625
0 1.0 0.659375 0.902344 0.110417 0.195312
0 1.0 0.607292 0.892188 0.122917 0.215625
0 1.0 0.188542 0.907813 0.110417 0.184375
0 1.0 0.339583 0.902344 0.129167 0.195312
0 1.0 0.288542 0.906250 0.127083 0.187500
0 1.0 0.304167 0.914062 0.250000 0.143750
0 1.0 0.233333 0.908594 0.108333 0.182812
0 1.0 0.350000 0.817969 0.316667 0.132812
0 1.0 0.289583 0.817969 0.141667 0.304688
0 1.0 0.251042 0.823438 0.268750 0.106250
0 1.0 0.297917 0.830469 0.054167 0.060937
0 1.0 0.556250 0.799219 0.162500 0.223438
0 1.0 0.119792 0.816406 0.239583 0.148438
0 1.0 0.055208 0.814844 0.077083 0.098437
0 1.0 0.932292 0.759375 0.135417 0.093750
0 1.0 0.957292 0.778125 0.077083 0.118750
0 1.0 0.248958 0.822656 0.118750 0.095312
0 1.0 0.127083 0.814063 0.095833 0.190625
0 1.0 0.084375 0.814063 0.110417 0.212500
0 1.0 0.026042 0.839844 0.052083 0.154688
0 1.0 0.066667 0.867969 0.133333 0.092188
0 1.0 0.965625 0.852344 0.056250 0.154688
0 1.0 0.288542 0.864062 0.068750 0.109375
0 1.0 0.233333 0.861719 0.058333 0.110937
0 1.0 0.194792 0.839844 0.060417 0.120313
0 1.0 0.232292 0.877344 0.360417 0.126562
0 1.0 0.759375 0.802344 0.168750 0.235937
0 1.0 0.911458 0.810156 0.177083 0.117188
0 1.0 0.660417 0.808594 0.125000 0.245312
0 1.0 0.816667 0.817187 0.200000 0.146875
0 1.0 0.288542 0.187500 0.260417 0.103125
0 1.0 0.506250 0.193750 0.087500 0.140625
0 1.0 0.514583 0.173437 0.258333 0.109375
0 1.0 0.517708 0.162500 0.268750 0.281250
0 1.0 0.450000 0.198437 0.054167 0.115625
0 1.0 0.515625 0.185156 0.072917 0.051562
0 1.0 0.470833 0.190625 0.066667 0.084375
0 1.0 0.415625 0.178125 0.277083 0.096875
0 1.0 0.398958 0.182031 0.143750 0.157812
0 1.0 0.654167 0.210156 0.250000 0.420312
0 1.0 0.344792 0.208594 0.064583 0.135937
0 1.0 0.382292 0.183594 0.118750 0.073438
0 1.0 0.663542 0.183594 0.135417 0.157812
0 1.0 0.354167 0.077344 0.600000 0.154688
0 1.0 0.638542 0.177344 0.310417 0.126562
0 1.0 0.970833 0.963281 0.058333 0.073438
0 1.0 0.937500 0.961719 0.125000 0.076563
0 1.0 0.926042 0.925000 0.147917 0.150000
0 1.0 0.558333 0.174219 0.116667 0.204687
0 1.0 0.576042 0.243750 0.589583 0.231250
0 1.0 0.078125 0.180469 0.127083 0.092188
0 1.0 0.937500 0.125781 0.125000 0.120313
0 1.0 0.561458 0.261719 0.268750 0.489063
0 1.0 0.161458 0.185156 0.085417 0.110937
0 1.0 0.303125 0.190625 0.056250 0.078125
0 1.0 0.222917 0.177344 0.287500 0.164062
0 1.0 0.459375 0.137500 0.643750 0.218750
0 1.0 0.279167 0.957812 0.133333 0.062500
0 1.0 0.214583 0.958594 0.129167 0.064062
0 1.0 0.761458 0.180469 0.322917 0.151562
0 1.0 0.131250 0.942187 0.095833 0.115625
0 1.0 0.151042 0.953125 0.231250 0.093750
0 1.0 0.078125 0.940625 0.093750 0.118750
0 1.0 0.448958 0.949219 0.127083 0.101562
0 1.0 0.397917 0.935156 0.116667 0.129688
0 1.0 0.351042 0.952344 0.156250 0.085938
0 1.0 0.318750 0.957812 0.100000 0.056250
0 1.0 0.875000 0.872656 0.141667 0.254688
0 1.0 0.813542 0.889062 0.127083 0.221875
0 1.0 0.765625 0.900781 0.122917 0.198437
0 1.0 0.065625 0.964844 0.072917 0.054688
0 1.0 0.962500 0.933594 0.062500 0.132812
0 1.0 0.852083 0.963281 0.100000 0.060937
0 1.0 0.872917 0.939844 0.166667 0.120313
0 1.0 0.819792 0.941406 0.097917 0.117188
0 1.0 0.813542 0.183594 0.139583 0.298438
0 1.0 0.833333 0.183594 0.183333 0.117188
0 1.0 0.608333 0.944531 0.104167 0.110937
0 1.0 0.552083 0.946875 0.087500 0.106250
0 1.0 0.594792 0.967969 0.085417 0.054688
0 1.0 0.501042 0.942187 0.089583 0.115625
0 1.0 0.533333 0.964844 0.100000 0.057813
0 1.0 0.483333 0.962500 0.116667 0.062500
0 1.0 0.765625 0.942969 0.089583 0.114062
0 1.0 0.803125 0.957031 0.193750 0.079687
0 1.0 0.712500 0.949219 0.083333 0.101562
0 1.0 0.647917 0.965625 0.104167 0.056250
0 1.0 0.664583 0.950000 0.095833 0.100000
0 1.0 0.685417 0.957812 0.212500 0.084375
0 1.0 0.348958 0.570312 0.247917 0.509375
0 1.0 0.865625 0.746094 0.268750 0.410938
0 1.0 0.653125 0.700781 0.214583 0.482812
0 1.0 0.242708 0.810156 0.268750 0.367188
0 1.0 0.490625 0.782813 0.297917 0.434375
0 1.0 0.245833 0.432812 0.204167 0.578125
0 1.0 0.455208 0.261719 0.222917 0.523438
0 1.0 0.286458 0.245312 0.302083 0.490625
0 1.0 0.922917 0.464844 0.154167 0.557813