0 1.0 0.192188 0.516667 0.384375 0.558333
0 1.0 0.628906 0.466667 0.651563 0.837500
0 1.0 0.545312 0.125000 0.234375 0.250000
0 1.0 0.279687 0.095833 0.165625 0.183333
0 1.0 0.096875 0.145833 0.184375 0.291667
0 1.0 0.481250 0.388542 0.337500 0.760417
0 1.0 0.428125 0.618750 0.153125 0.304167
0 1.0 0.381250 0.604167 0.246875 0.129167
0 1.0 0.704688 0.583333 0.134375 0.245833
0 1.0 0.412500 0.612500 0.087500 0.120833
0 1.0 0.878906 0.607292 0.095312 0.231250
0 1.0 0.824219 0.619792 0.120313 0.118750
0 1.0 0.867969 0.589583 0.229687 0.295833
0 1.0 0.532813 0.601042 0.100000 0.089583
0 1.0 0.536719 0.609375 0.089063 0.235417
0 1.0 0.239844 0.642708 0.192188 0.285417
0 1.0 0.528125 0.596875 0.243750 0.322917
0 1.0 0.483594 0.604167 0.160938 0.120833
0 1.0 0.765625 0.601042 0.109375 0.293750
0 1.0 0.737500 0.603125 0.265625 0.127083
0 1.0 0.747656 0.576042 0.260937 0.306250
0 1.0 0.637500 0.659375 0.178125 0.118750
0 1.0 0.544531 0.681250 0.082812 0.208333
0 1.0 0.564063 0.663542 0.153125 0.110417
0 1.0 0.276562 0.617708 0.059375 0.068750
0 1.0 0.248438 0.593750 0.112500 0.300000
0 1.0 0.242188 0.608333 0.134375 0.083333
0 1.0 0.310156 0.602083 0.117188 0.208333
0 1.0 0.664062 0.552083 0.256250 0.375000
0 1.0 0.217188 0.658333 0.268750 0.120833
0 1.0 0.597656 0.594792 0.107813 0.289583
0 1.0 0.298438 0.573958 0.209375 0.360417
0 1.0 0.594531 0.593750 0.160938 0.125000
0 1.0 0.344531 0.615625 0.029687 0.052083
0 1.0 0.427344 0.659375 0.126562 0.143750
0 1.0 0.932031 0.606250 0.135937 0.266667
0 1.0 0.909375 0.612500 0.181250 0.120833
0 1.0 0.177344 0.628125 0.064062 0.197917
0 1.0 0.179688 0.632292 0.134375 0.210417
0 1.0 0.122656 0.629167 0.132812 0.304167
0 1.0 0.100000 0.653125 0.171875 0.114583
0 1.0 0.337500 0.629167 0.118750 0.308333
0 1.0 0.371875 0.658333 0.140625 0.145833
0 1.0 0.347656 0.669792 0.039062 0.064583
0 1.0 0.953906 0.647917 0.070312 0.150000
0 1.0 0.657031 0.570833 0.126562 0.300000
0 1.0 0.817187 0.614583 0.068750 0.079167
0 1.0 0.812500 0.606250 0.228125 0.166667
0 1.0 0.035156 0.637500 0.048438 0.220833
0 1.0 0.037500 0.657292 0.053125 0.068750
0 1.0 0.060156 0.628125 0.120313 0.318750
0 1.0 0.060156 0.658333 0.070312 0.179167
0 1.0 0.551562 0.550000 0.084375 0.087500
0 1.0 0.316406 0.559375 0.217188 0.106250
0 1.0 0.352344 0.567708 0.039062 0.064583
0 1.0 0.630469 0.650000 0.242188 0.308333
0 1.0 0.254688 0.561458 0.137500 0.089583
0 1.0 0.491406 0.569792 0.117188 0.393750
0 1.0 0.492969 0.550000 0.145313 0.104167
0 1.0 0.494531 0.557292 0.207813 0.168750
0 1.0 0.759375 0.551042 0.256250 0.127083
0 1.0 0.446094 0.545833 0.117188 0.091667
0 1.0 0.396875 0.558333 0.134375 0.137500
0 1.0 0.610938 0.552083 0.231250 0.179167
0 1.0 0.850000 0.239583 0.075000 0.095833
0 1.0 0.863281 0.203125 0.239063 0.402083
0 1.0 0.880469 0.213542 0.173437 0.243750
0 1.0 0.786719 0.235417 0.173437 0.120833
0 1.0 0.810937 0.222917 0.096875 0.279167
0 1.0 0.759375 0.217708 0.137500 0.372917
0 1.0 0.081250 0.565625 0.100000 0.077083
0 1.0 0.074219 0.543750 0.101562 0.229167
0 1.0 0.088281 0.516667 0.176563 0.341667
0 1.0 0.035156 0.560417 0.064062 0.066667
0 1.0 0.267969 0.554167 0.089063 0.166667
0 1.0 0.176563 0.511458 0.121875 0.306250
0 1.0 0.201563 0.561458 0.053125 0.081250
0 1.0 0.135156 0.545833 0.129688 0.200000
0 1.0 0.136719 0.555208 0.064062 0.064583
0 1.0 0.951562 0.551042 0.096875 0.097917
0 1.0 0.839844 0.557292 0.142187 0.127083
0 1.0 0.199219 0.603125 0.085938 0.097917
0 1.0 0.121094 0.602083 0.104688 0.075000
0 1.0 0.078125 0.612500 0.106250 0.075000
0 1.0 0.369531 0.603125 0.117188 0.097917
0 1.0 0.298438 0.607292 0.250000 0.106250
0 1.0 0.836719 0.551042 0.060937 0.068750
0 1.0 0.815625 0.545833 0.109375 0.366667
0 1.0 0.035156 0.609375 0.048438 0.060417
0 1.0 0.619531 0.551042 0.114062 0.102083
0 1.0 0.175781 0.766667 0.223438 0.191667
0 1.0 0.441406 0.713542 0.145313 0.264583
0 1.0 0.490625 0.771875 0.087500 0.072917
0 1.0 0.406250 0.770833 0.300000 0.112500
0 1.0 0.121094 0.712500 0.242188 0.291667
0 1.0 0.035937 0.720833 0.071875 0.250000
0 1.0 0.065625 0.763542 0.115625 0.085417
0 1.0 0.291406 0.709375 0.117188 0.285417
0 1.0 0.439844 0.775000 0.082812 0.079167
0 1.0 0.338281 0.767708 0.129688 0.114583
0 1.0 0.646875 0.787500 0.265625 0.225000
0 1.0 0.555469 0.778125 0.098437 0.197917
0 1.0 0.592187 0.768750 0.275000 0.108333
0 1.0 0.564063 0.755208 0.265625 0.239583
0 1.0 0.577344 0.777083 0.107813 0.125000
0 1.0 0.500000 0.745833 0.106250 0.220833
0 1.0 0.181250 0.731250 0.090625 0.212500
0 1.0 0.140625 0.764583 0.203125 0.112500
0 1.0 0.146875 0.763542 0.087500 0.093750
0 1.0 0.764844 0.737500 0.123438 0.279167
0 1.0 0.753125 0.710417 0.328125 0.100000
0 1.0 0.078906 0.765625 0.045312 0.068750
0 1.0 0.064844 0.754167 0.067187 0.129167
0 1.0 0.962500 0.728125 0.062500 0.156250
0 1.0 0.937500 0.706250 0.125000 0.104167
0 1.0 0.278125 0.771875 0.050000 0.077083
0 1.0 0.235937 0.721875 0.100000 0.272917
0 1.0 0.917969 0.696875 0.142187 0.239583
0 1.0 0.174219 0.812500 0.098437 0.075000
0 1.0 0.072656 0.787500 0.132812 0.300000
0 1.0 0.140625 0.810417 0.221875 0.083333
0 1.0 0.744531 0.780208 0.273438 0.177083
0 1.0 0.052344 0.814583 0.095312 0.137500
0 1.0 0.936719 0.757292 0.126562 0.097917
0 1.0 0.278906 0.815625 0.051562 0.064583
0 1.0 0.272656 0.768750 0.260937 0.295833
0 1.0 0.290625 0.797917 0.153125 0.166667
0 1.0 0.880469 0.773958 0.239063 0.289583
0 1.0 0.817187 0.767708 0.103125 0.089583
0 1.0 0.126562 0.789583 0.121875 0.283333
0 1.0 0.235937 0.810417 0.156250 0.100000
0 1.0 0.660156 0.802083 0.139063 0.183333
0 1.0 0.802344 0.780208 0.129688 0.268750
0 1.0 0.613281 0.794792 0.120313 0.177083
0 1.0 0.109375 0.714583 0.168750 0.120833
0 1.0 0.761719 0.653125 0.310937 0.118750
0 1.0 0.041406 0.710417 0.082812 0.083333
0 1.0 0.210938 0.710417 0.334375 0.158333
0 1.0 0.712500 0.691667 0.109375 0.229167
0 1.0 0.659375 0.643750 0.093750 0.133333
0 1.0 0.603125 0.691667 0.093750 0.187500
0 1.0 0.820312 0.663542 0.078125 0.085417
0 1.0 0.834375 0.665625 0.128125 0.118750
0 1.0 0.486719 0.662500 0.270313 0.162500
0 1.0 0.664844 0.755208 0.079687 0.110417
0 1.0 0.667188 0.723958 0.262500 0.135417
0 1.0 0.363281 0.711458 0.223438 0.127083
0 1.0 0.870313 0.709375 0.143750 0.310417
0 1.0 0.854688 0.713542 0.096875 0.077083
0 1.0 0.495312 0.681250 0.140625 0.254167
0 1.0 0.835156 0.715625 0.254688 0.143750
0 1.0 0.437500 0.713542 0.090625 0.114583
0 1.0 0.317188 0.721875 0.046875 0.081250
0 1.0 0.614844 0.758333 0.073438 0.112500
0 1.0 0.564063 0.709375 0.259375 0.110417
0 1.0 0.574219 0.341667 0.160938 0.154167
0 1.0 0.867188 0.322917 0.068750 0.216667
0 1.0 0.842187 0.346875 0.196875 0.168750
0 1.0 0.542969 0.287500 0.110937 0.316667
0 1.0 0.499219 0.339583 0.148438 0.108333
0 1.0 0.544531 0.315625 0.251563 0.347917
0 1.0 0.086719 0.809375 0.045312 0.056250
0 1.0 0.499219 0.310417 0.117188 0.287500
0 1.0 0.440625 0.301042 0.100000 0.260417
0 1.0 0.764844 0.342708 0.220312 0.160417
0 1.0 0.753125 0.288542 0.234375 0.381250
0 1.0 0.067187 0.403125 0.134375 0.302083
0 1.0 0.718750 0.300000 0.125000 0.287500
0 1.0 0.591406 0.302083 0.114062 0.320833
0 1.0 0.656250 0.275000 0.084375 0.275000
0 1.0 0.675781 0.339583 0.170313 0.125000
0 1.0 0.650000 0.312500 0.265625 0.366667
0 1.0 0.285938 0.308333 0.221875 0.300000
0 1.0 0.303125 0.328125 0.121875 0.193750
0 1.0 0.244531 0.357292 0.120313 0.293750
0 1.0 0.232813 0.344792 0.300000 0.131250
0 1.0 0.187500 0.361458 0.171875 0.247917
0 1.0 0.443750 0.342708 0.184375 0.156250
0 1.0 0.126562 0.371875 0.134375 0.289583
0 1.0 0.434375 0.331250 0.206250 0.325000
0 1.0 0.334375 0.322917 0.100000 0.279167
0 1.0 0.353906 0.345833 0.282813 0.141667
0 1.0 0.120313 0.387500 0.240625 0.133333
0 1.0 0.064062 0.389583 0.128125 0.100000
0 1.0 0.329688 0.393750 0.075000 0.091667
0 1.0 0.297656 0.398958 0.145313 0.202083
0 1.0 0.044531 0.283333 0.089063 0.287500
0 1.0 0.061719 0.282292 0.085938 0.089583
0 1.0 0.235937 0.387500 0.212500 0.154167
0 1.0 0.171875 0.417708 0.281250 0.306250
0 1.0 0.397656 0.409375 0.132812 0.372917
0 1.0 0.409375 0.387500 0.278125 0.129167
0 1.0 0.926562 0.325000 0.131250 0.391667
0 1.0 0.914844 0.348958 0.170313 0.160417
0 1.0 0.845313 0.343750 0.109375 0.100000
0 1.0 0.964063 0.235417 0.068750 0.241667
0 1.0 0.814844 0.341667 0.085938 0.279167
0 1.0 0.951562 0.233333 0.096875 0.100000
0 1.0 0.962500 0.329167 0.043750 0.154167
0 1.0 0.245312 0.241667 0.112500 0.329167
0 1.0 0.227344 0.292708 0.264062 0.110417
0 1.0 0.186719 0.276042 0.120313 0.272917
0 1.0 0.438281 0.222917 0.142187 0.408333
0 1.0 0.456250 0.296875 0.115625 0.085417
0 1.0 0.178906 0.281250 0.270313 0.262500
0 1.0 0.197656 0.291667 0.104688 0.125000
0 1.0 0.406250 0.294792 0.228125 0.110417
0 1.0 0.341406 0.237500 0.132812 0.362500
0 1.0 0.341406 0.294792 0.220312 0.143750
0 1.0 0.603125 0.214583 0.068750 0.183333
0 1.0 0.292969 0.217708 0.135937 0.435417
0 1.0 0.098437 0.068750 0.150000 0.137500
0 1.0 0.028906 0.066667 0.042188 0.100000
0 1.0 0.088281 0.034375 0.054688 0.056250
0 1.0 0.057031 0.043750 0.114062 0.087500
0 1.0 0.561719 0.726042 0.876563 0.497917
0 1.0 0.146094 0.292708 0.198437 0.093750
0 1.0 0.310156 0.629167 0.620313 0.654167
0 1.0 0.130469 0.244792 0.104688 0.185417
0 1.0 0.074219 0.227083 0.117188 0.266667
0 1.0 0.125000 0.036458 0.090625 0.064583
0 1.0 0.907813 0.293750 0.184375 0.125000
0 1.0 0.932813 0.270833 0.109375 0.195833
0 1.0 0.875000 0.244792 0.056250 0.160417
0 1.0 0.839063 0.297917 0.112500 0.120833
0 1.0 0.799219 0.294792 0.104688 0.097917
0 1.0 0.823438 0.267708 0.046875 0.131250
0 1.0 0.070312 0.337500 0.140625 0.095833
0 1.0 0.957031 0.287500 0.085938 0.091667
0 1.0 0.588281 0.288542 0.198437 0.114583
0 1.0 0.839063 0.294792 0.050000 0.072917
0 1.0 0.524219 0.289583 0.145313 0.095833
0 1.0 0.500781 0.216667 0.095312 0.241667
0 1.0 0.720313 0.285417 0.231250 0.166667
0 1.0 0.682031 0.285417 0.135937 0.108333
0 1.0 0.734375 0.288542 0.137500 0.102083
0 1.0 0.249219 0.470833 0.101562 0.312500
0 1.0 0.248438 0.506250 0.125000 0.095833
0 1.0 0.199219 0.503125 0.085938 0.085417
0 1.0 0.162500 0.496875 0.062500 0.081250
0 1.0 0.873437 0.468750 0.078125 0.245833
0 1.0 0.818750 0.450000 0.156250 0.141667
0 1.0 0.864844 0.443750 0.242188 0.387500
0 1.0 0.876563 0.440625 0.159375 0.231250
0 1.0 0.401562 0.504167 0.181250 0.150000
0 1.0 0.400781 0.508333 0.214062 0.362500
0 1.0 0.328906 0.517708 0.085938 0.293750
0 1.0 0.357031 0.501042 0.164062 0.106250
0 1.0 0.967969 0.443750 0.064062 0.087500
0 1.0 0.329688 0.516667 0.040625 0.075000
0 1.0 0.049219 0.500000 0.079687 0.158333
0 1.0 0.960938 0.477083 0.056250 0.216667
0 1.0 0.931250 0.432292 0.115625 0.206250
0 1.0 0.829688 0.448958 0.031250 0.060417
0 1.0 0.540625 0.445833 0.084375 0.254167
0 1.0 0.511719 0.451042 0.073438 0.081250
0 1.0 0.822656 0.471875 0.067187 0.177083
0 1.0 0.613281 0.441667 0.101562 0.166667
0 1.0 0.090625 0.504167 0.109375 0.091667
0 1.0 0.042969 0.502083 0.085938 0.079167
0 1.0 0.716406 0.437500 0.123438 0.345833
0 1.0 0.732031 0.447917 0.110937 0.091667
0 1.0 0.719531 0.451042 0.245312 0.160417
0 1.0 0.814063 0.501042 0.134375 0.131250
0 1.0 0.770312 0.509375 0.081250 0.185417
0 1.0 0.037500 0.556250 0.068750 0.208333
0 1.0 0.057813 0.559375 0.059375 0.131250
0 1.0 0.954688 0.496875 0.090625 0.097917
0 1.0 0.808594 0.498958 0.048438 0.068750
0 1.0 0.908594 0.500000 0.182812 0.112500
0 1.0 0.871094 0.498958 0.114062 0.422917
0 1.0 0.538281 0.516667 0.067187 0.208333
0 1.0 0.489844 0.498958 0.145313 0.110417
0 1.0 0.725000 0.493750 0.171875 0.104167
0 1.0 0.625781 0.497917 0.095312 0.091667
0 1.0 0.535937 0.506250 0.068750 0.083333
0 1.0 0.600781 0.501042 0.064062 0.172917
0 1.0 0.951562 0.391667 0.096875 0.104167
0 1.0 0.660937 0.368750 0.087500 0.258333
0 1.0 0.567187 0.395833 0.087500 0.091667
0 1.0 0.153906 0.445833 0.079687 0.112500
0 1.0 0.118750 0.452083 0.103125 0.091667
0 1.0 0.764844 0.384375 0.101562 0.310417
0 1.0 0.775000 0.397917 0.162500 0.104167
0 1.0 0.072656 0.466667 0.089063 0.200000
0 1.0 0.657031 0.400000 0.107813 0.100000
0 1.0 0.486719 0.389583 0.123438 0.108333
0 1.0 0.819531 0.409375 0.064062 0.177083
0 1.0 0.810156 0.400000 0.210938 0.170833
0 1.0 0.482812 0.381250 0.090625 0.216667
0 1.0 0.542188 0.457292 0.087500 0.085417
0 1.0 0.341406 0.448958 0.223438 0.152083
0 1.0 0.300000 0.455208 0.090625 0.264583
0 1.0 0.289062 0.452083 0.181250 0.104167
0 1.0 0.835938 0.396875 0.087500 0.093750
0 1.0 0.311719 0.458333 0.054688 0.083333
0 1.0 0.484375 0.473958 0.084375 0.264583
0 1.0 0.455469 0.444792 0.135937 0.114583
0 1.0 0.477344 0.429167 0.251563 0.354167
0 1.0 0.787500 0.448958 0.100000 0.081250
0 1.0 0.647656 0.454167 0.064062 0.079167
0 1.0 0.664844 0.448958 0.079687 0.202083
0 1.0 0.063281 0.450000 0.057813 0.066667
0 1.0 0.040625 0.453125 0.078125 0.097917
0 1.0 0.268750 0.445833 0.096875 0.170833
0 1.0 0.260937 0.446875 0.087500 0.077083
0 1.0 0.201563 0.445833 0.065625 0.087500
0 1.0 0.206250 0.447917 0.087500 0.154167
0 1.0 0.378906 0.448958 0.073438 0.072917
0 1.0 0.706250 0.115625 0.168750 0.210417
0 1.0 0.651563 0.120833 0.121875 0.233333
0 1.0 0.632031 0.114583 0.245312 0.154167
0 1.0 0.799219 0.118750 0.242188 0.133333
0 1.0 0.812500 0.128125 0.178125 0.256250
0 1.0 0.732812 0.548958 0.528125 0.247917
0 1.0 0.665625 0.648958 0.509375 0.231250
0 1.0 0.408594 0.135417 0.214062 0.270833
0 1.0 0.454688 0.640625 0.490625 0.256250
0 1.0 0.835938 0.119792 0.128125 0.110417
0 1.0 0.116406 0.160417 0.123438 0.166667
0 1.0 0.044531 0.167708 0.089063 0.272917
0 1.0 0.107031 0.171875 0.073438 0.089583
0 1.0 0.959375 0.152083 0.062500 0.208333
0 1.0 0.925000 0.131250 0.115625 0.262500
0 1.0 0.888281 0.120833 0.223438 0.141667
0 1.0 0.109375 0.116667 0.178125 0.133333
0 1.0 0.936719 0.079167 0.126562 0.129167
0 1.0 0.758594 0.077083 0.289062 0.154167
0 1.0 0.749219 0.730208 0.426563 0.356250
0 1.0 0.327344 0.135417 0.217188 0.266667
0 1.0 0.477344 0.116667 0.198437 0.154167
0 1.0 0.182031 0.137500 0.082812 0.216667
0 1.0 0.202344 0.114583 0.245312 0.150000
0 1.0 0.721875 0.181250 0.181250 0.129167
0 1.0 0.946094 0.126042 0.107813 0.122917
0 1.0 0.646875 0.171875 0.231250 0.172917
0 1.0 0.745313 0.328125 0.390625 0.656250
0 1.0 0.524219 0.168750 0.173437 0.133333
0 1.0 0.082031 0.309375 0.164062 0.556250
0 1.0 0.346875 0.361458 0.243750 0.564583
0 1.0 0.903125 0.180208 0.193750 0.127083
0 1.0 0.538281 0.238542 0.501563 0.252083
0 1.0 0.539062 0.351042 0.509375 0.235417
0 1.0 0.349219 0.355208 0.467187 0.239583
0 1.0 0.205469 0.178125 0.251563 0.152083
0 1.0 0.174219 0.166667 0.239063 0.325000
0 1.0 0.360156 0.168750 0.135937 0.108333
0 1.0 0.338281 0.556250 0.473438 0.266667
0 1.0 0.443750 0.446875 0.509375 0.235417
0 1.0 0.500000 0.170833 0.084375 0.100000
0 1.0 0.604688 0.050000 0.137500 0.100000
0 1.0 0.556250 0.100000 0.090625 0.191667
0 1.0 0.561719 0.039583 0.132812 0.075000
0 1.0 0.232031 0.689583 0.464062 0.337500
0 1.0 0.853906 0.476042 0.226562 0.831250
0 1.0 0.510938 0.077083 0.100000 0.154167
0 1.0 0.514844 0.047917 0.176563 0.095833
0 1.0 0.439063 0.075000 0.068750 0.141667
0 1.0 0.502344 0.036458 0.064062 0.056250
0 1.0 0.608594 0.083333 0.092188 0.158333
0 1.0 0.710156 0.057292 0.157812 0.114583
0 1.0 0.650781 0.090625 0.070312 0.168750
0 1.0 0.499219 0.498958 0.745313 0.364583
0 1.0 0.504687 0.283333 0.609375 0.479167
0 1.0 0.815625 0.039583 0.225000 0.079167
0 1.0 0.825000 0.076042 0.115625 0.135417
0 1.0 0.762500 0.087500 0.118750 0.166667
0 1.0 0.704688 0.091667 0.081250 0.162500
0 1.0 0.666406 0.185417 0.667188 0.370833
0 1.0 0.143750 0.050000 0.156250 0.100000
0 1.0 0.276562 0.040625 0.153125 0.081250
0 1.0 0.191406 0.076042 0.082812 0.131250
0 1.0 0.214062 0.051042 0.165625 0.102083
0 1.0 0.135937 0.090625 0.071875 0.164583
0 1.0 0.350781 0.880208 0.701562 0.239583
0 1.0 0.392969 0.093750 0.092188 0.158333
0 1.0 0.412500 0.038542 0.215625 0.077083
0 1.0 0.348438 0.087500 0.071875 0.141667
0 1.0 0.325781 0.050000 0.129688 0.100000
0 1.0 0.338281 0.040625 0.060937 0.064583
0 1.0 0.285156 0.093750 0.085938 0.145833
0 1.0 0.749219 0.876042 0.501563 0.247917
0 1.0 0.465625 0.079167 0.293750 0.158333
0 1.0 0.214062 0.919792 0.428125 0.160417
0 1.0 0.539062 0.832292 0.509375 0.210417
0 1.0 0.166406 0.848958 0.332813 0.202083
0 1.0 0.323437 0.138542 0.643750 0.277083
0 1.0 0.951562 0.068750 0.056250 0.112500
0 1.0 0.032031 0.096875 0.064062 0.164583
0 1.0 0.903125 0.038542 0.193750 0.077083
0 1.0 0.311719 0.217708 0.345313 0.435417
0 1.0 0.883594 0.068750 0.120313 0.137500
0 1.0 0.832812 0.922917 0.334375 0.154167
0 1.0 0.549219 0.921875 0.567187 0.156250
0 1.0 0.075000 0.882292 0.100000 0.189583
0 1.0 0.103906 0.893750 0.207813 0.212500
0 1.0 0.035937 0.904167 0.071875 0.191667
0 1.0 0.075781 0.915625 0.151562 0.102083
0 1.0 0.718750 0.842708 0.103125 0.181250
0 1.0 0.700000 0.854167 0.284375 0.162500
0 1.0 0.959375 0.854167 0.068750 0.133333
0 1.0 0.912500 0.866667 0.175000 0.166667
0 1.0 0.234375 0.901042 0.103125 0.197917
0 1.0 0.184375 0.897917 0.103125 0.204167
0 1.0 0.818750 0.856250 0.212500 0.175000
0 1.0 0.755469 0.823958 0.129688 0.172917
0 1.0 0.457813 0.841667 0.106250 0.158333
0 1.0 0.461719 0.876042 0.207813 0.160417
0 1.0 0.878125 0.833333 0.112500 0.183333
0 1.0 0.563281 0.822917 0.073438 0.133333
0 1.0 0.574219 0.863542 0.289062 0.147917
0 1.0 0.810937 0.819792 0.090625 0.168750
0 1.0 0.751563 0.896875 0.193750 0.177083
0 1.0 0.397656 0.892708 0.117188 0.214583
0 1.0 0.965625 0.832292 0.040625 0.097917
0 1.0 0.653906 0.879167 0.129688 0.237500
0 1.0 0.666406 0.914583 0.264062 0.125000
0 1.0 0.604688 0.869792 0.137500 0.256250
0 1.0 0.571094 0.910417 0.232813 0.116667
0 1.0 0.557813 0.883333 0.118750 0.233333
0 1.0 0.353906 0.906250 0.323437 0.141667
0 1.0 0.342187 0.892708 0.165625 0.214583
0 1.0 0.284375 0.895833 0.112500 0.208333
0 1.0 0.498437 0.907292 0.093750 0.185417
0 1.0 0.449219 0.903125 0.098437 0.193750
0 1.0 0.468750 0.814583 0.306250 0.108333
0 1.0 0.492188 0.816667 0.096875 0.087500
0 1.0 0.934375 0.811458 0.131250 0.193750
0 1.0 0.453125 0.789583 0.275000 0.275000
0 1.0 0.453906 0.813542 0.176563 0.172917
0 1.0 0.442969 0.815625 0.101562 0.089583
0 1.0 0.334375 0.786458 0.115625 0.256250
0 1.0 0.310156 0.811458 0.232813 0.089583
0 1.0 0.082031 0.809375 0.117188 0.064583
0 1.0 0.507031 0.819792 0.123438 0.214583
0 1.0 0.135937 0.802083 0.062500 0.145833
0 1.0 0.139844 0.871875 0.242188 0.110417
0 1.0 0.401562 0.833333 0.075000 0.158333
0 1.0 0.345313 0.823958 0.062500 0.127083
0 1.0 0.290625 0.814583 0.059375 0.120833
0 1.0 0.241406 0.875000 0.264062 0.116667
0 1.0 0.275781 0.881250 0.110937 0.104167
0 1.0 0.501563 0.864583 0.056250 0.104167
0 1.0 0.456250 0.836458 0.056250 0.122917
0 1.0 0.080469 0.811458 0.076563 0.177083
0 1.0 0.058594 0.869792 0.070312 0.081250
0 1.0 0.032813 0.845833 0.056250 0.175000
0 1.0 0.234375 0.807292 0.056250 0.131250
0 1.0 0.189844 0.792708 0.051562 0.110417
0 1.0 0.185938 0.813542 0.093750 0.139583
0 1.0 0.468750 0.230208 0.190625 0.114583
0 1.0 0.331250 0.220833 0.240625 0.175000
0 1.0 0.248438 0.227083 0.268750 0.129167
0 1.0 0.267969 0.219792 0.114062 0.114583
0 1.0 0.215625 0.080208 0.431250 0.160417
0 1.0 0.602344 0.189583 0.126562 0.345833
0 1.0 0.597656 0.229167 0.254688 0.120833
0 1.0 0.667969 0.194792 0.107813 0.264583
0 1.0 0.842187 0.178125 0.115625 0.102083
0 1.0 0.076563 0.233333 0.153125 0.112500
0 1.0 0.066406 0.232292 0.073438 0.102083
0 1.0 0.794531 0.131250 0.410938 0.250000
0 1.0 0.138281 0.232292 0.276562 0.147917
0 1.0 0.150781 0.951042 0.170313 0.097917
0 1.0 0.340625 0.929167 0.096875 0.141667
0 1.0 0.357031 0.960417 0.085938 0.062500
0 1.0 0.288281 0.960417 0.089063 0.062500
0 1.0 0.967187 0.913542 0.065625 0.172917
0 1.0 0.592969 0.961458 0.123438 0.068750
0 1.0 0.459375 0.946875 0.137500 0.106250
0 1.0 0.532031 0.958333 0.132812 0.083333
0 1.0 0.487500 0.964583 0.087500 0.058333
0 1.0 0.066406 0.961458 0.095312 0.064583
0 1.0 0.921094 0.915625 0.157812 0.110417
0 1.0 0.264062 0.953125 0.153125 0.093750
0 1.0 0.135937 0.921875 0.103125 0.156250
0 1.0 0.694531 0.960417 0.154688 0.075000
0 1.0 0.926562 0.967708 0.134375 0.064583
0 1.0 0.814063 0.930208 0.093750 0.139583
0 1.0 0.827344 0.965625 0.157812 0.068750
0 1.0 0.716406 0.930208 0.098437 0.139583
0 1.0 0.632031 0.952083 0.170313 0.095833
0 1.0 0.874219 0.929167 0.098437 0.141667
0 1.0 0.762500 0.952083 0.225000 0.095833
0 1.0 0.758594 0.919792 0.101562 0.160417
0 1.0 0.354687 0.753125 0.568750 0.222917
0 1.0 0.652344 0.404167 0.207813 0.166667
0 1.0 0.560937 0.397917 0.156250 0.150000
0 1.0 0.446094 0.443750 0.220312 0.166667
0 1.0 0.543750 0.460417 0.153125 0.125000
0 1.0 0.103906 0.621875 0.054688 0.072917
0 1.0 0.645312 0.092708 0.471875 0.185417
0 1.0 0.167969 0.560417 0.129688 0.129167
0 1.0 0.785937 0.243750 0.428125 0.233333
0 1.0 0.791406 0.351042 0.417187 0.222917
0 1.0 0.785937 0.451042 0.428125 0.227083
0 1.0 0.927344 0.516667 0.145313 0.579167
0 1.0 0.171094 0.546875 0.342187 0.247917
0 1.0 0.763281 0.511458 0.226562 0.668750
0 1.0 0.546094 0.619792 0.442188 0.502083
0 1.0 0.355469 0.679167 0.257812 0.508333
0 1.0 0.072656 0.685417 0.145313 0.620833
0 1.0 0.142187 0.821875 0.221875 0.356250
0 1.0 0.754687 0.809375 0.221875 0.381250
0 1.0 0.303906 0.363542 0.489063 0.702083
0 1.0 0.545312 0.510417 0.137500 0.125000
0 1.0 0.093750 0.667708 0.081250 0.106250
0 1.0 0.487500 0.776042 0.378125 0.447917
0 1.0 0.925000 0.727083 0.150000 0.545833