0 1.0 0.568269 0.689063 0.278846 0.431250
0 1.0 0.863462 0.441406 0.215385 0.176563
0 1.0 0.493269 0.446094 0.171154 0.182812
0 1.0 0.634615 0.615625 0.196154 0.218750
0 1.0 0.500000 0.508594 1.000000 0.520312
0 1.0 0.398077 0.442969 0.203846 0.189062
0 1.0 0.714423 0.610938 0.128846 0.250000
0 1.0 0.768269 0.596875 0.167308 0.218750
0 1.0 0.817308 0.555469 0.261538 0.348438
0 1.0 0.544231 0.627344 0.169231 0.267188
0 1.0 0.228846 0.560937 0.138462 0.284375
0 1.0 0.236538 0.608594 0.250000 0.129688
0 1.0 0.521154 0.604688 0.246154 0.128125
0 1.0 0.450962 0.597656 0.101923 0.254688
0 1.0 0.477885 0.610938 0.109615 0.100000
0 1.0 0.446154 0.567187 0.246154 0.318750
0 1.0 0.124038 0.571094 0.163462 0.289062
0 1.0 0.406731 0.608594 0.236538 0.129688
0 1.0 0.290385 0.600781 0.146154 0.192188
0 1.0 0.837500 0.616406 0.132692 0.114062
0 1.0 0.259615 0.615625 0.092308 0.100000
0 1.0 0.122115 0.654687 0.201923 0.109375
0 1.0 0.344231 0.610156 0.134615 0.295312
0 1.0 0.340385 0.657031 0.246154 0.126562
0 1.0 0.922115 0.576562 0.136538 0.390625
0 1.0 0.277885 0.658594 0.125000 0.110937
0 1.0 0.274038 0.640625 0.271154 0.243750
0 1.0 0.928846 0.604688 0.142308 0.159375
0 1.0 0.556731 0.238281 0.263462 0.154688
0 1.0 0.531731 0.653125 0.117308 0.118750
0 1.0 0.073077 0.644531 0.138462 0.357812
0 1.0 0.477885 0.657031 0.171154 0.123438
0 1.0 0.391346 0.621094 0.144231 0.257812
0 1.0 0.055769 0.660937 0.065385 0.081250
0 1.0 0.053846 0.654687 0.107692 0.200000
0 1.0 0.954808 0.604688 0.075000 0.293750
0 1.0 0.871154 0.578906 0.130769 0.273438
0 1.0 0.189423 0.632031 0.140385 0.295312
0 1.0 0.201923 0.650000 0.284615 0.128125
0 1.0 0.825000 0.607031 0.300000 0.148438
0 1.0 0.514423 0.544531 0.175000 0.092188
0 1.0 0.348077 0.548438 0.238462 0.318750
0 1.0 0.174038 0.536719 0.236538 0.107813
0 1.0 0.506731 0.546094 0.167308 0.248438
0 1.0 0.412500 0.543750 0.275000 0.121875
0 1.0 0.641346 0.559375 0.275000 0.153125
0 1.0 0.268269 0.541406 0.094231 0.095312
0 1.0 0.188462 0.529687 0.134615 0.240625
0 1.0 0.190385 0.516406 0.280769 0.295312
0 1.0 0.074038 0.523438 0.125000 0.250000
0 1.0 0.147115 0.532813 0.101923 0.087500
0 1.0 0.955769 0.505469 0.080769 0.214062
0 1.0 0.918269 0.488281 0.163462 0.098437
0 1.0 0.071154 0.535156 0.061538 0.060937
0 1.0 0.837500 0.535156 0.140385 0.104688
0 1.0 0.811538 0.538281 0.315385 0.139063
0 1.0 0.127885 0.603125 0.182692 0.103125
0 1.0 0.331731 0.610156 0.190385 0.117188
0 1.0 0.550000 0.261719 0.126923 0.207813
0 1.0 0.929808 0.546094 0.140385 0.101562
0 1.0 0.589423 0.556250 0.159615 0.106250
0 1.0 0.037500 0.576562 0.075000 0.268750
0 1.0 0.060577 0.601562 0.121154 0.071875
0 1.0 0.712500 0.550781 0.228846 0.120313
0 1.0 0.704808 0.550000 0.251923 0.275000
0 1.0 0.248077 0.767969 0.288462 0.132812
0 1.0 0.290385 0.734375 0.146154 0.268750
0 1.0 0.275962 0.772656 0.128846 0.107813
0 1.0 0.225962 0.728125 0.140385 0.321875
0 1.0 0.606731 0.258594 0.090385 0.179688
0 1.0 0.455769 0.731250 0.111538 0.293750
0 1.0 0.468269 0.766406 0.232692 0.126562
0 1.0 0.125962 0.740625 0.132692 0.293750
0 1.0 0.775000 0.760156 0.215385 0.173437
0 1.0 0.698077 0.731250 0.123077 0.275000
0 1.0 0.694231 0.771875 0.273077 0.146875
0 1.0 0.460577 0.750781 0.236538 0.342187
0 1.0 0.389423 0.739844 0.121154 0.310937
0 1.0 0.343269 0.740625 0.125000 0.278125
0 1.0 0.346154 0.768750 0.226923 0.150000
0 1.0 0.928846 0.707812 0.142308 0.265625
0 1.0 0.890385 0.710156 0.219231 0.132812
0 1.0 0.874038 0.707031 0.140385 0.248438
0 1.0 0.875000 0.713281 0.100000 0.110937
0 1.0 0.817308 0.700000 0.146154 0.284375
0 1.0 0.150962 0.774219 0.148077 0.129688
0 1.0 0.947115 0.718750 0.105769 0.140625
0 1.0 0.044231 0.751563 0.088462 0.240625
0 1.0 0.063462 0.774219 0.057692 0.073438
0 1.0 0.925962 0.764844 0.148077 0.114062
0 1.0 0.195192 0.796094 0.275000 0.295312
0 1.0 0.139423 0.807813 0.259615 0.115625
0 1.0 0.489423 0.825000 0.113462 0.118750
0 1.0 0.073077 0.802344 0.130769 0.295312
0 1.0 0.128846 0.810937 0.100000 0.103125
0 1.0 0.032692 0.815625 0.065385 0.225000
0 1.0 0.067308 0.813281 0.134615 0.079687
0 1.0 0.288462 0.812500 0.107692 0.100000
0 1.0 0.613462 0.746875 0.250000 0.153125
0 1.0 0.842308 0.770312 0.238462 0.128125
0 1.0 0.960577 0.753125 0.055769 0.112500
0 1.0 0.645192 0.712500 0.148077 0.353125
0 1.0 0.066346 0.816406 0.059615 0.073438
0 1.0 0.826923 0.663281 0.107692 0.092188
0 1.0 0.824038 0.656250 0.259615 0.128125
0 1.0 0.112500 0.711719 0.182692 0.104688
0 1.0 0.060577 0.710938 0.117308 0.078125
0 1.0 0.936538 0.660156 0.126923 0.101562
0 1.0 0.063462 0.715625 0.057692 0.075000
0 1.0 0.567308 0.645312 0.273077 0.162500
0 1.0 0.662500 0.248438 0.186538 0.215625
0 1.0 0.599038 0.248438 0.251923 0.312500
0 1.0 0.687500 0.645312 0.263462 0.128125
0 1.0 0.500962 0.285938 0.101923 0.184375
0 1.0 0.511538 0.707812 0.265385 0.121875
0 1.0 0.534615 0.718750 0.080769 0.096875
0 1.0 0.773077 0.708594 0.134615 0.117188
0 1.0 0.757692 0.696875 0.142308 0.259375
0 1.0 0.750000 0.707812 0.300000 0.128125
0 1.0 0.059615 0.768750 0.119231 0.084375
0 1.0 0.268269 0.702344 0.132692 0.126562
0 1.0 0.222115 0.707031 0.132692 0.120313
0 1.0 0.137500 0.691406 0.255769 0.342187
0 1.0 0.199038 0.704688 0.317308 0.131250
0 1.0 0.495192 0.710938 0.082692 0.103125
0 1.0 0.409615 0.703125 0.311538 0.131250
0 1.0 0.431731 0.707031 0.105769 0.104688
0 1.0 0.393269 0.700781 0.255769 0.301563
0 1.0 0.296154 0.702344 0.092308 0.092188
0 1.0 0.366346 0.703125 0.136538 0.115625
0 1.0 0.446154 0.394531 0.115385 0.123438
0 1.0 0.451923 0.365625 0.292308 0.125000
0 1.0 0.162500 0.356250 0.278846 0.106250
0 1.0 0.129808 0.415625 0.090385 0.093750
0 1.0 0.144231 0.374219 0.288462 0.229687
0 1.0 0.137500 0.384375 0.144231 0.115625
0 1.0 0.084615 0.422656 0.080769 0.082812
0 1.0 0.343269 0.378906 0.301923 0.217188
0 1.0 0.360577 0.384375 0.098077 0.087500
0 1.0 0.291346 0.416406 0.067308 0.085938
0 1.0 0.316346 0.360938 0.309615 0.100000
0 1.0 0.598077 0.407813 0.069231 0.093750
0 1.0 0.601923 0.355469 0.292308 0.139063
0 1.0 0.613462 0.373437 0.153846 0.137500
0 1.0 0.550000 0.419531 0.084615 0.132812
0 1.0 0.468269 0.357031 0.182692 0.082812
0 1.0 0.225000 0.419531 0.088462 0.107813
0 1.0 0.245192 0.377344 0.151923 0.107813
0 1.0 0.189423 0.419531 0.067308 0.092188
0 1.0 0.449038 0.400781 0.048077 0.073438
0 1.0 0.311538 0.386719 0.080769 0.073438
0 1.0 0.816346 0.360156 0.098077 0.123438
0 1.0 0.846154 0.295312 0.188462 0.090625
0 1.0 0.828846 0.346875 0.053846 0.059375
0 1.0 0.835577 0.300781 0.294231 0.139063
0 1.0 0.770192 0.345313 0.101923 0.143750
0 1.0 0.290385 0.394531 0.146154 0.114062
0 1.0 0.075000 0.356250 0.134615 0.065625
0 1.0 0.037500 0.407031 0.075000 0.092188
0 1.0 0.734615 0.295312 0.238462 0.103125
0 1.0 0.718269 0.321875 0.067308 0.090625
0 1.0 0.712500 0.303125 0.275000 0.275000
0 1.0 0.059615 0.381250 0.084615 0.084375
0 1.0 0.960577 0.363281 0.067308 0.107813
0 1.0 0.937500 0.292969 0.125000 0.095312
0 1.0 0.923077 0.302344 0.153846 0.242188
0 1.0 0.882692 0.325000 0.173077 0.121875
0 1.0 0.200000 0.382812 0.092308 0.081250
0 1.0 0.813462 0.422656 0.103846 0.129688
0 1.0 0.836538 0.353125 0.273077 0.115625
0 1.0 0.826923 0.381250 0.284615 0.246875
0 1.0 0.768269 0.425000 0.098077 0.121875
0 1.0 0.045192 0.453125 0.086538 0.112500
0 1.0 0.078846 0.417969 0.157692 0.217188
0 1.0 0.716346 0.373437 0.155769 0.128125
0 1.0 0.288462 0.434375 0.319231 0.203125
0 1.0 0.949038 0.392188 0.078846 0.112500
0 1.0 0.932692 0.367969 0.134615 0.142187
0 1.0 0.188462 0.426563 0.196154 0.150000
0 1.0 0.125962 0.456250 0.140385 0.225000
0 1.0 0.496154 0.412500 0.103846 0.125000
0 1.0 0.777885 0.381250 0.178846 0.134375
0 1.0 0.713462 0.419531 0.080769 0.114062
0 1.0 0.657692 0.412500 0.088462 0.121875
0 1.0 0.392308 0.416406 0.096154 0.135937
0 1.0 0.347115 0.413281 0.075000 0.098437
0 1.0 0.875000 0.409375 0.134615 0.159375
0 1.0 0.539423 0.369531 0.271154 0.254688
0 1.0 0.548077 0.382812 0.146154 0.134375
0 1.0 0.830769 0.238281 0.300000 0.123438
0 1.0 0.819231 0.250781 0.103846 0.173437
0 1.0 0.820192 0.239063 0.275000 0.312500
0 1.0 0.106731 0.307812 0.213462 0.237500
0 1.0 0.658654 0.339062 0.098077 0.159375
0 1.0 0.038462 0.367969 0.065385 0.064062
0 1.0 0.708654 0.249219 0.121154 0.310937
0 1.0 0.075000 0.303125 0.092308 0.050000
0 1.0 0.963462 0.317188 0.053846 0.100000
0 1.0 0.932692 0.240625 0.134615 0.106250
0 1.0 0.226923 0.308594 0.165385 0.076563
0 1.0 0.188462 0.357812 0.100000 0.068750
0 1.0 0.193269 0.314063 0.278846 0.125000
0 1.0 0.879808 0.253906 0.113462 0.164062
0 1.0 0.772115 0.246094 0.121154 0.220312
0 1.0 0.073077 0.077344 0.146154 0.154688
0 1.0 0.732692 0.575781 0.480769 0.848437
0 1.0 0.550000 0.732812 0.900000 0.471875
0 1.0 0.669231 0.235156 0.311538 0.126562
0 1.0 0.328846 0.673438 0.657692 0.653125
0 1.0 0.133654 0.077344 0.082692 0.154688
0 1.0 0.155769 0.032813 0.142308 0.065625
0 1.0 0.100962 0.038281 0.151923 0.076563
0 1.0 0.025962 0.069531 0.051923 0.123438
0 1.0 0.065385 0.026562 0.080769 0.053125
0 1.0 0.498077 0.370312 0.073077 0.078125
0 1.0 0.500962 0.305469 0.263462 0.129688
0 1.0 0.779808 0.326562 0.063462 0.075000
0 1.0 0.710577 0.335938 0.101923 0.165625
0 1.0 0.054808 0.333594 0.075000 0.073438
0 1.0 0.475000 0.335156 0.069231 0.064062
0 1.0 0.389423 0.375781 0.082692 0.085938
0 1.0 0.419231 0.300000 0.269231 0.093750
0 1.0 0.398077 0.318750 0.280769 0.246875
0 1.0 0.407692 0.326562 0.142308 0.103125
0 1.0 0.397115 0.306250 0.105769 0.062500
0 1.0 0.665385 0.329688 0.065385 0.090625
0 1.0 0.664423 0.299219 0.263462 0.142187
0 1.0 0.873077 0.372656 0.100000 0.104688
0 1.0 0.883654 0.357031 0.059615 0.051562
0 1.0 0.618269 0.314063 0.128846 0.134375
0 1.0 0.557692 0.296875 0.192308 0.093750
0 1.0 0.555769 0.349219 0.073077 0.082812
0 1.0 0.562500 0.323437 0.128846 0.118750
0 1.0 0.895192 0.300781 0.105769 0.070312
0 1.0 0.209615 0.339844 0.050000 0.051562
0 1.0 0.165385 0.302344 0.169231 0.079687
0 1.0 0.136538 0.380469 0.057692 0.045312
0 1.0 0.138462 0.335938 0.161538 0.103125
0 1.0 0.079808 0.375781 0.048077 0.042188
0 1.0 0.350000 0.362500 0.088462 0.059375
0 1.0 0.369231 0.335938 0.069231 0.059375
0 1.0 0.603846 0.326562 0.053846 0.078125
0 1.0 0.313462 0.309375 0.219231 0.078125
0 1.0 0.300000 0.362500 0.092308 0.059375
0 1.0 0.291346 0.307031 0.301923 0.229687
0 1.0 0.319231 0.342969 0.053846 0.048438
0 1.0 0.454808 0.367969 0.082692 0.067187
0 1.0 0.230769 0.378125 0.057692 0.046875
0 1.0 0.493269 0.307812 0.101923 0.065625
0 1.0 0.146154 0.491406 0.180769 0.110937
0 1.0 0.353846 0.481250 0.215385 0.134375
0 1.0 0.078846 0.495312 0.130769 0.078125
0 1.0 0.289423 0.473438 0.182692 0.200000
0 1.0 0.446154 0.440625 0.084615 0.137500
0 1.0 0.722115 0.482812 0.078846 0.087500
0 1.0 0.725000 0.452344 0.292308 0.157812
0 1.0 0.660577 0.496875 0.113462 0.171875
0 1.0 0.960577 0.437500 0.063462 0.131250
0 1.0 0.603846 0.487500 0.115385 0.178125
0 1.0 0.617308 0.442969 0.250000 0.151562
0 1.0 0.570192 0.489844 0.217308 0.104688
0 1.0 0.762500 0.486719 0.140385 0.229687
0 1.0 0.715385 0.511719 0.138462 0.207813
0 1.0 0.448077 0.480469 0.126923 0.223438
0 1.0 0.663462 0.487500 0.250000 0.140625
0 1.0 0.553846 0.489844 0.226923 0.232813
0 1.0 0.668269 0.460156 0.082692 0.095312
0 1.0 0.077885 0.457813 0.094231 0.125000
0 1.0 0.087500 0.396875 0.136538 0.081250
0 1.0 0.545192 0.459375 0.121154 0.171875
0 1.0 0.187500 0.459375 0.109615 0.187500
0 1.0 0.150000 0.444531 0.107692 0.114062
0 1.0 0.100962 0.442188 0.055769 0.068750
0 1.0 0.238462 0.453906 0.142308 0.179688
0 1.0 0.782692 0.457031 0.096154 0.110937
0 1.0 0.564423 0.122656 0.278846 0.129688
0 1.0 0.552885 0.146094 0.144231 0.282813
0 1.0 0.706731 0.654687 0.475000 0.281250
0 1.0 0.240385 0.804688 0.153846 0.128125
0 1.0 0.480769 0.646094 0.500000 0.276562
0 1.0 0.657692 0.153906 0.126923 0.307812
0 1.0 0.666346 0.123438 0.263462 0.125000
0 1.0 0.500000 0.161719 0.130769 0.323437
0 1.0 0.445192 0.155469 0.109615 0.279687
0 1.0 0.468269 0.123438 0.228846 0.121875
0 1.0 0.602885 0.143750 0.121154 0.250000
0 1.0 0.821154 0.146094 0.115385 0.254688
0 1.0 0.820192 0.120313 0.259615 0.178125
0 1.0 0.765385 0.152344 0.126923 0.304688
0 1.0 0.878846 0.143750 0.146154 0.278125
0 1.0 0.712500 0.141406 0.136538 0.273438
0 1.0 0.128846 0.157031 0.130769 0.314063
0 1.0 0.147115 0.121875 0.278846 0.143750
0 1.0 0.075962 0.163281 0.125000 0.326562
0 1.0 0.292308 0.142187 0.142308 0.284375
0 1.0 0.278846 0.127344 0.123077 0.114062
0 1.0 0.793269 0.747656 0.413462 0.210938
0 1.0 0.036538 0.161719 0.073077 0.279687
0 1.0 0.073077 0.125000 0.146154 0.096875
0 1.0 0.933654 0.076563 0.132692 0.109375
0 1.0 0.454808 0.842187 0.528846 0.218750
0 1.0 0.962500 0.114062 0.075000 0.150000
0 1.0 0.347115 0.127344 0.186538 0.235937
0 1.0 0.256731 0.125000 0.305769 0.131250
0 1.0 0.394231 0.155469 0.126923 0.310937
0 1.0 0.333654 0.750781 0.528846 0.257812
0 1.0 0.231731 0.160156 0.128846 0.320312
0 1.0 0.184615 0.161719 0.123077 0.317188
0 1.0 0.423077 0.464062 0.450000 0.287500
0 1.0 0.183654 0.187500 0.075000 0.125000
0 1.0 0.149038 0.179688 0.290385 0.131250
0 1.0 0.745192 0.453125 0.390385 0.287500
0 1.0 0.554808 0.436719 0.859615 0.185938
0 1.0 0.370192 0.388281 0.667308 0.164062
0 1.0 0.661538 0.385937 0.596154 0.209375
0 1.0 0.647115 0.385937 0.221154 0.403125
0 1.0 0.240385 0.181250 0.273077 0.165625
0 1.0 0.446154 0.417969 0.223077 0.354687
0 1.0 0.845192 0.121094 0.175000 0.117188
0 1.0 0.491346 0.549219 0.621154 0.235937
0 1.0 0.063462 0.181250 0.126923 0.081250
0 1.0 0.965385 0.178125 0.061538 0.181250
0 1.0 0.931731 0.125781 0.136538 0.104688
0 1.0 0.711538 0.064844 0.084615 0.129688
0 1.0 0.730769 0.032813 0.184615 0.065625
0 1.0 0.250000 0.878906 0.500000 0.242188
0 1.0 0.749038 0.878125 0.501923 0.243750
0 1.0 0.873077 0.030469 0.130769 0.060937
0 1.0 0.865385 0.043750 0.215385 0.087500
0 1.0 0.873077 0.063281 0.084615 0.126562
0 1.0 0.659615 0.064844 0.076923 0.129688
0 1.0 0.656731 0.045312 0.244231 0.090625
0 1.0 0.603846 0.067187 0.076923 0.134375
0 1.0 0.769231 0.055469 0.157692 0.110937
0 1.0 0.294231 0.528906 0.330769 0.623437
0 1.0 0.816346 0.067969 0.082692 0.135937
0 1.0 0.711538 0.323437 0.338462 0.646875
0 1.0 0.965385 0.065625 0.042308 0.087500
0 1.0 0.941346 0.034375 0.117308 0.068750
0 1.0 0.186538 0.076563 0.084615 0.153125
0 1.0 0.400962 0.075000 0.251923 0.150000
0 1.0 0.403846 0.056250 0.142308 0.112500
0 1.0 0.343269 0.067187 0.082692 0.134375
0 1.0 0.338462 0.030469 0.115385 0.060937
0 1.0 0.323077 0.043750 0.215385 0.087500
0 1.0 0.289423 0.069531 0.078846 0.139063
0 1.0 0.243269 0.057031 0.159615 0.114062
0 1.0 0.506731 0.236719 0.909615 0.473438
0 1.0 0.552885 0.064062 0.075000 0.128125
0 1.0 0.570192 0.032813 0.155769 0.065625
0 1.0 0.500000 0.070312 0.084615 0.140625
0 1.0 0.500962 0.045312 0.244231 0.090625
0 1.0 0.718269 0.076563 0.251923 0.153125
0 1.0 0.448077 0.059375 0.065385 0.115625
0 1.0 0.487500 0.030469 0.117308 0.060937
0 1.0 0.408654 0.033594 0.232692 0.067187
0 1.0 0.608654 0.075781 0.251923 0.151562
0 1.0 0.166346 0.922656 0.332692 0.154688
0 1.0 0.148077 0.523438 0.296154 0.587500
0 1.0 0.125962 0.319531 0.251923 0.639062
0 1.0 0.226923 0.302344 0.453846 0.364063
0 1.0 0.749038 0.124219 0.501923 0.248438
0 1.0 0.273077 0.074219 0.315385 0.139063
0 1.0 0.257692 0.124219 0.515385 0.248438
0 1.0 0.834615 0.923438 0.330769 0.153125
0 1.0 0.494231 0.319531 0.303846 0.639062
0 1.0 0.235577 0.896094 0.132692 0.207813
0 1.0 0.184615 0.889062 0.119231 0.221875
0 1.0 0.826923 0.859375 0.150000 0.090625
0 1.0 0.876923 0.824219 0.103846 0.148438
0 1.0 0.135577 0.908594 0.121154 0.182812
0 1.0 0.075962 0.901563 0.117308 0.196875
0 1.0 0.395192 0.889062 0.113462 0.221875
0 1.0 0.405769 0.914062 0.242308 0.103125
0 1.0 0.342308 0.883594 0.123077 0.232813
0 1.0 0.286538 0.888281 0.119231 0.223438
0 1.0 0.048077 0.926562 0.096154 0.084375
0 1.0 0.888462 0.848437 0.223077 0.256250
0 1.0 0.922115 0.855469 0.148077 0.173437
0 1.0 0.598077 0.873437 0.273077 0.131250
0 1.0 0.601923 0.837500 0.115385 0.140625
0 1.0 0.811538 0.814063 0.100000 0.171875
0 1.0 0.822115 0.855469 0.244231 0.139063
0 1.0 0.772115 0.795312 0.090385 0.140625
0 1.0 0.030769 0.927344 0.061538 0.145313
0 1.0 0.709615 0.801562 0.084615 0.131250
0 1.0 0.959615 0.826562 0.042308 0.084375
0 1.0 0.952885 0.839844 0.071154 0.110937
0 1.0 0.697115 0.862500 0.225000 0.100000
0 1.0 0.833654 0.918750 0.205769 0.096875
0 1.0 0.536538 0.870313 0.138462 0.184375
0 1.0 0.817308 0.880469 0.142308 0.239063
0 1.0 0.567308 0.913281 0.203846 0.089063
0 1.0 0.110577 0.955469 0.159615 0.089063
0 1.0 0.063462 0.965625 0.073077 0.053125
0 1.0 0.705769 0.893750 0.146154 0.212500
0 1.0 0.709615 0.917188 0.284615 0.134375
0 1.0 0.950000 0.906250 0.100000 0.187500
0 1.0 0.266346 0.921875 0.294231 0.109375
0 1.0 0.547115 0.853906 0.248077 0.229687
0 1.0 0.445192 0.898438 0.086538 0.168750
0 1.0 0.477885 0.911719 0.201923 0.085938
0 1.0 0.449038 0.871094 0.271154 0.242188
0 1.0 0.610577 0.895312 0.121154 0.181250
0 1.0 0.600000 0.761719 0.153846 0.385937
0 1.0 0.610577 0.822656 0.259615 0.151562
0 1.0 0.777885 0.839844 0.290385 0.242188
0 1.0 0.078846 0.835938 0.069231 0.140625
0 1.0 0.118269 0.871875 0.201923 0.093750
0 1.0 0.050000 0.878125 0.100000 0.137500
0 1.0 0.930769 0.807813 0.138462 0.096875
0 1.0 0.477885 0.822656 0.259615 0.126562
0 1.0 0.188462 0.792188 0.142308 0.240625
0 1.0 0.344231 0.807813 0.311538 0.131250
0 1.0 0.339423 0.846094 0.251923 0.270313
0 1.0 0.250962 0.871094 0.263462 0.101562
0 1.0 0.126923 0.865625 0.200000 0.203125
0 1.0 0.509615 0.792969 0.138462 0.279687
0 1.0 0.189423 0.824219 0.067308 0.145313
0 1.0 0.453846 0.814844 0.038462 0.073438
0 1.0 0.487500 0.869531 0.201923 0.110937
0 1.0 0.463462 0.847656 0.061538 0.104688
0 1.0 0.361538 0.871875 0.134615 0.106250
0 1.0 0.665385 0.810937 0.092308 0.162500
0 1.0 0.346154 0.807813 0.073077 0.162500
0 1.0 0.234615 0.823438 0.076923 0.181250
0 1.0 0.864423 0.804688 0.186538 0.103125
0 1.0 0.395192 0.827344 0.071154 0.151562
0 1.0 0.027885 0.857812 0.044231 0.109375
0 1.0 0.055769 0.876563 0.061538 0.065625
0 1.0 0.285577 0.875000 0.086538 0.078125
0 1.0 0.826923 0.180469 0.311538 0.139063
0 1.0 0.449038 0.142187 0.590385 0.231250
0 1.0 0.717308 0.182031 0.253846 0.170313
0 1.0 0.933654 0.182031 0.132692 0.107813
0 1.0 0.923077 0.182812 0.153846 0.275000
0 1.0 0.185577 0.263281 0.167308 0.151562
0 1.0 0.126923 0.282813 0.092308 0.153125
0 1.0 0.150000 0.239844 0.300000 0.120313
0 1.0 0.075000 0.276562 0.092308 0.168750
0 1.0 0.175962 0.233594 0.271154 0.279687
0 1.0 0.845192 0.183594 0.159615 0.104688
0 1.0 0.963462 0.245312 0.050000 0.128125
0 1.0 0.029808 0.298438 0.055769 0.125000
0 1.0 0.075000 0.240625 0.150000 0.084375
0 1.0 0.654808 0.254688 0.609615 0.243750
0 1.0 0.564423 0.183594 0.255769 0.126562
0 1.0 0.375962 0.183594 0.171154 0.101562
0 1.0 0.344231 0.199219 0.092308 0.217188
0 1.0 0.291346 0.205469 0.090385 0.201563
0 1.0 0.409615 0.182031 0.253846 0.167187
0 1.0 0.355769 0.275781 0.230769 0.467187
0 1.0 0.484615 0.185938 0.153846 0.100000
0 1.0 0.618269 0.923438 0.251923 0.153125
0 1.0 0.582692 0.967187 0.123077 0.062500
0 1.0 0.299038 0.951562 0.117308 0.096875
0 1.0 0.508654 0.969531 0.071154 0.045312
0 1.0 0.506731 0.925781 0.125000 0.148438
0 1.0 0.464423 0.959375 0.171154 0.081250
0 1.0 0.751923 0.949219 0.219231 0.101562
0 1.0 0.708654 0.926562 0.094231 0.146875
0 1.0 0.396154 0.943750 0.088462 0.112500
0 1.0 0.661538 0.925000 0.103846 0.150000
0 1.0 0.681731 0.957812 0.217308 0.078125
0 1.0 0.433654 0.962500 0.098077 0.056250
0 1.0 0.254808 0.962500 0.098077 0.062500
0 1.0 0.235577 0.954688 0.171154 0.090625
0 1.0 0.185577 0.943750 0.086538 0.112500
0 1.0 0.345192 0.946094 0.086538 0.107813
0 1.0 0.375962 0.963281 0.071154 0.051562
0 1.0 0.237500 0.939844 0.090385 0.120313
0 1.0 0.348077 0.920312 0.219231 0.159375
0 1.0 0.933654 0.917969 0.132692 0.095312
0 1.0 0.403846 0.250781 0.173077 0.154688
0 1.0 0.969231 0.950781 0.061538 0.098437
0 1.0 0.767308 0.916406 0.130769 0.167187
0 1.0 0.345192 0.314063 0.071154 0.103125
0 1.0 0.292308 0.310937 0.073077 0.100000
0 1.0 0.269231 0.243750 0.311538 0.109375
0 1.0 0.549038 0.075781 0.621154 0.151562
0 1.0 0.297115 0.289062 0.113462 0.103125
0 1.0 0.293269 0.253906 0.113462 0.085938
0 1.0 0.231731 0.276562 0.098077 0.125000
0 1.0 0.189423 0.310937 0.067308 0.106250
0 1.0 0.914423 0.951562 0.171154 0.096875
0 1.0 0.870192 0.917969 0.105769 0.164062
0 1.0 0.858654 0.963281 0.109615 0.070312
0 1.0 0.497115 0.245312 0.255769 0.290625
0 1.0 0.448077 0.307812 0.065385 0.100000
0 1.0 0.449038 0.287500 0.105769 0.106250
0 1.0 0.475000 0.245312 0.173077 0.118750
0 1.0 0.391346 0.282813 0.090385 0.146875
0 1.0 0.072115 0.459375 0.144231 0.518750
0 1.0 0.757692 0.675000 0.234615 0.434375
0 1.0 0.645192 0.791406 0.390385 0.382812
0 1.0 0.864423 0.649219 0.271154 0.273438
0 1.0 0.501923 0.572656 0.365385 0.526563
0 1.0 0.646154 0.837500 0.211538 0.325000
0 1.0 0.553846 0.921875 0.557692 0.156250
0 1.0 0.514423 0.778906 0.086538 0.085938
0 1.0 0.838462 0.803906 0.246154 0.392188
0 1.0 0.244231 0.210938 0.226923 0.421875
0 1.0 0.886538 0.458594 0.226923 0.332813
0 1.0 0.261538 0.384375 0.523077 0.768750
0 1.0 0.862500 0.316406 0.275000 0.632812
0 1.0 0.299038 0.752344 0.301923 0.495312
0 1.0 0.878846 0.658594 0.242308 0.682813
0 1.0 0.517308 0.500000 0.669231 1.000000