0 1.0 0.500000 0.489844 1.000000 0.745313
0 1.0 0.656250 0.741406 0.500000 0.382812
0 1.0 0.873958 0.563281 0.210417 0.164062
0 1.0 0.818750 0.564844 0.079167 0.120313
0 1.0 0.770833 0.535937 0.112500 0.228125
0 1.0 0.773958 0.553906 0.339583 0.095312
0 1.0 0.768750 0.526563 0.270833 0.256250
0 1.0 0.712500 0.554688 0.112500 0.181250
0 1.0 0.037500 0.609375 0.075000 0.218750
0 1.0 0.054167 0.605469 0.045833 0.051562
0 1.0 0.075000 0.589844 0.150000 0.301563
0 1.0 0.961458 0.617188 0.039583 0.084375
0 1.0 0.939583 0.557031 0.120833 0.089063
0 1.0 0.919792 0.550000 0.160417 0.265625
0 1.0 0.846875 0.575781 0.102083 0.067187
0 1.0 0.877083 0.575000 0.087500 0.115625
0 1.0 0.514583 0.562500 0.208333 0.096875
0 1.0 0.498958 0.558594 0.264583 0.239063
0 1.0 0.450000 0.592187 0.087500 0.156250
0 1.0 0.657292 0.580469 0.081250 0.132812
0 1.0 0.395833 0.585156 0.116667 0.151562
0 1.0 0.427083 0.565625 0.187500 0.090625
0 1.0 0.401042 0.552344 0.306250 0.270313
0 1.0 0.338542 0.596094 0.085417 0.145313
0 1.0 0.051042 0.601562 0.102083 0.065625
0 1.0 0.669792 0.555469 0.193750 0.085938
0 1.0 0.661458 0.528906 0.289583 0.260937
0 1.0 0.601042 0.586719 0.089583 0.145313
0 1.0 0.609375 0.562500 0.168750 0.125000
0 1.0 0.551042 0.596094 0.102083 0.148438
0 1.0 0.502083 0.592187 0.112500 0.175000
0 1.0 0.552083 0.599219 0.250000 0.095312
0 1.0 0.543750 0.621094 0.270833 0.217188
0 1.0 0.459375 0.602344 0.310417 0.114062
0 1.0 0.447917 0.625000 0.150000 0.215625
0 1.0 0.473958 0.605469 0.152083 0.104688
0 1.0 0.765625 0.596094 0.202083 0.176563
0 1.0 0.675000 0.599219 0.245833 0.079687
0 1.0 0.185417 0.610938 0.104167 0.246875
0 1.0 0.189583 0.605469 0.241667 0.104688
0 1.0 0.168750 0.592969 0.266667 0.295312
0 1.0 0.090625 0.601562 0.156250 0.081250
0 1.0 0.115625 0.601562 0.060417 0.065625
0 1.0 0.143750 0.603125 0.112500 0.103125
0 1.0 0.337500 0.642188 0.112500 0.184375
0 1.0 0.359375 0.615625 0.239583 0.131250
0 1.0 0.240625 0.611719 0.210417 0.195312
0 1.0 0.285417 0.603906 0.250000 0.101562
0 1.0 0.318750 0.608594 0.083333 0.079687
0 1.0 0.279167 0.605469 0.116667 0.098437
0 1.0 0.409375 0.508594 0.289583 0.104688
0 1.0 0.396875 0.522656 0.102083 0.117188
0 1.0 0.335417 0.502344 0.104167 0.176563
0 1.0 0.297917 0.557813 0.229167 0.084375
0 1.0 0.286458 0.489844 0.118750 0.220312
0 1.0 0.285417 0.503125 0.200000 0.087500
0 1.0 0.306250 0.505469 0.091667 0.070312
0 1.0 0.305208 0.464062 0.256250 0.284375
0 1.0 0.222917 0.489844 0.116667 0.232813
0 1.0 0.230208 0.497656 0.322917 0.126562
0 1.0 0.611458 0.503906 0.193750 0.129688
0 1.0 0.551042 0.546094 0.089583 0.120313
0 1.0 0.556250 0.492188 0.270833 0.243750
0 1.0 0.500000 0.530469 0.083333 0.123438
0 1.0 0.506250 0.515625 0.229167 0.103125
0 1.0 0.446875 0.527344 0.077083 0.114062
0 1.0 0.027083 0.508594 0.054167 0.201563
0 1.0 0.072917 0.491406 0.145833 0.107813
0 1.0 0.089583 0.499219 0.179167 0.242188
0 1.0 0.961458 0.521875 0.035417 0.071875
0 1.0 0.934375 0.442188 0.131250 0.100000
0 1.0 0.950000 0.500781 0.062500 0.082812
0 1.0 0.906250 0.448437 0.187500 0.246875
0 1.0 0.173958 0.491406 0.152083 0.245312
0 1.0 0.118750 0.537500 0.137500 0.131250
0 1.0 0.060417 0.546875 0.120833 0.087500
0 1.0 0.958333 0.580469 0.037500 0.073438
0 1.0 0.931250 0.496875 0.137500 0.100000
0 1.0 0.947917 0.557813 0.058333 0.078125
0 1.0 0.785417 0.592969 0.150000 0.085938
0 1.0 0.329167 0.565625 0.070833 0.059375
0 1.0 0.232292 0.564844 0.135417 0.204687
0 1.0 0.773958 0.490625 0.310417 0.103125
0 1.0 0.763542 0.478906 0.172917 0.160938
0 1.0 0.713542 0.496094 0.102083 0.129688
0 1.0 0.660417 0.530469 0.075000 0.101562
0 1.0 0.601042 0.539844 0.081250 0.114062
0 1.0 0.875000 0.508594 0.120833 0.170313
0 1.0 0.812500 0.496094 0.100000 0.160938
0 1.0 0.816667 0.498437 0.100000 0.078125
0 1.0 0.713542 0.719531 0.147917 0.273438
0 1.0 0.681250 0.695312 0.320833 0.156250
0 1.0 0.603125 0.710156 0.147917 0.273438
0 1.0 0.546875 0.706250 0.164583 0.293750
0 1.0 0.894792 0.706250 0.210417 0.165625
0 1.0 0.872917 0.700000 0.154167 0.321875
0 1.0 0.845833 0.709375 0.133333 0.103125
0 1.0 0.882292 0.711719 0.081250 0.095312
0 1.0 0.818750 0.699219 0.137500 0.273438
0 1.0 0.763542 0.734375 0.131250 0.284375
0 1.0 0.390625 0.682813 0.214583 0.231250
0 1.0 0.287500 0.713281 0.137500 0.279687
0 1.0 0.266667 0.700000 0.300000 0.131250
0 1.0 0.560417 0.699219 0.316667 0.157812
0 1.0 0.296875 0.700781 0.089583 0.089063
0 1.0 0.471875 0.692969 0.164583 0.129688
0 1.0 0.452083 0.771094 0.345833 0.151562
0 1.0 0.444792 0.746875 0.160417 0.287500
0 1.0 0.340625 0.731250 0.147917 0.278125
0 1.0 0.343750 0.767969 0.300000 0.132812
0 1.0 0.361458 0.771094 0.143750 0.123438
0 1.0 0.616667 0.764062 0.354167 0.168750
0 1.0 0.075000 0.778125 0.150000 0.365625
0 1.0 0.097917 0.759375 0.195833 0.118750
0 1.0 0.033333 0.790625 0.066667 0.278125
0 1.0 0.055208 0.757812 0.110417 0.087500
0 1.0 0.958333 0.725781 0.066667 0.201563
0 1.0 0.922917 0.725000 0.120833 0.321875
0 1.0 0.308333 0.782031 0.066667 0.067187
0 1.0 0.297917 0.738281 0.275000 0.335938
0 1.0 0.235417 0.766406 0.300000 0.123438
0 1.0 0.263542 0.772656 0.131250 0.110937
0 1.0 0.240625 0.764062 0.185417 0.243750
0 1.0 0.184375 0.762500 0.172917 0.356250
0 1.0 0.190625 0.662500 0.177083 0.181250
0 1.0 0.127083 0.653906 0.129167 0.279687
0 1.0 0.297917 0.650781 0.295833 0.145313
0 1.0 0.898958 0.610938 0.202083 0.134375
0 1.0 0.848958 0.606250 0.072917 0.062500
0 1.0 0.875000 0.610156 0.075000 0.067187
0 1.0 0.819792 0.612500 0.093750 0.162500
0 1.0 0.839583 0.442188 0.104167 0.109375
0 1.0 0.773958 0.600000 0.093750 0.156250
0 1.0 0.112500 0.664062 0.225000 0.121875
0 1.0 0.057292 0.660937 0.114583 0.075000
0 1.0 0.051042 0.666406 0.102083 0.157812
0 1.0 0.962500 0.669531 0.050000 0.117188
0 1.0 0.931250 0.653125 0.137500 0.112500
0 1.0 0.827083 0.656250 0.112500 0.093750
0 1.0 0.878125 0.653906 0.243750 0.142187
0 1.0 0.055208 0.716406 0.060417 0.073438
0 1.0 0.114583 0.709375 0.229167 0.121875
0 1.0 0.126042 0.713281 0.102083 0.107813
0 1.0 0.060417 0.710938 0.120833 0.081250
0 1.0 0.756250 0.657813 0.333333 0.128125
0 1.0 0.657292 0.662500 0.172917 0.190625
0 1.0 0.078125 0.252344 0.097917 0.204687
0 1.0 0.106250 0.296094 0.170833 0.151562
0 1.0 0.100000 0.246094 0.200000 0.323437
0 1.0 0.029167 0.294531 0.058333 0.201563
0 1.0 0.059375 0.291406 0.102083 0.079687
0 1.0 0.967708 0.251563 0.060417 0.153125
0 1.0 0.927083 0.235937 0.145833 0.112500
0 1.0 0.922917 0.217969 0.154167 0.270313
0 1.0 0.313542 0.274219 0.106250 0.148438
0 1.0 0.240625 0.279687 0.102083 0.334375
0 1.0 0.247917 0.287500 0.220833 0.115625
0 1.0 0.242708 0.270313 0.072917 0.196875
0 1.0 0.247917 0.274219 0.241667 0.295312
0 1.0 0.186458 0.282813 0.106250 0.321875
0 1.0 0.175000 0.297656 0.283333 0.182812
0 1.0 0.203125 0.290625 0.056250 0.112500
0 1.0 0.125000 0.253125 0.091667 0.215625
0 1.0 0.706250 0.232813 0.316667 0.156250
0 1.0 0.712500 0.217969 0.129167 0.235937
0 1.0 0.658333 0.226562 0.129167 0.278125
0 1.0 0.603125 0.229687 0.122917 0.284375
0 1.0 0.622917 0.233594 0.295833 0.285938
0 1.0 0.543750 0.242188 0.125000 0.334375
0 1.0 0.545833 0.235156 0.333333 0.145313
0 1.0 0.878125 0.204687 0.152083 0.359375
0 1.0 0.822917 0.238281 0.229167 0.123438
0 1.0 0.803125 0.239063 0.122917 0.359375
0 1.0 0.738542 0.231250 0.281250 0.325000
0 1.0 0.746875 0.279687 0.306250 0.121875
0 1.0 0.778125 0.267969 0.089583 0.170313
0 1.0 0.763542 0.285156 0.177083 0.229687
0 1.0 0.722917 0.275781 0.062500 0.114062
0 1.0 0.664583 0.301563 0.091667 0.184375
0 1.0 0.676042 0.286719 0.047917 0.082812
0 1.0 0.943750 0.286719 0.112500 0.092188
0 1.0 0.961458 0.267969 0.043750 0.070312
0 1.0 0.888542 0.290625 0.222917 0.118750
0 1.0 0.882292 0.222656 0.047917 0.082812
0 1.0 0.860417 0.277344 0.270833 0.342187
0 1.0 0.809375 0.260156 0.068750 0.176563
0 1.0 0.433333 0.273438 0.245833 0.159375
0 1.0 0.412500 0.291406 0.312500 0.301563
0 1.0 0.393750 0.269531 0.137500 0.279687
0 1.0 0.343750 0.239844 0.137500 0.207813
0 1.0 0.608333 0.278906 0.050000 0.095312
0 1.0 0.558333 0.283594 0.241667 0.120313
0 1.0 0.537500 0.285938 0.279167 0.312500
0 1.0 0.555208 0.277344 0.118750 0.167187
0 1.0 0.498958 0.282813 0.114583 0.334375
0 1.0 0.448958 0.266406 0.127083 0.254688
0 1.0 0.629167 0.177344 0.354167 0.126562
0 1.0 0.614583 0.171094 0.195833 0.210938
0 1.0 0.555208 0.175781 0.135417 0.154688
0 1.0 0.497917 0.161719 0.116667 0.295312
0 1.0 0.467708 0.177344 0.310417 0.129688
0 1.0 0.461458 0.164062 0.247917 0.265625
0 1.0 0.819792 0.169531 0.264583 0.170313
0 1.0 0.023958 0.072656 0.039583 0.092188
0 1.0 0.076042 0.027344 0.060417 0.051562
0 1.0 0.572917 0.268750 0.854167 0.528125
0 1.0 0.714583 0.606250 0.537500 0.787500
0 1.0 0.448958 0.160938 0.122917 0.237500
0 1.0 0.244792 0.507812 0.456250 0.984375
0 1.0 0.500000 0.757031 1.000000 0.454688
0 1.0 0.392708 0.167969 0.127083 0.254688
0 1.0 0.093750 0.061719 0.141667 0.123438
0 1.0 0.164583 0.032031 0.116667 0.064062
0 1.0 0.141667 0.091406 0.275000 0.182812
0 1.0 0.128125 0.028906 0.093750 0.057813
0 1.0 0.242708 0.088281 0.260417 0.176563
0 1.0 0.369792 0.232813 0.322917 0.146875
0 1.0 0.285417 0.195312 0.112500 0.259375
0 1.0 0.314583 0.217188 0.237500 0.290625
0 1.0 0.254167 0.237500 0.333333 0.128125
0 1.0 0.268750 0.241406 0.154167 0.126562
0 1.0 0.964583 0.192969 0.058333 0.142187
0 1.0 0.928125 0.183594 0.143750 0.114062
0 1.0 0.138542 0.235937 0.277083 0.140625
0 1.0 0.039583 0.228125 0.079167 0.309375
0 1.0 0.045833 0.238281 0.087500 0.104688
0 1.0 0.833333 0.397656 0.258333 0.151562
0 1.0 0.803125 0.381250 0.127083 0.300000
0 1.0 0.131250 0.451562 0.245833 0.137500
0 1.0 0.078125 0.444531 0.056250 0.057813
0 1.0 0.063542 0.445312 0.127083 0.112500
0 1.0 0.960417 0.460156 0.045833 0.110937
0 1.0 0.919792 0.390625 0.160417 0.112500
0 1.0 0.604167 0.439844 0.066667 0.107813
0 1.0 0.627083 0.403125 0.241667 0.162500
0 1.0 0.547917 0.413281 0.087500 0.201563
0 1.0 0.470833 0.396094 0.329167 0.142187
0 1.0 0.463542 0.377344 0.264583 0.317188
0 1.0 0.453125 0.415625 0.102083 0.209375
0 1.0 0.550000 0.397656 0.187500 0.214062
0 1.0 0.754167 0.403125 0.241667 0.184375
0 1.0 0.714583 0.421875 0.116667 0.190625
0 1.0 0.705208 0.384375 0.264583 0.296875
0 1.0 0.661458 0.456250 0.077083 0.121875
0 1.0 0.709375 0.448437 0.210417 0.162500
0 1.0 0.666667 0.500000 0.058333 0.062500
0 1.0 0.618750 0.455469 0.179167 0.135937
0 1.0 0.551042 0.493750 0.077083 0.115625
0 1.0 0.560417 0.459375 0.133333 0.121875
0 1.0 0.612500 0.497656 0.050000 0.060937
0 1.0 0.879167 0.454688 0.112500 0.140625
0 1.0 0.771875 0.449219 0.106250 0.160938
0 1.0 0.355208 0.441406 0.156250 0.170313
0 1.0 0.294792 0.445312 0.197917 0.100000
0 1.0 0.497917 0.465625 0.095833 0.162500
0 1.0 0.240625 0.446094 0.264583 0.154688
0 1.0 0.193750 0.481250 0.070833 0.193750
0 1.0 0.498958 0.444531 0.189583 0.095312
0 1.0 0.452083 0.471875 0.066667 0.096875
0 1.0 0.443750 0.439063 0.220833 0.128125
0 1.0 0.395833 0.467187 0.104167 0.121875
0 1.0 0.376042 0.439063 0.093750 0.078125
0 1.0 0.470833 0.335156 0.304167 0.126562
0 1.0 0.450000 0.303125 0.066667 0.140625
0 1.0 0.664583 0.382031 0.070833 0.142187
0 1.0 0.682292 0.337500 0.289583 0.121875
0 1.0 0.598958 0.364063 0.068750 0.140625
0 1.0 0.618750 0.343750 0.279167 0.318750
0 1.0 0.611458 0.348438 0.181250 0.206250
0 1.0 0.194792 0.339844 0.081250 0.123438
0 1.0 0.123958 0.332031 0.118750 0.289062
0 1.0 0.133333 0.341406 0.266667 0.126562
0 1.0 0.076042 0.325781 0.131250 0.264062
0 1.0 0.353125 0.338281 0.322917 0.142187
0 1.0 0.022917 0.341406 0.045833 0.129688
0 1.0 0.064583 0.341406 0.129167 0.085938
0 1.0 0.340625 0.325781 0.168750 0.282813
0 1.0 0.247917 0.392969 0.333333 0.123438
0 1.0 0.229167 0.389062 0.100000 0.309375
0 1.0 0.183333 0.407813 0.145833 0.200000
0 1.0 0.136458 0.396875 0.272917 0.125000
0 1.0 0.128125 0.408594 0.256250 0.301563
0 1.0 0.386458 0.400781 0.247917 0.226562
0 1.0 0.291667 0.396875 0.141667 0.340625
0 1.0 0.868750 0.319531 0.120833 0.220312
0 1.0 0.852083 0.339844 0.225000 0.114062
0 1.0 0.805208 0.348438 0.239583 0.340625
0 1.0 0.029167 0.418750 0.058333 0.215625
0 1.0 0.063542 0.392188 0.127083 0.071875
0 1.0 0.928125 0.336719 0.143750 0.098437
0 1.0 0.955208 0.349219 0.060417 0.092188
0 1.0 0.915625 0.341406 0.143750 0.304688
0 1.0 0.964583 0.325781 0.029167 0.057813
0 1.0 0.815625 0.132031 0.127083 0.264062
0 1.0 0.812500 0.078906 0.316667 0.151562
0 1.0 0.768750 0.108594 0.125000 0.217188
0 1.0 0.352083 0.671094 0.450000 0.376563
0 1.0 0.231250 0.662500 0.266667 0.471875
0 1.0 0.128125 0.659375 0.256250 0.578125
0 1.0 0.710417 0.104688 0.116667 0.209375
0 1.0 0.813542 0.689063 0.331250 0.418750
0 1.0 0.476042 0.656250 0.568750 0.228125
0 1.0 0.716667 0.554688 0.566667 0.203125
0 1.0 0.748958 0.575000 0.410417 0.418750
0 1.0 0.548958 0.580469 0.214583 0.482812
0 1.0 0.936458 0.082031 0.127083 0.135937
0 1.0 0.911458 0.128906 0.152083 0.257812
0 1.0 0.541667 0.103906 0.100000 0.157812
0 1.0 0.266667 0.756250 0.533333 0.256250
0 1.0 0.551042 0.083594 0.227083 0.148438
0 1.0 0.467708 0.085938 0.235417 0.168750
0 1.0 0.197917 0.840625 0.395833 0.215625
0 1.0 0.445833 0.109375 0.087500 0.153125
0 1.0 0.644792 0.707812 0.239583 0.418750
0 1.0 0.718750 0.112500 0.312500 0.225000
0 1.0 0.657292 0.109375 0.127083 0.218750
0 1.0 0.635417 0.076563 0.270833 0.128125
0 1.0 0.604167 0.103906 0.112500 0.207813
0 1.0 0.381250 0.116406 0.329167 0.229687
0 1.0 0.337500 0.109375 0.125000 0.209375
0 1.0 0.538542 0.352344 0.610417 0.267188
0 1.0 0.616667 0.119531 0.320833 0.123438
0 1.0 0.276042 0.353125 0.547917 0.262500
0 1.0 0.181250 0.290625 0.362500 0.559375
0 1.0 0.708333 0.250000 0.404167 0.500000
0 1.0 0.056250 0.121875 0.112500 0.134375
0 1.0 0.960417 0.118750 0.054167 0.156250
0 1.0 0.443750 0.432812 0.529167 0.231250
0 1.0 0.790625 0.442188 0.418750 0.215625
0 1.0 0.545833 0.564063 0.483333 0.368750
0 1.0 0.440625 0.549219 0.222917 0.501563
0 1.0 0.459375 0.560156 0.622917 0.185938
0 1.0 0.353125 0.538281 0.247917 0.492188
0 1.0 0.032292 0.142969 0.064583 0.245312
0 1.0 0.266667 0.114062 0.137500 0.140625
0 1.0 0.183333 0.146875 0.112500 0.259375
0 1.0 0.116667 0.152344 0.150000 0.304688
0 1.0 0.444792 0.103906 0.056250 0.107813
0 1.0 0.458333 0.031250 0.108333 0.062500
0 1.0 0.504167 0.707031 0.320833 0.585938
0 1.0 0.666667 0.039844 0.183333 0.079687
0 1.0 0.395833 0.085156 0.083333 0.170313
0 1.0 0.396875 0.034375 0.289583 0.068750
0 1.0 0.502083 0.061719 0.116667 0.114062
0 1.0 0.589583 0.029687 0.095833 0.059375
0 1.0 0.550000 0.060937 0.054167 0.078125
0 1.0 0.568750 0.053906 0.104167 0.098437
0 1.0 0.501042 0.096875 0.068750 0.128125
0 1.0 0.511458 0.031250 0.147917 0.062500
0 1.0 0.313542 0.492969 0.627083 0.385937
0 1.0 0.721875 0.051562 0.056250 0.065625
0 1.0 0.663542 0.060156 0.064583 0.098437
0 1.0 0.602083 0.069531 0.070833 0.110937
0 1.0 0.260417 0.032813 0.170833 0.065625
0 1.0 0.242708 0.076563 0.127083 0.143750
0 1.0 0.054167 0.056250 0.091667 0.103125
0 1.0 0.202083 0.056250 0.112500 0.100000
0 1.0 0.185417 0.043750 0.229167 0.087500
0 1.0 0.132292 0.075781 0.072917 0.145313
0 1.0 0.186458 0.078906 0.060417 0.126562
0 1.0 0.320833 0.046875 0.229167 0.093750
0 1.0 0.364583 0.870313 0.729167 0.259375
0 1.0 0.655208 0.846875 0.689583 0.306250
0 1.0 0.338542 0.185156 0.677083 0.370312
0 1.0 0.331250 0.032031 0.125000 0.064062
0 1.0 0.397917 0.071875 0.183333 0.143750
0 1.0 0.344792 0.100781 0.064583 0.139063
0 1.0 0.214583 0.923438 0.429167 0.153125
0 1.0 0.880208 0.051562 0.156250 0.103125
0 1.0 0.817708 0.062500 0.068750 0.115625
0 1.0 0.746875 0.788281 0.239583 0.423438
0 1.0 0.960417 0.050000 0.033333 0.068750
0 1.0 0.928125 0.034375 0.143750 0.068750
0 1.0 0.837500 0.846094 0.325000 0.210938
0 1.0 0.621875 0.126562 0.756250 0.253125
0 1.0 0.832292 0.923438 0.335417 0.153125
0 1.0 0.491667 0.310156 0.362500 0.620313
0 1.0 0.318750 0.304688 0.358333 0.609375
0 1.0 0.768750 0.050000 0.141667 0.100000
0 1.0 0.886458 0.028906 0.114583 0.057813
0 1.0 0.877083 0.043750 0.070833 0.075000
0 1.0 0.643750 0.920312 0.579167 0.159375
0 1.0 0.831250 0.033594 0.220833 0.067187
0 1.0 0.827083 0.053125 0.054167 0.068750
0 1.0 0.768750 0.066406 0.075000 0.110937
0 1.0 0.608333 0.820312 0.075000 0.140625
0 1.0 0.613542 0.867969 0.306250 0.126562
0 1.0 0.551042 0.811719 0.077083 0.151562
0 1.0 0.504167 0.824219 0.058333 0.110937
0 1.0 0.505208 0.860938 0.306250 0.128125
0 1.0 0.448958 0.845313 0.072917 0.140625
0 1.0 0.771875 0.802344 0.089583 0.198437
0 1.0 0.728125 0.814063 0.097917 0.184375
0 1.0 0.721875 0.871094 0.197917 0.154688
0 1.0 0.659375 0.827344 0.064583 0.132812
0 1.0 0.287500 0.858594 0.179167 0.176563
0 1.0 0.236458 0.829688 0.081250 0.165625
0 1.0 0.185417 0.857812 0.079167 0.159375
0 1.0 0.176042 0.875000 0.227083 0.181250
0 1.0 0.130208 0.848437 0.072917 0.165625
0 1.0 0.446875 0.852344 0.131250 0.182812
0 1.0 0.422917 0.855469 0.295833 0.217188
0 1.0 0.400000 0.839063 0.083333 0.143750
0 1.0 0.344792 0.824219 0.064583 0.117188
0 1.0 0.369792 0.854688 0.289583 0.131250
0 1.0 0.289583 0.817969 0.062500 0.120313
0 1.0 0.295833 0.868750 0.116667 0.100000
0 1.0 0.343750 0.896875 0.154167 0.206250
0 1.0 0.353125 0.910937 0.293750 0.150000
0 1.0 0.291667 0.915625 0.237500 0.103125
0 1.0 0.817708 0.852344 0.085417 0.167187
0 1.0 0.235417 0.886719 0.129167 0.226562
0 1.0 0.567708 0.907031 0.168750 0.160938
0 1.0 0.491667 0.898438 0.112500 0.203125
0 1.0 0.514583 0.916406 0.241667 0.092188
0 1.0 0.397917 0.886719 0.141667 0.226562
0 1.0 0.927083 0.872656 0.145833 0.126562
0 1.0 0.926042 0.844531 0.147917 0.285938
0 1.0 0.880208 0.827344 0.102083 0.242188
0 1.0 0.808333 0.881250 0.145833 0.118750
0 1.0 0.185417 0.909375 0.141667 0.140625
0 1.0 0.128125 0.903125 0.106250 0.193750
0 1.0 0.067708 0.911719 0.102083 0.176563
0 1.0 0.954167 0.832812 0.062500 0.171875
0 1.0 0.031250 0.918750 0.062500 0.162500
0 1.0 0.109375 0.921094 0.218750 0.120313
0 1.0 0.127083 0.806250 0.154167 0.359375
0 1.0 0.126042 0.814844 0.252083 0.148438
0 1.0 0.071875 0.860938 0.064583 0.131250
0 1.0 0.095833 0.823438 0.116667 0.134375
0 1.0 0.054167 0.816406 0.108333 0.092188
0 1.0 0.291667 0.818750 0.329167 0.140625
0 1.0 0.828125 0.767188 0.272917 0.184375
0 1.0 0.926042 0.759375 0.147917 0.121875
0 1.0 0.875000 0.769531 0.095833 0.114062
0 1.0 0.808333 0.814844 0.187500 0.120313
0 1.0 0.844792 0.822656 0.089583 0.110937
0 1.0 0.809375 0.812500 0.139583 0.334375
0 1.0 0.752083 0.810937 0.262500 0.184375
0 1.0 0.934375 0.810937 0.131250 0.121875
0 1.0 0.559375 0.810156 0.252083 0.173437
0 1.0 0.512500 0.789844 0.137500 0.279687
0 1.0 0.398958 0.810156 0.164583 0.220312
0 1.0 0.652083 0.786719 0.133333 0.295312
0 1.0 0.071875 0.178125 0.114583 0.090625
0 1.0 0.928125 0.127344 0.143750 0.114062
0 1.0 0.201042 0.167187 0.056250 0.103125
0 1.0 0.158333 0.172656 0.195833 0.126562
0 1.0 0.213542 0.136719 0.427083 0.239063
0 1.0 0.880208 0.126562 0.239583 0.153125
0 1.0 0.332292 0.174219 0.235417 0.117188
0 1.0 0.268750 0.161719 0.141667 0.114062
0 1.0 0.968750 0.938281 0.062500 0.123438
0 1.0 0.934375 0.958594 0.131250 0.082812
0 1.0 0.088542 0.951562 0.131250 0.096875
0 1.0 0.068750 0.962500 0.075000 0.056250
0 1.0 0.959375 0.890625 0.081250 0.218750
0 1.0 0.919792 0.918750 0.160417 0.121875
0 1.0 0.226042 0.963281 0.118750 0.064062
0 1.0 0.186458 0.945312 0.089583 0.109375
0 1.0 0.132292 0.946094 0.077083 0.107813
0 1.0 0.719792 0.919531 0.268750 0.135937
0 1.0 0.658333 0.903125 0.112500 0.193750
0 1.0 0.659375 0.879687 0.306250 0.240625
0 1.0 0.622917 0.916406 0.316667 0.110937
0 1.0 0.767708 0.864844 0.122917 0.270313
0 1.0 0.814583 0.941406 0.150000 0.117188
0 1.0 0.715625 0.939063 0.089583 0.121875
0 1.0 0.747917 0.960938 0.145833 0.071875
0 1.0 0.237500 0.938281 0.091667 0.123438
0 1.0 0.657292 0.957031 0.077083 0.085938
0 1.0 0.694792 0.960938 0.143750 0.068750
0 1.0 0.247917 0.171094 0.129167 0.295312
0 1.0 0.871875 0.927344 0.102083 0.145313
0 1.0 0.885417 0.960938 0.087500 0.056250
0 1.0 0.456250 0.947656 0.120833 0.104688
0 1.0 0.396875 0.935156 0.085417 0.129688
0 1.0 0.431250 0.964844 0.104167 0.060937
0 1.0 0.344792 0.946875 0.077083 0.106250
0 1.0 0.611458 0.946094 0.081250 0.107813
0 1.0 0.289583 0.946875 0.079167 0.106250
0 1.0 0.276042 0.967187 0.093750 0.056250
0 1.0 0.376042 0.967187 0.089583 0.056250
0 1.0 0.616667 0.954688 0.204167 0.090625
0 1.0 0.553125 0.942969 0.077083 0.114062
0 1.0 0.498958 0.942969 0.077083 0.114062
0 1.0 0.536458 0.965625 0.089583 0.056250
0 1.0 0.516667 0.960156 0.150000 0.079687
0 1.0 0.467708 0.965625 0.077083 0.053125
0 1.0 0.348958 0.824219 0.264583 0.351562
0 1.0 0.875000 0.560156 0.250000 0.451562
0 1.0 0.640625 0.429688 0.497917 0.259375