0 1.0 0.770089 0.642857 0.325893 0.559524
0 1.0 0.452009 0.569940 0.229911 0.747024
0 1.0 0.274554 0.559524 0.183036 0.755952
0 1.0 0.777902 0.543155 0.247768 0.312500
0 1.0 0.446429 0.500000 0.441964 1.000000
0 1.0 0.133929 0.528274 0.250000 0.818452
0 1.0 0.483259 0.538690 0.774554 0.595238
0 1.0 0.694196 0.599702 0.312500 0.133929
0 1.0 0.912946 0.613095 0.111607 0.315476
0 1.0 0.667411 0.578869 0.107143 0.318452
0 1.0 0.059152 0.657738 0.118304 0.083333
0 1.0 0.881696 0.605655 0.236607 0.133929
0 1.0 0.443080 0.550595 0.131696 0.416667
0 1.0 0.470982 0.608631 0.236607 0.116071
0 1.0 0.496652 0.610119 0.087054 0.095238
0 1.0 0.456473 0.581845 0.149554 0.211310
0 1.0 0.395089 0.572917 0.142857 0.377976
0 1.0 0.431920 0.607143 0.087054 0.101190
0 1.0 0.691964 0.595238 0.147321 0.119048
0 1.0 0.687500 0.555060 0.250000 0.324405
0 1.0 0.600446 0.590774 0.120536 0.306548
0 1.0 0.543527 0.607143 0.104911 0.279762
0 1.0 0.553571 0.604167 0.169643 0.130952
0 1.0 0.537946 0.580357 0.214286 0.267857
0 1.0 0.292411 0.638393 0.165179 0.264881
0 1.0 0.244420 0.647321 0.109375 0.479167
0 1.0 0.226562 0.657738 0.283482 0.125000
0 1.0 0.506696 0.659226 0.209821 0.157738
0 1.0 0.496652 0.665179 0.229911 0.360119
0 1.0 0.168527 0.662202 0.225446 0.348214
0 1.0 0.168527 0.659226 0.149554 0.211310
0 1.0 0.131696 0.690476 0.098214 0.315476
0 1.0 0.477679 0.666667 0.107143 0.125000
0 1.0 0.402902 0.660714 0.279018 0.130952
0 1.0 0.424107 0.669643 0.111607 0.125000
0 1.0 0.285714 0.672619 0.080357 0.095238
0 1.0 0.616071 0.650298 0.254464 0.116071
0 1.0 0.174107 0.678571 0.102679 0.398810
0 1.0 0.832589 0.602679 0.102679 0.092262
0 1.0 0.869420 0.581845 0.162946 0.282738
0 1.0 0.070312 0.678571 0.113839 0.321429
0 1.0 0.116071 0.662202 0.120536 0.122024
0 1.0 0.347098 0.638393 0.113839 0.372024
0 1.0 0.960938 0.666667 0.046875 0.154762
0 1.0 0.956473 0.601190 0.087054 0.101190
0 1.0 0.496652 0.462798 0.225446 0.455357
0 1.0 0.468750 0.561012 0.290179 0.133929
0 1.0 0.484375 0.563988 0.125000 0.116071
0 1.0 0.353795 0.550595 0.279018 0.130952
0 1.0 0.340402 0.522321 0.149554 0.419643
0 1.0 0.898438 0.549107 0.203125 0.127976
0 1.0 0.629464 0.556548 0.294643 0.142857
0 1.0 0.137277 0.558036 0.127232 0.360119
0 1.0 0.148438 0.546131 0.279018 0.133929
0 1.0 0.431920 0.549107 0.104911 0.122024
0 1.0 0.077009 0.543155 0.145089 0.211310
0 1.0 0.040179 0.578869 0.080357 0.383929
0 1.0 0.062500 0.546131 0.125000 0.092262
0 1.0 0.285714 0.558036 0.125000 0.122024
0 1.0 0.290179 0.519345 0.160714 0.270833
0 1.0 0.181920 0.541667 0.113839 0.392857
0 1.0 0.139509 0.605655 0.203125 0.098214
0 1.0 0.166295 0.610119 0.073661 0.083333
0 1.0 0.331473 0.607143 0.229911 0.107143
0 1.0 0.055804 0.604167 0.111607 0.071429
0 1.0 0.059152 0.608631 0.046875 0.056548
0 1.0 0.241071 0.608631 0.187500 0.092262
0 1.0 0.283482 0.614583 0.066964 0.074405
0 1.0 0.818080 0.547619 0.283482 0.166667
0 1.0 0.133929 0.608631 0.075893 0.074405
0 1.0 0.947545 0.558036 0.104911 0.175595
0 1.0 0.243304 0.601190 0.084821 0.095238
0 1.0 0.247768 0.578869 0.223214 0.360119
0 1.0 0.244420 0.586310 0.145089 0.226190
0 1.0 0.799107 0.549107 0.102679 0.110119
0 1.0 0.339286 0.763393 0.174107 0.151786
0 1.0 0.612723 0.750000 0.104911 0.351190
0 1.0 0.637277 0.767857 0.095982 0.125000
0 1.0 0.599330 0.757440 0.229911 0.366071
0 1.0 0.554688 0.760417 0.279018 0.133929
0 1.0 0.295759 0.782738 0.220982 0.380952
0 1.0 0.219866 0.761905 0.323661 0.136905
0 1.0 0.253348 0.770833 0.113839 0.125000
0 1.0 0.239955 0.772321 0.176339 0.276786
0 1.0 0.448661 0.754464 0.142857 0.407738
0 1.0 0.295759 0.772321 0.154018 0.235119
0 1.0 0.772321 0.766369 0.178571 0.252976
0 1.0 0.704241 0.739583 0.140625 0.372024
0 1.0 0.734375 0.760417 0.272321 0.133929
0 1.0 0.385045 0.757440 0.140625 0.407738
0 1.0 0.410714 0.764881 0.120536 0.130952
0 1.0 0.957589 0.755952 0.053571 0.208333
0 1.0 0.944196 0.703869 0.111607 0.104167
0 1.0 0.926339 0.717262 0.147321 0.279762
0 1.0 0.870536 0.705357 0.258929 0.136905
0 1.0 0.424107 0.764881 0.290179 0.142857
0 1.0 0.166295 0.787202 0.243304 0.360119
0 1.0 0.178571 0.784226 0.120536 0.199405
0 1.0 0.119420 0.808036 0.118304 0.318452
0 1.0 0.856027 0.755952 0.247768 0.386905
0 1.0 0.127232 0.776786 0.125000 0.148810
0 1.0 0.075893 0.802083 0.125000 0.354167
0 1.0 0.308036 0.779762 0.044643 0.071429
0 1.0 0.209821 0.819940 0.245536 0.127976
0 1.0 0.262277 0.828869 0.051339 0.086310
0 1.0 0.957589 0.764881 0.084821 0.125000
0 1.0 0.507812 0.755952 0.149554 0.422619
0 1.0 0.875000 0.758929 0.250000 0.142857
0 1.0 0.145089 0.827381 0.223214 0.178571
0 1.0 0.464286 0.825893 0.129464 0.133929
0 1.0 0.084821 0.813988 0.142857 0.104167
0 1.0 0.123884 0.830357 0.109375 0.136905
0 1.0 0.421875 0.815476 0.339286 0.142857
0 1.0 0.703125 0.769345 0.111607 0.139881
0 1.0 0.842634 0.760417 0.127232 0.098214
0 1.0 0.582589 0.767857 0.111607 0.130952
0 1.0 0.093750 0.819940 0.044643 0.092262
0 1.0 0.167411 0.706845 0.294643 0.133929
0 1.0 0.849330 0.666667 0.104911 0.095238
0 1.0 0.808036 0.619048 0.151786 0.363095
0 1.0 0.830357 0.651786 0.263393 0.136905
0 1.0 0.136161 0.709821 0.107143 0.139881
0 1.0 0.945312 0.654762 0.109375 0.130952
0 1.0 0.254464 0.712798 0.187500 0.104167
0 1.0 0.353795 0.709821 0.154018 0.145833
0 1.0 0.965402 0.569940 0.051339 0.151786
0 1.0 0.071429 0.709821 0.142857 0.092262
0 1.0 0.069196 0.714286 0.058036 0.077381
0 1.0 0.744420 0.656250 0.283482 0.110119
0 1.0 0.714286 0.641369 0.178571 0.211310
0 1.0 0.700893 0.656250 0.120536 0.092262
0 1.0 0.710938 0.714286 0.082589 0.095238
0 1.0 0.672991 0.708333 0.145089 0.232143
0 1.0 0.823661 0.711310 0.111607 0.095238
0 1.0 0.544643 0.703869 0.165179 0.098214
0 1.0 0.777902 0.712798 0.274554 0.127976
0 1.0 0.075893 0.764881 0.151786 0.089286
0 1.0 0.083705 0.775298 0.046875 0.068452
0 1.0 0.753348 0.717262 0.127232 0.107143
0 1.0 0.687500 0.708333 0.254464 0.113095
0 1.0 0.303571 0.720238 0.053571 0.077381
0 1.0 0.498884 0.703869 0.149554 0.133929
0 1.0 0.645089 0.708333 0.075893 0.095238
0 1.0 0.537946 0.361607 0.147321 0.223214
0 1.0 0.770089 0.355655 0.183036 0.193452
0 1.0 0.709821 0.388393 0.089286 0.217262
0 1.0 0.734375 0.343750 0.303571 0.116071
0 1.0 0.469866 0.364583 0.171875 0.282738
0 1.0 0.400670 0.373512 0.069196 0.205357
0 1.0 0.431920 0.337798 0.279018 0.145833
0 1.0 0.716518 0.340774 0.236607 0.312500
0 1.0 0.660714 0.403274 0.080357 0.205357
0 1.0 0.591518 0.400298 0.071429 0.211310
0 1.0 0.619420 0.340774 0.270089 0.139881
0 1.0 0.869420 0.357143 0.109375 0.315476
0 1.0 0.839286 0.343750 0.196429 0.110119
0 1.0 0.550223 0.388393 0.078125 0.229167
0 1.0 0.264509 0.334821 0.162946 0.247024
0 1.0 0.195312 0.383929 0.087054 0.285714
0 1.0 0.223214 0.339286 0.174107 0.113095
0 1.0 0.459821 0.382440 0.098214 0.205357
0 1.0 0.130580 0.369048 0.127232 0.357143
0 1.0 0.150670 0.339286 0.194196 0.166667
0 1.0 0.077009 0.352679 0.113839 0.366071
0 1.0 0.327009 0.358631 0.118304 0.294643
0 1.0 0.335938 0.343750 0.229911 0.193452
0 1.0 0.602679 0.357143 0.151786 0.208333
0 1.0 0.220982 0.391369 0.191964 0.110119
0 1.0 0.118304 0.388393 0.209821 0.116071
0 1.0 0.369420 0.389881 0.198661 0.125000
0 1.0 0.327009 0.416667 0.216518 0.410714
0 1.0 0.341518 0.383929 0.084821 0.178571
0 1.0 0.594866 0.427083 0.225446 0.336310
0 1.0 0.242188 0.407738 0.104911 0.315476
0 1.0 0.858259 0.334821 0.229911 0.312500
0 1.0 0.818080 0.363095 0.082589 0.172619
0 1.0 0.035714 0.421131 0.071429 0.312500
0 1.0 0.772321 0.391369 0.075893 0.175595
0 1.0 0.045759 0.394345 0.091518 0.110119
0 1.0 0.277902 0.377976 0.113839 0.130952
0 1.0 0.960938 0.366071 0.037946 0.113095
0 1.0 0.936384 0.342262 0.127232 0.107143
0 1.0 0.925223 0.342262 0.149554 0.285714
0 1.0 0.187500 0.404762 0.223214 0.375000
0 1.0 0.483259 0.291667 0.082589 0.089286
0 1.0 0.161830 0.287202 0.162946 0.110119
0 1.0 0.141741 0.311012 0.091518 0.205357
0 1.0 0.139509 0.299107 0.234375 0.318452
0 1.0 0.220982 0.306548 0.049107 0.107143
0 1.0 0.410714 0.303571 0.120536 0.166667
0 1.0 0.372768 0.291667 0.116071 0.107143
0 1.0 0.591518 0.293155 0.196429 0.116071
0 1.0 0.250000 0.318452 0.080357 0.178571
0 1.0 0.295759 0.315476 0.100446 0.178571
0 1.0 0.597098 0.321429 0.037946 0.083333
0 1.0 0.135045 0.087798 0.238839 0.175595
0 1.0 0.138393 0.044643 0.205357 0.089286
0 1.0 0.560268 0.724702 0.879464 0.508929
0 1.0 0.075893 0.281250 0.066964 0.169643
0 1.0 0.287946 0.586310 0.500000 0.827381
0 1.0 0.130580 0.074405 0.087054 0.148810
0 1.0 0.107143 0.290179 0.214286 0.169643
0 1.0 0.190848 0.293155 0.256696 0.187500
0 1.0 0.075893 0.066964 0.080357 0.133929
0 1.0 0.022321 0.058036 0.044643 0.116071
0 1.0 0.062500 0.026786 0.066964 0.053571
0 1.0 0.114955 0.028274 0.100446 0.056548
0 1.0 0.206473 0.346726 0.073661 0.157738
0 1.0 0.876116 0.272321 0.069196 0.175595
0 1.0 0.829241 0.290179 0.176339 0.133929
0 1.0 0.818080 0.284226 0.109375 0.288690
0 1.0 0.771205 0.306548 0.095982 0.244048
0 1.0 0.027902 0.346726 0.055804 0.223214
0 1.0 0.060268 0.337798 0.120536 0.086310
0 1.0 0.825893 0.275298 0.066964 0.151786
0 1.0 0.959821 0.294643 0.049107 0.160714
0 1.0 0.954241 0.287202 0.091518 0.098214
0 1.0 0.554688 0.315476 0.055804 0.125000
0 1.0 0.531250 0.293155 0.218750 0.157738
0 1.0 0.493304 0.331845 0.111607 0.187500
0 1.0 0.779018 0.294643 0.058036 0.125000
0 1.0 0.768973 0.269345 0.238839 0.294643
0 1.0 0.710938 0.300595 0.100446 0.261905
0 1.0 0.728795 0.290179 0.194196 0.104167
0 1.0 0.719866 0.293155 0.069196 0.145833
0 1.0 0.661830 0.312500 0.095982 0.238095
0 1.0 0.830357 0.288690 0.098214 0.083333
0 1.0 0.669643 0.303571 0.058036 0.119048
0 1.0 0.146205 0.500000 0.247768 0.130952
0 1.0 0.425223 0.502976 0.305804 0.136905
0 1.0 0.441964 0.507440 0.089286 0.110119
0 1.0 0.414062 0.465774 0.220982 0.395833
0 1.0 0.060268 0.495536 0.120536 0.104167
0 1.0 0.267857 0.498512 0.116071 0.116071
0 1.0 0.547991 0.482143 0.122768 0.309524
0 1.0 0.541295 0.500000 0.194196 0.154762
0 1.0 0.071429 0.510417 0.080357 0.312500
0 1.0 0.810268 0.461310 0.232143 0.166667
0 1.0 0.765625 0.502976 0.133929 0.250000
0 1.0 0.774554 0.447917 0.156250 0.110119
0 1.0 0.708705 0.492560 0.113839 0.258929
0 1.0 0.966518 0.514881 0.044643 0.130952
0 1.0 0.953125 0.446429 0.093750 0.083333
0 1.0 0.263393 0.501488 0.250000 0.127976
0 1.0 0.908482 0.480655 0.098214 0.306548
0 1.0 0.890625 0.452381 0.218750 0.160714
0 1.0 0.870536 0.480655 0.093750 0.252976
0 1.0 0.799107 0.449405 0.044643 0.059524
0 1.0 0.875000 0.480655 0.066964 0.157738
0 1.0 0.341518 0.497024 0.241071 0.172619
0 1.0 0.746652 0.495536 0.279018 0.157738
0 1.0 0.933036 0.500000 0.133929 0.148810
0 1.0 0.795759 0.498512 0.100446 0.104167
0 1.0 0.631696 0.498512 0.200893 0.127976
0 1.0 0.142857 0.444940 0.218750 0.163690
0 1.0 0.814732 0.428571 0.111607 0.232143
0 1.0 0.821429 0.395833 0.250000 0.113095
0 1.0 0.775670 0.438988 0.064732 0.110119
0 1.0 0.764509 0.412202 0.256696 0.306548
0 1.0 0.964286 0.462798 0.053571 0.163690
0 1.0 0.767857 0.438988 0.102679 0.187500
0 1.0 0.045759 0.441964 0.091518 0.122024
0 1.0 0.265625 0.437500 0.098214 0.113095
0 1.0 0.294643 0.418155 0.116071 0.258929
0 1.0 0.167411 0.444940 0.102679 0.086310
0 1.0 0.940848 0.394345 0.118304 0.098214
0 1.0 0.746652 0.397321 0.189732 0.092262
0 1.0 0.716518 0.443452 0.075893 0.142857
0 1.0 0.679688 0.395833 0.212054 0.148810
0 1.0 0.632812 0.386905 0.131696 0.107143
0 1.0 0.474330 0.431548 0.136161 0.101190
0 1.0 0.489955 0.436012 0.046875 0.068452
0 1.0 0.417411 0.449405 0.107143 0.226190
0 1.0 0.697545 0.443452 0.131696 0.095238
0 1.0 0.669643 0.486607 0.080357 0.181548
0 1.0 0.677455 0.449405 0.243304 0.166667
0 1.0 0.590402 0.468750 0.104911 0.300595
0 1.0 0.629464 0.441964 0.102679 0.098214
0 1.0 0.851562 0.470238 0.234375 0.279762
0 1.0 0.437500 0.438988 0.272321 0.122024
0 1.0 0.127232 0.444940 0.111607 0.086310
0 1.0 0.087054 0.446429 0.147321 0.220238
0 1.0 0.055804 0.443452 0.049107 0.059524
0 1.0 0.322545 0.444940 0.037946 0.062500
0 1.0 0.290179 0.437500 0.223214 0.166667
0 1.0 0.547991 0.443452 0.091518 0.089286
0 1.0 0.536830 0.438988 0.180804 0.157738
0 1.0 0.291295 0.441964 0.069196 0.074405
0 1.0 0.216518 0.444940 0.062500 0.068452
0 1.0 0.532366 0.648810 0.537946 0.232143
0 1.0 0.813616 0.133929 0.145089 0.267857
0 1.0 0.764509 0.119048 0.305804 0.148810
0 1.0 0.873884 0.133929 0.140625 0.267857
0 1.0 0.613839 0.119048 0.241071 0.178571
0 1.0 0.554688 0.136905 0.109375 0.273810
0 1.0 0.566964 0.122024 0.214286 0.119048
0 1.0 0.700893 0.142857 0.133929 0.285714
0 1.0 0.073661 0.188988 0.125000 0.366071
0 1.0 0.114955 0.181548 0.189732 0.113095
0 1.0 0.034598 0.194940 0.069196 0.312500
0 1.0 0.053571 0.180060 0.107143 0.086310
0 1.0 0.964286 0.154762 0.066964 0.232143
0 1.0 0.940848 0.123512 0.118304 0.104167
0 1.0 0.261161 0.647321 0.522321 0.223214
0 1.0 0.069196 0.616071 0.138393 0.654762
0 1.0 0.835938 0.120536 0.154018 0.116071
0 1.0 0.916295 0.156250 0.118304 0.312500
0 1.0 0.539062 0.540179 0.537946 0.235119
0 1.0 0.178571 0.144345 0.254464 0.288690
0 1.0 0.129464 0.156250 0.111607 0.288690
0 1.0 0.400670 0.120536 0.194196 0.229167
0 1.0 0.344866 0.145833 0.091518 0.250000
0 1.0 0.360491 0.123512 0.162946 0.110119
0 1.0 0.603795 0.127976 0.109375 0.238095
0 1.0 0.289062 0.168155 0.091518 0.205357
0 1.0 0.247768 0.127976 0.285714 0.125000
0 1.0 0.277902 0.133929 0.078125 0.089286
0 1.0 0.286830 0.135417 0.225446 0.270833
0 1.0 0.188616 0.162202 0.091518 0.264881
0 1.0 0.068080 0.123512 0.136161 0.104167
0 1.0 0.359375 0.760417 0.508929 0.258929
0 1.0 0.551339 0.129464 0.236607 0.258929
0 1.0 0.504464 0.142857 0.093750 0.255952
0 1.0 0.448661 0.145833 0.089286 0.226190
0 1.0 0.474330 0.127976 0.140625 0.101190
0 1.0 0.418527 0.125000 0.305804 0.136905
0 1.0 0.781250 0.348214 0.437500 0.208333
0 1.0 0.214286 0.552083 0.428571 0.223214
0 1.0 0.630580 0.370536 0.381696 0.473214
0 1.0 0.543527 0.349702 0.529018 0.235119
0 1.0 0.502232 0.220238 0.071429 0.190476
0 1.0 0.517857 0.184524 0.196429 0.107143
0 1.0 0.450893 0.226190 0.066964 0.160714
0 1.0 0.631696 0.181548 0.191964 0.113095
0 1.0 0.732143 0.244048 0.535714 0.226190
0 1.0 0.734375 0.255952 0.370536 0.494048
0 1.0 0.767857 0.183036 0.125000 0.354167
0 1.0 0.771205 0.177083 0.305804 0.133929
0 1.0 0.258929 0.342262 0.517857 0.238095
0 1.0 0.360491 0.197917 0.064732 0.104167
0 1.0 0.293527 0.191964 0.167411 0.116071
0 1.0 0.306920 0.203869 0.051339 0.086310
0 1.0 0.238839 0.200893 0.098214 0.258929
0 1.0 0.209821 0.193452 0.040179 0.083333
0 1.0 0.224330 0.187500 0.220982 0.119048
0 1.0 0.448661 0.202381 0.120536 0.190476
0 1.0 0.477679 0.203869 0.071429 0.110119
0 1.0 0.389509 0.208333 0.095982 0.238095
0 1.0 0.424107 0.186012 0.316964 0.122024
0 1.0 0.359375 0.437500 0.549107 0.238095
0 1.0 0.669643 0.470238 0.500000 0.244048
0 1.0 0.342634 0.217262 0.073661 0.196429
0 1.0 0.397321 0.190476 0.107143 0.077381
0 1.0 0.755580 0.037202 0.256696 0.074405
0 1.0 0.768973 0.050595 0.095982 0.101190
0 1.0 0.950893 0.055060 0.098214 0.110119
0 1.0 0.921875 0.074405 0.098214 0.148810
0 1.0 0.706473 0.075893 0.243304 0.151786
0 1.0 0.660714 0.058036 0.107143 0.116071
0 1.0 0.666295 0.043155 0.212054 0.086310
0 1.0 0.860491 0.078869 0.243304 0.157738
0 1.0 0.813616 0.062500 0.087054 0.125000
0 1.0 0.966518 0.050595 0.040179 0.095238
0 1.0 0.901786 0.034226 0.196429 0.068452
0 1.0 0.875000 0.058036 0.089286 0.116071
0 1.0 0.299107 0.062500 0.138393 0.125000
0 1.0 0.238839 0.086310 0.089286 0.172619
0 1.0 0.257812 0.032738 0.167411 0.065476
0 1.0 0.458705 0.059524 0.140625 0.119048
0 1.0 0.393973 0.089286 0.100446 0.178571
0 1.0 0.708705 0.052083 0.095982 0.104167
0 1.0 0.416295 0.040179 0.149554 0.080357
0 1.0 0.341518 0.072917 0.075893 0.145833
0 1.0 0.328125 0.026786 0.066964 0.053571
0 1.0 0.195312 0.034226 0.158482 0.068452
0 1.0 0.186384 0.077381 0.082589 0.154762
0 1.0 0.505580 0.877976 0.787946 0.244048
0 1.0 0.554688 0.063988 0.069196 0.127976
0 1.0 0.585938 0.032738 0.145089 0.065476
0 1.0 0.504464 0.077381 0.080357 0.154762
0 1.0 0.514509 0.034226 0.167411 0.068452
0 1.0 0.253348 0.876488 0.506696 0.247024
0 1.0 0.496652 0.081845 0.234375 0.163690
0 1.0 0.441964 0.053571 0.053571 0.107143
0 1.0 0.486607 0.028274 0.075893 0.056548
0 1.0 0.760045 0.876488 0.479911 0.247024
0 1.0 0.600446 0.055060 0.071429 0.110119
0 1.0 0.448661 0.922619 0.558036 0.154762
0 1.0 0.159598 0.924107 0.319196 0.151786
0 1.0 0.745536 0.123512 0.508929 0.247024
0 1.0 0.266741 0.075893 0.265625 0.127976
0 1.0 0.026786 0.111607 0.053571 0.211310
0 1.0 0.366071 0.072917 0.196429 0.122024
0 1.0 0.834821 0.922619 0.330357 0.154762
0 1.0 0.347098 0.122024 0.694196 0.244048
0 1.0 0.293527 0.907738 0.149554 0.154762
0 1.0 0.237723 0.886905 0.109375 0.226190
0 1.0 0.921875 0.828869 0.129464 0.306548
0 1.0 0.887277 0.181548 0.225446 0.130952
0 1.0 0.887277 0.876488 0.216518 0.193452
0 1.0 0.184152 0.898810 0.122768 0.154762
0 1.0 0.391741 0.886905 0.122768 0.226190
0 1.0 0.404018 0.910714 0.254464 0.148810
0 1.0 0.055804 0.897321 0.111607 0.193452
0 1.0 0.102679 0.897321 0.165179 0.151786
0 1.0 0.666295 0.854167 0.073661 0.148810
0 1.0 0.689732 0.880952 0.191964 0.160714
0 1.0 0.618304 0.842262 0.049107 0.154762
0 1.0 0.609375 0.866071 0.178571 0.226190
0 1.0 0.815848 0.822917 0.127232 0.282738
0 1.0 0.773438 0.811012 0.100446 0.211310
0 1.0 0.959821 0.848214 0.044643 0.125000
0 1.0 0.949777 0.864583 0.073661 0.169643
0 1.0 0.612723 0.916667 0.279018 0.119048
0 1.0 0.617188 0.904762 0.091518 0.172619
0 1.0 0.551339 0.876488 0.125000 0.247024
0 1.0 0.130580 0.964286 0.113839 0.065476
0 1.0 0.766741 0.882440 0.149554 0.211310
0 1.0 0.722098 0.913690 0.301339 0.119048
0 1.0 0.929688 0.913690 0.140625 0.166667
0 1.0 0.504464 0.880952 0.125000 0.238095
0 1.0 0.235491 0.883929 0.252232 0.220238
0 1.0 0.501116 0.910714 0.247768 0.148810
0 1.0 0.440848 0.907738 0.104911 0.184524
0 1.0 0.342634 0.877976 0.122768 0.244048
0 1.0 0.945312 0.818452 0.109375 0.142857
0 1.0 0.662946 0.805060 0.111607 0.336310
0 1.0 0.687500 0.815476 0.294643 0.142857
0 1.0 0.629464 0.822917 0.125000 0.133929
0 1.0 0.878348 0.822917 0.095982 0.122024
0 1.0 0.827009 0.812500 0.305804 0.154762
0 1.0 0.542411 0.819940 0.299107 0.133929
0 1.0 0.571429 0.827381 0.125000 0.136905
0 1.0 0.330357 0.876488 0.250000 0.187500
0 1.0 0.289062 0.839286 0.087054 0.208333
0 1.0 0.485491 0.822917 0.270089 0.318452
0 1.0 0.443080 0.831845 0.060268 0.127976
0 1.0 0.707589 0.840774 0.111607 0.187500
0 1.0 0.083705 0.866071 0.060268 0.119048
0 1.0 0.275670 0.879464 0.082589 0.116071
0 1.0 0.032366 0.837798 0.051339 0.181548
0 1.0 0.356027 0.247024 0.216518 0.136905
0 1.0 0.555804 0.238095 0.156250 0.125000
0 1.0 0.496652 0.278274 0.087054 0.157738
0 1.0 0.492188 0.235119 0.247768 0.267857
0 1.0 0.448661 0.297619 0.058036 0.125000
0 1.0 0.468750 0.241071 0.254464 0.113095
0 1.0 0.553571 0.144345 0.558036 0.235119
0 1.0 0.250000 0.248512 0.223214 0.247024
0 1.0 0.444196 0.273810 0.129464 0.172619
0 1.0 0.339286 0.270833 0.116071 0.202381
0 1.0 0.405134 0.254464 0.247768 0.258929
0 1.0 0.720982 0.235119 0.294643 0.130952
0 1.0 0.664062 0.220238 0.118304 0.285714
0 1.0 0.906250 0.235119 0.187500 0.160714
0 1.0 0.896205 0.227679 0.207589 0.342262
0 1.0 0.593750 0.257440 0.084821 0.264881
0 1.0 0.551339 0.263393 0.075893 0.235119
0 1.0 0.443080 0.254464 0.529018 0.211310
0 1.0 0.266741 0.245536 0.167411 0.122024
0 1.0 0.136161 0.251488 0.129464 0.282738
0 1.0 0.267857 0.251488 0.071429 0.086310
0 1.0 0.068080 0.232143 0.136161 0.107143
0 1.0 0.151786 0.239583 0.250000 0.127976
0 1.0 0.190848 0.279762 0.069196 0.214286
0 1.0 0.304688 0.961310 0.113839 0.065476
0 1.0 0.560268 0.952381 0.116071 0.095238
0 1.0 0.842634 0.235119 0.167411 0.113095
0 1.0 0.561384 0.958333 0.069196 0.053571
0 1.0 0.242188 0.962798 0.091518 0.056548
0 1.0 0.206473 0.950893 0.203125 0.098214
0 1.0 0.513393 0.950893 0.129464 0.098214
0 1.0 0.508929 0.959821 0.062500 0.050595
0 1.0 0.460938 0.952381 0.127232 0.095238
0 1.0 0.352679 0.950893 0.125000 0.098214
0 1.0 0.665179 0.931548 0.089286 0.136905
0 1.0 0.725446 0.955357 0.089286 0.053571
0 1.0 0.697545 0.947917 0.162946 0.092262
0 1.0 0.177455 0.964286 0.109375 0.065476
0 1.0 0.400670 0.949405 0.136161 0.101190
0 1.0 0.075893 0.964286 0.062500 0.053571
0 1.0 0.968750 0.943452 0.062500 0.113095
0 1.0 0.875000 0.933036 0.107143 0.133929
0 1.0 0.882812 0.964286 0.078125 0.053571
0 1.0 0.814732 0.922619 0.111607 0.154762
0 1.0 0.939732 0.233631 0.120536 0.110119
0 1.0 0.959821 0.238095 0.080357 0.238095
0 1.0 0.666295 0.956845 0.073661 0.050595
0 1.0 0.632812 0.952381 0.158482 0.089286
0 1.0 0.610491 0.958333 0.069196 0.053571
0 1.0 0.850446 0.953869 0.205357 0.092262
0 1.0 0.765625 0.930060 0.102679 0.139881
0 1.0 0.808036 0.956845 0.107143 0.056548
0 1.0 0.059152 0.287202 0.118304 0.086310
0 1.0 0.914062 0.962798 0.167411 0.074405
0 1.0 0.709821 0.927083 0.098214 0.145833
0 1.0 0.768973 0.953869 0.087054 0.050595
0 1.0 0.348214 0.278274 0.245536 0.407738
0 1.0 0.680804 0.764881 0.517857 0.267857
0 1.0 0.687500 0.642857 0.424107 0.351190
0 1.0 0.361607 0.635417 0.321429 0.544643
0 1.0 0.530134 0.705357 0.390625 0.482143
0 1.0 0.792411 0.639881 0.415179 0.238095
0 1.0 0.681920 0.339286 0.636161 0.678571
0 1.0 0.443080 0.252976 0.886161 0.464286
0 1.0 0.648438 0.175595 0.207589 0.351190
0 1.0 0.304688 0.434524 0.314732 0.666667
0 1.0 0.445312 0.224702 0.216518 0.449405
0 1.0 0.915179 0.470238 0.169643 0.458333
0 1.0 0.552455 0.273810 0.345982 0.398810
0 1.0 0.848214 0.370536 0.183036 0.633929
0 1.0 0.102679 0.438988 0.205357 0.407738
0 1.0 0.183036 0.299107 0.366071 0.598214