0 1.0 0.498667 0.500000 0.869333 0.900000
0 1.0 0.768000 0.597000 0.154667 0.262000
0 1.0 0.777333 0.604000 0.328000 0.136000
0 1.0 0.100000 0.650000 0.200000 0.280000
0 1.0 0.716000 0.613000 0.114667 0.250000
0 1.0 0.721333 0.586000 0.317333 0.296000
0 1.0 0.929333 0.605000 0.141333 0.102000
0 1.0 0.948000 0.630000 0.093333 0.180000
0 1.0 0.924000 0.599000 0.152000 0.270000
0 1.0 0.180000 0.663000 0.120000 0.266000
0 1.0 0.892000 0.605000 0.205333 0.146000
0 1.0 0.849333 0.604000 0.232000 0.240000
0 1.0 0.665333 0.617000 0.120000 0.250000
0 1.0 0.534667 0.603000 0.120000 0.090000
0 1.0 0.504000 0.602000 0.266667 0.276000
0 1.0 0.509333 0.604000 0.133333 0.168000
0 1.0 0.450667 0.614000 0.096000 0.236000
0 1.0 0.445333 0.606000 0.149333 0.096000
0 1.0 0.389333 0.627000 0.101333 0.246000
0 1.0 0.386667 0.606000 0.240000 0.120000
0 1.0 0.385333 0.620000 0.274667 0.280000
0 1.0 0.316000 0.605000 0.173333 0.098000
0 1.0 0.676000 0.606000 0.317333 0.112000
0 1.0 0.597333 0.620000 0.117333 0.224000
0 1.0 0.634667 0.607000 0.154667 0.102000
0 1.0 0.550667 0.629000 0.093333 0.230000
0 1.0 0.588000 0.607000 0.152000 0.078000
0 1.0 0.622667 0.604000 0.264000 0.280000
0 1.0 0.789333 0.658000 0.272000 0.148000
0 1.0 0.501333 0.666000 0.154667 0.200000
0 1.0 0.437333 0.658000 0.213333 0.124000
0 1.0 0.442667 0.668000 0.154667 0.288000
0 1.0 0.029333 0.682000 0.058667 0.204000
0 1.0 0.340000 0.663000 0.125333 0.258000
0 1.0 0.318667 0.652000 0.210667 0.116000
0 1.0 0.656000 0.661000 0.229333 0.158000
0 1.0 0.649333 0.711000 0.269333 0.322000
0 1.0 0.129333 0.658000 0.258667 0.140000
0 1.0 0.056000 0.657000 0.112000 0.086000
0 1.0 0.284000 0.672000 0.120000 0.232000
0 1.0 0.294667 0.662000 0.290667 0.260000
0 1.0 0.229333 0.663000 0.128000 0.266000
0 1.0 0.244000 0.658000 0.216000 0.148000
0 1.0 0.449333 0.517000 0.093333 0.230000
0 1.0 0.452000 0.553000 0.146667 0.094000
0 1.0 0.433333 0.547000 0.242667 0.302000
0 1.0 0.273333 0.612000 0.098667 0.084000
0 1.0 0.393333 0.551000 0.264000 0.118000
0 1.0 0.392000 0.554000 0.138667 0.196000
0 1.0 0.337333 0.586000 0.082667 0.156000
0 1.0 0.629333 0.544000 0.346667 0.136000
0 1.0 0.608000 0.542000 0.117333 0.168000
0 1.0 0.560000 0.552000 0.112000 0.196000
0 1.0 0.526667 0.548000 0.178667 0.092000
0 1.0 0.184000 0.560000 0.122667 0.152000
0 1.0 0.125333 0.577000 0.122667 0.290000
0 1.0 0.076000 0.564000 0.141333 0.328000
0 1.0 0.113333 0.556000 0.146667 0.120000
0 1.0 0.026667 0.592000 0.053333 0.180000
0 1.0 0.053333 0.554000 0.101333 0.068000
0 1.0 0.285333 0.577000 0.090667 0.178000
0 1.0 0.257333 0.553000 0.253333 0.094000
0 1.0 0.292000 0.551000 0.290667 0.290000
0 1.0 0.173333 0.556000 0.261333 0.308000
0 1.0 0.228000 0.552000 0.109333 0.208000
0 1.0 0.126667 0.603000 0.232000 0.122000
0 1.0 0.121333 0.609000 0.114667 0.114000
0 1.0 0.053333 0.604000 0.106667 0.076000
0 1.0 0.232000 0.606000 0.245333 0.104000
0 1.0 0.765333 0.548000 0.357333 0.148000
0 1.0 0.954667 0.599000 0.053333 0.138000
0 1.0 0.929333 0.548000 0.141333 0.108000
0 1.0 0.860000 0.552000 0.162667 0.104000
0 1.0 0.520000 0.768000 0.096000 0.120000
0 1.0 0.485333 0.774000 0.250667 0.328000
0 1.0 0.426667 0.761000 0.245333 0.126000
0 1.0 0.713333 0.778000 0.120000 0.372000
0 1.0 0.712000 0.755000 0.314667 0.150000
0 1.0 0.385333 0.759000 0.125333 0.322000
0 1.0 0.385333 0.769000 0.312000 0.362000
0 1.0 0.322667 0.760000 0.298667 0.144000
0 1.0 0.644000 0.775000 0.157333 0.346000
0 1.0 0.677333 0.765000 0.122667 0.134000
0 1.0 0.833333 0.767000 0.168000 0.158000
0 1.0 0.558667 0.765000 0.120000 0.386000
0 1.0 0.570667 0.762000 0.224000 0.132000
0 1.0 0.592000 0.768000 0.085333 0.112000
0 1.0 0.868000 0.737000 0.194667 0.282000
0 1.0 0.466667 0.770000 0.106667 0.124000
0 1.0 0.122667 0.768000 0.138667 0.360000
0 1.0 0.128000 0.761000 0.256000 0.126000
0 1.0 0.070667 0.775000 0.141333 0.358000
0 1.0 0.052000 0.759000 0.104000 0.078000
0 1.0 0.289333 0.757000 0.157333 0.282000
0 1.0 0.273333 0.768000 0.109333 0.108000
0 1.0 0.229333 0.766000 0.208000 0.148000
0 1.0 0.238667 0.772000 0.306667 0.324000
0 1.0 0.176000 0.828000 0.224000 0.248000
0 1.0 0.114667 0.817000 0.229333 0.142000
0 1.0 0.044000 0.833000 0.088000 0.294000
0 1.0 0.054667 0.812000 0.109333 0.104000
0 1.0 0.338667 0.816000 0.224000 0.156000
0 1.0 0.564000 0.817000 0.226667 0.122000
0 1.0 0.234667 0.811000 0.346667 0.146000
0 1.0 0.764000 0.765000 0.157333 0.334000
0 1.0 0.290667 0.819000 0.144000 0.118000
0 1.0 0.956000 0.744000 0.072000 0.224000
0 1.0 0.922667 0.760000 0.154667 0.116000
0 1.0 0.922667 0.746000 0.128000 0.360000
0 1.0 0.122667 0.704000 0.192000 0.144000
0 1.0 0.048000 0.710000 0.069333 0.076000
0 1.0 0.634667 0.703000 0.144000 0.162000
0 1.0 0.230667 0.706000 0.237333 0.116000
0 1.0 0.260000 0.708000 0.098667 0.096000
0 1.0 0.430667 0.709000 0.205333 0.118000
0 1.0 0.824000 0.707000 0.298667 0.154000
0 1.0 0.725333 0.705000 0.208000 0.166000
0 1.0 0.928000 0.706000 0.144000 0.112000
0 1.0 0.316000 0.708000 0.189333 0.116000
0 1.0 0.436000 0.320000 0.066667 0.160000
0 1.0 0.484000 0.348000 0.152000 0.104000
0 1.0 0.433333 0.330000 0.114667 0.216000
0 1.0 0.444000 0.308000 0.232000 0.308000
0 1.0 0.390667 0.346000 0.290667 0.136000
0 1.0 0.921333 0.499000 0.120000 0.318000
0 1.0 0.342667 0.325000 0.109333 0.246000
0 1.0 0.337333 0.347000 0.162667 0.106000
0 1.0 0.336000 0.313000 0.266667 0.322000
0 1.0 0.670667 0.336000 0.205333 0.212000
0 1.0 0.600000 0.317000 0.096000 0.154000
0 1.0 0.641333 0.306000 0.360000 0.292000
0 1.0 0.553333 0.300000 0.125333 0.212000
0 1.0 0.564000 0.337000 0.269333 0.182000
0 1.0 0.498667 0.316000 0.112000 0.260000
0 1.0 0.126667 0.328000 0.125333 0.272000
0 1.0 0.142667 0.347000 0.232000 0.154000
0 1.0 0.130667 0.313000 0.261333 0.374000
0 1.0 0.278667 0.344000 0.082667 0.164000
0 1.0 0.030667 0.310000 0.061333 0.240000
0 1.0 0.057333 0.340000 0.114667 0.084000
0 1.0 0.961333 0.301000 0.040000 0.106000
0 1.0 0.937333 0.289000 0.125333 0.110000
0 1.0 0.238667 0.366000 0.104000 0.196000
0 1.0 0.238667 0.347000 0.290667 0.122000
0 1.0 0.230667 0.329000 0.290667 0.302000
0 1.0 0.185333 0.360000 0.104000 0.224000
0 1.0 0.152000 0.396000 0.202667 0.112000
0 1.0 0.072000 0.378000 0.122667 0.348000
0 1.0 0.053333 0.395000 0.106667 0.082000
0 1.0 0.037333 0.392000 0.074667 0.224000
0 1.0 0.962667 0.351000 0.032000 0.078000
0 1.0 0.278667 0.406000 0.109333 0.228000
0 1.0 0.276000 0.391000 0.216000 0.102000
0 1.0 0.802667 0.332000 0.245333 0.324000
0 1.0 0.762667 0.347000 0.112000 0.238000
0 1.0 0.745333 0.336000 0.328000 0.148000
0 1.0 0.941333 0.339000 0.117333 0.098000
0 1.0 0.654667 0.325000 0.093333 0.166000
0 1.0 0.950667 0.366000 0.061333 0.108000
0 1.0 0.925333 0.345000 0.149333 0.270000
0 1.0 0.884000 0.339000 0.232000 0.126000
0 1.0 0.877333 0.323000 0.122667 0.346000
0 1.0 0.125333 0.282000 0.229333 0.160000
0 1.0 0.069333 0.254000 0.133333 0.372000
0 1.0 0.062667 0.285000 0.104000 0.078000
0 1.0 0.056000 0.270000 0.112000 0.204000
0 1.0 0.961333 0.255000 0.056000 0.174000
0 1.0 0.922667 0.239000 0.154667 0.118000
0 1.0 0.277333 0.288000 0.122667 0.212000
0 1.0 0.304000 0.298000 0.128000 0.104000
0 1.0 0.226667 0.291000 0.245333 0.122000
0 1.0 0.246667 0.311000 0.072000 0.130000
0 1.0 0.186667 0.279000 0.122667 0.266000
0 1.0 0.057333 0.043000 0.114667 0.086000
0 1.0 0.076000 0.074000 0.152000 0.148000
0 1.0 0.809333 0.693000 0.381333 0.614000
0 1.0 0.914667 0.213000 0.170667 0.290000
0 1.0 0.177333 0.072000 0.296000 0.144000
0 1.0 0.126667 0.037000 0.136000 0.074000
0 1.0 0.022667 0.063000 0.045333 0.110000
0 1.0 0.761333 0.286000 0.322667 0.136000
0 1.0 0.765333 0.245000 0.106667 0.178000
0 1.0 0.709333 0.270000 0.133333 0.216000
0 1.0 0.881333 0.289000 0.237333 0.138000
0 1.0 0.882667 0.245000 0.074667 0.150000
0 1.0 0.816000 0.263000 0.128000 0.334000
0 1.0 0.826667 0.243000 0.085333 0.170000
0 1.0 0.492000 0.294000 0.104000 0.084000
0 1.0 0.470667 0.294000 0.173333 0.132000
0 1.0 0.393333 0.293000 0.253333 0.122000
0 1.0 0.362667 0.294000 0.117333 0.096000
0 1.0 0.532000 0.284000 0.258667 0.172000
0 1.0 0.137333 0.497000 0.274667 0.134000
0 1.0 0.053333 0.503000 0.106667 0.070000
0 1.0 0.033333 0.512000 0.066667 0.188000
0 1.0 0.346667 0.506000 0.181333 0.172000
0 1.0 0.253333 0.497000 0.256000 0.098000
0 1.0 0.281333 0.507000 0.136000 0.198000
0 1.0 0.230667 0.488000 0.178667 0.208000
0 1.0 0.824000 0.442000 0.096000 0.168000
0 1.0 0.814667 0.446000 0.248000 0.164000
0 1.0 0.769333 0.441000 0.093333 0.178000
0 1.0 0.962667 0.496000 0.042667 0.108000
0 1.0 0.705333 0.443000 0.093333 0.190000
0 1.0 0.713333 0.441000 0.269333 0.106000
0 1.0 0.690667 0.409000 0.320000 0.302000
0 1.0 0.653333 0.450000 0.101333 0.212000
0 1.0 0.952000 0.446000 0.096000 0.096000
0 1.0 0.925333 0.448000 0.149333 0.144000
0 1.0 0.900000 0.442000 0.200000 0.276000
0 1.0 0.878667 0.459000 0.109333 0.222000
0 1.0 0.836000 0.449000 0.077333 0.074000
0 1.0 0.820000 0.504000 0.141333 0.228000
0 1.0 0.756000 0.498000 0.338667 0.124000
0 1.0 0.709333 0.509000 0.122667 0.274000
0 1.0 0.956000 0.543000 0.045333 0.110000
0 1.0 0.940000 0.496000 0.120000 0.108000
0 1.0 0.344000 0.809000 0.154667 0.298000
0 1.0 0.877333 0.497000 0.245333 0.130000
0 1.0 0.838667 0.498000 0.141333 0.092000
0 1.0 0.850667 0.510000 0.261333 0.280000
0 1.0 0.516000 0.471000 0.242667 0.290000
0 1.0 0.448000 0.500000 0.165333 0.092000
0 1.0 0.338667 0.524000 0.080000 0.168000
0 1.0 0.400000 0.499000 0.096000 0.226000
0 1.0 0.573333 0.502000 0.298667 0.120000
0 1.0 0.569333 0.494000 0.194667 0.204000
0 1.0 0.498667 0.490000 0.101333 0.284000
0 1.0 0.740000 0.392000 0.344000 0.136000
0 1.0 0.708000 0.383000 0.120000 0.186000
0 1.0 0.660000 0.386000 0.104000 0.164000
0 1.0 0.886667 0.396000 0.226667 0.124000
0 1.0 0.864000 0.399000 0.112000 0.082000
0 1.0 0.508000 0.374000 0.173333 0.188000
0 1.0 0.477333 0.390000 0.192000 0.108000
0 1.0 0.405333 0.378000 0.112000 0.252000
0 1.0 0.393333 0.396000 0.168000 0.132000
0 1.0 0.601333 0.381000 0.125333 0.242000
0 1.0 0.558667 0.382000 0.184000 0.116000
0 1.0 0.445333 0.424000 0.080000 0.192000
0 1.0 0.480000 0.441000 0.080000 0.062000
0 1.0 0.456000 0.436000 0.176000 0.116000
0 1.0 0.448000 0.423000 0.229333 0.290000
0 1.0 0.949333 0.393000 0.101333 0.094000
0 1.0 0.341333 0.462000 0.085333 0.176000
0 1.0 0.346667 0.443000 0.101333 0.078000
0 1.0 0.328000 0.439000 0.261333 0.142000
0 1.0 0.632000 0.440000 0.160000 0.080000
0 1.0 0.605333 0.448000 0.085333 0.156000
0 1.0 0.608000 0.440000 0.282667 0.124000
0 1.0 0.554667 0.421000 0.112000 0.254000
0 1.0 0.561333 0.439000 0.141333 0.070000
0 1.0 0.582667 0.416000 0.285333 0.280000
0 1.0 0.152000 0.445000 0.186667 0.114000
0 1.0 0.129333 0.464000 0.098667 0.188000
0 1.0 0.337333 0.427000 0.280000 0.302000
0 1.0 0.025333 0.459000 0.050667 0.174000
0 1.0 0.052000 0.445000 0.072000 0.066000
0 1.0 0.052000 0.452000 0.088000 0.136000
0 1.0 0.961333 0.440000 0.050667 0.140000
0 1.0 0.244000 0.440000 0.162667 0.092000
0 1.0 0.176000 0.439000 0.261333 0.290000
0 1.0 0.186667 0.453000 0.170667 0.190000
0 1.0 0.733333 0.649000 0.501333 0.234000
0 1.0 0.236000 0.118000 0.157333 0.236000
0 1.0 0.236000 0.112000 0.328000 0.172000
0 1.0 0.180000 0.127000 0.141333 0.254000
0 1.0 0.380000 0.129000 0.274667 0.234000
0 1.0 0.118667 0.126000 0.152000 0.252000
0 1.0 0.122667 0.117000 0.245333 0.142000
0 1.0 0.281333 0.689000 0.509333 0.466000
0 1.0 0.588000 0.109000 0.264000 0.218000
0 1.0 0.285333 0.137000 0.122667 0.250000
0 1.0 0.452000 0.117000 0.264000 0.134000
0 1.0 0.768000 0.096000 0.160000 0.192000
0 1.0 0.708000 0.112000 0.120000 0.224000
0 1.0 0.674667 0.076000 0.341333 0.152000
0 1.0 0.848000 0.077000 0.277333 0.154000
0 1.0 0.286667 0.828000 0.557333 0.236000
0 1.0 0.038667 0.131000 0.077333 0.238000
0 1.0 0.796000 0.754000 0.408000 0.256000
0 1.0 0.968000 0.115000 0.053333 0.134000
0 1.0 0.685333 0.702000 0.426667 0.476000
0 1.0 0.553333 0.756000 0.546667 0.276000
0 1.0 0.925333 0.086000 0.149333 0.164000
0 1.0 0.189333 0.179000 0.314667 0.150000
0 1.0 0.444000 0.178000 0.136000 0.180000
0 1.0 0.394667 0.177000 0.138667 0.306000
0 1.0 0.338667 0.174000 0.213333 0.128000
0 1.0 0.460000 0.451000 0.600000 0.222000
0 1.0 0.476000 0.351000 0.589333 0.222000
0 1.0 0.580000 0.176000 0.264000 0.144000
0 1.0 0.785333 0.173000 0.290667 0.342000
0 1.0 0.702667 0.178000 0.280000 0.132000
0 1.0 0.506667 0.171000 0.154667 0.306000
0 1.0 0.648000 0.273000 0.458667 0.546000
0 1.0 0.465333 0.184000 0.114667 0.100000
0 1.0 0.782667 0.112000 0.322667 0.156000
0 1.0 0.569333 0.551000 0.578667 0.222000
0 1.0 0.961333 0.172000 0.066667 0.184000
0 1.0 0.833333 0.454000 0.210667 0.668000
0 1.0 0.882667 0.131000 0.181333 0.246000
0 1.0 0.052000 0.176000 0.104000 0.124000
0 1.0 0.808000 0.144000 0.144000 0.284000
0 1.0 0.557333 0.059000 0.197333 0.118000
0 1.0 0.657333 0.058000 0.152000 0.116000
0 1.0 0.601333 0.069000 0.088000 0.110000
0 1.0 0.481333 0.664000 0.605333 0.536000
0 1.0 0.138667 0.656000 0.277333 0.632000
0 1.0 0.654667 0.874000 0.690667 0.252000
0 1.0 0.313333 0.502000 0.626667 0.444000
0 1.0 0.810667 0.079000 0.085333 0.146000
0 1.0 0.837333 0.038000 0.181333 0.076000
0 1.0 0.720000 0.063000 0.096000 0.126000
0 1.0 0.693333 0.036000 0.197333 0.072000
0 1.0 0.185333 0.056000 0.093333 0.112000
0 1.0 0.466667 0.056000 0.117333 0.112000
0 1.0 0.493333 0.257000 0.986667 0.470000
0 1.0 0.344000 0.055000 0.112000 0.110000
0 1.0 0.293333 0.058000 0.160000 0.116000
0 1.0 0.233333 0.057000 0.088000 0.114000
0 1.0 0.412000 0.038000 0.216000 0.076000
0 1.0 0.408000 0.055000 0.101333 0.110000
0 1.0 0.500000 0.075000 0.109333 0.150000
0 1.0 0.334667 0.075000 0.274667 0.150000
0 1.0 0.496000 0.033000 0.117333 0.066000
0 1.0 0.292000 0.053000 0.061333 0.094000
0 1.0 0.454667 0.925000 0.600000 0.150000
0 1.0 0.964000 0.063000 0.040000 0.082000
0 1.0 0.166667 0.924000 0.333333 0.152000
0 1.0 0.826667 0.845000 0.346667 0.210000
0 1.0 0.660000 0.133000 0.669333 0.266000
0 1.0 0.185333 0.338000 0.370667 0.620000
0 1.0 0.768000 0.079000 0.080000 0.146000
0 1.0 0.758667 0.047000 0.226667 0.094000
0 1.0 0.786667 0.923000 0.426667 0.154000
0 1.0 0.876000 0.072000 0.098667 0.144000
0 1.0 0.513333 0.241000 0.301333 0.482000
0 1.0 0.369333 0.122000 0.738667 0.244000
0 1.0 0.182667 0.906000 0.162667 0.160000
0 1.0 0.129333 0.888000 0.120000 0.224000
0 1.0 0.396000 0.915000 0.130667 0.170000
0 1.0 0.077333 0.895000 0.154667 0.194000
0 1.0 0.408000 0.916000 0.282667 0.148000
0 1.0 0.344000 0.916000 0.122667 0.168000
0 1.0 0.290667 0.919000 0.101333 0.162000
0 1.0 0.300000 0.921000 0.333333 0.114000
0 1.0 0.565333 0.899000 0.266667 0.202000
0 1.0 0.236000 0.920000 0.109333 0.160000
0 1.0 0.817333 0.837000 0.120000 0.206000
0 1.0 0.760000 0.820000 0.101333 0.216000
0 1.0 0.052000 0.912000 0.104000 0.120000
0 1.0 0.697333 0.881000 0.285333 0.142000
0 1.0 0.952000 0.858000 0.080000 0.156000
0 1.0 0.960000 0.845000 0.042667 0.118000
0 1.0 0.908000 0.870000 0.184000 0.124000
0 1.0 0.881333 0.811000 0.104000 0.198000
0 1.0 0.126667 0.966000 0.093333 0.060000
0 1.0 0.762667 0.887000 0.154667 0.206000
0 1.0 0.712000 0.886000 0.112000 0.216000
0 1.0 0.049333 0.962000 0.098667 0.076000
0 1.0 0.964000 0.918000 0.066667 0.164000
0 1.0 0.906667 0.919000 0.186667 0.122000
0 1.0 0.240000 0.960000 0.090667 0.080000
0 1.0 0.921333 0.868000 0.125333 0.264000
0 1.0 0.502667 0.915000 0.125333 0.162000
0 1.0 0.450667 0.925000 0.096000 0.150000
0 1.0 0.658667 0.904000 0.112000 0.172000
0 1.0 0.646667 0.921000 0.290667 0.122000
0 1.0 0.609333 0.912000 0.109333 0.176000
0 1.0 0.552000 0.916000 0.101333 0.168000
0 1.0 0.705333 0.814000 0.322667 0.144000
0 1.0 0.917333 0.813000 0.165333 0.118000
0 1.0 0.289333 0.872000 0.200000 0.200000
0 1.0 0.822667 0.815000 0.221333 0.130000
0 1.0 0.501333 0.824000 0.101333 0.116000
0 1.0 0.456000 0.822000 0.112000 0.128000
0 1.0 0.674667 0.819000 0.128000 0.138000
0 1.0 0.580000 0.825000 0.098667 0.110000
0 1.0 0.492000 0.881000 0.296000 0.134000
0 1.0 0.454667 0.855000 0.066667 0.118000
0 1.0 0.345333 0.855000 0.072000 0.154000
0 1.0 0.616000 0.852000 0.090667 0.196000
0 1.0 0.553333 0.868000 0.077333 0.168000
0 1.0 0.388000 0.855000 0.077333 0.162000
0 1.0 0.040000 0.868000 0.080000 0.120000
0 1.0 0.293333 0.864000 0.064000 0.132000
0 1.0 0.234667 0.861000 0.080000 0.170000
0 1.0 0.184000 0.851000 0.096000 0.202000
0 1.0 0.293333 0.234000 0.202667 0.248000
0 1.0 0.238667 0.232000 0.130667 0.316000
0 1.0 0.241333 0.230000 0.338667 0.140000
0 1.0 0.381333 0.234000 0.282667 0.132000
0 1.0 0.352000 0.223000 0.149333 0.334000
0 1.0 0.458667 0.236000 0.176000 0.116000
0 1.0 0.601333 0.234000 0.322667 0.148000
0 1.0 0.582667 0.213000 0.178667 0.322000
0 1.0 0.726667 0.233000 0.520000 0.278000
0 1.0 0.657333 0.158000 0.146667 0.316000
0 1.0 0.840000 0.181000 0.298667 0.138000
0 1.0 0.316000 0.231000 0.434667 0.450000
0 1.0 0.118667 0.228000 0.237333 0.128000
0 1.0 0.486667 0.229000 0.578667 0.286000
0 1.0 0.920000 0.182000 0.160000 0.116000
0 1.0 0.820000 0.943000 0.173333 0.114000
0 1.0 0.540000 0.952000 0.157333 0.088000
0 1.0 0.509333 0.961000 0.085333 0.054000
0 1.0 0.396000 0.950000 0.082667 0.100000
0 1.0 0.446667 0.960000 0.136000 0.064000
0 1.0 0.678667 0.950000 0.200000 0.092000
0 1.0 0.622667 0.956000 0.098667 0.056000
0 1.0 0.597333 0.949000 0.160000 0.086000
0 1.0 0.665333 0.956000 0.120000 0.060000
0 1.0 0.188000 0.951000 0.104000 0.098000
0 1.0 0.345333 0.956000 0.077333 0.088000
0 1.0 0.353333 0.953000 0.226667 0.094000
0 1.0 0.292000 0.959000 0.072000 0.082000
0 1.0 0.560000 0.959000 0.101333 0.058000
0 1.0 0.782667 0.239000 0.322667 0.130000
0 1.0 0.768000 0.190000 0.149333 0.272000
0 1.0 0.934667 0.957000 0.130667 0.086000
0 1.0 0.765333 0.956000 0.181333 0.076000
0 1.0 0.762667 0.931000 0.106667 0.138000
0 1.0 0.433333 0.656000 0.632000 0.240000
0 1.0 0.577333 0.617000 0.248000 0.598000
0 1.0 0.680000 0.490000 0.565333 0.452000
0 1.0 0.646667 0.859000 0.242667 0.282000
0 1.0 0.872000 0.245000 0.256000 0.442000
0 1.0 0.124000 0.176000 0.248000 0.352000
0 1.0 0.245333 0.565000 0.218667 0.558000
0 1.0 0.448000 0.454000 0.186667 0.656000
0 1.0 0.352000 0.584000 0.282667 0.536000
0 1.0 0.101333 0.446000 0.202667 0.392000
0 1.0 0.648000 0.444000 0.224000 0.704000
0 1.0 0.564000 0.471000 0.392000 0.942000
0 1.0 0.446667 0.859000 0.242667 0.282000