0 1.0 0.157031 0.179167 0.314063 0.345833
0 1.0 0.762500 0.555208 0.240625 0.172917
0 1.0 0.705469 0.566667 0.120313 0.241667
0 1.0 0.950781 0.584375 0.070312 0.189583
0 1.0 0.925000 0.556250 0.150000 0.158333
0 1.0 0.921875 0.548958 0.115625 0.393750
0 1.0 0.603906 0.569792 0.126562 0.260417
0 1.0 0.230469 0.598958 0.176563 0.247917
0 1.0 0.186719 0.601042 0.289062 0.139583
0 1.0 0.874219 0.536458 0.148438 0.352083
0 1.0 0.799219 0.550000 0.132812 0.108333
0 1.0 0.083594 0.598958 0.164062 0.252083
0 1.0 0.132031 0.606250 0.089063 0.104167
0 1.0 0.635938 0.554167 0.228125 0.141667
0 1.0 0.446094 0.551042 0.207813 0.281250
0 1.0 0.346875 0.553125 0.228125 0.189583
0 1.0 0.296094 0.567708 0.129688 0.306250
0 1.0 0.260937 0.548958 0.300000 0.147917
0 1.0 0.553906 0.557292 0.154688 0.297917
0 1.0 0.351562 0.546875 0.146875 0.314583
0 1.0 0.819531 0.555208 0.139063 0.289583
0 1.0 0.761719 0.566667 0.126562 0.250000
0 1.0 0.450000 0.601042 0.125000 0.272917
0 1.0 0.467969 0.603125 0.254688 0.135417
0 1.0 0.484375 0.603125 0.109375 0.127083
0 1.0 0.233594 0.597917 0.120313 0.133333
0 1.0 0.672656 0.600000 0.273438 0.141667
0 1.0 0.666406 0.604167 0.142187 0.216667
0 1.0 0.872656 0.604167 0.254688 0.129167
0 1.0 0.579688 0.608333 0.240625 0.133333
0 1.0 0.799219 0.602083 0.245312 0.166667
0 1.0 0.435156 0.598958 0.114062 0.127083
0 1.0 0.369531 0.597917 0.126562 0.137500
0 1.0 0.032813 0.613542 0.059375 0.239583
0 1.0 0.089063 0.607292 0.046875 0.072917
0 1.0 0.078125 0.603125 0.128125 0.089583
0 1.0 0.275781 0.603125 0.076563 0.106250
0 1.0 0.328906 0.494792 0.270313 0.127083
0 1.0 0.560937 0.496875 0.278125 0.135417
0 1.0 0.225781 0.511458 0.173437 0.189583
0 1.0 0.807813 0.501042 0.240625 0.185417
0 1.0 0.714844 0.510417 0.239063 0.170833
0 1.0 0.226562 0.498958 0.293750 0.122917
0 1.0 0.872656 0.439583 0.254688 0.141667
0 1.0 0.826562 0.440625 0.109375 0.097917
0 1.0 0.125781 0.495833 0.129688 0.287500
0 1.0 0.392188 0.498958 0.128125 0.347917
0 1.0 0.074219 0.506250 0.132812 0.283333
0 1.0 0.128906 0.501042 0.120313 0.131250
0 1.0 0.038281 0.502083 0.076563 0.320833
0 1.0 0.075781 0.497917 0.142187 0.095833
0 1.0 0.081250 0.548958 0.131250 0.093750
0 1.0 0.492969 0.548958 0.270313 0.143750
0 1.0 0.159375 0.553125 0.171875 0.114583
0 1.0 0.933594 0.498958 0.132812 0.114583
0 1.0 0.661719 0.510417 0.226562 0.291667
0 1.0 0.810937 0.495833 0.131250 0.108333
0 1.0 0.924219 0.711458 0.132812 0.327083
0 1.0 0.914844 0.708333 0.164062 0.158333
0 1.0 0.871875 0.725000 0.128125 0.329167
0 1.0 0.848437 0.708333 0.115625 0.100000
0 1.0 0.555469 0.696875 0.117188 0.285417
0 1.0 0.567187 0.701042 0.128125 0.118750
0 1.0 0.498437 0.704167 0.125000 0.279167
0 1.0 0.514844 0.703125 0.289062 0.131250
0 1.0 0.771094 0.706250 0.126562 0.333333
0 1.0 0.771875 0.703125 0.306250 0.139583
0 1.0 0.821094 0.713542 0.185938 0.239583
0 1.0 0.106250 0.780208 0.212500 0.347917
0 1.0 0.029687 0.745833 0.059375 0.233333
0 1.0 0.057813 0.760417 0.115625 0.087500
0 1.0 0.662500 0.702083 0.193750 0.145833
0 1.0 0.058594 0.766667 0.042188 0.066667
0 1.0 0.703125 0.691667 0.131250 0.283333
0 1.0 0.301563 0.719792 0.046875 0.081250
0 1.0 0.284375 0.700000 0.225000 0.341667
0 1.0 0.299219 0.708333 0.132812 0.195833
0 1.0 0.239063 0.711458 0.193750 0.114583
0 1.0 0.274219 0.714583 0.073438 0.100000
0 1.0 0.447656 0.721875 0.098437 0.227083
0 1.0 0.482031 0.714583 0.107813 0.116667
0 1.0 0.132031 0.731250 0.114062 0.300000
0 1.0 0.140625 0.709375 0.259375 0.131250
0 1.0 0.150781 0.715625 0.123438 0.135417
0 1.0 0.390625 0.706250 0.112500 0.283333
0 1.0 0.605469 0.700000 0.132812 0.295833
0 1.0 0.335938 0.775000 0.125000 0.329167
0 1.0 0.357031 0.764583 0.201563 0.112500
0 1.0 0.610938 0.765625 0.306250 0.131250
0 1.0 0.609375 0.760417 0.237500 0.312500
0 1.0 0.231250 0.771875 0.128125 0.364583
0 1.0 0.239063 0.767708 0.221875 0.118750
0 1.0 0.271875 0.773958 0.090625 0.110417
0 1.0 0.501563 0.759375 0.231250 0.289583
0 1.0 0.561719 0.769792 0.145313 0.122917
0 1.0 0.764844 0.766667 0.248438 0.166667
0 1.0 0.401562 0.768750 0.234375 0.291667
0 1.0 0.301563 0.776042 0.046875 0.077083
0 1.0 0.953906 0.747917 0.057813 0.220833
0 1.0 0.178125 0.780208 0.146875 0.293750
0 1.0 0.142969 0.764583 0.242188 0.137500
0 1.0 0.446875 0.765625 0.259375 0.131250
0 1.0 0.467187 0.767708 0.100000 0.114583
0 1.0 0.144531 0.773958 0.073438 0.102083
0 1.0 0.481250 0.664583 0.187500 0.116667
0 1.0 0.197656 0.653125 0.142187 0.206250
0 1.0 0.142969 0.659375 0.254688 0.135417
0 1.0 0.400781 0.633333 0.226562 0.316667
0 1.0 0.339844 0.650000 0.110937 0.300000
0 1.0 0.369531 0.662500 0.229687 0.120833
0 1.0 0.126562 0.657292 0.221875 0.318750
0 1.0 0.661719 0.647917 0.223438 0.162500
0 1.0 0.501563 0.633333 0.221875 0.283333
0 1.0 0.293750 0.661458 0.065625 0.106250
0 1.0 0.257812 0.658333 0.228125 0.133333
0 1.0 0.128906 0.659375 0.104688 0.122917
0 1.0 0.067187 0.661458 0.134375 0.097917
0 1.0 0.071875 0.663542 0.056250 0.085417
0 1.0 0.957812 0.654167 0.053125 0.212500
0 1.0 0.944531 0.604167 0.110937 0.108333
0 1.0 0.783594 0.608333 0.135937 0.100000
0 1.0 0.878125 0.611458 0.100000 0.239583
0 1.0 0.826562 0.613542 0.075000 0.093750
0 1.0 0.821094 0.660417 0.295312 0.137500
0 1.0 0.350781 0.711458 0.192188 0.118750
0 1.0 0.951562 0.657292 0.096875 0.114583
0 1.0 0.576562 0.657292 0.228125 0.127083
0 1.0 0.058594 0.710417 0.117188 0.095833
0 1.0 0.053125 0.714583 0.050000 0.079167
0 1.0 0.817187 0.663542 0.109375 0.097917
0 1.0 0.290625 0.297917 0.118750 0.258333
0 1.0 0.297656 0.283333 0.304688 0.133333
0 1.0 0.079687 0.260417 0.159375 0.295833
0 1.0 0.056250 0.287500 0.090625 0.166667
0 1.0 0.960156 0.229167 0.073438 0.275000
0 1.0 0.929688 0.234375 0.140625 0.118750
0 1.0 0.210156 0.286458 0.242188 0.260417
0 1.0 0.876563 0.210417 0.165625 0.308333
0 1.0 0.492188 0.286458 0.228125 0.189583
0 1.0 0.483594 0.287500 0.148438 0.116667
0 1.0 0.131250 0.285417 0.156250 0.312500
0 1.0 0.142969 0.285417 0.273438 0.150000
0 1.0 0.357031 0.293750 0.104688 0.154167
0 1.0 0.382031 0.285417 0.114062 0.095833
0 1.0 0.675781 0.236458 0.310937 0.143750
0 1.0 0.839063 0.237500 0.268750 0.133333
0 1.0 0.608594 0.236458 0.176563 0.252083
0 1.0 0.547656 0.247917 0.126562 0.250000
0 1.0 0.554688 0.234375 0.300000 0.143750
0 1.0 0.799219 0.223958 0.270313 0.306250
0 1.0 0.655469 0.222917 0.135937 0.329167
0 1.0 0.037500 0.275000 0.075000 0.300000
0 1.0 0.075000 0.288542 0.121875 0.085417
0 1.0 0.712500 0.219792 0.140625 0.327083
0 1.0 0.066406 0.341667 0.104688 0.112500
0 1.0 0.721875 0.260417 0.096875 0.183333
0 1.0 0.717187 0.287500 0.250000 0.183333
0 1.0 0.664844 0.260417 0.082812 0.162500
0 1.0 0.921875 0.262500 0.131250 0.304167
0 1.0 0.890625 0.289583 0.218750 0.162500
0 1.0 0.835938 0.292708 0.178125 0.102083
0 1.0 0.882812 0.255208 0.078125 0.139583
0 1.0 0.190625 0.332292 0.121875 0.289583
0 1.0 0.143750 0.344792 0.284375 0.152083
0 1.0 0.806250 0.269792 0.128125 0.293750
0 1.0 0.810937 0.267708 0.084375 0.168750
0 1.0 0.432031 0.287500 0.167187 0.137500
0 1.0 0.410156 0.279167 0.226562 0.262500
0 1.0 0.614062 0.292708 0.240625 0.131250
0 1.0 0.612500 0.255208 0.106250 0.181250
0 1.0 0.314063 0.288542 0.128125 0.114583
0 1.0 0.771094 0.260417 0.114062 0.216667
0 1.0 0.394531 0.297917 0.110937 0.233333
0 1.0 0.551562 0.182292 0.315625 0.143750
0 1.0 0.820312 0.153125 0.168750 0.272917
0 1.0 0.781250 0.175000 0.340625 0.137500
0 1.0 0.453906 0.205208 0.110937 0.231250
0 1.0 0.457813 0.179167 0.256250 0.295833
0 1.0 0.763281 0.170833 0.145313 0.283333
0 1.0 0.082031 0.235417 0.164062 0.116667
0 1.0 0.604688 0.162500 0.265625 0.312500
0 1.0 0.919531 0.159375 0.160938 0.281250
0 1.0 0.057031 0.039583 0.114062 0.079167
0 1.0 0.237500 0.500000 0.446875 1.000000
0 1.0 0.450000 0.741667 0.900000 0.470833
0 1.0 0.385937 0.186458 0.109375 0.256250
0 1.0 0.520312 0.248958 0.959375 0.447917
0 1.0 0.178906 0.085417 0.329688 0.170833
0 1.0 0.192969 0.065625 0.179688 0.127083
0 1.0 0.135937 0.087500 0.075000 0.141667
0 1.0 0.162500 0.039583 0.178125 0.079167
0 1.0 0.409375 0.182292 0.315625 0.143750
0 1.0 0.659375 0.170833 0.262500 0.175000
0 1.0 0.140625 0.031250 0.096875 0.058333
0 1.0 0.078125 0.073958 0.128125 0.143750
0 1.0 0.025781 0.084375 0.039062 0.081250
0 1.0 0.082031 0.027083 0.070312 0.054167
0 1.0 0.289844 0.207292 0.160938 0.277083
0 1.0 0.226562 0.219792 0.121875 0.293750
0 1.0 0.495312 0.244792 0.128125 0.260417
0 1.0 0.876563 0.167708 0.162500 0.110417
0 1.0 0.342187 0.230208 0.112500 0.268750
0 1.0 0.350781 0.240625 0.223438 0.127083
0 1.0 0.930469 0.175000 0.139063 0.112500
0 1.0 0.169531 0.420833 0.239063 0.279167
0 1.0 0.192188 0.458333 0.100000 0.129167
0 1.0 0.817969 0.398958 0.104688 0.202083
0 1.0 0.821875 0.377083 0.265625 0.291667
0 1.0 0.762500 0.387500 0.118750 0.279167
0 1.0 0.784375 0.396875 0.315625 0.122917
0 1.0 0.140625 0.444792 0.103125 0.093750
0 1.0 0.088281 0.442708 0.051562 0.064583
0 1.0 0.291406 0.452083 0.114062 0.225000
0 1.0 0.919531 0.398958 0.139063 0.293750
0 1.0 0.291406 0.438542 0.239063 0.252083
0 1.0 0.231250 0.473958 0.100000 0.160417
0 1.0 0.270313 0.453125 0.096875 0.081250
0 1.0 0.941406 0.396875 0.117188 0.177083
0 1.0 0.269531 0.447917 0.217188 0.116667
0 1.0 0.542188 0.379167 0.246875 0.300000
0 1.0 0.499219 0.389583 0.298438 0.141667
0 1.0 0.709375 0.409375 0.115625 0.260417
0 1.0 0.710156 0.377083 0.251563 0.300000
0 1.0 0.402344 0.395833 0.129688 0.241667
0 1.0 0.058594 0.444792 0.114062 0.114583
0 1.0 0.961719 0.434375 0.057813 0.189583
0 1.0 0.666406 0.390625 0.295312 0.127083
0 1.0 0.663281 0.398958 0.110937 0.235417
0 1.0 0.607031 0.456250 0.117188 0.283333
0 1.0 0.628906 0.451042 0.232813 0.118750
0 1.0 0.391406 0.436458 0.223438 0.164583
0 1.0 0.496094 0.437500 0.139063 0.358333
0 1.0 0.480469 0.445833 0.242188 0.129167
0 1.0 0.766406 0.487500 0.107813 0.229167
0 1.0 0.668750 0.471875 0.096875 0.189583
0 1.0 0.555469 0.443750 0.123438 0.258333
0 1.0 0.438281 0.443750 0.132812 0.316667
0 1.0 0.725781 0.450000 0.217188 0.104167
0 1.0 0.709375 0.494792 0.090625 0.160417
0 1.0 0.310156 0.442708 0.110937 0.089583
0 1.0 0.611719 0.443750 0.239063 0.312500
0 1.0 0.725000 0.339583 0.203125 0.137500
0 1.0 0.339062 0.378125 0.087500 0.185417
0 1.0 0.385156 0.344792 0.145313 0.106250
0 1.0 0.609375 0.321875 0.137500 0.289583
0 1.0 0.429688 0.342708 0.150000 0.139583
0 1.0 0.826562 0.345833 0.225000 0.108333
0 1.0 0.878125 0.338542 0.121875 0.210417
0 1.0 0.562500 0.328125 0.212500 0.143750
0 1.0 0.348438 0.334375 0.206250 0.285417
0 1.0 0.323437 0.347917 0.228125 0.120833
0 1.0 0.941406 0.287500 0.117188 0.108333
0 1.0 0.951562 0.267708 0.062500 0.152083
0 1.0 0.288281 0.375000 0.079687 0.170833
0 1.0 0.228125 0.362500 0.093750 0.204167
0 1.0 0.192969 0.397917 0.176563 0.120833
0 1.0 0.080469 0.404167 0.139063 0.279167
0 1.0 0.134375 0.395833 0.146875 0.133333
0 1.0 0.353906 0.398958 0.207813 0.122917
0 1.0 0.063281 0.396875 0.092188 0.097917
0 1.0 0.959375 0.338542 0.046875 0.147917
0 1.0 0.925781 0.341667 0.148438 0.112500
0 1.0 0.314063 0.408333 0.093750 0.112500
0 1.0 0.771875 0.676042 0.243750 0.518750
0 1.0 0.733594 0.651042 0.482812 0.227083
0 1.0 0.121875 0.146875 0.175000 0.268750
0 1.0 0.342187 0.631250 0.228125 0.516667
0 1.0 0.253906 0.646875 0.507812 0.231250
0 1.0 0.225000 0.657292 0.250000 0.527083
0 1.0 0.136719 0.628125 0.270313 0.643750
0 1.0 0.550781 0.648958 0.210938 0.518750
0 1.0 0.039844 0.137500 0.079687 0.229167
0 1.0 0.090625 0.114583 0.181250 0.133333
0 1.0 0.460156 0.646875 0.567187 0.227083
0 1.0 0.664844 0.544792 0.539062 0.235417
0 1.0 0.839063 0.560417 0.203125 0.633333
0 1.0 0.393750 0.113542 0.334375 0.152083
0 1.0 0.338281 0.127083 0.142187 0.241667
0 1.0 0.263281 0.116667 0.270313 0.233333
0 1.0 0.189844 0.145833 0.154688 0.258333
0 1.0 0.200000 0.838542 0.400000 0.206250
0 1.0 0.957031 0.121875 0.054688 0.168750
0 1.0 0.901563 0.081250 0.196875 0.150000
0 1.0 0.922656 0.112500 0.098437 0.195833
0 1.0 0.767969 0.078125 0.310937 0.156250
0 1.0 0.768750 0.085417 0.143750 0.170833
0 1.0 0.698438 0.101042 0.146875 0.202083
0 1.0 0.786719 0.761458 0.426563 0.243750
0 1.0 0.465625 0.843750 0.621875 0.191667
0 1.0 0.353906 0.765625 0.589063 0.235417
0 1.0 0.652344 0.659375 0.210938 0.510417
0 1.0 0.338281 0.719792 0.426563 0.435417
0 1.0 0.558594 0.767708 0.498437 0.272917
0 1.0 0.666406 0.337500 0.479687 0.287500
0 1.0 0.549219 0.341667 0.410938 0.500000
0 1.0 0.465625 0.348958 0.578125 0.218750
0 1.0 0.761719 0.333333 0.260937 0.566667
0 1.0 0.460156 0.453125 0.567187 0.218750
0 1.0 0.445312 0.437500 0.356250 0.475000
0 1.0 0.672656 0.109375 0.323437 0.156250
0 1.0 0.344531 0.331250 0.248438 0.525000
0 1.0 0.237500 0.306250 0.243750 0.587500
0 1.0 0.256250 0.348958 0.512500 0.235417
0 1.0 0.785156 0.451042 0.429688 0.218750
0 1.0 0.251563 0.546875 0.503125 0.227083
0 1.0 0.541406 0.527083 0.410938 0.420833
0 1.0 0.459375 0.544792 0.528125 0.231250
0 1.0 0.556250 0.139583 0.134375 0.254167
0 1.0 0.878125 0.086458 0.084375 0.135417
0 1.0 0.828125 0.085417 0.121875 0.170833
0 1.0 0.503906 0.071875 0.301563 0.143750
0 1.0 0.710156 0.060417 0.095312 0.120833
0 1.0 0.713281 0.046875 0.304688 0.093750
0 1.0 0.663281 0.062500 0.107813 0.125000
0 1.0 0.607812 0.053125 0.071875 0.106250
0 1.0 0.717969 0.492708 0.392188 0.743750
0 1.0 0.768750 0.069792 0.071875 0.139583
0 1.0 0.292969 0.087500 0.098437 0.154167
0 1.0 0.441406 0.052083 0.101562 0.104167
0 1.0 0.670312 0.663542 0.659375 0.672917
0 1.0 0.288281 0.043750 0.279687 0.087500
0 1.0 0.239844 0.093750 0.079687 0.141667
0 1.0 0.186719 0.097917 0.082812 0.145833
0 1.0 0.332031 0.078125 0.276562 0.156250
0 1.0 0.482812 0.498958 0.715625 0.743750
0 1.0 0.745313 0.878125 0.509375 0.243750
0 1.0 0.615625 0.072917 0.290625 0.145833
0 1.0 0.556250 0.047917 0.071875 0.095833
0 1.0 0.576562 0.039583 0.268750 0.079167
0 1.0 0.500000 0.062500 0.084375 0.120833
0 1.0 0.391406 0.072917 0.076563 0.133333
0 1.0 0.389062 0.050000 0.278125 0.100000
0 1.0 0.444531 0.066667 0.060937 0.091667
0 1.0 0.499219 0.108333 0.123438 0.216667
0 1.0 0.271875 0.920833 0.543750 0.158333
0 1.0 0.453125 0.108333 0.090625 0.175000
0 1.0 0.608594 0.104167 0.126562 0.208333
0 1.0 0.745313 0.115625 0.509375 0.231250
0 1.0 0.337500 0.133333 0.675000 0.266667
0 1.0 0.911719 0.041667 0.176563 0.083333
0 1.0 0.942187 0.078125 0.068750 0.135417
0 1.0 0.553906 0.917708 0.589063 0.164583
0 1.0 0.832812 0.922917 0.334375 0.154167
0 1.0 0.503125 0.832292 0.068750 0.147917
0 1.0 0.505469 0.865625 0.310937 0.135417
0 1.0 0.450000 0.817708 0.050000 0.102083
0 1.0 0.706250 0.860417 0.128125 0.250000
0 1.0 0.082812 0.333333 0.165625 0.666667
0 1.0 0.676562 0.842708 0.078125 0.156250
0 1.0 0.682031 0.863542 0.289062 0.160417
0 1.0 0.406250 0.868750 0.196875 0.200000
0 1.0 0.344531 0.873958 0.064062 0.147917
0 1.0 0.917969 0.871875 0.164062 0.127083
0 1.0 0.946094 0.882292 0.067187 0.118750
0 1.0 0.613281 0.854167 0.057813 0.120833
0 1.0 0.868750 0.877083 0.106250 0.183333
0 1.0 0.839063 0.860417 0.246875 0.241667
0 1.0 0.828125 0.869792 0.121875 0.189583
0 1.0 0.398438 0.844792 0.062500 0.143750
0 1.0 0.086719 0.841667 0.117188 0.229167
0 1.0 0.122656 0.876042 0.245312 0.156250
0 1.0 0.024219 0.847917 0.042188 0.137500
0 1.0 0.063281 0.870833 0.117188 0.095833
0 1.0 0.292187 0.867708 0.056250 0.118750
0 1.0 0.288281 0.877083 0.107813 0.170833
0 1.0 0.559375 0.833333 0.068750 0.154167
0 1.0 0.447656 0.834375 0.107813 0.164583
0 1.0 0.563281 0.860417 0.279687 0.237500
0 1.0 0.241406 0.872917 0.098437 0.200000
0 1.0 0.191406 0.852083 0.067187 0.175000
0 1.0 0.496875 0.882292 0.118750 0.235417
0 1.0 0.226562 0.887500 0.246875 0.216667
0 1.0 0.186719 0.894792 0.107813 0.210417
0 1.0 0.956250 0.869792 0.034375 0.081250
0 1.0 0.453906 0.905208 0.164062 0.172917
0 1.0 0.339844 0.897917 0.117188 0.204167
0 1.0 0.566406 0.904167 0.160938 0.179167
0 1.0 0.341406 0.911458 0.257812 0.152083
0 1.0 0.126562 0.887500 0.125000 0.225000
0 1.0 0.765625 0.873958 0.093750 0.197917
0 1.0 0.025000 0.904167 0.050000 0.154167
0 1.0 0.069531 0.919792 0.139063 0.102083
0 1.0 0.927344 0.858333 0.095312 0.225000
0 1.0 0.139844 0.828125 0.082812 0.114583
0 1.0 0.944531 0.769792 0.110937 0.156250
0 1.0 0.265625 0.828125 0.065625 0.093750
0 1.0 0.567187 0.818750 0.193750 0.133333
0 1.0 0.180469 0.817708 0.254688 0.135417
0 1.0 0.459375 0.815625 0.315625 0.131250
0 1.0 0.705469 0.773958 0.179688 0.235417
0 1.0 0.852344 0.762500 0.132812 0.100000
0 1.0 0.069531 0.817708 0.123438 0.089583
0 1.0 0.073438 0.826042 0.046875 0.072917
0 1.0 0.768750 0.820833 0.140625 0.316667
0 1.0 0.775000 0.819792 0.334375 0.147917
0 1.0 0.035156 0.860417 0.070312 0.212500
0 1.0 0.555469 0.812500 0.142187 0.266667
0 1.0 0.957812 0.845833 0.065625 0.220833
0 1.0 0.932031 0.814583 0.135937 0.116667
0 1.0 0.347656 0.816667 0.254688 0.120833
0 1.0 0.602344 0.817708 0.129688 0.306250
0 1.0 0.832812 0.821875 0.165625 0.118750
0 1.0 0.229687 0.177083 0.250000 0.141667
0 1.0 0.134375 0.177083 0.190625 0.129167
0 1.0 0.075781 0.177083 0.101562 0.087500
0 1.0 0.929688 0.960417 0.140625 0.079167
0 1.0 0.353125 0.184375 0.162500 0.114583
0 1.0 0.301563 0.176042 0.128125 0.127083
0 1.0 0.867188 0.961458 0.053125 0.047917
0 1.0 0.460156 0.069792 0.704688 0.139583
0 1.0 0.967969 0.950000 0.057813 0.100000
0 1.0 0.335938 0.222917 0.471875 0.316667
0 1.0 0.570312 0.234375 0.578125 0.252083
0 1.0 0.279687 0.951042 0.112500 0.077083
0 1.0 0.143750 0.951042 0.196875 0.097917
0 1.0 0.143750 0.961458 0.106250 0.064583
0 1.0 0.181250 0.960417 0.096875 0.062500
0 1.0 0.398438 0.933333 0.090625 0.133333
0 1.0 0.425000 0.962500 0.093750 0.058333
0 1.0 0.342969 0.943750 0.079687 0.112500
0 1.0 0.369531 0.962500 0.045312 0.045833
0 1.0 0.301563 0.958333 0.065625 0.050000
0 1.0 0.075000 0.964583 0.053125 0.050000
0 1.0 0.051562 0.962500 0.090625 0.075000
0 1.0 0.459375 0.912500 0.300000 0.120833
0 1.0 0.741406 0.908333 0.254688 0.129167
0 1.0 0.947656 0.912500 0.104688 0.175000
0 1.0 0.632812 0.912500 0.284375 0.120833
0 1.0 0.606250 0.937500 0.081250 0.125000
0 1.0 0.676562 0.964583 0.065625 0.054167
0 1.0 0.557031 0.930208 0.082812 0.139583
0 1.0 0.614062 0.964583 0.065625 0.050000
0 1.0 0.864844 0.959375 0.114062 0.068750
0 1.0 0.640625 0.955208 0.140625 0.089583
0 1.0 0.871094 0.936458 0.154688 0.127083
0 1.0 0.766406 0.931250 0.114062 0.137500
0 1.0 0.768750 0.962500 0.071875 0.054167
0 1.0 0.558594 0.964583 0.060937 0.050000
0 1.0 0.517188 0.953125 0.175000 0.093750
0 1.0 0.233594 0.958333 0.092188 0.058333
0 1.0 0.499219 0.930208 0.085938 0.139583
0 1.0 0.821875 0.962500 0.062500 0.050000
0 1.0 0.450781 0.930208 0.073438 0.139583
0 1.0 0.477344 0.965625 0.057813 0.047917
0 1.0 0.717187 0.933333 0.146875 0.133333
0 1.0 0.667188 0.926042 0.081250 0.147917
0 1.0 0.728906 0.963542 0.057813 0.052083
0 1.0 0.860938 0.651042 0.278125 0.272917
0 1.0 0.349219 0.842708 0.210938 0.314583
0 1.0 0.450781 0.842708 0.210938 0.314583
0 1.0 0.877344 0.335417 0.245312 0.458333
0 1.0 0.925000 0.835417 0.150000 0.329167