0 1.0 0.609375 0.542708 0.237500 0.372917
0 1.0 0.692187 0.563542 0.146875 0.339583
0 1.0 0.289844 0.691667 0.076563 0.175000
0 1.0 0.296094 0.673958 0.226562 0.260417
0 1.0 0.307031 0.673958 0.026562 0.039583
0 1.0 0.260937 0.664583 0.175000 0.075000
0 1.0 0.232813 0.681250 0.093750 0.233333
0 1.0 0.504687 0.641667 0.115625 0.245833
0 1.0 0.521094 0.661458 0.289062 0.114583
0 1.0 0.625000 0.651042 0.253125 0.214583
0 1.0 0.462500 0.668750 0.043750 0.058333
0 1.0 0.396875 0.662500 0.131250 0.262500
0 1.0 0.418750 0.659375 0.225000 0.089583
0 1.0 0.459375 0.665625 0.146875 0.160417
0 1.0 0.520312 0.670833 0.034375 0.045833
0 1.0 0.346875 0.669792 0.140625 0.160417
0 1.0 0.062500 0.661458 0.087500 0.068750
0 1.0 0.035937 0.672917 0.071875 0.287500
0 1.0 0.071875 0.667708 0.031250 0.056250
0 1.0 0.188281 0.664583 0.160938 0.125000
0 1.0 0.957812 0.603125 0.084375 0.089583
0 1.0 0.958594 0.632292 0.054688 0.122917
0 1.0 0.274219 0.665625 0.076563 0.077083
0 1.0 0.189844 0.687500 0.076563 0.216667
0 1.0 0.520312 0.630208 0.290625 0.260417
0 1.0 0.440625 0.676042 0.062500 0.156250
0 1.0 0.766406 0.631250 0.157812 0.254167
0 1.0 0.185938 0.676042 0.234375 0.281250
0 1.0 0.128906 0.678125 0.092188 0.264583
0 1.0 0.350781 0.661458 0.139063 0.072917
0 1.0 0.925000 0.665625 0.150000 0.260417
0 1.0 0.947656 0.666667 0.104688 0.166667
0 1.0 0.239844 0.718750 0.167187 0.195833
0 1.0 0.208594 0.713542 0.201563 0.093750
0 1.0 0.871875 0.638542 0.143750 0.243750
0 1.0 0.842187 0.662500 0.078125 0.079167
0 1.0 0.817969 0.661458 0.295312 0.152083
0 1.0 0.178906 0.719792 0.067187 0.081250
0 1.0 0.074219 0.718750 0.101562 0.333333
0 1.0 0.131250 0.712500 0.153125 0.083333
0 1.0 0.328125 0.713542 0.140625 0.077083
0 1.0 0.965625 0.696875 0.050000 0.147917
0 1.0 0.551562 0.626042 0.121875 0.260417
0 1.0 0.628125 0.667708 0.050000 0.081250
0 1.0 0.154688 0.716667 0.040625 0.062500
0 1.0 0.060156 0.714583 0.082812 0.062500
0 1.0 0.081250 0.718750 0.021875 0.045833
0 1.0 0.163281 0.609375 0.110937 0.110417
0 1.0 0.462500 0.609375 0.037500 0.056250
0 1.0 0.398438 0.594792 0.234375 0.260417
0 1.0 0.082031 0.609375 0.104688 0.268750
0 1.0 0.814063 0.591667 0.131250 0.312500
0 1.0 0.052344 0.604167 0.104688 0.075000
0 1.0 0.058594 0.608333 0.039062 0.058333
0 1.0 0.139063 0.609375 0.062500 0.077083
0 1.0 0.293750 0.621875 0.090625 0.160417
0 1.0 0.306250 0.612500 0.031250 0.050000
0 1.0 0.271094 0.605208 0.082812 0.089583
0 1.0 0.239844 0.604167 0.160938 0.187500
0 1.0 0.198437 0.603125 0.225000 0.114583
0 1.0 0.189844 0.618750 0.095312 0.208333
0 1.0 0.138281 0.611458 0.167187 0.218750
0 1.0 0.825000 0.542708 0.253125 0.197917
0 1.0 0.728125 0.543750 0.268750 0.145833
0 1.0 0.964063 0.598958 0.037500 0.122917
0 1.0 0.937500 0.552083 0.125000 0.137500
0 1.0 0.926562 0.554167 0.146875 0.270833
0 1.0 0.238281 0.619792 0.076563 0.160417
0 1.0 0.798438 0.547917 0.053125 0.079167
0 1.0 0.874219 0.554167 0.117188 0.229167
0 1.0 0.814063 0.551042 0.103125 0.122917
0 1.0 0.697656 0.585417 0.217188 0.120833
0 1.0 0.260937 0.606250 0.193750 0.083333
0 1.0 0.887500 0.606250 0.225000 0.120833
0 1.0 0.799219 0.610417 0.051562 0.062500
0 1.0 0.837500 0.611458 0.046875 0.064583
0 1.0 0.118750 0.661458 0.209375 0.097917
0 1.0 0.139844 0.669792 0.060937 0.077083
0 1.0 0.467969 0.561458 0.095312 0.127083
0 1.0 0.445312 0.627083 0.090625 0.154167
0 1.0 0.523438 0.609375 0.031250 0.043750
0 1.0 0.415625 0.603125 0.193750 0.085417
0 1.0 0.345313 0.616667 0.087500 0.216667
0 1.0 0.351562 0.604167 0.115625 0.091667
0 1.0 0.585938 0.605208 0.193750 0.114583
0 1.0 0.625781 0.611458 0.035937 0.052083
0 1.0 0.496875 0.604167 0.112500 0.066667
0 1.0 0.540625 0.605208 0.118750 0.085417
0 1.0 0.959375 0.780208 0.078125 0.160417
0 1.0 0.923438 0.766667 0.153125 0.275000
0 1.0 0.885156 0.765625 0.229687 0.122917
0 1.0 0.190625 0.815625 0.212500 0.143750
0 1.0 0.187500 0.812500 0.265625 0.279167
0 1.0 0.777344 0.765625 0.151562 0.093750
0 1.0 0.832031 0.773958 0.057813 0.068750
0 1.0 0.853906 0.750000 0.260937 0.300000
0 1.0 0.818750 0.743750 0.121875 0.295833
0 1.0 0.185156 0.817708 0.120313 0.243750
0 1.0 0.132031 0.819792 0.126562 0.252083
0 1.0 0.167187 0.819792 0.103125 0.106250
0 1.0 0.125000 0.816667 0.225000 0.100000
0 1.0 0.348438 0.800000 0.256250 0.270833
0 1.0 0.290625 0.814583 0.093750 0.229167
0 1.0 0.074219 0.825000 0.026562 0.050000
0 1.0 0.067187 0.814583 0.134375 0.291667
0 1.0 0.150000 0.825000 0.056250 0.075000
0 1.0 0.660156 0.761458 0.279687 0.114583
0 1.0 0.345313 0.765625 0.121875 0.272917
0 1.0 0.316406 0.764583 0.242188 0.112500
0 1.0 0.605469 0.746875 0.154688 0.197917
0 1.0 0.555469 0.745833 0.107813 0.241667
0 1.0 0.600781 0.766667 0.057813 0.070833
0 1.0 0.814844 0.760417 0.282813 0.162500
0 1.0 0.758594 0.737500 0.126562 0.254167
0 1.0 0.029687 0.820833 0.059375 0.295833
0 1.0 0.051562 0.816667 0.103125 0.070833
0 1.0 0.660156 0.734375 0.132812 0.206250
0 1.0 0.499219 0.755208 0.257812 0.160417
0 1.0 0.718750 0.727083 0.106250 0.220833
0 1.0 0.695312 0.731250 0.275000 0.229167
0 1.0 0.596875 0.820833 0.121875 0.258333
0 1.0 0.639062 0.806250 0.321875 0.129167
0 1.0 0.871875 0.814583 0.121875 0.300000
0 1.0 0.776563 0.817708 0.178125 0.097917
0 1.0 0.835156 0.822917 0.057813 0.070833
0 1.0 0.589844 0.814583 0.095312 0.091667
0 1.0 0.559375 0.812500 0.275000 0.262500
0 1.0 0.505469 0.808333 0.129688 0.320833
0 1.0 0.505469 0.807292 0.351562 0.131250
0 1.0 0.084375 0.881250 0.025000 0.050000
0 1.0 0.712500 0.798958 0.121875 0.181250
0 1.0 0.702344 0.819792 0.295312 0.239583
0 1.0 0.660156 0.820833 0.129688 0.250000
0 1.0 0.049219 0.878125 0.098437 0.168750
0 1.0 0.293750 0.819792 0.021875 0.043750
0 1.0 0.232031 0.814583 0.107813 0.275000
0 1.0 0.267188 0.814583 0.087500 0.091667
0 1.0 0.442188 0.827083 0.078125 0.225000
0 1.0 0.481250 0.814583 0.171875 0.095833
0 1.0 0.510156 0.818750 0.048438 0.070833
0 1.0 0.457031 0.808333 0.170313 0.200000
0 1.0 0.392969 0.805208 0.117188 0.310417
0 1.0 0.453125 0.817708 0.059375 0.072917
0 1.0 0.310156 0.809375 0.214062 0.102083
0 1.0 0.712500 0.640625 0.109375 0.206250
0 1.0 0.554688 0.332292 0.100000 0.222917
0 1.0 0.579688 0.291667 0.209375 0.116667
0 1.0 0.561719 0.295833 0.251563 0.275000
0 1.0 0.502344 0.329167 0.110937 0.225000
0 1.0 0.829688 0.715625 0.053125 0.060417
0 1.0 0.567969 0.691667 0.176563 0.154167
0 1.0 0.764844 0.704167 0.289062 0.120833
0 1.0 0.640625 0.703125 0.043750 0.064583
0 1.0 0.296094 0.730208 0.017188 0.031250
0 1.0 0.299219 0.729167 0.117188 0.154167
0 1.0 0.274219 0.720833 0.051562 0.062500
0 1.0 0.522656 0.706250 0.145313 0.108333
0 1.0 0.528125 0.721875 0.031250 0.052083
0 1.0 0.444531 0.707292 0.260937 0.252083
0 1.0 0.413281 0.711458 0.232813 0.093750
0 1.0 0.619531 0.295833 0.164062 0.200000
0 1.0 0.600000 0.329167 0.084375 0.216667
0 1.0 0.604688 0.316667 0.050000 0.112500
0 1.0 0.467969 0.720833 0.032813 0.054167
0 1.0 0.152344 0.769792 0.048438 0.068750
0 1.0 0.232813 0.770833 0.212500 0.100000
0 1.0 0.783594 0.710417 0.082812 0.070833
0 1.0 0.299219 0.780208 0.023438 0.043750
0 1.0 0.276562 0.770833 0.075000 0.087500
0 1.0 0.443750 0.762500 0.065625 0.158333
0 1.0 0.510156 0.769792 0.045312 0.064583
0 1.0 0.410156 0.763542 0.264062 0.106250
0 1.0 0.457813 0.770833 0.046875 0.066667
0 1.0 0.053906 0.763542 0.098437 0.064583
0 1.0 0.076563 0.770833 0.021875 0.045833
0 1.0 0.046094 0.769792 0.092188 0.172917
0 1.0 0.881250 0.706250 0.237500 0.120833
0 1.0 0.660156 0.706250 0.279687 0.100000
0 1.0 0.174219 0.769792 0.089063 0.097917
0 1.0 0.128125 0.764583 0.196875 0.091667
0 1.0 0.291406 0.409375 0.148438 0.243750
0 1.0 0.288281 0.389583 0.273438 0.158333
0 1.0 0.225781 0.428125 0.107813 0.268750
0 1.0 0.917188 0.352083 0.131250 0.304167
0 1.0 0.900000 0.348958 0.200000 0.160417
0 1.0 0.173437 0.387500 0.268750 0.170833
0 1.0 0.126562 0.425000 0.121875 0.295833
0 1.0 0.449219 0.429167 0.117188 0.191667
0 1.0 0.456250 0.398958 0.228125 0.152083
0 1.0 0.392188 0.425000 0.115625 0.283333
0 1.0 0.342969 0.425000 0.135937 0.270833
0 1.0 0.955469 0.355208 0.089063 0.147917
0 1.0 0.654687 0.334375 0.256250 0.289583
0 1.0 0.673438 0.364583 0.146875 0.145833
0 1.0 0.845313 0.351042 0.156250 0.093750
0 1.0 0.873437 0.371875 0.075000 0.143750
0 1.0 0.811719 0.388542 0.082812 0.168750
0 1.0 0.821094 0.347917 0.304688 0.125000
0 1.0 0.074219 0.428125 0.123438 0.289583
0 1.0 0.128125 0.390625 0.165625 0.110417
0 1.0 0.025781 0.439583 0.051562 0.220833
0 1.0 0.071875 0.386458 0.131250 0.089583
0 1.0 0.049219 0.400000 0.098437 0.158333
0 1.0 0.960938 0.362500 0.031250 0.087500
0 1.0 0.753906 0.415625 0.070312 0.127083
0 1.0 0.601562 0.471875 0.056250 0.127083
0 1.0 0.873437 0.434375 0.115625 0.256250
0 1.0 0.767188 0.405208 0.165625 0.102083
0 1.0 0.858594 0.403125 0.260937 0.306250
0 1.0 0.810937 0.450000 0.093750 0.208333
0 1.0 0.817969 0.452083 0.060937 0.125000
0 1.0 0.774219 0.407292 0.254688 0.152083
0 1.0 0.128125 0.438542 0.100000 0.089583
0 1.0 0.106250 0.436458 0.196875 0.164583
0 1.0 0.754687 0.460417 0.056250 0.095833
0 1.0 0.962500 0.462500 0.050000 0.166667
0 1.0 0.940625 0.396875 0.118750 0.106250
0 1.0 0.612500 0.467708 0.031250 0.068750
0 1.0 0.627344 0.404167 0.282813 0.137500
0 1.0 0.631250 0.415625 0.134375 0.131250
0 1.0 0.553906 0.484375 0.064062 0.127083
0 1.0 0.750781 0.465625 0.085938 0.160417
0 1.0 0.566406 0.422917 0.126562 0.137500
0 1.0 0.509375 0.459375 0.078125 0.177083
0 1.0 0.527344 0.395833 0.182812 0.100000
0 1.0 0.572656 0.405208 0.260937 0.256250
0 1.0 0.710156 0.471875 0.098437 0.160417
0 1.0 0.717187 0.464583 0.056250 0.087500
0 1.0 0.706250 0.423958 0.140625 0.127083
0 1.0 0.663281 0.452083 0.085938 0.162500
0 1.0 0.675000 0.448958 0.037500 0.072917
0 1.0 0.059375 0.361458 0.062500 0.093750
0 1.0 0.961719 0.322917 0.045312 0.150000
0 1.0 0.961719 0.288542 0.076563 0.093750
0 1.0 0.932813 0.291667 0.134375 0.145833
0 1.0 0.680469 0.332292 0.048438 0.093750
0 1.0 0.818750 0.389583 0.053125 0.104167
0 1.0 0.872656 0.297917 0.110937 0.262500
0 1.0 0.842187 0.291667 0.081250 0.075000
0 1.0 0.878906 0.286458 0.057813 0.114583
0 1.0 0.837500 0.295833 0.190625 0.133333
0 1.0 0.200000 0.359375 0.068750 0.102083
0 1.0 0.133594 0.376042 0.085938 0.156250
0 1.0 0.817969 0.285417 0.251563 0.295833
0 1.0 0.103125 0.347917 0.206250 0.250000
0 1.0 0.018750 0.381250 0.034375 0.104167
0 1.0 0.088281 0.350000 0.089063 0.075000
0 1.0 0.236719 0.060417 0.098437 0.120833
0 1.0 0.690625 0.683333 0.618750 0.633333
0 1.0 0.180469 0.083333 0.270313 0.166667
0 1.0 0.192188 0.052083 0.118750 0.104167
0 1.0 0.133594 0.075000 0.076563 0.141667
0 1.0 0.150000 0.031250 0.140625 0.062500
0 1.0 0.076563 0.071875 0.062500 0.110417
0 1.0 0.816406 0.316667 0.092188 0.212500
0 1.0 0.075000 0.026042 0.056250 0.047917
0 1.0 0.764844 0.322917 0.089063 0.200000
0 1.0 0.713281 0.293750 0.182812 0.195833
0 1.0 0.775000 0.306250 0.050000 0.095833
0 1.0 0.710938 0.332292 0.090625 0.197917
0 1.0 0.718750 0.314583 0.062500 0.108333
0 1.0 0.343750 0.362500 0.090625 0.150000
0 1.0 0.344531 0.344792 0.295312 0.122917
0 1.0 0.607031 0.406250 0.048438 0.125000
0 1.0 0.632812 0.345833 0.306250 0.120833
0 1.0 0.557813 0.394792 0.065625 0.122917
0 1.0 0.514844 0.344792 0.310937 0.118750
0 1.0 0.719531 0.414583 0.054688 0.079167
0 1.0 0.675000 0.418750 0.056250 0.120833
0 1.0 0.686719 0.412500 0.039062 0.075000
0 1.0 0.290625 0.372917 0.087500 0.170833
0 1.0 0.317188 0.361458 0.075000 0.097917
0 1.0 0.239844 0.352083 0.154688 0.150000
0 1.0 0.229687 0.379167 0.071875 0.125000
0 1.0 0.185938 0.358333 0.137500 0.208333
0 1.0 0.444531 0.354167 0.045312 0.087500
0 1.0 0.441406 0.361458 0.126562 0.185417
0 1.0 0.391406 0.342708 0.251563 0.260417
0 1.0 0.083594 0.384375 0.073438 0.131250
0 1.0 0.740625 0.490625 0.275000 0.147917
0 1.0 0.743750 0.505208 0.134375 0.218750
0 1.0 0.035937 0.551042 0.071875 0.327083
0 1.0 0.040625 0.554167 0.065625 0.087500
0 1.0 0.964844 0.548958 0.042188 0.135417
0 1.0 0.945312 0.496875 0.109375 0.102083
0 1.0 0.874219 0.496875 0.251563 0.139583
0 1.0 0.588281 0.501042 0.114062 0.143750
0 1.0 0.516406 0.533333 0.076563 0.179167
0 1.0 0.542969 0.505208 0.157812 0.102083
0 1.0 0.525781 0.493750 0.251563 0.275000
0 1.0 0.445312 0.519792 0.100000 0.172917
0 1.0 0.174219 0.491667 0.251563 0.341667
0 1.0 0.183594 0.492708 0.132812 0.218750
0 1.0 0.473438 0.509375 0.093750 0.135417
0 1.0 0.418750 0.500000 0.184375 0.100000
0 1.0 0.444531 0.542708 0.054688 0.131250
0 1.0 0.513281 0.514583 0.054688 0.075000
0 1.0 0.610156 0.527083 0.110937 0.245833
0 1.0 0.287500 0.508333 0.090625 0.262500
0 1.0 0.270313 0.496875 0.175000 0.106250
0 1.0 0.542188 0.530208 0.059375 0.122917
0 1.0 0.595313 0.500000 0.278125 0.141667
0 1.0 0.564844 0.546875 0.139063 0.093750
0 1.0 0.443750 0.594792 0.046875 0.114583
0 1.0 0.531250 0.546875 0.065625 0.064583
0 1.0 0.460938 0.544792 0.256250 0.285417
0 1.0 0.149219 0.553125 0.245312 0.127083
0 1.0 0.390625 0.544792 0.100000 0.293750
0 1.0 0.419531 0.546875 0.264062 0.114583
0 1.0 0.547656 0.557292 0.085938 0.193750
0 1.0 0.626563 0.541667 0.209375 0.141667
0 1.0 0.303906 0.559375 0.079687 0.097917
0 1.0 0.126562 0.544792 0.093750 0.322917
0 1.0 0.085156 0.540625 0.160938 0.247917
0 1.0 0.378906 0.551042 0.123438 0.089583
0 1.0 0.347656 0.545833 0.120313 0.262500
0 1.0 0.285156 0.555208 0.220312 0.110417
0 1.0 0.298438 0.539583 0.234375 0.300000
0 1.0 0.234375 0.557292 0.096875 0.231250
0 1.0 0.629687 0.452083 0.053125 0.066667
0 1.0 0.559375 0.520833 0.040625 0.066667
0 1.0 0.582812 0.455208 0.215625 0.135417
0 1.0 0.539844 0.451042 0.089063 0.077083
0 1.0 0.451562 0.477083 0.075000 0.133333
0 1.0 0.527344 0.500000 0.045312 0.095833
0 1.0 0.685156 0.452083 0.273438 0.125000
0 1.0 0.672656 0.453125 0.135937 0.093750
0 1.0 0.664844 0.481250 0.167187 0.200000
0 1.0 0.599219 0.530208 0.045312 0.106250
0 1.0 0.664844 0.502083 0.064062 0.129167
0 1.0 0.260937 0.438542 0.106250 0.089583
0 1.0 0.243750 0.439583 0.262500 0.166667
0 1.0 0.202344 0.441667 0.126562 0.104167
0 1.0 0.403125 0.441667 0.246875 0.120833
0 1.0 0.353906 0.440625 0.029687 0.056250
0 1.0 0.082031 0.440625 0.029687 0.052083
0 1.0 0.310156 0.458333 0.104688 0.158333
0 1.0 0.239844 0.492708 0.170313 0.243750
0 1.0 0.183594 0.498958 0.273438 0.135417
0 1.0 0.735938 0.452083 0.025000 0.050000
0 1.0 0.521094 0.454167 0.023438 0.045833
0 1.0 0.353906 0.497917 0.139063 0.100000
0 1.0 0.039062 0.494792 0.078125 0.102083
0 1.0 0.450781 0.475000 0.039062 0.087500
0 1.0 0.824219 0.496875 0.067187 0.152083
0 1.0 0.965625 0.506250 0.037500 0.112500
0 1.0 0.910156 0.451042 0.129688 0.189583
0 1.0 0.860938 0.448958 0.268750 0.131250
0 1.0 0.957812 0.444792 0.084375 0.077083
0 1.0 0.670312 0.119792 0.300000 0.143750
0 1.0 0.665625 0.137500 0.134375 0.258333
0 1.0 0.602344 0.144792 0.120313 0.289583
0 1.0 0.818750 0.144792 0.121875 0.289583
0 1.0 0.818750 0.116667 0.300000 0.150000
0 1.0 0.271875 0.753125 0.543750 0.222917
0 1.0 0.560156 0.120833 0.235937 0.175000
0 1.0 0.500000 0.146875 0.128125 0.293750
0 1.0 0.107031 0.173958 0.195312 0.335417
0 1.0 0.033594 0.189583 0.067187 0.320833
0 1.0 0.057031 0.182292 0.114062 0.085417
0 1.0 0.765625 0.147917 0.125000 0.295833
0 1.0 0.964844 0.162500 0.064062 0.212500
0 1.0 0.938281 0.125000 0.123438 0.112500
0 1.0 0.370312 0.651042 0.609375 0.202083
0 1.0 0.771875 0.137500 0.275000 0.275000
0 1.0 0.711719 0.154167 0.126562 0.308333
0 1.0 0.917969 0.151042 0.120313 0.302083
0 1.0 0.056250 0.121875 0.112500 0.206250
0 1.0 0.633594 0.846875 0.632812 0.202083
0 1.0 0.224219 0.144792 0.276562 0.289583
0 1.0 0.182812 0.152083 0.121875 0.295833
0 1.0 0.364844 0.848958 0.645312 0.189583
0 1.0 0.875000 0.116667 0.134375 0.233333
0 1.0 0.861719 0.078125 0.204687 0.127083
0 1.0 0.125000 0.119792 0.215625 0.131250
0 1.0 0.046875 0.121875 0.093750 0.110417
0 1.0 0.445312 0.133333 0.143750 0.266667
0 1.0 0.474219 0.126042 0.117188 0.127083
0 1.0 0.392969 0.143750 0.126562 0.287500
0 1.0 0.403125 0.122917 0.306250 0.141667
0 1.0 0.341406 0.143750 0.132812 0.287500
0 1.0 0.554688 0.147917 0.128125 0.295833
0 1.0 0.288281 0.126042 0.185938 0.227083
0 1.0 0.270313 0.129167 0.093750 0.108333
0 1.0 0.718750 0.180208 0.300000 0.135417
0 1.0 0.755469 0.492708 0.257812 0.431250
0 1.0 0.607031 0.461458 0.482812 0.222917
0 1.0 0.507031 0.183333 0.248438 0.170833
0 1.0 0.659375 0.181250 0.256250 0.329167
0 1.0 0.612500 0.181250 0.250000 0.175000
0 1.0 0.890625 0.176042 0.218750 0.168750
0 1.0 0.852344 0.180208 0.148438 0.106250
0 1.0 0.856250 0.179167 0.246875 0.341667
0 1.0 0.131250 0.448958 0.231250 0.597917
0 1.0 0.070312 0.238542 0.140625 0.106250
0 1.0 0.232813 0.448958 0.465625 0.218750
0 1.0 0.729688 0.348958 0.540625 0.227083
0 1.0 0.711719 0.544792 0.501563 0.281250
0 1.0 0.232813 0.180208 0.137500 0.335417
0 1.0 0.242188 0.180208 0.300000 0.139583
0 1.0 0.371094 0.543750 0.632812 0.233333
0 1.0 0.403906 0.182292 0.245312 0.172917
0 1.0 0.157812 0.177083 0.253125 0.191667
0 1.0 0.181250 0.171875 0.059375 0.118750
0 1.0 0.307031 0.181250 0.079687 0.137500
0 1.0 0.779687 0.457292 0.440625 0.214583
0 1.0 0.339062 0.176042 0.246875 0.322917
0 1.0 0.489844 0.187500 0.123438 0.104167
0 1.0 0.448437 0.176042 0.246875 0.310417
0 1.0 0.492969 0.695833 0.642188 0.383333
0 1.0 0.881250 0.053125 0.078125 0.097917
0 1.0 0.817969 0.066667 0.076563 0.133333
0 1.0 0.820312 0.043750 0.250000 0.087500
0 1.0 0.766406 0.068750 0.082812 0.137500
0 1.0 0.958594 0.058333 0.051562 0.083333
0 1.0 0.553125 0.060417 0.071875 0.120833
0 1.0 0.579688 0.029167 0.137500 0.058333
0 1.0 0.749219 0.698958 0.501563 0.297917
0 1.0 0.661719 0.060417 0.073438 0.120833
0 1.0 0.714063 0.066667 0.081250 0.133333
0 1.0 0.731250 0.032292 0.212500 0.064583
0 1.0 0.716406 0.079167 0.260937 0.158333
0 1.0 0.936719 0.042708 0.126562 0.085417
0 1.0 0.503906 0.533333 0.489063 0.425000
0 1.0 0.871094 0.030208 0.114062 0.060417
0 1.0 0.291406 0.060417 0.073438 0.120833
0 1.0 0.275781 0.031250 0.148438 0.062500
0 1.0 0.615625 0.055208 0.150000 0.110417
0 1.0 0.296094 0.498958 0.592187 0.481250
0 1.0 0.446875 0.053125 0.093750 0.106250
0 1.0 0.449219 0.073958 0.251563 0.147917
0 1.0 0.394531 0.070833 0.085938 0.141667
0 1.0 0.406250 0.031250 0.228125 0.062500
0 1.0 0.021875 0.072917 0.040625 0.095833
0 1.0 0.054688 0.056250 0.078125 0.095833
0 1.0 0.343750 0.077083 0.256250 0.154167
0 1.0 0.355469 0.055208 0.126562 0.110417
0 1.0 0.517969 0.815625 0.964063 0.368750
0 1.0 0.486719 0.522917 0.807813 0.662500
0 1.0 0.635156 0.029167 0.151562 0.058333
0 1.0 0.607031 0.048958 0.067187 0.093750
0 1.0 0.710938 0.206250 0.578125 0.412500
0 1.0 0.613281 0.076042 0.260937 0.152083
0 1.0 0.332031 0.026042 0.064062 0.052083
0 1.0 0.492969 0.026042 0.076563 0.052083
0 1.0 0.502344 0.066667 0.073438 0.133333
0 1.0 0.521094 0.030208 0.164062 0.060417
0 1.0 0.446875 0.050000 0.050000 0.087500
0 1.0 0.729688 0.920833 0.540625 0.158333
0 1.0 0.279687 0.922917 0.559375 0.154167
0 1.0 0.829688 0.848958 0.340625 0.202083
0 1.0 0.250781 0.296875 0.501563 0.297917
0 1.0 0.709375 0.351042 0.325000 0.702083
0 1.0 0.025781 0.115625 0.051562 0.202083
0 1.0 0.481250 0.283333 0.690625 0.400000
0 1.0 0.492188 0.130208 0.846875 0.260417
0 1.0 0.511719 0.355208 0.332813 0.710417
0 1.0 0.278906 0.081250 0.142187 0.129167
0 1.0 0.872656 0.905208 0.185938 0.189583
0 1.0 0.818750 0.882292 0.109375 0.235417
0 1.0 0.561719 0.896875 0.260937 0.206250
0 1.0 0.511719 0.916667 0.310937 0.116667
0 1.0 0.505469 0.906250 0.120313 0.187500
0 1.0 0.442188 0.908333 0.087500 0.183333
0 1.0 0.472656 0.923958 0.145313 0.106250
0 1.0 0.715625 0.885417 0.125000 0.229167
0 1.0 0.719531 0.910417 0.273438 0.133333
0 1.0 0.965625 0.933333 0.056250 0.133333
0 1.0 0.928906 0.916667 0.142187 0.108333
0 1.0 0.664062 0.886458 0.281250 0.227083
0 1.0 0.603906 0.898958 0.107813 0.202083
0 1.0 0.619531 0.913542 0.257812 0.131250
0 1.0 0.232031 0.918750 0.092188 0.162500
0 1.0 0.239063 0.915625 0.215625 0.131250
0 1.0 0.181250 0.911458 0.090625 0.177083
0 1.0 0.451562 0.889583 0.256250 0.220833
0 1.0 0.135156 0.893750 0.242188 0.212500
0 1.0 0.080469 0.926042 0.082812 0.147917
0 1.0 0.414844 0.921875 0.173437 0.127083
0 1.0 0.341406 0.903125 0.095312 0.193750
0 1.0 0.346094 0.893750 0.254688 0.212500
0 1.0 0.283594 0.912500 0.089063 0.175000
0 1.0 0.552344 0.891667 0.110937 0.216667
0 1.0 0.227344 0.960417 0.070312 0.054167
0 1.0 0.185938 0.950000 0.178125 0.100000
0 1.0 0.136719 0.940625 0.073438 0.118750
0 1.0 0.187500 0.959375 0.071875 0.056250
0 1.0 0.446875 0.960417 0.093750 0.062500
0 1.0 0.156250 0.960417 0.062500 0.054167
0 1.0 0.398438 0.935417 0.090625 0.129167
0 1.0 0.342969 0.947917 0.079687 0.104167
0 1.0 0.357031 0.962500 0.045312 0.045833
0 1.0 0.287500 0.953125 0.068750 0.093750
0 1.0 0.288281 0.962500 0.042188 0.054167
0 1.0 0.567187 0.948958 0.175000 0.102083
0 1.0 0.824219 0.915625 0.201563 0.110417
0 1.0 0.762500 0.879167 0.118750 0.241667
0 1.0 0.028906 0.946875 0.057813 0.106250
0 1.0 0.084375 0.963542 0.043750 0.047917
0 1.0 0.071094 0.962500 0.051562 0.062500
0 1.0 0.264062 0.961458 0.065625 0.052083
0 1.0 0.922656 0.881250 0.114062 0.237500
0 1.0 0.235156 0.845833 0.035937 0.087500
0 1.0 0.235937 0.870833 0.284375 0.108333
0 1.0 0.269531 0.876042 0.082812 0.085417
0 1.0 0.195312 0.843750 0.050000 0.100000
0 1.0 0.451562 0.846875 0.053125 0.089583
0 1.0 0.517969 0.881250 0.042188 0.062500
0 1.0 0.143750 0.869792 0.046875 0.089583
0 1.0 0.196094 0.830208 0.029687 0.072917
0 1.0 0.723437 0.818750 0.053125 0.095833
0 1.0 0.396094 0.836458 0.054688 0.127083
0 1.0 0.415625 0.871875 0.275000 0.106250
0 1.0 0.460156 0.879167 0.051562 0.070833
0 1.0 0.322656 0.871875 0.173437 0.085417
0 1.0 0.351562 0.848958 0.053125 0.093750
0 1.0 0.557813 0.822917 0.046875 0.091667
0 1.0 0.096094 0.058333 0.120313 0.116667
0 1.0 0.085156 0.867708 0.039062 0.093750
0 1.0 0.125000 0.875000 0.215625 0.104167
0 1.0 0.062500 0.875000 0.103125 0.070833
0 1.0 0.296094 0.846875 0.045312 0.072917
0 1.0 0.293750 0.885417 0.021875 0.037500
0 1.0 0.963281 0.842708 0.057813 0.181250
0 1.0 0.028125 0.876042 0.037500 0.131250
0 1.0 0.877344 0.827083 0.051562 0.116667
0 1.0 0.814063 0.871875 0.121875 0.089583
0 1.0 0.835938 0.852083 0.037500 0.083333
0 1.0 0.768750 0.811458 0.053125 0.110417
0 1.0 0.768750 0.862500 0.334375 0.125000
0 1.0 0.116406 0.918750 0.142187 0.112500
0 1.0 0.068750 0.926042 0.050000 0.072917
0 1.0 0.289062 0.922917 0.075000 0.075000
0 1.0 0.954688 0.880208 0.046875 0.085417
0 1.0 0.923438 0.841667 0.065625 0.154167
0 1.0 0.860156 0.879167 0.070312 0.083333
0 1.0 0.579688 0.868750 0.140625 0.112500
0 1.0 0.778906 0.834375 0.048438 0.093750
0 1.0 0.450781 0.827083 0.020313 0.045833
0 1.0 0.510938 0.857292 0.046875 0.102083
0 1.0 0.963281 0.860417 0.023438 0.058333
0 1.0 0.939063 0.868750 0.121875 0.104167
0 1.0 0.668750 0.808333 0.053125 0.116667
0 1.0 0.608594 0.818750 0.045312 0.087500
0 1.0 0.446875 0.254167 0.112500 0.304167
0 1.0 0.465625 0.235417 0.306250 0.137500
0 1.0 0.664062 0.251042 0.121875 0.364583
0 1.0 0.664062 0.233333 0.300000 0.129167
0 1.0 0.902344 0.238542 0.195312 0.156250
0 1.0 0.830469 0.238542 0.201563 0.118750
0 1.0 0.764844 0.238542 0.245312 0.160417
0 1.0 0.073438 0.232292 0.115625 0.293750
0 1.0 0.248438 0.238542 0.300000 0.135417
0 1.0 0.249219 0.364583 0.210938 0.558333
0 1.0 0.182812 0.251042 0.100000 0.260417
0 1.0 0.941406 0.183333 0.117188 0.108333
0 1.0 0.135937 0.240625 0.243750 0.172917
0 1.0 0.500781 0.245833 0.151562 0.304167
0 1.0 0.289844 0.235417 0.129688 0.300000
0 1.0 0.270313 0.247917 0.090625 0.104167
0 1.0 0.507031 0.291667 0.248438 0.158333
0 1.0 0.793750 0.960417 0.134375 0.070833
0 1.0 0.772656 0.946875 0.210938 0.106250
0 1.0 0.738281 0.960417 0.132812 0.075000
0 1.0 0.409375 0.289583 0.300000 0.125000
0 1.0 0.396875 0.304167 0.125000 0.204167
0 1.0 0.852344 0.959375 0.098437 0.081250
0 1.0 0.932813 0.963542 0.121875 0.072917
0 1.0 0.871875 0.927083 0.093750 0.145833
0 1.0 0.858594 0.962500 0.054688 0.050000
0 1.0 0.558594 0.959375 0.067187 0.056250
0 1.0 0.489844 0.959375 0.098437 0.081250
0 1.0 0.660937 0.922917 0.090625 0.154167
0 1.0 0.685156 0.960417 0.123438 0.070833
0 1.0 0.514844 0.963542 0.051562 0.047917
0 1.0 0.661719 0.947917 0.204687 0.104167
0 1.0 0.642188 0.961458 0.100000 0.064583
0 1.0 0.557031 0.939583 0.082812 0.120833
0 1.0 0.598437 0.960417 0.096875 0.062500
0 1.0 0.818750 0.932292 0.084375 0.135417
0 1.0 0.067969 0.322917 0.095312 0.175000
0 1.0 0.131250 0.298958 0.125000 0.089583
0 1.0 0.649219 0.080208 0.589063 0.160417
0 1.0 0.029687 0.347917 0.050000 0.158333
0 1.0 0.069531 0.302083 0.079687 0.062500
0 1.0 0.074219 0.316667 0.042188 0.075000
0 1.0 0.964063 0.260417 0.059375 0.216667
0 1.0 0.937500 0.235417 0.125000 0.112500
0 1.0 0.363281 0.301042 0.104688 0.131250
0 1.0 0.303906 0.297917 0.232813 0.116667
0 1.0 0.319531 0.308333 0.060937 0.091667
0 1.0 0.353906 0.075000 0.632812 0.150000
0 1.0 0.230469 0.321875 0.057813 0.102083
0 1.0 0.233594 0.297917 0.257812 0.154167
0 1.0 0.499219 0.294792 0.098437 0.089583
0 1.0 0.138281 0.327083 0.060937 0.104167
0 1.0 0.138281 0.301042 0.232813 0.135417
0 1.0 0.208594 0.313542 0.045312 0.081250
0 1.0 0.140625 0.732292 0.218750 0.535417
0 1.0 0.568750 0.695833 0.234375 0.600000
0 1.0 0.832812 0.308333 0.334375 0.554167
0 1.0 0.307812 0.690625 0.515625 0.489583
0 1.0 0.276562 0.513542 0.315625 0.706250
0 1.0 0.246094 0.744792 0.207813 0.510417
0 1.0 0.446875 0.738542 0.203125 0.502083
0 1.0 0.857031 0.541667 0.285938 0.412500
0 1.0 0.346875 0.640625 0.250000 0.456250
0 1.0 0.071094 0.638542 0.142187 0.656250
0 1.0 0.752344 0.617708 0.323437 0.352083
0 1.0 0.164844 0.298958 0.329688 0.556250
0 1.0 0.641406 0.766667 0.210938 0.466667
0 1.0 0.456250 0.188542 0.459375 0.377083
0 1.0 0.682031 0.638542 0.298438 0.622917
0 1.0 0.341406 0.375000 0.210938 0.500000
0 1.0 0.075000 0.369792 0.150000 0.656250
0 1.0 0.453125 0.369792 0.203125 0.510417