0 1.0 0.702344 0.325000 0.142187 0.187500
0 1.0 0.539844 0.622917 0.129688 0.208333
0 1.0 0.549219 0.614583 0.135937 0.100000
0 1.0 0.822656 0.604167 0.067187 0.145833
0 1.0 0.812500 0.600000 0.250000 0.133333
0 1.0 0.810156 0.583333 0.279687 0.275000
0 1.0 0.871094 0.598958 0.182812 0.202083
0 1.0 0.775000 0.588542 0.090625 0.181250
0 1.0 0.707812 0.597917 0.118750 0.270833
0 1.0 0.725781 0.600000 0.304688 0.108333
0 1.0 0.714844 0.596875 0.085938 0.164583
0 1.0 0.067969 0.654167 0.135937 0.312500
0 1.0 0.965625 0.688542 0.034375 0.160417
0 1.0 0.963281 0.606250 0.073438 0.095833
0 1.0 0.929688 0.613542 0.140625 0.281250
0 1.0 0.902344 0.609375 0.117188 0.110417
0 1.0 0.874219 0.613542 0.092188 0.264583
0 1.0 0.776563 0.610417 0.068750 0.066667
0 1.0 0.825000 0.613542 0.050000 0.060417
0 1.0 0.395313 0.610417 0.100000 0.250000
0 1.0 0.514062 0.616667 0.081250 0.075000
0 1.0 0.499219 0.602083 0.217188 0.275000
0 1.0 0.454688 0.626042 0.100000 0.218750
0 1.0 0.475000 0.614583 0.175000 0.087500
0 1.0 0.403906 0.613542 0.254688 0.106250
0 1.0 0.135937 0.614583 0.090625 0.262500
0 1.0 0.169531 0.609375 0.073438 0.097917
0 1.0 0.429688 0.618750 0.090625 0.083333
0 1.0 0.393750 0.589583 0.265625 0.295833
0 1.0 0.332031 0.594792 0.104688 0.277083
0 1.0 0.322656 0.612500 0.129688 0.083333
0 1.0 0.657813 0.613542 0.100000 0.227083
0 1.0 0.666406 0.578125 0.276562 0.289583
0 1.0 0.604688 0.613542 0.106250 0.256250
0 1.0 0.617188 0.606250 0.315625 0.112500
0 1.0 0.500000 0.635417 0.084375 0.200000
0 1.0 0.502344 0.664583 0.295312 0.125000
0 1.0 0.060937 0.666667 0.043750 0.070833
0 1.0 0.474219 0.669792 0.132812 0.106250
0 1.0 0.132812 0.661458 0.221875 0.306250
0 1.0 0.400781 0.663542 0.207813 0.172917
0 1.0 0.711719 0.655208 0.185938 0.168750
0 1.0 0.666406 0.669792 0.076563 0.131250
0 1.0 0.667188 0.665625 0.190625 0.106250
0 1.0 0.254688 0.664583 0.178125 0.104167
0 1.0 0.610938 0.646875 0.246875 0.247917
0 1.0 0.226562 0.659375 0.084375 0.268750
0 1.0 0.219531 0.667708 0.076563 0.102083
0 1.0 0.192188 0.662500 0.131250 0.212500
0 1.0 0.146875 0.658333 0.284375 0.133333
0 1.0 0.166406 0.663542 0.107813 0.127083
0 1.0 0.815625 0.604167 0.096875 0.237500
0 1.0 0.109375 0.663542 0.103125 0.110417
0 1.0 0.063281 0.659375 0.126562 0.093750
0 1.0 0.287500 0.647917 0.112500 0.245833
0 1.0 0.332031 0.677083 0.042188 0.062500
0 1.0 0.271875 0.669792 0.068750 0.089583
0 1.0 0.240625 0.646875 0.234375 0.264583
0 1.0 0.465625 0.553125 0.268750 0.118750
0 1.0 0.395313 0.538542 0.143750 0.327083
0 1.0 0.319531 0.552083 0.201563 0.116667
0 1.0 0.146875 0.550000 0.225000 0.125000
0 1.0 0.664844 0.533333 0.117188 0.254167
0 1.0 0.629687 0.545833 0.334375 0.129167
0 1.0 0.301563 0.536458 0.146875 0.343750
0 1.0 0.291406 0.558333 0.073438 0.095833
0 1.0 0.556250 0.551042 0.237500 0.306250
0 1.0 0.872656 0.496875 0.142187 0.314583
0 1.0 0.827344 0.503125 0.223438 0.160417
0 1.0 0.128125 0.537500 0.225000 0.354167
0 1.0 0.067187 0.530208 0.109375 0.385417
0 1.0 0.057813 0.550000 0.115625 0.095833
0 1.0 0.707812 0.458333 0.143750 0.400000
0 1.0 0.725000 0.498958 0.293750 0.135417
0 1.0 0.235937 0.560417 0.071875 0.300000
0 1.0 0.189062 0.551042 0.128125 0.222917
0 1.0 0.248438 0.554167 0.150000 0.137500
0 1.0 0.183594 0.596875 0.217188 0.306250
0 1.0 0.139844 0.605208 0.229687 0.114583
0 1.0 0.114062 0.605208 0.075000 0.085417
0 1.0 0.035937 0.594792 0.071875 0.372917
0 1.0 0.052344 0.604167 0.104688 0.079167
0 1.0 0.066406 0.608333 0.039062 0.062500
0 1.0 0.254688 0.610417 0.190625 0.087500
0 1.0 0.311719 0.617708 0.026562 0.043750
0 1.0 0.967187 0.617708 0.037500 0.156250
0 1.0 0.210938 0.614583 0.053125 0.075000
0 1.0 0.266406 0.614583 0.048438 0.066667
0 1.0 0.944531 0.552083 0.110937 0.104167
0 1.0 0.767969 0.527083 0.132812 0.329167
0 1.0 0.756250 0.550000 0.315625 0.141667
0 1.0 0.911719 0.536458 0.157812 0.214583
0 1.0 0.829688 0.555208 0.109375 0.093750
0 1.0 0.560937 0.761458 0.278125 0.114583
0 1.0 0.550781 0.769792 0.142187 0.272917
0 1.0 0.505469 0.759375 0.110937 0.306250
0 1.0 0.240625 0.780208 0.243750 0.285417
0 1.0 0.447656 0.752083 0.104688 0.229167
0 1.0 0.484375 0.767708 0.087500 0.081250
0 1.0 0.446875 0.768750 0.256250 0.291667
0 1.0 0.710938 0.778125 0.125000 0.306250
0 1.0 0.728125 0.761458 0.334375 0.131250
0 1.0 0.718750 0.771875 0.275000 0.285417
0 1.0 0.660156 0.771875 0.120313 0.268750
0 1.0 0.342969 0.784375 0.114062 0.268750
0 1.0 0.350781 0.762500 0.273438 0.112500
0 1.0 0.605469 0.770833 0.129688 0.300000
0 1.0 0.932813 0.750000 0.096875 0.387500
0 1.0 0.885938 0.708333 0.228125 0.133333
0 1.0 0.187500 0.775000 0.093750 0.304167
0 1.0 0.164844 0.769792 0.264062 0.110417
0 1.0 0.180469 0.776042 0.104688 0.102083
0 1.0 0.132031 0.775000 0.126562 0.304167
0 1.0 0.071094 0.792708 0.085938 0.264583
0 1.0 0.807813 0.737500 0.290625 0.275000
0 1.0 0.429688 0.767708 0.134375 0.097917
0 1.0 0.103125 0.778125 0.093750 0.102083
0 1.0 0.228125 0.776042 0.078125 0.081250
0 1.0 0.251563 0.767708 0.237500 0.097917
0 1.0 0.299219 0.776042 0.039062 0.052083
0 1.0 0.297656 0.778125 0.160938 0.181250
0 1.0 0.228906 0.780208 0.107813 0.310417
0 1.0 0.248438 0.826042 0.075000 0.089583
0 1.0 0.920312 0.765625 0.121875 0.147917
0 1.0 0.188281 0.822917 0.101562 0.108333
0 1.0 0.133594 0.852083 0.085938 0.241667
0 1.0 0.143750 0.814583 0.284375 0.133333
0 1.0 0.153125 0.821875 0.128125 0.131250
0 1.0 0.131250 0.828125 0.234375 0.285417
0 1.0 0.403125 0.817708 0.321875 0.131250
0 1.0 0.399219 0.816667 0.148438 0.258333
0 1.0 0.425000 0.822917 0.118750 0.116667
0 1.0 0.275781 0.818750 0.279687 0.120833
0 1.0 0.319531 0.828125 0.042188 0.064583
0 1.0 0.305469 0.829167 0.251563 0.266667
0 1.0 0.880469 0.778125 0.123438 0.322917
0 1.0 0.802344 0.761458 0.098437 0.089583
0 1.0 0.852344 0.772917 0.045312 0.079167
0 1.0 0.817969 0.775000 0.132812 0.329167
0 1.0 0.106250 0.823958 0.090625 0.114583
0 1.0 0.764062 0.771875 0.131250 0.322917
0 1.0 0.034375 0.839583 0.068750 0.241667
0 1.0 0.068750 0.825000 0.040625 0.075000
0 1.0 0.950781 0.756250 0.098437 0.108333
0 1.0 0.959375 0.777083 0.056250 0.316667
0 1.0 0.186719 0.713542 0.270313 0.114583
0 1.0 0.209375 0.719792 0.078125 0.089583
0 1.0 0.169531 0.716667 0.095312 0.108333
0 1.0 0.820312 0.664583 0.231250 0.125000
0 1.0 0.103125 0.718750 0.084375 0.091667
0 1.0 0.100781 0.711458 0.201563 0.106250
0 1.0 0.363281 0.704167 0.310937 0.108333
0 1.0 0.342969 0.714583 0.157812 0.225000
0 1.0 0.329688 0.715625 0.043750 0.052083
0 1.0 0.297656 0.706250 0.164062 0.150000
0 1.0 0.955469 0.667708 0.089063 0.143750
0 1.0 0.862500 0.679167 0.037500 0.050000
0 1.0 0.035156 0.731250 0.070312 0.283333
0 1.0 0.771094 0.654167 0.098437 0.187500
0 1.0 0.762500 0.652083 0.284375 0.254167
0 1.0 0.966406 0.545833 0.045312 0.200000
0 1.0 0.053125 0.711458 0.106250 0.085417
0 1.0 0.053906 0.720833 0.045312 0.066667
0 1.0 0.876563 0.680208 0.068750 0.143750
0 1.0 0.811719 0.670833 0.051562 0.054167
0 1.0 0.842969 0.708333 0.076563 0.070833
0 1.0 0.898438 0.719792 0.034375 0.064583
0 1.0 0.775000 0.704167 0.328125 0.116667
0 1.0 0.059375 0.765625 0.118750 0.093750
0 1.0 0.058594 0.776042 0.045312 0.072917
0 1.0 0.963281 0.714583 0.073438 0.133333
0 1.0 0.672656 0.710417 0.204687 0.104167
0 1.0 0.259375 0.716667 0.075000 0.079167
0 1.0 0.514062 0.698958 0.150000 0.097917
0 1.0 0.396094 0.718750 0.123438 0.245833
0 1.0 0.579688 0.703125 0.159375 0.097917
0 1.0 0.458594 0.317708 0.229687 0.268750
0 1.0 0.479687 0.344792 0.093750 0.152083
0 1.0 0.385937 0.319792 0.093750 0.322917
0 1.0 0.422656 0.343750 0.310937 0.129167
0 1.0 0.093750 0.345833 0.184375 0.116667
0 1.0 0.938281 0.497917 0.123438 0.104167
0 1.0 0.335938 0.300000 0.134375 0.304167
0 1.0 0.323437 0.344792 0.231250 0.164583
0 1.0 0.341406 0.328125 0.095312 0.164583
0 1.0 0.074219 0.341667 0.095312 0.262500
0 1.0 0.632812 0.328125 0.231250 0.177083
0 1.0 0.553125 0.331250 0.096875 0.216667
0 1.0 0.506250 0.343750 0.090625 0.220833
0 1.0 0.254688 0.305208 0.243750 0.347917
0 1.0 0.242969 0.336458 0.145313 0.189583
0 1.0 0.447656 0.291667 0.048438 0.120833
0 1.0 0.792188 0.290625 0.256250 0.247917
0 1.0 0.091406 0.327083 0.182812 0.329167
0 1.0 0.020313 0.346875 0.040625 0.143750
0 1.0 0.050781 0.338542 0.101562 0.093750
0 1.0 0.031250 0.351042 0.062500 0.214583
0 1.0 0.962500 0.291667 0.046875 0.170833
0 1.0 0.956250 0.289583 0.087500 0.091667
0 1.0 0.928906 0.294792 0.142187 0.143750
0 1.0 0.307031 0.331250 0.089063 0.141667
0 1.0 0.228125 0.335417 0.087500 0.333333
0 1.0 0.921094 0.247917 0.114062 0.420833
0 1.0 0.190625 0.337500 0.087500 0.379167
0 1.0 0.189844 0.346875 0.242188 0.118750
0 1.0 0.200781 0.342708 0.070312 0.156250
0 1.0 0.135937 0.365625 0.065625 0.264583
0 1.0 0.132812 0.347917 0.128125 0.191667
0 1.0 0.124219 0.396875 0.185938 0.235417
0 1.0 0.753906 0.329167 0.126562 0.229167
0 1.0 0.619531 0.335417 0.064062 0.150000
0 1.0 0.054688 0.395833 0.109375 0.195833
0 1.0 0.964063 0.325000 0.031250 0.104167
0 1.0 0.932813 0.341667 0.134375 0.112500
0 1.0 0.953906 0.348958 0.054688 0.143750
0 1.0 0.245312 0.395833 0.268750 0.133333
0 1.0 0.232031 0.416667 0.057813 0.200000
0 1.0 0.187500 0.391667 0.246875 0.325000
0 1.0 0.135156 0.395833 0.270313 0.133333
0 1.0 0.407031 0.332292 0.123438 0.172917
0 1.0 0.900000 0.320833 0.200000 0.312500
0 1.0 0.869531 0.312500 0.101562 0.229167
0 1.0 0.789844 0.339583 0.198437 0.116667
0 1.0 0.813281 0.312500 0.089063 0.208333
0 1.0 0.533594 0.340625 0.242188 0.143750
0 1.0 0.050000 0.293750 0.100000 0.087500
0 1.0 0.964063 0.236458 0.068750 0.310417
0 1.0 0.666406 0.302083 0.092188 0.187500
0 1.0 0.675781 0.240625 0.317188 0.114583
0 1.0 0.884375 0.236458 0.231250 0.127083
0 1.0 0.224219 0.295833 0.273438 0.133333
0 1.0 0.215625 0.281250 0.043750 0.104167
0 1.0 0.134375 0.293750 0.175000 0.108333
0 1.0 0.140625 0.278125 0.046875 0.147917
0 1.0 0.820312 0.243750 0.068750 0.187500
0 1.0 0.067969 0.250000 0.067187 0.204167
0 1.0 0.092969 0.054167 0.110937 0.108333
0 1.0 0.104688 0.081250 0.209375 0.162500
0 1.0 0.745313 0.496875 0.462500 0.993750
0 1.0 0.525781 0.253125 0.948438 0.456250
0 1.0 0.200000 0.059375 0.075000 0.081250
0 1.0 0.146094 0.035417 0.132812 0.070833
0 1.0 0.137500 0.056250 0.071875 0.108333
0 1.0 0.875781 0.213542 0.135937 0.393750
0 1.0 0.792188 0.239583 0.190625 0.108333
0 1.0 0.707031 0.268750 0.239063 0.245833
0 1.0 0.017969 0.062500 0.035937 0.104167
0 1.0 0.766406 0.287500 0.073438 0.150000
0 1.0 0.069531 0.029167 0.060937 0.058333
0 1.0 0.401562 0.285417 0.262500 0.175000
0 1.0 0.602344 0.319792 0.082812 0.214583
0 1.0 0.786719 0.292708 0.107813 0.085417
0 1.0 0.878125 0.250000 0.043750 0.104167
0 1.0 0.756250 0.294792 0.268750 0.127083
0 1.0 0.818750 0.283333 0.040625 0.104167
0 1.0 0.536719 0.292708 0.164062 0.118750
0 1.0 0.303906 0.281250 0.167187 0.166667
0 1.0 0.307812 0.258333 0.093750 0.166667
0 1.0 0.610938 0.293750 0.140625 0.112500
0 1.0 0.240625 0.260417 0.075000 0.187500
0 1.0 0.525781 0.327083 0.054688 0.129167
0 1.0 0.448437 0.291667 0.084375 0.233333
0 1.0 0.512500 0.295833 0.068750 0.079167
0 1.0 0.485156 0.294792 0.054688 0.110417
0 1.0 0.143750 0.496875 0.225000 0.122917
0 1.0 0.134375 0.501042 0.100000 0.297917
0 1.0 0.060156 0.495833 0.120313 0.100000
0 1.0 0.762500 0.438542 0.175000 0.252083
0 1.0 0.255469 0.494792 0.098437 0.122917
0 1.0 0.233594 0.493750 0.207813 0.162500
0 1.0 0.832812 0.442708 0.050000 0.060417
0 1.0 0.759375 0.440625 0.240625 0.110417
0 1.0 0.447656 0.452083 0.076563 0.237500
0 1.0 0.505469 0.441667 0.045312 0.058333
0 1.0 0.966406 0.440625 0.067187 0.089583
0 1.0 0.664844 0.405208 0.117188 0.322917
0 1.0 0.672656 0.436458 0.223438 0.127083
0 1.0 0.960156 0.466667 0.067187 0.175000
0 1.0 0.932813 0.442708 0.134375 0.143750
0 1.0 0.914062 0.458333 0.112500 0.408333
0 1.0 0.607031 0.431250 0.085938 0.216667
0 1.0 0.814844 0.436458 0.117188 0.364583
0 1.0 0.449219 0.512500 0.135937 0.320833
0 1.0 0.464844 0.504167 0.167187 0.137500
0 1.0 0.317969 0.640625 0.635938 0.718750
0 1.0 0.826562 0.501042 0.128125 0.097917
0 1.0 0.621094 0.501042 0.251563 0.318750
0 1.0 0.500781 0.504167 0.185938 0.254167
0 1.0 0.401562 0.497917 0.231250 0.170833
0 1.0 0.310156 0.496875 0.220312 0.127083
0 1.0 0.602344 0.495833 0.120313 0.287500
0 1.0 0.567187 0.498958 0.300000 0.122917
0 1.0 0.553125 0.489583 0.118750 0.379167
0 1.0 0.756250 0.379167 0.275000 0.125000
0 1.0 0.510938 0.373958 0.212500 0.285417
0 1.0 0.951562 0.391667 0.096875 0.162500
0 1.0 0.903906 0.390625 0.192188 0.122917
0 1.0 0.657813 0.378125 0.168750 0.102083
0 1.0 0.482031 0.384375 0.129688 0.122917
0 1.0 0.457031 0.379167 0.157812 0.204167
0 1.0 0.409375 0.389583 0.300000 0.125000
0 1.0 0.389844 0.388542 0.260937 0.306250
0 1.0 0.300781 0.396875 0.148438 0.372917
0 1.0 0.582031 0.370833 0.179688 0.133333
0 1.0 0.461719 0.440625 0.223438 0.143750
0 1.0 0.399219 0.447917 0.129688 0.191667
0 1.0 0.288281 0.442708 0.067187 0.081250
0 1.0 0.272656 0.443750 0.201563 0.170833
0 1.0 0.033594 0.445833 0.064062 0.241667
0 1.0 0.062500 0.438542 0.046875 0.060417
0 1.0 0.589063 0.438542 0.115625 0.077083
0 1.0 0.188281 0.448958 0.117188 0.343750
0 1.0 0.567187 0.434375 0.237500 0.131250
0 1.0 0.517969 0.439583 0.107813 0.079167
0 1.0 0.499219 0.445833 0.117188 0.287500
0 1.0 0.106250 0.443750 0.112500 0.091667
0 1.0 0.257812 0.444792 0.134375 0.106250
0 1.0 0.211719 0.448958 0.092188 0.081250
0 1.0 0.158594 0.447917 0.110937 0.095833
0 1.0 0.142187 0.468750 0.062500 0.200000
0 1.0 0.505469 0.138542 0.114062 0.243750
0 1.0 0.493750 0.118750 0.250000 0.141667
0 1.0 0.441406 0.152083 0.079687 0.195833
0 1.0 0.431250 0.125000 0.187500 0.100000
0 1.0 0.437500 0.137500 0.150000 0.258333
0 1.0 0.464062 0.127083 0.059375 0.075000
0 1.0 0.670312 0.182292 0.056250 0.093750
0 1.0 0.662500 0.122917 0.271875 0.133333
0 1.0 0.602344 0.156250 0.085938 0.191667
0 1.0 0.603125 0.155208 0.062500 0.118750
0 1.0 0.609375 0.133333 0.275000 0.266667
0 1.0 0.382812 0.156250 0.150000 0.254167
0 1.0 0.333594 0.184375 0.123438 0.268750
0 1.0 0.338281 0.122917 0.157812 0.095833
0 1.0 0.738281 0.648958 0.404687 0.435417
0 1.0 0.654687 0.654167 0.578125 0.204167
0 1.0 0.880469 0.117708 0.192188 0.231250
0 1.0 0.850781 0.517708 0.179688 0.814583
0 1.0 0.830469 0.117708 0.304688 0.139583
0 1.0 0.828906 0.147917 0.076563 0.162500
0 1.0 0.766406 0.155208 0.114062 0.260417
0 1.0 0.571094 0.551042 0.557813 0.231250
0 1.0 0.549219 0.145833 0.110937 0.258333
0 1.0 0.783594 0.137500 0.279687 0.266667
0 1.0 0.711719 0.177083 0.095312 0.195833
0 1.0 0.269531 0.646875 0.539062 0.202083
0 1.0 0.876563 0.077083 0.162500 0.116667
0 1.0 0.130469 0.154167 0.242188 0.308333
0 1.0 0.032813 0.152083 0.065625 0.295833
0 1.0 0.058594 0.120833 0.117188 0.100000
0 1.0 0.837500 0.129167 0.050000 0.091667
0 1.0 0.781250 0.118750 0.059375 0.112500
0 1.0 0.961719 0.109375 0.057813 0.172917
0 1.0 0.936719 0.077083 0.126562 0.120833
0 1.0 0.311719 0.132292 0.042188 0.077083
0 1.0 0.271875 0.755208 0.543750 0.218750
0 1.0 0.289062 0.175000 0.256250 0.300000
0 1.0 0.220312 0.168750 0.125000 0.279167
0 1.0 0.276562 0.123958 0.165625 0.114583
0 1.0 0.189844 0.120833 0.317188 0.145833
0 1.0 0.182031 0.122917 0.170313 0.208333
0 1.0 0.565625 0.754167 0.600000 0.220833
0 1.0 0.146875 0.396875 0.250000 0.689583
0 1.0 0.067969 0.422917 0.135937 0.770833
0 1.0 0.443750 0.443750 0.221875 0.566667
0 1.0 0.449219 0.453125 0.557813 0.231250
0 1.0 0.952344 0.128125 0.095312 0.252083
0 1.0 0.336719 0.412500 0.239063 0.633333
0 1.0 0.745313 0.337500 0.368750 0.475000
0 1.0 0.507812 0.210417 0.078125 0.245833
0 1.0 0.508594 0.183333 0.254688 0.108333
0 1.0 0.659375 0.455208 0.518750 0.235417
0 1.0 0.209375 0.454167 0.418750 0.229167
0 1.0 0.564063 0.441667 0.396875 0.475000
0 1.0 0.384375 0.176042 0.328125 0.156250
0 1.0 0.780469 0.346875 0.439063 0.210417
0 1.0 0.675781 0.185417 0.339062 0.112500
0 1.0 0.670312 0.260417 0.062500 0.095833
0 1.0 0.667969 0.215625 0.148438 0.143750
0 1.0 0.610938 0.236458 0.075000 0.172917
0 1.0 0.491406 0.190625 0.270313 0.302083
0 1.0 0.467969 0.188542 0.123438 0.093750
0 1.0 0.657813 0.344792 0.231250 0.381250
0 1.0 0.570312 0.332292 0.537500 0.227083
0 1.0 0.359375 0.553125 0.528125 0.235417
0 1.0 0.752344 0.511458 0.239063 0.577083
0 1.0 0.921875 0.119792 0.156250 0.160417
0 1.0 0.848437 0.120833 0.103125 0.095833
0 1.0 0.040625 0.171875 0.078125 0.097917
0 1.0 0.201563 0.170833 0.050000 0.112500
0 1.0 0.153125 0.172917 0.268750 0.145833
0 1.0 0.720313 0.062500 0.056250 0.104167
0 1.0 0.718750 0.036458 0.212500 0.072917
0 1.0 0.729688 0.063542 0.034375 0.056250
0 1.0 0.714063 0.070833 0.265625 0.141667
0 1.0 0.661719 0.062500 0.048438 0.083333
0 1.0 0.646875 0.046875 0.215625 0.093750
0 1.0 0.788281 0.498958 0.423438 0.364583
0 1.0 0.890625 0.071875 0.040625 0.060417
0 1.0 0.320312 0.182292 0.640625 0.364583
0 1.0 0.605469 0.060417 0.054688 0.091667
0 1.0 0.610938 0.056250 0.037500 0.054167
0 1.0 0.357812 0.879167 0.715625 0.241667
0 1.0 0.780469 0.052083 0.107813 0.104167
0 1.0 0.749219 0.878125 0.501563 0.243750
0 1.0 0.549219 0.056250 0.051562 0.083333
0 1.0 0.554688 0.036458 0.140625 0.072917
0 1.0 0.881250 0.079167 0.059375 0.100000
0 1.0 0.904687 0.035417 0.096875 0.070833
0 1.0 0.828906 0.093750 0.045312 0.083333
0 1.0 0.839844 0.040625 0.201563 0.081250
0 1.0 0.842969 0.084375 0.026562 0.043750
0 1.0 0.774219 0.075000 0.045312 0.087500
0 1.0 0.958594 0.081250 0.042188 0.100000
0 1.0 0.786719 0.072917 0.029687 0.050000
0 1.0 0.303906 0.097917 0.045312 0.075000
0 1.0 0.301563 0.037500 0.137500 0.075000
0 1.0 0.466406 0.056250 0.101562 0.100000
0 1.0 0.389844 0.068750 0.067187 0.095833
0 1.0 0.415625 0.041667 0.278125 0.083333
0 1.0 0.393750 0.052083 0.118750 0.104167
0 1.0 0.437500 0.041667 0.109375 0.083333
0 1.0 0.313281 0.073958 0.076563 0.081250
0 1.0 0.053125 0.052083 0.081250 0.104167
0 1.0 0.175781 0.045833 0.235937 0.091667
0 1.0 0.205469 0.034375 0.129688 0.068750
0 1.0 0.188281 0.093750 0.070312 0.141667
0 1.0 0.253906 0.056250 0.135937 0.112500
0 1.0 0.237500 0.065625 0.059375 0.077083
0 1.0 0.302344 0.076042 0.260937 0.152083
0 1.0 0.552344 0.067708 0.251563 0.135417
0 1.0 0.503906 0.071875 0.057813 0.114583
0 1.0 0.336719 0.104167 0.051562 0.075000
0 1.0 0.506250 0.052083 0.112500 0.104167
0 1.0 0.454688 0.062500 0.031250 0.050000
0 1.0 0.489844 0.035417 0.057813 0.062500
0 1.0 0.353906 0.034375 0.048438 0.056250
0 1.0 0.337500 0.084375 0.084375 0.081250
0 1.0 0.507031 0.801042 0.860938 0.397917
0 1.0 0.500000 0.460417 1.000000 0.504167
0 1.0 0.475000 0.483333 0.606250 0.862500
0 1.0 0.296094 0.143750 0.085938 0.175000
0 1.0 0.453125 0.073958 0.178125 0.093750
0 1.0 0.427344 0.089583 0.301563 0.179167
0 1.0 0.439844 0.071875 0.089063 0.077083
0 1.0 0.334375 0.139583 0.078125 0.145833
0 1.0 0.371875 0.078125 0.184375 0.093750
0 1.0 0.559375 0.845833 0.621875 0.200000
0 1.0 0.725000 0.110417 0.056250 0.095833
0 1.0 0.663281 0.130208 0.076563 0.156250
0 1.0 0.884375 0.100000 0.096875 0.137500
0 1.0 0.600781 0.093750 0.060937 0.104167
0 1.0 0.221875 0.925000 0.443750 0.150000
0 1.0 0.022656 0.109375 0.045312 0.185417
0 1.0 0.293750 0.415625 0.481250 0.727083
0 1.0 0.832812 0.925000 0.334375 0.150000
0 1.0 0.650000 0.137500 0.690625 0.275000
0 1.0 0.554688 0.927083 0.600000 0.145833
0 1.0 0.307031 0.087500 0.123438 0.120833
0 1.0 0.251563 0.284375 0.503125 0.327083
0 1.0 0.132031 0.118750 0.104688 0.229167
0 1.0 0.304688 0.931250 0.128125 0.129167
0 1.0 0.233594 0.929167 0.089063 0.141667
0 1.0 0.238281 0.928125 0.182812 0.114583
0 1.0 0.179688 0.928125 0.115625 0.143750
0 1.0 0.884375 0.848958 0.056250 0.122917
0 1.0 0.820312 0.879167 0.100000 0.075000
0 1.0 0.133594 0.935417 0.079687 0.129167
0 1.0 0.146875 0.923958 0.259375 0.102083
0 1.0 0.439844 0.891667 0.251563 0.216667
0 1.0 0.453906 0.925000 0.132812 0.137500
0 1.0 0.394531 0.900000 0.117188 0.200000
0 1.0 0.403125 0.923958 0.306250 0.114583
0 1.0 0.342969 0.914583 0.098437 0.170833
0 1.0 0.037500 0.925000 0.075000 0.150000
0 1.0 0.076563 0.929167 0.046875 0.062500
0 1.0 0.882812 0.877083 0.234375 0.120833
0 1.0 0.922656 0.880208 0.073438 0.097917
0 1.0 0.916406 0.844792 0.145313 0.235417
0 1.0 0.614844 0.844792 0.032813 0.064583
0 1.0 0.627344 0.867708 0.210938 0.127083
0 1.0 0.827344 0.839583 0.042188 0.095833
0 1.0 0.840625 0.857292 0.031250 0.064583
0 1.0 0.821875 0.834375 0.284375 0.268750
0 1.0 0.771875 0.852083 0.046875 0.108333
0 1.0 0.883594 0.884375 0.026562 0.047917
0 1.0 0.078125 0.913542 0.096875 0.172917
0 1.0 0.094531 0.894792 0.189062 0.210417
0 1.0 0.069531 0.923958 0.139063 0.081250
0 1.0 0.769531 0.862500 0.185938 0.170833
0 1.0 0.961719 0.852083 0.035937 0.133333
0 1.0 0.946094 0.918750 0.107813 0.150000
0 1.0 0.873437 0.889583 0.109375 0.220833
0 1.0 0.614844 0.914583 0.157812 0.158333
0 1.0 0.816406 0.892708 0.104688 0.214583
0 1.0 0.835938 0.921875 0.168750 0.089583
0 1.0 0.140625 0.962500 0.065625 0.054167
0 1.0 0.088281 0.964583 0.054688 0.050000
0 1.0 0.713281 0.886458 0.107813 0.227083
0 1.0 0.722656 0.918750 0.317188 0.112500
0 1.0 0.609375 0.919792 0.075000 0.147917
0 1.0 0.546094 0.888542 0.110937 0.222917
0 1.0 0.567187 0.919792 0.300000 0.106250
0 1.0 0.498437 0.911458 0.090625 0.177083
0 1.0 0.561719 0.883333 0.260937 0.233333
0 1.0 0.772656 0.917708 0.079687 0.164583
0 1.0 0.663281 0.886458 0.101562 0.227083
0 1.0 0.920312 0.821875 0.109375 0.127083
0 1.0 0.620313 0.814583 0.315625 0.125000
0 1.0 0.792969 0.821875 0.092188 0.085417
0 1.0 0.846875 0.829167 0.034375 0.066667
0 1.0 0.781250 0.813542 0.321875 0.135417
0 1.0 0.129688 0.882292 0.053125 0.068750
0 1.0 0.076563 0.882292 0.025000 0.047917
0 1.0 0.952344 0.815625 0.095312 0.102083
0 1.0 0.517188 0.818750 0.140625 0.120833
0 1.0 0.492188 0.821875 0.071875 0.089583
0 1.0 0.608594 0.805208 0.260937 0.264583
0 1.0 0.550781 0.833333 0.048438 0.112500
0 1.0 0.594531 0.871875 0.110937 0.093750
0 1.0 0.100000 0.875000 0.187500 0.095833
0 1.0 0.524219 0.869792 0.254688 0.110417
0 1.0 0.507031 0.855208 0.064062 0.127083
0 1.0 0.539844 0.872917 0.101562 0.095833
0 1.0 0.185156 0.894792 0.057813 0.097917
0 1.0 0.214062 0.886458 0.071875 0.077083
0 1.0 0.451562 0.861458 0.071875 0.118750
0 1.0 0.492969 0.877083 0.051562 0.070833
0 1.0 0.781250 0.864583 0.037500 0.075000
0 1.0 0.451562 0.847917 0.031250 0.070833
0 1.0 0.718750 0.833333 0.046875 0.100000
0 1.0 0.670312 0.814583 0.046875 0.100000
0 1.0 0.678906 0.838542 0.039062 0.077083
0 1.0 0.232813 0.880208 0.256250 0.106250
0 1.0 0.239844 0.894792 0.048438 0.077083
0 1.0 0.266406 0.888542 0.060937 0.068750
0 1.0 0.186719 0.889583 0.032813 0.070833
0 1.0 0.137500 0.911458 0.037500 0.085417
0 1.0 0.081250 0.870833 0.050000 0.125000
0 1.0 0.400000 0.864583 0.056250 0.116667
0 1.0 0.349219 0.873958 0.039062 0.085417
0 1.0 0.332031 0.872917 0.245312 0.116667
0 1.0 0.029687 0.877083 0.040625 0.104167
0 1.0 0.052344 0.875000 0.104688 0.075000
0 1.0 0.292187 0.889583 0.034375 0.066667
0 1.0 0.308594 0.889583 0.032813 0.050000
0 1.0 0.117969 0.234375 0.235937 0.135417
0 1.0 0.071094 0.203125 0.142187 0.406250
0 1.0 0.035156 0.239583 0.070312 0.104167
0 1.0 0.942187 0.178125 0.115625 0.110417
0 1.0 0.328906 0.232292 0.279687 0.160417
0 1.0 0.191406 0.229167 0.117188 0.366667
0 1.0 0.198437 0.234375 0.250000 0.177083
0 1.0 0.123438 0.217708 0.115625 0.372917
0 1.0 0.707812 0.258333 0.087500 0.162500
0 1.0 0.821875 0.175000 0.334375 0.129167
0 1.0 0.656250 0.244792 0.450000 0.356250
0 1.0 0.617188 0.201042 0.165625 0.168750
0 1.0 0.819531 0.186458 0.107813 0.289583
0 1.0 0.454688 0.246875 0.609375 0.235417
0 1.0 0.667969 0.953125 0.135937 0.093750
0 1.0 0.626563 0.968750 0.081250 0.058333
0 1.0 0.594531 0.956250 0.173437 0.087500
0 1.0 0.502344 0.960417 0.070312 0.079167
0 1.0 0.552344 0.968750 0.073438 0.054167
0 1.0 0.291406 0.963542 0.070312 0.072917
0 1.0 0.812500 0.964583 0.106250 0.062500
0 1.0 0.777344 0.953125 0.232813 0.093750
0 1.0 0.763281 0.964583 0.089063 0.058333
0 1.0 0.457031 0.963542 0.107813 0.072917
0 1.0 0.703906 0.966667 0.098437 0.062500
0 1.0 0.235937 0.961458 0.071875 0.077083
0 1.0 0.187500 0.955208 0.068750 0.089583
0 1.0 0.398438 0.953125 0.081250 0.093750
0 1.0 0.344531 0.959375 0.067187 0.081250
0 1.0 0.372656 0.966667 0.067187 0.054167
0 1.0 0.341406 0.956250 0.160938 0.087500
0 1.0 0.549219 0.072917 0.704688 0.145833
0 1.0 0.570312 0.261458 0.256250 0.268750
0 1.0 0.972656 0.955208 0.048438 0.089583
0 1.0 0.945312 0.961458 0.109375 0.077083
0 1.0 0.524219 0.237500 0.214062 0.112500
0 1.0 0.487500 0.244792 0.065625 0.097917
0 1.0 0.852344 0.965625 0.039062 0.043750
0 1.0 0.850000 0.963542 0.084375 0.068750
0 1.0 0.583594 0.967708 0.076563 0.056250
0 1.0 0.819531 0.939583 0.079687 0.120833
0 1.0 0.875000 0.951042 0.143750 0.097917
0 1.0 0.589844 0.247917 0.167187 0.125000
0 1.0 0.650781 0.733333 0.210938 0.508333
0 1.0 0.882812 0.727083 0.234375 0.433333
0 1.0 0.349219 0.748958 0.404687 0.402083
0 1.0 0.164844 0.645833 0.329688 0.491667
0 1.0 0.449219 0.648958 0.479687 0.227083
0 1.0 0.346094 0.628125 0.223438 0.547917
0 1.0 0.259375 0.480208 0.203125 0.656250
0 1.0 0.549219 0.753125 0.204687 0.493750
0 1.0 0.917969 0.575000 0.164062 0.566667
0 1.0 0.499219 0.706250 0.464062 0.587500