0 1.0 0.482436 0.499219 0.932084 0.917188
0 1.0 0.179157 0.647656 0.156909 0.189062
0 1.0 0.120609 0.656250 0.236534 0.121875
0 1.0 0.125293 0.644531 0.161593 0.267188
0 1.0 0.146370 0.638281 0.274005 0.354687
0 1.0 0.073770 0.650781 0.124122 0.304688
0 1.0 0.105386 0.660156 0.103044 0.092188
0 1.0 0.023419 0.685156 0.046838 0.189062
0 1.0 0.049180 0.657813 0.098361 0.075000
0 1.0 0.333724 0.660937 0.180328 0.200000
0 1.0 0.266979 0.661719 0.290398 0.135937
0 1.0 0.298595 0.664844 0.114754 0.114062
0 1.0 0.228337 0.653906 0.128806 0.282813
0 1.0 0.798595 0.587500 0.346604 0.137500
0 1.0 0.817330 0.586719 0.117096 0.179688
0 1.0 0.759953 0.589063 0.138173 0.268750
0 1.0 0.921546 0.606250 0.156909 0.134375
0 1.0 0.768150 0.585938 0.318501 0.281250
0 1.0 0.713115 0.576562 0.124122 0.246875
0 1.0 0.755269 0.589844 0.142857 0.107813
0 1.0 0.658080 0.585938 0.121780 0.259375
0 1.0 0.955504 0.648438 0.046838 0.115625
0 1.0 0.920375 0.617188 0.121780 0.268750
0 1.0 0.845433 0.595313 0.121780 0.078125
0 1.0 0.875878 0.610156 0.126464 0.207813
0 1.0 0.809133 0.653125 0.283372 0.175000
0 1.0 0.718970 0.656250 0.304450 0.140625
0 1.0 0.949649 0.677344 0.081967 0.160938
0 1.0 0.838407 0.657031 0.117096 0.095312
0 1.0 0.494145 0.635938 0.243560 0.306250
0 1.0 0.442623 0.657031 0.112412 0.254688
0 1.0 0.451991 0.666406 0.168618 0.117188
0 1.0 0.391101 0.657031 0.131148 0.248438
0 1.0 0.405152 0.635938 0.262295 0.281250
0 1.0 0.685012 0.599219 0.156909 0.085938
0 1.0 0.668618 0.660937 0.142857 0.128125
0 1.0 0.687354 0.635938 0.306792 0.318750
0 1.0 0.593677 0.666406 0.119438 0.264062
0 1.0 0.597190 0.659375 0.154567 0.109375
0 1.0 0.505855 0.662500 0.201405 0.162500
0 1.0 0.553864 0.675781 0.091335 0.235937
0 1.0 0.501171 0.666406 0.107728 0.254688
0 1.0 0.959016 0.601562 0.044496 0.112500
0 1.0 0.940281 0.554688 0.119438 0.090625
0 1.0 0.862998 0.554688 0.274005 0.125000
0 1.0 0.881733 0.535156 0.236534 0.279687
0 1.0 0.495316 0.554688 0.147541 0.309375
0 1.0 0.492974 0.553125 0.194379 0.153125
0 1.0 0.446136 0.548438 0.128806 0.096875
0 1.0 0.388759 0.554688 0.117096 0.328125
0 1.0 0.385246 0.549219 0.156909 0.117188
0 1.0 0.336066 0.551562 0.114754 0.284375
0 1.0 0.729508 0.543750 0.241218 0.128125
0 1.0 0.670960 0.544531 0.096019 0.145313
0 1.0 0.600703 0.567969 0.096019 0.198437
0 1.0 0.501171 0.551562 0.135831 0.096875
0 1.0 0.627635 0.546875 0.304450 0.312500
0 1.0 0.549180 0.583594 0.105386 0.254688
0 1.0 0.566745 0.557031 0.131148 0.095312
0 1.0 0.505855 0.600781 0.145199 0.132812
0 1.0 0.439110 0.600000 0.119438 0.093750
0 1.0 0.050351 0.611719 0.096019 0.151562
0 1.0 0.377049 0.600781 0.224824 0.117188
0 1.0 0.306792 0.604688 0.177986 0.109375
0 1.0 0.615925 0.601562 0.121780 0.084375
0 1.0 0.563232 0.599219 0.128806 0.092188
0 1.0 0.127635 0.602344 0.255269 0.135937
0 1.0 0.098361 0.607031 0.126464 0.110937
0 1.0 0.326698 0.590625 0.245902 0.318750
0 1.0 0.302108 0.607812 0.084309 0.096875
0 1.0 0.225995 0.600781 0.255269 0.132812
0 1.0 0.816159 0.750000 0.185012 0.215625
0 1.0 0.765808 0.746875 0.131148 0.346875
0 1.0 0.762295 0.767188 0.288056 0.121875
0 1.0 0.775176 0.741406 0.290398 0.379688
0 1.0 0.709602 0.756250 0.107728 0.259375
0 1.0 0.701405 0.770312 0.110070 0.084375
0 1.0 0.652225 0.778125 0.114754 0.268750
0 1.0 0.619438 0.765625 0.259953 0.100000
0 1.0 0.644028 0.767969 0.103044 0.082812
0 1.0 0.926230 0.750000 0.147541 0.290625
0 1.0 0.942623 0.761719 0.114754 0.167187
0 1.0 0.877049 0.764062 0.245902 0.131250
0 1.0 0.817330 0.769531 0.154567 0.092188
0 1.0 0.877049 0.743750 0.138173 0.371875
0 1.0 0.437939 0.765625 0.121780 0.250000
0 1.0 0.487119 0.766406 0.177986 0.089063
0 1.0 0.517564 0.771094 0.046838 0.060937
0 1.0 0.448478 0.774219 0.236534 0.295312
0 1.0 0.668618 0.760156 0.269321 0.323437
0 1.0 0.451991 0.764062 0.070258 0.068750
0 1.0 0.407494 0.755469 0.140515 0.154688
0 1.0 0.339578 0.759375 0.131148 0.300000
0 1.0 0.338407 0.760938 0.170960 0.087500
0 1.0 0.322014 0.769531 0.278689 0.301563
0 1.0 0.600703 0.764844 0.110070 0.232813
0 1.0 0.551522 0.771875 0.110070 0.246875
0 1.0 0.584309 0.766406 0.091335 0.073438
0 1.0 0.553864 0.764844 0.255269 0.307812
0 1.0 0.538642 0.767969 0.103044 0.082812
0 1.0 0.500000 0.828906 0.067916 0.073438
0 1.0 0.402810 0.820312 0.318501 0.109375
0 1.0 0.437939 0.828906 0.103044 0.082812
0 1.0 0.291569 0.814844 0.138173 0.323437
0 1.0 0.617096 0.819531 0.288056 0.089063
0 1.0 0.610070 0.827344 0.189696 0.179688
0 1.0 0.496487 0.836719 0.135831 0.295312
0 1.0 0.504684 0.815625 0.278689 0.096875
0 1.0 0.579625 0.825000 0.133489 0.081250
0 1.0 0.129977 0.816406 0.203747 0.164062
0 1.0 0.152225 0.803125 0.285714 0.346875
0 1.0 0.071429 0.800000 0.142857 0.359375
0 1.0 0.113583 0.814063 0.096019 0.112500
0 1.0 0.250585 0.819531 0.360656 0.126562
0 1.0 0.051522 0.810937 0.103044 0.081250
0 1.0 0.050351 0.815625 0.100703 0.218750
0 1.0 0.295082 0.825000 0.088993 0.084375
0 1.0 0.233021 0.815625 0.147541 0.328125
0 1.0 0.467213 0.714844 0.194379 0.114062
0 1.0 0.483607 0.718750 0.096019 0.100000
0 1.0 0.585480 0.707812 0.229508 0.121875
0 1.0 0.120609 0.713281 0.208431 0.120313
0 1.0 0.045667 0.710156 0.091335 0.070312
0 1.0 0.052693 0.722656 0.077283 0.145313
0 1.0 0.115925 0.717187 0.077283 0.087500
0 1.0 0.290398 0.694531 0.121780 0.242188
0 1.0 0.250585 0.712500 0.304450 0.131250
0 1.0 0.293911 0.718750 0.091335 0.090625
0 1.0 0.218970 0.707812 0.311475 0.312500
0 1.0 0.122951 0.762500 0.166276 0.159375
0 1.0 0.112412 0.764062 0.084309 0.115625
0 1.0 0.053864 0.758594 0.107728 0.082812
0 1.0 0.060890 0.764844 0.051522 0.082812
0 1.0 0.242389 0.760938 0.274005 0.109375
0 1.0 0.291569 0.764062 0.067916 0.071875
0 1.0 0.180328 0.765625 0.131148 0.284375
0 1.0 0.768150 0.708594 0.299766 0.145313
0 1.0 0.714286 0.712500 0.131148 0.118750
0 1.0 0.877049 0.707031 0.245902 0.135937
0 1.0 0.832553 0.711719 0.110070 0.089063
0 1.0 0.820843 0.689063 0.128806 0.240625
0 1.0 0.857143 0.345313 0.271663 0.153125
0 1.0 0.812646 0.310156 0.117096 0.270313
0 1.0 0.814988 0.342969 0.281030 0.329688
0 1.0 0.289227 0.551562 0.119438 0.250000
0 1.0 0.716628 0.313281 0.121780 0.242188
0 1.0 0.743560 0.340625 0.236534 0.128125
0 1.0 0.036300 0.427344 0.072600 0.204687
0 1.0 0.069087 0.396094 0.138173 0.285938
0 1.0 0.960187 0.335156 0.042155 0.104688
0 1.0 0.934426 0.339844 0.131148 0.101562
0 1.0 0.871194 0.351562 0.126464 0.209375
0 1.0 0.919204 0.357031 0.124122 0.317188
0 1.0 0.549180 0.315625 0.278689 0.284375
0 1.0 0.557377 0.339062 0.182670 0.196875
0 1.0 0.496487 0.347656 0.107728 0.223438
0 1.0 0.489461 0.343750 0.252927 0.131250
0 1.0 0.442623 0.313281 0.159251 0.254688
0 1.0 0.403981 0.345313 0.245902 0.146875
0 1.0 0.448478 0.303906 0.091335 0.189062
0 1.0 0.661593 0.335156 0.105386 0.207813
0 1.0 0.656909 0.342969 0.278689 0.148438
0 1.0 0.504684 0.392969 0.231850 0.132812
0 1.0 0.059719 0.395313 0.119438 0.087500
0 1.0 0.429742 0.370312 0.259953 0.312500
0 1.0 0.662763 0.412500 0.117096 0.225000
0 1.0 0.668618 0.394531 0.231850 0.132812
0 1.0 0.603044 0.387500 0.124122 0.259375
0 1.0 0.597190 0.387500 0.257611 0.171875
0 1.0 0.539813 0.397656 0.114754 0.232813
0 1.0 0.195550 0.399219 0.222482 0.129688
0 1.0 0.183841 0.409375 0.128806 0.209375
0 1.0 0.177986 0.410156 0.243560 0.285938
0 1.0 0.127635 0.412500 0.110070 0.250000
0 1.0 0.114754 0.392969 0.192037 0.110937
0 1.0 0.336066 0.391406 0.142857 0.264062
0 1.0 0.359485 0.391406 0.217799 0.132812
0 1.0 0.234192 0.415625 0.117096 0.246875
0 1.0 0.295082 0.396875 0.131148 0.200000
0 1.0 0.505855 0.289062 0.201405 0.121875
0 1.0 0.490632 0.273438 0.133489 0.228125
0 1.0 0.489461 0.250781 0.257611 0.317188
0 1.0 0.402810 0.285938 0.215457 0.140625
0 1.0 0.740047 0.287500 0.252927 0.137500
0 1.0 0.735363 0.271875 0.252927 0.312500
0 1.0 0.663934 0.238281 0.110070 0.273438
0 1.0 0.660422 0.291406 0.201405 0.101562
0 1.0 0.665105 0.232813 0.084309 0.159375
0 1.0 0.645199 0.250781 0.269321 0.342187
0 1.0 0.603044 0.245312 0.105386 0.209375
0 1.0 0.601874 0.286719 0.187354 0.195312
0 1.0 0.537471 0.275781 0.124122 0.279687
0 1.0 0.052693 0.039062 0.105386 0.078125
0 1.0 0.078454 0.075000 0.156909 0.150000
0 1.0 0.138173 0.065625 0.093677 0.131250
0 1.0 0.669789 0.346094 0.660422 0.692187
0 1.0 0.574941 0.725000 0.850117 0.537500
0 1.0 0.378220 0.289844 0.114754 0.104688
0 1.0 0.350117 0.299219 0.161593 0.232813
0 1.0 0.133489 0.047656 0.220141 0.095312
0 1.0 0.080796 0.059375 0.067916 0.118750
0 1.0 0.125293 0.032031 0.119438 0.064062
0 1.0 0.023419 0.062500 0.042155 0.103125
0 1.0 0.078454 0.028125 0.072600 0.056250
0 1.0 0.217799 0.350000 0.163934 0.106250
0 1.0 0.149883 0.345313 0.206089 0.118750
0 1.0 0.724824 0.242969 0.081967 0.148438
0 1.0 0.285714 0.349219 0.182670 0.110937
0 1.0 0.236534 0.389844 0.070258 0.123438
0 1.0 0.256440 0.353125 0.255269 0.265625
0 1.0 0.875878 0.242969 0.079625 0.114062
0 1.0 0.867681 0.279687 0.241218 0.131250
0 1.0 0.817330 0.253125 0.084309 0.128125
0 1.0 0.026932 0.366406 0.053864 0.195312
0 1.0 0.782201 0.247656 0.103044 0.173437
0 1.0 0.066745 0.336719 0.133489 0.095312
0 1.0 0.957845 0.282813 0.056206 0.143750
0 1.0 0.941452 0.288281 0.117096 0.098437
0 1.0 0.920375 0.245312 0.131148 0.240625
0 1.0 0.873536 0.266406 0.140515 0.264062
0 1.0 0.482436 0.503906 0.252927 0.360938
0 1.0 0.448478 0.496094 0.128806 0.317188
0 1.0 0.446136 0.503125 0.105386 0.087500
0 1.0 0.441452 0.505469 0.161593 0.132812
0 1.0 0.730679 0.400781 0.290398 0.307812
0 1.0 0.391101 0.473438 0.262295 0.359375
0 1.0 0.706089 0.502344 0.311475 0.139063
0 1.0 0.662763 0.500781 0.121780 0.098437
0 1.0 0.603044 0.501563 0.081967 0.153125
0 1.0 0.508197 0.501563 0.117096 0.087500
0 1.0 0.577283 0.501563 0.124122 0.093750
0 1.0 0.149883 0.501563 0.243560 0.178125
0 1.0 0.127635 0.517969 0.142857 0.279687
0 1.0 0.124122 0.500000 0.168618 0.115625
0 1.0 0.340749 0.503125 0.096019 0.093750
0 1.0 0.065574 0.514844 0.107728 0.282813
0 1.0 0.026932 0.530469 0.053864 0.223438
0 1.0 0.062061 0.496094 0.105386 0.082812
0 1.0 0.329040 0.503125 0.180328 0.150000
0 1.0 0.275176 0.503125 0.114754 0.093750
0 1.0 0.236534 0.503125 0.187354 0.150000
0 1.0 0.218970 0.501563 0.269321 0.318750
0 1.0 0.176815 0.551562 0.152225 0.193750
0 1.0 0.120609 0.556250 0.217799 0.131250
0 1.0 0.059719 0.553125 0.110070 0.087500
0 1.0 0.291569 0.554688 0.147541 0.109375
0 1.0 0.234192 0.532813 0.121780 0.259375
0 1.0 0.823185 0.532031 0.100703 0.142187
0 1.0 0.799766 0.496875 0.311475 0.243750
0 1.0 0.957845 0.542969 0.056206 0.154688
0 1.0 0.932084 0.502344 0.135831 0.095312
0 1.0 0.913349 0.475781 0.145199 0.320312
0 1.0 0.877049 0.508594 0.114754 0.232813
0 1.0 0.836066 0.512500 0.229508 0.125000
0 1.0 0.163934 0.450781 0.098361 0.092188
0 1.0 0.118267 0.449219 0.152225 0.123438
0 1.0 0.065574 0.449219 0.056206 0.064062
0 1.0 0.307963 0.437500 0.091335 0.143750
0 1.0 0.238876 0.441406 0.131148 0.107813
0 1.0 0.295082 0.446875 0.262295 0.290625
0 1.0 0.813817 0.389844 0.316159 0.157812
0 1.0 0.774005 0.371094 0.152225 0.267188
0 1.0 0.959016 0.450000 0.063232 0.181250
0 1.0 0.928571 0.389844 0.142857 0.107813
0 1.0 0.822014 0.456250 0.121780 0.278125
0 1.0 0.813817 0.452344 0.241218 0.132812
0 1.0 0.766979 0.471875 0.124122 0.237500
0 1.0 0.332553 0.438281 0.065574 0.082812
0 1.0 0.714286 0.475000 0.112412 0.209375
0 1.0 0.747073 0.459375 0.149883 0.093750
0 1.0 0.049180 0.507031 0.093677 0.160938
0 1.0 0.946136 0.444531 0.107728 0.089063
0 1.0 0.920375 0.443750 0.159251 0.140625
0 1.0 0.813817 0.447656 0.096019 0.085938
0 1.0 0.515222 0.445312 0.117096 0.096875
0 1.0 0.497658 0.433594 0.124122 0.232813
0 1.0 0.496487 0.445312 0.224824 0.159375
0 1.0 0.471897 0.443750 0.091335 0.093750
0 1.0 0.389930 0.433594 0.124122 0.264062
0 1.0 0.415691 0.439063 0.175644 0.125000
0 1.0 0.672131 0.455469 0.299766 0.145313
0 1.0 0.647541 0.448437 0.110070 0.093750
0 1.0 0.581967 0.450000 0.124122 0.093750
0 1.0 0.558548 0.423438 0.283372 0.306250
0 1.0 0.696721 0.657031 0.466042 0.492188
0 1.0 0.400468 0.134375 0.281030 0.268750
0 1.0 0.340749 0.149219 0.110070 0.229687
0 1.0 0.366511 0.121875 0.199063 0.115625
0 1.0 0.304450 0.660156 0.510539 0.510938
0 1.0 0.500000 0.137500 0.161593 0.259375
0 1.0 0.112412 0.136719 0.224824 0.273438
0 1.0 0.293911 0.139844 0.119438 0.245312
0 1.0 0.265808 0.126562 0.199063 0.106250
0 1.0 0.229508 0.146094 0.121780 0.292187
0 1.0 0.296253 0.129688 0.067916 0.075000
0 1.0 0.579625 0.107813 0.288056 0.196875
0 1.0 0.782201 0.123438 0.229508 0.181250
0 1.0 0.704918 0.136719 0.117096 0.273438
0 1.0 0.708431 0.117188 0.255269 0.140625
0 1.0 0.489461 0.119531 0.220141 0.132812
0 1.0 0.399297 0.153125 0.100703 0.190625
0 1.0 0.872365 0.128906 0.105386 0.223438
0 1.0 0.861827 0.089844 0.187354 0.157812
0 1.0 0.817330 0.146875 0.103044 0.221875
0 1.0 0.327869 0.834375 0.590164 0.200000
0 1.0 0.031616 0.137500 0.063232 0.237500
0 1.0 0.058548 0.121875 0.117096 0.131250
0 1.0 0.962529 0.134375 0.051522 0.181250
0 1.0 0.768150 0.128125 0.117096 0.237500
0 1.0 0.674473 0.842187 0.538642 0.196875
0 1.0 0.918033 0.144531 0.126464 0.289062
0 1.0 0.242389 0.134375 0.278689 0.268750
0 1.0 0.939110 0.077344 0.121780 0.114062
0 1.0 0.176815 0.149219 0.100703 0.289062
0 1.0 0.173302 0.119531 0.295082 0.148438
0 1.0 0.570258 0.768750 0.634660 0.243750
0 1.0 0.395785 0.199219 0.163934 0.235937
0 1.0 0.576112 0.450781 0.599532 0.248438
0 1.0 0.381733 0.187500 0.098361 0.090625
0 1.0 0.549180 0.167969 0.161593 0.273438
0 1.0 0.553864 0.171094 0.241218 0.135937
0 1.0 0.319672 0.189844 0.147541 0.089063
0 1.0 0.480094 0.184375 0.135831 0.103125
0 1.0 0.451991 0.183594 0.173302 0.232813
0 1.0 0.271663 0.179688 0.149883 0.118750
0 1.0 0.817330 0.188281 0.224824 0.189062
0 1.0 0.734192 0.181250 0.259953 0.134375
0 1.0 0.658080 0.155469 0.154567 0.304688
0 1.0 0.651054 0.164844 0.224824 0.154688
0 1.0 0.659251 0.356250 0.536300 0.262500
0 1.0 0.935597 0.125781 0.128806 0.110937
0 1.0 0.956674 0.148438 0.086651 0.259375
0 1.0 0.251756 0.552344 0.503513 0.257812
0 1.0 0.586651 0.549219 0.620609 0.248438
0 1.0 0.204918 0.182031 0.189696 0.114062
0 1.0 0.177986 0.174219 0.056206 0.107813
0 1.0 0.133489 0.176563 0.220141 0.131250
0 1.0 0.063232 0.178125 0.126464 0.093750
0 1.0 0.711944 0.056250 0.145199 0.112500
0 1.0 0.819672 0.048438 0.215457 0.096875
0 1.0 0.769321 0.091406 0.072600 0.148438
0 1.0 0.638173 0.040625 0.316159 0.081250
0 1.0 0.658080 0.060937 0.149883 0.121875
0 1.0 0.604215 0.081250 0.084309 0.115625
0 1.0 0.551522 0.078906 0.081967 0.110937
0 1.0 0.836066 0.490625 0.327869 0.515625
0 1.0 0.817330 0.103906 0.065574 0.139063
0 1.0 0.895785 0.038281 0.208431 0.076563
0 1.0 0.870023 0.082031 0.067916 0.142187
0 1.0 0.297424 0.079687 0.257611 0.159375
0 1.0 0.300937 0.058594 0.138173 0.117188
0 1.0 0.230679 0.069531 0.067916 0.139063
0 1.0 0.238876 0.036719 0.215457 0.073438
0 1.0 0.292740 0.066406 0.065574 0.117188
0 1.0 0.180328 0.648438 0.360656 0.703125
0 1.0 0.186183 0.078906 0.058548 0.145313
0 1.0 0.555035 0.058594 0.201405 0.117188
0 1.0 0.504684 0.073438 0.105386 0.112500
0 1.0 0.447307 0.069531 0.074941 0.104688
0 1.0 0.498829 0.029687 0.112412 0.059375
0 1.0 0.474239 0.040625 0.194379 0.081250
0 1.0 0.285714 0.200781 0.571429 0.401562
0 1.0 0.346604 0.071094 0.103044 0.132812
0 1.0 0.400468 0.085156 0.074941 0.132812
0 1.0 0.412178 0.057031 0.131148 0.114062
0 1.0 0.350117 0.031250 0.100703 0.062500
0 1.0 0.659251 0.914844 0.569087 0.170313
0 1.0 0.448478 0.111719 0.133489 0.223438
0 1.0 0.480094 0.079687 0.295082 0.140625
0 1.0 0.449649 0.920312 0.599532 0.159375
0 1.0 0.830211 0.921094 0.339578 0.157812
0 1.0 0.227166 0.921875 0.454333 0.156250
0 1.0 0.667447 0.148438 0.608899 0.296875
0 1.0 0.498829 0.269531 0.833724 0.435937
0 1.0 0.250585 0.382031 0.398126 0.720313
0 1.0 0.126464 0.365625 0.252927 0.731250
0 1.0 0.955504 0.071094 0.056206 0.101562
0 1.0 0.446136 0.894531 0.264637 0.201563
0 1.0 0.393443 0.902344 0.112412 0.195312
0 1.0 0.353630 0.910156 0.295082 0.123438
0 1.0 0.341920 0.912500 0.140515 0.168750
0 1.0 0.289227 0.907813 0.114754 0.184375
0 1.0 0.617096 0.913281 0.274005 0.139063
0 1.0 0.550351 0.907813 0.098361 0.171875
0 1.0 0.449649 0.907813 0.093677 0.171875
0 1.0 0.139344 0.899219 0.203747 0.185938
0 1.0 0.035129 0.887500 0.070258 0.225000
0 1.0 0.045667 0.922656 0.091335 0.104688
0 1.0 0.960187 0.852344 0.037471 0.092188
0 1.0 0.908665 0.872656 0.182670 0.123438
0 1.0 0.951991 0.862500 0.067916 0.128125
0 1.0 0.140515 0.963281 0.121780 0.064062
0 1.0 0.078454 0.936719 0.114754 0.126562
0 1.0 0.065574 0.965625 0.074941 0.056250
0 1.0 0.604215 0.914844 0.103044 0.135937
0 1.0 0.962529 0.925000 0.065574 0.150000
0 1.0 0.236534 0.943750 0.098361 0.112500
0 1.0 0.289227 0.959375 0.124122 0.065625
0 1.0 0.185012 0.947656 0.088993 0.104688
0 1.0 0.214286 0.952344 0.203747 0.095312
0 1.0 0.772834 0.902344 0.131148 0.176563
0 1.0 0.711944 0.907031 0.112412 0.185938
0 1.0 0.720141 0.906250 0.283372 0.150000
0 1.0 0.920375 0.879687 0.126464 0.240625
0 1.0 0.658080 0.907813 0.103044 0.181250
0 1.0 0.122951 0.870313 0.128806 0.140625
0 1.0 0.045667 0.871094 0.067916 0.095312
0 1.0 0.957845 0.830469 0.074941 0.245312
0 1.0 0.922717 0.814844 0.154567 0.110937
0 1.0 0.236534 0.849219 0.079625 0.154688
0 1.0 0.230679 0.877344 0.288056 0.189062
0 1.0 0.185012 0.852344 0.149883 0.204687
0 1.0 0.187354 0.845313 0.084309 0.162500
0 1.0 0.774005 0.821094 0.311475 0.107813
0 1.0 0.772834 0.820312 0.201405 0.206250
0 1.0 0.831382 0.830469 0.093677 0.082812
0 1.0 0.853630 0.812500 0.269321 0.318750
0 1.0 0.782201 0.852344 0.060890 0.098437
0 1.0 0.718970 0.851562 0.051522 0.090625
0 1.0 0.663934 0.876563 0.049180 0.081250
0 1.0 0.604215 0.852344 0.037471 0.064062
0 1.0 0.881733 0.835938 0.105386 0.209375
0 1.0 0.394614 0.880469 0.063232 0.123438
0 1.0 0.345433 0.864844 0.049180 0.092188
0 1.0 0.347775 0.878125 0.091335 0.134375
0 1.0 0.296253 0.852344 0.063232 0.114062
0 1.0 0.606557 0.872656 0.042155 0.057813
0 1.0 0.558548 0.846094 0.044496 0.079687
0 1.0 0.549180 0.876563 0.316159 0.128125
0 1.0 0.503513 0.864844 0.056206 0.107813
0 1.0 0.450820 0.870313 0.039813 0.071875
0 1.0 0.583138 0.233594 0.266979 0.135937
0 1.0 0.293911 0.270313 0.105386 0.215625
0 1.0 0.300937 0.241406 0.185012 0.123438
0 1.0 0.211944 0.245312 0.423888 0.231250
0 1.0 0.740047 0.235937 0.295082 0.125000
0 1.0 0.737705 0.075781 0.519906 0.151562
0 1.0 0.081967 0.223438 0.163934 0.246875
0 1.0 0.064403 0.233594 0.128806 0.101562
0 1.0 0.929742 0.182812 0.140515 0.115625
0 1.0 0.192037 0.235156 0.304450 0.126562
0 1.0 0.173302 0.232031 0.252927 0.360938
0 1.0 0.175644 0.234375 0.159251 0.240625
0 1.0 0.819672 0.185156 0.145199 0.120313
0 1.0 0.252927 0.239844 0.163934 0.214062
0 1.0 0.323185 0.247656 0.088993 0.110937
0 1.0 0.747073 0.955469 0.140515 0.070312
0 1.0 0.674473 0.948438 0.187354 0.103125
0 1.0 0.608899 0.949219 0.079625 0.101562
0 1.0 0.647541 0.957031 0.100703 0.064062
0 1.0 0.909836 0.952344 0.180328 0.095312
0 1.0 0.870023 0.959375 0.086651 0.059375
0 1.0 0.817330 0.942969 0.093677 0.114062
0 1.0 0.464871 0.959375 0.096019 0.062500
0 1.0 0.413349 0.946094 0.133489 0.107813
0 1.0 0.346604 0.951562 0.079625 0.096875
0 1.0 0.402810 0.961719 0.074941 0.051562
0 1.0 0.558548 0.957812 0.100703 0.062500
0 1.0 0.501171 0.932813 0.126464 0.134375
0 1.0 0.514052 0.957812 0.096019 0.062500
0 1.0 0.139344 0.268750 0.081967 0.240625
0 1.0 0.122951 0.292187 0.199063 0.140625
0 1.0 0.071429 0.275781 0.077283 0.204687
0 1.0 0.055035 0.284375 0.110070 0.081250
0 1.0 0.036300 0.280469 0.072600 0.223438
0 1.0 0.331382 0.297656 0.133489 0.110937
0 1.0 0.240047 0.324219 0.049180 0.104688
0 1.0 0.279859 0.296875 0.170960 0.125000
0 1.0 0.220141 0.292969 0.163934 0.092188
0 1.0 0.233021 0.332031 0.081967 0.198437
0 1.0 0.137002 0.288281 0.114754 0.082812
0 1.0 0.200234 0.304688 0.058548 0.115625
0 1.0 0.135831 0.273438 0.117096 0.400000
0 1.0 0.839578 0.200000 0.203747 0.400000
0 1.0 0.896956 0.655469 0.206089 0.379688
0 1.0 0.454333 0.642188 0.599532 0.231250
0 1.0 0.084309 0.649219 0.168618 0.545312
0 1.0 0.508197 0.632031 0.309133 0.670312
0 1.0 0.350117 0.853125 0.208431 0.293750
0 1.0 0.464871 0.228125 0.559719 0.287500
0 1.0 0.343091 0.260156 0.236534 0.448437
0 1.0 0.668618 0.406250 0.269321 0.471875
0 1.0 0.453162 0.351562 0.578454 0.243750
0 1.0 0.337237 0.449219 0.548009 0.239063
0 1.0 0.916862 0.249219 0.166276 0.498437