0 1.0 0.059375 0.058411 0.065625 0.102804
0 1.0 0.068750 0.074766 0.137500 0.149533
0 1.0 0.038281 0.079439 0.042188 0.093458
0 1.0 0.155469 0.052570 0.232813 0.105140
0 1.0 0.191406 0.073598 0.070312 0.114486
0 1.0 0.189844 0.036215 0.095312 0.072430
0 1.0 0.241406 0.061916 0.160938 0.123832
0 1.0 0.239844 0.084112 0.060937 0.098131
0 1.0 0.251563 0.038551 0.259375 0.077103
0 1.0 0.317969 0.060748 0.070312 0.093458
0 1.0 0.298438 0.078271 0.237500 0.156542
0 1.0 0.278906 0.042056 0.073438 0.074766
0 1.0 0.290625 0.079439 0.068750 0.098131
0 1.0 0.289062 0.112150 0.040625 0.088785
0 1.0 0.367969 0.063084 0.092188 0.112150
0 1.0 0.355469 0.086449 0.054688 0.093458
0 1.0 0.319531 0.032710 0.023438 0.042056
0 1.0 0.414062 0.063084 0.100000 0.126168
0 1.0 0.401562 0.081776 0.234375 0.163551
0 1.0 0.442188 0.037383 0.075000 0.065421
0 1.0 0.422656 0.032710 0.198437 0.065421
0 1.0 0.400000 0.093458 0.056250 0.144860
0 1.0 0.480469 0.071262 0.064062 0.091121
0 1.0 0.492188 0.043224 0.081250 0.077103
0 1.0 0.442188 0.096963 0.050000 0.091121
0 1.0 0.507031 0.776869 0.876563 0.446262
0 1.0 0.289062 0.487150 0.578125 0.455607
0 1.0 0.499219 0.492991 0.754687 0.546729
0 1.0 0.528125 0.036215 0.025000 0.039720
0 1.0 0.446094 0.121495 0.023438 0.065421
0 1.0 0.511719 0.064252 0.098437 0.119159
0 1.0 0.501563 0.089953 0.231250 0.179907
0 1.0 0.510938 0.099299 0.040625 0.086449
0 1.0 0.530469 0.035047 0.148438 0.070093
0 1.0 0.567969 0.065421 0.101562 0.116822
0 1.0 0.565625 0.101636 0.034375 0.067757
0 1.0 0.576562 0.032710 0.093750 0.065421
0 1.0 0.609375 0.059579 0.125000 0.119159
0 1.0 0.607031 0.093458 0.239063 0.186916
0 1.0 0.499219 0.213785 0.860938 0.427570
0 1.0 0.592187 0.091121 0.028125 0.060748
0 1.0 0.638281 0.031542 0.135937 0.063084
0 1.0 0.592969 0.115654 0.045312 0.123832
0 1.0 0.673438 0.057243 0.137500 0.114486
0 1.0 0.678906 0.086449 0.032813 0.060748
0 1.0 0.667969 0.109813 0.039062 0.102804
0 1.0 0.709375 0.085280 0.246875 0.170561
0 1.0 0.728906 0.067757 0.035937 0.065421
0 1.0 0.721875 0.035047 0.209375 0.070093
0 1.0 0.717969 0.085280 0.051562 0.119159
0 1.0 0.641406 0.878505 0.717187 0.242991
0 1.0 0.767969 0.060748 0.160938 0.121495
0 1.0 0.780469 0.073598 0.035937 0.067757
0 1.0 0.771094 0.087617 0.057813 0.128505
0 1.0 0.837500 0.079439 0.031250 0.056075
0 1.0 0.802344 0.035047 0.204687 0.070093
0 1.0 0.826562 0.087617 0.050000 0.105140
0 1.0 0.871094 0.061916 0.151562 0.123832
0 1.0 0.885156 0.084112 0.029687 0.051402
0 1.0 0.741406 0.697430 0.517188 0.287383
0 1.0 0.250000 0.878505 0.500000 0.242991
0 1.0 0.864062 0.028037 0.084375 0.056075
0 1.0 0.876563 0.100467 0.043750 0.093458
0 1.0 0.921875 0.057243 0.121875 0.114486
0 1.0 0.919531 0.093458 0.067187 0.144860
0 1.0 0.958594 0.053738 0.082812 0.107477
0 1.0 0.959375 0.077103 0.037500 0.060748
0 1.0 0.964063 0.094626 0.025000 0.058411
0 1.0 0.745313 0.501168 0.509375 0.282710
0 1.0 0.253906 0.696262 0.507812 0.294393
0 1.0 0.063281 0.093458 0.054688 0.079439
0 1.0 0.036719 0.121495 0.057813 0.135514
0 1.0 0.031250 0.142523 0.034375 0.116822
0 1.0 0.111719 0.087617 0.123438 0.123832
0 1.0 0.078125 0.129673 0.071875 0.142523
0 1.0 0.130469 0.113318 0.226562 0.226636
0 1.0 0.127344 0.147196 0.070312 0.191589
0 1.0 0.186719 0.149533 0.054688 0.163551
0 1.0 0.233594 0.107477 0.251563 0.214953
0 1.0 0.235156 0.128505 0.085938 0.158879
0 1.0 0.301563 0.108645 0.096875 0.114486
0 1.0 0.271094 0.105140 0.020313 0.042056
0 1.0 0.749219 0.301402 0.501563 0.294393
0 1.0 0.343750 0.304907 0.687500 0.385514
0 1.0 0.302344 0.317757 0.364063 0.630841
0 1.0 0.634375 0.122664 0.731250 0.245327
0 1.0 0.121875 0.339953 0.243750 0.679907
0 1.0 0.210938 0.092290 0.212500 0.100467
0 1.0 0.286719 0.155374 0.054688 0.119159
0 1.0 0.382031 0.089953 0.132812 0.119159
0 1.0 0.341406 0.108645 0.101562 0.165888
0 1.0 0.339844 0.127336 0.057813 0.137850
0 1.0 0.467969 0.098131 0.035937 0.065421
0 1.0 0.467969 0.106308 0.101562 0.137850
0 1.0 0.441406 0.126168 0.079687 0.154206
0 1.0 0.446094 0.158879 0.032813 0.102804
0 1.0 0.507031 0.135514 0.057813 0.140187
0 1.0 0.549219 0.095794 0.157812 0.130841
0 1.0 0.567187 0.141355 0.059375 0.133178
0 1.0 0.785156 0.922897 0.429688 0.154206
0 1.0 0.246875 0.122664 0.493750 0.245327
0 1.0 0.585156 0.146028 0.032813 0.100467
0 1.0 0.680469 0.148364 0.042188 0.105140
0 1.0 0.670312 0.162383 0.053125 0.161215
0 1.0 0.717187 0.126168 0.056250 0.116822
0 1.0 0.709375 0.130841 0.090625 0.210280
0 1.0 0.769531 0.112150 0.092188 0.186916
0 1.0 0.820312 0.099299 0.190625 0.189252
0 1.0 0.838281 0.144860 0.039062 0.084112
0 1.0 0.826562 0.143692 0.075000 0.170561
0 1.0 0.454688 0.920561 0.568750 0.158879
0 1.0 0.164062 0.922897 0.328125 0.154206
0 1.0 0.851562 0.098131 0.137500 0.112150
0 1.0 0.879687 0.149533 0.040625 0.084112
0 1.0 0.874219 0.156542 0.057813 0.140187
0 1.0 0.913281 0.098131 0.170313 0.196262
0 1.0 0.962500 0.141355 0.046875 0.095794
0 1.0 0.829688 0.850467 0.340625 0.205607
0 1.0 0.060937 0.136682 0.056250 0.086449
0 1.0 0.121875 0.129673 0.143750 0.114486
0 1.0 0.126562 0.153037 0.121875 0.292056
0 1.0 0.195312 0.129673 0.225000 0.123832
0 1.0 0.240625 0.161215 0.125000 0.261682
0 1.0 0.289844 0.144860 0.142187 0.168224
0 1.0 0.459375 0.846963 0.578125 0.212617
0 1.0 0.235156 0.150701 0.023438 0.049065
0 1.0 0.352344 0.128505 0.195312 0.205607
0 1.0 0.369531 0.128505 0.089063 0.088785
0 1.0 0.485938 0.135514 0.021875 0.060748
0 1.0 0.396094 0.125000 0.089063 0.217290
0 1.0 0.835156 0.750000 0.329688 0.210280
0 1.0 0.535156 0.135514 0.020313 0.065421
0 1.0 0.514844 0.132009 0.160938 0.161215
0 1.0 0.459375 0.750000 0.600000 0.210280
0 1.0 0.602344 0.144860 0.157812 0.224299
0 1.0 0.590625 0.183411 0.037500 0.123832
0 1.0 0.764062 0.134346 0.190625 0.217290
0 1.0 0.832812 0.643692 0.334375 0.203271
0 1.0 0.164844 0.751168 0.329688 0.207944
0 1.0 0.871094 0.139019 0.179688 0.184579
0 1.0 0.918750 0.156542 0.109375 0.196262
0 1.0 0.953906 0.147196 0.092188 0.135514
0 1.0 0.958594 0.185748 0.042188 0.086449
0 1.0 0.635938 0.632009 0.556250 0.240654
0 1.0 0.967969 0.205607 0.032813 0.093458
0 1.0 0.061719 0.178738 0.060937 0.137850
0 1.0 0.074219 0.175234 0.148438 0.285047
0 1.0 0.036719 0.188084 0.073438 0.217290
0 1.0 0.029687 0.195093 0.037500 0.147196
0 1.0 0.118750 0.176402 0.156250 0.114486
0 1.0 0.396875 0.639019 0.656250 0.189252
0 1.0 0.179688 0.185748 0.021875 0.058411
0 1.0 0.161719 0.189252 0.251563 0.317757
0 1.0 0.207813 0.185748 0.237500 0.137850
0 1.0 0.184375 0.226636 0.065625 0.257009
0 1.0 0.838281 0.526869 0.226562 0.380841
0 1.0 0.170313 0.641355 0.340625 0.203271
0 1.0 0.317188 0.191589 0.025000 0.060748
0 1.0 0.280469 0.226636 0.089063 0.224299
0 1.0 0.360938 0.179907 0.065625 0.107477
0 1.0 0.341406 0.211449 0.082812 0.207944
0 1.0 0.397656 0.170561 0.167187 0.196262
0 1.0 0.533594 0.553738 0.785937 0.196262
0 1.0 0.549219 0.532710 0.204687 0.490654
0 1.0 0.655469 0.528037 0.254688 0.415888
0 1.0 0.750781 0.514019 0.235937 0.378505
0 1.0 0.351562 0.531542 0.259375 0.418224
0 1.0 0.443750 0.538551 0.206250 0.483645
0 1.0 0.166406 0.551402 0.332813 0.210280
0 1.0 0.415625 0.172897 0.293750 0.121495
0 1.0 0.500781 0.191589 0.026562 0.060748
0 1.0 0.444531 0.168224 0.270313 0.275701
0 1.0 0.494531 0.179907 0.117188 0.144860
0 1.0 0.546875 0.188084 0.031250 0.063084
0 1.0 0.435156 0.211449 0.054688 0.151869
0 1.0 0.566406 0.177570 0.114062 0.177570
0 1.0 0.832031 0.450935 0.335938 0.214953
0 1.0 0.549219 0.453271 0.576562 0.266355
0 1.0 0.245312 0.448598 0.231250 0.481308
0 1.0 0.632812 0.183411 0.168750 0.119159
0 1.0 0.600781 0.220794 0.054688 0.179907
0 1.0 0.658594 0.189252 0.157812 0.214953
0 1.0 0.668750 0.219626 0.059375 0.158879
0 1.0 0.835156 0.350467 0.329688 0.210280
0 1.0 0.162500 0.450935 0.325000 0.205607
0 1.0 0.442188 0.357477 0.278125 0.490654
0 1.0 0.465625 0.351636 0.600000 0.231308
0 1.0 0.546875 0.357477 0.250000 0.490654
0 1.0 0.711719 0.183411 0.239063 0.324766
0 1.0 0.710156 0.207944 0.110937 0.294393
0 1.0 0.821875 0.185748 0.128125 0.189252
0 1.0 0.202344 0.351636 0.404687 0.226636
0 1.0 0.832812 0.248832 0.334375 0.212617
0 1.0 0.814844 0.178738 0.289062 0.133178
0 1.0 0.872656 0.182243 0.120313 0.112150
0 1.0 0.868750 0.220794 0.087500 0.235981
0 1.0 0.958594 0.193925 0.082812 0.121495
0 1.0 0.654687 0.274533 0.218750 0.549065
0 1.0 0.850781 0.311916 0.185938 0.600467
0 1.0 0.454688 0.244159 0.568750 0.231308
0 1.0 0.542188 0.260514 0.450000 0.441589
0 1.0 0.958594 0.250000 0.054688 0.093458
0 1.0 0.967187 0.271028 0.034375 0.088785
0 1.0 0.048438 0.234813 0.071875 0.095794
0 1.0 0.070312 0.232477 0.140625 0.114486
0 1.0 0.025781 0.279206 0.042188 0.189252
0 1.0 0.080469 0.238318 0.079687 0.280374
0 1.0 0.236719 0.279206 0.182812 0.558411
0 1.0 0.117969 0.231308 0.210938 0.163551
0 1.0 0.191406 0.288551 0.045312 0.193925
0 1.0 0.246094 0.231308 0.220312 0.163551
0 1.0 0.285938 0.239486 0.221875 0.301402
0 1.0 0.260156 0.245327 0.029687 0.060748
0 1.0 0.342969 0.237150 0.185938 0.203271
0 1.0 0.375781 0.232477 0.310937 0.128505
0 1.0 0.336719 0.282710 0.067187 0.168224
0 1.0 0.432812 0.237150 0.118750 0.114486
0 1.0 0.452344 0.226636 0.185938 0.191589
0 1.0 0.504687 0.237150 0.050000 0.081776
0 1.0 0.445312 0.272196 0.040625 0.123832
0 1.0 0.507031 0.226636 0.251563 0.280374
0 1.0 0.532813 0.232477 0.112500 0.109813
0 1.0 0.503906 0.251168 0.067187 0.179907
0 1.0 0.589844 0.233645 0.114062 0.112150
0 1.0 0.577344 0.233645 0.289062 0.135514
0 1.0 0.607031 0.226636 0.164062 0.205607
0 1.0 0.679688 0.260514 0.037500 0.105140
0 1.0 0.686719 0.240654 0.245312 0.168224
0 1.0 0.722656 0.258178 0.045312 0.109813
0 1.0 0.785937 0.266355 0.056250 0.135514
0 1.0 0.775000 0.262850 0.100000 0.250000
0 1.0 0.443750 0.078271 0.600000 0.156542
0 1.0 0.828125 0.283879 0.050000 0.123832
0 1.0 0.819531 0.286215 0.082812 0.217290
0 1.0 0.862500 0.240654 0.096875 0.107477
0 1.0 0.881250 0.281542 0.040625 0.109813
0 1.0 0.916406 0.240654 0.164062 0.186916
0 1.0 0.917188 0.299065 0.075000 0.224299
0 1.0 0.948438 0.960280 0.103125 0.079439
0 1.0 0.875000 0.935748 0.156250 0.128505
0 1.0 0.852344 0.961449 0.082812 0.077103
0 1.0 0.925781 0.925234 0.114062 0.149533
0 1.0 0.710156 0.947430 0.220312 0.105140
0 1.0 0.714844 0.928738 0.114062 0.142523
0 1.0 0.735156 0.962617 0.126562 0.074766
0 1.0 0.768750 0.927570 0.112500 0.144860
0 1.0 0.787500 0.960280 0.153125 0.079439
0 1.0 0.819531 0.924065 0.114062 0.151869
0 1.0 0.604688 0.962617 0.090625 0.070093
0 1.0 0.553906 0.946262 0.073438 0.107477
0 1.0 0.613281 0.939252 0.157812 0.121495
0 1.0 0.651563 0.963785 0.103125 0.072430
0 1.0 0.460938 0.948598 0.125000 0.102804
0 1.0 0.460156 0.918224 0.214062 0.163551
0 1.0 0.514844 0.964953 0.057813 0.056075
0 1.0 0.504687 0.932243 0.112500 0.135514
0 1.0 0.564063 0.918224 0.221875 0.163551
0 1.0 0.298438 0.963785 0.056250 0.072430
0 1.0 0.292187 0.933411 0.118750 0.133178
0 1.0 0.355469 0.946262 0.129688 0.107477
0 1.0 0.360156 0.915888 0.214062 0.168224
0 1.0 0.365625 0.964953 0.062500 0.060748
0 1.0 0.404687 0.941589 0.134375 0.116822
0 1.0 0.184375 0.966121 0.096875 0.067757
0 1.0 0.135156 0.934579 0.082812 0.130841
0 1.0 0.187500 0.924065 0.118750 0.151869
0 1.0 0.226562 0.963785 0.121875 0.072430
0 1.0 0.236719 0.932243 0.082812 0.135514
0 1.0 0.053125 0.943925 0.106250 0.112150
0 1.0 0.059375 0.966121 0.065625 0.063084
0 1.0 0.100781 0.953271 0.179688 0.093458
0 1.0 0.872656 0.870327 0.120313 0.259346
0 1.0 0.963281 0.924065 0.057813 0.151869
0 1.0 0.607031 0.884346 0.110937 0.231308
0 1.0 0.660156 0.906542 0.182812 0.186916
0 1.0 0.443750 0.903037 0.090625 0.193925
0 1.0 0.547656 0.886682 0.110937 0.226636
0 1.0 0.342187 0.886682 0.112500 0.226636
0 1.0 0.233594 0.875000 0.132812 0.250000
0 1.0 0.034375 0.897196 0.068750 0.205607
0 1.0 0.081250 0.886682 0.131250 0.226636
0 1.0 0.135156 0.884346 0.135937 0.231308
0 1.0 0.811719 0.867991 0.120313 0.095794
0 1.0 0.876563 0.799065 0.068750 0.163551
0 1.0 0.909375 0.871495 0.181250 0.154206
0 1.0 0.922656 0.823598 0.082812 0.203271
0 1.0 0.957031 0.859813 0.051562 0.107477
0 1.0 0.770312 0.863318 0.212500 0.147196
0 1.0 0.783594 0.814252 0.048438 0.105140
0 1.0 0.776563 0.779206 0.053125 0.119159
0 1.0 0.825000 0.823598 0.050000 0.114486
0 1.0 0.852344 0.873832 0.067187 0.093458
0 1.0 0.620313 0.866822 0.215625 0.149533
0 1.0 0.618750 0.827103 0.034375 0.074766
0 1.0 0.614062 0.792056 0.037500 0.088785
0 1.0 0.673438 0.829439 0.040625 0.084112
0 1.0 0.667188 0.799065 0.046875 0.102804
0 1.0 0.711719 0.850467 0.182812 0.200935
0 1.0 0.730469 0.808411 0.039062 0.079439
0 1.0 0.721094 0.773364 0.042188 0.088785
0 1.0 0.471875 0.870327 0.187500 0.105140
0 1.0 0.450000 0.810748 0.025000 0.056075
0 1.0 0.499219 0.860981 0.195312 0.207944
0 1.0 0.509375 0.839953 0.056250 0.123832
0 1.0 0.564844 0.871495 0.135937 0.116822
0 1.0 0.554688 0.834112 0.056250 0.107477
0 1.0 0.341406 0.865654 0.229687 0.114486
0 1.0 0.346875 0.838785 0.053125 0.126168
0 1.0 0.402344 0.862150 0.170313 0.191589
0 1.0 0.450000 0.870327 0.078125 0.100467
0 1.0 0.398438 0.838785 0.068750 0.144860
0 1.0 0.496875 0.876168 0.065625 0.088785
0 1.0 0.449219 0.834112 0.067187 0.112150
0 1.0 0.189062 0.828271 0.125000 0.240654
0 1.0 0.196094 0.865654 0.245312 0.114486
0 1.0 0.192969 0.820093 0.057813 0.149533
0 1.0 0.246094 0.867991 0.107813 0.119159
0 1.0 0.235156 0.820093 0.076563 0.200935
0 1.0 0.304688 0.867991 0.100000 0.147196
0 1.0 0.293750 0.875000 0.031250 0.063084
0 1.0 0.287500 0.832944 0.046875 0.109813
0 1.0 0.060937 0.864486 0.121875 0.098131
0 1.0 0.029687 0.835280 0.056250 0.165888
0 1.0 0.110937 0.866822 0.106250 0.116822
0 1.0 0.082031 0.829439 0.064062 0.172897
0 1.0 0.138281 0.848131 0.242188 0.289720
0 1.0 0.135937 0.823598 0.059375 0.161215
0 1.0 0.918750 0.794393 0.140625 0.303738
0 1.0 0.883594 0.813084 0.232813 0.126168
0 1.0 0.953125 0.811916 0.093750 0.240654
0 1.0 0.770312 0.808411 0.240625 0.154206
0 1.0 0.771094 0.796729 0.135937 0.257009
0 1.0 0.812500 0.804907 0.115625 0.310748
0 1.0 0.850000 0.821262 0.046875 0.077103
0 1.0 0.622656 0.811916 0.310937 0.128505
0 1.0 0.662500 0.809579 0.181250 0.212617
0 1.0 0.715625 0.788551 0.131250 0.226636
0 1.0 0.492969 0.810748 0.310937 0.121495
0 1.0 0.503125 0.806075 0.112500 0.345794
0 1.0 0.560937 0.809579 0.193750 0.221963
0 1.0 0.571875 0.815421 0.137500 0.116822
0 1.0 0.611719 0.794393 0.104688 0.214953
0 1.0 0.341406 0.809579 0.267188 0.151869
0 1.0 0.344531 0.802570 0.154688 0.282710
0 1.0 0.446875 0.807243 0.200000 0.217290
0 1.0 0.482812 0.818925 0.078125 0.091121
0 1.0 0.444531 0.808411 0.095312 0.289720
0 1.0 0.189844 0.809579 0.304688 0.128505
0 1.0 0.226562 0.809579 0.243750 0.292056
0 1.0 0.251563 0.814252 0.118750 0.114486
0 1.0 0.301563 0.824766 0.037500 0.060748
0 1.0 0.108594 0.814252 0.117188 0.114486
0 1.0 0.900000 0.765187 0.187500 0.156542
0 1.0 0.962500 0.711449 0.050000 0.151869
0 1.0 0.046094 0.816589 0.064062 0.086449
0 1.0 0.044531 0.807243 0.089063 0.273364
0 1.0 0.771875 0.759346 0.275000 0.121495
0 1.0 0.854688 0.769860 0.028125 0.058411
0 1.0 0.783594 0.761682 0.095312 0.084112
0 1.0 0.871094 0.733645 0.104688 0.303738
0 1.0 0.659375 0.747664 0.256250 0.275701
0 1.0 0.685156 0.758178 0.157812 0.123832
0 1.0 0.666406 0.737150 0.095312 0.240654
0 1.0 0.509375 0.760514 0.178125 0.128505
0 1.0 0.577344 0.759346 0.095312 0.107477
0 1.0 0.546875 0.737150 0.128125 0.287383
0 1.0 0.627344 0.760514 0.204687 0.147196
0 1.0 0.607812 0.705607 0.084375 0.233645
0 1.0 0.343750 0.753505 0.328125 0.123832
0 1.0 0.339062 0.727804 0.106250 0.226636
0 1.0 0.393750 0.742991 0.275000 0.247664
0 1.0 0.454688 0.758178 0.068750 0.086449
0 1.0 0.393750 0.734813 0.128125 0.254673
0 1.0 0.492969 0.759346 0.051562 0.079439
0 1.0 0.445312 0.718458 0.068750 0.189252
0 1.0 0.491406 0.750000 0.270313 0.280374
0 1.0 0.271875 0.759346 0.068750 0.093458
0 1.0 0.233594 0.744159 0.126562 0.259346
0 1.0 0.290625 0.751168 0.153125 0.170561
0 1.0 0.291406 0.758178 0.035937 0.058411
0 1.0 0.235156 0.755841 0.264062 0.109813
0 1.0 0.128906 0.765187 0.073438 0.086449
0 1.0 0.078125 0.735981 0.128125 0.294393
0 1.0 0.114844 0.759346 0.229687 0.112150
0 1.0 0.133594 0.750000 0.135937 0.299065
0 1.0 0.872656 0.707944 0.254688 0.121495
0 1.0 0.921094 0.688084 0.104688 0.352804
0 1.0 0.939844 0.702103 0.120313 0.100467
0 1.0 0.058594 0.764019 0.045312 0.065421
0 1.0 0.057813 0.759346 0.115625 0.088785
0 1.0 0.816406 0.692757 0.176563 0.203271
0 1.0 0.817969 0.671729 0.095312 0.310748
0 1.0 0.844531 0.713785 0.026562 0.053738
0 1.0 0.779687 0.709112 0.037500 0.058411
0 1.0 0.697656 0.704439 0.107813 0.109813
0 1.0 0.669531 0.703271 0.332813 0.130841
0 1.0 0.714844 0.695093 0.185938 0.198598
0 1.0 0.745313 0.704439 0.140625 0.119159
0 1.0 0.709375 0.675234 0.103125 0.299065
0 1.0 0.764844 0.683411 0.123438 0.254673
0 1.0 0.502344 0.704439 0.329688 0.133178
0 1.0 0.505469 0.683411 0.082812 0.254673
0 1.0 0.558594 0.690421 0.251563 0.240654
0 1.0 0.579688 0.703271 0.071875 0.098131
0 1.0 0.627344 0.704439 0.151562 0.133178
0 1.0 0.475781 0.704439 0.035937 0.072430
0 1.0 0.453906 0.695093 0.151562 0.184579
0 1.0 0.507812 0.705607 0.031250 0.079439
0 1.0 0.527344 0.704439 0.107813 0.114486
0 1.0 0.305469 0.699766 0.042188 0.072430
0 1.0 0.257812 0.699766 0.328125 0.133178
0 1.0 0.300000 0.696262 0.112500 0.140187
0 1.0 0.288281 0.706776 0.035937 0.067757
0 1.0 0.344531 0.693925 0.192188 0.172897
0 1.0 0.125000 0.702103 0.184375 0.105140
0 1.0 0.194531 0.703271 0.076563 0.093458
0 1.0 0.200000 0.695093 0.128125 0.161215
0 1.0 0.910156 0.647196 0.179688 0.149533
0 1.0 0.950000 0.639019 0.056250 0.193925
0 1.0 0.939844 0.647196 0.120313 0.098131
0 1.0 0.053125 0.686916 0.106250 0.196262
0 1.0 0.082031 0.702103 0.029687 0.063084
0 1.0 0.058594 0.702103 0.117188 0.086449
0 1.0 0.154688 0.700935 0.043750 0.074766
0 1.0 0.828906 0.643692 0.054688 0.175234
0 1.0 0.839844 0.648364 0.029687 0.067757
0 1.0 0.878125 0.641355 0.050000 0.165888
0 1.0 0.786719 0.649533 0.020313 0.051402
0 1.0 0.917969 0.606308 0.070312 0.217290
0 1.0 0.671875 0.644860 0.059375 0.205607
0 1.0 0.719531 0.635514 0.251563 0.252336
0 1.0 0.718750 0.639019 0.068750 0.198598
0 1.0 0.775000 0.641355 0.075000 0.198598
0 1.0 0.577344 0.655374 0.060937 0.100467
0 1.0 0.535937 0.665888 0.065625 0.210280
0 1.0 0.607812 0.649533 0.150000 0.205607
0 1.0 0.600781 0.667056 0.048438 0.142523
0 1.0 0.623437 0.651869 0.293750 0.144860
0 1.0 0.677344 0.653037 0.129688 0.189252
0 1.0 0.482812 0.660047 0.028125 0.072430
0 1.0 0.397656 0.648364 0.154688 0.235981
0 1.0 0.409375 0.656542 0.359375 0.144860
0 1.0 0.515625 0.658879 0.025000 0.074766
0 1.0 0.457031 0.662383 0.045312 0.151869
0 1.0 0.496875 0.644860 0.234375 0.252336
0 1.0 0.231250 0.649533 0.081250 0.224299
0 1.0 0.305469 0.637850 0.226562 0.228972
0 1.0 0.247656 0.656542 0.023438 0.051402
0 1.0 0.188281 0.654206 0.201563 0.102804
0 1.0 0.343750 0.655374 0.140625 0.119159
0 1.0 0.133594 0.636682 0.089063 0.212617
0 1.0 0.193750 0.647196 0.096875 0.158879
0 1.0 0.261719 0.654206 0.039062 0.084112
0 1.0 0.867969 0.591121 0.182812 0.172897
0 1.0 0.958594 0.585280 0.035937 0.161215
0 1.0 0.102344 0.649533 0.032813 0.088785
0 1.0 0.035937 0.622664 0.071875 0.254673
0 1.0 0.082031 0.629673 0.142187 0.207944
0 1.0 0.151562 0.647196 0.043750 0.093458
0 1.0 0.892969 0.594626 0.026562 0.081776
0 1.0 0.886719 0.614486 0.026562 0.135514
0 1.0 0.842187 0.598131 0.025000 0.065421
0 1.0 0.720313 0.596963 0.146875 0.235981
0 1.0 0.753125 0.593458 0.106250 0.112150
0 1.0 0.743750 0.592290 0.268750 0.114486
0 1.0 0.805469 0.592290 0.129688 0.142523
0 1.0 0.843750 0.627336 0.031250 0.151869
0 1.0 0.592969 0.599299 0.039062 0.063084
0 1.0 0.554688 0.595794 0.250000 0.102804
0 1.0 0.609375 0.660047 0.025000 0.072430
0 1.0 0.705469 0.594626 0.070312 0.077103
0 1.0 0.690625 0.649533 0.031250 0.102804
0 1.0 0.419531 0.600467 0.264062 0.102804
0 1.0 0.525781 0.605140 0.017188 0.042056
0 1.0 0.462500 0.633178 0.106250 0.186916
0 1.0 0.465625 0.601636 0.131250 0.077103
0 1.0 0.560156 0.596963 0.051562 0.072430
0 1.0 0.505469 0.650701 0.054688 0.156542
0 1.0 0.229687 0.603972 0.015625 0.039720
0 1.0 0.151562 0.601636 0.175000 0.081776
0 1.0 0.287500 0.661215 0.062500 0.154206
0 1.0 0.351562 0.598131 0.050000 0.070093
0 1.0 0.313281 0.599299 0.198437 0.109813
0 1.0 0.335156 0.635514 0.079687 0.196262
0 1.0 0.498437 0.603972 0.018750 0.044393
0 1.0 0.181250 0.601636 0.062500 0.114486
0 1.0 0.185938 0.600467 0.162500 0.149533
0 1.0 0.196094 0.642523 0.042188 0.168224
0 1.0 0.233594 0.607477 0.167187 0.214953
0 1.0 0.279687 0.601636 0.025000 0.063084
0 1.0 0.932031 0.558411 0.120313 0.112150
0 1.0 0.114844 0.594626 0.023438 0.081776
0 1.0 0.149219 0.596963 0.029687 0.086449
0 1.0 0.082031 0.613318 0.067187 0.193925
0 1.0 0.911719 0.566589 0.026562 0.081776
0 1.0 0.857812 0.560748 0.028125 0.070093
0 1.0 0.923438 0.544393 0.153125 0.242991
0 1.0 0.941406 0.566589 0.042188 0.165888
0 1.0 0.729688 0.589953 0.046875 0.198598
0 1.0 0.746875 0.547897 0.328125 0.114486
0 1.0 0.778906 0.594626 0.042188 0.175234
0 1.0 0.857031 0.602804 0.023438 0.126168
0 1.0 0.601562 0.554907 0.321875 0.119159
0 1.0 0.606250 0.567757 0.178125 0.191589
0 1.0 0.609375 0.625000 0.021875 0.063084
0 1.0 0.673438 0.570093 0.156250 0.200935
0 1.0 0.690625 0.614486 0.028125 0.088785
0 1.0 0.680469 0.623832 0.039062 0.135514
0 1.0 0.515625 0.570093 0.025000 0.060748
0 1.0 0.487500 0.565421 0.078125 0.074766
0 1.0 0.459375 0.637850 0.028125 0.074766
0 1.0 0.504687 0.570093 0.168750 0.200935
0 1.0 0.542969 0.605140 0.067187 0.154206
0 1.0 0.280469 0.574766 0.023438 0.051402
0 1.0 0.289062 0.589953 0.121875 0.193925
0 1.0 0.226562 0.566589 0.228125 0.105140
0 1.0 0.357812 0.561916 0.146875 0.165888
0 1.0 0.335156 0.557243 0.120313 0.095794
0 1.0 0.465625 0.561916 0.037500 0.067757
0 1.0 0.409375 0.554907 0.293750 0.119159
0 1.0 0.124219 0.607477 0.042188 0.172897
0 1.0 0.200000 0.581776 0.075000 0.228972
0 1.0 0.279687 0.560748 0.075000 0.107477
0 1.0 0.310156 0.578271 0.076563 0.119159
0 1.0 0.064844 0.553738 0.129688 0.271028
0 1.0 0.086719 0.558411 0.023438 0.065421
0 1.0 0.062500 0.551402 0.109375 0.088785
0 1.0 0.132031 0.560748 0.051562 0.088785
0 1.0 0.118750 0.552570 0.206250 0.109813
0 1.0 0.139844 0.574766 0.170313 0.242991
0 1.0 0.862500 0.523364 0.075000 0.084112
0 1.0 0.842969 0.514019 0.020313 0.046729
0 1.0 0.876563 0.567757 0.040625 0.177570
0 1.0 0.893750 0.511682 0.212500 0.130841
0 1.0 0.923438 0.556075 0.043750 0.177570
0 1.0 0.954688 0.510514 0.090625 0.105140
0 1.0 0.728906 0.505841 0.317188 0.119159
0 1.0 0.840625 0.571262 0.040625 0.175234
0 1.0 0.619531 0.511682 0.245312 0.158879
0 1.0 0.608594 0.580607 0.020313 0.053738
0 1.0 0.605469 0.586449 0.032813 0.093458
0 1.0 0.692969 0.571262 0.023438 0.063084
0 1.0 0.680469 0.570093 0.035937 0.102804
0 1.0 0.451562 0.521028 0.137500 0.121495
0 1.0 0.446094 0.570093 0.079687 0.116822
0 1.0 0.453906 0.610981 0.023438 0.063084
0 1.0 0.503906 0.498832 0.248438 0.292056
0 1.0 0.511719 0.511682 0.204687 0.135514
0 1.0 0.507031 0.570093 0.042188 0.107477
0 1.0 0.589844 0.515187 0.123438 0.109813
0 1.0 0.220312 0.508178 0.209375 0.114486
0 1.0 0.310937 0.510514 0.090625 0.105140
0 1.0 0.342187 0.570093 0.046875 0.112150
0 1.0 0.396094 0.525701 0.189062 0.200935
0 1.0 0.403125 0.509346 0.275000 0.112150
0 1.0 0.207813 0.584112 0.031250 0.140187
0 1.0 0.239844 0.511682 0.070312 0.093458
0 1.0 0.061719 0.519860 0.039062 0.063084
0 1.0 0.053125 0.508178 0.106250 0.081776
0 1.0 0.023438 0.577103 0.043750 0.168224
0 1.0 0.103906 0.515187 0.142187 0.119159
0 1.0 0.883594 0.456776 0.017188 0.039720
0 1.0 0.885938 0.558411 0.028125 0.098131
0 1.0 0.935156 0.492991 0.057813 0.112150
0 1.0 0.915625 0.455607 0.168750 0.130841
0 1.0 0.946094 0.521028 0.029687 0.098131
0 1.0 0.953906 0.454439 0.057813 0.072430
0 1.0 0.961719 0.546729 0.020313 0.088785
0 1.0 0.778906 0.481308 0.123438 0.144860
0 1.0 0.790625 0.577103 0.012500 0.042056
0 1.0 0.772656 0.580607 0.029687 0.105140
0 1.0 0.839844 0.489486 0.060937 0.095794
0 1.0 0.853125 0.563084 0.012500 0.042056
0 1.0 0.827344 0.457944 0.254688 0.121495
0 1.0 0.839063 0.574766 0.021875 0.084112
0 1.0 0.887500 0.492991 0.100000 0.135514
0 1.0 0.900781 0.550234 0.014063 0.044393
0 1.0 0.610156 0.545561 0.014063 0.039720
0 1.0 0.657031 0.449766 0.151562 0.095794
0 1.0 0.607812 0.558411 0.021875 0.065421
0 1.0 0.671875 0.455607 0.278125 0.154206
0 1.0 0.695312 0.540888 0.015625 0.044393
0 1.0 0.715625 0.473131 0.125000 0.151869
0 1.0 0.730469 0.545561 0.020313 0.067757
0 1.0 0.721094 0.552570 0.035937 0.128505
0 1.0 0.531250 0.455607 0.018750 0.042056
0 1.0 0.445312 0.558411 0.021875 0.056075
0 1.0 0.519531 0.481308 0.076563 0.116822
0 1.0 0.525000 0.532710 0.021875 0.070093
0 1.0 0.533594 0.449766 0.120313 0.086449
0 1.0 0.578906 0.482477 0.070312 0.105140
0 1.0 0.575000 0.456776 0.240625 0.142523
0 1.0 0.553125 0.530374 0.031250 0.070093
0 1.0 0.626563 0.453271 0.078125 0.070093
0 1.0 0.377344 0.497664 0.035937 0.074766
0 1.0 0.228906 0.464953 0.182812 0.130841
0 1.0 0.346094 0.498832 0.089063 0.119159
0 1.0 0.269531 0.464953 0.017188 0.046729
0 1.0 0.347656 0.528037 0.039062 0.079439
0 1.0 0.406250 0.482477 0.125000 0.165888
0 1.0 0.403906 0.457944 0.248438 0.163551
0 1.0 0.396094 0.531542 0.067187 0.123832
0 1.0 0.498437 0.502336 0.025000 0.060748
0 1.0 0.214062 0.517523 0.040625 0.100467
0 1.0 0.255469 0.464953 0.029687 0.060748
0 1.0 0.210938 0.552570 0.021875 0.081776
0 1.0 0.227344 0.519860 0.023438 0.072430
0 1.0 0.301563 0.457944 0.040625 0.065421
0 1.0 0.337500 0.491822 0.025000 0.067757
0 1.0 0.291406 0.464953 0.245312 0.182243
0 1.0 0.344531 0.463785 0.151562 0.109813
0 1.0 0.296094 0.531542 0.029687 0.081776
0 1.0 0.107031 0.457944 0.014063 0.037383
0 1.0 0.018750 0.530374 0.025000 0.074766
0 1.0 0.092969 0.480140 0.085938 0.119159
0 1.0 0.100000 0.457944 0.200000 0.144860
0 1.0 0.096094 0.543224 0.020313 0.058411
0 1.0 0.150000 0.459112 0.021875 0.049065
0 1.0 0.087500 0.549065 0.037500 0.107477
0 1.0 0.160938 0.484813 0.065625 0.095794
0 1.0 0.146094 0.545561 0.017188 0.049065
0 1.0 0.189844 0.462617 0.051562 0.079439
0 1.0 0.235156 0.494159 0.026562 0.067757
0 1.0 0.904687 0.406542 0.190625 0.163551
0 1.0 0.920312 0.483645 0.062500 0.200935
0 1.0 0.960156 0.424065 0.079687 0.133178
0 1.0 0.960156 0.515187 0.020313 0.081776
0 1.0 0.072656 0.488318 0.045312 0.079439
0 1.0 0.056250 0.461449 0.081250 0.081776
0 1.0 0.772656 0.405374 0.298438 0.142523
0 1.0 0.794531 0.516355 0.014063 0.042056
0 1.0 0.774219 0.516355 0.045312 0.121495
0 1.0 0.850781 0.505841 0.014063 0.044393
0 1.0 0.896094 0.508178 0.014063 0.044393
0 1.0 0.878125 0.502336 0.043750 0.130841
0 1.0 0.645312 0.399533 0.181250 0.098131
0 1.0 0.604688 0.496495 0.037500 0.091121
0 1.0 0.687500 0.497664 0.018750 0.042056
0 1.0 0.674219 0.497664 0.042188 0.098131
0 1.0 0.710156 0.410047 0.285938 0.287383
0 1.0 0.728125 0.505841 0.021875 0.053738
0 1.0 0.714844 0.502336 0.060937 0.140187
0 1.0 0.507031 0.413551 0.185938 0.191589
0 1.0 0.517969 0.480140 0.032813 0.095794
0 1.0 0.554688 0.480140 0.043750 0.091121
0 1.0 0.609375 0.500000 0.015625 0.037383
0 1.0 0.353906 0.405374 0.248438 0.175234
0 1.0 0.460938 0.419393 0.118750 0.147196
0 1.0 0.442188 0.500000 0.043750 0.102804
0 1.0 0.204687 0.474299 0.043750 0.149533
0 1.0 0.228125 0.408879 0.250000 0.158879
0 1.0 0.227344 0.475467 0.020313 0.072430
0 1.0 0.222656 0.466121 0.048438 0.151869
0 1.0 0.316406 0.424065 0.070312 0.142523
0 1.0 0.292187 0.453271 0.056250 0.158879
0 1.0 0.100781 0.412383 0.132812 0.114486
0 1.0 0.079687 0.488318 0.021875 0.056075
0 1.0 0.152344 0.482477 0.020313 0.058411
0 1.0 0.139844 0.474299 0.045312 0.135514
0 1.0 0.210156 0.427570 0.073438 0.135514
0 1.0 0.923438 0.414720 0.075000 0.179907
0 1.0 0.907031 0.352804 0.185938 0.126168
0 1.0 0.923438 0.443925 0.040625 0.163551
0 1.0 0.963281 0.371495 0.073438 0.116822
0 1.0 0.942187 0.422897 0.037500 0.084112
0 1.0 0.959375 0.440421 0.015625 0.053738
0 1.0 0.046094 0.429907 0.092188 0.116822
0 1.0 0.069531 0.396028 0.139063 0.259346
0 1.0 0.076563 0.414720 0.040625 0.067757
0 1.0 0.032031 0.475467 0.035937 0.077103
0 1.0 0.771875 0.348131 0.293750 0.121495
0 1.0 0.777344 0.406542 0.057813 0.168224
0 1.0 0.821875 0.352804 0.150000 0.172897
0 1.0 0.842187 0.414720 0.025000 0.081776
0 1.0 0.830469 0.419393 0.042188 0.142523
0 1.0 0.892188 0.427570 0.021875 0.074766
0 1.0 0.864844 0.351636 0.126562 0.091121
0 1.0 0.878125 0.428738 0.043750 0.161215
0 1.0 0.935156 0.365654 0.073438 0.119159
0 1.0 0.669531 0.346963 0.282813 0.137850
0 1.0 0.681250 0.429907 0.028125 0.060748
0 1.0 0.671094 0.438084 0.039062 0.100467
0 1.0 0.728906 0.429907 0.029687 0.070093
0 1.0 0.719531 0.441589 0.045312 0.121495
0 1.0 0.791406 0.412383 0.026562 0.077103
0 1.0 0.493750 0.344626 0.250000 0.137850
0 1.0 0.513281 0.401869 0.051562 0.154206
0 1.0 0.541406 0.397196 0.073438 0.168224
0 1.0 0.614062 0.355140 0.256250 0.266355
0 1.0 0.614844 0.428738 0.020313 0.053738
0 1.0 0.609375 0.419393 0.031250 0.091121
0 1.0 0.382031 0.349299 0.279687 0.123832
0 1.0 0.340625 0.428738 0.056250 0.123832
0 1.0 0.395313 0.382009 0.128125 0.165888
0 1.0 0.396875 0.408879 0.075000 0.154206
0 1.0 0.481250 0.378505 0.059375 0.093458
0 1.0 0.439063 0.391355 0.015625 0.039720
0 1.0 0.492188 0.355140 0.259375 0.294393
0 1.0 0.238281 0.360981 0.154688 0.207944
0 1.0 0.233594 0.399533 0.045312 0.135514
0 1.0 0.251563 0.343458 0.284375 0.126168
0 1.0 0.328906 0.380841 0.032813 0.079439
0 1.0 0.285156 0.389019 0.098437 0.198598
0 1.0 0.367969 0.383178 0.067187 0.102804
0 1.0 0.339844 0.391355 0.120313 0.161215
0 1.0 0.107031 0.356308 0.214062 0.133178
0 1.0 0.096094 0.429907 0.035937 0.074766
0 1.0 0.118750 0.349299 0.115625 0.081776
0 1.0 0.089063 0.440421 0.046875 0.123832
0 1.0 0.134375 0.420561 0.034375 0.088785
0 1.0 0.226562 0.386682 0.031250 0.077103
0 1.0 0.207813 0.443925 0.028125 0.107477
0 1.0 0.973437 0.308411 0.053125 0.098131
0 1.0 0.947656 0.352804 0.032813 0.065421
0 1.0 0.958594 0.394860 0.029687 0.088785
0 1.0 0.061719 0.375000 0.067187 0.100467
0 1.0 0.035937 0.363318 0.071875 0.081776
0 1.0 0.017969 0.397196 0.035937 0.102804
0 1.0 0.015625 0.403037 0.021875 0.072430
0 1.0 0.842969 0.352804 0.020313 0.051402
0 1.0 0.814844 0.294393 0.192188 0.121495
0 1.0 0.826562 0.353972 0.068750 0.151869
0 1.0 0.885938 0.306075 0.115625 0.130841
0 1.0 0.893750 0.344626 0.018750 0.044393
0 1.0 0.846094 0.296729 0.057813 0.060748
0 1.0 0.875781 0.353972 0.067187 0.165888
0 1.0 0.942187 0.309579 0.062500 0.100467
0 1.0 0.895312 0.294393 0.209375 0.172897
0 1.0 0.686719 0.301402 0.020313 0.042056
0 1.0 0.673438 0.289720 0.300000 0.126168
0 1.0 0.669531 0.313084 0.064062 0.144860
0 1.0 0.724219 0.300234 0.139063 0.147196
0 1.0 0.739062 0.329439 0.018750 0.037383
0 1.0 0.721094 0.341121 0.073438 0.144860
0 1.0 0.800781 0.342290 0.020313 0.049065
0 1.0 0.782031 0.341121 0.073438 0.158879
0 1.0 0.511719 0.287383 0.251563 0.107477
0 1.0 0.573438 0.282710 0.096875 0.126168
0 1.0 0.556250 0.252336 0.050000 0.102804
0 1.0 0.550781 0.273364 0.073438 0.205607
0 1.0 0.595313 0.268692 0.015625 0.037383
0 1.0 0.642188 0.285047 0.153125 0.098131
0 1.0 0.404687 0.287383 0.143750 0.149533
0 1.0 0.399219 0.292056 0.270313 0.280374
0 1.0 0.416406 0.282710 0.264062 0.102804
0 1.0 0.510156 0.313084 0.020313 0.042056
0 1.0 0.446875 0.295561 0.087500 0.151869
0 1.0 0.528125 0.296729 0.025000 0.046729
0 1.0 0.446875 0.313084 0.037500 0.098131
0 1.0 0.513281 0.286215 0.107813 0.128505
0 1.0 0.509375 0.316589 0.034375 0.095794
0 1.0 0.230469 0.285047 0.235937 0.154206
0 1.0 0.242188 0.327103 0.053125 0.158879
0 1.0 0.239063 0.325935 0.081250 0.268692
0 1.0 0.326562 0.314252 0.025000 0.063084
0 1.0 0.291406 0.316589 0.123438 0.259346
0 1.0 0.326562 0.294393 0.212500 0.112150
0 1.0 0.386719 0.308411 0.032813 0.060748
0 1.0 0.328125 0.315421 0.115625 0.158879
0 1.0 0.425781 0.295561 0.073438 0.077103
0 1.0 0.951562 0.246495 0.096875 0.133178
0 1.0 0.968750 0.336449 0.034375 0.098131
0 1.0 0.060156 0.301402 0.064062 0.107477
0 1.0 0.073438 0.285047 0.146875 0.280374
0 1.0 0.037500 0.296729 0.075000 0.079439
0 1.0 0.040625 0.308411 0.028125 0.079439
0 1.0 0.032031 0.324766 0.035937 0.126168
0 1.0 0.077344 0.321262 0.020313 0.049065
0 1.0 0.113281 0.288551 0.148438 0.100467
0 1.0 0.143750 0.311916 0.040625 0.105140
0 1.0 0.135937 0.322430 0.075000 0.247664
0 1.0 0.226562 0.311916 0.021875 0.053738
0 1.0 0.198437 0.321262 0.090625 0.189252
0 1.0 0.227344 0.299065 0.157812 0.098131
0 1.0 0.198437 0.353972 0.050000 0.165888
0 1.0 0.078906 0.035047 0.045312 0.060748
0 1.0 0.111719 0.045561 0.110937 0.091121
0 1.0 0.080469 0.075935 0.039062 0.072430
0 1.0 0.134375 0.033879 0.065625 0.067757
0 1.0 0.147656 0.058411 0.104688 0.116822
0 1.0 0.130469 0.075935 0.060937 0.100467
0 1.0 0.754687 0.741822 0.206250 0.516355
0 1.0 0.549219 0.734813 0.207813 0.530374
0 1.0 0.853125 0.728972 0.200000 0.542056
0 1.0 0.446094 0.741822 0.207813 0.516355
0 1.0 0.449219 0.627336 0.476562 0.362150
0 1.0 0.353125 0.739486 0.215625 0.521028
0 1.0 0.742188 0.821262 0.390625 0.357477
0 1.0 0.649219 0.886682 0.339062 0.226636
0 1.0 0.122656 0.637850 0.245312 0.401869
0 1.0 0.916406 0.366822 0.167187 0.471963
0 1.0 0.250781 0.621495 0.189062 0.500000
0 1.0 0.486719 0.478972 0.392188 0.864486
0 1.0 0.822656 0.489486 0.351562 0.913551
0 1.0 0.249219 0.554907 0.454688 0.890187