0 1.0 0.279687 0.416471 0.128125 0.254118
0 1.0 0.392969 0.603529 0.114062 0.280000
0 1.0 0.428125 0.590588 0.284375 0.098824
0 1.0 0.657813 0.620000 0.100000 0.284706
0 1.0 0.485938 0.590588 0.025000 0.047059
0 1.0 0.396094 0.589412 0.260937 0.275294
0 1.0 0.461719 0.597647 0.160938 0.164706
0 1.0 0.366406 0.596471 0.148438 0.082353
0 1.0 0.387500 0.592941 0.071875 0.070588
0 1.0 0.284375 0.589412 0.112500 0.322353
0 1.0 0.223438 0.604706 0.190625 0.075294
0 1.0 0.293750 0.607059 0.021875 0.032941
0 1.0 0.603906 0.584706 0.173437 0.185882
0 1.0 0.554688 0.635294 0.134375 0.310588
0 1.0 0.527344 0.589412 0.264062 0.115294
0 1.0 0.551562 0.584706 0.096875 0.091765
0 1.0 0.820312 0.629412 0.103125 0.200000
0 1.0 0.493750 0.647059 0.087500 0.216471
0 1.0 0.300781 0.590588 0.242188 0.296471
0 1.0 0.445312 0.654118 0.050000 0.131765
0 1.0 0.506250 0.594118 0.137500 0.068235
0 1.0 0.538281 0.590588 0.029687 0.047059
0 1.0 0.075781 0.611765 0.107813 0.207059
0 1.0 0.129688 0.601176 0.046875 0.054118
0 1.0 0.098437 0.596471 0.196875 0.284706
0 1.0 0.025000 0.629412 0.050000 0.157647
0 1.0 0.038281 0.603529 0.076563 0.054118
0 1.0 0.066406 0.609412 0.020313 0.032941
0 1.0 0.960938 0.607059 0.034375 0.112941
0 1.0 0.964844 0.545882 0.070312 0.084706
0 1.0 0.239844 0.618824 0.120313 0.334118
0 1.0 0.933594 0.549412 0.132812 0.138824
0 1.0 0.923438 0.563529 0.106250 0.345882
0 1.0 0.276562 0.604706 0.028125 0.037647
0 1.0 0.238281 0.600000 0.182812 0.197647
0 1.0 0.190625 0.607059 0.106250 0.310588
0 1.0 0.096875 0.598824 0.184375 0.072941
0 1.0 0.137500 0.635294 0.071875 0.192941
0 1.0 0.174219 0.597647 0.079687 0.070588
0 1.0 0.224219 0.595294 0.098437 0.075294
0 1.0 0.111719 0.665882 0.223438 0.094118
0 1.0 0.078125 0.684706 0.103125 0.178824
0 1.0 0.118750 0.674118 0.068750 0.068235
0 1.0 0.027344 0.705882 0.054688 0.164706
0 1.0 0.044531 0.665882 0.089063 0.065882
0 1.0 0.058594 0.675294 0.026562 0.042353
0 1.0 0.958594 0.654118 0.039062 0.131765
0 1.0 0.964063 0.601176 0.071875 0.087059
0 1.0 0.946094 0.607059 0.107813 0.174118
0 1.0 0.299219 0.664706 0.126562 0.167059
0 1.0 0.260937 0.663529 0.284375 0.098824
0 1.0 0.302344 0.674118 0.042188 0.058824
0 1.0 0.245312 0.667059 0.246875 0.275294
0 1.0 0.191406 0.687059 0.085938 0.221176
0 1.0 0.142969 0.676471 0.170313 0.171765
0 1.0 0.136719 0.703529 0.064062 0.169412
0 1.0 0.176563 0.672941 0.096875 0.084706
0 1.0 0.144531 0.664706 0.239063 0.275294
0 1.0 0.764844 0.590588 0.257812 0.122353
0 1.0 0.757031 0.605882 0.270313 0.275294
0 1.0 0.714844 0.614118 0.117188 0.310588
0 1.0 0.660156 0.588235 0.260937 0.098824
0 1.0 0.652344 0.598824 0.260937 0.265882
0 1.0 0.616406 0.604706 0.082812 0.174118
0 1.0 0.575781 0.494118 0.260937 0.244706
0 1.0 0.884375 0.601176 0.231250 0.124706
0 1.0 0.871875 0.629412 0.093750 0.275294
0 1.0 0.773438 0.602353 0.025000 0.042353
0 1.0 0.880469 0.629412 0.060937 0.157647
0 1.0 0.826562 0.604706 0.025000 0.042353
0 1.0 0.761719 0.624706 0.095312 0.195294
0 1.0 0.855469 0.603529 0.229687 0.275294
0 1.0 0.025781 0.557647 0.051562 0.169412
0 1.0 0.046875 0.544706 0.065625 0.054118
0 1.0 0.951562 0.492941 0.096875 0.087059
0 1.0 0.873437 0.490588 0.253125 0.129412
0 1.0 0.898438 0.505882 0.203125 0.268235
0 1.0 0.241406 0.516471 0.229687 0.280000
0 1.0 0.221094 0.542353 0.220312 0.096471
0 1.0 0.138281 0.561176 0.054688 0.157647
0 1.0 0.153125 0.542353 0.193750 0.115294
0 1.0 0.071875 0.544706 0.062500 0.181176
0 1.0 0.714844 0.484706 0.289062 0.150588
0 1.0 0.660156 0.514118 0.060937 0.181176
0 1.0 0.869531 0.538824 0.073438 0.174118
0 1.0 0.626563 0.534118 0.043750 0.108235
0 1.0 0.592187 0.489412 0.328125 0.117647
0 1.0 0.553125 0.516471 0.103125 0.162353
0 1.0 0.619531 0.529412 0.067187 0.164706
0 1.0 0.777344 0.494118 0.026562 0.047059
0 1.0 0.880469 0.540000 0.042188 0.096471
0 1.0 0.803125 0.492941 0.071875 0.072941
0 1.0 0.822656 0.491765 0.089063 0.221176
0 1.0 0.832812 0.505882 0.050000 0.122353
0 1.0 0.959375 0.557647 0.031250 0.094118
0 1.0 0.814844 0.478824 0.195312 0.200000
0 1.0 0.762500 0.481176 0.087500 0.232941
0 1.0 0.768750 0.492941 0.056250 0.148235
0 1.0 0.717187 0.492941 0.087500 0.247059
0 1.0 0.751563 0.531765 0.193750 0.207059
0 1.0 0.709375 0.547059 0.321875 0.124706
0 1.0 0.653906 0.541176 0.170313 0.183529
0 1.0 0.799219 0.550588 0.026562 0.047059
0 1.0 0.880469 0.576471 0.048438 0.127059
0 1.0 0.828906 0.552941 0.051562 0.061176
0 1.0 0.827344 0.569412 0.067187 0.160000
0 1.0 0.425000 0.552941 0.112500 0.098824
0 1.0 0.335156 0.523529 0.139063 0.275294
0 1.0 0.382031 0.547059 0.098437 0.082353
0 1.0 0.353906 0.543529 0.235937 0.141176
0 1.0 0.309375 0.550588 0.075000 0.070588
0 1.0 0.566406 0.544706 0.176563 0.167059
0 1.0 0.513281 0.556471 0.276562 0.247059
0 1.0 0.511719 0.556471 0.148438 0.148235
0 1.0 0.444531 0.598824 0.035937 0.087059
0 1.0 0.512500 0.557647 0.096875 0.070588
0 1.0 0.470313 0.562353 0.103125 0.122353
0 1.0 0.181250 0.802353 0.150000 0.244706
0 1.0 0.190625 0.794118 0.093750 0.124706
0 1.0 0.132031 0.830588 0.104688 0.221176
0 1.0 0.161719 0.768235 0.310937 0.120000
0 1.0 0.285938 0.678824 0.028125 0.044706
0 1.0 0.075000 0.824706 0.103125 0.237647
0 1.0 0.146875 0.778824 0.059375 0.080000
0 1.0 0.342187 0.807059 0.165625 0.244706
0 1.0 0.035156 0.814118 0.070312 0.216471
0 1.0 0.067969 0.768235 0.135937 0.077647
0 1.0 0.350000 0.767059 0.328125 0.117647
0 1.0 0.607812 0.805882 0.100000 0.284706
0 1.0 0.367188 0.775294 0.134375 0.110588
0 1.0 0.274219 0.802353 0.126562 0.258824
0 1.0 0.304688 0.784706 0.100000 0.129412
0 1.0 0.282031 0.781176 0.042188 0.065882
0 1.0 0.511719 0.797647 0.251563 0.305882
0 1.0 0.293750 0.788235 0.034375 0.056471
0 1.0 0.861719 0.718824 0.185938 0.223529
0 1.0 0.816406 0.747059 0.132812 0.322353
0 1.0 0.802344 0.711765 0.304688 0.124706
0 1.0 0.098437 0.798824 0.196875 0.275294
0 1.0 0.766406 0.731765 0.182812 0.207059
0 1.0 0.709375 0.735294 0.128125 0.294118
0 1.0 0.748437 0.723529 0.134375 0.105882
0 1.0 0.094531 0.780000 0.029687 0.054118
0 1.0 0.961719 0.771765 0.057813 0.225882
0 1.0 0.946875 0.710588 0.106250 0.098824
0 1.0 0.925000 0.731765 0.150000 0.301176
0 1.0 0.907031 0.714118 0.185938 0.148235
0 1.0 0.865625 0.749412 0.112500 0.364706
0 1.0 0.749219 0.720000 0.057813 0.065882
0 1.0 0.817187 0.728235 0.025000 0.049412
0 1.0 0.752344 0.767059 0.092188 0.089412
0 1.0 0.816406 0.780000 0.029687 0.063529
0 1.0 0.397656 0.792941 0.170313 0.183529
0 1.0 0.803125 0.800000 0.243750 0.301176
0 1.0 0.087500 0.818824 0.131250 0.089412
0 1.0 0.110156 0.830588 0.029687 0.065882
0 1.0 0.935156 0.767059 0.129688 0.145882
0 1.0 0.511719 0.767059 0.351562 0.117647
0 1.0 0.526563 0.775294 0.137500 0.110588
0 1.0 0.442188 0.809412 0.115625 0.263529
0 1.0 0.513281 0.789412 0.029687 0.049412
0 1.0 0.470313 0.784706 0.034375 0.058824
0 1.0 0.662500 0.805882 0.109375 0.270588
0 1.0 0.682031 0.768235 0.339062 0.129412
0 1.0 0.705469 0.776471 0.098437 0.098824
0 1.0 0.666406 0.796471 0.260937 0.275294
0 1.0 0.607812 0.783529 0.075000 0.084706
0 1.0 0.629687 0.777647 0.156250 0.124706
0 1.0 0.811719 0.663529 0.192188 0.216471
0 1.0 0.771875 0.657647 0.315625 0.115294
0 1.0 0.692969 0.660000 0.135937 0.101176
0 1.0 0.878906 0.657647 0.242188 0.124706
0 1.0 0.757812 0.663529 0.043750 0.056471
0 1.0 0.819531 0.669412 0.026562 0.044706
0 1.0 0.439063 0.684706 0.115625 0.225882
0 1.0 0.520312 0.661176 0.037500 0.061176
0 1.0 0.448437 0.657647 0.265625 0.280000
0 1.0 0.415625 0.655294 0.340625 0.124706
0 1.0 0.473438 0.662353 0.034375 0.063529
0 1.0 0.341406 0.663529 0.142187 0.305882
0 1.0 0.613281 0.660000 0.117188 0.378824
0 1.0 0.601562 0.650588 0.334375 0.129412
0 1.0 0.442969 0.710588 0.054688 0.164706
0 1.0 0.535156 0.721176 0.092188 0.082353
0 1.0 0.507031 0.709412 0.164062 0.209412
0 1.0 0.465625 0.723529 0.250000 0.096471
0 1.0 0.528125 0.732941 0.021875 0.040000
0 1.0 0.475781 0.731765 0.026562 0.047059
0 1.0 0.384375 0.728235 0.265625 0.317647
0 1.0 0.322656 0.717647 0.295312 0.112941
0 1.0 0.673438 0.720000 0.328125 0.108235
0 1.0 0.669531 0.751765 0.067187 0.152941
0 1.0 0.721094 0.729412 0.060937 0.065882
0 1.0 0.666406 0.725882 0.192188 0.190588
0 1.0 0.625000 0.735294 0.056250 0.185882
0 1.0 0.625000 0.725882 0.137500 0.101176
0 1.0 0.590625 0.724706 0.059375 0.070588
0 1.0 0.595313 0.723529 0.275000 0.331765
0 1.0 0.158594 0.721176 0.304688 0.115294
0 1.0 0.139844 0.755294 0.101562 0.169412
0 1.0 0.186719 0.729412 0.076563 0.080000
0 1.0 0.079687 0.774118 0.071875 0.164706
0 1.0 0.139844 0.730588 0.060937 0.068235
0 1.0 0.085156 0.732941 0.160938 0.167059
0 1.0 0.050781 0.720000 0.101562 0.065882
0 1.0 0.071875 0.731765 0.031250 0.047059
0 1.0 0.954688 0.657647 0.090625 0.096471
0 1.0 0.277344 0.734118 0.089063 0.225882
0 1.0 0.291406 0.730588 0.026562 0.044706
0 1.0 0.239844 0.730588 0.110937 0.284706
0 1.0 0.289844 0.725882 0.045312 0.063529
0 1.0 0.190625 0.728235 0.256250 0.261176
0 1.0 0.192188 0.727059 0.146875 0.164706
0 1.0 0.783594 0.296471 0.189062 0.127059
0 1.0 0.853906 0.290588 0.242188 0.284706
0 1.0 0.818750 0.335294 0.109375 0.242353
0 1.0 0.824219 0.324706 0.051562 0.112941
0 1.0 0.765625 0.335294 0.096875 0.242353
0 1.0 0.778125 0.321176 0.034375 0.087059
0 1.0 0.760156 0.314118 0.217188 0.280000
0 1.0 0.722656 0.331765 0.101562 0.258824
0 1.0 0.735156 0.312941 0.039062 0.094118
0 1.0 0.057031 0.347059 0.073438 0.063529
0 1.0 0.021875 0.398824 0.043750 0.110588
0 1.0 0.067187 0.342353 0.134375 0.247059
0 1.0 0.049219 0.375294 0.076563 0.115294
0 1.0 0.962500 0.312941 0.025000 0.061176
0 1.0 0.965625 0.283529 0.068750 0.077647
0 1.0 0.957812 0.288235 0.028125 0.049412
0 1.0 0.930469 0.289412 0.139063 0.131765
0 1.0 0.877344 0.290588 0.017188 0.044706
0 1.0 0.915625 0.294118 0.100000 0.272941
0 1.0 0.867969 0.307059 0.067187 0.176471
0 1.0 0.786719 0.289412 0.067187 0.070588
0 1.0 0.493750 0.357647 0.081250 0.188235
0 1.0 0.517969 0.290588 0.229687 0.120000
0 1.0 0.498437 0.352941 0.046875 0.103529
0 1.0 0.496875 0.307059 0.250000 0.265882
0 1.0 0.450781 0.369412 0.051562 0.117647
0 1.0 0.539844 0.302353 0.029687 0.054118
0 1.0 0.449219 0.331765 0.120313 0.178824
0 1.0 0.500781 0.329412 0.023438 0.056471
0 1.0 0.392969 0.362353 0.095312 0.174118
0 1.0 0.425000 0.290588 0.306250 0.129412
0 1.0 0.406250 0.318824 0.234375 0.280000
0 1.0 0.338281 0.363529 0.064062 0.143529
0 1.0 0.668750 0.365882 0.068750 0.152941
0 1.0 0.679688 0.287059 0.300000 0.131765
0 1.0 0.686719 0.351765 0.020313 0.044706
0 1.0 0.606250 0.369412 0.065625 0.131765
0 1.0 0.573438 0.309412 0.096875 0.115294
0 1.0 0.613281 0.357647 0.017188 0.037647
0 1.0 0.621094 0.297647 0.270313 0.261176
0 1.0 0.550781 0.363529 0.073438 0.134118
0 1.0 0.560156 0.344706 0.042188 0.068235
0 1.0 0.549219 0.422353 0.054688 0.096471
0 1.0 0.566406 0.351765 0.282813 0.152941
0 1.0 0.500000 0.425882 0.050000 0.127059
0 1.0 0.021094 0.422353 0.023438 0.082353
0 1.0 0.450000 0.394118 0.021875 0.054118
0 1.0 0.487500 0.345882 0.206250 0.117647
0 1.0 0.393750 0.418824 0.059375 0.127059
0 1.0 0.724219 0.415294 0.064062 0.162353
0 1.0 0.713281 0.345882 0.289062 0.136471
0 1.0 0.735156 0.416471 0.035937 0.094118
0 1.0 0.718750 0.371765 0.187500 0.225882
0 1.0 0.667188 0.431765 0.046875 0.138824
0 1.0 0.680469 0.428235 0.026562 0.080000
0 1.0 0.622656 0.434118 0.045312 0.129412
0 1.0 0.632812 0.429412 0.025000 0.072941
0 1.0 0.196094 0.409412 0.048438 0.136471
0 1.0 0.258594 0.349412 0.095312 0.105882
0 1.0 0.196094 0.382353 0.107813 0.204706
0 1.0 0.208594 0.356471 0.235937 0.209412
0 1.0 0.221094 0.383529 0.054688 0.122353
0 1.0 0.154688 0.437647 0.028125 0.089412
0 1.0 0.151562 0.352941 0.187500 0.155294
0 1.0 0.152344 0.377647 0.101562 0.148235
0 1.0 0.075000 0.441176 0.034375 0.082353
0 1.0 0.146875 0.345882 0.081250 0.080000
0 1.0 0.162500 0.422353 0.025000 0.072941
0 1.0 0.344531 0.422353 0.045312 0.115294
0 1.0 0.341406 0.348235 0.254688 0.127059
0 1.0 0.343750 0.387059 0.115625 0.200000
0 1.0 0.332031 0.369412 0.242188 0.287059
0 1.0 0.368750 0.388235 0.046875 0.103529
0 1.0 0.307031 0.385882 0.054688 0.131765
0 1.0 0.460156 0.320000 0.032813 0.089412
0 1.0 0.475000 0.249412 0.321875 0.131765
0 1.0 0.533594 0.258824 0.026562 0.061176
0 1.0 0.463281 0.260000 0.157812 0.185882
0 1.0 0.391406 0.278824 0.085938 0.223529
0 1.0 0.432031 0.302353 0.029687 0.054118
0 1.0 0.481250 0.256471 0.040625 0.070588
0 1.0 0.339844 0.307059 0.048438 0.138824
0 1.0 0.363281 0.244706 0.295312 0.127059
0 1.0 0.333594 0.280000 0.104688 0.183529
0 1.0 0.343750 0.249412 0.234375 0.296471
0 1.0 0.611719 0.288235 0.067187 0.157647
0 1.0 0.614062 0.289412 0.034375 0.080000
0 1.0 0.613281 0.244706 0.185938 0.202353
0 1.0 0.549219 0.271765 0.076563 0.143529
0 1.0 0.499219 0.292941 0.057813 0.162353
0 1.0 0.521875 0.242353 0.134375 0.136471
0 1.0 0.141406 0.254118 0.082812 0.277647
0 1.0 0.105469 0.242353 0.185938 0.150588
0 1.0 0.132812 0.240000 0.237500 0.348235
0 1.0 0.065625 0.043529 0.050000 0.049412
0 1.0 0.068750 0.075294 0.137500 0.150588
0 1.0 0.204687 0.054118 0.056250 0.080000
0 1.0 0.142187 0.084706 0.037500 0.094118
0 1.0 0.165625 0.038824 0.078125 0.058824
0 1.0 0.140625 0.084706 0.234375 0.169412
0 1.0 0.086719 0.094118 0.032813 0.075294
0 1.0 0.150000 0.038824 0.043750 0.044706
0 1.0 0.097656 0.081176 0.026562 0.049412
0 1.0 0.126562 0.047059 0.068750 0.056471
0 1.0 0.107031 0.063529 0.064062 0.080000
0 1.0 0.028125 0.087059 0.025000 0.070588
0 1.0 0.293750 0.295294 0.075000 0.209412
0 1.0 0.241406 0.248235 0.273438 0.138824
0 1.0 0.311719 0.258824 0.029687 0.061176
0 1.0 0.297656 0.245882 0.139063 0.185882
0 1.0 0.235156 0.255294 0.126562 0.378824
0 1.0 0.192188 0.276471 0.053125 0.232941
0 1.0 0.185156 0.244706 0.157812 0.235294
0 1.0 0.230469 0.325882 0.023438 0.063529
0 1.0 0.148438 0.331765 0.056250 0.178824
0 1.0 0.165625 0.290588 0.096875 0.068235
0 1.0 0.157812 0.323529 0.028125 0.082353
0 1.0 0.146094 0.297647 0.173437 0.120000
0 1.0 0.681250 0.280000 0.043750 0.094118
0 1.0 0.062500 0.316471 0.018750 0.044706
0 1.0 0.090625 0.311765 0.112500 0.148235
0 1.0 0.026562 0.344706 0.040625 0.162353
0 1.0 0.047656 0.289412 0.073438 0.065882
0 1.0 0.063281 0.335294 0.051562 0.134118
0 1.0 0.386719 0.327059 0.026562 0.056471
0 1.0 0.320312 0.298824 0.184375 0.117647
0 1.0 0.258594 0.301176 0.085938 0.080000
0 1.0 0.190625 0.305882 0.106250 0.211765
0 1.0 0.328125 0.327059 0.021875 0.061176
0 1.0 0.800000 0.237647 0.284375 0.136471
0 1.0 0.764844 0.271765 0.070312 0.176471
0 1.0 0.727344 0.258824 0.085938 0.178824
0 1.0 0.712500 0.252941 0.221875 0.275294
0 1.0 0.667188 0.283529 0.078125 0.181176
0 1.0 0.039844 0.309412 0.076563 0.124706
0 1.0 0.966406 0.267059 0.042188 0.124706
0 1.0 0.946875 0.229412 0.106250 0.091765
0 1.0 0.902344 0.230588 0.195312 0.155294
0 1.0 0.871875 0.248235 0.106250 0.360000
0 1.0 0.792969 0.235294 0.148438 0.108235
0 1.0 0.876563 0.243529 0.059375 0.181176
0 1.0 0.677344 0.478824 0.032813 0.096471
0 1.0 0.669531 0.448235 0.170313 0.181176
0 1.0 0.625000 0.495294 0.034375 0.082353
0 1.0 0.615625 0.451765 0.153125 0.160000
0 1.0 0.560937 0.504706 0.043750 0.091765
0 1.0 0.501563 0.503529 0.050000 0.103529
0 1.0 0.542969 0.445882 0.182812 0.101176
0 1.0 0.885938 0.504706 0.021875 0.049412
0 1.0 0.799219 0.451765 0.323437 0.127059
0 1.0 0.832812 0.467059 0.040625 0.096471
0 1.0 0.750781 0.424706 0.279687 0.242353
0 1.0 0.067187 0.494118 0.134375 0.258824
0 1.0 0.736719 0.469412 0.032813 0.096471
0 1.0 0.338281 0.452941 0.104688 0.167059
0 1.0 0.288281 0.447059 0.242188 0.145882
0 1.0 0.285938 0.443529 0.084375 0.101176
0 1.0 0.205469 0.447059 0.039062 0.070588
0 1.0 0.160156 0.438824 0.204687 0.171765
0 1.0 0.432812 0.441176 0.112500 0.148235
0 1.0 0.151562 0.483529 0.037500 0.096471
0 1.0 0.517188 0.443529 0.293750 0.148235
0 1.0 0.441406 0.458824 0.032813 0.065882
0 1.0 0.530469 0.448235 0.039062 0.063529
0 1.0 0.449219 0.428235 0.260937 0.221176
0 1.0 0.477344 0.455294 0.073438 0.101176
0 1.0 0.393750 0.447059 0.103125 0.183529
0 1.0 0.360156 0.451765 0.029687 0.065882
0 1.0 0.270313 0.487059 0.150000 0.112941
0 1.0 0.189062 0.476471 0.109375 0.247059
0 1.0 0.167969 0.047059 0.182812 0.094118
0 1.0 0.495312 0.534118 0.078125 0.127059
0 1.0 0.443750 0.551765 0.046875 0.110588
0 1.0 0.727344 0.503529 0.054688 0.155294
0 1.0 0.457813 0.495294 0.134375 0.143529
0 1.0 0.393750 0.482353 0.243750 0.155294
0 1.0 0.048438 0.501176 0.084375 0.117647
0 1.0 0.963281 0.511765 0.023438 0.058824
0 1.0 0.907031 0.449412 0.070312 0.065882
0 1.0 0.954688 0.500000 0.037500 0.068235
0 1.0 0.919531 0.487059 0.082812 0.192941
0 1.0 0.923438 0.465882 0.071875 0.098824
0 1.0 0.761719 0.452941 0.026562 0.044706
0 1.0 0.770312 0.456471 0.137500 0.089412
0 1.0 0.214062 0.481176 0.187500 0.138824
0 1.0 0.184375 0.487059 0.140625 0.084706
0 1.0 0.061719 0.491765 0.039062 0.051765
0 1.0 0.140625 0.484706 0.106250 0.070588
0 1.0 0.070312 0.490588 0.090625 0.171765
0 1.0 0.242188 0.398824 0.178125 0.129412
0 1.0 0.153125 0.447059 0.056250 0.127059
0 1.0 0.187500 0.398824 0.131250 0.096471
0 1.0 0.167969 0.454118 0.023438 0.061176
0 1.0 0.062500 0.452941 0.053125 0.091765
0 1.0 0.418750 0.407059 0.212500 0.122353
0 1.0 0.292187 0.397647 0.137500 0.108235
0 1.0 0.866406 0.412941 0.054688 0.129412
0 1.0 0.805469 0.350588 0.139063 0.098824
0 1.0 0.872656 0.415294 0.029687 0.072941
0 1.0 0.825000 0.391765 0.059375 0.138824
0 1.0 0.776563 0.400000 0.043750 0.117647
0 1.0 0.068750 0.465882 0.028125 0.051765
0 1.0 0.126562 0.411765 0.109375 0.117647
0 1.0 0.028125 0.471765 0.034375 0.096471
0 1.0 0.063281 0.411765 0.126562 0.075294
0 1.0 0.894531 0.351765 0.210938 0.152941
0 1.0 0.959375 0.401176 0.018750 0.040000
0 1.0 0.930469 0.341176 0.139063 0.103529
0 1.0 0.949219 0.400000 0.039062 0.065882
0 1.0 0.917188 0.375294 0.078125 0.185882
0 1.0 0.050781 0.428235 0.070312 0.089412
0 1.0 0.953125 0.418824 0.093750 0.122353
0 1.0 0.867188 0.405882 0.246875 0.129412
0 1.0 0.882031 0.475294 0.020313 0.047059
0 1.0 0.791406 0.421176 0.170313 0.117647
0 1.0 0.834375 0.427059 0.040625 0.115294
0 1.0 0.162500 0.474118 0.028125 0.063529
0 1.0 0.077344 0.492941 0.054688 0.120000
0 1.0 0.084375 0.478824 0.040625 0.072941
0 1.0 0.133594 0.451765 0.110937 0.089412
0 1.0 0.105469 0.438824 0.210938 0.247059
0 1.0 0.103125 0.457647 0.015625 0.030588
0 1.0 0.951562 0.465882 0.040625 0.070588
0 1.0 0.096875 0.458824 0.090625 0.103529
0 1.0 0.866406 0.462353 0.064062 0.129412
0 1.0 0.610156 0.411765 0.298438 0.160000
0 1.0 0.560937 0.447059 0.053125 0.094118
0 1.0 0.506250 0.416471 0.156250 0.160000
0 1.0 0.778906 0.447059 0.032813 0.089412
0 1.0 0.734375 0.667059 0.362500 0.472941
0 1.0 0.638281 0.643529 0.589063 0.223529
0 1.0 0.349219 0.127059 0.220312 0.169412
0 1.0 0.144531 0.829412 0.057813 0.101176
0 1.0 0.292187 0.180000 0.078125 0.237647
0 1.0 0.175781 0.129412 0.232813 0.127059
0 1.0 0.289062 0.161176 0.150000 0.298824
0 1.0 0.245312 0.136471 0.025000 0.061176
0 1.0 0.532813 0.654118 0.200000 0.569412
0 1.0 0.191406 0.181176 0.073438 0.310588
0 1.0 0.197656 0.151765 0.242188 0.303529
0 1.0 0.392188 0.647059 0.656250 0.211765
0 1.0 0.849219 0.669412 0.173437 0.557647
0 1.0 0.499219 0.127059 0.198437 0.155294
0 1.0 0.450000 0.195294 0.043750 0.122353
0 1.0 0.493750 0.130588 0.106250 0.087059
0 1.0 0.450781 0.167059 0.098437 0.174118
0 1.0 0.520312 0.134118 0.034375 0.070588
0 1.0 0.446094 0.140000 0.214062 0.275294
0 1.0 0.778906 0.544706 0.442188 0.214118
0 1.0 0.352344 0.667059 0.410938 0.482353
0 1.0 0.654687 0.590588 0.196875 0.578824
0 1.0 0.339844 0.151765 0.129688 0.298824
0 1.0 0.177344 0.663529 0.354687 0.475294
0 1.0 0.395313 0.151765 0.100000 0.284706
0 1.0 0.208594 0.836471 0.417187 0.228235
0 1.0 0.428125 0.840000 0.706250 0.197647
0 1.0 0.717187 0.764706 0.518750 0.230588
0 1.0 0.139844 0.155294 0.104688 0.277647
0 1.0 0.075000 0.174118 0.071875 0.211765
0 1.0 0.253906 0.816471 0.210938 0.367059
0 1.0 0.640625 0.836471 0.506250 0.228235
0 1.0 0.018750 0.190588 0.037500 0.160000
0 1.0 0.071875 0.124706 0.103125 0.084706
0 1.0 0.098437 0.124706 0.196875 0.160000
0 1.0 0.540625 0.770588 0.515625 0.265882
0 1.0 0.451562 0.485882 0.203125 0.520000
0 1.0 0.481250 0.447059 0.693750 0.197647
0 1.0 0.887500 0.128235 0.225000 0.120000
0 1.0 0.918750 0.150588 0.125000 0.221176
0 1.0 0.839063 0.131765 0.059375 0.065882
0 1.0 0.888281 0.161176 0.051562 0.115294
0 1.0 0.849219 0.134118 0.110937 0.094118
0 1.0 0.242969 0.383529 0.220312 0.371765
0 1.0 0.279687 0.432941 0.446875 0.235294
0 1.0 0.616406 0.441176 0.482812 0.355294
0 1.0 0.705469 0.327059 0.382812 0.376471
0 1.0 0.156250 0.454118 0.215625 0.517647
0 1.0 0.946094 0.141176 0.107813 0.141176
0 1.0 0.463281 0.341176 0.501563 0.362353
0 1.0 0.076563 0.197647 0.121875 0.287059
0 1.0 0.307031 0.356471 0.557813 0.218824
0 1.0 0.775781 0.352941 0.448437 0.211765
0 1.0 0.554688 0.365882 0.215625 0.491765
0 1.0 0.963281 0.169412 0.048438 0.098824
0 1.0 0.461719 0.536471 0.535937 0.272941
0 1.0 0.350781 0.590588 0.207813 0.578824
0 1.0 0.602344 0.164706 0.089063 0.211765
0 1.0 0.603125 0.163529 0.050000 0.110588
0 1.0 0.609375 0.129412 0.240625 0.164706
0 1.0 0.550781 0.164706 0.082812 0.216471
0 1.0 0.243750 0.560000 0.196875 0.578824
0 1.0 0.560937 0.142353 0.221875 0.270588
0 1.0 0.509375 0.169412 0.081250 0.174118
0 1.0 0.814844 0.174118 0.098437 0.272941
0 1.0 0.825000 0.165882 0.065625 0.157647
0 1.0 0.822656 0.125882 0.254688 0.167059
0 1.0 0.275000 0.543529 0.471875 0.268235
0 1.0 0.762500 0.168235 0.096875 0.294118
0 1.0 0.768750 0.168235 0.065625 0.181176
0 1.0 0.764844 0.151765 0.229687 0.284706
0 1.0 0.717969 0.180000 0.107813 0.256471
0 1.0 0.722656 0.127059 0.273438 0.122353
0 1.0 0.724219 0.174118 0.070312 0.155294
0 1.0 0.745313 0.485882 0.196875 0.520000
0 1.0 0.663281 0.174118 0.095312 0.216471
0 1.0 0.672656 0.171765 0.064062 0.131765
0 1.0 0.666406 0.151765 0.239063 0.280000
0 1.0 0.822656 0.052941 0.123438 0.105882
0 1.0 0.774219 0.081176 0.060937 0.148235
0 1.0 0.786719 0.069412 0.029687 0.063529
0 1.0 0.902344 0.043529 0.170313 0.087059
0 1.0 0.879687 0.100000 0.046875 0.091765
0 1.0 0.882812 0.030588 0.081250 0.061176
0 1.0 0.735156 0.037647 0.198437 0.075294
0 1.0 0.729688 0.060000 0.037500 0.068235
0 1.0 0.717187 0.080000 0.221875 0.160000
0 1.0 0.664844 0.088235 0.048438 0.120000
0 1.0 0.672656 0.074118 0.035937 0.072941
0 1.0 0.890625 0.089412 0.021875 0.042353
0 1.0 0.870313 0.080000 0.221875 0.160000
0 1.0 0.824219 0.094118 0.042188 0.098824
0 1.0 0.836719 0.081176 0.023438 0.044706
0 1.0 0.499219 0.554118 0.357812 0.665882
0 1.0 0.078125 0.134118 0.050000 0.131765
0 1.0 0.137500 0.078824 0.121875 0.091765
0 1.0 0.054688 0.096471 0.075000 0.112941
0 1.0 0.963281 0.087059 0.023438 0.056471
0 1.0 0.955469 0.071765 0.035937 0.058824
0 1.0 0.957812 0.054118 0.084375 0.108235
0 1.0 0.925000 0.081176 0.062500 0.120000
0 1.0 0.240625 0.083529 0.243750 0.167059
0 1.0 0.243750 0.057647 0.137500 0.115294
0 1.0 0.447656 0.065882 0.082812 0.127059
0 1.0 0.495312 0.042353 0.084375 0.084706
0 1.0 0.400781 0.083529 0.079687 0.167059
0 1.0 0.720313 0.071765 0.059375 0.120000
0 1.0 0.405469 0.082353 0.229687 0.164706
0 1.0 0.340625 0.075294 0.059375 0.131765
0 1.0 0.307031 0.031765 0.026562 0.044706
0 1.0 0.292969 0.040000 0.117188 0.080000
0 1.0 0.425000 0.036471 0.221875 0.072941
0 1.0 0.180469 0.076471 0.073438 0.134118
0 1.0 0.500000 0.807059 1.000000 0.357647
0 1.0 0.091406 0.036471 0.035937 0.040000
0 1.0 0.032813 0.070588 0.031250 0.061176
0 1.0 0.289062 0.084706 0.046875 0.098824
0 1.0 0.238281 0.081176 0.064062 0.134118
0 1.0 0.620313 0.036471 0.131250 0.072941
0 1.0 0.604688 0.068235 0.037500 0.080000
0 1.0 0.500000 0.198824 1.000000 0.397647
0 1.0 0.554688 0.081176 0.050000 0.124706
0 1.0 0.571094 0.035294 0.110937 0.070588
0 1.0 0.359375 0.054118 0.109375 0.108235
0 1.0 0.507812 0.090588 0.053125 0.138824
0 1.0 0.517969 0.038824 0.189062 0.077647
0 1.0 0.447656 0.081176 0.032813 0.072941
0 1.0 0.518750 0.035294 0.040625 0.051765
0 1.0 0.602344 0.078824 0.051562 0.129412
0 1.0 0.499219 0.530588 0.907813 0.505882
0 1.0 0.664844 0.050588 0.182812 0.101176
0 1.0 0.454688 0.918824 0.643750 0.162353
0 1.0 0.778906 0.124706 0.045312 0.112941
0 1.0 0.020313 0.140000 0.034375 0.120000
0 1.0 0.227344 0.920000 0.454688 0.160000
0 1.0 0.727344 0.125882 0.054688 0.115294
0 1.0 0.443750 0.143529 0.043750 0.127059
0 1.0 0.487500 0.084706 0.159375 0.103529
0 1.0 0.725000 0.922353 0.550000 0.155294
0 1.0 0.672656 0.123529 0.048438 0.096471
0 1.0 0.620313 0.077647 0.209375 0.127059
0 1.0 0.601562 0.118824 0.046875 0.110588
0 1.0 0.966406 0.143529 0.032813 0.089412
0 1.0 0.864844 0.087059 0.095312 0.080000
0 1.0 0.141406 0.123529 0.070312 0.167059
0 1.0 0.311719 0.298824 0.439063 0.447059
0 1.0 0.745313 0.122353 0.509375 0.244706
0 1.0 0.470313 0.089412 0.043750 0.070588
0 1.0 0.357812 0.122353 0.715625 0.244706
0 1.0 0.232813 0.098824 0.021875 0.042353
0 1.0 0.952344 0.912941 0.042188 0.084706
0 1.0 0.936719 0.885882 0.126562 0.134118
0 1.0 0.925781 0.867059 0.057813 0.129412
0 1.0 0.871094 0.892941 0.054688 0.120000
0 1.0 0.786719 0.884706 0.110937 0.089412
0 1.0 0.860156 0.894118 0.026562 0.051765
0 1.0 0.857031 0.882353 0.179688 0.183529
0 1.0 0.821094 0.863529 0.079687 0.150588
0 1.0 0.437500 0.870588 0.225000 0.230588
0 1.0 0.133594 0.902353 0.207813 0.167059
0 1.0 0.035937 0.907059 0.071875 0.185882
0 1.0 0.096875 0.912941 0.121875 0.103529
0 1.0 0.295312 0.884706 0.150000 0.216471
0 1.0 0.960156 0.895294 0.023438 0.058824
0 1.0 0.665625 0.869412 0.196875 0.218824
0 1.0 0.606250 0.880000 0.050000 0.131765
0 1.0 0.614844 0.881176 0.160938 0.152941
0 1.0 0.880469 0.910588 0.032813 0.075294
0 1.0 0.553125 0.898824 0.065625 0.136471
0 1.0 0.828906 0.892941 0.048438 0.101176
0 1.0 0.557031 0.880000 0.160938 0.216471
0 1.0 0.513281 0.880000 0.073438 0.188235
0 1.0 0.759375 0.876471 0.300000 0.162353
0 1.0 0.781250 0.882353 0.056250 0.112941
0 1.0 0.716406 0.885882 0.051562 0.110588
0 1.0 0.747656 0.881176 0.117188 0.115294
0 1.0 0.674219 0.863529 0.051562 0.127059
0 1.0 0.683594 0.888235 0.039062 0.101176
0 1.0 0.073438 0.885882 0.146875 0.228235
0 1.0 0.671094 0.902353 0.082812 0.152941
0 1.0 0.609375 0.920000 0.250000 0.160000
0 1.0 0.796875 0.920000 0.284375 0.127059
0 1.0 0.767188 0.878824 0.128125 0.242353
0 1.0 0.964063 0.931765 0.050000 0.136471
0 1.0 0.717187 0.907059 0.153125 0.148235
0 1.0 0.356250 0.896471 0.125000 0.169412
0 1.0 0.316406 0.912941 0.098437 0.112941
0 1.0 0.231250 0.882353 0.109375 0.230588
0 1.0 0.517969 0.921176 0.254688 0.129412
0 1.0 0.256250 0.904706 0.187500 0.138824
0 1.0 0.178906 0.880000 0.104688 0.216471
0 1.0 0.363281 0.911765 0.282813 0.143529
0 1.0 0.450000 0.898824 0.134375 0.164706
0 1.0 0.564844 0.815294 0.310937 0.148235
0 1.0 0.605469 0.827059 0.064062 0.105882
0 1.0 0.511719 0.851765 0.123438 0.272941
0 1.0 0.438281 0.854118 0.045312 0.112941
0 1.0 0.532813 0.823529 0.125000 0.136471
0 1.0 0.507812 0.830588 0.037500 0.084706
0 1.0 0.746875 0.818824 0.231250 0.178824
0 1.0 0.279687 0.821176 0.046875 0.084706
0 1.0 0.166406 0.828235 0.104688 0.127059
0 1.0 0.125781 0.816471 0.251563 0.136471
0 1.0 0.396875 0.814118 0.321875 0.160000
0 1.0 0.275781 0.871765 0.042188 0.087059
0 1.0 0.133594 0.889412 0.064062 0.155294
0 1.0 0.182812 0.883529 0.059375 0.148235
0 1.0 0.489844 0.877647 0.051562 0.098824
0 1.0 0.396094 0.867059 0.085938 0.190588
0 1.0 0.874219 0.812941 0.251563 0.129412
0 1.0 0.889062 0.812941 0.221875 0.317647
0 1.0 0.749219 0.817647 0.151562 0.110588
0 1.0 0.818750 0.829412 0.028125 0.068235
0 1.0 0.097656 0.868235 0.123438 0.103529
0 1.0 0.114062 0.872941 0.034375 0.080000
0 1.0 0.961719 0.870588 0.048438 0.155294
0 1.0 0.293750 0.864706 0.062500 0.129412
0 1.0 0.521094 0.185882 0.204687 0.108235
0 1.0 0.534375 0.204706 0.040625 0.061176
0 1.0 0.639062 0.184706 0.237500 0.120000
0 1.0 0.608594 0.221176 0.051562 0.112941
0 1.0 0.460156 0.264706 0.035937 0.105882
0 1.0 0.507812 0.224706 0.021875 0.054118
0 1.0 0.406250 0.180000 0.278125 0.134118
0 1.0 0.549219 0.147059 0.557813 0.223529
0 1.0 0.340625 0.217647 0.065625 0.214118
0 1.0 0.385156 0.187059 0.126562 0.105882
0 1.0 0.842187 0.180000 0.156250 0.115294
0 1.0 0.543750 0.076471 0.578125 0.152941
0 1.0 0.370312 0.250588 0.578125 0.228235
0 1.0 0.264062 0.174118 0.265625 0.131765
0 1.0 0.115625 0.176471 0.184375 0.112941
0 1.0 0.046875 0.183529 0.093750 0.075294
0 1.0 0.781250 0.248235 0.437500 0.214118
0 1.0 0.326562 0.202353 0.028125 0.075294
0 1.0 0.463281 0.227059 0.089063 0.162353
0 1.0 0.196094 0.182353 0.020313 0.058824
0 1.0 0.557813 0.263529 0.490625 0.287059
0 1.0 0.385156 0.962353 0.026562 0.042353
0 1.0 0.366406 0.950588 0.054688 0.070588
0 1.0 0.363281 0.949412 0.085938 0.101176
0 1.0 0.347656 0.962353 0.029687 0.047059
0 1.0 0.307812 0.950588 0.081250 0.098824
0 1.0 0.307812 0.958824 0.040625 0.054118
0 1.0 0.255469 0.941176 0.114062 0.117647
0 1.0 0.573438 0.947059 0.093750 0.105882
0 1.0 0.605469 0.960000 0.029687 0.042353
0 1.0 0.575781 0.945882 0.051562 0.070588
0 1.0 0.522656 0.951765 0.079687 0.096471
0 1.0 0.444531 0.925882 0.076563 0.148235
0 1.0 0.412500 0.944706 0.096875 0.110588
0 1.0 0.535937 0.949412 0.037500 0.058824
0 1.0 0.464844 0.952941 0.079687 0.094118
0 1.0 0.485156 0.961176 0.042188 0.049412
0 1.0 0.550000 0.962353 0.028125 0.042353
0 1.0 0.076563 0.952941 0.065625 0.075294
0 1.0 0.916406 0.924706 0.167187 0.145882
0 1.0 0.242188 0.962353 0.056250 0.056471
0 1.0 0.189062 0.942353 0.193750 0.115294
0 1.0 0.192188 0.950588 0.078125 0.098824
0 1.0 0.199219 0.956471 0.054688 0.058824
0 1.0 0.159375 0.960000 0.062500 0.061176
0 1.0 0.100781 0.960000 0.039062 0.051765
0 1.0 0.019531 0.278824 0.039062 0.242353
0 1.0 0.054688 0.231765 0.109375 0.101176
0 1.0 0.643750 0.947059 0.040625 0.068235
0 1.0 0.968750 0.214118 0.046875 0.131765
0 1.0 0.917188 0.955294 0.118750 0.089412
0 1.0 0.839063 0.182353 0.078125 0.072941
0 1.0 0.718750 0.945882 0.121875 0.108235
0 1.0 0.728906 0.957647 0.029687 0.042353
0 1.0 0.604688 0.928235 0.081250 0.143529
0 1.0 0.682813 0.958824 0.031250 0.044706
0 1.0 0.650000 0.949412 0.075000 0.082353
0 1.0 0.657813 0.960000 0.031250 0.047059
0 1.0 0.818750 0.925882 0.096875 0.148235
0 1.0 0.870313 0.934118 0.078125 0.131765
0 1.0 0.846094 0.956471 0.032813 0.044706
0 1.0 0.850000 0.951765 0.068750 0.072941
0 1.0 0.811719 0.955294 0.132812 0.075294
0 1.0 0.744531 0.956471 0.060937 0.054118
0 1.0 0.768750 0.925882 0.084375 0.148235
0 1.0 0.775000 0.956471 0.062500 0.058824
0 1.0 0.071094 0.570588 0.142187 0.600000
0 1.0 0.656250 0.677647 0.687500 0.644706
0 1.0 0.823438 0.570588 0.343750 0.440000
0 1.0 0.846875 0.182353 0.200000 0.364706
0 1.0 0.077344 0.261176 0.154688 0.522353
0 1.0 0.233594 0.504706 0.467187 0.665882
0 1.0 0.342969 0.674118 0.685937 0.651765
0 1.0 0.496875 0.250588 0.303125 0.501176
0 1.0 0.825000 0.337647 0.350000 0.675294
0 1.0 0.914844 0.252941 0.170313 0.482353
0 1.0 0.925781 0.475294 0.148438 0.578824
0 1.0 0.192969 0.298824 0.385937 0.597647
0 1.0 0.499219 0.507059 0.695312 0.985882