0 1.0 0.440421 0.772656 0.394860 0.320312
0 1.0 0.500000 0.522656 1.000000 0.757812
0 1.0 0.657710 0.639062 0.086449 0.175000
0 1.0 0.660047 0.602344 0.259346 0.117188
0 1.0 0.918224 0.612500 0.144860 0.287500
0 1.0 0.718458 0.607812 0.193925 0.203125
0 1.0 0.603972 0.604688 0.259346 0.246875
0 1.0 0.544393 0.614062 0.102804 0.209375
0 1.0 0.526869 0.600000 0.250000 0.106250
0 1.0 0.553738 0.602344 0.107477 0.082812
0 1.0 0.605140 0.621875 0.088785 0.128125
0 1.0 0.865654 0.607812 0.203271 0.221875
0 1.0 0.098131 0.664062 0.196262 0.306250
0 1.0 0.033879 0.672656 0.067757 0.264062
0 1.0 0.717290 0.628906 0.084112 0.232813
0 1.0 0.364486 0.611719 0.098131 0.082812
0 1.0 0.343458 0.597656 0.271028 0.279687
0 1.0 0.285047 0.635938 0.098131 0.268750
0 1.0 0.204439 0.610156 0.212617 0.101562
0 1.0 0.273364 0.617188 0.023364 0.046875
0 1.0 0.494159 0.619531 0.109813 0.232813
0 1.0 0.237150 0.642188 0.142523 0.328125
0 1.0 0.248832 0.607812 0.058411 0.093750
0 1.0 0.498832 0.597656 0.259346 0.285938
0 1.0 0.178738 0.632812 0.123832 0.250000
0 1.0 0.773364 0.620313 0.121495 0.278125
0 1.0 0.786215 0.602344 0.268692 0.129688
0 1.0 0.449766 0.626563 0.077103 0.162500
0 1.0 0.457944 0.610938 0.186916 0.087500
0 1.0 0.390187 0.601562 0.116822 0.275000
0 1.0 0.490654 0.618750 0.028037 0.043750
0 1.0 0.515187 0.619531 0.025701 0.042188
0 1.0 0.359813 0.657031 0.327103 0.132812
0 1.0 0.600467 0.638281 0.121495 0.214062
0 1.0 0.348131 0.662500 0.140187 0.162500
0 1.0 0.219626 0.657813 0.275701 0.140625
0 1.0 0.875000 0.620313 0.100467 0.190625
0 1.0 0.260514 0.651563 0.086449 0.115625
0 1.0 0.268692 0.660156 0.042056 0.082812
0 1.0 0.483645 0.660156 0.294393 0.123438
0 1.0 0.789720 0.650000 0.191589 0.146875
0 1.0 0.782710 0.650781 0.233645 0.270313
0 1.0 0.487150 0.673438 0.095794 0.096875
0 1.0 0.443925 0.676562 0.252336 0.265625
0 1.0 0.959112 0.632031 0.049065 0.126562
0 1.0 0.940421 0.600781 0.119159 0.101562
0 1.0 0.811916 0.605469 0.081776 0.082812
0 1.0 0.842290 0.609375 0.072430 0.081250
0 1.0 0.136682 0.678906 0.091121 0.289062
0 1.0 0.169393 0.657031 0.100467 0.129688
0 1.0 0.058411 0.660937 0.051402 0.087500
0 1.0 0.128505 0.657031 0.088785 0.117188
0 1.0 0.063084 0.656250 0.126168 0.106250
0 1.0 0.266355 0.553125 0.271028 0.103125
0 1.0 0.293224 0.559375 0.086449 0.087500
0 1.0 0.286215 0.564844 0.128505 0.179688
0 1.0 0.237150 0.564844 0.198598 0.223438
0 1.0 0.182243 0.596094 0.065421 0.201563
0 1.0 0.143692 0.579688 0.072430 0.259375
0 1.0 0.532710 0.544531 0.186916 0.098437
0 1.0 0.456776 0.580469 0.063084 0.135937
0 1.0 0.508178 0.548438 0.091121 0.068750
0 1.0 0.460280 0.564063 0.130841 0.193750
0 1.0 0.440421 0.544531 0.245327 0.095312
0 1.0 0.467290 0.548438 0.056075 0.071875
0 1.0 0.660047 0.603125 0.058411 0.096875
0 1.0 0.654206 0.555469 0.261682 0.135937
0 1.0 0.342290 0.567187 0.128505 0.259375
0 1.0 0.363318 0.546875 0.245327 0.131250
0 1.0 0.889019 0.502344 0.221963 0.120313
0 1.0 0.924065 0.493750 0.133178 0.309375
0 1.0 0.142523 0.553906 0.285047 0.117188
0 1.0 0.857477 0.503906 0.070093 0.054688
0 1.0 0.883178 0.526563 0.088785 0.153125
0 1.0 0.866822 0.507812 0.121495 0.071875
0 1.0 0.817757 0.539844 0.107477 0.245312
0 1.0 0.077103 0.558594 0.102804 0.310937
0 1.0 0.133178 0.556250 0.252336 0.306250
0 1.0 0.419393 0.549219 0.212617 0.295312
0 1.0 0.032710 0.551562 0.065421 0.275000
0 1.0 0.064252 0.550781 0.128505 0.095312
0 1.0 0.956776 0.542969 0.049065 0.126562
0 1.0 0.949766 0.499219 0.100467 0.089063
0 1.0 0.947430 0.551562 0.105140 0.093750
0 1.0 0.836449 0.557031 0.074766 0.070312
0 1.0 0.849299 0.565625 0.128505 0.093750
0 1.0 0.168224 0.608594 0.088785 0.101562
0 1.0 0.335280 0.607031 0.268692 0.101562
0 1.0 0.064252 0.603906 0.128505 0.095312
0 1.0 0.058411 0.610938 0.051402 0.071875
0 1.0 0.117991 0.603125 0.235981 0.121875
0 1.0 0.600467 0.592969 0.060748 0.085938
0 1.0 0.827103 0.554688 0.303738 0.131250
0 1.0 0.126168 0.607031 0.079439 0.101562
0 1.0 0.778037 0.592187 0.074766 0.156250
0 1.0 0.724299 0.589844 0.056075 0.120313
0 1.0 0.431075 0.757812 0.306075 0.178125
0 1.0 0.336449 0.765625 0.135514 0.328125
0 1.0 0.578271 0.774219 0.264019 0.270313
0 1.0 0.543224 0.765625 0.119159 0.246875
0 1.0 0.294393 0.773438 0.060748 0.090625
0 1.0 0.276869 0.778906 0.137850 0.226562
0 1.0 0.855140 0.777344 0.060748 0.082812
0 1.0 0.859813 0.774219 0.247664 0.367188
0 1.0 0.487150 0.759375 0.147196 0.256250
0 1.0 0.391355 0.759375 0.161215 0.268750
0 1.0 0.716121 0.756250 0.095794 0.328125
0 1.0 0.714953 0.761719 0.289720 0.123438
0 1.0 0.087617 0.776563 0.175234 0.271875
0 1.0 0.044393 0.778125 0.088785 0.353125
0 1.0 0.064252 0.760938 0.128505 0.100000
0 1.0 0.253505 0.765625 0.235981 0.118750
0 1.0 0.933411 0.705469 0.133178 0.110937
0 1.0 0.953271 0.717187 0.093458 0.231250
0 1.0 0.232477 0.767188 0.217290 0.353125
0 1.0 0.134346 0.771094 0.095794 0.110937
0 1.0 0.148364 0.764844 0.296729 0.135937
0 1.0 0.133178 0.814844 0.266355 0.135937
0 1.0 0.130841 0.825781 0.098131 0.120313
0 1.0 0.067757 0.815625 0.135514 0.100000
0 1.0 0.275701 0.822656 0.084112 0.110937
0 1.0 0.932243 0.760156 0.135514 0.110937
0 1.0 0.060748 0.826562 0.046729 0.078125
0 1.0 0.240654 0.821094 0.163551 0.160938
0 1.0 0.186916 0.821094 0.130841 0.310937
0 1.0 0.773364 0.764062 0.182243 0.262500
0 1.0 0.647196 0.770312 0.121495 0.250000
0 1.0 0.601636 0.746875 0.119159 0.212500
0 1.0 0.873832 0.753125 0.121495 0.328125
0 1.0 0.808411 0.767969 0.154206 0.101562
0 1.0 0.836449 0.763281 0.303738 0.132812
0 1.0 0.058411 0.715625 0.051402 0.081250
0 1.0 0.936916 0.655469 0.126168 0.107813
0 1.0 0.200935 0.710156 0.107477 0.120313
0 1.0 0.820093 0.657813 0.088785 0.090625
0 1.0 0.183411 0.707031 0.306075 0.132812
0 1.0 0.181075 0.710938 0.170561 0.243750
0 1.0 0.132009 0.713281 0.086449 0.107813
0 1.0 0.657710 0.654687 0.310748 0.121875
0 1.0 0.851636 0.660156 0.058411 0.082812
0 1.0 0.064252 0.710938 0.128505 0.103125
0 1.0 0.714953 0.705469 0.322430 0.120313
0 1.0 0.711449 0.702344 0.268692 0.317188
0 1.0 0.653037 0.707031 0.091121 0.185938
0 1.0 0.594626 0.708594 0.306075 0.123438
0 1.0 0.810748 0.710156 0.107477 0.089063
0 1.0 0.132009 0.765625 0.128505 0.400000
0 1.0 0.862150 0.715625 0.042056 0.068750
0 1.0 0.836449 0.705469 0.294393 0.129688
0 1.0 0.060748 0.769531 0.046729 0.076563
0 1.0 0.814252 0.700000 0.137850 0.293750
0 1.0 0.366822 0.708594 0.163551 0.139063
0 1.0 0.297897 0.718750 0.039720 0.078125
0 1.0 0.276869 0.714844 0.086449 0.114062
0 1.0 0.455607 0.715625 0.130841 0.131250
0 1.0 0.245327 0.339844 0.247664 0.095312
0 1.0 0.188084 0.331250 0.109813 0.181250
0 1.0 0.439252 0.346094 0.130841 0.148438
0 1.0 0.462617 0.327344 0.238318 0.239063
0 1.0 0.161215 0.335156 0.294393 0.117188
0 1.0 0.142523 0.371875 0.046729 0.115625
0 1.0 0.765187 0.533594 0.091121 0.217188
0 1.0 0.142523 0.338281 0.242991 0.251563
0 1.0 0.134346 0.341406 0.137850 0.164062
0 1.0 0.080607 0.357031 0.095794 0.223438
0 1.0 0.022196 0.347656 0.044393 0.117188
0 1.0 0.348131 0.381250 0.046729 0.109375
0 1.0 0.380841 0.345313 0.294393 0.109375
0 1.0 0.350467 0.353906 0.102804 0.145313
0 1.0 0.350467 0.322656 0.257009 0.242188
0 1.0 0.380841 0.360938 0.046729 0.071875
0 1.0 0.607477 0.335938 0.280374 0.246875
0 1.0 0.313084 0.361719 0.032710 0.064062
0 1.0 0.234813 0.322656 0.128505 0.235937
0 1.0 0.238318 0.323437 0.079439 0.131250
0 1.0 0.242991 0.294531 0.233645 0.295312
0 1.0 0.553738 0.393750 0.070093 0.121875
0 1.0 0.857477 0.286719 0.257009 0.360938
0 1.0 0.817757 0.282813 0.317757 0.143750
0 1.0 0.821262 0.273438 0.086449 0.209375
0 1.0 0.060748 0.332813 0.121495 0.081250
0 1.0 0.772196 0.273438 0.091121 0.187500
0 1.0 0.033879 0.353906 0.067757 0.189062
0 1.0 0.716121 0.290625 0.240654 0.125000
0 1.0 0.721963 0.283594 0.084112 0.151562
0 1.0 0.292056 0.350781 0.060748 0.139063
0 1.0 0.292056 0.333594 0.126168 0.198437
0 1.0 0.957944 0.307031 0.070093 0.242188
0 1.0 0.949766 0.285938 0.100467 0.106250
0 1.0 0.927570 0.289844 0.144860 0.167187
0 1.0 0.210280 0.346875 0.056075 0.084375
0 1.0 0.832944 0.342187 0.212617 0.118750
0 1.0 0.137850 0.410156 0.102804 0.254688
0 1.0 0.155374 0.390625 0.179907 0.109375
0 1.0 0.142523 0.416406 0.060748 0.145313
0 1.0 0.814252 0.332031 0.123832 0.339062
0 1.0 0.765187 0.344531 0.128505 0.304688
0 1.0 0.765187 0.345313 0.254673 0.171875
0 1.0 0.074766 0.393750 0.149533 0.106250
0 1.0 0.283879 0.385156 0.240654 0.145313
0 1.0 0.934579 0.343750 0.130841 0.109375
0 1.0 0.922897 0.319531 0.121495 0.392188
0 1.0 0.900701 0.346875 0.198598 0.168750
0 1.0 0.546729 0.359375 0.163551 0.143750
0 1.0 0.496495 0.375781 0.105140 0.170313
0 1.0 0.712617 0.347656 0.126168 0.260937
0 1.0 0.393692 0.368750 0.077103 0.140625
0 1.0 0.442757 0.335156 0.025701 0.045312
0 1.0 0.955607 0.372656 0.051402 0.179688
0 1.0 0.662383 0.357031 0.100467 0.217188
0 1.0 0.665888 0.347656 0.303738 0.132812
0 1.0 0.594626 0.366406 0.072430 0.148438
0 1.0 0.875000 0.333594 0.114486 0.292187
0 1.0 0.545561 0.345313 0.329439 0.134375
0 1.0 0.823598 0.229687 0.310748 0.143750
0 1.0 0.711449 0.296094 0.254673 0.295312
0 1.0 0.771028 0.235937 0.191589 0.234375
0 1.0 0.713785 0.239063 0.137850 0.300000
0 1.0 0.660047 0.239844 0.142523 0.310937
0 1.0 0.073598 0.291406 0.147196 0.098437
0 1.0 0.931075 0.230469 0.137850 0.123438
0 1.0 0.949766 0.241406 0.100467 0.292187
0 1.0 0.200935 0.296094 0.233645 0.154688
0 1.0 0.153037 0.064062 0.077103 0.090625
0 1.0 0.599299 0.720313 0.801402 0.537500
0 1.0 0.253505 0.514062 0.446262 0.971875
0 1.0 0.672897 0.232031 0.294393 0.139063
0 1.0 0.559579 0.260937 0.880841 0.471875
0 1.0 0.129673 0.071094 0.049065 0.085938
0 1.0 0.155374 0.042188 0.119159 0.078125
0 1.0 0.878505 0.229687 0.140187 0.359375
0 1.0 0.260514 0.032813 0.147196 0.062500
0 1.0 0.084112 0.088281 0.046729 0.120313
0 1.0 0.113318 0.041406 0.100467 0.070312
0 1.0 0.096963 0.089063 0.193925 0.178125
0 1.0 0.093458 0.064844 0.079439 0.098437
0 1.0 0.025701 0.065625 0.051402 0.131250
0 1.0 0.074766 0.025781 0.046729 0.045312
0 1.0 0.045561 0.035937 0.086449 0.071875
0 1.0 0.133178 0.032813 0.065421 0.050000
0 1.0 0.501168 0.299219 0.273364 0.129688
0 1.0 0.071262 0.288281 0.142523 0.229687
0 1.0 0.496495 0.325000 0.049065 0.071875
0 1.0 0.413551 0.312500 0.130841 0.137500
0 1.0 0.670561 0.293750 0.070093 0.128125
0 1.0 0.591121 0.295312 0.098131 0.193750
0 1.0 0.601636 0.292969 0.156542 0.107813
0 1.0 0.836449 0.283594 0.163551 0.104688
0 1.0 0.554907 0.329688 0.081776 0.112500
0 1.0 0.220794 0.303125 0.039720 0.078125
0 1.0 0.147196 0.303906 0.037383 0.082812
0 1.0 0.399533 0.302344 0.088785 0.079687
0 1.0 0.079439 0.288281 0.042056 0.082812
0 1.0 0.380841 0.315625 0.042056 0.068750
0 1.0 0.591121 0.296094 0.056075 0.104688
0 1.0 0.292056 0.300781 0.219626 0.123438
0 1.0 0.526869 0.307031 0.044393 0.067187
0 1.0 0.242991 0.263281 0.088785 0.154688
0 1.0 0.433411 0.351562 0.063084 0.103125
0 1.0 0.302570 0.300000 0.030374 0.071875
0 1.0 0.892523 0.448437 0.214953 0.134375
0 1.0 0.879673 0.456250 0.086449 0.153125
0 1.0 0.864486 0.450781 0.046729 0.054688
0 1.0 0.859813 0.430469 0.257009 0.285938
0 1.0 0.132009 0.490625 0.175234 0.218750
0 1.0 0.823598 0.442969 0.184579 0.167187
0 1.0 0.445093 0.501563 0.109813 0.087500
0 1.0 0.109813 0.491406 0.219626 0.107813
0 1.0 0.054907 0.492969 0.109813 0.079687
0 1.0 0.052570 0.484375 0.105140 0.203125
0 1.0 0.959112 0.471094 0.039720 0.085938
0 1.0 0.955607 0.445312 0.088785 0.096875
0 1.0 0.251168 0.491406 0.306075 0.117188
0 1.0 0.228972 0.491406 0.158879 0.254688
0 1.0 0.599299 0.453906 0.287383 0.251563
0 1.0 0.607477 0.455469 0.144860 0.123438
0 1.0 0.549065 0.487500 0.056075 0.090625
0 1.0 0.820093 0.478125 0.084112 0.171875
0 1.0 0.550234 0.466406 0.114486 0.107813
0 1.0 0.778037 0.442188 0.242991 0.100000
0 1.0 0.517523 0.443750 0.142523 0.090625
0 1.0 0.500000 0.485156 0.060748 0.092188
0 1.0 0.498832 0.439844 0.231308 0.139063
0 1.0 0.467290 0.459375 0.028037 0.059375
0 1.0 0.530374 0.452344 0.018692 0.035937
0 1.0 0.475467 0.464844 0.067757 0.110937
0 1.0 0.776869 0.477344 0.053738 0.098437
0 1.0 0.716121 0.468750 0.081776 0.162500
0 1.0 0.725467 0.462500 0.053738 0.090625
0 1.0 0.660047 0.436719 0.282710 0.098437
0 1.0 0.668224 0.479687 0.037383 0.056250
0 1.0 0.599299 0.506250 0.049065 0.084375
0 1.0 0.596963 0.485156 0.035047 0.051562
0 1.0 0.573598 0.500000 0.217290 0.087500
0 1.0 0.595794 0.542969 0.051402 0.076563
0 1.0 0.545561 0.536719 0.081776 0.135937
0 1.0 0.398364 0.499219 0.128505 0.267188
0 1.0 0.821262 0.513281 0.264019 0.307812
0 1.0 0.489486 0.524219 0.109813 0.167187
0 1.0 0.509346 0.496875 0.219626 0.131250
0 1.0 0.781542 0.500000 0.273364 0.087500
0 1.0 0.771028 0.507031 0.177570 0.164062
0 1.0 0.716121 0.542969 0.081776 0.198437
0 1.0 0.710280 0.510938 0.280374 0.290625
0 1.0 0.651869 0.515625 0.154206 0.140625
0 1.0 0.723131 0.539844 0.058411 0.120313
0 1.0 0.286215 0.485156 0.151869 0.167187
0 1.0 0.542056 0.510938 0.271028 0.265625
0 1.0 0.186916 0.491406 0.140187 0.170313
0 1.0 0.658879 0.546094 0.065421 0.129688
0 1.0 0.359813 0.492188 0.247664 0.100000
0 1.0 0.362150 0.495312 0.130841 0.146875
0 1.0 0.508178 0.385937 0.273364 0.128125
0 1.0 0.464953 0.439063 0.242991 0.256250
0 1.0 0.461449 0.425000 0.067757 0.156250
0 1.0 0.721963 0.393750 0.084112 0.165625
0 1.0 0.711449 0.389844 0.259346 0.157812
0 1.0 0.938084 0.400000 0.123832 0.115625
0 1.0 0.592290 0.428125 0.077103 0.137500
0 1.0 0.592290 0.421875 0.049065 0.081250
0 1.0 0.609813 0.388281 0.182243 0.164062
0 1.0 0.667056 0.411719 0.063084 0.104688
0 1.0 0.193925 0.392188 0.116822 0.168750
0 1.0 0.393692 0.391406 0.105140 0.232813
0 1.0 0.341121 0.425000 0.074766 0.171875
0 1.0 0.372664 0.391406 0.315421 0.110937
0 1.0 0.307243 0.387500 0.147196 0.090625
0 1.0 0.367991 0.400781 0.105140 0.117188
0 1.0 0.260514 0.442969 0.067757 0.067187
0 1.0 0.244159 0.439844 0.240654 0.142187
0 1.0 0.184579 0.456250 0.060748 0.165625
0 1.0 0.217290 0.444531 0.065421 0.057813
0 1.0 0.196262 0.434375 0.242991 0.265625
0 1.0 0.202103 0.453906 0.077103 0.110937
0 1.0 0.144860 0.478125 0.070093 0.206250
0 1.0 0.174065 0.444531 0.081776 0.073438
0 1.0 0.443925 0.445312 0.200935 0.100000
0 1.0 0.660047 0.492969 0.063084 0.110937
0 1.0 0.417056 0.464844 0.095794 0.142187
0 1.0 0.345794 0.481250 0.056075 0.137500
0 1.0 0.341121 0.449219 0.018692 0.039062
0 1.0 0.348131 0.443750 0.257009 0.246875
0 1.0 0.378505 0.469531 0.060748 0.085938
0 1.0 0.293224 0.456250 0.063084 0.165625
0 1.0 0.313084 0.448437 0.130841 0.084375
0 1.0 0.887850 0.401562 0.070093 0.162500
0 1.0 0.117991 0.439844 0.081776 0.076563
0 1.0 0.810748 0.397656 0.299065 0.151562
0 1.0 0.823598 0.396094 0.081776 0.182812
0 1.0 0.773364 0.403906 0.079439 0.157812
0 1.0 0.081776 0.449219 0.079439 0.170313
0 1.0 0.098131 0.435937 0.196262 0.146875
0 1.0 0.028037 0.433594 0.056075 0.220312
0 1.0 0.074766 0.441406 0.032710 0.048438
0 1.0 0.047897 0.439844 0.095794 0.098437
0 1.0 0.306075 0.457031 0.056075 0.089063
0 1.0 0.132009 0.153906 0.137850 0.276562
0 1.0 0.716121 0.643750 0.558411 0.221875
0 1.0 0.285047 0.742188 0.425234 0.396875
0 1.0 0.146028 0.123438 0.207944 0.143750
0 1.0 0.240654 0.164844 0.177570 0.248438
0 1.0 0.197430 0.192969 0.081776 0.254688
0 1.0 0.719626 0.554688 0.560748 0.218750
0 1.0 0.167056 0.689063 0.334112 0.484375
0 1.0 0.396028 0.142969 0.250000 0.270313
0 1.0 0.445093 0.181250 0.063084 0.140625
0 1.0 0.461449 0.130469 0.184579 0.101562
0 1.0 0.212617 0.649219 0.425234 0.223438
0 1.0 0.344626 0.171094 0.105140 0.273438
0 1.0 0.322430 0.127344 0.214953 0.132812
0 1.0 0.239486 0.151562 0.044393 0.078125
0 1.0 0.547897 0.692969 0.483645 0.382812
0 1.0 0.918224 0.091406 0.163551 0.182812
0 1.0 0.628505 0.829688 0.621495 0.234375
0 1.0 0.827103 0.081250 0.112150 0.162500
0 1.0 0.834112 0.085156 0.247664 0.170313
0 1.0 0.070093 0.158594 0.112150 0.304688
0 1.0 0.058411 0.126562 0.112150 0.121875
0 1.0 0.963785 0.100000 0.063084 0.143750
0 1.0 0.171729 0.446094 0.343458 0.529687
0 1.0 0.353972 0.447656 0.600467 0.207813
0 1.0 0.778037 0.349219 0.443925 0.226562
0 1.0 0.769860 0.328125 0.240654 0.518750
0 1.0 0.238318 0.485938 0.196262 0.859375
0 1.0 0.058411 0.183594 0.079439 0.085938
0 1.0 0.117991 0.178125 0.170561 0.112500
0 1.0 0.271028 0.192188 0.060748 0.134375
0 1.0 0.251168 0.171094 0.278037 0.151562
0 1.0 0.266355 0.354687 0.532710 0.206250
0 1.0 0.245327 0.305469 0.350467 0.476562
0 1.0 0.580607 0.347656 0.600467 0.223438
0 1.0 0.038551 0.192969 0.077103 0.295312
0 1.0 0.144860 0.178906 0.252336 0.348438
0 1.0 0.214953 0.182812 0.046729 0.112500
0 1.0 0.261682 0.550781 0.523364 0.214062
0 1.0 0.501168 0.161719 0.109813 0.273438
0 1.0 0.494159 0.150000 0.254673 0.290625
0 1.0 0.664720 0.146094 0.114486 0.192188
0 1.0 0.662383 0.120313 0.245327 0.143750
0 1.0 0.602804 0.149219 0.121495 0.264062
0 1.0 0.349299 0.582031 0.390187 0.529687
0 1.0 0.837617 0.570312 0.207944 0.693750
0 1.0 0.554907 0.123438 0.235981 0.140625
0 1.0 0.469626 0.547656 0.579439 0.214062
0 1.0 0.660047 0.447656 0.609813 0.223438
0 1.0 0.733645 0.427344 0.411215 0.482812
0 1.0 0.767523 0.135937 0.119159 0.271875
0 1.0 0.554907 0.156250 0.109813 0.268750
0 1.0 0.713785 0.133594 0.109813 0.204687
0 1.0 0.614486 0.053125 0.121495 0.106250
0 1.0 0.774533 0.063281 0.067757 0.126562
0 1.0 0.793224 0.040625 0.203271 0.081250
0 1.0 0.213785 0.832812 0.427570 0.218750
0 1.0 0.718458 0.052344 0.067757 0.104688
0 1.0 0.724299 0.047656 0.214953 0.095312
0 1.0 0.564252 0.053906 0.105140 0.098437
0 1.0 0.502336 0.075000 0.060748 0.109375
0 1.0 0.511682 0.029687 0.130841 0.059375
0 1.0 0.614486 0.078906 0.238318 0.157812
0 1.0 0.671729 0.048438 0.053738 0.075000
0 1.0 0.632009 0.029687 0.105140 0.059375
0 1.0 0.609813 0.053125 0.051402 0.071875
0 1.0 0.710280 0.674219 0.350467 0.651563
0 1.0 0.824766 0.053906 0.065421 0.107813
0 1.0 0.315421 0.066406 0.065421 0.079687
0 1.0 0.228972 0.106250 0.065421 0.140625
0 1.0 0.393692 0.067969 0.081776 0.135937
0 1.0 0.396028 0.029687 0.156542 0.059375
0 1.0 0.235981 0.089844 0.238318 0.179688
0 1.0 0.241822 0.060156 0.119159 0.117188
0 1.0 0.197430 0.107031 0.039720 0.089063
0 1.0 0.209112 0.070312 0.058411 0.075000
0 1.0 0.202103 0.041406 0.081776 0.051562
0 1.0 0.468458 0.061719 0.081776 0.085938
0 1.0 0.421729 0.039062 0.063084 0.050000
0 1.0 0.573598 0.028125 0.091121 0.056250
0 1.0 0.342290 0.085156 0.049065 0.092188
0 1.0 0.294393 0.033594 0.028037 0.035937
0 1.0 0.352804 0.080469 0.242991 0.160938
0 1.0 0.367991 0.059375 0.081776 0.087500
0 1.0 0.293224 0.107031 0.035047 0.079687
0 1.0 0.446262 0.087500 0.238318 0.175000
0 1.0 0.295561 0.074219 0.049065 0.076563
0 1.0 0.273364 0.050000 0.070093 0.050000
0 1.0 0.443925 0.075781 0.032710 0.057813
0 1.0 0.508178 0.031250 0.039720 0.040625
0 1.0 0.442757 0.071094 0.067757 0.082812
0 1.0 0.339953 0.137500 0.072430 0.168750
0 1.0 0.352804 0.082031 0.126168 0.089063
0 1.0 0.167056 0.925000 0.334112 0.150000
0 1.0 0.505841 0.077344 0.212617 0.101562
0 1.0 0.439252 0.118750 0.121495 0.190625
0 1.0 0.648364 0.921875 0.600467 0.156250
0 1.0 0.196262 0.159375 0.056075 0.159375
0 1.0 0.359813 0.922656 0.579439 0.154688
0 1.0 0.393692 0.122656 0.109813 0.245312
0 1.0 0.482477 0.089844 0.063084 0.073438
0 1.0 0.679907 0.079687 0.182243 0.121875
0 1.0 0.748832 0.121094 0.502336 0.242188
0 1.0 0.288551 0.109375 0.119159 0.134375
0 1.0 0.357477 0.289062 0.714953 0.309375
0 1.0 0.954439 0.063281 0.058411 0.089063
0 1.0 0.547897 0.496094 0.689252 0.398438
0 1.0 0.943925 0.057031 0.112150 0.114062
0 1.0 0.871495 0.059375 0.093458 0.118750
0 1.0 0.126168 0.143750 0.074766 0.203125
0 1.0 0.151869 0.087500 0.140187 0.146875
0 1.0 0.832944 0.923438 0.334112 0.153125
0 1.0 0.353972 0.126562 0.707944 0.253125
0 1.0 0.287383 0.162500 0.060748 0.150000
0 1.0 0.212617 0.089844 0.205607 0.095312
0 1.0 0.272196 0.099219 0.025701 0.045312
0 1.0 0.060748 0.076563 0.121495 0.096875
0 1.0 0.135514 0.905469 0.126168 0.176563
0 1.0 0.386682 0.872656 0.161215 0.254688
0 1.0 0.384346 0.916406 0.240654 0.145313
0 1.0 0.075935 0.897656 0.137850 0.201563
0 1.0 0.035047 0.917969 0.070093 0.164062
0 1.0 0.063084 0.925000 0.088785 0.093750
0 1.0 0.962617 0.855469 0.028037 0.076563
0 1.0 0.278037 0.892188 0.107477 0.215625
0 1.0 0.262850 0.921875 0.217290 0.134375
0 1.0 0.542056 0.872656 0.285047 0.254688
0 1.0 0.563084 0.902344 0.172897 0.173437
0 1.0 0.190421 0.907813 0.151869 0.156250
0 1.0 0.497664 0.859375 0.121495 0.281250
0 1.0 0.816589 0.864062 0.207944 0.243750
0 1.0 0.769860 0.835938 0.081776 0.187500
0 1.0 0.913551 0.871875 0.172897 0.118750
0 1.0 0.727804 0.872656 0.282710 0.123438
0 1.0 0.730140 0.867969 0.039720 0.095312
0 1.0 0.953271 0.872656 0.056075 0.110937
0 1.0 0.670561 0.860156 0.042056 0.098437
0 1.0 0.720794 0.842969 0.039720 0.107813
0 1.0 0.238318 0.879687 0.116822 0.240625
0 1.0 0.917056 0.830469 0.109813 0.279687
0 1.0 0.882009 0.807813 0.086449 0.184375
0 1.0 0.844626 0.880469 0.133178 0.132812
0 1.0 0.149533 0.960156 0.079439 0.057813
0 1.0 0.765187 0.887500 0.119159 0.225000
0 1.0 0.714953 0.895312 0.107477 0.209375
0 1.0 0.727804 0.921094 0.301402 0.117188
0 1.0 0.967290 0.934375 0.056075 0.131250
0 1.0 0.914720 0.920312 0.170561 0.115625
0 1.0 0.876168 0.881250 0.130841 0.237500
0 1.0 0.446262 0.868750 0.121495 0.262500
0 1.0 0.660047 0.896875 0.105140 0.206250
0 1.0 0.656542 0.889844 0.266355 0.220312
0 1.0 0.607477 0.881250 0.121495 0.237500
0 1.0 0.795561 0.814063 0.306075 0.125000
0 1.0 0.962617 0.828125 0.070093 0.259375
0 1.0 0.718458 0.818750 0.184579 0.243750
0 1.0 0.641355 0.810156 0.310748 0.135937
0 1.0 0.925234 0.812500 0.149533 0.109375
0 1.0 0.799065 0.820312 0.144860 0.100000
0 1.0 0.836449 0.827344 0.074766 0.092188
0 1.0 0.346963 0.812500 0.301402 0.143750
0 1.0 0.501168 0.807813 0.329439 0.143750
0 1.0 0.459112 0.794531 0.133178 0.145313
0 1.0 0.433411 0.865625 0.207944 0.137500
0 1.0 0.448598 0.864062 0.102804 0.121875
0 1.0 0.664720 0.830469 0.044393 0.104688
0 1.0 0.339953 0.820312 0.081776 0.162500
0 1.0 0.318925 0.871094 0.193925 0.139063
0 1.0 0.612150 0.796094 0.046729 0.092188
0 1.0 0.594626 0.868750 0.301402 0.134375
0 1.0 0.613318 0.832031 0.053738 0.101562
0 1.0 0.549065 0.796094 0.065421 0.132812
0 1.0 0.452103 0.782813 0.063084 0.128125
0 1.0 0.501168 0.789062 0.072430 0.171875
0 1.0 0.817757 0.814063 0.065421 0.162500
0 1.0 0.121495 0.876563 0.242991 0.131250
0 1.0 0.128505 0.878906 0.088785 0.110937
0 1.0 0.225467 0.872656 0.278037 0.157812
0 1.0 0.060748 0.875000 0.121495 0.087500
0 1.0 0.066589 0.880469 0.044393 0.067187
0 1.0 0.260514 0.875000 0.081776 0.118750
0 1.0 0.186916 0.842187 0.074766 0.175000
0 1.0 0.390187 0.810937 0.098131 0.190625
0 1.0 0.919393 0.178125 0.137850 0.309375
0 1.0 0.891355 0.178125 0.217290 0.165625
0 1.0 0.816589 0.170313 0.128505 0.328125
0 1.0 0.028037 0.254688 0.056075 0.190625
0 1.0 0.783879 0.183594 0.329439 0.135937
0 1.0 0.079439 0.240625 0.158879 0.100000
0 1.0 0.549065 0.075781 0.621495 0.151562
0 1.0 0.932243 0.180469 0.135514 0.120313
0 1.0 0.134346 0.232813 0.081776 0.237500
0 1.0 0.158879 0.245312 0.299065 0.137500
0 1.0 0.446262 0.260937 0.056075 0.121875
0 1.0 0.492991 0.187500 0.144860 0.096875
0 1.0 0.442757 0.229687 0.119159 0.156250
0 1.0 0.474299 0.210156 0.079439 0.098437
0 1.0 0.551402 0.182031 0.266355 0.164062
0 1.0 0.412383 0.174219 0.310748 0.132812
0 1.0 0.320093 0.195312 0.271028 0.300000
0 1.0 0.608645 0.185938 0.240654 0.290625
0 1.0 0.665888 0.181250 0.299065 0.134375
0 1.0 0.709112 0.182812 0.259346 0.290625
0 1.0 0.733645 0.252344 0.500000 0.257812
0 1.0 0.821262 0.944531 0.151869 0.110937
0 1.0 0.518692 0.954688 0.205607 0.090625
0 1.0 0.448598 0.930469 0.079439 0.139063
0 1.0 0.464953 0.967969 0.093458 0.060937
0 1.0 0.391355 0.921094 0.105140 0.157812
0 1.0 0.387850 0.964063 0.135514 0.071875
0 1.0 0.664720 0.953125 0.095794 0.093750
0 1.0 0.719626 0.951562 0.140187 0.096875
0 1.0 0.710280 0.961719 0.093458 0.060937
0 1.0 0.925234 0.962500 0.149533 0.075000
0 1.0 0.609813 0.943750 0.084112 0.112500
0 1.0 0.553738 0.933594 0.084112 0.132812
0 1.0 0.195093 0.951562 0.114486 0.096875
0 1.0 0.136682 0.937500 0.086449 0.125000
0 1.0 0.322430 0.960156 0.107477 0.064062
0 1.0 0.345794 0.925781 0.098131 0.148438
0 1.0 0.096963 0.960156 0.053738 0.051562
0 1.0 0.073598 0.957812 0.081776 0.075000
0 1.0 0.287383 0.939063 0.074766 0.121875
0 1.0 0.273364 0.960938 0.102804 0.062500
0 1.0 0.240654 0.929688 0.088785 0.140625
0 1.0 0.542056 0.965625 0.102804 0.062500
0 1.0 0.441589 0.317188 0.060748 0.112500
0 1.0 0.483645 0.246094 0.121495 0.114062
0 1.0 0.389019 0.267188 0.100467 0.215625
0 1.0 0.421729 0.235156 0.334112 0.132812
0 1.0 0.200935 0.235937 0.149533 0.228125
0 1.0 0.400701 0.248438 0.207944 0.234375
0 1.0 0.342290 0.261719 0.077103 0.201563
0 1.0 0.768692 0.961719 0.098131 0.060937
0 1.0 0.552570 0.267188 0.100467 0.221875
0 1.0 0.554907 0.232813 0.338785 0.134375
0 1.0 0.553738 0.243750 0.200935 0.218750
0 1.0 0.860981 0.960156 0.063084 0.051562
0 1.0 0.478972 0.529687 0.345794 0.787500
0 1.0 0.735981 0.760156 0.448598 0.314063
0 1.0 0.766355 0.559375 0.219626 0.578125
0 1.0 0.648364 0.560156 0.221963 0.557813
0 1.0 0.360981 0.842969 0.320093 0.314063
0 1.0 0.821262 0.173437 0.278037 0.346875
0 1.0 0.075935 0.564844 0.151869 0.679688
0 1.0 0.075935 0.253906 0.151869 0.507812
0 1.0 0.549065 0.240625 0.261682 0.446875
0 1.0 0.561916 0.249219 0.497664 0.289062
0 1.0 0.445093 0.249219 0.217290 0.482812
0 1.0 0.348131 0.470313 0.210280 0.681250
0 1.0 0.653037 0.332813 0.221963 0.518750
0 1.0 0.445093 0.475781 0.217290 0.548438