0 1.0 0.061719 0.060417 0.070312 0.087500
0 1.0 0.517969 0.500000 0.670312 1.000000
0 1.0 0.082812 0.081250 0.165625 0.162500
0 1.0 0.200000 0.061458 0.065625 0.081250
0 1.0 0.178906 0.082292 0.242188 0.164583
0 1.0 0.217969 0.041667 0.092188 0.070833
0 1.0 0.243750 0.058333 0.118750 0.108333
0 1.0 0.250000 0.079167 0.053125 0.075000
0 1.0 0.311719 0.072917 0.057813 0.066667
0 1.0 0.284375 0.069792 0.256250 0.139583
0 1.0 0.253125 0.055208 0.065625 0.052083
0 1.0 0.514062 0.795833 0.971875 0.391667
0 1.0 0.765625 0.748958 0.468750 0.502083
0 1.0 0.325000 0.339583 0.650000 0.679167
0 1.0 0.713281 0.518750 0.573438 0.508333
0 1.0 0.296094 0.100000 0.035937 0.058333
0 1.0 0.356250 0.066667 0.068750 0.070833
0 1.0 0.287500 0.043750 0.015625 0.029167
0 1.0 0.331250 0.088542 0.034375 0.056250
0 1.0 0.415625 0.068750 0.065625 0.066667
0 1.0 0.396094 0.072917 0.242188 0.145833
0 1.0 0.436719 0.048958 0.042188 0.035417
0 1.0 0.407031 0.038542 0.126562 0.052083
0 1.0 0.393750 0.068750 0.053125 0.075000
0 1.0 0.488281 0.088542 0.032813 0.043750
0 1.0 0.188281 0.509375 0.332813 0.981250
0 1.0 0.499219 0.196875 0.876563 0.393750
0 1.0 0.503125 0.056250 0.043750 0.037500
0 1.0 0.471094 0.109375 0.032813 0.039583
0 1.0 0.531250 0.045833 0.015625 0.025000
0 1.0 0.468750 0.125000 0.015625 0.029167
0 1.0 0.510156 0.082292 0.054688 0.056250
0 1.0 0.501563 0.080208 0.218750 0.160417
0 1.0 0.514062 0.044792 0.109375 0.056250
0 1.0 0.509375 0.123958 0.028125 0.039583
0 1.0 0.505469 0.144792 0.035937 0.060417
0 1.0 0.573438 0.071875 0.059375 0.064583
0 1.0 0.564844 0.043750 0.082812 0.054167
0 1.0 0.543750 0.098958 0.031250 0.043750
0 1.0 0.585938 0.036458 0.050000 0.039583
0 1.0 0.651563 0.876042 0.696875 0.247917
0 1.0 0.617188 0.063542 0.068750 0.068750
0 1.0 0.611719 0.084375 0.229687 0.168750
0 1.0 0.601562 0.040625 0.115625 0.064583
0 1.0 0.606250 0.090625 0.021875 0.031250
0 1.0 0.632031 0.032292 0.054688 0.039583
0 1.0 0.604688 0.103125 0.037500 0.060417
0 1.0 0.675000 0.064583 0.059375 0.062500
0 1.0 0.675000 0.040625 0.118750 0.068750
0 1.0 0.675000 0.086458 0.025000 0.035417
0 1.0 0.667969 0.093750 0.032813 0.058333
0 1.0 0.728906 0.061458 0.070312 0.064583
0 1.0 0.717187 0.081250 0.234375 0.162500
0 1.0 0.742969 0.041667 0.126562 0.075000
0 1.0 0.734375 0.090625 0.018750 0.027083
0 1.0 0.874219 0.629167 0.226562 0.741667
0 1.0 0.246875 0.879167 0.493750 0.241667
0 1.0 0.353906 0.701042 0.707812 0.331250
0 1.0 0.516406 0.685417 0.526563 0.525000
0 1.0 0.765625 0.033333 0.078125 0.050000
0 1.0 0.723437 0.106250 0.028125 0.050000
0 1.0 0.791406 0.058333 0.079687 0.079167
0 1.0 0.793750 0.042708 0.137500 0.085417
0 1.0 0.797656 0.093750 0.017188 0.029167
0 1.0 0.782813 0.112500 0.031250 0.058333
0 1.0 0.839063 0.053125 0.090625 0.106250
0 1.0 0.821875 0.077083 0.221875 0.154167
0 1.0 0.847656 0.079167 0.020313 0.041667
0 1.0 0.835156 0.096875 0.032813 0.081250
0 1.0 0.879687 0.056250 0.112500 0.112500
0 1.0 0.272656 0.668750 0.423438 0.533333
0 1.0 0.364844 0.504167 0.729688 0.287500
0 1.0 0.729688 0.536458 0.343750 0.802083
0 1.0 0.637500 0.296875 0.725000 0.302083
0 1.0 0.868750 0.061458 0.037500 0.072917
0 1.0 0.880469 0.031250 0.060937 0.062500
0 1.0 0.912500 0.095833 0.175000 0.191667
0 1.0 0.950000 0.058333 0.100000 0.116667
0 1.0 0.950781 0.077083 0.045312 0.070833
0 1.0 0.919531 0.036458 0.145313 0.072917
0 1.0 0.960156 0.107292 0.026562 0.064583
0 1.0 0.364844 0.296875 0.729688 0.314583
0 1.0 0.752344 0.120833 0.495312 0.241667
0 1.0 0.082031 0.086458 0.089063 0.102083
0 1.0 0.045312 0.120833 0.090625 0.175000
0 1.0 0.038281 0.146875 0.048438 0.143750
0 1.0 0.126562 0.088542 0.115625 0.127083
0 1.0 0.094531 0.123958 0.114062 0.168750
0 1.0 0.257812 0.118750 0.515625 0.237500
0 1.0 0.175000 0.118750 0.096875 0.179167
0 1.0 0.239844 0.101042 0.095312 0.143750
0 1.0 0.296094 0.095833 0.095312 0.087500
0 1.0 0.786719 0.922917 0.426563 0.154167
0 1.0 0.257812 0.101042 0.025000 0.035417
0 1.0 0.284375 0.140625 0.059375 0.093750
0 1.0 0.348438 0.092708 0.121875 0.102083
0 1.0 0.328906 0.118750 0.051562 0.087500
0 1.0 0.454688 0.106250 0.018750 0.033333
0 1.0 0.397656 0.106250 0.126562 0.150000
0 1.0 0.392969 0.121875 0.070312 0.127083
0 1.0 0.459375 0.921875 0.600000 0.156250
0 1.0 0.477344 0.119792 0.067187 0.085417
0 1.0 0.510156 0.115625 0.017188 0.027083
0 1.0 0.470313 0.171875 0.028125 0.060417
0 1.0 0.517188 0.102083 0.087500 0.062500
0 1.0 0.504687 0.146875 0.056250 0.093750
0 1.0 0.555469 0.107292 0.148438 0.143750
0 1.0 0.560156 0.105208 0.054688 0.056250
0 1.0 0.531250 0.134375 0.075000 0.110417
0 1.0 0.169531 0.923958 0.339062 0.152083
0 1.0 0.592187 0.100000 0.112500 0.083333
0 1.0 0.596875 0.136458 0.037500 0.064583
0 1.0 0.664062 0.103125 0.134375 0.118750
0 1.0 0.675781 0.146875 0.032813 0.056250
0 1.0 0.667969 0.150000 0.045312 0.083333
0 1.0 0.757812 0.822917 0.381250 0.250000
0 1.0 0.745313 0.084375 0.146875 0.106250
0 1.0 0.732812 0.169792 0.025000 0.039583
0 1.0 0.720313 0.178125 0.040625 0.072917
0 1.0 0.791406 0.180208 0.023438 0.039583
0 1.0 0.778906 0.189583 0.048438 0.083333
0 1.0 0.832812 0.151042 0.031250 0.064583
0 1.0 0.822656 0.156250 0.054688 0.108333
0 1.0 0.465625 0.848958 0.600000 0.193750
0 1.0 0.879687 0.121875 0.059375 0.135417
0 1.0 0.917969 0.137500 0.107813 0.220833
0 1.0 0.947656 0.157292 0.051562 0.085417
0 1.0 0.827344 0.755208 0.345313 0.222917
0 1.0 0.959375 0.187500 0.031250 0.075000
0 1.0 0.821094 0.709375 0.235937 0.464583
0 1.0 0.571094 0.759375 0.589063 0.222917
0 1.0 0.137500 0.121875 0.250000 0.143750
0 1.0 0.125781 0.148958 0.085938 0.177083
0 1.0 0.231250 0.127083 0.128125 0.254167
0 1.0 0.214844 0.757292 0.429688 0.235417
0 1.0 0.151562 0.680208 0.203125 0.568750
0 1.0 0.283594 0.122917 0.176563 0.166667
0 1.0 0.263281 0.129167 0.023438 0.037500
0 1.0 0.344531 0.127083 0.167187 0.141667
0 1.0 0.388281 0.125000 0.064062 0.062500
0 1.0 0.333594 0.167708 0.073438 0.147917
0 1.0 0.490625 0.138542 0.028125 0.052083
0 1.0 0.791406 0.648958 0.417187 0.218750
0 1.0 0.476562 0.148958 0.093750 0.110417
0 1.0 0.528906 0.150000 0.026562 0.045833
0 1.0 0.511719 0.135417 0.189062 0.095833
0 1.0 0.560937 0.128125 0.234375 0.239583
0 1.0 0.560156 0.646875 0.567187 0.214583
0 1.0 0.535156 0.178125 0.073438 0.135417
0 1.0 0.603906 0.137500 0.179688 0.154167
0 1.0 0.600781 0.176042 0.042188 0.077083
0 1.0 0.600000 0.171875 0.068750 0.131250
0 1.0 0.671875 0.148958 0.134375 0.110417
0 1.0 0.675781 0.181250 0.042188 0.066667
0 1.0 0.665625 0.177083 0.059375 0.104167
0 1.0 0.170313 0.648958 0.340625 0.210417
0 1.0 0.074219 0.595833 0.148438 0.679167
0 1.0 0.789844 0.546875 0.420312 0.214583
0 1.0 0.727344 0.148958 0.167187 0.135417
0 1.0 0.735156 0.193750 0.032813 0.054167
0 1.0 0.775000 0.136458 0.190625 0.089583
0 1.0 0.811719 0.137500 0.185938 0.179167
0 1.0 0.544531 0.543750 0.557813 0.220833
0 1.0 0.817187 0.170833 0.087500 0.158333
0 1.0 0.860156 0.144792 0.098437 0.085417
0 1.0 0.851562 0.140625 0.053125 0.068750
0 1.0 0.941406 0.142708 0.117188 0.139583
0 1.0 0.557031 0.553125 0.382812 0.418750
0 1.0 0.172656 0.546875 0.345313 0.210417
0 1.0 0.064844 0.168750 0.082812 0.150000
0 1.0 0.100000 0.177083 0.059375 0.095833
0 1.0 0.125781 0.181250 0.064062 0.083333
0 1.0 0.099219 0.154167 0.192188 0.275000
0 1.0 0.121875 0.171875 0.187500 0.114583
0 1.0 0.727344 0.451042 0.545312 0.210417
0 1.0 0.178125 0.173958 0.025000 0.052083
0 1.0 0.205469 0.182292 0.214062 0.122917
0 1.0 0.219531 0.155208 0.270313 0.264583
0 1.0 0.242188 0.459375 0.403125 0.427083
0 1.0 0.249219 0.507292 0.223438 0.610417
0 1.0 0.321094 0.192708 0.023438 0.043750
0 1.0 0.295312 0.183333 0.228125 0.095833
0 1.0 0.290625 0.192708 0.100000 0.206250
0 1.0 0.360938 0.185417 0.050000 0.070833
0 1.0 0.341406 0.181250 0.295312 0.270833
0 1.0 0.416406 0.176042 0.073438 0.064583
0 1.0 0.403125 0.166667 0.193750 0.183333
0 1.0 0.835156 0.351042 0.329688 0.210417
0 1.0 0.167187 0.456250 0.334375 0.212500
0 1.0 0.434375 0.167708 0.118750 0.110417
0 1.0 0.495312 0.192708 0.037500 0.072917
0 1.0 0.457813 0.188542 0.125000 0.197917
0 1.0 0.525000 0.179167 0.031250 0.058333
0 1.0 0.459375 0.220833 0.050000 0.125000
0 1.0 0.494531 0.178125 0.220312 0.247917
0 1.0 0.502344 0.190625 0.095312 0.193750
0 1.0 0.524219 0.169792 0.129688 0.089583
0 1.0 0.847656 0.357292 0.207813 0.664583
0 1.0 0.622656 0.183333 0.260937 0.245833
0 1.0 0.602344 0.208333 0.054688 0.104167
0 1.0 0.614062 0.175000 0.125000 0.079167
0 1.0 0.695312 0.182292 0.168750 0.097917
0 1.0 0.665625 0.213542 0.068750 0.102083
0 1.0 0.711719 0.166667 0.260937 0.245833
0 1.0 0.721875 0.210417 0.075000 0.112500
0 1.0 0.771094 0.182292 0.107813 0.114583
0 1.0 0.762500 0.181250 0.268750 0.129167
0 1.0 0.792188 0.248958 0.415625 0.210417
0 1.0 0.159375 0.353125 0.318750 0.214583
0 1.0 0.836719 0.182292 0.242188 0.097917
0 1.0 0.867969 0.188542 0.067187 0.072917
0 1.0 0.882031 0.162500 0.129688 0.250000
0 1.0 0.913281 0.184375 0.173437 0.139583
0 1.0 0.947656 0.201042 0.076563 0.143750
0 1.0 0.057031 0.228125 0.114062 0.231250
0 1.0 0.086719 0.227083 0.057813 0.091667
0 1.0 0.032813 0.263542 0.053125 0.260417
0 1.0 0.106250 0.226042 0.171875 0.143750
0 1.0 0.089844 0.244792 0.095312 0.327083
0 1.0 0.122656 0.213542 0.114062 0.272917
0 1.0 0.171094 0.213542 0.170313 0.218750
0 1.0 0.192969 0.230208 0.295312 0.131250
0 1.0 0.178906 0.241667 0.085938 0.229167
0 1.0 0.076563 0.285417 0.153125 0.570833
0 1.0 0.163281 0.248958 0.326562 0.485417
0 1.0 0.217188 0.244792 0.434375 0.218750
0 1.0 0.231250 0.222917 0.106250 0.212500
0 1.0 0.288281 0.230208 0.170313 0.202083
0 1.0 0.263281 0.254167 0.035937 0.058333
0 1.0 0.357031 0.236458 0.245312 0.122917
0 1.0 0.337500 0.261458 0.062500 0.181250
0 1.0 0.533594 0.143750 0.692187 0.191667
0 1.0 0.432031 0.234375 0.107813 0.110417
0 1.0 0.396875 0.235417 0.090625 0.258333
0 1.0 0.439844 0.228125 0.239063 0.260417
0 1.0 0.492188 0.235417 0.059375 0.075000
0 1.0 0.455469 0.231250 0.289062 0.116667
0 1.0 0.553906 0.215625 0.170313 0.189583
0 1.0 0.574219 0.225000 0.142187 0.108333
0 1.0 0.541406 0.247917 0.073438 0.191667
0 1.0 0.606250 0.240625 0.031250 0.068750
0 1.0 0.604688 0.260417 0.056250 0.145833
0 1.0 0.682813 0.221875 0.200000 0.122917
0 1.0 0.675000 0.245833 0.037500 0.066667
0 1.0 0.665625 0.272917 0.059375 0.137500
0 1.0 0.727344 0.228125 0.042188 0.081250
0 1.0 0.715625 0.266667 0.081250 0.204167
0 1.0 0.766406 0.222917 0.167187 0.170833
0 1.0 0.771094 0.222917 0.289062 0.104167
0 1.0 0.433594 0.079167 0.632812 0.158333
0 1.0 0.816406 0.210417 0.067187 0.129167
0 1.0 0.813281 0.254167 0.114062 0.329167
0 1.0 0.867969 0.197917 0.239063 0.312500
0 1.0 0.854688 0.227083 0.075000 0.087500
0 1.0 0.879687 0.197917 0.059375 0.145833
0 1.0 0.894531 0.230208 0.210938 0.122917
0 1.0 0.961719 0.257292 0.064062 0.206250
0 1.0 0.056250 0.296875 0.065625 0.131250
0 1.0 0.071875 0.298958 0.071875 0.064583
0 1.0 0.928906 0.955208 0.142187 0.089583
0 1.0 0.971875 0.960417 0.056250 0.079167
0 1.0 0.100000 0.300000 0.200000 0.137500
0 1.0 0.095312 0.295833 0.025000 0.091667
0 1.0 0.125000 0.294792 0.121875 0.089583
0 1.0 0.130469 0.270833 0.051562 0.162500
0 1.0 0.217188 0.298958 0.025000 0.060417
0 1.0 0.202344 0.293750 0.217188 0.116667
0 1.0 0.849219 0.956250 0.254688 0.087500
0 1.0 0.814844 0.942708 0.104688 0.114583
0 1.0 0.876563 0.938542 0.134375 0.122917
0 1.0 0.867188 0.959375 0.084375 0.060417
0 1.0 0.724219 0.950000 0.154688 0.100000
0 1.0 0.775781 0.964583 0.123438 0.066667
0 1.0 0.592969 0.953125 0.148438 0.093750
0 1.0 0.554688 0.937500 0.118750 0.125000
0 1.0 0.626563 0.964583 0.056250 0.054167
0 1.0 0.614062 0.922917 0.221875 0.154167
0 1.0 0.664062 0.965625 0.084375 0.064583
0 1.0 0.664062 0.954167 0.131250 0.091667
0 1.0 0.722656 0.965625 0.073438 0.056250
0 1.0 0.431250 0.967708 0.103125 0.064583
0 1.0 0.399219 0.947917 0.076563 0.104167
0 1.0 0.464844 0.956250 0.104688 0.087500
0 1.0 0.463281 0.922917 0.217188 0.154167
0 1.0 0.508594 0.967708 0.051562 0.047917
0 1.0 0.511719 0.950000 0.123438 0.100000
0 1.0 0.552344 0.965625 0.076563 0.060417
0 1.0 0.304688 0.954167 0.100000 0.091667
0 1.0 0.300000 0.921875 0.209375 0.156250
0 1.0 0.319531 0.959375 0.039062 0.052083
0 1.0 0.352344 0.955208 0.104688 0.089583
0 1.0 0.343750 0.965625 0.040625 0.043750
0 1.0 0.167187 0.950000 0.137500 0.091667
0 1.0 0.138281 0.923958 0.117188 0.152083
0 1.0 0.192969 0.956250 0.076563 0.058333
0 1.0 0.242969 0.957292 0.092188 0.060417
0 1.0 0.239844 0.937500 0.107813 0.125000
0 1.0 0.963281 0.926042 0.064062 0.147917
0 1.0 0.050781 0.953125 0.101562 0.093750
0 1.0 0.074219 0.921875 0.148438 0.156250
0 1.0 0.066406 0.962500 0.067187 0.062500
0 1.0 0.087500 0.962500 0.037500 0.041667
0 1.0 0.118750 0.955208 0.125000 0.085417
0 1.0 0.150000 0.959375 0.065625 0.056250
0 1.0 0.082812 0.934375 0.071875 0.131250
0 1.0 0.869531 0.900000 0.207813 0.179167
0 1.0 0.920312 0.868750 0.125000 0.262500
0 1.0 0.717187 0.900000 0.115625 0.183333
0 1.0 0.768750 0.893750 0.121875 0.204167
0 1.0 0.816406 0.882292 0.132812 0.235417
0 1.0 0.603906 0.904167 0.107813 0.187500
0 1.0 0.670312 0.928125 0.065625 0.122917
0 1.0 0.442188 0.906250 0.100000 0.187500
0 1.0 0.496094 0.881250 0.123438 0.237500
0 1.0 0.396875 0.914583 0.150000 0.158333
0 1.0 0.185156 0.909375 0.154688 0.147917
0 1.0 0.027344 0.926042 0.051562 0.147917
0 1.0 0.844531 0.878125 0.101562 0.110417
0 1.0 0.892188 0.844792 0.103125 0.172917
0 1.0 0.804688 0.875000 0.209375 0.129167
0 1.0 0.950781 0.867708 0.057813 0.122917
0 1.0 0.960156 0.851042 0.032813 0.089583
0 1.0 0.725781 0.748958 0.032813 0.052083
0 1.0 0.778125 0.814583 0.046875 0.087500
0 1.0 0.770312 0.780208 0.059375 0.110417
0 1.0 0.831250 0.831250 0.040625 0.079167
0 1.0 0.819531 0.792708 0.054688 0.106250
0 1.0 0.610156 0.855208 0.189062 0.193750
0 1.0 0.615625 0.797917 0.025000 0.045833
0 1.0 0.612500 0.752083 0.028125 0.050000
0 1.0 0.689063 0.816667 0.018750 0.041667
0 1.0 0.678125 0.769792 0.021875 0.043750
0 1.0 0.720313 0.854167 0.200000 0.200000
0 1.0 0.729688 0.798958 0.037500 0.060417
0 1.0 0.489844 0.875000 0.085938 0.095833
0 1.0 0.447656 0.820833 0.082812 0.125000
0 1.0 0.468750 0.867708 0.268750 0.114583
0 1.0 0.449219 0.795833 0.026562 0.054167
0 1.0 0.503906 0.860417 0.242188 0.241667
0 1.0 0.515625 0.801042 0.053125 0.093750
0 1.0 0.511719 0.760417 0.035937 0.070833
0 1.0 0.559375 0.795833 0.043750 0.070833
0 1.0 0.558594 0.755208 0.026562 0.047917
0 1.0 0.296094 0.883333 0.039062 0.079167
0 1.0 0.339844 0.877083 0.179688 0.204167
0 1.0 0.339844 0.857292 0.045312 0.097917
0 1.0 0.399219 0.856250 0.092188 0.170833
0 1.0 0.183594 0.851042 0.251563 0.235417
0 1.0 0.188281 0.872917 0.045312 0.091667
0 1.0 0.235156 0.895833 0.060937 0.120833
0 1.0 0.276562 0.893750 0.034375 0.054167
0 1.0 0.293750 0.884375 0.106250 0.147917
0 1.0 0.100000 0.880208 0.028125 0.060417
0 1.0 0.036719 0.875000 0.051562 0.120833
0 1.0 0.082031 0.875000 0.120313 0.087500
0 1.0 0.032031 0.877083 0.026562 0.087500
0 1.0 0.150000 0.880208 0.062500 0.089583
0 1.0 0.100000 0.880208 0.056250 0.114583
0 1.0 0.126562 0.876042 0.253125 0.131250
0 1.0 0.135156 0.878125 0.079687 0.139583
0 1.0 0.779687 0.817708 0.159375 0.118750
0 1.0 0.887500 0.817708 0.200000 0.306250
0 1.0 0.878906 0.813542 0.242188 0.139583
0 1.0 0.956250 0.817708 0.087500 0.243750
0 1.0 0.763281 0.802083 0.139063 0.241667
0 1.0 0.602344 0.789583 0.085938 0.141667
0 1.0 0.626563 0.807292 0.300000 0.118750
0 1.0 0.667969 0.806250 0.189062 0.200000
0 1.0 0.675000 0.794792 0.071875 0.147917
0 1.0 0.667188 0.817708 0.090625 0.260417
0 1.0 0.475000 0.814583 0.300000 0.112500
0 1.0 0.509375 0.791667 0.109375 0.229167
0 1.0 0.558594 0.807292 0.179688 0.189583
0 1.0 0.328906 0.819792 0.123438 0.110417
0 1.0 0.400781 0.817708 0.192188 0.235417
0 1.0 0.183594 0.823958 0.123438 0.285417
0 1.0 0.251563 0.826042 0.112500 0.110417
0 1.0 0.229687 0.817708 0.128125 0.297917
0 1.0 0.293750 0.823958 0.193750 0.227083
0 1.0 0.285938 0.835417 0.028125 0.050000
0 1.0 0.207813 0.820833 0.293750 0.108333
0 1.0 0.058594 0.826042 0.117188 0.077083
0 1.0 0.086719 0.823958 0.167187 0.231250
0 1.0 0.126562 0.834375 0.056250 0.072917
0 1.0 0.111719 0.823958 0.223438 0.106250
0 1.0 0.164062 0.836458 0.071875 0.093750
0 1.0 0.900000 0.767708 0.156250 0.160417
0 1.0 0.937500 0.761458 0.125000 0.110417
0 1.0 0.078906 0.835417 0.020313 0.041667
0 1.0 0.042969 0.830208 0.079687 0.189583
0 1.0 0.751563 0.762500 0.103125 0.120833
0 1.0 0.737500 0.759375 0.250000 0.122917
0 1.0 0.817187 0.758333 0.137500 0.195833
0 1.0 0.825000 0.775000 0.031250 0.066667
0 1.0 0.642188 0.753125 0.275000 0.106250
0 1.0 0.596875 0.734375 0.075000 0.168750
0 1.0 0.672656 0.731250 0.073438 0.191667
0 1.0 0.718750 0.755208 0.093750 0.193750
0 1.0 0.547656 0.760417 0.051562 0.079167
0 1.0 0.521094 0.757292 0.201563 0.102083
0 1.0 0.605469 0.753125 0.054688 0.077083
0 1.0 0.537500 0.754167 0.106250 0.216667
0 1.0 0.610156 0.756250 0.167187 0.170833
0 1.0 0.356250 0.770833 0.090625 0.095833
0 1.0 0.328906 0.764583 0.273438 0.116667
0 1.0 0.404687 0.758333 0.137500 0.191667
0 1.0 0.485156 0.769792 0.029687 0.068750
0 1.0 0.468750 0.760417 0.118750 0.162500
0 1.0 0.453906 0.762500 0.226562 0.312500
0 1.0 0.542969 0.767708 0.023438 0.060417
0 1.0 0.192969 0.762500 0.289062 0.133333
0 1.0 0.307031 0.782292 0.029687 0.056250
0 1.0 0.332031 0.771875 0.176563 0.222917
0 1.0 0.132031 0.780208 0.076563 0.085417
0 1.0 0.116406 0.766667 0.232813 0.104167
0 1.0 0.080469 0.762500 0.085938 0.329167
0 1.0 0.134375 0.785417 0.171875 0.262500
0 1.0 0.168750 0.781250 0.090625 0.104167
0 1.0 0.907031 0.718750 0.129688 0.129167
0 1.0 0.916406 0.735417 0.132812 0.350000
0 1.0 0.944531 0.708333 0.110937 0.183333
0 1.0 0.060937 0.780208 0.028125 0.047917
0 1.0 0.055469 0.768750 0.110937 0.075000
0 1.0 0.718750 0.713542 0.240625 0.118750
0 1.0 0.767188 0.722917 0.096875 0.316667
0 1.0 0.807813 0.706250 0.090625 0.333333
0 1.0 0.798438 0.732292 0.021875 0.043750
0 1.0 0.732812 0.721875 0.037500 0.056250
0 1.0 0.650000 0.711458 0.237500 0.252083
0 1.0 0.687500 0.716667 0.096875 0.091667
0 1.0 0.746875 0.721875 0.078125 0.097917
0 1.0 0.575781 0.728125 0.026562 0.052083
0 1.0 0.542969 0.720833 0.129688 0.079167
0 1.0 0.514062 0.718750 0.062500 0.229167
0 1.0 0.628125 0.725000 0.031250 0.050000
0 1.0 0.592187 0.716667 0.246875 0.095833
0 1.0 0.653125 0.712500 0.100000 0.100000
0 1.0 0.310156 0.716667 0.223438 0.100000
0 1.0 0.496094 0.722917 0.020313 0.054167
0 1.0 0.428125 0.714583 0.300000 0.116667
0 1.0 0.386719 0.696875 0.092188 0.352083
0 1.0 0.548438 0.730208 0.018750 0.056250
0 1.0 0.442969 0.719792 0.120313 0.252083
0 1.0 0.236719 0.721875 0.185938 0.231250
0 1.0 0.297656 0.723958 0.120313 0.156250
0 1.0 0.307031 0.728125 0.026562 0.047917
0 1.0 0.343750 0.720833 0.068750 0.079167
0 1.0 0.128906 0.719792 0.079687 0.093750
0 1.0 0.117188 0.710417 0.234375 0.108333
0 1.0 0.166406 0.721875 0.082812 0.102083
0 1.0 0.211719 0.717708 0.148438 0.131250
0 1.0 0.899219 0.662500 0.201563 0.120833
0 1.0 0.956250 0.656250 0.087500 0.100000
0 1.0 0.053125 0.728125 0.106250 0.185417
0 1.0 0.069531 0.722917 0.032813 0.054167
0 1.0 0.057813 0.712500 0.115625 0.075000
0 1.0 0.033594 0.762500 0.054688 0.225000
0 1.0 0.096094 0.718750 0.192188 0.341667
0 1.0 0.738281 0.667708 0.114062 0.131250
0 1.0 0.873437 0.665625 0.196875 0.243750
0 1.0 0.791406 0.677083 0.020313 0.045833
0 1.0 0.730469 0.668750 0.020313 0.045833
0 1.0 0.689844 0.670833 0.092188 0.108333
0 1.0 0.695312 0.705208 0.031250 0.093750
0 1.0 0.682031 0.694792 0.048438 0.147917
0 1.0 0.696875 0.675000 0.153125 0.191667
0 1.0 0.713281 0.694792 0.048438 0.131250
0 1.0 0.703906 0.662500 0.264062 0.120833
0 1.0 0.762500 0.662500 0.221875 0.295833
0 1.0 0.546094 0.665625 0.132812 0.081250
0 1.0 0.560937 0.675000 0.128125 0.179167
0 1.0 0.572656 0.645833 0.214062 0.270833
0 1.0 0.623437 0.671875 0.031250 0.056250
0 1.0 0.647656 0.666667 0.117188 0.116667
0 1.0 0.602344 0.701042 0.039062 0.093750
0 1.0 0.595313 0.685417 0.059375 0.145833
0 1.0 0.400781 0.653125 0.170313 0.243750
0 1.0 0.496094 0.667708 0.020313 0.064583
0 1.0 0.428125 0.658333 0.334375 0.129167
0 1.0 0.479687 0.665625 0.134375 0.202083
0 1.0 0.548438 0.672917 0.021875 0.062500
0 1.0 0.447656 0.694792 0.045312 0.181250
0 1.0 0.575781 0.673958 0.026562 0.056250
0 1.0 0.287500 0.664583 0.078125 0.083333
0 1.0 0.251563 0.661458 0.346875 0.118750
0 1.0 0.295312 0.662500 0.150000 0.183333
0 1.0 0.311719 0.677083 0.026562 0.045833
0 1.0 0.334375 0.652083 0.225000 0.325000
0 1.0 0.349219 0.668750 0.060937 0.079167
0 1.0 0.341406 0.676042 0.095312 0.268750
0 1.0 0.116406 0.659375 0.232813 0.106250
0 1.0 0.161719 0.670833 0.051562 0.075000
0 1.0 0.194531 0.658333 0.120313 0.170833
0 1.0 0.219531 0.664583 0.089063 0.095833
0 1.0 0.178906 0.690625 0.107813 0.393750
0 1.0 0.933594 0.604167 0.132812 0.270833
0 1.0 0.959375 0.609375 0.081250 0.118750
0 1.0 0.963281 0.672917 0.042188 0.150000
0 1.0 0.048438 0.662500 0.096875 0.162500
0 1.0 0.078906 0.668750 0.026562 0.050000
0 1.0 0.057813 0.661458 0.115625 0.072917
0 1.0 0.085156 0.646875 0.145313 0.227083
0 1.0 0.137500 0.664583 0.050000 0.070833
0 1.0 0.735938 0.609375 0.100000 0.110417
0 1.0 0.801562 0.644792 0.059375 0.210417
0 1.0 0.796094 0.625000 0.017188 0.037500
0 1.0 0.886719 0.627083 0.073438 0.179167
0 1.0 0.730469 0.615625 0.020313 0.039583
0 1.0 0.907031 0.615625 0.085938 0.110417
0 1.0 0.663281 0.612500 0.242188 0.104167
0 1.0 0.695312 0.604167 0.221875 0.291667
0 1.0 0.761719 0.646875 0.054688 0.177083
0 1.0 0.802344 0.613542 0.148438 0.218750
0 1.0 0.610156 0.615625 0.029687 0.043750
0 1.0 0.521094 0.644792 0.070312 0.177083
0 1.0 0.586719 0.608333 0.198437 0.079167
0 1.0 0.526563 0.660417 0.040625 0.137500
0 1.0 0.602344 0.676042 0.023438 0.060417
0 1.0 0.689844 0.620833 0.082812 0.079167
0 1.0 0.698438 0.683333 0.021875 0.062500
0 1.0 0.496094 0.607292 0.017188 0.047917
0 1.0 0.428906 0.601042 0.254688 0.097917
0 1.0 0.453906 0.597917 0.214062 0.295833
0 1.0 0.550781 0.614583 0.020313 0.050000
0 1.0 0.452344 0.637500 0.076563 0.191667
0 1.0 0.525000 0.609375 0.062500 0.064583
0 1.0 0.578125 0.616667 0.025000 0.045833
0 1.0 0.255469 0.600000 0.289062 0.108333
0 1.0 0.232031 0.629167 0.129688 0.341667
0 1.0 0.290625 0.591667 0.168750 0.179167
0 1.0 0.271875 0.587500 0.256250 0.300000
0 1.0 0.317188 0.605208 0.025000 0.039583
0 1.0 0.367188 0.602083 0.043750 0.058333
0 1.0 0.328906 0.602083 0.154688 0.079167
0 1.0 0.124219 0.573958 0.179688 0.222917
0 1.0 0.158594 0.600000 0.042188 0.054167
0 1.0 0.121094 0.602083 0.232813 0.095833
0 1.0 0.121875 0.622917 0.115625 0.420833
0 1.0 0.194531 0.584375 0.139063 0.168750
0 1.0 0.224219 0.597917 0.082812 0.070833
0 1.0 0.286719 0.596875 0.073438 0.068750
0 1.0 0.960156 0.551042 0.079687 0.093750
0 1.0 0.051562 0.598958 0.103125 0.172917
0 1.0 0.078906 0.608333 0.023438 0.037500
0 1.0 0.053906 0.604167 0.092188 0.058333
0 1.0 0.028906 0.635417 0.057813 0.279167
0 1.0 0.136719 0.600000 0.035937 0.050000
0 1.0 0.736719 0.552083 0.229687 0.129167
0 1.0 0.872656 0.555208 0.185938 0.227083
0 1.0 0.796094 0.567708 0.029687 0.056250
0 1.0 0.749219 0.559375 0.023438 0.047917
0 1.0 0.719531 0.615625 0.035937 0.102083
0 1.0 0.714844 0.627083 0.051562 0.170833
0 1.0 0.764844 0.602083 0.042188 0.141667
0 1.0 0.814844 0.563542 0.232813 0.318750
0 1.0 0.587500 0.563542 0.128125 0.102083
0 1.0 0.601562 0.555208 0.268750 0.106250
0 1.0 0.628125 0.565625 0.237500 0.268750
0 1.0 0.596875 0.637500 0.018750 0.050000
0 1.0 0.595313 0.648958 0.034375 0.093750
0 1.0 0.675000 0.575000 0.125000 0.162500
0 1.0 0.698438 0.641667 0.018750 0.054167
0 1.0 0.685937 0.647917 0.034375 0.095833
0 1.0 0.425000 0.550000 0.284375 0.125000
0 1.0 0.386719 0.580208 0.073438 0.293750
0 1.0 0.482031 0.567708 0.104688 0.160417
0 1.0 0.543750 0.568750 0.028125 0.062500
0 1.0 0.525000 0.560417 0.071875 0.075000
0 1.0 0.447656 0.629167 0.029687 0.112500
0 1.0 0.522656 0.563542 0.214062 0.281250
0 1.0 0.521094 0.615625 0.042188 0.131250
0 1.0 0.283594 0.543750 0.135937 0.137500
0 1.0 0.266406 0.542708 0.317188 0.147917
0 1.0 0.337500 0.556250 0.150000 0.200000
0 1.0 0.345313 0.588542 0.081250 0.206250
0 1.0 0.460156 0.558333 0.048438 0.087500
0 1.0 0.158594 0.542708 0.198437 0.114583
0 1.0 0.174219 0.544792 0.079687 0.202083
0 1.0 0.957812 0.495833 0.084375 0.095833
0 1.0 0.963281 0.580208 0.039062 0.127083
0 1.0 0.071875 0.526042 0.143750 0.289583
0 1.0 0.086719 0.551042 0.051562 0.077083
0 1.0 0.028125 0.554167 0.050000 0.208333
0 1.0 0.771094 0.502083 0.051562 0.087500
0 1.0 0.878906 0.518750 0.067187 0.162500
0 1.0 0.735938 0.502083 0.028125 0.058333
0 1.0 0.918750 0.488542 0.146875 0.235417
0 1.0 0.880469 0.495833 0.239063 0.129167
0 1.0 0.699219 0.496875 0.235937 0.160417
0 1.0 0.722656 0.564583 0.035937 0.095833
0 1.0 0.750781 0.506250 0.229687 0.275000
0 1.0 0.803906 0.535417 0.045312 0.150000
0 1.0 0.803906 0.536458 0.073438 0.264583
0 1.0 0.595313 0.495833 0.268750 0.112500
0 1.0 0.533594 0.592708 0.035937 0.102083
0 1.0 0.596875 0.583333 0.018750 0.041667
0 1.0 0.697656 0.590625 0.020313 0.047917
0 1.0 0.686719 0.598958 0.029687 0.077083
0 1.0 0.513281 0.505208 0.064062 0.093750
0 1.0 0.442969 0.555208 0.057813 0.127083
0 1.0 0.443750 0.577083 0.025000 0.083333
0 1.0 0.513281 0.511458 0.145313 0.181250
0 1.0 0.567969 0.495833 0.073438 0.066667
0 1.0 0.566406 0.518750 0.120313 0.154167
0 1.0 0.245312 0.504167 0.200000 0.166667
0 1.0 0.325000 0.519792 0.246875 0.256250
0 1.0 0.347656 0.498958 0.176563 0.114583
0 1.0 0.408594 0.511458 0.129688 0.193750
0 1.0 0.437500 0.504167 0.103125 0.108333
0 1.0 0.159375 0.494792 0.162500 0.118750
0 1.0 0.124219 0.508333 0.082812 0.204167
0 1.0 0.234375 0.523958 0.090625 0.185417
0 1.0 0.093750 0.494792 0.053125 0.093750
0 1.0 0.040625 0.483333 0.081250 0.283333
0 1.0 0.757812 0.455208 0.112500 0.102083
0 1.0 0.876563 0.491667 0.046875 0.100000
0 1.0 0.748437 0.451042 0.021875 0.047917
0 1.0 0.860938 0.446875 0.246875 0.131250
0 1.0 0.963281 0.444792 0.073438 0.072917
0 1.0 0.964063 0.536458 0.034375 0.102083
0 1.0 0.767188 0.472917 0.150000 0.170833
0 1.0 0.772656 0.528125 0.026562 0.072917
0 1.0 0.813281 0.494792 0.035937 0.102083
0 1.0 0.618750 0.473958 0.125000 0.118750
0 1.0 0.622656 0.467708 0.260937 0.247917
0 1.0 0.604688 0.540625 0.015625 0.035417
0 1.0 0.673438 0.460417 0.084375 0.070833
0 1.0 0.604688 0.558333 0.021875 0.054167
0 1.0 0.696875 0.543750 0.018750 0.041667
0 1.0 0.675781 0.457292 0.176563 0.097917
0 1.0 0.684375 0.556250 0.028125 0.066667
0 1.0 0.723437 0.522917 0.034375 0.075000
0 1.0 0.477344 0.463542 0.204687 0.102083
0 1.0 0.446094 0.496875 0.042188 0.089583
0 1.0 0.556250 0.464583 0.015625 0.033333
0 1.0 0.446094 0.511458 0.017188 0.052083
0 1.0 0.525000 0.477083 0.071875 0.095833
0 1.0 0.517969 0.458333 0.226562 0.245833
0 1.0 0.521875 0.526042 0.028125 0.068750
0 1.0 0.567969 0.462500 0.057813 0.054167
0 1.0 0.535937 0.522917 0.040625 0.075000
0 1.0 0.632812 0.462500 0.071875 0.058333
0 1.0 0.310156 0.456250 0.070312 0.062500
0 1.0 0.293750 0.506250 0.053125 0.112500
0 1.0 0.388281 0.492708 0.032813 0.060417
0 1.0 0.313281 0.454167 0.135937 0.079167
0 1.0 0.357812 0.491667 0.071875 0.120833
0 1.0 0.353906 0.456250 0.014063 0.029167
0 1.0 0.355469 0.506250 0.035937 0.087500
0 1.0 0.425000 0.482292 0.043750 0.072917
0 1.0 0.410156 0.451042 0.239063 0.260417
0 1.0 0.405469 0.496875 0.054688 0.131250
0 1.0 0.459375 0.458333 0.106250 0.070833
0 1.0 0.513281 0.501042 0.026562 0.052083
0 1.0 0.198437 0.479167 0.050000 0.079167
0 1.0 0.107031 0.453125 0.207813 0.139583
0 1.0 0.158594 0.455208 0.048438 0.060417
0 1.0 0.167969 0.498958 0.051562 0.114583
0 1.0 0.245312 0.471875 0.121875 0.118750
0 1.0 0.233594 0.497917 0.067187 0.108333
0 1.0 0.204687 0.454167 0.056250 0.062500
0 1.0 0.325000 0.491667 0.040625 0.062500
0 1.0 0.273438 0.456250 0.228125 0.129167
0 1.0 0.102344 0.448958 0.048438 0.081250
0 1.0 0.134375 0.451042 0.021875 0.047917
0 1.0 0.028906 0.473958 0.042188 0.202083
0 1.0 0.098437 0.477083 0.068750 0.225000
0 1.0 0.178125 0.453125 0.065625 0.072917
0 1.0 0.804688 0.408333 0.143750 0.104167
0 1.0 0.864844 0.453125 0.085938 0.202083
0 1.0 0.920312 0.397917 0.134375 0.200000
0 1.0 0.949219 0.407292 0.101562 0.139583
0 1.0 0.962500 0.462500 0.040625 0.120833
0 1.0 0.072656 0.458333 0.060937 0.120833
0 1.0 0.754687 0.414583 0.268750 0.166667
0 1.0 0.773438 0.478125 0.025000 0.064583
0 1.0 0.812500 0.412500 0.225000 0.266667
0 1.0 0.820312 0.452083 0.040625 0.108333
0 1.0 0.815625 0.450000 0.075000 0.208333
0 1.0 0.872656 0.457292 0.045312 0.097917
0 1.0 0.610938 0.495833 0.015625 0.033333
0 1.0 0.639062 0.404167 0.209375 0.104167
0 1.0 0.605469 0.496875 0.032813 0.068750
0 1.0 0.693750 0.494792 0.018750 0.035417
0 1.0 0.676562 0.496875 0.040625 0.081250
0 1.0 0.725781 0.482292 0.029687 0.060417
0 1.0 0.716406 0.481250 0.067187 0.137500
0 1.0 0.486719 0.408333 0.232813 0.095833
0 1.0 0.525781 0.490625 0.023438 0.052083
0 1.0 0.564844 0.428125 0.117188 0.114583
0 1.0 0.537500 0.482292 0.034375 0.056250
0 1.0 0.368750 0.420833 0.093750 0.108333
0 1.0 0.338281 0.389583 0.260937 0.270833
0 1.0 0.357031 0.412500 0.254688 0.087500
0 1.0 0.407813 0.413542 0.134375 0.143750
0 1.0 0.410156 0.460417 0.035937 0.083333
0 1.0 0.434375 0.408333 0.140625 0.075000
0 1.0 0.484375 0.426042 0.071875 0.093750
0 1.0 0.455469 0.459375 0.045312 0.085417
0 1.0 0.147656 0.415625 0.154688 0.122917
0 1.0 0.160156 0.440625 0.079687 0.156250
0 1.0 0.233594 0.403125 0.164062 0.147917
0 1.0 0.221875 0.437500 0.056250 0.095833
0 1.0 0.223438 0.433333 0.087500 0.162500
0 1.0 0.304688 0.410417 0.096875 0.108333
0 1.0 0.082031 0.405208 0.126562 0.085417
0 1.0 0.101562 0.411458 0.131250 0.189583
0 1.0 0.132812 0.462500 0.046875 0.100000
0 1.0 0.925781 0.337500 0.092188 0.150000
0 1.0 0.902344 0.330208 0.195312 0.347917
0 1.0 0.901563 0.351042 0.196875 0.156250
0 1.0 0.955469 0.350000 0.089063 0.133333
0 1.0 0.950000 0.333333 0.037500 0.079167
0 1.0 0.961719 0.275000 0.014063 0.033333
0 1.0 0.054688 0.405208 0.096875 0.152083
0 1.0 0.089063 0.411458 0.043750 0.068750
0 1.0 0.757031 0.350000 0.264062 0.141667
0 1.0 0.786719 0.400000 0.026562 0.062500
0 1.0 0.775781 0.372917 0.048438 0.095833
0 1.0 0.818750 0.371875 0.040625 0.106250
0 1.0 0.814844 0.331250 0.064062 0.145833
0 1.0 0.849219 0.358333 0.176563 0.108333
0 1.0 0.871875 0.364583 0.025000 0.079167
0 1.0 0.848437 0.347917 0.075000 0.062500
0 1.0 0.863281 0.306250 0.045312 0.104167
0 1.0 0.629687 0.347917 0.284375 0.104167
0 1.0 0.607812 0.460417 0.021875 0.050000
0 1.0 0.659375 0.351042 0.256250 0.252083
0 1.0 0.689844 0.447917 0.017188 0.033333
0 1.0 0.675781 0.454167 0.029687 0.058333
0 1.0 0.732812 0.435417 0.025000 0.045833
0 1.0 0.723437 0.444792 0.037500 0.077083
0 1.0 0.499219 0.367708 0.179688 0.156250
0 1.0 0.517969 0.417708 0.039062 0.064583
0 1.0 0.560937 0.377083 0.162500 0.137500
0 1.0 0.563281 0.360417 0.229687 0.241667
0 1.0 0.539062 0.428125 0.046875 0.064583
0 1.0 0.542188 0.453125 0.031250 0.060417
0 1.0 0.610938 0.451042 0.015625 0.031250
0 1.0 0.331250 0.358333 0.225000 0.108333
0 1.0 0.351562 0.379167 0.093750 0.133333
0 1.0 0.350000 0.412500 0.040625 0.091667
0 1.0 0.410156 0.359375 0.110937 0.131250
0 1.0 0.406250 0.338542 0.221875 0.268750
0 1.0 0.428125 0.342708 0.275000 0.110417
0 1.0 0.402344 0.409375 0.051562 0.131250
0 1.0 0.480469 0.377083 0.064062 0.087500
0 1.0 0.437500 0.376042 0.065625 0.089583
0 1.0 0.446094 0.378125 0.010937 0.022917
0 1.0 0.171094 0.352083 0.167187 0.095833
0 1.0 0.171094 0.403125 0.051562 0.114583
0 1.0 0.235937 0.345833 0.137500 0.141667
0 1.0 0.243750 0.327083 0.256250 0.295833
0 1.0 0.321094 0.363542 0.045312 0.072917
0 1.0 0.298438 0.343750 0.106250 0.154167
0 1.0 0.297656 0.340625 0.048438 0.093750
0 1.0 0.368750 0.372917 0.059375 0.083333
0 1.0 0.106250 0.350000 0.187500 0.141667
0 1.0 0.103906 0.379167 0.042188 0.145833
0 1.0 0.131250 0.346875 0.078125 0.077083
0 1.0 0.095312 0.375000 0.065625 0.245833
0 1.0 0.129688 0.384375 0.050000 0.135417
0 1.0 0.200000 0.371875 0.065625 0.106250
0 1.0 0.160938 0.373958 0.109375 0.164583
0 1.0 0.900781 0.284375 0.198437 0.152083
0 1.0 0.926562 0.241667 0.096875 0.270833
0 1.0 0.955469 0.221875 0.029687 0.052083
0 1.0 0.967969 0.279167 0.064062 0.079167
0 1.0 0.961719 0.247917 0.029687 0.083333
0 1.0 0.059375 0.359375 0.068750 0.135417
0 1.0 0.078125 0.346875 0.056250 0.064583
0 1.0 0.024219 0.346875 0.029687 0.143750
0 1.0 0.759375 0.277083 0.284375 0.104167
0 1.0 0.780469 0.229167 0.060937 0.129167
0 1.0 0.817187 0.271875 0.153125 0.164583
0 1.0 0.832812 0.221875 0.018750 0.043750
0 1.0 0.857031 0.289583 0.182812 0.083333
0 1.0 0.886719 0.202083 0.014063 0.033333
0 1.0 0.871094 0.283333 0.051562 0.045833
0 1.0 0.678906 0.297917 0.104688 0.104167
0 1.0 0.692187 0.301042 0.012500 0.022917
0 1.0 0.675000 0.326042 0.040625 0.077083
0 1.0 0.745313 0.260417 0.012500 0.025000
0 1.0 0.728906 0.285417 0.042188 0.091667
0 1.0 0.795312 0.227083 0.015625 0.033333
0 1.0 0.496875 0.288542 0.215625 0.114583
0 1.0 0.514844 0.268750 0.035937 0.079167
0 1.0 0.509375 0.257292 0.056250 0.135417
0 1.0 0.573438 0.296875 0.068750 0.089583
0 1.0 0.555469 0.283333 0.042188 0.066667
0 1.0 0.582812 0.289583 0.165625 0.075000
0 1.0 0.550781 0.301042 0.054688 0.114583
0 1.0 0.621094 0.294792 0.107813 0.118750
0 1.0 0.609375 0.295833 0.262500 0.145833
0 1.0 0.607031 0.295833 0.010937 0.025000
0 1.0 0.602344 0.310417 0.035937 0.075000
0 1.0 0.410156 0.287500 0.042188 0.050000
0 1.0 0.339062 0.313542 0.046875 0.102083
0 1.0 0.408594 0.287500 0.145313 0.158333
0 1.0 0.415625 0.281250 0.259375 0.104167
0 1.0 0.400781 0.304167 0.076563 0.162500
0 1.0 0.502344 0.306250 0.020313 0.045833
0 1.0 0.449219 0.288542 0.085938 0.143750
0 1.0 0.546094 0.292708 0.026562 0.043750
0 1.0 0.453906 0.321875 0.032813 0.089583
0 1.0 0.496875 0.286458 0.221875 0.260417
0 1.0 0.240625 0.306250 0.043750 0.083333
0 1.0 0.235156 0.304167 0.085938 0.162500
0 1.0 0.326562 0.304167 0.028125 0.058333
0 1.0 0.285938 0.285417 0.243750 0.141667
0 1.0 0.371875 0.307292 0.046875 0.072917
0 1.0 0.331250 0.281250 0.256250 0.270833
0 1.0 0.039844 0.073958 0.057813 0.089583
0 1.0 0.118750 0.038542 0.034375 0.043750
0 1.0 0.137500 0.046875 0.090625 0.077083
0 1.0 0.180469 0.037500 0.079687 0.062500
0 1.0 0.641406 0.354167 0.210938 0.537500
0 1.0 0.549219 0.727083 0.217188 0.545833
0 1.0 0.658594 0.648958 0.357812 0.397917
0 1.0 0.246875 0.812500 0.250000 0.375000
0 1.0 0.703125 0.298958 0.471875 0.556250
0 1.0 0.756250 0.221875 0.193750 0.443750
0 1.0 0.552344 0.264583 0.210938 0.529167
0 1.0 0.347656 0.469792 0.207813 0.568750
0 1.0 0.114844 0.437500 0.229687 0.458333
0 1.0 0.750781 0.454167 0.189062 0.600000
0 1.0 0.447656 0.359375 0.195312 0.568750
0 1.0 0.296875 0.244792 0.296875 0.489583
0 1.0 0.346875 0.813542 0.243750 0.372917