0 1.0 0.053125 0.051522 0.087500 0.103044
0 1.0 0.071094 0.074941 0.142187 0.149883
0 1.0 0.026562 0.063232 0.053125 0.088993
0 1.0 0.173437 0.044496 0.200000 0.088993
0 1.0 0.187500 0.062061 0.084375 0.124122
0 1.0 0.241406 0.060890 0.167187 0.121780
0 1.0 0.234375 0.080796 0.081250 0.161593
0 1.0 0.304688 0.057377 0.118750 0.114754
0 1.0 0.265625 0.039813 0.103125 0.079625
0 1.0 0.355469 0.057377 0.123438 0.114754
0 1.0 0.350781 0.080796 0.239063 0.161593
0 1.0 0.307031 0.028103 0.051562 0.056206
0 1.0 0.407813 0.058548 0.134375 0.117096
0 1.0 0.432031 0.036300 0.098437 0.072600
0 1.0 0.467969 0.056206 0.110937 0.112412
0 1.0 0.451562 0.084309 0.234375 0.168618
0 1.0 0.653906 0.495316 0.692187 0.362998
0 1.0 0.522656 0.786885 0.845313 0.426230
0 1.0 0.509375 0.028103 0.043750 0.051522
0 1.0 0.443750 0.066745 0.043750 0.091335
0 1.0 0.510938 0.066745 0.087500 0.133489
0 1.0 0.511719 0.032787 0.160938 0.065574
0 1.0 0.562500 0.058548 0.131250 0.117096
0 1.0 0.558594 0.083138 0.229687 0.166276
0 1.0 0.514844 0.211944 0.829688 0.423888
0 1.0 0.604688 0.048009 0.059375 0.096019
0 1.0 0.626563 0.030445 0.115625 0.060890
0 1.0 0.664062 0.059719 0.156250 0.119438
0 1.0 0.666406 0.052693 0.073438 0.105386
0 1.0 0.716406 0.081967 0.239063 0.163934
0 1.0 0.718750 0.050351 0.071875 0.100703
0 1.0 0.725000 0.033958 0.181250 0.067916
0 1.0 0.741406 0.874707 0.517188 0.250585
0 1.0 0.771094 0.060890 0.157812 0.121780
0 1.0 0.776563 0.049180 0.068750 0.098361
0 1.0 0.821875 0.083138 0.246875 0.166276
0 1.0 0.817187 0.043326 0.190625 0.086651
0 1.0 0.826562 0.053864 0.059375 0.093677
0 1.0 0.880469 0.060890 0.151562 0.121780
0 1.0 0.885156 0.050351 0.060937 0.091335
0 1.0 0.738281 0.701405 0.523438 0.283372
0 1.0 0.253906 0.879391 0.507812 0.241218
0 1.0 0.870313 0.029274 0.081250 0.058548
0 1.0 0.926562 0.056206 0.084375 0.112412
0 1.0 0.925000 0.032787 0.150000 0.065574
0 1.0 0.958594 0.055035 0.082812 0.110070
0 1.0 0.964844 0.063232 0.032813 0.074941
0 1.0 0.512500 0.659251 0.596875 0.480094
0 1.0 0.253906 0.699063 0.507812 0.288056
0 1.0 0.042969 0.086651 0.082812 0.093677
0 1.0 0.024219 0.137002 0.045312 0.128806
0 1.0 0.078906 0.134660 0.076563 0.194379
0 1.0 0.134375 0.097190 0.193750 0.194379
0 1.0 0.132031 0.131148 0.076563 0.201405
0 1.0 0.410938 0.498829 0.787500 0.304450
0 1.0 0.311719 0.483607 0.285938 0.644028
0 1.0 0.480469 0.492974 0.445312 0.526932
0 1.0 0.745313 0.300937 0.509375 0.292740
0 1.0 0.185938 0.118267 0.112500 0.203747
0 1.0 0.189844 0.146370 0.060937 0.175644
0 1.0 0.239063 0.117096 0.256250 0.234192
0 1.0 0.232031 0.133489 0.110937 0.266979
0 1.0 0.278906 0.087822 0.042188 0.063232
0 1.0 0.366406 0.311475 0.642188 0.332553
0 1.0 0.634375 0.124122 0.731250 0.248244
0 1.0 0.292187 0.149883 0.075000 0.201405
0 1.0 0.342969 0.127635 0.082812 0.227166
0 1.0 0.450000 0.086651 0.075000 0.088993
0 1.0 0.394531 0.120609 0.095312 0.241218
0 1.0 0.350781 0.125293 0.701562 0.250585
0 1.0 0.486719 0.086651 0.082812 0.093677
0 1.0 0.439063 0.115925 0.121875 0.208431
0 1.0 0.442188 0.144028 0.059375 0.166276
0 1.0 0.505469 0.110070 0.117188 0.220141
0 1.0 0.553906 0.121780 0.089063 0.215457
0 1.0 0.832812 0.923888 0.334375 0.152225
0 1.0 0.604688 0.105386 0.075000 0.154567
0 1.0 0.664844 0.106557 0.095312 0.170960
0 1.0 0.714844 0.100703 0.101562 0.182670
0 1.0 0.553906 0.921546 0.589063 0.156909
0 1.0 0.772656 0.105386 0.098437 0.187354
0 1.0 0.822656 0.106557 0.095312 0.180328
0 1.0 0.166406 0.923888 0.332813 0.152225
0 1.0 0.877344 0.105386 0.107813 0.201405
0 1.0 0.918750 0.111241 0.131250 0.222482
0 1.0 0.961719 0.115925 0.064062 0.128806
0 1.0 0.046094 0.134660 0.092188 0.105386
0 1.0 0.083594 0.135831 0.164062 0.215457
0 1.0 0.554688 0.843091 0.621875 0.220141
0 1.0 0.192969 0.202576 0.048438 0.138173
0 1.0 0.223438 0.131148 0.159375 0.135831
0 1.0 0.280469 0.142857 0.032813 0.060890
0 1.0 0.292187 0.208431 0.062500 0.159251
0 1.0 0.369531 0.125293 0.204687 0.119438
0 1.0 0.401562 0.137002 0.246875 0.274005
0 1.0 0.495312 0.135831 0.075000 0.098361
0 1.0 0.478125 0.132319 0.159375 0.105386
0 1.0 0.499219 0.137002 0.239063 0.269321
0 1.0 0.504687 0.170960 0.084375 0.234192
0 1.0 0.481250 0.750585 0.643750 0.213115
0 1.0 0.608594 0.131148 0.185938 0.215457
0 1.0 0.666406 0.125293 0.273438 0.128806
0 1.0 0.767969 0.127635 0.192188 0.222482
0 1.0 0.821875 0.647541 0.356250 0.199063
0 1.0 0.169531 0.750585 0.339062 0.208431
0 1.0 0.865625 0.137002 0.234375 0.274005
0 1.0 0.848437 0.125293 0.103125 0.096019
0 1.0 0.898438 0.124122 0.203125 0.131148
0 1.0 0.635938 0.635831 0.575000 0.217799
0 1.0 0.413281 0.634660 0.567187 0.187354
0 1.0 0.443750 0.617096 0.200000 0.419204
0 1.0 0.967187 0.170960 0.050000 0.159251
0 1.0 0.053125 0.189696 0.071875 0.121780
0 1.0 0.037500 0.206089 0.075000 0.196721
0 1.0 0.078125 0.206089 0.103125 0.220141
0 1.0 0.119531 0.183841 0.148438 0.096019
0 1.0 0.140625 0.185012 0.246875 0.290398
0 1.0 0.349219 0.597190 0.264062 0.346604
0 1.0 0.135937 0.215457 0.096875 0.163934
0 1.0 0.134375 0.233021 0.050000 0.124122
0 1.0 0.203125 0.214286 0.018750 0.039813
0 1.0 0.181250 0.223653 0.087500 0.128806
0 1.0 0.233594 0.194379 0.214062 0.107728
0 1.0 0.194531 0.264637 0.039062 0.098361
0 1.0 0.243750 0.215457 0.125000 0.196721
0 1.0 0.775781 0.548009 0.448437 0.210773
0 1.0 0.653906 0.523419 0.267188 0.353630
0 1.0 0.753125 0.522248 0.218750 0.416862
0 1.0 0.322656 0.216628 0.029687 0.053864
0 1.0 0.289062 0.194379 0.265625 0.295082
0 1.0 0.314063 0.190867 0.156250 0.133489
0 1.0 0.289062 0.234192 0.121875 0.140515
0 1.0 0.288281 0.272834 0.073438 0.133489
0 1.0 0.364844 0.187354 0.064062 0.093677
0 1.0 0.341406 0.236534 0.117188 0.192037
0 1.0 0.394531 0.186183 0.154688 0.105386
0 1.0 0.399219 0.213115 0.135937 0.271663
0 1.0 0.179688 0.551522 0.359375 0.203747
0 1.0 0.685937 0.451991 0.528125 0.206089
0 1.0 0.489844 0.204918 0.039062 0.067916
0 1.0 0.445312 0.231850 0.100000 0.154567
0 1.0 0.509375 0.192037 0.071875 0.079625
0 1.0 0.446875 0.268150 0.043750 0.114754
0 1.0 0.508594 0.181499 0.273438 0.124122
0 1.0 0.503906 0.251756 0.054688 0.152225
0 1.0 0.555469 0.192037 0.126562 0.154567
0 1.0 0.547656 0.485948 0.210938 0.456674
0 1.0 0.300781 0.448478 0.464062 0.274005
0 1.0 0.179688 0.450820 0.359375 0.199063
0 1.0 0.556250 0.240047 0.062500 0.156909
0 1.0 0.604688 0.223653 0.050000 0.110070
0 1.0 0.664844 0.186183 0.157812 0.185012
0 1.0 0.657031 0.177986 0.239063 0.285714
0 1.0 0.667188 0.217799 0.068750 0.145199
0 1.0 0.669531 0.182670 0.289062 0.126464
0 1.0 0.714063 0.209602 0.093750 0.180328
0 1.0 0.770312 0.201405 0.103125 0.215457
0 1.0 0.777344 0.180328 0.289062 0.131148
0 1.0 0.816406 0.200234 0.110937 0.236534
0 1.0 0.434375 0.379391 0.271875 0.402810
0 1.0 0.501563 0.362998 0.718750 0.196721
0 1.0 0.653906 0.378220 0.257812 0.423888
0 1.0 0.235156 0.350117 0.470313 0.208431
0 1.0 0.832812 0.248244 0.334375 0.210773
0 1.0 0.873437 0.188525 0.131250 0.278689
0 1.0 0.892969 0.181499 0.214062 0.133489
0 1.0 0.950781 0.187354 0.098437 0.154567
0 1.0 0.959375 0.224824 0.068750 0.145199
0 1.0 0.028906 0.271663 0.057813 0.145199
0 1.0 0.064844 0.236534 0.129688 0.098361
0 1.0 0.097656 0.244731 0.195312 0.152225
0 1.0 0.083594 0.266979 0.060937 0.135831
0 1.0 0.346094 0.275176 0.223438 0.475410
0 1.0 0.528125 0.257611 0.609375 0.224824
0 1.0 0.549219 0.269321 0.207813 0.519906
0 1.0 0.219531 0.248244 0.439063 0.206089
0 1.0 0.144531 0.304450 0.039062 0.074941
0 1.0 0.137500 0.329040 0.037500 0.110070
0 1.0 0.188281 0.264637 0.164062 0.149883
0 1.0 0.192969 0.299766 0.070312 0.098361
0 1.0 0.217969 0.251756 0.310937 0.105386
0 1.0 0.195312 0.334895 0.031250 0.079625
0 1.0 0.243750 0.274005 0.078125 0.112412
0 1.0 0.276562 0.270492 0.050000 0.058548
0 1.0 0.292187 0.302108 0.121875 0.135831
0 1.0 0.292187 0.329040 0.065625 0.119438
0 1.0 0.341406 0.248244 0.267188 0.140515
0 1.0 0.339062 0.299766 0.106250 0.149883
0 1.0 0.342187 0.329040 0.062500 0.152225
0 1.0 0.393750 0.298595 0.081250 0.236534
0 1.0 0.430469 0.244731 0.270313 0.264637
0 1.0 0.486719 0.244731 0.085938 0.081967
0 1.0 0.460156 0.322014 0.057813 0.081967
0 1.0 0.453125 0.240047 0.346875 0.114754
0 1.0 0.457031 0.364169 0.023438 0.058548
0 1.0 0.497656 0.256440 0.173437 0.152225
0 1.0 0.507031 0.330211 0.039062 0.070258
0 1.0 0.562500 0.242389 0.190625 0.124122
0 1.0 0.555469 0.311475 0.042188 0.065574
0 1.0 0.553906 0.341920 0.039062 0.084309
0 1.0 0.609375 0.247073 0.237500 0.259953
0 1.0 0.613281 0.313817 0.023438 0.042155
0 1.0 0.610938 0.336066 0.037500 0.081967
0 1.0 0.666406 0.255269 0.170313 0.154567
0 1.0 0.679688 0.317330 0.028125 0.053864
0 1.0 0.669531 0.334895 0.039062 0.093677
0 1.0 0.714063 0.244731 0.234375 0.274005
0 1.0 0.723437 0.295082 0.037500 0.070258
0 1.0 0.715625 0.310304 0.056250 0.128806
0 1.0 0.769531 0.249415 0.167187 0.175644
0 1.0 0.782813 0.286885 0.040625 0.081967
0 1.0 0.772656 0.295082 0.070312 0.154567
0 1.0 0.829688 0.282201 0.043750 0.091335
0 1.0 0.821094 0.295082 0.070312 0.173302
0 1.0 0.832031 0.240047 0.129688 0.124122
0 1.0 0.880469 0.266979 0.057813 0.131148
0 1.0 0.875000 0.272834 0.087500 0.236534
0 1.0 0.905469 0.235363 0.189062 0.156909
0 1.0 0.917969 0.252927 0.117188 0.266979
0 1.0 0.957031 0.283372 0.054688 0.117096
0 1.0 0.056250 0.314988 0.056250 0.081967
0 1.0 0.039844 0.300937 0.079687 0.077283
0 1.0 0.039844 0.341920 0.026562 0.056206
0 1.0 0.034375 0.373536 0.025000 0.077283
0 1.0 0.097656 0.313817 0.089063 0.103044
0 1.0 0.095312 0.302108 0.190625 0.126464
0 1.0 0.085938 0.361827 0.012500 0.025761
0 1.0 0.942969 0.960187 0.114062 0.079625
0 1.0 0.972656 0.964871 0.051562 0.070258
0 1.0 0.079687 0.394614 0.028125 0.072600
0 1.0 0.155469 0.317330 0.089063 0.091335
0 1.0 0.147656 0.302108 0.251563 0.248244
0 1.0 0.154688 0.377049 0.018750 0.037471
0 1.0 0.142187 0.406323 0.031250 0.077283
0 1.0 0.226562 0.324356 0.025000 0.039813
0 1.0 0.203906 0.300937 0.289062 0.133489
0 1.0 0.192969 0.344262 0.070312 0.098361
0 1.0 0.280469 0.303279 0.085938 0.063232
0 1.0 0.195312 0.379391 0.037500 0.088993
0 1.0 0.269531 0.298595 0.242188 0.217799
0 1.0 0.878125 0.941452 0.153125 0.117096
0 1.0 0.861719 0.966042 0.064062 0.058548
0 1.0 0.707031 0.949649 0.220312 0.100703
0 1.0 0.734375 0.963700 0.115625 0.072600
0 1.0 0.768750 0.937939 0.112500 0.124122
0 1.0 0.790625 0.962529 0.118750 0.074941
0 1.0 0.821094 0.943794 0.101562 0.112412
0 1.0 0.604688 0.966042 0.081250 0.063232
0 1.0 0.554688 0.946136 0.078125 0.107728
0 1.0 0.611719 0.944965 0.148438 0.110070
0 1.0 0.644531 0.964871 0.098437 0.070258
0 1.0 0.694531 0.966042 0.079687 0.063232
0 1.0 0.464062 0.954333 0.118750 0.091335
0 1.0 0.460938 0.922717 0.221875 0.154567
0 1.0 0.515625 0.968384 0.053125 0.049180
0 1.0 0.507812 0.946136 0.146875 0.107728
0 1.0 0.563281 0.921546 0.217188 0.156909
0 1.0 0.303906 0.969555 0.051562 0.060890
0 1.0 0.292187 0.933255 0.118750 0.133489
0 1.0 0.356250 0.949649 0.118750 0.100703
0 1.0 0.357812 0.915691 0.218750 0.168618
0 1.0 0.350781 0.970726 0.051562 0.053864
0 1.0 0.404687 0.948478 0.121875 0.103044
0 1.0 0.190625 0.967213 0.084375 0.065574
0 1.0 0.135156 0.940281 0.079687 0.119438
0 1.0 0.196094 0.947307 0.217188 0.105386
0 1.0 0.239844 0.966042 0.095312 0.067916
0 1.0 0.053125 0.950820 0.106250 0.098361
0 1.0 0.066406 0.968384 0.060937 0.058548
0 1.0 0.103906 0.954333 0.157812 0.091335
0 1.0 0.872656 0.880562 0.117188 0.238876
0 1.0 0.920312 0.914520 0.140625 0.170960
0 1.0 0.710938 0.882904 0.115625 0.234192
0 1.0 0.814063 0.884075 0.112500 0.231850
0 1.0 0.607031 0.906323 0.098437 0.187354
0 1.0 0.664844 0.911007 0.173437 0.177986
0 1.0 0.442969 0.888759 0.101562 0.222482
0 1.0 0.500000 0.881733 0.115625 0.236534
0 1.0 0.550781 0.885246 0.117188 0.229508
0 1.0 0.275781 0.920375 0.289062 0.135831
0 1.0 0.341406 0.871194 0.117188 0.257611
0 1.0 0.393750 0.878220 0.118750 0.243560
0 1.0 0.194531 0.915691 0.114062 0.159251
0 1.0 0.235937 0.885246 0.125000 0.229508
0 1.0 0.066406 0.919204 0.132812 0.096019
0 1.0 0.032031 0.919204 0.064062 0.161593
0 1.0 0.085156 0.911007 0.154688 0.177986
0 1.0 0.134375 0.891101 0.134375 0.217799
0 1.0 0.814063 0.874707 0.159375 0.100703
0 1.0 0.879687 0.820843 0.078125 0.170960
0 1.0 0.889844 0.845433 0.220312 0.290398
0 1.0 0.881250 0.873536 0.237500 0.117096
0 1.0 0.919531 0.836066 0.089063 0.201405
0 1.0 0.959375 0.882904 0.053125 0.098361
0 1.0 0.776563 0.844262 0.065625 0.138173
0 1.0 0.768750 0.867681 0.315625 0.133489
0 1.0 0.825781 0.844262 0.064062 0.128806
0 1.0 0.860156 0.880562 0.073438 0.084309
0 1.0 0.617188 0.871194 0.237500 0.154567
0 1.0 0.613281 0.836066 0.045312 0.098361
0 1.0 0.671094 0.839578 0.054688 0.114754
0 1.0 0.720313 0.841920 0.062500 0.124122
0 1.0 0.464844 0.871194 0.217188 0.107728
0 1.0 0.446094 0.772834 0.032813 0.079625
0 1.0 0.499219 0.853630 0.260937 0.269321
0 1.0 0.509375 0.837237 0.062500 0.147541
0 1.0 0.558594 0.836066 0.073438 0.149883
0 1.0 0.341406 0.865340 0.282813 0.124122
0 1.0 0.343750 0.810304 0.065625 0.168618
0 1.0 0.392188 0.847775 0.265625 0.281030
0 1.0 0.447656 0.873536 0.079687 0.093677
0 1.0 0.398438 0.826698 0.068750 0.173302
0 1.0 0.500000 0.880562 0.062500 0.084309
0 1.0 0.445312 0.805621 0.071875 0.140515
0 1.0 0.193750 0.864169 0.259375 0.168618
0 1.0 0.184375 0.848946 0.125000 0.231850
0 1.0 0.188281 0.845433 0.060937 0.149883
0 1.0 0.246094 0.850117 0.251563 0.285714
0 1.0 0.253906 0.868852 0.114062 0.121780
0 1.0 0.303125 0.858314 0.121875 0.170960
0 1.0 0.293750 0.877049 0.034375 0.063232
0 1.0 0.292187 0.823185 0.056250 0.142857
0 1.0 0.061719 0.866511 0.123438 0.093677
0 1.0 0.032813 0.864169 0.050000 0.145199
0 1.0 0.111719 0.870023 0.117188 0.128806
0 1.0 0.080469 0.854801 0.095312 0.192037
0 1.0 0.132812 0.852459 0.234375 0.285714
0 1.0 0.867969 0.806792 0.264062 0.133489
0 1.0 0.953906 0.829040 0.092188 0.196721
0 1.0 0.780469 0.807963 0.264062 0.154567
0 1.0 0.769531 0.791569 0.154688 0.295082
0 1.0 0.847656 0.809133 0.082812 0.100703
0 1.0 0.620313 0.807963 0.340625 0.126464
0 1.0 0.606250 0.795082 0.121875 0.316159
0 1.0 0.665625 0.804450 0.200000 0.227166
0 1.0 0.509375 0.810304 0.193750 0.126464
0 1.0 0.499219 0.793911 0.145313 0.304450
0 1.0 0.559375 0.802108 0.196875 0.227166
0 1.0 0.335938 0.811475 0.271875 0.147541
0 1.0 0.399219 0.795082 0.151562 0.283372
0 1.0 0.453906 0.798595 0.185938 0.210773
0 1.0 0.502344 0.817330 0.064062 0.074941
0 1.0 0.208594 0.809133 0.317188 0.133489
0 1.0 0.293750 0.823185 0.046875 0.067916
0 1.0 0.292187 0.805621 0.128125 0.332553
0 1.0 0.113281 0.817330 0.123438 0.131148
0 1.0 0.916406 0.759953 0.139063 0.278689
0 1.0 0.923438 0.757611 0.153125 0.114754
0 1.0 0.962500 0.752927 0.059375 0.152225
0 1.0 0.056250 0.814988 0.112500 0.210773
0 1.0 0.043750 0.818501 0.068750 0.091335
0 1.0 0.781250 0.757611 0.346875 0.147541
0 1.0 0.768750 0.721311 0.103125 0.238876
0 1.0 0.824219 0.734192 0.142187 0.222482
0 1.0 0.841406 0.770492 0.085938 0.107728
0 1.0 0.875781 0.728337 0.117188 0.229508
0 1.0 0.666406 0.750585 0.301563 0.255269
0 1.0 0.670312 0.714286 0.121875 0.201405
0 1.0 0.719531 0.715457 0.129688 0.194379
0 1.0 0.521875 0.756440 0.184375 0.112412
0 1.0 0.494531 0.711944 0.110937 0.252927
0 1.0 0.560937 0.736534 0.275000 0.259953
0 1.0 0.553906 0.715457 0.135937 0.236534
0 1.0 0.603125 0.713115 0.103125 0.175644
0 1.0 0.623437 0.754098 0.346875 0.131148
0 1.0 0.338281 0.756440 0.323437 0.117096
0 1.0 0.337500 0.721311 0.109375 0.248244
0 1.0 0.393750 0.724824 0.284375 0.250585
0 1.0 0.455469 0.762295 0.064062 0.067916
0 1.0 0.399219 0.715457 0.117188 0.245902
0 1.0 0.503125 0.761124 0.056250 0.065574
0 1.0 0.451562 0.689696 0.093750 0.217799
0 1.0 0.287500 0.758782 0.093750 0.093677
0 1.0 0.244531 0.738876 0.139063 0.259953
0 1.0 0.296094 0.743560 0.167187 0.170960
0 1.0 0.296094 0.762295 0.042188 0.058548
0 1.0 0.121094 0.762295 0.101562 0.114754
0 1.0 0.081250 0.757611 0.134375 0.283372
0 1.0 0.121094 0.758782 0.242188 0.121780
0 1.0 0.163281 0.763466 0.104688 0.121780
0 1.0 0.132031 0.759953 0.142187 0.297424
0 1.0 0.183594 0.752927 0.114062 0.311475
0 1.0 0.867188 0.707260 0.265625 0.121780
0 1.0 0.952344 0.707260 0.095312 0.107728
0 1.0 0.048438 0.762295 0.065625 0.081967
0 1.0 0.066406 0.757611 0.132812 0.096019
0 1.0 0.854688 0.709602 0.037500 0.060890
0 1.0 0.783594 0.704918 0.120313 0.088993
0 1.0 0.677344 0.694379 0.201563 0.110070
0 1.0 0.773438 0.687354 0.196875 0.199063
0 1.0 0.517969 0.695550 0.304688 0.121780
0 1.0 0.454688 0.694379 0.062500 0.081967
0 1.0 0.494531 0.693208 0.064062 0.088993
0 1.0 0.314844 0.699063 0.070312 0.086651
0 1.0 0.285938 0.699063 0.306250 0.133489
0 1.0 0.295312 0.670960 0.131250 0.208431
0 1.0 0.125781 0.706089 0.251563 0.128806
0 1.0 0.184375 0.709602 0.065625 0.098361
0 1.0 0.941406 0.653396 0.117188 0.154567
0 1.0 0.953906 0.672131 0.067187 0.126464
0 1.0 0.055469 0.708431 0.110937 0.189696
0 1.0 0.058594 0.711944 0.054688 0.074941
0 1.0 0.062500 0.706089 0.125000 0.086651
0 1.0 0.134375 0.709602 0.078125 0.103044
0 1.0 0.812500 0.628806 0.109375 0.199063
0 1.0 0.821875 0.646370 0.040625 0.070258
0 1.0 0.872656 0.638173 0.123438 0.180328
0 1.0 0.758594 0.648712 0.079687 0.088993
0 1.0 0.870313 0.648712 0.259375 0.121780
0 1.0 0.921875 0.640515 0.115625 0.264637
0 1.0 0.675781 0.649883 0.357812 0.114754
0 1.0 0.724219 0.638173 0.167187 0.152225
0 1.0 0.776563 0.617096 0.090625 0.250585
0 1.0 0.539062 0.648712 0.200000 0.163934
0 1.0 0.592969 0.661593 0.082812 0.128806
0 1.0 0.697656 0.649883 0.129688 0.091335
0 1.0 0.408594 0.641686 0.157812 0.215457
0 1.0 0.479687 0.652225 0.090625 0.124122
0 1.0 0.238281 0.647541 0.110937 0.231850
0 1.0 0.283594 0.654567 0.042188 0.086651
0 1.0 0.228906 0.649883 0.273438 0.156909
0 1.0 0.341406 0.651054 0.295312 0.154567
0 1.0 0.152344 0.652225 0.129688 0.189696
0 1.0 0.214844 0.651054 0.035937 0.079625
0 1.0 0.187500 0.651054 0.143750 0.103044
0 1.0 0.194531 0.649883 0.095312 0.231850
0 1.0 0.192969 0.662763 0.048438 0.182670
0 1.0 0.325000 0.651054 0.059375 0.093677
0 1.0 0.950000 0.634660 0.050000 0.093677
0 1.0 0.937500 0.600703 0.125000 0.096019
0 1.0 0.086719 0.654567 0.029687 0.058548
0 1.0 0.035156 0.656909 0.070312 0.241218
0 1.0 0.065625 0.649883 0.128125 0.077283
0 1.0 0.086719 0.654567 0.173437 0.194379
0 1.0 0.169531 0.651054 0.032813 0.065574
0 1.0 0.860938 0.594848 0.196875 0.196721
0 1.0 0.793750 0.608899 0.037500 0.079625
0 1.0 0.730469 0.608899 0.051562 0.088993
0 1.0 0.724219 0.592506 0.260937 0.210773
0 1.0 0.771094 0.605386 0.076563 0.096019
0 1.0 0.721094 0.619438 0.067187 0.147541
0 1.0 0.785937 0.607728 0.062500 0.161593
0 1.0 0.551562 0.614754 0.321875 0.128806
0 1.0 0.557031 0.641686 0.089063 0.149883
0 1.0 0.599219 0.651054 0.051562 0.084309
0 1.0 0.678906 0.637002 0.057813 0.088993
0 1.0 0.406250 0.608899 0.328125 0.149883
0 1.0 0.398438 0.634660 0.081250 0.177986
0 1.0 0.502344 0.621780 0.045312 0.081967
0 1.0 0.486719 0.627635 0.151562 0.182670
0 1.0 0.237500 0.612412 0.034375 0.067916
0 1.0 0.179688 0.607728 0.240625 0.124122
0 1.0 0.295312 0.653396 0.062500 0.154567
0 1.0 0.328125 0.634660 0.115625 0.196721
0 1.0 0.278906 0.613583 0.298438 0.135831
0 1.0 0.457813 0.615925 0.046875 0.084309
0 1.0 0.222656 0.607728 0.032813 0.077283
0 1.0 0.156250 0.621780 0.071875 0.189696
0 1.0 0.214062 0.610070 0.087500 0.147541
0 1.0 0.247656 0.606557 0.079687 0.098361
0 1.0 0.295312 0.606557 0.040625 0.079625
0 1.0 0.954688 0.552693 0.090625 0.088993
0 1.0 0.960938 0.619438 0.031250 0.086651
0 1.0 0.050781 0.600703 0.101562 0.170960
0 1.0 0.086719 0.608899 0.023438 0.046838
0 1.0 0.061719 0.603044 0.123438 0.081967
0 1.0 0.170313 0.607728 0.028125 0.058548
0 1.0 0.071875 0.632319 0.081250 0.154567
0 1.0 0.836719 0.577283 0.039062 0.072600
0 1.0 0.870313 0.599532 0.056250 0.117096
0 1.0 0.792969 0.567916 0.035937 0.063232
0 1.0 0.911719 0.570258 0.157812 0.189696
0 1.0 0.802344 0.574941 0.157812 0.189696
0 1.0 0.806250 0.592506 0.062500 0.145199
0 1.0 0.808594 0.559719 0.323437 0.121780
0 1.0 0.557813 0.556206 0.340625 0.114754
0 1.0 0.603906 0.573770 0.189062 0.182670
0 1.0 0.606250 0.603044 0.037500 0.072600
0 1.0 0.681250 0.610070 0.040625 0.072600
0 1.0 0.510938 0.571429 0.050000 0.065574
0 1.0 0.471094 0.558548 0.220312 0.091335
0 1.0 0.452344 0.617096 0.067187 0.156909
0 1.0 0.487500 0.605386 0.078125 0.156909
0 1.0 0.260156 0.580796 0.029687 0.051522
0 1.0 0.198437 0.567916 0.228125 0.105386
0 1.0 0.313281 0.559719 0.192188 0.107728
0 1.0 0.331250 0.605386 0.062500 0.170960
0 1.0 0.467969 0.571429 0.057813 0.074941
0 1.0 0.152344 0.607728 0.032813 0.114754
0 1.0 0.200781 0.622951 0.032813 0.121780
0 1.0 0.250781 0.583138 0.182812 0.215457
0 1.0 0.294531 0.573770 0.060937 0.079625
0 1.0 0.058594 0.550351 0.029687 0.060890
0 1.0 0.027344 0.564403 0.054688 0.177986
0 1.0 0.042188 0.544496 0.084375 0.077283
0 1.0 0.082031 0.567916 0.157812 0.185012
0 1.0 0.132031 0.555035 0.057813 0.079625
0 1.0 0.125000 0.549180 0.171875 0.096019
0 1.0 0.070312 0.601874 0.040625 0.103044
0 1.0 0.154688 0.574941 0.134375 0.194379
0 1.0 0.839063 0.517564 0.056250 0.065574
0 1.0 0.875781 0.563232 0.045312 0.110070
0 1.0 0.814844 0.505855 0.020313 0.042155
0 1.0 0.910937 0.507026 0.178125 0.147541
0 1.0 0.916406 0.551522 0.076563 0.194379
0 1.0 0.953906 0.567916 0.042188 0.077283
0 1.0 0.972656 0.497658 0.054688 0.072600
0 1.0 0.964063 0.592506 0.028125 0.074941
0 1.0 0.734375 0.494145 0.321875 0.121780
0 1.0 0.846875 0.512881 0.221875 0.276347
0 1.0 0.612500 0.485948 0.278125 0.147541
0 1.0 0.604688 0.552693 0.053125 0.117096
0 1.0 0.671094 0.552693 0.051562 0.121780
0 1.0 0.720313 0.525761 0.203125 0.217799
0 1.0 0.726562 0.565574 0.046875 0.100703
0 1.0 0.471875 0.489461 0.190625 0.126464
0 1.0 0.441406 0.546838 0.123438 0.231850
0 1.0 0.499219 0.514052 0.185938 0.227166
0 1.0 0.497656 0.544496 0.089063 0.185012
0 1.0 0.524219 0.485948 0.176563 0.091335
0 1.0 0.551562 0.542155 0.109375 0.203747
0 1.0 0.203906 0.492974 0.217188 0.100703
0 1.0 0.342969 0.504684 0.157812 0.217799
0 1.0 0.290625 0.491803 0.159375 0.135831
0 1.0 0.402344 0.500000 0.160938 0.217799
0 1.0 0.403125 0.515222 0.290625 0.313817
0 1.0 0.204687 0.526932 0.078125 0.117096
0 1.0 0.268750 0.508197 0.234375 0.295082
0 1.0 0.232813 0.574941 0.050000 0.110070
0 1.0 0.298438 0.494145 0.106250 0.079625
0 1.0 0.235156 0.495316 0.082812 0.096019
0 1.0 0.063281 0.503513 0.029687 0.065574
0 1.0 0.050000 0.500000 0.087500 0.077283
0 1.0 0.016406 0.560890 0.032813 0.128806
0 1.0 0.123438 0.502342 0.071875 0.091335
0 1.0 0.077344 0.555035 0.054688 0.107728
0 1.0 0.157812 0.560890 0.037500 0.105386
0 1.0 0.836719 0.448478 0.014063 0.030445
0 1.0 0.929688 0.485948 0.053125 0.086651
0 1.0 0.898438 0.455504 0.203125 0.142857
0 1.0 0.954688 0.532787 0.028125 0.044496
0 1.0 0.935937 0.451991 0.050000 0.051522
0 1.0 0.964844 0.549180 0.017188 0.039813
0 1.0 0.063281 0.501171 0.126562 0.243560
0 1.0 0.767188 0.448478 0.271875 0.128806
0 1.0 0.782031 0.573770 0.045312 0.093677
0 1.0 0.818750 0.483607 0.121875 0.133489
0 1.0 0.834375 0.545667 0.025000 0.051522
0 1.0 0.823438 0.565574 0.050000 0.110070
0 1.0 0.876563 0.478923 0.109375 0.128806
0 1.0 0.889062 0.522248 0.018750 0.046838
0 1.0 0.614062 0.522248 0.031250 0.065574
0 1.0 0.632812 0.436768 0.184375 0.086651
0 1.0 0.664844 0.442623 0.289062 0.126464
0 1.0 0.675000 0.517564 0.034375 0.070258
0 1.0 0.717187 0.471897 0.150000 0.133489
0 1.0 0.725000 0.535129 0.021875 0.044496
0 1.0 0.711719 0.549180 0.045312 0.100703
0 1.0 0.528125 0.439110 0.028125 0.049180
0 1.0 0.436719 0.489461 0.042188 0.093677
0 1.0 0.504687 0.453162 0.128125 0.133489
0 1.0 0.487500 0.460187 0.300000 0.241218
0 1.0 0.507812 0.509368 0.043750 0.086651
0 1.0 0.562500 0.456674 0.118750 0.121780
0 1.0 0.559375 0.434426 0.293750 0.133489
0 1.0 0.546875 0.507026 0.046875 0.081967
0 1.0 0.373437 0.439110 0.056250 0.096019
0 1.0 0.342187 0.427400 0.115625 0.170960
0 1.0 0.300781 0.444965 0.029687 0.060890
0 1.0 0.342187 0.464871 0.062500 0.142857
0 1.0 0.410938 0.436768 0.093750 0.124122
0 1.0 0.421875 0.437939 0.346875 0.135831
0 1.0 0.388281 0.468384 0.064062 0.149883
0 1.0 0.493750 0.456674 0.053125 0.084309
0 1.0 0.277344 0.464871 0.029687 0.044496
0 1.0 0.196875 0.552693 0.021875 0.074941
0 1.0 0.243750 0.517564 0.031250 0.065574
0 1.0 0.332813 0.453162 0.037500 0.063232
0 1.0 0.236719 0.530445 0.048438 0.110070
0 1.0 0.291406 0.505855 0.048438 0.107728
0 1.0 0.109375 0.470726 0.012500 0.028103
0 1.0 0.010937 0.526932 0.021875 0.084309
0 1.0 0.106250 0.474239 0.106250 0.077283
0 1.0 0.102344 0.528103 0.017188 0.044496
0 1.0 0.153125 0.469555 0.015625 0.035129
0 1.0 0.089844 0.540984 0.023438 0.074941
0 1.0 0.171094 0.488290 0.042188 0.081967
0 1.0 0.149219 0.473068 0.176563 0.107728
0 1.0 0.164062 0.521077 0.018750 0.053864
0 1.0 0.215625 0.467213 0.021875 0.039813
0 1.0 0.157031 0.537471 0.020313 0.072600
0 1.0 0.232031 0.491803 0.026562 0.056206
0 1.0 0.923438 0.423888 0.087500 0.121780
0 1.0 0.889844 0.406323 0.220312 0.110070
0 1.0 0.918750 0.474239 0.062500 0.161593
0 1.0 0.964063 0.427400 0.071875 0.096019
0 1.0 0.931250 0.400468 0.137500 0.271663
0 1.0 0.950781 0.490632 0.026562 0.044496
0 1.0 0.960938 0.518735 0.018750 0.049180
0 1.0 0.086719 0.478923 0.026562 0.039813
0 1.0 0.796875 0.505855 0.015625 0.032787
0 1.0 0.761719 0.403981 0.310937 0.110070
0 1.0 0.777344 0.502342 0.048438 0.100703
0 1.0 0.814844 0.420375 0.151562 0.142857
0 1.0 0.794531 0.414520 0.270313 0.271663
0 1.0 0.839844 0.497658 0.017188 0.044496
0 1.0 0.827344 0.489461 0.048438 0.117096
0 1.0 0.876563 0.420375 0.109375 0.124122
0 1.0 0.888281 0.484778 0.017188 0.051522
0 1.0 0.873437 0.481265 0.050000 0.138173
0 1.0 0.611719 0.462529 0.045312 0.110070
0 1.0 0.681250 0.467213 0.021875 0.053864
0 1.0 0.667188 0.466042 0.050000 0.112412
0 1.0 0.730469 0.480094 0.017188 0.042155
0 1.0 0.714063 0.477752 0.053125 0.112412
0 1.0 0.514062 0.460187 0.031250 0.077283
0 1.0 0.503906 0.459016 0.051562 0.131148
0 1.0 0.551562 0.464871 0.037500 0.072600
0 1.0 0.607031 0.400468 0.285938 0.229508
0 1.0 0.619531 0.470726 0.020313 0.051522
0 1.0 0.331250 0.400468 0.262500 0.206089
0 1.0 0.385156 0.408665 0.132812 0.161593
0 1.0 0.470313 0.413349 0.087500 0.119438
0 1.0 0.452344 0.408665 0.204687 0.166276
0 1.0 0.277344 0.407494 0.082812 0.088993
0 1.0 0.190625 0.474239 0.034375 0.119438
0 1.0 0.249219 0.464871 0.023438 0.049180
0 1.0 0.234375 0.459016 0.059375 0.117096
0 1.0 0.301563 0.403981 0.128125 0.185012
0 1.0 0.101562 0.436768 0.065625 0.100703
0 1.0 0.092188 0.398126 0.184375 0.266979
0 1.0 0.119531 0.416862 0.060937 0.084309
0 1.0 0.099219 0.492974 0.010937 0.035129
0 1.0 0.153906 0.427400 0.073438 0.119438
0 1.0 0.150781 0.413349 0.164062 0.128806
0 1.0 0.162500 0.480094 0.012500 0.046838
0 1.0 0.186719 0.407494 0.089063 0.079625
0 1.0 0.151562 0.487119 0.028125 0.098361
0 1.0 0.225000 0.422717 0.043750 0.091335
0 1.0 0.907813 0.351288 0.184375 0.112412
0 1.0 0.919531 0.441452 0.042188 0.114754
0 1.0 0.963281 0.374707 0.073438 0.103044
0 1.0 0.946094 0.433255 0.026562 0.046838
0 1.0 0.959375 0.453162 0.015625 0.035129
0 1.0 0.052344 0.444965 0.048438 0.070258
0 1.0 0.103906 0.427400 0.020313 0.044496
0 1.0 0.023438 0.492974 0.021875 0.049180
0 1.0 0.091406 0.413349 0.095312 0.067916
0 1.0 0.018750 0.509368 0.025000 0.072600
0 1.0 0.768750 0.353630 0.268750 0.107728
0 1.0 0.781250 0.430913 0.037500 0.088993
0 1.0 0.816406 0.370023 0.139063 0.126464
0 1.0 0.840625 0.429742 0.021875 0.044496
0 1.0 0.830469 0.434426 0.035937 0.091335
0 1.0 0.860938 0.340749 0.237500 0.269321
0 1.0 0.878906 0.430913 0.023438 0.056206
0 1.0 0.872656 0.434426 0.039062 0.105386
0 1.0 0.925781 0.373536 0.076563 0.105386
0 1.0 0.667969 0.373536 0.135937 0.128806
0 1.0 0.685156 0.427400 0.023438 0.049180
0 1.0 0.666406 0.357143 0.282813 0.100703
0 1.0 0.671875 0.436768 0.034375 0.091335
0 1.0 0.710156 0.340749 0.270313 0.250585
0 1.0 0.728906 0.425059 0.023438 0.049180
0 1.0 0.716406 0.432084 0.035937 0.096019
0 1.0 0.797656 0.429742 0.017188 0.039813
0 1.0 0.494531 0.364169 0.220312 0.110070
0 1.0 0.510156 0.420375 0.035937 0.072600
0 1.0 0.564844 0.381733 0.104688 0.103044
0 1.0 0.549219 0.345433 0.270313 0.245902
0 1.0 0.553125 0.421546 0.037500 0.070258
0 1.0 0.631250 0.437939 0.018750 0.042155
0 1.0 0.346875 0.408665 0.056250 0.142857
0 1.0 0.390625 0.345433 0.371875 0.152225
0 1.0 0.485938 0.392272 0.037500 0.067916
0 1.0 0.437500 0.384075 0.100000 0.140515
0 1.0 0.442188 0.409836 0.021875 0.051522
0 1.0 0.277344 0.357143 0.167187 0.170960
0 1.0 0.257812 0.407494 0.034375 0.074941
0 1.0 0.245312 0.416862 0.053125 0.121780
0 1.0 0.329688 0.377049 0.071875 0.131148
0 1.0 0.304688 0.421546 0.046875 0.112412
0 1.0 0.103906 0.353630 0.160938 0.131148
0 1.0 0.108594 0.453162 0.010937 0.030445
0 1.0 0.146875 0.347775 0.040625 0.058548
0 1.0 0.097656 0.473068 0.017188 0.051522
0 1.0 0.155469 0.375878 0.054688 0.086651
0 1.0 0.156250 0.437939 0.015625 0.042155
0 1.0 0.196875 0.343091 0.159375 0.096019
0 1.0 0.149219 0.466042 0.017188 0.056206
0 1.0 0.226562 0.373536 0.028125 0.063232
0 1.0 0.283594 0.345433 0.139063 0.086651
0 1.0 0.200000 0.444965 0.018750 0.065574
0 1.0 0.893750 0.291569 0.212500 0.119438
0 1.0 0.971094 0.306792 0.057813 0.098361
0 1.0 0.953125 0.354801 0.028125 0.049180
0 1.0 0.959375 0.387588 0.025000 0.063232
0 1.0 0.064844 0.382904 0.051562 0.072600
0 1.0 0.023438 0.433255 0.021875 0.046838
0 1.0 0.091406 0.351288 0.073438 0.065574
0 1.0 0.021875 0.453162 0.012500 0.035129
0 1.0 0.825781 0.314988 0.126562 0.114754
0 1.0 0.817187 0.299766 0.253125 0.145199
0 1.0 0.840625 0.380562 0.018750 0.030445
0 1.0 0.826562 0.394614 0.050000 0.091335
0 1.0 0.882031 0.367681 0.020313 0.037471
0 1.0 0.848437 0.296253 0.090625 0.072600
0 1.0 0.871875 0.382904 0.053125 0.105386
0 1.0 0.935156 0.300937 0.082812 0.114754
0 1.0 0.917969 0.337237 0.067187 0.112412
0 1.0 0.662500 0.303279 0.253125 0.128806
0 1.0 0.685937 0.395785 0.015625 0.028103
0 1.0 0.670312 0.402810 0.040625 0.074941
0 1.0 0.722656 0.319672 0.114062 0.105386
0 1.0 0.728906 0.380562 0.017188 0.030445
0 1.0 0.734375 0.295082 0.228125 0.103044
0 1.0 0.713281 0.394614 0.048438 0.091335
0 1.0 0.796875 0.382904 0.015625 0.025761
0 1.0 0.779687 0.391101 0.046875 0.084309
0 1.0 0.502344 0.296253 0.254688 0.096019
0 1.0 0.503125 0.400468 0.043750 0.084309
0 1.0 0.570312 0.330211 0.062500 0.065574
0 1.0 0.559375 0.385246 0.025000 0.039813
0 1.0 0.579688 0.299766 0.184375 0.084309
0 1.0 0.551562 0.394614 0.043750 0.077283
0 1.0 0.621094 0.317330 0.104688 0.096019
0 1.0 0.614844 0.387588 0.014063 0.025761
0 1.0 0.607812 0.396956 0.037500 0.072600
0 1.0 0.670312 0.320843 0.125000 0.107728
0 1.0 0.406250 0.318501 0.143750 0.135831
0 1.0 0.387500 0.291569 0.365625 0.119438
0 1.0 0.395313 0.366511 0.071875 0.128806
0 1.0 0.509375 0.351288 0.018750 0.032787
0 1.0 0.465625 0.365340 0.059375 0.074941
0 1.0 0.517969 0.306792 0.029687 0.042155
0 1.0 0.458594 0.403981 0.029687 0.058548
0 1.0 0.508594 0.327869 0.095312 0.093677
0 1.0 0.510156 0.392272 0.023438 0.039813
0 1.0 0.253906 0.344262 0.029687 0.046838
0 1.0 0.242188 0.357143 0.071875 0.124122
0 1.0 0.329688 0.330211 0.040625 0.060890
0 1.0 0.363281 0.326698 0.048438 0.072600
0 1.0 0.385156 0.303279 0.107813 0.081967
0 1.0 0.062500 0.026932 0.059375 0.053864
0 1.0 0.101562 0.037471 0.109375 0.074941
0 1.0 0.079687 0.065574 0.068750 0.098361
0 1.0 0.139844 0.058548 0.070312 0.112412
0 1.0 0.152344 0.030445 0.114062 0.060890
0 1.0 0.753906 0.276347 0.210938 0.548009
0 1.0 0.761719 0.752927 0.282813 0.409836
0 1.0 0.838281 0.658080 0.232813 0.430913
0 1.0 0.353125 0.749415 0.218750 0.501171
0 1.0 0.547656 0.747073 0.210938 0.505855
0 1.0 0.105469 0.648712 0.210938 0.351288
0 1.0 0.146875 0.538642 0.200000 0.557377
0 1.0 0.650781 0.749415 0.210938 0.491803
0 1.0 0.745313 0.182670 0.390625 0.365340
0 1.0 0.332031 0.674473 0.664062 0.651054
0 1.0 0.686719 0.498829 0.392188 0.548009
0 1.0 0.915625 0.261124 0.168750 0.489461
0 1.0 0.846094 0.353630 0.192188 0.566745
0 1.0 0.914844 0.549180 0.170313 0.456674
0 1.0 0.071875 0.348946 0.143750 0.566745
0 1.0 0.821875 0.488290 0.356250 0.929742
0 1.0 0.196875 0.286885 0.393750 0.573770
0 1.0 0.167969 0.686183 0.335938 0.524590
0 1.0 0.500000 0.504684 1.000000 0.592506