0 1.0 0.425388 0.560937 0.792636 0.821875
0 1.0 0.770349 0.640625 0.331395 0.568750
0 1.0 0.934109 0.604688 0.131783 0.143750
0 1.0 0.954457 0.622656 0.063953 0.160938
0 1.0 0.288760 0.661719 0.089147 0.107813
0 1.0 0.921512 0.581250 0.156977 0.306250
0 1.0 0.502907 0.659375 0.184109 0.243750
0 1.0 0.424419 0.655469 0.139535 0.101562
0 1.0 0.439922 0.639844 0.139535 0.332813
0 1.0 0.126938 0.675000 0.137597 0.331250
0 1.0 0.151163 0.660937 0.186047 0.156250
0 1.0 0.069767 0.682031 0.131783 0.364063
0 1.0 0.348837 0.628906 0.127907 0.357812
0 1.0 0.346899 0.657031 0.108527 0.123438
0 1.0 0.289729 0.641406 0.094961 0.332813
0 1.0 0.035853 0.682031 0.071705 0.310937
0 1.0 0.047481 0.653125 0.094961 0.093750
0 1.0 0.732558 0.599219 0.104651 0.117188
0 1.0 0.714147 0.585156 0.215116 0.301563
0 1.0 0.651163 0.598437 0.306202 0.134375
0 1.0 0.675388 0.598437 0.114341 0.125000
0 1.0 0.185078 0.682031 0.122093 0.339062
0 1.0 0.848837 0.578906 0.228682 0.348438
0 1.0 0.830426 0.601562 0.304264 0.159375
0 1.0 0.659884 0.657031 0.312016 0.129688
0 1.0 0.672481 0.652344 0.143411 0.351562
0 1.0 0.281977 0.652344 0.238372 0.360938
0 1.0 0.844961 0.657813 0.093023 0.087500
0 1.0 0.553295 0.651563 0.133721 0.315625
0 1.0 0.554264 0.667188 0.135659 0.137500
0 1.0 0.559109 0.633594 0.265504 0.360938
0 1.0 0.808140 0.647656 0.135659 0.373437
0 1.0 0.830426 0.660156 0.300388 0.145313
0 1.0 0.062984 0.706250 0.125969 0.100000
0 1.0 0.946705 0.656250 0.106589 0.103125
0 1.0 0.607558 0.653906 0.098837 0.357812
0 1.0 0.236434 0.659375 0.197674 0.115625
0 1.0 0.101744 0.596875 0.110465 0.112500
0 1.0 0.040698 0.601562 0.081395 0.084375
0 1.0 0.706395 0.548438 0.114341 0.275000
0 1.0 0.740310 0.546094 0.310078 0.148438
0 1.0 0.217054 0.588281 0.275194 0.360938
0 1.0 0.174419 0.603125 0.193798 0.121875
0 1.0 0.842054 0.554688 0.114341 0.131250
0 1.0 0.775194 0.533594 0.147287 0.257812
0 1.0 0.433140 0.536719 0.102713 0.282813
0 1.0 0.469961 0.530469 0.281008 0.342187
0 1.0 0.377907 0.557031 0.178295 0.114062
0 1.0 0.388566 0.535937 0.110465 0.309375
0 1.0 0.652132 0.543750 0.215116 0.178125
0 1.0 0.611434 0.539062 0.083333 0.240625
0 1.0 0.898256 0.550000 0.187984 0.131250
0 1.0 0.598837 0.542188 0.251938 0.284375
0 1.0 0.548450 0.533594 0.093023 0.273438
0 1.0 0.558140 0.546875 0.298450 0.146875
0 1.0 0.362403 0.600000 0.131783 0.087500
0 1.0 0.848837 0.607812 0.089147 0.084375
0 1.0 0.536822 0.600000 0.220930 0.128125
0 1.0 0.142442 0.709375 0.284884 0.140625
0 1.0 0.495155 0.589063 0.106589 0.346875
0 1.0 0.468023 0.604688 0.149225 0.109375
0 1.0 0.793605 0.599219 0.153101 0.126562
0 1.0 0.134690 0.595313 0.195736 0.240625
0 1.0 0.273256 0.605469 0.135659 0.098437
0 1.0 0.051357 0.600781 0.102713 0.176563
0 1.0 0.955426 0.585938 0.042636 0.131250
0 1.0 0.306202 0.609375 0.058140 0.087500
0 1.0 0.237403 0.607812 0.122093 0.315625
0 1.0 0.219961 0.603125 0.118217 0.093750
0 1.0 0.411822 0.605469 0.106589 0.085938
0 1.0 0.675388 0.766406 0.184109 0.157812
0 1.0 0.665698 0.771875 0.242248 0.381250
0 1.0 0.844961 0.771094 0.096899 0.117188
0 1.0 0.855620 0.740625 0.261628 0.409375
0 1.0 0.823643 0.760938 0.294574 0.140625
0 1.0 0.504845 0.768750 0.141473 0.359375
0 1.0 0.124031 0.820312 0.182171 0.271875
0 1.0 0.101744 0.816406 0.203488 0.117188
0 1.0 0.817829 0.751563 0.189922 0.253125
0 1.0 0.763566 0.756250 0.135659 0.393750
0 1.0 0.941860 0.764062 0.116279 0.200000
0 1.0 0.057171 0.818750 0.114341 0.253125
0 1.0 0.341085 0.770312 0.166667 0.143750
0 1.0 0.336240 0.760156 0.250000 0.373437
0 1.0 0.613372 0.771094 0.176357 0.248438
0 1.0 0.561047 0.760938 0.277132 0.131250
0 1.0 0.556202 0.767188 0.147287 0.315625
0 1.0 0.234496 0.767969 0.162791 0.332813
0 1.0 0.240310 0.767188 0.158915 0.146875
0 1.0 0.446705 0.764844 0.238372 0.126562
0 1.0 0.401163 0.762500 0.174419 0.240625
0 1.0 0.281008 0.814844 0.131783 0.323437
0 1.0 0.218992 0.821875 0.259690 0.131250
0 1.0 0.563953 0.814844 0.294574 0.132812
0 1.0 0.184109 0.808594 0.135659 0.351562
0 1.0 0.444767 0.811719 0.149225 0.339062
0 1.0 0.468992 0.819531 0.224806 0.123438
0 1.0 0.715116 0.821094 0.240310 0.182812
0 1.0 0.337209 0.802344 0.127907 0.339062
0 1.0 0.331395 0.821094 0.224806 0.123438
0 1.0 0.053295 0.821094 0.056202 0.089063
0 1.0 0.331395 0.710156 0.127907 0.129688
0 1.0 0.563953 0.710156 0.279070 0.135937
0 1.0 0.243217 0.710156 0.133721 0.135937
0 1.0 0.497093 0.725781 0.265504 0.354687
0 1.0 0.730620 0.710938 0.174419 0.146875
0 1.0 0.390504 0.714063 0.102713 0.115625
0 1.0 0.265504 0.714844 0.077519 0.098437
0 1.0 0.448643 0.716406 0.110465 0.129688
0 1.0 0.123062 0.719531 0.246124 0.395313
0 1.0 0.915698 0.707031 0.125969 0.454688
0 1.0 0.912791 0.718750 0.147287 0.134375
0 1.0 0.133721 0.761719 0.263566 0.132812
0 1.0 0.055233 0.761719 0.110465 0.095312
0 1.0 0.820736 0.717187 0.164729 0.112500
0 1.0 0.963178 0.710156 0.054264 0.245312
0 1.0 0.948643 0.360938 0.102713 0.146875
0 1.0 0.916667 0.388281 0.112403 0.317188
0 1.0 0.887597 0.345313 0.224806 0.121875
0 1.0 0.873062 0.438281 0.091085 0.142187
0 1.0 0.135659 0.385156 0.124031 0.264062
0 1.0 0.143411 0.389844 0.197674 0.107813
0 1.0 0.140504 0.379688 0.242248 0.318750
0 1.0 0.814922 0.420312 0.056202 0.071875
0 1.0 0.844961 0.354687 0.143411 0.081250
0 1.0 0.377907 0.397656 0.093023 0.092188
0 1.0 0.065891 0.396875 0.096899 0.259375
0 1.0 0.031008 0.415625 0.062016 0.250000
0 1.0 0.039729 0.393750 0.079457 0.090625
0 1.0 0.281977 0.378906 0.094961 0.273438
0 1.0 0.290698 0.407813 0.046512 0.062500
0 1.0 0.283915 0.365625 0.226744 0.375000
0 1.0 0.310078 0.389844 0.081395 0.160938
0 1.0 0.229651 0.394531 0.102713 0.264062
0 1.0 0.229651 0.400781 0.172481 0.110937
0 1.0 0.602713 0.397656 0.065891 0.123438
0 1.0 0.628876 0.349219 0.288760 0.135937
0 1.0 0.860465 0.369531 0.248062 0.289062
0 1.0 0.570736 0.333594 0.226744 0.260937
0 1.0 0.569767 0.355469 0.143411 0.167187
0 1.0 0.506783 0.338281 0.079457 0.198437
0 1.0 0.766473 0.428906 0.071705 0.110937
0 1.0 0.775194 0.352344 0.333333 0.114062
0 1.0 0.767442 0.384375 0.186047 0.153125
0 1.0 0.958333 0.400781 0.040698 0.123438
0 1.0 0.664729 0.419531 0.069767 0.110937
0 1.0 0.620155 0.388281 0.170543 0.170313
0 1.0 0.868217 0.417187 0.166667 0.156250
0 1.0 0.813953 0.446875 0.108527 0.187500
0 1.0 0.817829 0.450000 0.069767 0.106250
0 1.0 0.396318 0.376563 0.125969 0.293750
0 1.0 0.536822 0.392969 0.170543 0.101562
0 1.0 0.443798 0.400781 0.081395 0.264062
0 1.0 0.781008 0.417187 0.290698 0.225000
0 1.0 0.716085 0.447656 0.087209 0.135937
0 1.0 0.956395 0.450000 0.056202 0.196875
0 1.0 0.922481 0.396875 0.155039 0.109375
0 1.0 0.697674 0.406250 0.151163 0.100000
0 1.0 0.647287 0.393750 0.151163 0.093750
0 1.0 0.185078 0.378125 0.122093 0.278125
0 1.0 0.492248 0.401562 0.073643 0.084375
0 1.0 0.450581 0.351562 0.238372 0.346875
0 1.0 0.462209 0.389844 0.094961 0.167187
0 1.0 0.725775 0.447656 0.056202 0.076563
0 1.0 0.315891 0.396875 0.151163 0.090625
0 1.0 0.339147 0.383594 0.120155 0.289062
0 1.0 0.269380 0.403125 0.116279 0.084375
0 1.0 0.670543 0.346875 0.042636 0.056250
0 1.0 0.666667 0.301563 0.298450 0.125000
0 1.0 0.654070 0.304688 0.281008 0.265625
0 1.0 0.668605 0.325000 0.139535 0.115625
0 1.0 0.592054 0.366406 0.063953 0.120313
0 1.0 0.638566 0.297656 0.125969 0.079687
0 1.0 0.879845 0.366406 0.073643 0.123438
0 1.0 0.842054 0.292969 0.060078 0.051562
0 1.0 0.883721 0.307031 0.143411 0.126562
0 1.0 0.576550 0.305469 0.164729 0.120313
0 1.0 0.890504 0.347656 0.036822 0.051562
0 1.0 0.830426 0.357812 0.029070 0.034375
0 1.0 0.814922 0.296094 0.250000 0.117188
0 1.0 0.829457 0.318750 0.127907 0.096875
0 1.0 0.769380 0.392188 0.065891 0.087500
0 1.0 0.780039 0.367188 0.032946 0.034375
0 1.0 0.043605 0.342969 0.087209 0.120313
0 1.0 0.069767 0.327344 0.139535 0.270313
0 1.0 0.959302 0.351562 0.046512 0.137500
0 1.0 0.959302 0.290625 0.081395 0.090625
0 1.0 0.721899 0.329688 0.129845 0.096875
0 1.0 0.660853 0.366406 0.073643 0.117188
0 1.0 0.592054 0.362500 0.044574 0.075000
0 1.0 0.611434 0.332031 0.133721 0.129688
0 1.0 0.158915 0.030469 0.139535 0.060937
0 1.0 0.616279 0.691406 0.767442 0.598437
0 1.0 0.555233 0.296094 0.091085 0.076563
0 1.0 0.137597 0.053906 0.085271 0.107813
0 1.0 0.134690 0.082812 0.238372 0.165625
0 1.0 0.074612 0.071094 0.083333 0.142187
0 1.0 0.510659 0.274219 0.222868 0.285938
0 1.0 0.764535 0.314063 0.281008 0.256250
0 1.0 0.771318 0.326562 0.124031 0.093750
0 1.0 0.718992 0.389062 0.062016 0.081250
0 1.0 0.727713 0.292969 0.242248 0.076563
0 1.0 0.095930 0.038281 0.168605 0.076563
0 1.0 0.025194 0.060156 0.046512 0.101562
0 1.0 0.060078 0.027344 0.081395 0.054688
0 1.0 0.730620 0.367969 0.031008 0.035937
0 1.0 0.557171 0.372656 0.071705 0.154688
0 1.0 0.235465 0.346094 0.149225 0.120313
0 1.0 0.235465 0.351562 0.071705 0.159375
0 1.0 0.210271 0.325000 0.230620 0.312500
0 1.0 0.454457 0.323437 0.118217 0.228125
0 1.0 0.497093 0.348438 0.083333 0.096875
0 1.0 0.450581 0.313281 0.056202 0.145313
0 1.0 0.493217 0.346875 0.180233 0.106250
0 1.0 0.408915 0.335938 0.120155 0.115625
0 1.0 0.383721 0.296875 0.255814 0.346875
0 1.0 0.334302 0.310156 0.094961 0.207813
0 1.0 0.324612 0.338281 0.083333 0.085938
0 1.0 0.934109 0.293750 0.131783 0.134375
0 1.0 0.928295 0.292969 0.143411 0.285938
0 1.0 0.146318 0.339062 0.265504 0.140625
0 1.0 0.817829 0.378906 0.065891 0.089063
0 1.0 0.281008 0.300781 0.054264 0.120313
0 1.0 0.271318 0.347656 0.065891 0.089063
0 1.0 0.799419 0.489063 0.304264 0.159375
0 1.0 0.434109 0.480469 0.062016 0.220312
0 1.0 0.439922 0.501563 0.189922 0.128125
0 1.0 0.383721 0.504687 0.127907 0.103125
0 1.0 0.669574 0.517969 0.094961 0.235937
0 1.0 0.662791 0.492969 0.310078 0.126562
0 1.0 0.944767 0.511719 0.110465 0.182812
0 1.0 0.180233 0.494531 0.135659 0.245312
0 1.0 0.132752 0.508594 0.106589 0.254688
0 1.0 0.129845 0.500781 0.217054 0.126562
0 1.0 0.393411 0.454688 0.248062 0.381250
0 1.0 0.312984 0.501563 0.133721 0.106250
0 1.0 0.347868 0.493750 0.153101 0.253125
0 1.0 0.294574 0.486719 0.058140 0.223438
0 1.0 0.493217 0.455469 0.079457 0.273438
0 1.0 0.516473 0.503125 0.207364 0.168750
0 1.0 0.034884 0.551562 0.069767 0.103125
0 1.0 0.288760 0.553906 0.131783 0.107813
0 1.0 0.235465 0.549219 0.122093 0.107813
0 1.0 0.100775 0.546094 0.201550 0.117188
0 1.0 0.183140 0.546875 0.211240 0.178125
0 1.0 0.512597 0.448437 0.137597 0.125000
0 1.0 0.247093 0.448437 0.094961 0.159375
0 1.0 0.190891 0.440625 0.083333 0.209375
0 1.0 0.184109 0.452344 0.050388 0.067187
0 1.0 0.150194 0.448437 0.218992 0.146875
0 1.0 0.028101 0.527344 0.056202 0.229687
0 1.0 0.362403 0.455469 0.077519 0.076563
0 1.0 0.406008 0.457031 0.071705 0.164062
0 1.0 0.677326 0.464844 0.075581 0.123438
0 1.0 0.287791 0.460156 0.114341 0.107813
0 1.0 0.530039 0.445312 0.071705 0.078125
0 1.0 0.553295 0.426563 0.102713 0.215625
0 1.0 0.587209 0.447656 0.127907 0.110937
0 1.0 0.559109 0.442188 0.242248 0.306250
0 1.0 0.360465 0.457031 0.089147 0.173437
0 1.0 0.826550 0.407813 0.114341 0.090625
0 1.0 0.296512 0.457813 0.023256 0.046875
0 1.0 0.131783 0.447656 0.085271 0.070312
0 1.0 0.765504 0.437500 0.104651 0.175000
0 1.0 0.056202 0.446094 0.058140 0.054688
0 1.0 0.043605 0.446094 0.087209 0.095312
0 1.0 0.320736 0.455469 0.056202 0.120313
0 1.0 0.254845 0.453125 0.040698 0.065625
0 1.0 0.210271 0.432031 0.269380 0.354687
0 1.0 0.147287 0.501563 0.271318 0.328125
0 1.0 0.072674 0.524219 0.110465 0.295312
0 1.0 0.055233 0.498437 0.110465 0.087500
0 1.0 0.927326 0.446875 0.145349 0.093750
0 1.0 0.795543 0.449219 0.071705 0.076563
0 1.0 0.238372 0.496875 0.189922 0.159375
0 1.0 0.889535 0.484375 0.201550 0.281250
0 1.0 0.251938 0.497656 0.108527 0.101562
0 1.0 0.805233 0.444531 0.187984 0.104688
0 1.0 0.468023 0.452344 0.029070 0.054688
0 1.0 0.438953 0.457031 0.102713 0.107813
0 1.0 0.466085 0.455469 0.063953 0.148438
0 1.0 0.612403 0.443750 0.073643 0.171875
0 1.0 0.651163 0.446875 0.116279 0.078125
0 1.0 0.610465 0.447656 0.058140 0.067187
0 1.0 0.456395 0.137500 0.149225 0.103125
0 1.0 0.659884 0.645312 0.536822 0.253125
0 1.0 0.659884 0.150781 0.118217 0.220312
0 1.0 0.658915 0.128906 0.267442 0.157812
0 1.0 0.603682 0.141406 0.110465 0.223438
0 1.0 0.611434 0.145313 0.261628 0.290625
0 1.0 0.553295 0.166406 0.122093 0.332813
0 1.0 0.570736 0.128906 0.288760 0.126562
0 1.0 0.331395 0.146094 0.155039 0.189062
0 1.0 0.350775 0.142969 0.259690 0.260937
0 1.0 0.286822 0.175000 0.077519 0.165625
0 1.0 0.450581 0.138281 0.133721 0.232813
0 1.0 0.497093 0.153906 0.110465 0.307812
0 1.0 0.814922 0.137500 0.250000 0.275000
0 1.0 0.762597 0.146094 0.114341 0.289062
0 1.0 0.758721 0.124219 0.284884 0.123438
0 1.0 0.957364 0.158594 0.081395 0.167187
0 1.0 0.930233 0.138281 0.139535 0.260937
0 1.0 0.897287 0.123438 0.205426 0.131250
0 1.0 0.715116 0.153125 0.116279 0.259375
0 1.0 0.882752 0.143750 0.098837 0.228125
0 1.0 0.816860 0.149219 0.094961 0.289062
0 1.0 0.034884 0.146875 0.069767 0.259375
0 1.0 0.063953 0.126562 0.127907 0.103125
0 1.0 0.073643 0.135156 0.147287 0.270313
0 1.0 0.950581 0.076563 0.098837 0.103125
0 1.0 0.353682 0.135156 0.246124 0.095312
0 1.0 0.180233 0.133594 0.232558 0.160938
0 1.0 0.132752 0.152344 0.110465 0.304688
0 1.0 0.857558 0.078125 0.133721 0.093750
0 1.0 0.817829 0.075000 0.263566 0.121875
0 1.0 0.370155 0.832812 0.538760 0.218750
0 1.0 0.241279 0.153906 0.091085 0.189062
0 1.0 0.258721 0.136719 0.137597 0.107813
0 1.0 0.228682 0.132812 0.248062 0.265625
0 1.0 0.186047 0.164844 0.089147 0.254688
0 1.0 0.532946 0.763281 0.558140 0.260937
0 1.0 0.314922 0.143750 0.060078 0.056250
0 1.0 0.511628 0.185938 0.267442 0.115625
0 1.0 0.703488 0.178906 0.310078 0.126562
0 1.0 0.069767 0.481250 0.139535 0.693750
0 1.0 0.402132 0.214844 0.149225 0.279687
0 1.0 0.383721 0.190625 0.279070 0.128125
0 1.0 0.670543 0.461719 0.527132 0.223438
0 1.0 0.603682 0.211719 0.087209 0.167187
0 1.0 0.906008 0.180469 0.187984 0.126562
0 1.0 0.554264 0.337500 0.527132 0.243750
0 1.0 0.864341 0.179688 0.112403 0.084375
0 1.0 0.809109 0.363281 0.304264 0.467187
0 1.0 0.208333 0.184375 0.176357 0.118750
0 1.0 0.168605 0.195312 0.220930 0.346875
0 1.0 0.193798 0.182031 0.058140 0.123438
0 1.0 0.138566 0.177344 0.207364 0.167187
0 1.0 0.861434 0.125781 0.114341 0.092188
0 1.0 0.538760 0.546094 0.538760 0.239063
0 1.0 0.051357 0.179688 0.102713 0.087500
0 1.0 0.316860 0.201563 0.083333 0.109375
0 1.0 0.165698 0.582031 0.331395 0.632812
0 1.0 0.724806 0.025781 0.131783 0.051562
0 1.0 0.720930 0.042188 0.069767 0.084375
0 1.0 0.660853 0.054688 0.073643 0.109375
0 1.0 0.663760 0.028906 0.168605 0.057813
0 1.0 0.821705 0.052344 0.058140 0.104688
0 1.0 0.712209 0.085156 0.242248 0.170313
0 1.0 0.484496 0.026562 0.062016 0.050000
0 1.0 0.445736 0.053906 0.073643 0.095312
0 1.0 0.602713 0.055469 0.081395 0.110937
0 1.0 0.613372 0.026562 0.114341 0.053125
0 1.0 0.551357 0.055469 0.079457 0.110937
0 1.0 0.551357 0.027344 0.102713 0.054688
0 1.0 0.247093 0.878906 0.494186 0.242188
0 1.0 0.878876 0.043750 0.056202 0.078125
0 1.0 0.859496 0.038281 0.180233 0.076563
0 1.0 0.767442 0.059375 0.073643 0.118750
0 1.0 0.772287 0.037500 0.187984 0.075000
0 1.0 0.365310 0.486719 0.730620 0.389062
0 1.0 0.374031 0.292187 0.748062 0.537500
0 1.0 0.345930 0.060937 0.063953 0.084375
0 1.0 0.330426 0.034375 0.137597 0.068750
0 1.0 0.194767 0.050000 0.110465 0.100000
0 1.0 0.241279 0.071875 0.060078 0.128125
0 1.0 0.261628 0.029687 0.162791 0.059375
0 1.0 0.297481 0.072656 0.238372 0.145313
0 1.0 0.403101 0.080469 0.232558 0.160938
0 1.0 0.403101 0.055469 0.135659 0.110937
0 1.0 0.350775 0.025781 0.046512 0.042188
0 1.0 0.655039 0.876563 0.689922 0.246875
0 1.0 0.292636 0.078906 0.054264 0.101562
0 1.0 0.499031 0.064062 0.075581 0.128125
0 1.0 0.505814 0.028125 0.124031 0.056250
0 1.0 0.506783 0.080469 0.234496 0.160938
0 1.0 0.469961 0.034375 0.098837 0.068750
0 1.0 0.418605 0.032031 0.104651 0.064062
0 1.0 0.174419 0.342187 0.348837 0.684375
0 1.0 0.335271 0.109375 0.093023 0.153125
0 1.0 0.726744 0.366406 0.337209 0.732812
0 1.0 0.536822 0.078125 0.143411 0.106250
0 1.0 0.164729 0.925781 0.329457 0.148438
0 1.0 0.835271 0.846094 0.329457 0.210938
0 1.0 0.308140 0.088281 0.046512 0.051562
0 1.0 0.548450 0.925781 0.589147 0.148438
0 1.0 0.246124 0.078125 0.201550 0.093750
0 1.0 0.451550 0.083594 0.096899 0.085938
0 1.0 0.601744 0.074219 0.203488 0.132812
0 1.0 0.822674 0.103125 0.067829 0.137500
0 1.0 0.045543 0.079687 0.091085 0.100000
0 1.0 0.965116 0.053906 0.038760 0.082812
0 1.0 0.946705 0.033594 0.106589 0.067187
0 1.0 0.291667 0.110937 0.110465 0.150000
0 1.0 0.648256 0.126562 0.703488 0.253125
0 1.0 0.668605 0.314844 0.558140 0.392188
0 1.0 0.234496 0.296875 0.468992 0.309375
0 1.0 0.919574 0.067969 0.087209 0.135937
0 1.0 0.784884 0.925000 0.430233 0.150000
0 1.0 0.506783 0.242969 0.296512 0.485938
0 1.0 0.376938 0.084375 0.137597 0.090625
0 1.0 0.353682 0.127344 0.707364 0.254688
0 1.0 0.286822 0.913281 0.155039 0.145313
0 1.0 0.553295 0.885156 0.265504 0.229687
0 1.0 0.562016 0.910937 0.170543 0.153125
0 1.0 0.499031 0.914062 0.106589 0.171875
0 1.0 0.100775 0.236719 0.189922 0.154688
0 1.0 0.179264 0.907031 0.149225 0.179688
0 1.0 0.129845 0.901563 0.104651 0.196875
0 1.0 0.391473 0.919531 0.104651 0.160938
0 1.0 0.412791 0.916406 0.321705 0.120313
0 1.0 0.655039 0.896875 0.100775 0.206250
0 1.0 0.610465 0.885156 0.112403 0.229687
0 1.0 0.671512 0.887500 0.281008 0.225000
0 1.0 0.880814 0.817969 0.098837 0.254688
0 1.0 0.826550 0.875000 0.164729 0.112500
0 1.0 0.071705 0.889062 0.139535 0.215625
0 1.0 0.340116 0.928906 0.098837 0.142187
0 1.0 0.063953 0.921875 0.093023 0.100000
0 1.0 0.964147 0.860938 0.032946 0.115625
0 1.0 0.933140 0.873437 0.133721 0.121875
0 1.0 0.237403 0.893750 0.125969 0.212500
0 1.0 0.242248 0.960938 0.112403 0.062500
0 1.0 0.211240 0.951562 0.201550 0.096875
0 1.0 0.839147 0.923438 0.182171 0.103125
0 1.0 0.877907 0.892188 0.116279 0.193750
0 1.0 0.818798 0.904687 0.098837 0.184375
0 1.0 0.133721 0.960156 0.096899 0.064062
0 1.0 0.081395 0.946875 0.143411 0.106250
0 1.0 0.343023 0.958594 0.077519 0.082812
0 1.0 0.369186 0.967187 0.083333 0.053125
0 1.0 0.343023 0.960156 0.170543 0.079687
0 1.0 0.070736 0.959375 0.079457 0.075000
0 1.0 0.185078 0.942969 0.087209 0.114062
0 1.0 0.968992 0.933594 0.050388 0.132812
0 1.0 0.928295 0.924219 0.143411 0.114062
0 1.0 0.036822 0.929688 0.073643 0.140625
0 1.0 0.765504 0.892188 0.108527 0.196875
0 1.0 0.445736 0.918750 0.100775 0.162500
0 1.0 0.714147 0.895312 0.114341 0.203125
0 1.0 0.915698 0.851562 0.125969 0.296875
0 1.0 0.242248 0.877344 0.279070 0.154688
0 1.0 0.814922 0.815625 0.164729 0.109375
0 1.0 0.851744 0.820312 0.075581 0.106250
0 1.0 0.392442 0.861719 0.075581 0.145313
0 1.0 0.408915 0.876563 0.182171 0.153125
0 1.0 0.340116 0.876563 0.067829 0.128125
0 1.0 0.062016 0.870313 0.124031 0.100000
0 1.0 0.056202 0.875000 0.058140 0.087500
0 1.0 0.560078 0.845313 0.077519 0.165625
0 1.0 0.820736 0.823438 0.083333 0.212500
0 1.0 0.754845 0.820312 0.261628 0.312500
0 1.0 0.718023 0.810937 0.087209 0.187500
0 1.0 0.447674 0.860938 0.069767 0.140625
0 1.0 0.183140 0.867188 0.071705 0.162500
0 1.0 0.656977 0.826562 0.065891 0.190625
0 1.0 0.775194 0.271875 0.054264 0.090625
0 1.0 0.756783 0.243750 0.250000 0.134375
0 1.0 0.716085 0.292187 0.067829 0.128125
0 1.0 0.406977 0.960938 0.116279 0.078125
0 1.0 0.663760 0.269531 0.079457 0.126562
0 1.0 0.451550 0.249219 0.147287 0.107813
0 1.0 0.661822 0.242969 0.199612 0.189062
0 1.0 0.571705 0.253906 0.162791 0.114062
0 1.0 0.593023 0.289062 0.081395 0.196875
0 1.0 0.877907 0.254688 0.093023 0.268750
0 1.0 0.823643 0.240625 0.116279 0.081250
0 1.0 0.818798 0.282813 0.063953 0.159375
0 1.0 0.872093 0.228906 0.228682 0.323437
0 1.0 0.768411 0.285938 0.075581 0.153125
0 1.0 0.893411 0.235937 0.213178 0.125000
0 1.0 0.183140 0.239844 0.184109 0.154688
0 1.0 0.434109 0.235937 0.329457 0.118750
0 1.0 0.309109 0.244531 0.160853 0.210938
0 1.0 0.236434 0.251563 0.089147 0.284375
0 1.0 0.249031 0.235156 0.187984 0.114062
0 1.0 0.101744 0.228906 0.203488 0.354687
0 1.0 0.062016 0.232813 0.124031 0.106250
0 1.0 0.962209 0.214844 0.060078 0.198437
0 1.0 0.854651 0.340625 0.170543 0.681250
0 1.0 0.783915 0.251563 0.432171 0.218750
0 1.0 0.055233 0.228906 0.110465 0.226562
0 1.0 0.309109 0.239844 0.075581 0.095312
0 1.0 0.604651 0.959375 0.127907 0.062500
0 1.0 0.557171 0.946875 0.118217 0.106250
0 1.0 0.767442 0.942969 0.093023 0.114062
0 1.0 0.031977 0.288281 0.063953 0.232813
0 1.0 0.780039 0.955469 0.187984 0.089063
0 1.0 0.478682 0.960156 0.158915 0.079687
0 1.0 0.715116 0.946875 0.081395 0.106250
0 1.0 0.707364 0.960156 0.143411 0.064062
0 1.0 0.929264 0.965625 0.133721 0.068750
0 1.0 0.861434 0.964063 0.067829 0.050000
0 1.0 0.447674 0.957031 0.073643 0.085938
0 1.0 0.660853 0.950000 0.096899 0.100000
0 1.0 0.610465 0.935156 0.089147 0.129688
0 1.0 0.290698 0.948438 0.089147 0.103125
0 1.0 0.148256 0.275781 0.079457 0.182812
0 1.0 0.118217 0.289062 0.139535 0.100000
0 1.0 0.071705 0.271094 0.058140 0.170313
0 1.0 0.317829 0.292187 0.054264 0.096875
0 1.0 0.249031 0.292187 0.094961 0.100000
0 1.0 0.046512 0.286719 0.093023 0.082812
0 1.0 0.951550 0.237500 0.096899 0.103125
0 1.0 0.454457 0.077344 0.567829 0.154688
0 1.0 0.200581 0.297656 0.067829 0.145313
0 1.0 0.139535 0.275781 0.112403 0.304688
0 1.0 0.875969 0.944531 0.100775 0.110937
0 1.0 0.843023 0.963281 0.174419 0.070312
0 1.0 0.501938 0.293750 0.050388 0.053125
0 1.0 0.491279 0.301563 0.052326 0.090625
0 1.0 0.393411 0.275000 0.116279 0.084375
0 1.0 0.383721 0.266406 0.213178 0.139063
0 1.0 0.378876 0.277344 0.048450 0.067187
0 1.0 0.474806 0.289844 0.155039 0.104688
0 1.0 0.647287 0.485938 0.205426 0.528125
0 1.0 0.261628 0.757812 0.523256 0.256250
0 1.0 0.371124 0.675781 0.459302 0.520312
0 1.0 0.787791 0.756250 0.424419 0.240625
0 1.0 0.359496 0.653906 0.567829 0.248438
0 1.0 0.534884 0.556250 0.418605 0.600000
0 1.0 0.341085 0.607031 0.186047 0.589063
0 1.0 0.920543 0.296094 0.158915 0.592187
0 1.0 0.448643 0.247656 0.529070 0.257812
0 1.0 0.256783 0.546094 0.513566 0.248438