0 1.0 0.496875 0.536458 0.240625 0.589583
0 1.0 0.080469 0.692708 0.160938 0.189583
0 1.0 0.040625 0.744792 0.031250 0.114583
0 1.0 0.053906 0.673958 0.095312 0.064583
0 1.0 0.769531 0.616667 0.192188 0.195833
0 1.0 0.706250 0.663542 0.075000 0.181250
0 1.0 0.700000 0.607292 0.268750 0.106250
0 1.0 0.238281 0.691667 0.192188 0.195833
0 1.0 0.187500 0.735417 0.046875 0.137500
0 1.0 0.186719 0.710417 0.079687 0.158333
0 1.0 0.201563 0.682292 0.140625 0.114583
0 1.0 0.817969 0.609375 0.029687 0.047917
0 1.0 0.886719 0.672917 0.048438 0.141667
0 1.0 0.109375 0.671875 0.159375 0.093750
0 1.0 0.862500 0.615625 0.221875 0.335417
0 1.0 0.820312 0.669792 0.078125 0.193750
0 1.0 0.821094 0.602083 0.289062 0.116667
0 1.0 0.826562 0.660417 0.046875 0.100000
0 1.0 0.079687 0.726042 0.043750 0.114583
0 1.0 0.136719 0.684375 0.042188 0.060417
0 1.0 0.867969 0.614583 0.020313 0.045833
0 1.0 0.766406 0.657292 0.089063 0.210417
0 1.0 0.776563 0.650000 0.059375 0.125000
0 1.0 0.762500 0.611458 0.275000 0.306250
0 1.0 0.490625 0.607292 0.237500 0.114583
0 1.0 0.925000 0.626042 0.100000 0.452083
0 1.0 0.530469 0.611458 0.042188 0.068750
0 1.0 0.463281 0.598958 0.167187 0.222917
0 1.0 0.398438 0.635417 0.106250 0.437500
0 1.0 0.671094 0.644792 0.057813 0.152083
0 1.0 0.946094 0.605208 0.107813 0.214583
0 1.0 0.878906 0.669792 0.079687 0.260417
0 1.0 0.589063 0.612500 0.259375 0.154167
0 1.0 0.583594 0.591667 0.229687 0.387500
0 1.0 0.556250 0.677083 0.021875 0.058333
0 1.0 0.460156 0.680208 0.229687 0.347917
0 1.0 0.460938 0.678125 0.153125 0.227083
0 1.0 0.421875 0.661458 0.306250 0.110417
0 1.0 0.495312 0.677083 0.018750 0.050000
0 1.0 0.950000 0.636458 0.062500 0.193750
0 1.0 0.692969 0.677083 0.132812 0.112500
0 1.0 0.652344 0.668750 0.260937 0.308333
0 1.0 0.670312 0.684375 0.146875 0.189583
0 1.0 0.602344 0.666667 0.082812 0.300000
0 1.0 0.594531 0.660417 0.220312 0.120833
0 1.0 0.909375 0.664583 0.181250 0.158333
0 1.0 0.799219 0.670833 0.020313 0.041667
0 1.0 0.891406 0.729167 0.039062 0.112500
0 1.0 0.588281 0.669792 0.164062 0.231250
0 1.0 0.817969 0.688542 0.182812 0.189583
0 1.0 0.766406 0.726042 0.079687 0.181250
0 1.0 0.768750 0.666667 0.306250 0.120833
0 1.0 0.777344 0.726042 0.048438 0.102083
0 1.0 0.349219 0.744792 0.051562 0.143750
0 1.0 0.344531 0.669792 0.104688 0.085417
0 1.0 0.336719 0.684375 0.251563 0.306250
0 1.0 0.349219 0.695833 0.160938 0.200000
0 1.0 0.277344 0.712500 0.092188 0.158333
0 1.0 0.089063 0.686458 0.015625 0.035417
0 1.0 0.962500 0.602083 0.075000 0.095833
0 1.0 0.259375 0.687500 0.071875 0.075000
0 1.0 0.281250 0.738542 0.046875 0.118750
0 1.0 0.280469 0.691667 0.020313 0.041667
0 1.0 0.244531 0.728125 0.060937 0.160417
0 1.0 0.207813 0.676042 0.306250 0.114583
0 1.0 0.517188 0.662500 0.187500 0.158333
0 1.0 0.142969 0.678125 0.251563 0.277083
0 1.0 0.505469 0.665625 0.123438 0.093750
0 1.0 0.130469 0.744792 0.048438 0.143750
0 1.0 0.181250 0.687500 0.065625 0.075000
0 1.0 0.820312 0.551042 0.268750 0.160417
0 1.0 0.767188 0.563542 0.109375 0.322917
0 1.0 0.773438 0.552083 0.078125 0.187500
0 1.0 0.502344 0.542708 0.185938 0.277083
0 1.0 0.437500 0.560417 0.068750 0.300000
0 1.0 0.492188 0.558333 0.090625 0.095833
0 1.0 0.702344 0.547917 0.189062 0.225000
0 1.0 0.660937 0.569792 0.100000 0.352083
0 1.0 0.666406 0.551042 0.295312 0.122917
0 1.0 0.483594 0.556250 0.254688 0.125000
0 1.0 0.903125 0.548958 0.193750 0.127083
0 1.0 0.823438 0.571875 0.062500 0.143750
0 1.0 0.599219 0.552083 0.101562 0.383333
0 1.0 0.174219 0.554167 0.264062 0.120833
0 1.0 0.171875 0.592708 0.103125 0.189583
0 1.0 0.190625 0.565625 0.246875 0.306250
0 1.0 0.131250 0.629167 0.043750 0.145833
0 1.0 0.442188 0.557292 0.084375 0.093750
0 1.0 0.405469 0.543750 0.242188 0.387500
0 1.0 0.404687 0.538542 0.165625 0.231250
0 1.0 0.339844 0.607292 0.054688 0.197917
0 1.0 0.360156 0.551042 0.195312 0.106250
0 1.0 0.337500 0.579167 0.109375 0.254167
0 1.0 0.079687 0.560417 0.156250 0.183333
0 1.0 0.654687 0.541667 0.237500 0.366667
0 1.0 0.293750 0.614583 0.053125 0.170833
0 1.0 0.293750 0.589583 0.103125 0.208333
0 1.0 0.293750 0.559375 0.062500 0.077083
0 1.0 0.112500 0.606250 0.225000 0.108333
0 1.0 0.135937 0.613542 0.078125 0.089583
0 1.0 0.478125 0.610417 0.025000 0.058333
0 1.0 0.343750 0.691667 0.053125 0.158333
0 1.0 0.341406 0.598958 0.142187 0.093750
0 1.0 0.288281 0.701042 0.048438 0.118750
0 1.0 0.235156 0.602083 0.242188 0.100000
0 1.0 0.271875 0.625000 0.256250 0.275000
0 1.0 0.311719 0.610417 0.020313 0.045833
0 1.0 0.885156 0.556250 0.039062 0.066667
0 1.0 0.817969 0.586458 0.092188 0.264583
0 1.0 0.085938 0.693750 0.043750 0.087500
0 1.0 0.060156 0.612500 0.092188 0.062500
0 1.0 0.035156 0.716667 0.026562 0.079167
0 1.0 0.706250 0.589583 0.087500 0.275000
0 1.0 0.113281 0.613542 0.054688 0.072917
0 1.0 0.040625 0.688542 0.040625 0.077083
0 1.0 0.086719 0.621875 0.023438 0.043750
0 1.0 0.050781 0.640625 0.095312 0.114583
0 1.0 0.959375 0.588542 0.040625 0.197917
0 1.0 0.964063 0.550000 0.071875 0.108333
0 1.0 0.885938 0.580208 0.053125 0.164583
0 1.0 0.233594 0.607292 0.098437 0.102083
0 1.0 0.858594 0.553125 0.026562 0.052083
0 1.0 0.507031 0.754167 0.104688 0.220833
0 1.0 0.564844 0.782292 0.057813 0.093750
0 1.0 0.775000 0.773958 0.259375 0.147917
0 1.0 0.710938 0.762500 0.090625 0.220833
0 1.0 0.755469 0.776042 0.107813 0.110417
0 1.0 0.717187 0.755208 0.290625 0.235417
0 1.0 0.400000 0.769792 0.365625 0.139583
0 1.0 0.399219 0.759375 0.117188 0.235417
0 1.0 0.467969 0.777083 0.023438 0.070833
0 1.0 0.405469 0.740625 0.242188 0.264583
0 1.0 0.316406 0.770833 0.107813 0.095833
0 1.0 0.665625 0.780208 0.065625 0.156250
0 1.0 0.606250 0.765625 0.090625 0.264583
0 1.0 0.913281 0.767708 0.101562 0.160417
0 1.0 0.867969 0.778125 0.082812 0.260417
0 1.0 0.530469 0.778125 0.332813 0.143750
0 1.0 0.880469 0.789583 0.048438 0.150000
0 1.0 0.844531 0.784375 0.023438 0.068750
0 1.0 0.843750 0.753125 0.225000 0.243750
0 1.0 0.826562 0.783333 0.087500 0.250000
0 1.0 0.594531 0.786458 0.039062 0.077083
0 1.0 0.546875 0.721875 0.256250 0.302083
0 1.0 0.560937 0.770833 0.115625 0.166667
0 1.0 0.777344 0.776042 0.035937 0.072917
0 1.0 0.558594 0.782292 0.020313 0.064583
0 1.0 0.462500 0.765625 0.112500 0.172917
0 1.0 0.171875 0.764583 0.075000 0.112500
0 1.0 0.138281 0.759375 0.135937 0.189583
0 1.0 0.352344 0.772917 0.089063 0.187500
0 1.0 0.095312 0.760417 0.062500 0.170833
0 1.0 0.160156 0.766667 0.035937 0.091667
0 1.0 0.341406 0.776042 0.051562 0.089583
0 1.0 0.198437 0.766667 0.328125 0.154167
0 1.0 0.291406 0.764583 0.107813 0.216667
0 1.0 0.610938 0.777083 0.056250 0.162500
0 1.0 0.296875 0.768750 0.043750 0.079167
0 1.0 0.241406 0.765625 0.148438 0.172917
0 1.0 0.533594 0.778125 0.101562 0.085417
0 1.0 0.548438 0.809375 0.025000 0.068750
0 1.0 0.657813 0.768750 0.100000 0.237500
0 1.0 0.131250 0.800000 0.240625 0.120833
0 1.0 0.154688 0.796875 0.046875 0.081250
0 1.0 0.089063 0.789583 0.153125 0.208333
0 1.0 0.028125 0.827083 0.056250 0.250000
0 1.0 0.332031 0.800000 0.242188 0.125000
0 1.0 0.612500 0.802083 0.231250 0.158333
0 1.0 0.176563 0.796875 0.115625 0.227083
0 1.0 0.840625 0.795833 0.050000 0.141667
0 1.0 0.078906 0.798958 0.085938 0.085417
0 1.0 0.089844 0.796875 0.029687 0.077083
0 1.0 0.960938 0.775000 0.040625 0.112500
0 1.0 0.785937 0.787500 0.059375 0.154167
0 1.0 0.285938 0.805208 0.031250 0.064583
0 1.0 0.277344 0.795833 0.260937 0.229167
0 1.0 0.923438 0.757292 0.153125 0.239583
0 1.0 0.949219 0.778125 0.101562 0.139583
0 1.0 0.146094 0.723958 0.292187 0.122917
0 1.0 0.176563 0.733333 0.056250 0.079167
0 1.0 0.267969 0.776042 0.032813 0.081250
0 1.0 0.348438 0.737500 0.050000 0.066667
0 1.0 0.053906 0.731250 0.085938 0.137500
0 1.0 0.957812 0.718750 0.034375 0.133333
0 1.0 0.322656 0.728125 0.073438 0.068750
0 1.0 0.265625 0.743750 0.021875 0.041667
0 1.0 0.289062 0.735417 0.043750 0.058333
0 1.0 0.560156 0.737500 0.048438 0.062500
0 1.0 0.515625 0.729167 0.090625 0.062500
0 1.0 0.564063 0.744792 0.015625 0.035417
0 1.0 0.144531 0.737500 0.029687 0.062500
0 1.0 0.081250 0.741667 0.018750 0.045833
0 1.0 0.967187 0.660417 0.065625 0.087500
0 1.0 0.714844 0.717708 0.057813 0.118750
0 1.0 0.660156 0.713542 0.070312 0.185417
0 1.0 0.035937 0.641667 0.025000 0.091667
0 1.0 0.852344 0.682292 0.020313 0.039583
0 1.0 0.830469 0.733333 0.042188 0.095833
0 1.0 0.840625 0.732292 0.134375 0.097917
0 1.0 0.028125 0.756250 0.034375 0.125000
0 1.0 0.075781 0.759375 0.089063 0.106250
0 1.0 0.620313 0.726042 0.153125 0.114583
0 1.0 0.086719 0.764583 0.026562 0.091667
0 1.0 0.750000 0.735417 0.103125 0.079167
0 1.0 0.673438 0.721875 0.328125 0.110417
0 1.0 0.957812 0.723958 0.084375 0.089583
0 1.0 0.946094 0.757292 0.045312 0.122917
0 1.0 0.808594 0.720833 0.317188 0.116667
0 1.0 0.722656 0.755208 0.051562 0.143750
0 1.0 0.457813 0.739583 0.015625 0.037500
0 1.0 0.378125 0.722917 0.275000 0.091667
0 1.0 0.774219 0.728125 0.020313 0.039583
0 1.0 0.847656 0.742708 0.017188 0.035417
0 1.0 0.520312 0.725000 0.259375 0.108333
0 1.0 0.577344 0.737500 0.032813 0.054167
0 1.0 0.546875 0.358333 0.212500 0.179167
0 1.0 0.774219 0.353125 0.270313 0.260417
0 1.0 0.715625 0.418750 0.050000 0.145833
0 1.0 0.744531 0.350000 0.289062 0.120833
0 1.0 0.725781 0.417708 0.032813 0.089583
0 1.0 0.437500 0.346875 0.275000 0.135417
0 1.0 0.956250 0.407292 0.025000 0.064583
0 1.0 0.930469 0.344792 0.139063 0.106250
0 1.0 0.944531 0.407292 0.045312 0.093750
0 1.0 0.671875 0.431250 0.037500 0.112500
0 1.0 0.683594 0.422917 0.029687 0.079167
0 1.0 0.828125 0.400000 0.056250 0.175000
0 1.0 0.669531 0.372917 0.179688 0.195833
0 1.0 0.615625 0.425000 0.037500 0.125000
0 1.0 0.872656 0.396875 0.064062 0.181250
0 1.0 0.854688 0.352083 0.175000 0.095833
0 1.0 0.882812 0.402083 0.034375 0.095833
0 1.0 0.245312 0.348958 0.246875 0.260417
0 1.0 0.246875 0.371875 0.131250 0.160417
0 1.0 0.194531 0.418750 0.035937 0.108333
0 1.0 0.445312 0.371875 0.025000 0.060417
0 1.0 0.509375 0.352083 0.165625 0.116667
0 1.0 0.441406 0.371875 0.101562 0.181250
0 1.0 0.385156 0.382292 0.092188 0.181250
0 1.0 0.488281 0.382292 0.073438 0.139583
0 1.0 0.156250 0.361458 0.193750 0.131250
0 1.0 0.149219 0.348958 0.251563 0.260417
0 1.0 0.152344 0.375000 0.104688 0.125000
0 1.0 0.087500 0.412500 0.053125 0.187500
0 1.0 0.134375 0.351042 0.093750 0.077083
0 1.0 0.100000 0.409375 0.031250 0.102083
0 1.0 0.471875 0.369792 0.221875 0.256250
0 1.0 0.351562 0.407292 0.040625 0.131250
0 1.0 0.351562 0.376042 0.090625 0.193750
0 1.0 0.622656 0.415625 0.023438 0.077083
0 1.0 0.607812 0.371875 0.112500 0.168750
0 1.0 0.550000 0.387500 0.106250 0.229167
0 1.0 0.330469 0.382292 0.035937 0.081250
0 1.0 0.235937 0.409375 0.056250 0.152083
0 1.0 0.267188 0.351042 0.259375 0.127083
0 1.0 0.185938 0.437500 0.071875 0.158333
0 1.0 0.214844 0.402083 0.251563 0.129167
0 1.0 0.046875 0.415625 0.093750 0.131250
0 1.0 0.078906 0.471875 0.067187 0.197917
0 1.0 0.089844 0.476042 0.032813 0.093750
0 1.0 0.116406 0.406250 0.173437 0.141667
0 1.0 0.107031 0.414583 0.214062 0.275000
0 1.0 0.402344 0.392708 0.164062 0.239583
0 1.0 0.350781 0.397917 0.295312 0.150000
0 1.0 0.237500 0.444792 0.037500 0.085417
0 1.0 0.138281 0.464583 0.070312 0.162500
0 1.0 0.153125 0.467708 0.031250 0.068750
0 1.0 0.840625 0.405208 0.028125 0.089583
0 1.0 0.771875 0.400000 0.068750 0.191667
0 1.0 0.782813 0.402083 0.043750 0.112500
0 1.0 0.033594 0.453125 0.057813 0.156250
0 1.0 0.064062 0.409375 0.062500 0.081250
0 1.0 0.301563 0.418750 0.081250 0.195833
0 1.0 0.926562 0.350000 0.146875 0.270833
0 1.0 0.924219 0.415625 0.067187 0.193750
0 1.0 0.253906 0.303125 0.220312 0.106250
0 1.0 0.519531 0.315625 0.082812 0.106250
0 1.0 0.559375 0.304167 0.018750 0.033333
0 1.0 0.475000 0.303125 0.196875 0.102083
0 1.0 0.165625 0.296875 0.084375 0.052083
0 1.0 0.155469 0.331250 0.023438 0.054167
0 1.0 0.153906 0.302083 0.132812 0.075000
0 1.0 0.074219 0.313542 0.070312 0.214583
0 1.0 0.082031 0.290625 0.020313 0.052083
0 1.0 0.426563 0.330208 0.059375 0.089583
0 1.0 0.607812 0.385417 0.046875 0.104167
0 1.0 0.648438 0.301042 0.125000 0.081250
0 1.0 0.615625 0.366667 0.015625 0.033333
0 1.0 0.250000 0.357292 0.025000 0.052083
0 1.0 0.611719 0.300000 0.242188 0.245833
0 1.0 0.628125 0.326042 0.059375 0.077083
0 1.0 0.560156 0.360417 0.057813 0.141667
0 1.0 0.307812 0.337500 0.071875 0.133333
0 1.0 0.339062 0.338542 0.018750 0.043750
0 1.0 0.279687 0.294792 0.096875 0.064583
0 1.0 0.617188 0.306250 0.209375 0.116667
0 1.0 0.226562 0.332292 0.018750 0.039583
0 1.0 0.229687 0.081250 0.256250 0.162500
0 1.0 0.502344 0.741667 0.995313 0.462500
0 1.0 0.734375 0.625000 0.509375 0.750000
0 1.0 0.428125 0.303125 0.021875 0.039583
0 1.0 0.186719 0.056250 0.114062 0.112500
0 1.0 0.135937 0.084375 0.065625 0.139583
0 1.0 0.349219 0.301042 0.232813 0.127083
0 1.0 0.343750 0.309375 0.225000 0.285417
0 1.0 0.385156 0.331250 0.023438 0.054167
0 1.0 0.332031 0.303125 0.151562 0.072917
0 1.0 0.078125 0.085417 0.093750 0.170833
0 1.0 0.196094 0.323958 0.064062 0.122917
0 1.0 0.110937 0.042708 0.156250 0.085417
0 1.0 0.100781 0.090625 0.201563 0.181250
0 1.0 0.021875 0.065625 0.040625 0.106250
0 1.0 0.078906 0.029167 0.070312 0.058333
0 1.0 0.252344 0.305208 0.085938 0.056250
0 1.0 0.212500 0.384375 0.046875 0.089583
0 1.0 0.144531 0.421875 0.042188 0.122917
0 1.0 0.152344 0.412500 0.032813 0.083333
0 1.0 0.880469 0.317708 0.123438 0.127083
0 1.0 0.817969 0.300000 0.201563 0.100000
0 1.0 0.401562 0.350000 0.059375 0.104167
0 1.0 0.097656 0.361458 0.129688 0.147917
0 1.0 0.020313 0.366667 0.028125 0.104167
0 1.0 0.071875 0.350000 0.071875 0.062500
0 1.0 0.022656 0.379167 0.045312 0.141667
0 1.0 0.048438 0.355208 0.075000 0.081250
0 1.0 0.843750 0.357292 0.018750 0.047917
0 1.0 0.364844 0.376042 0.051562 0.110417
0 1.0 0.301563 0.415625 0.040625 0.122917
0 1.0 0.947656 0.334375 0.032813 0.056250
0 1.0 0.967969 0.303125 0.064062 0.097917
0 1.0 0.928906 0.337500 0.064062 0.112500
0 1.0 0.193750 0.387500 0.087500 0.158333
0 1.0 0.569531 0.341667 0.035937 0.075000
0 1.0 0.585938 0.323958 0.050000 0.077083
0 1.0 0.539844 0.293750 0.104688 0.079167
0 1.0 0.507812 0.344792 0.043750 0.093750
0 1.0 0.071094 0.352083 0.142187 0.270833
0 1.0 0.737500 0.298958 0.237500 0.093750
0 1.0 0.736719 0.369792 0.017188 0.031250
0 1.0 0.513281 0.336458 0.017188 0.039583
0 1.0 0.792188 0.359375 0.021875 0.047917
0 1.0 0.956250 0.368750 0.031250 0.083333
0 1.0 0.727344 0.328125 0.123438 0.118750
0 1.0 0.668750 0.397917 0.043750 0.091667
0 1.0 0.682031 0.383333 0.017188 0.033333
0 1.0 0.846094 0.302083 0.067187 0.058333
0 1.0 0.891406 0.357292 0.017188 0.039583
0 1.0 0.857812 0.309375 0.256250 0.264583
0 1.0 0.175781 0.523958 0.079687 0.260417
0 1.0 0.177344 0.492708 0.254688 0.102083
0 1.0 0.182031 0.489583 0.167187 0.208333
0 1.0 0.127344 0.539583 0.060937 0.229167
0 1.0 0.463281 0.481250 0.123438 0.208333
0 1.0 0.440625 0.501042 0.187500 0.093750
0 1.0 0.412500 0.479167 0.125000 0.195833
0 1.0 0.339062 0.517708 0.071875 0.235417
0 1.0 0.098437 0.493750 0.162500 0.120833
0 1.0 0.675000 0.479167 0.184375 0.133333
0 1.0 0.325781 0.494792 0.223438 0.106250
0 1.0 0.346875 0.493750 0.087500 0.087500
0 1.0 0.341406 0.482292 0.242188 0.335417
0 1.0 0.350781 0.486458 0.139063 0.193750
0 1.0 0.290625 0.514583 0.081250 0.279167
0 1.0 0.557813 0.487500 0.246875 0.116667
0 1.0 0.541406 0.465625 0.164062 0.414583
0 1.0 0.564844 0.479167 0.126562 0.112500
0 1.0 0.251563 0.490625 0.190625 0.089583
0 1.0 0.795312 0.445833 0.021875 0.045833
0 1.0 0.889062 0.487500 0.037500 0.100000
0 1.0 0.081250 0.542708 0.050000 0.185417
0 1.0 0.818750 0.439583 0.171875 0.183333
0 1.0 0.778906 0.463542 0.048438 0.110417
0 1.0 0.710938 0.477083 0.075000 0.208333
0 1.0 0.035937 0.555208 0.037500 0.143750
0 1.0 0.060156 0.497917 0.120313 0.079167
0 1.0 0.878125 0.484375 0.068750 0.193750
0 1.0 0.234375 0.506250 0.109375 0.266667
0 1.0 0.930469 0.484375 0.101562 0.272917
0 1.0 0.895312 0.458333 0.209375 0.300000
0 1.0 0.862500 0.490625 0.071875 0.093750
0 1.0 0.084375 0.635417 0.034375 0.112500
0 1.0 0.781250 0.488542 0.284375 0.118750
0 1.0 0.771875 0.489583 0.275000 0.312500
0 1.0 0.060156 0.555208 0.120313 0.077083
0 1.0 0.040625 0.612500 0.040625 0.095833
0 1.0 0.060937 0.563542 0.053125 0.072917
0 1.0 0.240625 0.607292 0.068750 0.193750
0 1.0 0.842187 0.491667 0.028125 0.054167
0 1.0 0.179688 0.616667 0.053125 0.154167
0 1.0 0.922656 0.492708 0.142187 0.147917
0 1.0 0.439063 0.501042 0.084375 0.081250
0 1.0 0.956250 0.495833 0.087500 0.100000
0 1.0 0.951562 0.527083 0.062500 0.220833
0 1.0 0.593750 0.457292 0.143750 0.239583
0 1.0 0.208594 0.443750 0.064062 0.095833
0 1.0 0.141406 0.494792 0.039062 0.093750
0 1.0 0.156250 0.441667 0.250000 0.141667
0 1.0 0.051562 0.504167 0.103125 0.170833
0 1.0 0.071875 0.447917 0.075000 0.083333
0 1.0 0.113281 0.446875 0.020313 0.039583
0 1.0 0.322656 0.442708 0.110937 0.093750
0 1.0 0.283594 0.434375 0.257812 0.172917
0 1.0 0.326562 0.447917 0.040625 0.079167
0 1.0 0.304688 0.436458 0.037500 0.056250
0 1.0 0.239844 0.461458 0.067187 0.131250
0 1.0 0.955469 0.413542 0.089063 0.147917
0 1.0 0.877344 0.401042 0.245312 0.127083
0 1.0 0.838281 0.450000 0.029687 0.083333
0 1.0 0.771094 0.406250 0.167187 0.175000
0 1.0 0.667188 0.437500 0.065625 0.154167
0 1.0 0.958594 0.484375 0.039062 0.139583
0 1.0 0.607031 0.421875 0.073438 0.222917
0 1.0 0.886719 0.455208 0.026562 0.081250
0 1.0 0.831250 0.479167 0.043750 0.108333
0 1.0 0.539844 0.434375 0.045312 0.068750
0 1.0 0.453906 0.433333 0.070312 0.191667
0 1.0 0.539844 0.440625 0.020313 0.047917
0 1.0 0.720313 0.466667 0.046875 0.116667
0 1.0 0.713281 0.432292 0.167187 0.189583
0 1.0 0.935156 0.444792 0.070312 0.077083
0 1.0 0.822656 0.480208 0.076563 0.202083
0 1.0 0.632812 0.443750 0.078125 0.095833
0 1.0 0.245312 0.432292 0.131250 0.139583
0 1.0 0.270313 0.442708 0.031250 0.052083
0 1.0 0.192969 0.443750 0.260937 0.270833
0 1.0 0.688281 0.439583 0.157812 0.108333
0 1.0 0.444531 0.441667 0.264062 0.129167
0 1.0 0.168750 0.446875 0.025000 0.047917
0 1.0 0.489844 0.432292 0.060937 0.147917
0 1.0 0.348438 0.465625 0.053125 0.131250
0 1.0 0.368750 0.447917 0.059375 0.108333
0 1.0 0.585938 0.438542 0.071875 0.081250
0 1.0 0.298438 0.461458 0.056250 0.152083
0 1.0 0.715625 0.150000 0.078125 0.183333
0 1.0 0.712500 0.120833 0.240625 0.166667
0 1.0 0.712500 0.659375 0.518750 0.247917
0 1.0 0.604688 0.158333 0.090625 0.241667
0 1.0 0.625781 0.120833 0.201563 0.125000
0 1.0 0.609375 0.134375 0.221875 0.268750
0 1.0 0.550000 0.156250 0.093750 0.279167
0 1.0 0.439844 0.748958 0.879687 0.164583
0 1.0 0.768750 0.145833 0.112500 0.283333
0 1.0 0.903125 0.131250 0.193750 0.166667
0 1.0 0.875000 0.155208 0.112500 0.260417
0 1.0 0.851562 0.130208 0.096875 0.093750
0 1.0 0.881250 0.153125 0.078125 0.164583
0 1.0 0.817187 0.158333 0.106250 0.250000
0 1.0 0.367188 0.554167 0.434375 0.558333
0 1.0 0.301563 0.663542 0.603125 0.222917
0 1.0 0.834375 0.125000 0.209375 0.120833
0 1.0 0.821875 0.131250 0.243750 0.262500
0 1.0 0.175781 0.138542 0.129688 0.268750
0 1.0 0.412500 0.128125 0.284375 0.143750
0 1.0 0.401562 0.140625 0.143750 0.272917
0 1.0 0.445312 0.130208 0.071875 0.106250
0 1.0 0.344531 0.162500 0.085938 0.237500
0 1.0 0.363281 0.122917 0.148438 0.112500
0 1.0 0.341406 0.128125 0.179688 0.222917
0 1.0 0.289844 0.152083 0.110937 0.258333
0 1.0 0.227344 0.841667 0.454688 0.204167
0 1.0 0.180469 0.119792 0.295312 0.152083
0 1.0 0.235156 0.142708 0.110937 0.268750
0 1.0 0.247656 0.131250 0.073438 0.104167
0 1.0 0.507812 0.156250 0.103125 0.300000
0 1.0 0.514844 0.123958 0.232813 0.131250
0 1.0 0.660156 0.155208 0.104688 0.272917
0 1.0 0.503906 0.138542 0.229687 0.277083
0 1.0 0.496875 0.129167 0.093750 0.095833
0 1.0 0.386719 0.433333 0.567187 0.258333
0 1.0 0.139844 0.459375 0.210938 0.610417
0 1.0 0.549219 0.548958 0.539062 0.231250
0 1.0 0.427344 0.182292 0.148438 0.143750
0 1.0 0.347656 0.252083 0.051562 0.154167
0 1.0 0.409375 0.187500 0.075000 0.079167
0 1.0 0.643750 0.431250 0.609375 0.254167
0 1.0 0.364844 0.194792 0.045312 0.085417
0 1.0 0.292969 0.223958 0.082812 0.202083
0 1.0 0.326562 0.186458 0.250000 0.131250
0 1.0 0.284375 0.173958 0.234375 0.318750
0 1.0 0.321094 0.190625 0.029687 0.068750
0 1.0 0.277344 0.361458 0.554688 0.202083
0 1.0 0.549219 0.363542 0.598437 0.214583
0 1.0 0.568750 0.186458 0.093750 0.147917
0 1.0 0.524219 0.184375 0.198437 0.114583
0 1.0 0.672656 0.181250 0.273438 0.116667
0 1.0 0.665625 0.208333 0.065625 0.145833
0 1.0 0.510938 0.216667 0.071875 0.216667
0 1.0 0.435937 0.245833 0.037500 0.112500
0 1.0 0.534375 0.195833 0.050000 0.075000
0 1.0 0.489844 0.203125 0.032813 0.077083
0 1.0 0.396875 0.205208 0.090625 0.260417
0 1.0 0.850781 0.428125 0.182812 0.610417
0 1.0 0.956250 0.182292 0.053125 0.114583
0 1.0 0.243750 0.548958 0.215625 0.527083
0 1.0 0.119531 0.159375 0.157812 0.243750
0 1.0 0.075781 0.153125 0.120313 0.306250
0 1.0 0.950781 0.132292 0.098437 0.102083
0 1.0 0.923438 0.170833 0.103125 0.245833
0 1.0 0.069531 0.181250 0.114062 0.104167
0 1.0 0.205469 0.185417 0.232813 0.150000
0 1.0 0.035937 0.177083 0.068750 0.270833
0 1.0 0.187500 0.173958 0.028125 0.081250
0 1.0 0.279687 0.553125 0.559375 0.231250
0 1.0 0.867969 0.044792 0.170313 0.089583
0 1.0 0.818750 0.077083 0.075000 0.154167
0 1.0 0.818750 0.065625 0.168750 0.131250
0 1.0 0.934375 0.081250 0.131250 0.162500
0 1.0 0.921094 0.034375 0.157812 0.068750
0 1.0 0.778125 0.063542 0.062500 0.110417
0 1.0 0.715625 0.077083 0.075000 0.154167
0 1.0 0.741406 0.878125 0.517188 0.243750
0 1.0 0.728906 0.035417 0.198437 0.070833
0 1.0 0.663281 0.071875 0.067187 0.143750
0 1.0 0.492188 0.864583 0.846875 0.270833
0 1.0 0.957812 0.063542 0.053125 0.089583
0 1.0 0.874219 0.071875 0.073438 0.143750
0 1.0 0.874219 0.031250 0.104688 0.062500
0 1.0 0.260937 0.037500 0.184375 0.075000
0 1.0 0.232031 0.068750 0.110937 0.137500
0 1.0 0.477344 0.042708 0.132812 0.085417
0 1.0 0.449219 0.083333 0.242188 0.166667
0 1.0 0.396875 0.085417 0.093750 0.170833
0 1.0 0.429688 0.038542 0.131250 0.077083
0 1.0 0.500000 0.536458 1.000000 0.518750
0 1.0 0.055469 0.041667 0.110937 0.083333
0 1.0 0.352344 0.056250 0.132812 0.112500
0 1.0 0.289062 0.078125 0.096875 0.156250
0 1.0 0.652344 0.047917 0.201563 0.095833
0 1.0 0.603906 0.068750 0.064062 0.133333
0 1.0 0.548438 0.065625 0.059375 0.131250
0 1.0 0.577344 0.033333 0.126562 0.066667
0 1.0 0.559375 0.079167 0.234375 0.158333
0 1.0 0.325781 0.029167 0.067187 0.058333
0 1.0 0.505469 0.080208 0.070312 0.160417
0 1.0 0.448437 0.068750 0.043750 0.095833
0 1.0 0.500000 0.029167 0.059375 0.058333
0 1.0 0.777344 0.113542 0.079687 0.156250
0 1.0 0.449219 0.920833 0.589063 0.158333
0 1.0 0.217188 0.923958 0.434375 0.152083
0 1.0 0.681250 0.317708 0.631250 0.339583
0 1.0 0.439844 0.083333 0.098437 0.116667
0 1.0 0.641406 0.120833 0.717187 0.241667
0 1.0 0.246875 0.122917 0.493750 0.245833
0 1.0 0.183594 0.880208 0.251563 0.239583
0 1.0 0.186719 0.904167 0.142187 0.175000
0 1.0 0.132812 0.866667 0.093750 0.245833
0 1.0 0.464062 0.912500 0.150000 0.162500
0 1.0 0.396094 0.879167 0.114062 0.241667
0 1.0 0.409375 0.913542 0.300000 0.122917
0 1.0 0.343750 0.879167 0.109375 0.241667
0 1.0 0.101562 0.919792 0.203125 0.135417
0 1.0 0.060937 0.918750 0.121875 0.091667
0 1.0 0.288281 0.881250 0.095312 0.237500
0 1.0 0.264062 0.916667 0.225000 0.108333
0 1.0 0.554688 0.912500 0.284375 0.112500
0 1.0 0.560937 0.905208 0.150000 0.164583
0 1.0 0.498437 0.872917 0.096875 0.208333
0 1.0 0.080469 0.866667 0.095312 0.216667
0 1.0 0.817969 0.842708 0.179688 0.218750
0 1.0 0.039844 0.892708 0.079687 0.214583
0 1.0 0.767969 0.854167 0.310937 0.120833
0 1.0 0.794531 0.793750 0.029687 0.070833
0 1.0 0.962500 0.786458 0.021875 0.064583
0 1.0 0.929688 0.857292 0.140625 0.106250
0 1.0 0.293750 0.920833 0.078125 0.087500
0 1.0 0.235156 0.872917 0.107813 0.254167
0 1.0 0.925781 0.813542 0.073438 0.156250
0 1.0 0.892969 0.843750 0.214062 0.250000
0 1.0 0.801562 0.859375 0.084375 0.085417
0 1.0 0.151562 0.947917 0.162500 0.104167
0 1.0 0.775000 0.881250 0.093750 0.204167
0 1.0 0.767188 0.921875 0.268750 0.139583
0 1.0 0.712500 0.844792 0.081250 0.193750
0 1.0 0.931250 0.917708 0.137500 0.106250
0 1.0 0.956250 0.905208 0.075000 0.172917
0 1.0 0.964844 0.885417 0.042188 0.133333
0 1.0 0.300781 0.943750 0.114062 0.112500
0 1.0 0.817187 0.919792 0.140625 0.093750
0 1.0 0.868750 0.886458 0.093750 0.222917
0 1.0 0.510938 0.889583 0.256250 0.220833
0 1.0 0.439844 0.876042 0.076563 0.156250
0 1.0 0.658594 0.847917 0.079687 0.183333
0 1.0 0.663281 0.914583 0.289062 0.112500
0 1.0 0.921875 0.870833 0.109375 0.258333
0 1.0 0.660156 0.906250 0.179688 0.183333
0 1.0 0.604688 0.864583 0.084375 0.229167
0 1.0 0.561719 0.851042 0.076563 0.168750
0 1.0 0.827344 0.882292 0.089063 0.231250
0 1.0 0.151562 0.863542 0.150000 0.127083
0 1.0 0.954688 0.811458 0.037500 0.085417
0 1.0 0.076563 0.868750 0.034375 0.062500
0 1.0 0.962500 0.833333 0.059375 0.200000
0 1.0 0.889062 0.805208 0.181250 0.106250
0 1.0 0.250781 0.863542 0.220312 0.102083
0 1.0 0.303906 0.867708 0.035937 0.060417
0 1.0 0.304688 0.856250 0.093750 0.133333
0 1.0 0.242188 0.783333 0.046875 0.125000
0 1.0 0.508594 0.808333 0.179688 0.179167
0 1.0 0.491406 0.807292 0.026562 0.068750
0 1.0 0.692969 0.802083 0.170313 0.129167
0 1.0 0.864844 0.808333 0.029687 0.079167
0 1.0 0.514844 0.803125 0.039062 0.072917
0 1.0 0.542969 0.854167 0.145313 0.104167
0 1.0 0.450781 0.791667 0.029687 0.070833
0 1.0 0.036719 0.798958 0.051562 0.131250
0 1.0 0.732812 0.765625 0.028125 0.056250
0 1.0 0.666406 0.764583 0.035937 0.087500
0 1.0 0.677344 0.772917 0.023438 0.050000
0 1.0 0.453125 0.795833 0.065625 0.100000
0 1.0 0.667188 0.851042 0.218750 0.122917
0 1.0 0.614844 0.792708 0.029687 0.064583
0 1.0 0.864844 0.859375 0.032813 0.064583
0 1.0 0.840625 0.806250 0.031250 0.091667
0 1.0 0.543750 0.860417 0.034375 0.058333
0 1.0 0.463281 0.855208 0.142187 0.139583
0 1.0 0.396875 0.811458 0.056250 0.122917
0 1.0 0.428125 0.859375 0.346875 0.118750
0 1.0 0.478125 0.860417 0.037500 0.066667
0 1.0 0.400781 0.851042 0.242188 0.222917
0 1.0 0.134375 0.864583 0.071875 0.091667
0 1.0 0.057031 0.862500 0.098437 0.075000
0 1.0 0.378906 0.860417 0.132812 0.104167
0 1.0 0.598437 0.852083 0.090625 0.087500
0 1.0 0.259375 0.864583 0.087500 0.095833
0 1.0 0.189062 0.770833 0.034375 0.095833
0 1.0 0.570312 0.854167 0.300000 0.112500
0 1.0 0.307812 0.254167 0.081250 0.125000
0 1.0 0.232813 0.269792 0.078125 0.256250
0 1.0 0.264062 0.236458 0.265625 0.122917
0 1.0 0.037500 0.960417 0.075000 0.079167
0 1.0 0.239844 0.231250 0.160938 0.200000
0 1.0 0.451562 0.233333 0.221875 0.295833
0 1.0 0.459375 0.261458 0.153125 0.160417
0 1.0 0.392969 0.289583 0.067187 0.191667
0 1.0 0.425000 0.244792 0.293750 0.114583
0 1.0 0.465625 0.256250 0.046875 0.066667
0 1.0 0.181250 0.239583 0.215625 0.141667
0 1.0 0.181250 0.242708 0.221875 0.347917
0 1.0 0.132812 0.244792 0.081250 0.289583
0 1.0 0.081250 0.273958 0.162500 0.547917
0 1.0 0.293750 0.258333 0.031250 0.058333
0 1.0 0.440625 0.297917 0.068750 0.116667
0 1.0 0.507812 0.257292 0.046875 0.060417
0 1.0 0.662500 0.259375 0.171875 0.152083
0 1.0 0.604688 0.341667 0.034375 0.079167
0 1.0 0.607031 0.319792 0.017188 0.035417
0 1.0 0.557031 0.297917 0.051562 0.141667
0 1.0 0.351562 0.330208 0.043750 0.135417
0 1.0 0.514062 0.284375 0.050000 0.106250
0 1.0 0.570312 0.250000 0.153125 0.162500
0 1.0 0.782031 0.076042 0.435937 0.152083
0 1.0 0.352344 0.262500 0.120313 0.154167
0 1.0 0.189844 0.256250 0.076563 0.191667
0 1.0 0.863281 0.186458 0.123438 0.114583
0 1.0 0.831250 0.180208 0.284375 0.122917
0 1.0 0.786719 0.257292 0.426563 0.210417
0 1.0 0.605469 0.245833 0.042188 0.133333
0 1.0 0.261719 0.248958 0.523438 0.218750
0 1.0 0.234375 0.245833 0.375000 0.458333
0 1.0 0.100781 0.229167 0.201563 0.158333
0 1.0 0.051562 0.238542 0.071875 0.093750
0 1.0 0.965625 0.245833 0.046875 0.129167
0 1.0 0.559375 0.256250 0.600000 0.200000
0 1.0 0.950781 0.192708 0.098437 0.143750
0 1.0 0.796875 0.959375 0.143750 0.077083
0 1.0 0.446875 0.934375 0.071875 0.131250
0 1.0 0.512500 0.958333 0.075000 0.062500
0 1.0 0.658594 0.923958 0.082812 0.152083
0 1.0 0.694531 0.958333 0.120313 0.075000
0 1.0 0.492969 0.954167 0.095312 0.091667
0 1.0 0.934375 0.961458 0.131250 0.077083
0 1.0 0.628906 0.958333 0.110937 0.070833
0 1.0 0.604688 0.945833 0.190625 0.108333
0 1.0 0.559375 0.927083 0.087500 0.145833
0 1.0 0.441406 0.960417 0.148438 0.079167
0 1.0 0.357031 0.960417 0.057813 0.058333
0 1.0 0.352344 0.938542 0.135937 0.122917
0 1.0 0.291406 0.963542 0.082812 0.064583
0 1.0 0.519531 0.942708 0.189062 0.114583
0 1.0 0.230469 0.961458 0.129688 0.077083
0 1.0 0.902344 0.247917 0.195312 0.266667
0 1.0 0.842969 0.237500 0.148438 0.095833
0 1.0 0.882812 0.279167 0.037500 0.083333
0 1.0 0.834375 0.296875 0.034375 0.072917
0 1.0 0.822656 0.243750 0.232813 0.137500
0 1.0 0.439063 0.080208 0.578125 0.160417
0 1.0 0.054688 0.303125 0.050000 0.081250
0 1.0 0.822656 0.307292 0.067187 0.168750
0 1.0 0.567187 0.284375 0.040625 0.093750
0 1.0 0.551562 0.229167 0.234375 0.291667
0 1.0 0.774219 0.294792 0.070312 0.181250
0 1.0 0.784375 0.282292 0.040625 0.089583
0 1.0 0.675781 0.304167 0.023438 0.041667
0 1.0 0.718750 0.313542 0.059375 0.143750
0 1.0 0.728125 0.240625 0.259375 0.102083
0 1.0 0.732031 0.291667 0.026562 0.054167
0 1.0 0.665625 0.327083 0.046875 0.100000
0 1.0 0.874219 0.932292 0.164062 0.135417
0 1.0 0.096094 0.300000 0.185938 0.095833
0 1.0 0.100000 0.292708 0.087500 0.110417
0 1.0 0.032813 0.329167 0.053125 0.200000
0 1.0 0.039844 0.306250 0.039062 0.104167
0 1.0 0.711719 0.925000 0.085938 0.150000
0 1.0 0.744531 0.960417 0.123438 0.075000
0 1.0 0.928125 0.237500 0.143750 0.141667
0 1.0 0.923438 0.285417 0.090625 0.237500
0 1.0 0.969531 0.954167 0.051562 0.091667
0 1.0 0.854688 0.960417 0.046875 0.054167
0 1.0 0.857031 0.959375 0.079687 0.081250
0 1.0 0.699219 0.347917 0.370312 0.608333
0 1.0 0.649219 0.791667 0.207813 0.416667
0 1.0 0.073438 0.782292 0.146875 0.435417
0 1.0 0.449219 0.829167 0.420312 0.341667
0 1.0 0.503125 0.351042 0.446875 0.489583
0 1.0 0.460156 0.248958 0.920312 0.447917
0 1.0 0.860938 0.909375 0.278125 0.181250
0 1.0 0.749219 0.842708 0.207813 0.314583
0 1.0 0.646875 0.233333 0.200000 0.466667
0 1.0 0.652344 0.191667 0.410938 0.383333
0 1.0 0.511719 0.244792 0.164062 0.118750
0 1.0 0.438281 0.195833 0.410938 0.391667
0 1.0 0.163281 0.508333 0.326562 0.929167
0 1.0 0.082031 0.531250 0.164062 0.545833
0 1.0 0.826562 0.504167 0.346875 0.525000
0 1.0 0.232813 0.763542 0.465625 0.472917
0 1.0 0.833594 0.307292 0.332813 0.497917
0 1.0 0.503906 0.500000 0.548438 1.000000