0 1.0 0.328906 0.474012 0.507812 0.565489
0 1.0 0.435937 0.498960 0.659375 0.885655
0 1.0 0.875000 0.594595 0.125000 0.316008
0 1.0 0.524219 0.600832 0.264062 0.108108
0 1.0 0.814063 0.603950 0.103125 0.081081
0 1.0 0.547656 0.575884 0.117188 0.311850
0 1.0 0.907813 0.603950 0.184375 0.151767
0 1.0 0.812500 0.602911 0.300000 0.133056
0 1.0 0.818750 0.594595 0.115625 0.237006
0 1.0 0.080469 0.636175 0.148438 0.299376
0 1.0 0.108594 0.659044 0.148438 0.133056
0 1.0 0.035156 0.644491 0.070312 0.328482
0 1.0 0.065625 0.652807 0.131250 0.091476
0 1.0 0.714844 0.591476 0.117188 0.247401
0 1.0 0.061719 0.654886 0.060937 0.083160
0 1.0 0.709375 0.587318 0.256250 0.280665
0 1.0 0.662500 0.588358 0.118750 0.311850
0 1.0 0.657031 0.600832 0.295312 0.120582
0 1.0 0.919531 0.600832 0.117188 0.340956
0 1.0 0.439844 0.614345 0.039062 0.056133
0 1.0 0.600000 0.585239 0.115625 0.309771
0 1.0 0.596875 0.577963 0.256250 0.274428
0 1.0 0.274219 0.581081 0.154688 0.392931
0 1.0 0.247656 0.619543 0.073438 0.083160
0 1.0 0.173437 0.601871 0.237500 0.118503
0 1.0 0.819531 0.595634 0.260937 0.280665
0 1.0 0.765625 0.597713 0.118750 0.305613
0 1.0 0.392969 0.584200 0.126562 0.286902
0 1.0 0.456250 0.566528 0.281250 0.355509
0 1.0 0.455469 0.596674 0.176563 0.212058
0 1.0 0.393750 0.606029 0.193750 0.093555
0 1.0 0.499219 0.663202 0.239063 0.153846
0 1.0 0.457031 0.667360 0.132812 0.120582
0 1.0 0.203906 0.610187 0.251563 0.367983
0 1.0 0.812500 0.219335 0.156250 0.288981
0 1.0 0.811719 0.240125 0.289062 0.155925
0 1.0 0.334375 0.630977 0.096875 0.322245
0 1.0 0.322656 0.661123 0.195312 0.112266
0 1.0 0.399219 0.653846 0.182812 0.243243
0 1.0 0.662500 0.648649 0.193750 0.203742
0 1.0 0.607812 0.655925 0.321875 0.118503
0 1.0 0.210938 0.663202 0.278125 0.145530
0 1.0 0.964844 0.625780 0.048438 0.149688
0 1.0 0.946875 0.600832 0.106250 0.099792
0 1.0 0.131250 0.616424 0.131250 0.359667
0 1.0 0.255469 0.671518 0.126562 0.128898
0 1.0 0.917188 0.213098 0.134375 0.326403
0 1.0 0.647656 0.548857 0.310937 0.133056
0 1.0 0.226562 0.556133 0.190625 0.118503
0 1.0 0.514062 0.543659 0.340625 0.130977
0 1.0 0.770312 0.550936 0.253125 0.158004
0 1.0 0.341406 0.557173 0.195312 0.112266
0 1.0 0.334375 0.506237 0.284375 0.409563
0 1.0 0.357812 0.559252 0.103125 0.170478
0 1.0 0.046094 0.523909 0.092188 0.303534
0 1.0 0.066406 0.550936 0.060937 0.083160
0 1.0 0.964063 0.530146 0.053125 0.174636
0 1.0 0.945312 0.497921 0.109375 0.097713
0 1.0 0.171875 0.533264 0.134375 0.422037
0 1.0 0.503125 0.539501 0.134375 0.259875
0 1.0 0.446875 0.544699 0.106250 0.237006
0 1.0 0.119531 0.551975 0.239063 0.126819
0 1.0 0.465625 0.556133 0.093750 0.093555
0 1.0 0.357031 0.611227 0.057813 0.070686
0 1.0 0.949219 0.549896 0.101562 0.097713
0 1.0 0.313281 0.602911 0.157812 0.087318
0 1.0 0.140625 0.609148 0.109375 0.116424
0 1.0 0.469531 0.608108 0.073438 0.076923
0 1.0 0.887500 0.551975 0.225000 0.130977
0 1.0 0.833594 0.551975 0.089063 0.085239
0 1.0 0.082031 0.601871 0.051562 0.072765
0 1.0 0.069531 0.598753 0.135937 0.087318
0 1.0 0.551562 0.757796 0.196875 0.230769
0 1.0 0.496875 0.749480 0.128125 0.318087
0 1.0 0.261719 0.757796 0.126562 0.106029
0 1.0 0.229687 0.733888 0.265625 0.266112
0 1.0 0.241406 0.749480 0.185938 0.168399
0 1.0 0.181250 0.749480 0.121875 0.301455
0 1.0 0.448437 0.743243 0.115625 0.309771
0 1.0 0.452344 0.766112 0.104688 0.101871
0 1.0 0.391406 0.753638 0.120313 0.305613
0 1.0 0.400781 0.760915 0.310937 0.128898
0 1.0 0.717187 0.767152 0.265625 0.295218
0 1.0 0.659375 0.752599 0.109375 0.295218
0 1.0 0.666406 0.760915 0.323437 0.124740
0 1.0 0.342187 0.740125 0.112500 0.278586
0 1.0 0.912500 0.709979 0.175000 0.147609
0 1.0 0.125781 0.749480 0.129688 0.334719
0 1.0 0.147656 0.757796 0.295312 0.130977
0 1.0 0.076563 0.752599 0.131250 0.357588
0 1.0 0.822656 0.707900 0.248438 0.155925
0 1.0 0.124219 0.764033 0.123438 0.114345
0 1.0 0.343750 0.752599 0.243750 0.245322
0 1.0 0.289062 0.733888 0.115625 0.270270
0 1.0 0.916406 0.708940 0.145313 0.332640
0 1.0 0.301563 0.759875 0.093750 0.093555
0 1.0 0.906250 0.766112 0.187500 0.164241
0 1.0 0.176563 0.822245 0.284375 0.284823
0 1.0 0.146094 0.814969 0.292187 0.128898
0 1.0 0.766406 0.755717 0.120313 0.305613
0 1.0 0.124219 0.822245 0.123438 0.118503
0 1.0 0.035156 0.818087 0.070312 0.322245
0 1.0 0.054688 0.813929 0.109375 0.085239
0 1.0 0.291406 0.818087 0.095312 0.085239
0 1.0 0.282031 0.814969 0.260937 0.261954
0 1.0 0.253906 0.814969 0.170313 0.124740
0 1.0 0.845313 0.769231 0.087500 0.095634
0 1.0 0.857812 0.772349 0.246875 0.318087
0 1.0 0.501563 0.764033 0.218750 0.143451
0 1.0 0.713281 0.746362 0.114062 0.274428
0 1.0 0.770312 0.762994 0.268750 0.166320
0 1.0 0.967187 0.777547 0.053125 0.166320
0 1.0 0.943750 0.758836 0.112500 0.099792
0 1.0 0.603906 0.753638 0.110937 0.288981
0 1.0 0.203906 0.712058 0.173437 0.151767
0 1.0 0.064844 0.759875 0.129688 0.089397
0 1.0 0.821094 0.653846 0.304688 0.130977
0 1.0 0.058594 0.706861 0.117188 0.087318
0 1.0 0.130469 0.691268 0.251563 0.280665
0 1.0 0.118750 0.708940 0.140625 0.124740
0 1.0 0.937500 0.656965 0.125000 0.137214
0 1.0 0.538281 0.645530 0.270313 0.284823
0 1.0 0.056250 0.697505 0.112500 0.193347
0 1.0 0.824219 0.659044 0.085938 0.074844
0 1.0 0.847656 0.715177 0.070312 0.079002
0 1.0 0.815625 0.708940 0.121875 0.328482
0 1.0 0.718750 0.706861 0.300000 0.120582
0 1.0 0.058594 0.765073 0.060937 0.074844
0 1.0 0.945312 0.705821 0.109375 0.097713
0 1.0 0.960156 0.727651 0.079687 0.199584
0 1.0 0.807813 0.712058 0.103125 0.081081
0 1.0 0.430469 0.711019 0.254688 0.124740
0 1.0 0.449219 0.716216 0.123438 0.110187
0 1.0 0.714844 0.700624 0.192188 0.216216
0 1.0 0.614844 0.706861 0.232813 0.145530
0 1.0 0.659375 0.319127 0.109375 0.255717
0 1.0 0.644531 0.339917 0.332813 0.126819
0 1.0 0.382031 0.350312 0.301563 0.264033
0 1.0 0.394531 0.333680 0.160938 0.176715
0 1.0 0.346875 0.345114 0.115625 0.224532
0 1.0 0.581250 0.331601 0.256250 0.255717
0 1.0 0.550781 0.360707 0.132812 0.201663
0 1.0 0.532813 0.346154 0.293750 0.135135
0 1.0 0.593750 0.358628 0.096875 0.143451
0 1.0 0.865625 0.335759 0.203125 0.234927
0 1.0 0.496875 0.353430 0.115625 0.187110
0 1.0 0.775781 0.312890 0.251563 0.330561
0 1.0 0.705469 0.300416 0.104688 0.251559
0 1.0 0.105469 0.343035 0.210938 0.328482
0 1.0 0.290625 0.347193 0.096875 0.207900
0 1.0 0.297656 0.338877 0.304688 0.174636
0 1.0 0.226562 0.343035 0.134375 0.220374
0 1.0 0.946875 0.287942 0.106250 0.172557
0 1.0 0.254688 0.370062 0.284375 0.311850
0 1.0 0.181250 0.369023 0.109375 0.259875
0 1.0 0.442188 0.319127 0.037500 0.064449
0 1.0 0.080469 0.362786 0.098437 0.318087
0 1.0 0.125000 0.340956 0.203125 0.116424
0 1.0 0.074219 0.395010 0.148438 0.103950
0 1.0 0.300781 0.381497 0.204687 0.143451
0 1.0 0.921094 0.337838 0.110937 0.351351
0 1.0 0.483594 0.384615 0.332813 0.133056
0 1.0 0.201563 0.383576 0.284375 0.147609
0 1.0 0.447656 0.393971 0.135937 0.180873
0 1.0 0.959375 0.337838 0.043750 0.126819
0 1.0 0.939063 0.338877 0.121875 0.108108
0 1.0 0.142187 0.414761 0.125000 0.305613
0 1.0 0.064062 0.399168 0.071875 0.095634
0 1.0 0.764062 0.303534 0.131250 0.266112
0 1.0 0.775000 0.335759 0.293750 0.126819
0 1.0 0.047656 0.401247 0.095312 0.320166
0 1.0 0.291406 0.299376 0.151562 0.212058
0 1.0 0.931250 0.239085 0.137500 0.153846
0 1.0 0.321094 0.308732 0.079687 0.110187
0 1.0 0.499219 0.293139 0.270313 0.278586
0 1.0 0.519531 0.301455 0.176563 0.182952
0 1.0 0.442969 0.309771 0.073438 0.162162
0 1.0 0.508594 0.300416 0.064062 0.072765
0 1.0 0.441406 0.287942 0.132812 0.197505
0 1.0 0.482812 0.306653 0.075000 0.101871
0 1.0 0.125000 0.290021 0.153125 0.101871
0 1.0 0.083594 0.287942 0.051562 0.168399
0 1.0 0.052344 0.285863 0.104688 0.193347
0 1.0 0.185156 0.081081 0.082812 0.162162
0 1.0 0.193750 0.298337 0.259375 0.185031
0 1.0 0.127344 0.072765 0.067187 0.141372
0 1.0 0.155469 0.032225 0.107813 0.064449
0 1.0 0.140625 0.088358 0.246875 0.176715
0 1.0 0.139844 0.060291 0.139063 0.120582
0 1.0 0.079687 0.084200 0.062500 0.130977
0 1.0 0.205469 0.319127 0.070312 0.130977
0 1.0 0.143750 0.321206 0.065625 0.155925
0 1.0 0.026562 0.074844 0.040625 0.108108
0 1.0 0.084375 0.029106 0.053125 0.049896
0 1.0 0.078125 0.288981 0.103125 0.079002
0 1.0 0.952344 0.287942 0.060937 0.135135
0 1.0 0.650781 0.283784 0.179688 0.110187
0 1.0 0.645312 0.279626 0.246875 0.284823
0 1.0 0.875000 0.266112 0.128125 0.311850
0 1.0 0.835938 0.285863 0.162500 0.110187
0 1.0 0.877344 0.257796 0.082812 0.166320
0 1.0 0.671094 0.266112 0.079687 0.149688
0 1.0 0.058594 0.344075 0.098437 0.126819
0 1.0 0.765625 0.279626 0.268750 0.135135
0 1.0 0.031250 0.340956 0.062500 0.237006
0 1.0 0.366406 0.299376 0.114062 0.112266
0 1.0 0.592969 0.317048 0.054688 0.081081
0 1.0 0.567187 0.297297 0.143750 0.095634
0 1.0 0.260937 0.288981 0.187500 0.120582
0 1.0 0.235937 0.303534 0.078125 0.137214
0 1.0 0.706250 0.231809 0.081250 0.147609
0 1.0 0.332031 0.498960 0.157812 0.103950
0 1.0 0.325781 0.458420 0.120313 0.288981
0 1.0 0.072656 0.498960 0.107813 0.079002
0 1.0 0.289062 0.474012 0.087500 0.166320
0 1.0 0.228125 0.486486 0.140625 0.415800
0 1.0 0.217188 0.501040 0.146875 0.108108
0 1.0 0.486719 0.486486 0.339062 0.137214
0 1.0 0.155469 0.501040 0.164062 0.158004
0 1.0 0.387500 0.474012 0.093750 0.195426
0 1.0 0.769531 0.443867 0.192188 0.234927
0 1.0 0.710156 0.439709 0.126562 0.305613
0 1.0 0.706250 0.443867 0.228125 0.114345
0 1.0 0.960938 0.470894 0.050000 0.147609
0 1.0 0.958594 0.442827 0.082812 0.087318
0 1.0 0.928906 0.445946 0.142187 0.143451
0 1.0 0.582812 0.437630 0.284375 0.114345
0 1.0 0.596875 0.420998 0.100000 0.176715
0 1.0 0.897656 0.446985 0.204687 0.311850
0 1.0 0.839844 0.449064 0.057813 0.066528
0 1.0 0.876563 0.454262 0.103125 0.226611
0 1.0 0.832031 0.451143 0.210938 0.137214
0 1.0 0.077344 0.464657 0.126562 0.401247
0 1.0 0.710156 0.496881 0.317188 0.137214
0 1.0 0.541406 0.486486 0.185938 0.199584
0 1.0 0.889062 0.498960 0.221875 0.133056
0 1.0 0.595313 0.483368 0.121875 0.234927
0 1.0 0.829688 0.500000 0.109375 0.093555
0 1.0 0.399219 0.807692 0.251563 0.280665
0 1.0 0.642969 0.482328 0.276562 0.291060
0 1.0 0.362500 0.472973 0.084375 0.147609
0 1.0 0.817187 0.489605 0.125000 0.322245
0 1.0 0.771094 0.490644 0.110937 0.249480
0 1.0 0.440625 0.470894 0.103125 0.193347
0 1.0 0.942969 0.390852 0.114062 0.103950
0 1.0 0.953906 0.413721 0.079687 0.191268
0 1.0 0.650000 0.375260 0.196875 0.226611
0 1.0 0.842187 0.399168 0.218750 0.153846
0 1.0 0.165625 0.443867 0.090625 0.085239
0 1.0 0.146094 0.442827 0.179688 0.149688
0 1.0 0.712500 0.390852 0.334375 0.137214
0 1.0 0.659375 0.434511 0.118750 0.295218
0 1.0 0.357812 0.408524 0.100000 0.155925
0 1.0 0.285938 0.440748 0.156250 0.128898
0 1.0 0.303125 0.422037 0.309375 0.162162
0 1.0 0.441406 0.446985 0.067187 0.128898
0 1.0 0.096875 0.445946 0.034375 0.047817
0 1.0 0.068750 0.446985 0.075000 0.083160
0 1.0 0.300000 0.406445 0.075000 0.147609
0 1.0 0.242188 0.441788 0.065625 0.085239
0 1.0 0.222656 0.419958 0.098437 0.249480
0 1.0 0.493750 0.436590 0.103125 0.182952
0 1.0 0.353906 0.432432 0.045312 0.058212
0 1.0 0.471875 0.436590 0.231250 0.182952
0 1.0 0.771875 0.140333 0.246875 0.259875
0 1.0 0.713281 0.165281 0.120313 0.205821
0 1.0 0.728125 0.126819 0.284375 0.124740
0 1.0 0.653906 0.649688 0.589063 0.222453
0 1.0 0.878125 0.136175 0.171875 0.272349
0 1.0 0.662500 0.129938 0.246875 0.251559
0 1.0 0.601562 0.170478 0.100000 0.191268
0 1.0 0.553906 0.165281 0.114062 0.268191
0 1.0 0.570312 0.123701 0.250000 0.126819
0 1.0 0.104688 0.172557 0.209375 0.170478
0 1.0 0.549219 0.652807 0.457813 0.440748
0 1.0 0.046875 0.190229 0.093750 0.338877
0 1.0 0.058594 0.177755 0.082812 0.097713
0 1.0 0.964844 0.173597 0.070312 0.205821
0 1.0 0.932031 0.122661 0.135937 0.112266
0 1.0 0.343750 0.633056 0.546875 0.268191
0 1.0 0.875000 0.119543 0.250000 0.143451
0 1.0 0.347656 0.148649 0.160938 0.297297
0 1.0 0.674219 0.178794 0.076563 0.108108
0 1.0 0.289062 0.174636 0.109375 0.224532
0 1.0 0.244531 0.125780 0.317188 0.143451
0 1.0 0.291406 0.133056 0.064062 0.091476
0 1.0 0.287500 0.138254 0.200000 0.239085
0 1.0 0.732812 0.757796 0.528125 0.226611
0 1.0 0.069531 0.121622 0.135937 0.106029
0 1.0 0.965625 0.118503 0.053125 0.128898
0 1.0 0.126562 0.165281 0.125000 0.309771
0 1.0 0.213281 0.151767 0.270313 0.303534
0 1.0 0.933594 0.074844 0.132812 0.103950
0 1.0 0.349219 0.751559 0.598437 0.226611
0 1.0 0.554688 0.146570 0.265625 0.280665
0 1.0 0.493750 0.123701 0.250000 0.172557
0 1.0 0.442969 0.168399 0.110937 0.270270
0 1.0 0.500781 0.165281 0.117188 0.268191
0 1.0 0.467187 0.127859 0.131250 0.130977
0 1.0 0.439844 0.152807 0.251563 0.305613
0 1.0 0.363281 0.119543 0.220312 0.130977
0 1.0 0.168750 0.443867 0.337500 0.222453
0 1.0 0.675000 0.191268 0.134375 0.158004
0 1.0 0.596875 0.232848 0.081250 0.162162
0 1.0 0.734375 0.179834 0.268750 0.126819
0 1.0 0.585938 0.183992 0.175000 0.106029
0 1.0 0.639062 0.348233 0.600000 0.222453
0 1.0 0.157031 0.376299 0.210938 0.528067
0 1.0 0.492969 0.189189 0.110937 0.095634
0 1.0 0.184375 0.182952 0.118750 0.340956
0 1.0 0.359375 0.187110 0.096875 0.162162
0 1.0 0.289062 0.229730 0.081250 0.164241
0 1.0 0.297656 0.192308 0.279687 0.126819
0 1.0 0.190625 0.178794 0.046875 0.112266
0 1.0 0.724219 0.545738 0.551562 0.222453
0 1.0 0.385156 0.188150 0.107813 0.097713
0 1.0 0.643750 0.449064 0.600000 0.220374
0 1.0 0.531250 0.437630 0.459375 0.388773
0 1.0 0.514844 0.183992 0.229687 0.118503
0 1.0 0.310156 0.205821 0.057813 0.095634
0 1.0 0.236719 0.186071 0.135937 0.305613
0 1.0 0.462500 0.192308 0.090625 0.143451
0 1.0 0.392969 0.202703 0.126562 0.322245
0 1.0 0.412500 0.183992 0.306250 0.143451
0 1.0 0.727344 0.084200 0.048438 0.056133
0 1.0 0.739844 0.041580 0.145313 0.079002
0 1.0 0.850000 0.042620 0.146875 0.085239
0 1.0 0.211719 0.696466 0.423438 0.378378
0 1.0 0.816406 0.056133 0.067187 0.108108
0 1.0 0.613281 0.068607 0.048438 0.062370
0 1.0 0.629687 0.039501 0.150000 0.079002
0 1.0 0.621094 0.059252 0.098437 0.089397
0 1.0 0.499219 0.879418 0.832812 0.241164
0 1.0 0.553125 0.065489 0.065625 0.114345
0 1.0 0.580469 0.030146 0.107813 0.060291
0 1.0 0.817969 0.086279 0.260937 0.172557
0 1.0 0.758594 0.071726 0.070312 0.110187
0 1.0 0.793750 0.032225 0.134375 0.064449
0 1.0 0.764844 0.063410 0.051562 0.068607
0 1.0 0.717969 0.099792 0.067187 0.095634
0 1.0 0.824219 0.056133 0.045312 0.062370
0 1.0 0.077344 0.124740 0.107813 0.241164
0 1.0 0.962500 0.056133 0.034375 0.070686
0 1.0 0.929688 0.034304 0.140625 0.068607
0 1.0 0.072656 0.073805 0.135937 0.101871
0 1.0 0.871875 0.048857 0.071875 0.097713
0 1.0 0.030469 0.115385 0.060937 0.222453
0 1.0 0.234375 0.077963 0.081250 0.155925
0 1.0 0.239063 0.034304 0.212500 0.068607
0 1.0 0.421875 0.037422 0.140625 0.074844
0 1.0 0.343750 0.074844 0.075000 0.149688
0 1.0 0.328906 0.027027 0.073438 0.054054
0 1.0 0.313281 0.038462 0.176563 0.076923
0 1.0 0.289844 0.070686 0.070312 0.141372
0 1.0 0.666406 0.655925 0.667188 0.688150
0 1.0 0.056250 0.036383 0.093750 0.072765
0 1.0 0.430469 0.272349 0.860938 0.507277
0 1.0 0.503125 0.068607 0.075000 0.095634
0 1.0 0.504687 0.040541 0.190625 0.081081
0 1.0 0.444531 0.087318 0.054688 0.095634
0 1.0 0.496875 0.029106 0.059375 0.049896
0 1.0 0.442969 0.073805 0.095312 0.114345
0 1.0 0.667188 0.091476 0.053125 0.083160
0 1.0 0.697656 0.032225 0.120313 0.060291
0 1.0 0.678125 0.065489 0.093750 0.085239
0 1.0 0.397656 0.087318 0.079687 0.153846
0 1.0 0.564063 0.081081 0.193750 0.141372
0 1.0 0.757031 0.114345 0.126562 0.170478
0 1.0 0.735156 0.079002 0.245312 0.112266
0 1.0 0.221875 0.924116 0.443750 0.151767
0 1.0 0.719531 0.142412 0.089063 0.110187
0 1.0 0.729688 0.922037 0.540625 0.155925
0 1.0 0.453906 0.924116 0.589063 0.151767
0 1.0 0.632812 0.079002 0.209375 0.112266
0 1.0 0.829688 0.849272 0.340625 0.205821
0 1.0 0.812500 0.111227 0.121875 0.222453
0 1.0 0.269531 0.850312 0.539062 0.203742
0 1.0 0.214062 0.293139 0.428125 0.370062
0 1.0 0.637500 0.124740 0.725000 0.249480
0 1.0 0.251563 0.074844 0.300000 0.137214
0 1.0 0.459375 0.077963 0.225000 0.130977
0 1.0 0.347656 0.130977 0.695312 0.261954
0 1.0 0.185938 0.906445 0.109375 0.187110
0 1.0 0.913281 0.871102 0.173437 0.216216
0 1.0 0.878125 0.843035 0.081250 0.155925
0 1.0 0.820312 0.876299 0.131250 0.089397
0 1.0 0.075781 0.895010 0.117188 0.209979
0 1.0 0.123438 0.918919 0.246875 0.112266
0 1.0 0.131250 0.909563 0.121875 0.180873
0 1.0 0.400781 0.914761 0.170313 0.170478
0 1.0 0.341406 0.907484 0.104688 0.185031
0 1.0 0.353125 0.915800 0.300000 0.110187
0 1.0 0.056250 0.922037 0.112500 0.085239
0 1.0 0.036719 0.913721 0.073438 0.172557
0 1.0 0.301563 0.920998 0.128125 0.137214
0 1.0 0.234375 0.904366 0.109375 0.191268
0 1.0 0.607031 0.859667 0.270313 0.251559
0 1.0 0.819531 0.854470 0.067187 0.141372
0 1.0 0.769531 0.864865 0.070312 0.145530
0 1.0 0.504687 0.871102 0.178125 0.174636
0 1.0 0.450781 0.845114 0.032813 0.072765
0 1.0 0.465625 0.871102 0.187500 0.087318
0 1.0 0.453125 0.859667 0.056250 0.097713
0 1.0 0.482812 0.877339 0.090625 0.083160
0 1.0 0.720313 0.848233 0.053125 0.103950
0 1.0 0.725781 0.869023 0.304688 0.116424
0 1.0 0.965625 0.882536 0.031250 0.072765
0 1.0 0.942187 0.870062 0.115625 0.101871
0 1.0 0.957031 0.895010 0.054688 0.097713
0 1.0 0.620313 0.872141 0.215625 0.135135
0 1.0 0.614062 0.867983 0.034375 0.064449
0 1.0 0.613281 0.920998 0.164062 0.158004
0 1.0 0.553125 0.918919 0.096875 0.162162
0 1.0 0.564844 0.917879 0.289062 0.101871
0 1.0 0.815625 0.906445 0.109375 0.187110
0 1.0 0.765625 0.908524 0.109375 0.182952
0 1.0 0.459375 0.919958 0.268750 0.097713
0 1.0 0.057031 0.964657 0.064062 0.049896
0 1.0 0.714063 0.913721 0.103125 0.172557
0 1.0 0.722656 0.918919 0.317188 0.116424
0 1.0 0.959375 0.934511 0.081250 0.130977
0 1.0 0.497656 0.918919 0.098437 0.162162
0 1.0 0.445312 0.923077 0.084375 0.153846
0 1.0 0.664844 0.932432 0.082812 0.135135
0 1.0 0.607031 0.938669 0.073438 0.122661
0 1.0 0.849219 0.822245 0.082812 0.089397
0 1.0 0.465625 0.814969 0.268750 0.112266
0 1.0 0.721875 0.812890 0.328125 0.128898
0 1.0 0.965625 0.852391 0.062500 0.199584
0 1.0 0.940625 0.810811 0.118750 0.099792
0 1.0 0.881250 0.812890 0.237500 0.128898
0 1.0 0.660937 0.811850 0.193750 0.218295
0 1.0 0.476562 0.817048 0.118750 0.103950
0 1.0 0.340625 0.811850 0.193750 0.122661
0 1.0 0.502344 0.864865 0.048438 0.103950
0 1.0 0.182812 0.870062 0.284375 0.122661
0 1.0 0.396094 0.845114 0.060937 0.143451
0 1.0 0.187500 0.849272 0.087500 0.139293
0 1.0 0.666406 0.851351 0.051562 0.106029
0 1.0 0.364844 0.871102 0.173437 0.108108
0 1.0 0.296875 0.835759 0.050000 0.112266
0 1.0 0.267188 0.870062 0.250000 0.097713
0 1.0 0.560156 0.848233 0.048438 0.103950
0 1.0 0.875000 0.817048 0.134375 0.328482
0 1.0 0.078906 0.845114 0.076563 0.185031
0 1.0 0.346094 0.832640 0.051562 0.110187
0 1.0 0.027344 0.874220 0.048438 0.160083
0 1.0 0.046875 0.870062 0.093750 0.076923
0 1.0 0.300781 0.876299 0.082812 0.076923
0 1.0 0.296094 0.871102 0.142187 0.153846
0 1.0 0.235156 0.835759 0.067187 0.141372
0 1.0 0.350000 0.245322 0.300000 0.137214
0 1.0 0.355469 0.250520 0.129688 0.193347
0 1.0 0.202344 0.241164 0.317188 0.128898
0 1.0 0.468750 0.240125 0.315625 0.135135
0 1.0 0.492969 0.246362 0.095312 0.101871
0 1.0 0.594531 0.292100 0.085938 0.164241
0 1.0 0.623437 0.233888 0.228125 0.122661
0 1.0 0.442969 0.248441 0.085938 0.101871
0 1.0 0.400781 0.244283 0.242188 0.301455
0 1.0 0.142969 0.215177 0.254688 0.430353
0 1.0 0.930469 0.180873 0.139063 0.116424
0 1.0 0.738281 0.245322 0.501563 0.241164
0 1.0 0.833594 0.258836 0.223438 0.517672
0 1.0 0.528125 0.258836 0.518750 0.243243
0 1.0 0.343750 0.277547 0.518750 0.243243
0 1.0 0.077344 0.237006 0.154688 0.103950
0 1.0 0.501563 0.958420 0.078125 0.083160
0 1.0 0.549219 0.964657 0.085938 0.054054
0 1.0 0.517188 0.957380 0.181250 0.085239
0 1.0 0.194531 0.959459 0.104688 0.081081
0 1.0 0.133594 0.954262 0.079687 0.091476
0 1.0 0.143750 0.954262 0.190625 0.091476
0 1.0 0.397656 0.950104 0.110937 0.099792
0 1.0 0.450000 0.958420 0.065625 0.083160
0 1.0 0.700781 0.964657 0.120313 0.066528
0 1.0 0.669531 0.954262 0.207813 0.091476
0 1.0 0.303125 0.959459 0.109375 0.081081
0 1.0 0.639062 0.964657 0.093750 0.058212
0 1.0 0.230469 0.963617 0.104688 0.060291
0 1.0 0.845313 0.917879 0.184375 0.101871
0 1.0 0.877344 0.911642 0.120313 0.176715
0 1.0 0.077344 0.946985 0.079687 0.106029
0 1.0 0.344531 0.952183 0.082812 0.095634
0 1.0 0.372656 0.964657 0.064062 0.049896
0 1.0 0.273438 0.964657 0.093750 0.054054
0 1.0 0.724219 0.228690 0.217188 0.261954
0 1.0 0.817187 0.952183 0.084375 0.095634
0 1.0 0.853125 0.962578 0.165625 0.074844
0 1.0 0.598437 0.965696 0.078125 0.051975
0 1.0 0.973437 0.961538 0.053125 0.076923
0 1.0 0.767188 0.950104 0.081250 0.099792
0 1.0 0.770312 0.953222 0.218750 0.093555
0 1.0 0.867969 0.963617 0.070312 0.051975
0 1.0 0.924219 0.939709 0.089063 0.120582
0 1.0 0.446875 0.723493 0.262500 0.498960
0 1.0 0.650781 0.745322 0.210938 0.509356
0 1.0 0.738281 0.663202 0.404687 0.457380
0 1.0 0.354687 0.737006 0.206250 0.525988
0 1.0 0.663281 0.328482 0.673438 0.656965
0 1.0 0.128906 0.637214 0.257812 0.725572
0 1.0 0.845313 0.569647 0.196875 0.598753
0 1.0 0.267188 0.556133 0.534375 0.268191
0 1.0 0.757812 0.543659 0.221875 0.567568
0 1.0 0.738281 0.423077 0.404687 0.451143
0 1.0 0.704688 0.245322 0.309375 0.490644