0 1.0 0.461358 0.517969 0.763466 0.685937
0 1.0 0.436768 0.262500 0.447307 0.293750
0 1.0 0.761124 0.604688 0.168618 0.271875
0 1.0 0.734192 0.602344 0.288056 0.157812
0 1.0 0.441452 0.610938 0.189696 0.200000
0 1.0 0.661593 0.589063 0.161593 0.293750
0 1.0 0.878220 0.605469 0.243560 0.129688
0 1.0 0.914520 0.614844 0.152225 0.304688
0 1.0 0.779859 0.611719 0.070258 0.073438
0 1.0 0.562061 0.607812 0.168618 0.231250
0 1.0 0.833724 0.616406 0.046838 0.057813
0 1.0 0.542155 0.602344 0.255269 0.126562
0 1.0 0.566745 0.605469 0.060890 0.082812
0 1.0 0.451991 0.614062 0.042155 0.068750
0 1.0 0.508197 0.616406 0.093677 0.232813
0 1.0 0.882904 0.620313 0.112412 0.190625
0 1.0 0.443794 0.629687 0.077283 0.143750
0 1.0 0.508197 0.618750 0.028103 0.056250
0 1.0 0.133489 0.612500 0.140515 0.078125
0 1.0 0.173302 0.615625 0.037471 0.043750
0 1.0 0.155738 0.594531 0.250585 0.354687
0 1.0 0.139344 0.595313 0.194379 0.196875
0 1.0 0.067916 0.651563 0.107728 0.212500
0 1.0 0.336066 0.651563 0.081967 0.143750
0 1.0 0.303279 0.605469 0.245902 0.117188
0 1.0 0.343091 0.609375 0.091335 0.087500
0 1.0 0.374707 0.595313 0.262295 0.281250
0 1.0 0.329040 0.620313 0.030445 0.040625
0 1.0 0.240047 0.682813 0.077283 0.128125
0 1.0 0.459016 0.669531 0.145199 0.110937
0 1.0 0.502342 0.676562 0.035129 0.071875
0 1.0 0.387588 0.638281 0.133489 0.223438
0 1.0 0.037471 0.698438 0.074941 0.190625
0 1.0 0.124122 0.660156 0.206089 0.095312
0 1.0 0.334895 0.670312 0.173302 0.096875
0 1.0 0.353630 0.674219 0.084309 0.082812
0 1.0 0.199063 0.675781 0.065574 0.082812
0 1.0 0.617096 0.657813 0.208431 0.137500
0 1.0 0.586651 0.639062 0.086651 0.190625
0 1.0 0.257611 0.671875 0.229508 0.103125
0 1.0 0.292740 0.685156 0.060890 0.067187
0 1.0 0.229508 0.671875 0.290398 0.290625
0 1.0 0.531616 0.666406 0.074941 0.107813
0 1.0 0.551522 0.638281 0.091335 0.229687
0 1.0 0.137002 0.675000 0.152225 0.300000
0 1.0 0.140515 0.667188 0.060890 0.071875
0 1.0 0.051522 0.655469 0.103044 0.067187
0 1.0 0.050351 0.662500 0.049180 0.059375
0 1.0 0.962529 0.666406 0.042155 0.101562
0 1.0 0.288056 0.725781 0.060890 0.117188
0 1.0 0.289227 0.700000 0.110070 0.140625
0 1.0 0.324356 0.692969 0.030445 0.042188
0 1.0 0.946136 0.604688 0.107728 0.096875
0 1.0 0.185012 0.719531 0.107728 0.220312
0 1.0 0.505855 0.551562 0.266979 0.318750
0 1.0 0.449649 0.555469 0.220141 0.126562
0 1.0 0.177986 0.533594 0.201405 0.173437
0 1.0 0.947307 0.552344 0.105386 0.098437
0 1.0 0.327869 0.549219 0.220141 0.135937
0 1.0 0.628806 0.547656 0.274005 0.148438
0 1.0 0.290398 0.587500 0.121780 0.156250
0 1.0 0.279859 0.544531 0.367681 0.295312
0 1.0 0.237705 0.599219 0.086651 0.123438
0 1.0 0.826698 0.503125 0.117096 0.084375
0 1.0 0.858314 0.492188 0.264637 0.290625
0 1.0 0.802108 0.555469 0.105386 0.179688
0 1.0 0.069087 0.582812 0.077283 0.121875
0 1.0 0.144028 0.553906 0.166276 0.085938
0 1.0 0.096019 0.552344 0.159251 0.160938
0 1.0 0.033958 0.629687 0.044496 0.087500
0 1.0 0.043326 0.561719 0.086651 0.057813
0 1.0 0.751756 0.511719 0.182670 0.226562
0 1.0 0.707260 0.496094 0.299766 0.135937
0 1.0 0.289227 0.620313 0.053864 0.109375
0 1.0 0.959016 0.561719 0.039813 0.085938
0 1.0 0.946136 0.493750 0.107728 0.093750
0 1.0 0.881733 0.532031 0.100703 0.132812
0 1.0 0.183841 0.580469 0.096019 0.145313
0 1.0 0.811475 0.500000 0.063232 0.062500
0 1.0 0.188525 0.625000 0.142857 0.150000
0 1.0 0.839578 0.560937 0.100703 0.084375
0 1.0 0.796253 0.553906 0.295082 0.135937
0 1.0 0.146370 0.617969 0.035129 0.042188
0 1.0 0.031616 0.688281 0.049180 0.117188
0 1.0 0.046838 0.618750 0.093677 0.050000
0 1.0 0.060890 0.627344 0.037471 0.035937
0 1.0 0.960187 0.623437 0.042155 0.090625
0 1.0 0.193208 0.616406 0.100703 0.076563
0 1.0 0.813817 0.558594 0.063232 0.067187
0 1.0 0.893443 0.553125 0.213115 0.162500
0 1.0 0.258782 0.761719 0.133489 0.157812
0 1.0 0.230679 0.759375 0.227166 0.246875
0 1.0 0.448478 0.760156 0.278689 0.145313
0 1.0 0.429742 0.719531 0.161593 0.207813
0 1.0 0.427400 0.748437 0.283372 0.290625
0 1.0 0.138173 0.763281 0.224824 0.132812
0 1.0 0.079625 0.759375 0.149883 0.287500
0 1.0 0.459016 0.766406 0.121780 0.129688
0 1.0 0.662763 0.706250 0.103044 0.187500
0 1.0 0.655738 0.764062 0.299766 0.143750
0 1.0 0.341920 0.750000 0.126464 0.228125
0 1.0 0.502342 0.734375 0.105386 0.228125
0 1.0 0.550351 0.737500 0.098361 0.225000
0 1.0 0.549180 0.766406 0.334895 0.251563
0 1.0 0.562061 0.758594 0.196721 0.185938
0 1.0 0.154567 0.755469 0.229508 0.295312
0 1.0 0.149883 0.767188 0.074941 0.118750
0 1.0 0.797424 0.712500 0.236534 0.181250
0 1.0 0.060890 0.760156 0.121780 0.089063
0 1.0 0.058548 0.764844 0.051522 0.073438
0 1.0 0.298595 0.760938 0.067916 0.112500
0 1.0 0.937939 0.724219 0.124122 0.173437
0 1.0 0.912178 0.719531 0.133489 0.310937
0 1.0 0.875878 0.716406 0.248244 0.135937
0 1.0 0.165105 0.810156 0.283372 0.148438
0 1.0 0.772834 0.711719 0.145199 0.310937
0 1.0 0.764637 0.770312 0.227166 0.181250
0 1.0 0.135831 0.814844 0.103044 0.114062
0 1.0 0.038642 0.809375 0.077283 0.300000
0 1.0 0.078454 0.817187 0.156909 0.096875
0 1.0 0.296253 0.809375 0.110070 0.109375
0 1.0 0.437939 0.693750 0.074941 0.125000
0 1.0 0.716628 0.725000 0.112412 0.259375
0 1.0 0.070258 0.822656 0.056206 0.073438
0 1.0 0.969555 0.762500 0.051522 0.125000
0 1.0 0.598361 0.728125 0.110070 0.196875
0 1.0 0.792740 0.771094 0.147541 0.114062
0 1.0 0.854801 0.775781 0.051522 0.079687
0 1.0 0.180328 0.710156 0.177986 0.123438
0 1.0 0.204918 0.718750 0.063232 0.106250
0 1.0 0.805621 0.649219 0.290398 0.135937
0 1.0 0.051522 0.707812 0.103044 0.078125
0 1.0 0.050351 0.713281 0.049180 0.070312
0 1.0 0.285714 0.714063 0.229508 0.118750
0 1.0 0.323185 0.719531 0.042155 0.073438
0 1.0 0.926230 0.660937 0.147541 0.128125
0 1.0 0.386417 0.667969 0.299766 0.126562
0 1.0 0.439110 0.673438 0.049180 0.071875
0 1.0 0.964871 0.713281 0.051522 0.139063
0 1.0 0.687354 0.653125 0.142857 0.143750
0 1.0 0.566745 0.660937 0.074941 0.106250
0 1.0 0.786885 0.660156 0.098361 0.079687
0 1.0 0.841920 0.666406 0.053864 0.064062
0 1.0 0.851288 0.657031 0.264637 0.317188
0 1.0 0.504684 0.708594 0.208431 0.107813
0 1.0 0.539813 0.708594 0.086651 0.089063
0 1.0 0.336066 0.716406 0.096019 0.098437
0 1.0 0.708431 0.707812 0.278689 0.140625
0 1.0 0.670960 0.676562 0.269321 0.296875
0 1.0 0.770492 0.717187 0.103044 0.087500
0 1.0 0.838407 0.726562 0.042155 0.065625
0 1.0 0.681499 0.715625 0.093677 0.096875
0 1.0 0.480094 0.713281 0.042155 0.067187
0 1.0 0.154567 0.714844 0.060890 0.098437
0 1.0 0.391101 0.717187 0.056206 0.081250
0 1.0 0.626464 0.711719 0.170960 0.104688
0 1.0 0.592506 0.710938 0.084309 0.087500
0 1.0 0.461358 0.330469 0.163934 0.192188
0 1.0 0.386417 0.344531 0.112412 0.204687
0 1.0 0.140515 0.355469 0.163934 0.076563
0 1.0 0.087822 0.422656 0.044496 0.054688
0 1.0 0.895785 0.491406 0.208431 0.148438
0 1.0 0.114754 0.336719 0.229508 0.239063
0 1.0 0.099532 0.373437 0.142857 0.106250
0 1.0 0.029274 0.397656 0.025761 0.051562
0 1.0 0.299766 0.363281 0.084309 0.123438
0 1.0 0.331382 0.339844 0.213115 0.132812
0 1.0 0.311475 0.326562 0.295082 0.246875
0 1.0 0.594848 0.298438 0.220141 0.290625
0 1.0 0.559719 0.335156 0.117096 0.192188
0 1.0 0.557377 0.332031 0.304450 0.151562
0 1.0 0.247073 0.356250 0.180328 0.134375
0 1.0 0.182670 0.407031 0.060890 0.079687
0 1.0 0.181499 0.382031 0.133489 0.107813
0 1.0 0.819672 0.302344 0.281030 0.270313
0 1.0 0.824356 0.297656 0.173302 0.151562
0 1.0 0.763466 0.328906 0.088993 0.145313
0 1.0 0.762295 0.284375 0.236534 0.115625
0 1.0 0.774005 0.307031 0.035129 0.051562
0 1.0 0.069087 0.355469 0.086651 0.051562
0 1.0 0.032787 0.394531 0.051522 0.070312
0 1.0 0.327869 0.346875 0.098361 0.118750
0 1.0 0.059719 0.382812 0.063232 0.071875
0 1.0 0.963700 0.344531 0.039813 0.079687
0 1.0 0.955504 0.289844 0.088993 0.089063
0 1.0 0.957845 0.324219 0.042155 0.057813
0 1.0 0.927400 0.295312 0.145199 0.134375
0 1.0 0.651054 0.284375 0.220141 0.159375
0 1.0 0.235363 0.400781 0.081967 0.114062
0 1.0 0.135831 0.428906 0.070258 0.089063
0 1.0 0.168618 0.354687 0.295082 0.106250
0 1.0 0.069087 0.450000 0.077283 0.096875
0 1.0 0.077283 0.450781 0.051522 0.057813
0 1.0 0.758782 0.400000 0.103044 0.159375
0 1.0 0.756440 0.343750 0.323185 0.121875
0 1.0 0.067916 0.415625 0.112412 0.071875
0 1.0 0.074941 0.398438 0.149883 0.221875
0 1.0 0.963700 0.407031 0.030445 0.057813
0 1.0 0.936768 0.341406 0.126464 0.098437
0 1.0 0.953162 0.402344 0.056206 0.079687
0 1.0 0.743560 0.348438 0.269321 0.275000
0 1.0 0.306792 0.385156 0.145199 0.139063
0 1.0 0.254098 0.397656 0.358314 0.120313
0 1.0 0.881733 0.341406 0.236534 0.120313
0 1.0 0.916862 0.364063 0.138173 0.218750
0 1.0 0.142857 0.410156 0.192037 0.120313
0 1.0 0.878220 0.388281 0.112412 0.167187
0 1.0 0.450820 0.285156 0.053864 0.089063
0 1.0 0.711944 0.384375 0.103044 0.140625
0 1.0 0.642857 0.346875 0.114754 0.184375
0 1.0 0.807963 0.394531 0.079625 0.139063
0 1.0 0.762295 0.270313 0.105386 0.225000
0 1.0 0.101874 0.312500 0.110070 0.103125
0 1.0 0.032787 0.367188 0.042155 0.090625
0 1.0 0.069087 0.296875 0.091335 0.056250
0 1.0 0.042155 0.339844 0.037471 0.060937
0 1.0 0.057377 0.317969 0.058548 0.073438
0 1.0 0.936768 0.235937 0.126464 0.109375
0 1.0 0.700234 0.245312 0.220141 0.234375
0 1.0 0.903981 0.237500 0.192037 0.159375
0 1.0 0.915691 0.245312 0.126464 0.306250
0 1.0 0.242389 0.300000 0.152225 0.090625
0 1.0 0.183841 0.332031 0.119438 0.120313
0 1.0 0.195550 0.301563 0.269321 0.150000
0 1.0 0.818501 0.235937 0.189696 0.203125
0 1.0 0.176815 0.292187 0.128806 0.071875
0 1.0 0.149883 0.357031 0.042155 0.045312
0 1.0 0.826698 0.246094 0.060890 0.117188
0 1.0 0.215457 0.326562 0.042155 0.062500
0 1.0 0.711944 0.246094 0.107728 0.170313
0 1.0 0.103044 0.084375 0.206089 0.168750
0 1.0 0.235363 0.077344 0.081967 0.154688
0 1.0 0.448478 0.729688 0.896956 0.496875
0 1.0 0.161593 0.032031 0.131148 0.064062
0 1.0 0.133489 0.058594 0.098361 0.117188
0 1.0 0.073770 0.065625 0.072600 0.131250
0 1.0 0.112412 0.029687 0.107728 0.059375
0 1.0 0.811475 0.238281 0.152225 0.104688
0 1.0 0.023419 0.057031 0.046838 0.114062
0 1.0 0.042155 0.036719 0.084309 0.073438
0 1.0 0.751756 0.232031 0.299766 0.132812
0 1.0 0.768150 0.249219 0.065574 0.114062
0 1.0 0.711944 0.317188 0.117096 0.162500
0 1.0 0.716628 0.296094 0.060890 0.070312
0 1.0 0.388759 0.281250 0.252927 0.231250
0 1.0 0.396956 0.294531 0.152225 0.126562
0 1.0 0.877049 0.323437 0.096019 0.162500
0 1.0 0.867681 0.290625 0.081967 0.065625
0 1.0 0.887588 0.298438 0.037471 0.056250
0 1.0 0.826698 0.309375 0.028103 0.043750
0 1.0 0.504684 0.281250 0.311475 0.187500
0 1.0 0.814988 0.332031 0.084309 0.145313
0 1.0 0.085480 0.350000 0.025761 0.037500
0 1.0 0.251756 0.354687 0.039813 0.056250
0 1.0 0.072600 0.527344 0.070258 0.132812
0 1.0 0.156909 0.490625 0.177986 0.103125
0 1.0 0.033958 0.586719 0.044496 0.098437
0 1.0 0.749415 0.451562 0.234192 0.168750
0 1.0 0.724824 0.482812 0.110070 0.153125
0 1.0 0.961358 0.447656 0.077283 0.082812
0 1.0 0.042155 0.505469 0.084309 0.076563
0 1.0 0.962529 0.503125 0.037471 0.065625
0 1.0 0.286885 0.502344 0.170960 0.173437
0 1.0 0.832553 0.454688 0.208431 0.112500
0 1.0 0.214286 0.485938 0.344262 0.181250
0 1.0 0.914520 0.453906 0.142857 0.160938
0 1.0 0.841920 0.452344 0.039813 0.054688
0 1.0 0.885246 0.497656 0.074941 0.076563
0 1.0 0.763466 0.487500 0.103044 0.156250
0 1.0 0.498829 0.442969 0.168618 0.185938
0 1.0 0.455504 0.434375 0.081967 0.181250
0 1.0 0.492974 0.440625 0.053864 0.056250
0 1.0 0.441452 0.432812 0.274005 0.312500
0 1.0 0.659251 0.490625 0.110070 0.187500
0 1.0 0.685012 0.447656 0.175644 0.104688
0 1.0 0.669789 0.465625 0.290398 0.312500
0 1.0 0.611241 0.446094 0.266979 0.139063
0 1.0 0.546838 0.450000 0.096019 0.237500
0 1.0 0.592506 0.449219 0.070258 0.126562
0 1.0 0.453162 0.489063 0.152225 0.300000
0 1.0 0.451991 0.503125 0.196721 0.121875
0 1.0 0.388759 0.505469 0.140515 0.323437
0 1.0 0.551522 0.496094 0.269321 0.110937
0 1.0 0.545667 0.519531 0.131148 0.292187
0 1.0 0.345433 0.508594 0.100703 0.229687
0 1.0 0.586651 0.524219 0.105386 0.223438
0 1.0 0.286885 0.530469 0.058548 0.107813
0 1.0 0.509368 0.386719 0.245902 0.139063
0 1.0 0.722482 0.401562 0.194379 0.096875
0 1.0 0.667447 0.416406 0.093677 0.110937
0 1.0 0.672131 0.401562 0.266979 0.143750
0 1.0 0.881733 0.394531 0.236534 0.135937
0 1.0 0.603044 0.353906 0.114754 0.232813
0 1.0 0.610070 0.395313 0.185012 0.106250
0 1.0 0.805621 0.450000 0.098361 0.156250
0 1.0 0.814988 0.450000 0.060890 0.090625
0 1.0 0.817330 0.401562 0.290398 0.256250
0 1.0 0.418033 0.389844 0.236534 0.129688
0 1.0 0.030445 0.478125 0.046838 0.090625
0 1.0 0.181499 0.440625 0.105386 0.137500
0 1.0 0.200234 0.405469 0.311475 0.239063
0 1.0 0.140515 0.487500 0.112412 0.187500
0 1.0 0.408665 0.436719 0.288056 0.117188
0 1.0 0.943794 0.415625 0.112412 0.131250
0 1.0 0.319672 0.439844 0.030445 0.051562
0 1.0 0.339578 0.410938 0.145199 0.212500
0 1.0 0.107728 0.452344 0.145199 0.123438
0 1.0 0.029274 0.531250 0.030445 0.065625
0 1.0 0.121780 0.440625 0.023419 0.034375
0 1.0 0.295082 0.432812 0.229508 0.121875
0 1.0 0.317330 0.432031 0.334895 0.329688
0 1.0 0.292740 0.483594 0.056206 0.107813
0 1.0 0.290398 0.454688 0.103044 0.125000
0 1.0 0.548009 0.440625 0.140515 0.081250
0 1.0 0.539813 0.441406 0.264637 0.301563
0 1.0 0.214286 0.447656 0.259953 0.117188
0 1.0 0.174473 0.435156 0.072600 0.057813
0 1.0 0.084309 0.475000 0.051522 0.062500
0 1.0 0.962529 0.478125 0.042155 0.087500
0 1.0 0.234192 0.500000 0.098361 0.156250
0 1.0 0.807963 0.399219 0.196721 0.110937
0 1.0 0.885246 0.447656 0.079625 0.098437
0 1.0 0.185012 0.506250 0.074941 0.131250
0 1.0 0.537471 0.175000 0.297424 0.246875
0 1.0 0.538642 0.650781 0.622951 0.260937
0 1.0 0.501171 0.196875 0.103044 0.143750
0 1.0 0.511710 0.142187 0.320843 0.100000
0 1.0 0.495316 0.163281 0.175644 0.120313
0 1.0 0.437939 0.196094 0.074941 0.104688
0 1.0 0.333724 0.153125 0.035129 0.046875
0 1.0 0.292740 0.139844 0.229508 0.251563
0 1.0 0.307963 0.153906 0.105386 0.120313
0 1.0 0.231850 0.158594 0.103044 0.254688
0 1.0 0.436768 0.178906 0.133489 0.129688
0 1.0 0.509368 0.156250 0.091335 0.065625
0 1.0 0.395785 0.196875 0.065574 0.128125
0 1.0 0.730679 0.553906 0.234192 0.482812
0 1.0 0.632319 0.132812 0.304450 0.118750
0 1.0 0.543326 0.546875 0.557377 0.281250
0 1.0 0.813817 0.135937 0.236534 0.140625
0 1.0 0.765808 0.175000 0.098361 0.184375
0 1.0 0.668618 0.189844 0.063232 0.110937
0 1.0 0.645199 0.157031 0.269321 0.260937
0 1.0 0.599532 0.215625 0.112412 0.175000
0 1.0 0.548009 0.202344 0.093677 0.132812
0 1.0 0.707260 0.141406 0.201405 0.173437
0 1.0 0.074941 0.153125 0.121780 0.300000
0 1.0 0.035129 0.156250 0.070258 0.259375
0 1.0 0.062061 0.126562 0.124122 0.093750
0 1.0 0.248244 0.135156 0.177986 0.098437
0 1.0 0.480094 0.835156 0.599532 0.210938
0 1.0 0.969555 0.118750 0.046838 0.112500
0 1.0 0.953162 0.078125 0.093677 0.090625
0 1.0 0.224824 0.845313 0.449649 0.200000
0 1.0 0.706089 0.751563 0.569087 0.203125
0 1.0 0.360656 0.827344 0.426230 0.342187
0 1.0 0.923888 0.102344 0.152225 0.204687
0 1.0 0.348946 0.711719 0.220141 0.432812
0 1.0 0.456674 0.154688 0.098361 0.075000
0 1.0 0.347775 0.193750 0.063232 0.128125
0 1.0 0.409836 0.142187 0.098361 0.071875
0 1.0 0.366511 0.157812 0.110070 0.125000
0 1.0 0.295082 0.196094 0.056206 0.126562
0 1.0 0.414520 0.146875 0.262295 0.225000
0 1.0 0.182670 0.168750 0.088993 0.225000
0 1.0 0.177986 0.132031 0.229508 0.145313
0 1.0 0.132319 0.164844 0.110070 0.279687
0 1.0 0.194379 0.197656 0.032787 0.064062
0 1.0 0.142857 0.181250 0.281030 0.121875
0 1.0 0.129977 0.180469 0.241218 0.323437
0 1.0 0.332553 0.215625 0.037471 0.059375
0 1.0 0.257611 0.180469 0.281030 0.114062
0 1.0 0.634660 0.416406 0.398126 0.548438
0 1.0 0.233021 0.195312 0.250585 0.290625
0 1.0 0.398126 0.203906 0.154567 0.201563
0 1.0 0.492974 0.249219 0.138173 0.220312
0 1.0 0.344262 0.224219 0.135831 0.145313
0 1.0 0.296253 0.261719 0.063232 0.117188
0 1.0 0.353630 0.189844 0.224824 0.107813
0 1.0 0.299766 0.221875 0.112412 0.128125
0 1.0 0.341920 0.258594 0.074941 0.123438
0 1.0 0.873536 0.152344 0.121780 0.245312
0 1.0 0.830211 0.132031 0.091335 0.076563
0 1.0 0.766979 0.135937 0.250585 0.265625
0 1.0 0.709602 0.184375 0.088993 0.184375
0 1.0 0.816159 0.168750 0.100703 0.209375
0 1.0 0.716628 0.543750 0.473068 0.243750
0 1.0 0.427400 0.453906 0.667447 0.248438
0 1.0 0.052693 0.184375 0.105386 0.078125
0 1.0 0.970726 0.181250 0.053864 0.140625
0 1.0 0.950820 0.128906 0.098361 0.092188
0 1.0 0.827869 0.056250 0.049180 0.071875
0 1.0 0.814988 0.040625 0.187354 0.081250
0 1.0 0.768150 0.069531 0.070258 0.126562
0 1.0 0.775176 0.058594 0.051522 0.073438
0 1.0 0.716628 0.066406 0.060890 0.104688
0 1.0 0.131148 0.646875 0.262295 0.693750
0 1.0 0.711944 0.040625 0.182670 0.081250
0 1.0 0.716628 0.079687 0.229508 0.159375
0 1.0 0.659251 0.088281 0.053864 0.092188
0 1.0 0.600703 0.109375 0.053864 0.075000
0 1.0 0.265808 0.582812 0.428571 0.665625
0 1.0 0.874707 0.055469 0.142857 0.110937
0 1.0 0.819672 0.060937 0.070258 0.121875
0 1.0 0.948478 0.032813 0.103044 0.065625
0 1.0 0.962529 0.056250 0.051522 0.078125
0 1.0 0.880562 0.056250 0.046838 0.065625
0 1.0 0.920375 0.061719 0.084309 0.123438
0 1.0 0.866511 0.028906 0.079625 0.057813
0 1.0 0.361827 0.061719 0.086651 0.089063
0 1.0 0.292740 0.078125 0.046838 0.100000
0 1.0 0.297424 0.032813 0.103044 0.062500
0 1.0 0.724824 0.058594 0.044496 0.060937
0 1.0 0.248244 0.041406 0.163934 0.082812
0 1.0 0.234192 0.080469 0.234192 0.160938
0 1.0 0.353630 0.076563 0.234192 0.153125
0 1.0 0.189696 0.061719 0.107728 0.123438
0 1.0 0.460187 0.075000 0.245902 0.150000
0 1.0 0.631148 0.027344 0.105386 0.054688
0 1.0 0.603044 0.089063 0.044496 0.046875
0 1.0 0.606557 0.079687 0.248244 0.159375
0 1.0 0.614754 0.056250 0.128806 0.100000
0 1.0 0.555035 0.109375 0.060890 0.071875
0 1.0 0.473068 0.068750 0.093677 0.075000
0 1.0 0.480094 0.207813 0.960187 0.390625
0 1.0 0.579625 0.028125 0.114754 0.056250
0 1.0 0.395785 0.107031 0.060890 0.095312
0 1.0 0.427400 0.031250 0.180328 0.062500
0 1.0 0.401639 0.078906 0.086651 0.085938
0 1.0 0.432084 0.038281 0.091335 0.057813
0 1.0 0.351288 0.093750 0.046838 0.084375
0 1.0 0.337237 0.032813 0.051522 0.046875
0 1.0 0.496487 0.040625 0.098361 0.062500
0 1.0 0.501171 0.128125 0.056206 0.068750
0 1.0 0.505855 0.107031 0.060890 0.054688
0 1.0 0.511710 0.064844 0.124122 0.089063
0 1.0 0.446136 0.121875 0.044496 0.050000
0 1.0 0.517564 0.032813 0.056206 0.043750
0 1.0 0.449649 0.102344 0.065574 0.051562
0 1.0 0.564403 0.061719 0.121780 0.085938
0 1.0 0.546838 0.100000 0.161593 0.087500
0 1.0 0.501171 0.178125 0.065574 0.084375
0 1.0 0.830211 0.846875 0.339578 0.203125
0 1.0 0.669789 0.134375 0.065574 0.096875
0 1.0 0.503513 0.114062 0.196721 0.134375
0 1.0 0.459016 0.921094 0.599532 0.157812
0 1.0 0.166276 0.923438 0.332553 0.153125
0 1.0 0.412178 0.108594 0.149883 0.132812
0 1.0 0.550351 0.168750 0.070258 0.090625
0 1.0 0.714286 0.118750 0.065574 0.103125
0 1.0 0.667447 0.092188 0.182670 0.109375
0 1.0 0.877049 0.114062 0.081967 0.134375
0 1.0 0.846604 0.090625 0.142857 0.103125
0 1.0 0.598361 0.171875 0.077283 0.106250
0 1.0 0.771663 0.118750 0.072600 0.115625
0 1.0 0.215457 0.305469 0.430913 0.357812
0 1.0 0.645199 0.124219 0.709602 0.248438
0 1.0 0.247073 0.124219 0.494145 0.248438
0 1.0 0.624122 0.301563 0.718970 0.315625
0 1.0 0.046838 0.080469 0.093677 0.101562
0 1.0 0.364169 0.107031 0.110070 0.117188
0 1.0 0.275176 0.085156 0.199063 0.082812
0 1.0 0.293911 0.110937 0.105386 0.159375
0 1.0 0.306792 0.093750 0.046838 0.053125
0 1.0 0.724824 0.921875 0.550351 0.156250
0 1.0 0.190867 0.873437 0.114754 0.246875
0 1.0 0.875878 0.795312 0.060890 0.121875
0 1.0 0.813817 0.867969 0.128806 0.079687
0 1.0 0.861827 0.875000 0.060890 0.065625
0 1.0 0.077283 0.898438 0.112412 0.203125
0 1.0 0.115925 0.917969 0.199063 0.098437
0 1.0 0.882904 0.826562 0.051522 0.096875
0 1.0 0.413349 0.917969 0.231850 0.126562
0 1.0 0.343091 0.876563 0.124122 0.246875
0 1.0 0.046838 0.921875 0.093677 0.084375
0 1.0 0.962529 0.852344 0.028103 0.064062
0 1.0 0.302108 0.907813 0.131148 0.137500
0 1.0 0.608899 0.864062 0.220141 0.121875
0 1.0 0.556206 0.802344 0.044496 0.079687
0 1.0 0.822014 0.779687 0.056206 0.121875
0 1.0 0.829040 0.817187 0.042155 0.087500
0 1.0 0.778689 0.755469 0.039813 0.079687
0 1.0 0.771663 0.860938 0.283372 0.103125
0 1.0 0.789227 0.793750 0.042155 0.071875
0 1.0 0.495316 0.855469 0.203747 0.173437
0 1.0 0.449649 0.785937 0.032787 0.050000
0 1.0 0.449649 0.865625 0.215457 0.103125
0 1.0 0.446136 0.816406 0.077283 0.089063
0 1.0 0.032787 0.907813 0.065574 0.181250
0 1.0 0.716628 0.764062 0.051522 0.100000
0 1.0 0.723653 0.796094 0.042155 0.073438
0 1.0 0.928571 0.868750 0.142857 0.112500
0 1.0 0.608899 0.803906 0.042155 0.067187
0 1.0 0.921546 0.858594 0.156909 0.251563
0 1.0 0.953162 0.867188 0.051522 0.090625
0 1.0 0.867681 0.883594 0.119438 0.232813
0 1.0 0.612412 0.914062 0.278689 0.137500
0 1.0 0.545667 0.892969 0.117096 0.214062
0 1.0 0.822014 0.900000 0.098361 0.196875
0 1.0 0.769321 0.879687 0.114754 0.240625
0 1.0 0.059719 0.964844 0.067916 0.054688
0 1.0 0.710773 0.879687 0.110070 0.240625
0 1.0 0.722482 0.916406 0.269321 0.132812
0 1.0 0.941452 0.920312 0.117096 0.153125
0 1.0 0.882904 0.917969 0.234192 0.123438
0 1.0 0.507026 0.912500 0.274005 0.143750
0 1.0 0.443794 0.896875 0.105386 0.206250
0 1.0 0.132319 0.889062 0.119438 0.221875
0 1.0 0.660422 0.883594 0.117096 0.232813
0 1.0 0.604215 0.888281 0.121780 0.223438
0 1.0 0.271663 0.911719 0.299766 0.104688
0 1.0 0.877049 0.802344 0.203747 0.207813
0 1.0 0.812646 0.784375 0.117096 0.300000
0 1.0 0.466042 0.870313 0.107728 0.084375
0 1.0 0.488290 0.805469 0.283372 0.157812
0 1.0 0.050351 0.867188 0.100703 0.146875
0 1.0 0.963700 0.843750 0.067916 0.184375
0 1.0 0.922717 0.810937 0.154567 0.109375
0 1.0 0.385246 0.780469 0.152225 0.279687
0 1.0 0.660422 0.792969 0.126464 0.264062
0 1.0 0.670960 0.798438 0.180328 0.118750
0 1.0 0.357143 0.807813 0.283372 0.143750
0 1.0 0.505855 0.811719 0.056206 0.098437
0 1.0 0.210773 0.860938 0.163934 0.109375
0 1.0 0.391101 0.810937 0.074941 0.121875
0 1.0 0.709602 0.846094 0.290398 0.239063
0 1.0 0.667447 0.761719 0.042155 0.073438
0 1.0 0.674473 0.791406 0.037471 0.060937
0 1.0 0.668618 0.866406 0.147541 0.089063
0 1.0 0.608899 0.773438 0.042155 0.071875
0 1.0 0.346604 0.864062 0.121780 0.081250
0 1.0 0.195550 0.807813 0.077283 0.156250
0 1.0 0.779859 0.816406 0.196721 0.107813
0 1.0 0.414520 0.863281 0.107728 0.082812
0 1.0 0.077283 0.835938 0.074941 0.156250
0 1.0 0.137002 0.868750 0.170960 0.090625
0 1.0 0.103044 0.836719 0.206089 0.260937
0 1.0 0.346604 0.771094 0.056206 0.095312
0 1.0 0.350117 0.796094 0.096019 0.135937
0 1.0 0.031616 0.842969 0.053864 0.154688
0 1.0 0.076112 0.868750 0.091335 0.065625
0 1.0 0.306792 0.872656 0.046838 0.051562
0 1.0 0.303279 0.853125 0.110070 0.109375
0 1.0 0.233021 0.792969 0.067916 0.132812
0 1.0 0.044496 0.243750 0.088993 0.090625
0 1.0 0.056206 0.241406 0.112412 0.160938
0 1.0 0.968384 0.233594 0.053864 0.129688
0 1.0 0.937939 0.181250 0.124122 0.106250
0 1.0 0.113583 0.956250 0.138173 0.087500
0 1.0 0.114754 0.237500 0.215457 0.109375
0 1.0 0.882904 0.179688 0.234192 0.131250
0 1.0 0.028103 0.276562 0.046838 0.131250
0 1.0 0.823185 0.184375 0.110070 0.087500
0 1.0 0.139344 0.268750 0.086651 0.137500
0 1.0 0.448478 0.075781 0.578454 0.151562
0 1.0 0.299766 0.317188 0.070258 0.128125
0 1.0 0.305621 0.289844 0.124122 0.151562
0 1.0 0.329040 0.256250 0.063232 0.078125
0 1.0 0.240047 0.289062 0.081967 0.187500
0 1.0 0.259953 0.237500 0.304450 0.131250
0 1.0 0.186183 0.298438 0.058548 0.128125
0 1.0 0.179157 0.255469 0.166276 0.185938
0 1.0 0.832553 0.075781 0.334895 0.151562
0 1.0 0.555035 0.246094 0.131148 0.217188
0 1.0 0.494145 0.198437 0.252927 0.146875
0 1.0 0.450820 0.246094 0.100703 0.173437
0 1.0 0.736534 0.185938 0.283372 0.115625
0 1.0 0.647541 0.239063 0.100703 0.237500
0 1.0 0.291569 0.960156 0.110070 0.076563
0 1.0 0.234192 0.927344 0.093677 0.145313
0 1.0 0.564403 0.952344 0.131148 0.095312
0 1.0 0.501171 0.930469 0.088993 0.139063
0 1.0 0.449649 0.946094 0.074941 0.107813
0 1.0 0.502342 0.964844 0.077283 0.054688
0 1.0 0.193208 0.944531 0.133489 0.110937
0 1.0 0.770492 0.941406 0.149883 0.117188
0 1.0 0.711944 0.933594 0.079625 0.132812
0 1.0 0.391101 0.935156 0.093677 0.129688
0 1.0 0.437939 0.962500 0.135831 0.065625
0 1.0 0.659251 0.951562 0.175644 0.096875
0 1.0 0.608899 0.942969 0.084309 0.114062
0 1.0 0.629977 0.963281 0.107728 0.067187
0 1.0 0.225995 0.960156 0.142857 0.073438
0 1.0 0.346604 0.932813 0.093677 0.134375
0 1.0 0.352459 0.962500 0.086651 0.056250
0 1.0 0.964871 0.930469 0.056206 0.139063
0 1.0 0.864169 0.957812 0.098361 0.075000
0 1.0 0.867681 0.961719 0.058548 0.048438
0 1.0 0.588993 0.964844 0.091335 0.060937
0 1.0 0.799766 0.959375 0.138173 0.068750
0 1.0 0.912178 0.956250 0.161593 0.087500
0 1.0 0.660422 0.934375 0.088993 0.131250
0 1.0 0.730679 0.961719 0.126464 0.070312
0 1.0 0.072600 0.571094 0.145199 0.589063
0 1.0 0.158080 0.375781 0.236534 0.473438
0 1.0 0.456674 0.244531 0.215457 0.354687
0 1.0 0.508197 0.653906 0.332553 0.670312
0 1.0 0.651054 0.317969 0.243560 0.426563
0 1.0 0.546838 0.860938 0.255269 0.278125
0 1.0 0.653396 0.799219 0.210773 0.401562
0 1.0 0.689696 0.662500 0.362998 0.596875
0 1.0 0.846604 0.781250 0.199063 0.437500
0 1.0 0.347775 0.223438 0.222482 0.403125
0 1.0 0.371194 0.183594 0.489461 0.245312
0 1.0 0.845433 0.179688 0.206089 0.359375
0 1.0 0.305621 0.329688 0.611241 0.659375
0 1.0 0.072600 0.349219 0.145199 0.567187
0 1.0 0.891101 0.349219 0.217799 0.351562
0 1.0 0.795082 0.499219 0.409836 0.773438
0 1.0 0.862998 0.313281 0.274005 0.626563