0 1.0 0.309375 0.538642 0.556250 0.857143
0 1.0 0.142969 0.618267 0.285938 0.716628
0 1.0 0.448437 0.578454 0.134375 0.276347
0 1.0 0.484375 0.614754 0.056250 0.077283
0 1.0 0.437500 0.559719 0.246875 0.355972
0 1.0 0.390625 0.612412 0.240625 0.100703
0 1.0 0.642969 0.585480 0.248438 0.318501
0 1.0 0.421875 0.615925 0.081250 0.079625
0 1.0 0.659375 0.634660 0.053125 0.131148
0 1.0 0.664844 0.607728 0.185938 0.138173
0 1.0 0.922656 0.588993 0.123438 0.316159
0 1.0 0.917969 0.608899 0.157812 0.159251
0 1.0 0.607031 0.640515 0.057813 0.133489
0 1.0 0.554688 0.607728 0.087500 0.250585
0 1.0 0.775000 0.608899 0.250000 0.112412
0 1.0 0.594531 0.604215 0.060937 0.079625
0 1.0 0.558594 0.566745 0.239063 0.355972
0 1.0 0.508594 0.632319 0.054688 0.182670
0 1.0 0.517969 0.612412 0.176563 0.100703
0 1.0 0.761719 0.613583 0.107813 0.257611
0 1.0 0.184375 0.573770 0.140625 0.313817
0 1.0 0.163281 0.610070 0.129688 0.114754
0 1.0 0.197656 0.555035 0.279687 0.355972
0 1.0 0.129688 0.570258 0.109375 0.288056
0 1.0 0.102344 0.608899 0.085938 0.079625
0 1.0 0.284375 0.576112 0.078125 0.257611
0 1.0 0.062500 0.628806 0.059375 0.185012
0 1.0 0.342969 0.585480 0.107813 0.295082
0 1.0 0.361719 0.615925 0.117188 0.088993
0 1.0 0.032813 0.641686 0.040625 0.159251
0 1.0 0.343750 0.563232 0.237500 0.330211
0 1.0 0.282031 0.613583 0.232813 0.107728
0 1.0 0.508594 0.611241 0.167187 0.206089
0 1.0 0.235937 0.587822 0.106250 0.299766
0 1.0 0.537500 0.615925 0.078125 0.088993
0 1.0 0.316406 0.619438 0.079687 0.081967
0 1.0 0.511719 0.685012 0.117188 0.142857
0 1.0 0.450000 0.668618 0.100000 0.274005
0 1.0 0.481250 0.680328 0.106250 0.086651
0 1.0 0.081250 0.659251 0.121875 0.096019
0 1.0 0.774219 0.594848 0.239063 0.266979
0 1.0 0.138281 0.651054 0.160938 0.215457
0 1.0 0.065625 0.663934 0.096875 0.250585
0 1.0 0.387500 0.669789 0.109375 0.088993
0 1.0 0.360938 0.651054 0.156250 0.177986
0 1.0 0.152344 0.654567 0.242188 0.334895
0 1.0 0.602344 0.724824 0.070312 0.180328
0 1.0 0.607031 0.669789 0.254688 0.121780
0 1.0 0.494531 0.670960 0.270313 0.325527
0 1.0 0.285156 0.648712 0.110937 0.262295
0 1.0 0.339844 0.673302 0.060937 0.067916
0 1.0 0.289062 0.645199 0.256250 0.278689
0 1.0 0.321094 0.654567 0.085938 0.124122
0 1.0 0.260937 0.659251 0.206250 0.119438
0 1.0 0.821875 0.607728 0.100000 0.255269
0 1.0 0.033594 0.663934 0.067187 0.241218
0 1.0 0.030469 0.610070 0.060937 0.077283
0 1.0 0.714844 0.626464 0.095312 0.259953
0 1.0 0.035937 0.654567 0.071875 0.091335
0 1.0 0.960938 0.634660 0.037500 0.131148
0 1.0 0.957031 0.606557 0.085938 0.103044
0 1.0 0.874219 0.592506 0.182812 0.238876
0 1.0 0.170313 0.665105 0.137500 0.131148
0 1.0 0.826562 0.611241 0.053125 0.070258
0 1.0 0.862500 0.615925 0.046875 0.074941
0 1.0 0.114844 0.551522 0.073438 0.072600
0 1.0 0.363281 0.553864 0.176563 0.100703
0 1.0 0.085938 0.537471 0.171875 0.302108
0 1.0 0.081250 0.557377 0.103125 0.173302
0 1.0 0.035937 0.555035 0.071875 0.065574
0 1.0 0.032813 0.584309 0.065625 0.170960
0 1.0 0.292969 0.517564 0.120313 0.309133
0 1.0 0.306250 0.558548 0.146875 0.124122
0 1.0 0.144531 0.551522 0.204687 0.147541
0 1.0 0.235937 0.559719 0.143750 0.112412
0 1.0 0.503125 0.563232 0.081250 0.278689
0 1.0 0.508594 0.548009 0.260937 0.131148
0 1.0 0.161719 0.553864 0.092188 0.086651
0 1.0 0.811719 0.497658 0.273438 0.128806
0 1.0 0.822656 0.500000 0.176563 0.217799
0 1.0 0.756250 0.521077 0.103125 0.274005
0 1.0 0.714844 0.504684 0.107813 0.311475
0 1.0 0.712500 0.496487 0.293750 0.112412
0 1.0 0.961719 0.562061 0.042188 0.159251
0 1.0 0.941406 0.497658 0.117188 0.105386
0 1.0 0.225781 0.558548 0.226562 0.156909
0 1.0 0.900000 0.500000 0.200000 0.161593
0 1.0 0.872656 0.514052 0.120313 0.334895
0 1.0 0.805469 0.501171 0.095312 0.088993
0 1.0 0.833594 0.548009 0.289062 0.135831
0 1.0 0.716406 0.546838 0.310937 0.114754
0 1.0 0.951562 0.551522 0.096875 0.100703
0 1.0 0.835156 0.555035 0.104688 0.117096
0 1.0 0.439844 0.674473 0.057813 0.074941
0 1.0 0.653906 0.566745 0.076563 0.201405
0 1.0 0.603906 0.560890 0.107813 0.306792
0 1.0 0.614062 0.543326 0.275000 0.131148
0 1.0 0.245312 0.759953 0.284375 0.128806
0 1.0 0.233594 0.763466 0.148438 0.332553
0 1.0 0.179688 0.774005 0.140625 0.353630
0 1.0 0.440625 0.747073 0.146875 0.248244
0 1.0 0.494531 0.764637 0.082812 0.100703
0 1.0 0.449219 0.771663 0.270313 0.311475
0 1.0 0.151562 0.768150 0.103125 0.112412
0 1.0 0.072656 0.762295 0.101562 0.339578
0 1.0 0.421875 0.757611 0.240625 0.114754
0 1.0 0.457813 0.759953 0.078125 0.086651
0 1.0 0.339844 0.740047 0.120313 0.309133
0 1.0 0.341406 0.759953 0.126562 0.096019
0 1.0 0.595313 0.795082 0.218750 0.269321
0 1.0 0.560156 0.802108 0.092188 0.255269
0 1.0 0.542188 0.758782 0.321875 0.135831
0 1.0 0.314063 0.766979 0.100000 0.170960
0 1.0 0.887500 0.740047 0.225000 0.346604
0 1.0 0.127344 0.761124 0.254688 0.121780
0 1.0 0.802344 0.707260 0.304688 0.126464
0 1.0 0.821875 0.727166 0.106250 0.227166
0 1.0 0.760938 0.747073 0.115625 0.346604
0 1.0 0.031250 0.774005 0.062500 0.358314
0 1.0 0.048438 0.758782 0.096875 0.084309
0 1.0 0.287500 0.768150 0.106250 0.309133
0 1.0 0.896875 0.709602 0.206250 0.159251
0 1.0 0.962500 0.741218 0.062500 0.245902
0 1.0 0.946875 0.707260 0.106250 0.098361
0 1.0 0.304688 0.772834 0.034375 0.060890
0 1.0 0.767188 0.769321 0.100000 0.081967
0 1.0 0.132031 0.809133 0.148438 0.339578
0 1.0 0.142187 0.817330 0.284375 0.131148
0 1.0 0.674219 0.775176 0.207813 0.145199
0 1.0 0.149219 0.822014 0.132812 0.126464
0 1.0 0.765625 0.766979 0.284375 0.133489
0 1.0 0.814844 0.782201 0.185938 0.234192
0 1.0 0.053906 0.814988 0.107813 0.088993
0 1.0 0.881250 0.765808 0.237500 0.131148
0 1.0 0.307031 0.833724 0.032813 0.060890
0 1.0 0.298438 0.805621 0.312500 0.313817
0 1.0 0.811719 0.779859 0.067187 0.084309
0 1.0 0.582031 0.765808 0.104688 0.107728
0 1.0 0.509375 0.796253 0.125000 0.327869
0 1.0 0.710938 0.809133 0.103125 0.320843
0 1.0 0.046875 0.830211 0.093750 0.199063
0 1.0 0.937500 0.759953 0.125000 0.100703
0 1.0 0.702344 0.797424 0.251563 0.302108
0 1.0 0.648438 0.810304 0.081250 0.229508
0 1.0 0.608594 0.814988 0.104688 0.295082
0 1.0 0.875000 0.661593 0.106250 0.231850
0 1.0 0.862500 0.659251 0.050000 0.081967
0 1.0 0.815625 0.656909 0.300000 0.133489
0 1.0 0.039844 0.703747 0.079687 0.081967
0 1.0 0.360156 0.707260 0.248438 0.299766
0 1.0 0.282813 0.716628 0.181250 0.098361
0 1.0 0.189062 0.714286 0.137500 0.135831
0 1.0 0.946875 0.656909 0.106250 0.133489
0 1.0 0.577344 0.689696 0.060937 0.067916
0 1.0 0.558594 0.680328 0.129688 0.156909
0 1.0 0.517188 0.711944 0.059375 0.168618
0 1.0 0.539844 0.688525 0.070312 0.074941
0 1.0 0.504687 0.685012 0.043750 0.067916
0 1.0 0.395313 0.644028 0.137500 0.360656
0 1.0 0.406250 0.669789 0.275000 0.117096
0 1.0 0.716406 0.702576 0.079687 0.182670
0 1.0 0.727344 0.663934 0.179688 0.124122
0 1.0 0.707031 0.673302 0.251563 0.278689
0 1.0 0.651563 0.722482 0.068750 0.189696
0 1.0 0.829688 0.659251 0.050000 0.067916
0 1.0 0.558594 0.693208 0.064062 0.177986
0 1.0 0.600781 0.722482 0.054688 0.077283
0 1.0 0.511719 0.715457 0.198437 0.114754
0 1.0 0.096094 0.721311 0.192188 0.313817
0 1.0 0.657031 0.711944 0.310937 0.117096
0 1.0 0.545312 0.716628 0.068750 0.093677
0 1.0 0.679688 0.717799 0.150000 0.114754
0 1.0 0.645312 0.735363 0.246875 0.276347
0 1.0 0.646094 0.728337 0.164062 0.182670
0 1.0 0.808594 0.711944 0.076563 0.070258
0 1.0 0.852344 0.715457 0.048438 0.067916
0 1.0 0.231250 0.724824 0.296875 0.367681
0 1.0 0.500000 0.715457 0.071875 0.086651
0 1.0 0.528125 0.717799 0.031250 0.077283
0 1.0 0.434375 0.711944 0.150000 0.112412
0 1.0 0.114844 0.708431 0.229687 0.119438
0 1.0 0.151562 0.713115 0.062500 0.091335
0 1.0 0.118750 0.708431 0.081250 0.105386
0 1.0 0.470313 0.720141 0.043750 0.081967
0 1.0 0.372656 0.710773 0.076563 0.081967
0 1.0 0.324219 0.722482 0.035937 0.063232
0 1.0 0.322656 0.710773 0.079687 0.128806
0 1.0 0.601562 0.721311 0.137500 0.112412
0 1.0 0.146875 0.330211 0.131250 0.224824
0 1.0 0.081250 0.359485 0.093750 0.255269
0 1.0 0.128125 0.340749 0.128125 0.105386
0 1.0 0.101562 0.324356 0.200000 0.316159
0 1.0 0.028125 0.346604 0.056250 0.206089
0 1.0 0.557813 0.489461 0.300000 0.149883
0 1.0 0.285938 0.340749 0.109375 0.311475
0 1.0 0.064062 0.338407 0.090625 0.119438
0 1.0 0.962500 0.306792 0.053125 0.192037
0 1.0 0.950000 0.289227 0.100000 0.096019
0 1.0 0.925781 0.290398 0.148438 0.149883
0 1.0 0.272656 0.352459 0.260937 0.348946
0 1.0 0.325000 0.360656 0.037500 0.098361
0 1.0 0.267188 0.336066 0.118750 0.110070
0 1.0 0.221875 0.334895 0.146875 0.234192
0 1.0 0.182812 0.339578 0.181250 0.126464
0 1.0 0.431250 0.314988 0.118750 0.316159
0 1.0 0.778125 0.296253 0.050000 0.114754
0 1.0 0.759375 0.286885 0.278125 0.156909
0 1.0 0.707031 0.322014 0.101562 0.259953
0 1.0 0.713281 0.300937 0.060937 0.124122
0 1.0 0.657813 0.312646 0.084375 0.269321
0 1.0 0.672656 0.286885 0.235937 0.114754
0 1.0 0.667188 0.306792 0.050000 0.140515
0 1.0 0.652344 0.295082 0.248438 0.327869
0 1.0 0.596875 0.288056 0.093750 0.327869
0 1.0 0.919531 0.284543 0.120313 0.400468
0 1.0 0.817969 0.288056 0.079687 0.070258
0 1.0 0.876563 0.270492 0.084375 0.185012
0 1.0 0.872656 0.275176 0.189062 0.231850
0 1.0 0.817969 0.303279 0.104688 0.311475
0 1.0 0.825000 0.283372 0.059375 0.135831
0 1.0 0.815625 0.281030 0.275000 0.337237
0 1.0 0.767969 0.310304 0.098437 0.259953
0 1.0 0.829688 0.289227 0.137500 0.105386
0 1.0 0.765625 0.343091 0.300000 0.119438
0 1.0 0.767188 0.374707 0.071875 0.182670
0 1.0 0.757031 0.359485 0.182812 0.222482
0 1.0 0.288281 0.354801 0.060937 0.096019
0 1.0 0.948438 0.346604 0.103125 0.173302
0 1.0 0.887500 0.344262 0.225000 0.126464
0 1.0 0.869531 0.344262 0.123438 0.327869
0 1.0 0.821094 0.360656 0.073438 0.173302
0 1.0 0.830469 0.344262 0.145313 0.098361
0 1.0 0.487500 0.343091 0.106250 0.110070
0 1.0 0.458594 0.336066 0.114062 0.203747
0 1.0 0.418750 0.338407 0.240625 0.124122
0 1.0 0.422656 0.345433 0.104688 0.124122
0 1.0 0.351562 0.346604 0.081250 0.224824
0 1.0 0.382031 0.348946 0.092188 0.093677
0 1.0 0.351562 0.334895 0.150000 0.304450
0 1.0 0.613281 0.341920 0.289062 0.126464
0 1.0 0.607812 0.344262 0.062500 0.215457
0 1.0 0.557813 0.324356 0.115625 0.372365
0 1.0 0.491406 0.334895 0.135937 0.360656
0 1.0 0.507031 0.338407 0.232813 0.170960
0 1.0 0.435156 0.310304 0.054688 0.185012
0 1.0 0.762500 0.224824 0.190625 0.215457
0 1.0 0.663281 0.228337 0.295312 0.138173
0 1.0 0.808594 0.234192 0.151562 0.112412
0 1.0 0.029687 0.053864 0.050000 0.107728
0 1.0 0.050781 0.029274 0.079687 0.058548
0 1.0 0.074219 0.073770 0.148438 0.147541
0 1.0 0.579688 0.729508 0.840625 0.489461
0 1.0 0.142187 0.055035 0.093750 0.110070
0 1.0 0.239063 0.058548 0.075000 0.112412
0 1.0 0.749219 0.500000 0.470313 1.000000
0 1.0 0.547656 0.252927 0.904687 0.463700
0 1.0 0.557813 0.230679 0.250000 0.142857
0 1.0 0.540625 0.237705 0.234375 0.306792
0 1.0 0.135156 0.086651 0.239063 0.173302
0 1.0 0.064844 0.049180 0.057813 0.098361
0 1.0 0.090625 0.032787 0.081250 0.065574
0 1.0 0.473438 0.281030 0.087500 0.168618
0 1.0 0.416406 0.292740 0.254688 0.121780
0 1.0 0.429688 0.299766 0.100000 0.107728
0 1.0 0.405469 0.291569 0.226562 0.367681
0 1.0 0.598437 0.288056 0.050000 0.177986
0 1.0 0.366406 0.303279 0.079687 0.147541
0 1.0 0.285938 0.291569 0.193750 0.124122
0 1.0 0.306250 0.299766 0.065625 0.103044
0 1.0 0.400781 0.297424 0.051562 0.079625
0 1.0 0.609375 0.285714 0.243750 0.177986
0 1.0 0.560937 0.288056 0.171875 0.117096
0 1.0 0.512500 0.295082 0.065625 0.074941
0 1.0 0.114062 0.288056 0.146875 0.163934
0 1.0 0.072656 0.282201 0.104688 0.096019
0 1.0 0.935156 0.234192 0.129688 0.112412
0 1.0 0.958594 0.245902 0.082812 0.229508
0 1.0 0.230469 0.282201 0.117188 0.114754
0 1.0 0.183594 0.330211 0.229687 0.341920
0 1.0 0.149219 0.468384 0.242188 0.341920
0 1.0 0.821094 0.448478 0.254688 0.133489
0 1.0 0.826562 0.471897 0.075000 0.175644
0 1.0 0.762500 0.448478 0.234375 0.278689
0 1.0 0.715625 0.444965 0.228125 0.117096
0 1.0 0.957812 0.496487 0.062500 0.149883
0 1.0 0.762500 0.471897 0.068750 0.152225
0 1.0 0.958594 0.446136 0.082812 0.091335
0 1.0 0.235937 0.463700 0.121875 0.327869
0 1.0 0.242188 0.508197 0.106250 0.098361
0 1.0 0.927344 0.448478 0.145313 0.142857
0 1.0 0.914062 0.463700 0.128125 0.337237
0 1.0 0.829688 0.449649 0.040625 0.060890
0 1.0 0.508594 0.453162 0.260937 0.278689
0 1.0 0.442188 0.430913 0.065625 0.187354
0 1.0 0.484375 0.443794 0.068750 0.081967
0 1.0 0.441406 0.443794 0.110937 0.259953
0 1.0 0.459375 0.448478 0.209375 0.166276
0 1.0 0.658594 0.464871 0.095312 0.259953
0 1.0 0.406250 0.444965 0.178125 0.112412
0 1.0 0.396094 0.433255 0.135937 0.276347
0 1.0 0.351562 0.440281 0.053125 0.163934
0 1.0 0.397656 0.451991 0.029687 0.065574
0 1.0 0.353125 0.434426 0.112500 0.236534
0 1.0 0.654687 0.451991 0.253125 0.182670
0 1.0 0.605469 0.464871 0.129688 0.292740
0 1.0 0.555469 0.474239 0.126562 0.283372
0 1.0 0.554688 0.443794 0.225000 0.133489
0 1.0 0.498437 0.453162 0.109375 0.274005
0 1.0 0.418750 0.497658 0.237500 0.133489
0 1.0 0.040625 0.518735 0.081250 0.138173
0 1.0 0.124219 0.476581 0.092188 0.264637
0 1.0 0.103125 0.504684 0.071875 0.072600
0 1.0 0.067969 0.501171 0.064062 0.159251
0 1.0 0.050000 0.498829 0.075000 0.060890
0 1.0 0.291406 0.508197 0.198437 0.121780
0 1.0 0.314063 0.510539 0.093750 0.103044
0 1.0 0.178906 0.448478 0.120313 0.316159
0 1.0 0.117969 0.507026 0.145313 0.105386
0 1.0 0.471094 0.396956 0.220312 0.110070
0 1.0 0.388281 0.398126 0.167187 0.121780
0 1.0 0.400000 0.403981 0.081250 0.114754
0 1.0 0.603906 0.399297 0.289062 0.128806
0 1.0 0.602344 0.401639 0.242188 0.306792
0 1.0 0.869531 0.400468 0.229687 0.318501
0 1.0 0.132812 0.400468 0.118750 0.112412
0 1.0 0.068750 0.393443 0.109375 0.084309
0 1.0 0.052344 0.387588 0.104688 0.189696
0 1.0 0.962500 0.366511 0.043750 0.142857
0 1.0 0.295312 0.400468 0.112500 0.098361
0 1.0 0.319531 0.393443 0.067187 0.159251
0 1.0 0.223438 0.388759 0.137500 0.107728
0 1.0 0.138281 0.382904 0.082812 0.213115
0 1.0 0.155469 0.393443 0.254688 0.135831
0 1.0 0.142969 0.459016 0.070312 0.074941
0 1.0 0.133594 0.459016 0.123438 0.098361
0 1.0 0.121875 0.450820 0.043750 0.058548
0 1.0 0.085156 0.447307 0.101562 0.149883
0 1.0 0.025781 0.474239 0.051562 0.189696
0 1.0 0.075781 0.444965 0.042188 0.056206
0 1.0 0.047656 0.443794 0.095312 0.096019
0 1.0 0.296875 0.425059 0.084375 0.250585
0 1.0 0.317188 0.460187 0.109375 0.100703
0 1.0 0.333594 0.448478 0.048438 0.119438
0 1.0 0.192188 0.441452 0.240625 0.170960
0 1.0 0.243750 0.425059 0.087500 0.166276
0 1.0 0.229687 0.447307 0.056250 0.079625
0 1.0 0.713281 0.405152 0.157812 0.238876
0 1.0 0.939063 0.394614 0.121875 0.110070
0 1.0 0.905469 0.398126 0.189062 0.159251
0 1.0 0.839063 0.398126 0.143750 0.103044
0 1.0 0.821094 0.425059 0.104688 0.283372
0 1.0 0.821094 0.394614 0.289062 0.142857
0 1.0 0.820312 0.674473 0.325000 0.491803
0 1.0 0.229687 0.125293 0.196875 0.105386
0 1.0 0.505469 0.629977 0.395313 0.548009
0 1.0 0.449219 0.649883 0.520312 0.227166
0 1.0 0.073438 0.154567 0.131250 0.309133
0 1.0 0.142187 0.138173 0.146875 0.257611
0 1.0 0.192969 0.167447 0.076563 0.213115
0 1.0 0.231250 0.134660 0.225000 0.264637
0 1.0 0.501563 0.148712 0.196875 0.236534
0 1.0 0.442969 0.170960 0.098437 0.224824
0 1.0 0.471875 0.131148 0.131250 0.107728
0 1.0 0.393750 0.165105 0.115625 0.264637
0 1.0 0.786719 0.552693 0.426563 0.220141
0 1.0 0.353906 0.546838 0.557813 0.241218
0 1.0 0.232031 0.528103 0.248438 0.718970
0 1.0 0.400781 0.126464 0.310937 0.159251
0 1.0 0.343750 0.161593 0.115625 0.290398
0 1.0 0.378906 0.121780 0.148438 0.117096
0 1.0 0.280469 0.133489 0.070312 0.088993
0 1.0 0.350781 0.151054 0.279687 0.302108
0 1.0 0.769531 0.105386 0.307812 0.210773
0 1.0 0.874219 0.090164 0.210938 0.180328
0 1.0 0.808594 0.127635 0.101562 0.203747
0 1.0 0.656250 0.725995 0.403125 0.426230
0 1.0 0.660156 0.121780 0.092188 0.201405
0 1.0 0.672656 0.071429 0.323437 0.124122
0 1.0 0.739062 0.763466 0.509375 0.234192
0 1.0 0.767969 0.115925 0.107813 0.208431
0 1.0 0.071094 0.125293 0.142187 0.096019
0 1.0 0.964844 0.125293 0.051562 0.147541
0 1.0 0.938281 0.077283 0.123438 0.107728
0 1.0 0.732031 0.648712 0.535937 0.210773
0 1.0 0.035156 0.139344 0.070312 0.278689
0 1.0 0.040625 0.186183 0.075000 0.063232
0 1.0 0.046875 0.185012 0.084375 0.135831
0 1.0 0.932813 0.127635 0.134375 0.110070
0 1.0 0.922656 0.138173 0.154688 0.238876
0 1.0 0.134375 0.185012 0.131250 0.074941
0 1.0 0.652344 0.326698 0.426563 0.466042
0 1.0 0.538281 0.352459 0.557813 0.236534
0 1.0 0.442188 0.334895 0.375000 0.519906
0 1.0 0.338281 0.337237 0.548438 0.262295
0 1.0 0.360156 0.447307 0.567187 0.238876
0 1.0 0.094531 0.188525 0.129688 0.170960
0 1.0 0.359375 0.173302 0.093750 0.163934
0 1.0 0.285938 0.176815 0.109375 0.344262
0 1.0 0.285156 0.183841 0.220312 0.114754
0 1.0 0.837500 0.385246 0.200000 0.667447
0 1.0 0.311719 0.176815 0.051562 0.110070
0 1.0 0.235156 0.195550 0.110937 0.306792
0 1.0 0.781250 0.351288 0.437500 0.215457
0 1.0 0.133594 0.195550 0.251563 0.353630
0 1.0 0.202344 0.190867 0.229687 0.100703
0 1.0 0.208594 0.199063 0.035937 0.070258
0 1.0 0.139844 0.207260 0.089063 0.264637
0 1.0 0.564063 0.132319 0.237500 0.124122
0 1.0 0.559375 0.179157 0.081250 0.185012
0 1.0 0.718750 0.151054 0.118750 0.203747
0 1.0 0.670312 0.126464 0.328125 0.126464
0 1.0 0.722656 0.450820 0.548438 0.231850
0 1.0 0.745313 0.442623 0.390625 0.510539
0 1.0 0.502344 0.183841 0.095312 0.236534
0 1.0 0.664062 0.151054 0.281250 0.259953
0 1.0 0.590625 0.192037 0.071875 0.201405
0 1.0 0.527344 0.451991 0.395313 0.459016
0 1.0 0.667969 0.056206 0.145313 0.112412
0 1.0 0.600000 0.056206 0.062500 0.112412
0 1.0 0.632812 0.032787 0.156250 0.065574
0 1.0 0.257812 0.875878 0.515625 0.248244
0 1.0 0.649219 0.874707 0.701562 0.250585
0 1.0 0.563281 0.058548 0.076563 0.098361
0 1.0 0.557031 0.038642 0.223438 0.077283
0 1.0 0.662500 0.059719 0.062500 0.110070
0 1.0 0.553906 0.074941 0.270313 0.149883
0 1.0 0.718750 0.056206 0.093750 0.112412
0 1.0 0.721875 0.036300 0.181250 0.072600
0 1.0 0.822656 0.059719 0.173437 0.119438
0 1.0 0.765625 0.065574 0.078125 0.131148
0 1.0 0.303125 0.071429 0.225000 0.142857
0 1.0 0.276562 0.031616 0.131250 0.063232
0 1.0 0.300781 0.053864 0.120313 0.107728
0 1.0 0.196875 0.080796 0.053125 0.124122
0 1.0 0.177344 0.032787 0.129688 0.065574
0 1.0 0.200781 0.056206 0.095312 0.107728
0 1.0 0.507031 0.053864 0.085938 0.107728
0 1.0 0.443750 0.074941 0.046875 0.074941
0 1.0 0.483594 0.028103 0.098437 0.056206
0 1.0 0.443750 0.055035 0.096875 0.096019
0 1.0 0.334375 0.180328 0.668750 0.360656
0 1.0 0.442188 0.074941 0.275000 0.149883
0 1.0 0.399219 0.072600 0.070312 0.121780
0 1.0 0.413281 0.032787 0.254688 0.065574
0 1.0 0.346094 0.064403 0.070312 0.128806
0 1.0 0.357031 0.031616 0.085938 0.058548
0 1.0 0.436719 0.113583 0.139063 0.208431
0 1.0 0.471875 0.077283 0.125000 0.103044
0 1.0 0.814844 0.066745 0.076563 0.133489
0 1.0 0.167187 0.923888 0.334375 0.152225
0 1.0 0.829688 0.845433 0.340625 0.210773
0 1.0 0.454688 0.920375 0.568750 0.159251
0 1.0 0.449219 0.827869 0.457813 0.231850
0 1.0 0.594531 0.107728 0.070312 0.121780
0 1.0 0.911719 0.033958 0.176563 0.067916
0 1.0 0.873437 0.059719 0.084375 0.119438
0 1.0 0.832812 0.923888 0.334375 0.152225
0 1.0 0.544531 0.126464 0.801562 0.252927
0 1.0 0.050781 0.073770 0.101562 0.096019
0 1.0 0.964063 0.074941 0.034375 0.079625
0 1.0 0.236719 0.103044 0.120313 0.206089
0 1.0 0.921094 0.872365 0.157812 0.124122
0 1.0 0.237500 0.907494 0.103125 0.185012
0 1.0 0.248438 0.916862 0.240625 0.119438
0 1.0 0.914844 0.848946 0.114062 0.231850
0 1.0 0.814063 0.873536 0.121875 0.117096
0 1.0 0.129688 0.898126 0.112500 0.203747
0 1.0 0.399219 0.894614 0.148438 0.182670
0 1.0 0.962500 0.882904 0.037500 0.088993
0 1.0 0.089063 0.918033 0.143750 0.154567
0 1.0 0.026562 0.925059 0.053125 0.149883
0 1.0 0.058594 0.921546 0.117188 0.105386
0 1.0 0.641406 0.864169 0.142187 0.252927
0 1.0 0.601562 0.870023 0.275000 0.152225
0 1.0 0.491406 0.868852 0.257812 0.201405
0 1.0 0.757812 0.864169 0.071875 0.192037
0 1.0 0.762500 0.872365 0.168750 0.170960
0 1.0 0.717187 0.845433 0.062500 0.187354
0 1.0 0.953906 0.893443 0.064062 0.124122
0 1.0 0.941406 0.920375 0.117188 0.159251
0 1.0 0.546875 0.916862 0.228125 0.166276
0 1.0 0.140625 0.960187 0.103125 0.065574
0 1.0 0.703125 0.921546 0.284375 0.133489
0 1.0 0.711719 0.905152 0.139063 0.175644
0 1.0 0.369531 0.919204 0.104688 0.119438
0 1.0 0.293750 0.913349 0.078125 0.173302
0 1.0 0.319531 0.929742 0.089063 0.088993
0 1.0 0.183594 0.908665 0.095312 0.182670
0 1.0 0.446875 0.913349 0.090625 0.154567
0 1.0 0.341406 0.919204 0.079687 0.156909
0 1.0 0.601562 0.804450 0.293750 0.138173
0 1.0 0.443750 0.820843 0.106250 0.283372
0 1.0 0.924219 0.816159 0.151562 0.114754
0 1.0 0.953906 0.834895 0.092188 0.217799
0 1.0 0.575000 0.817330 0.112500 0.121780
0 1.0 0.239063 0.818501 0.215625 0.119438
0 1.0 0.468750 0.812646 0.328125 0.140515
0 1.0 0.452344 0.820843 0.135937 0.110070
0 1.0 0.369531 0.818501 0.214062 0.105386
0 1.0 0.276562 0.880562 0.225000 0.107728
0 1.0 0.300000 0.852459 0.096875 0.201405
0 1.0 0.314063 0.884075 0.031250 0.058548
0 1.0 0.572656 0.870023 0.101562 0.138173
0 1.0 0.207813 0.874707 0.237500 0.142857
0 1.0 0.446094 0.860656 0.057813 0.128806
0 1.0 0.300781 0.845433 0.048438 0.126464
0 1.0 0.342969 0.847775 0.051562 0.131148
0 1.0 0.777344 0.824356 0.132812 0.107728
0 1.0 0.818750 0.836066 0.078125 0.103044
0 1.0 0.389844 0.845433 0.085938 0.163934
0 1.0 0.073438 0.870023 0.059375 0.152225
0 1.0 0.115625 0.874707 0.196875 0.119438
0 1.0 0.058594 0.873536 0.117188 0.098361
0 1.0 0.242188 0.860656 0.065625 0.147541
0 1.0 0.877344 0.197892 0.139063 0.311475
0 1.0 0.826562 0.182670 0.171875 0.117096
0 1.0 0.816406 0.201405 0.123438 0.248244
0 1.0 0.817187 0.182670 0.268750 0.182670
0 1.0 0.057813 0.250585 0.115625 0.196721
0 1.0 0.932031 0.180328 0.135937 0.117096
0 1.0 0.734375 0.192037 0.434375 0.384075
0 1.0 0.045312 0.247073 0.071875 0.086651
0 1.0 0.235937 0.247073 0.159375 0.147541
0 1.0 0.279687 0.074941 0.559375 0.149883
0 1.0 0.192969 0.285714 0.095312 0.234192
0 1.0 0.124219 0.238876 0.248438 0.131148
0 1.0 0.493750 0.186183 0.084375 0.105386
0 1.0 0.439063 0.194379 0.234375 0.299766
0 1.0 0.249219 0.262295 0.482812 0.252927
0 1.0 0.549219 0.233021 0.567187 0.255269
0 1.0 0.719531 0.186183 0.317188 0.142857
0 1.0 0.662500 0.216628 0.121875 0.245902
0 1.0 0.571094 0.180328 0.201563 0.135831
0 1.0 0.660156 0.939110 0.120313 0.121780
0 1.0 0.384375 0.959016 0.103125 0.077283
0 1.0 0.350781 0.963700 0.057813 0.049180
0 1.0 0.312500 0.962529 0.081250 0.074941
0 1.0 0.238281 0.953162 0.079687 0.093677
0 1.0 0.510938 0.930913 0.100000 0.138173
0 1.0 0.558594 0.960187 0.064062 0.056206
0 1.0 0.537500 0.954333 0.121875 0.091335
0 1.0 0.184375 0.953162 0.078125 0.093677
0 1.0 0.817969 0.941452 0.167187 0.117096
0 1.0 0.753125 0.962529 0.112500 0.070258
0 1.0 0.505469 0.963700 0.042188 0.053864
0 1.0 0.487500 0.960187 0.081250 0.079625
0 1.0 0.475000 0.960187 0.050000 0.051522
0 1.0 0.460156 0.957845 0.070312 0.070258
0 1.0 0.965625 0.933255 0.059375 0.133489
0 1.0 0.871875 0.892272 0.137500 0.215457
0 1.0 0.850000 0.913349 0.137500 0.112412
0 1.0 0.206250 0.951991 0.200000 0.096019
0 1.0 0.042969 0.954333 0.085938 0.091335
0 1.0 0.422656 0.961358 0.032813 0.039813
0 1.0 0.515625 0.234192 0.046875 0.112412
0 1.0 0.444531 0.240047 0.079687 0.119438
0 1.0 0.338281 0.237705 0.220312 0.133489
0 1.0 0.263281 0.257611 0.032813 0.070258
0 1.0 0.697656 0.961358 0.073438 0.063232
0 1.0 0.932813 0.963700 0.125000 0.072600
0 1.0 0.832812 0.960187 0.059375 0.051522
0 1.0 0.647656 0.961358 0.067187 0.063232
0 1.0 0.613281 0.908665 0.117188 0.182670
0 1.0 0.557031 0.915691 0.082812 0.168618
0 1.0 0.617969 0.961358 0.064062 0.058548
0 1.0 0.802344 0.960187 0.095312 0.065574
0 1.0 0.764062 0.925059 0.106250 0.149883
0 1.0 0.174219 0.341920 0.348438 0.683841
0 1.0 0.064844 0.621780 0.129688 0.644028
0 1.0 0.877344 0.563232 0.245312 0.466042
0 1.0 0.083594 0.850117 0.167187 0.299766
0 1.0 0.336719 0.708431 0.673438 0.377049