0 1.0 0.065625 0.061033 0.062500 0.093897
0 1.0 0.075781 0.076291 0.151562 0.152582
0 1.0 0.086719 0.042254 0.060937 0.070423
0 1.0 0.037500 0.078638 0.046875 0.096244
0 1.0 0.193750 0.059859 0.203125 0.119718
0 1.0 0.185938 0.065728 0.087500 0.131455
0 1.0 0.217969 0.043427 0.120313 0.086854
0 1.0 0.245312 0.063380 0.075000 0.126761
0 1.0 0.315625 0.050469 0.056250 0.100939
0 1.0 0.282031 0.068075 0.251563 0.136150
0 1.0 0.307812 0.043427 0.131250 0.086854
0 1.0 0.293750 0.061033 0.046875 0.122066
0 1.0 0.703125 0.808685 0.593750 0.382629
0 1.0 0.703125 0.507042 0.593750 0.507042
0 1.0 0.330469 0.816901 0.660937 0.366197
0 1.0 0.369531 0.050469 0.070312 0.100939
0 1.0 0.328906 0.038732 0.032813 0.058685
0 1.0 0.346094 0.058685 0.048438 0.117371
0 1.0 0.417187 0.050469 0.075000 0.100939
0 1.0 0.400781 0.066901 0.251563 0.133803
0 1.0 0.396094 0.068075 0.060937 0.136150
0 1.0 0.482812 0.053991 0.071875 0.098592
0 1.0 0.236719 0.509390 0.473438 0.704225
0 1.0 0.510938 0.498826 0.703125 0.744131
0 1.0 0.487500 0.239437 0.678125 0.478873
0 1.0 0.521875 0.031690 0.034375 0.053991
0 1.0 0.445312 0.046948 0.040625 0.084507
0 1.0 0.492188 0.080986 0.243750 0.161972
0 1.0 0.514062 0.042254 0.118750 0.084507
0 1.0 0.502344 0.071596 0.076563 0.143192
0 1.0 0.573438 0.053991 0.075000 0.103286
0 1.0 0.553906 0.078638 0.060937 0.157277
0 1.0 0.615625 0.056338 0.096875 0.112676
0 1.0 0.609375 0.080986 0.234375 0.161972
0 1.0 0.632812 0.031690 0.065625 0.063380
0 1.0 0.682031 0.053991 0.098437 0.107981
0 1.0 0.671094 0.045775 0.045312 0.082160
0 1.0 0.728125 0.055164 0.103125 0.110329
0 1.0 0.714844 0.077465 0.242188 0.154930
0 1.0 0.726562 0.043427 0.046875 0.086854
0 1.0 0.780469 0.055164 0.042188 0.086854
0 1.0 0.743750 0.041080 0.265625 0.082160
0 1.0 0.820312 0.053991 0.134375 0.107981
0 1.0 0.807813 0.076291 0.256250 0.152582
0 1.0 0.814063 0.065728 0.040625 0.070423
0 1.0 0.875000 0.058685 0.153125 0.117371
0 1.0 0.880469 0.068075 0.039062 0.065728
0 1.0 0.505469 0.701878 0.798438 0.370892
0 1.0 0.499219 0.661972 0.385937 0.586854
0 1.0 0.696875 0.661972 0.378125 0.586854
0 1.0 0.258594 0.706573 0.517188 0.314554
0 1.0 0.289062 0.660798 0.309375 0.678404
0 1.0 0.923438 0.053991 0.112500 0.107981
0 1.0 0.925000 0.084507 0.065625 0.140845
0 1.0 0.957812 0.076291 0.040625 0.063380
0 1.0 0.964063 0.099765 0.028125 0.063380
0 1.0 0.368750 0.503521 0.737500 0.307512
0 1.0 0.749219 0.294601 0.501563 0.298122
0 1.0 0.302344 0.321596 0.398438 0.643192
0 1.0 0.521094 0.347418 0.339062 0.694836
0 1.0 0.673438 0.302817 0.462500 0.586854
0 1.0 0.626563 0.118545 0.746875 0.237089
0 1.0 0.214062 0.293427 0.428125 0.370892
0 1.0 0.114844 0.091549 0.032813 0.075117
0 1.0 0.039062 0.103286 0.068750 0.150235
0 1.0 0.109375 0.084507 0.084375 0.089202
0 1.0 0.154688 0.078638 0.059375 0.100939
0 1.0 0.082031 0.103286 0.070312 0.150235
0 1.0 0.135937 0.102113 0.062500 0.161972
0 1.0 0.350000 0.133803 0.700000 0.267606
0 1.0 0.229687 0.097418 0.118750 0.194836
0 1.0 0.253125 0.066901 0.037500 0.077465
0 1.0 0.288281 0.088028 0.120313 0.176056
0 1.0 0.771875 0.920188 0.456250 0.159624
0 1.0 0.549219 0.914319 0.632812 0.171362
0 1.0 0.339844 0.072770 0.095312 0.145540
0 1.0 0.457813 0.072770 0.059375 0.093897
0 1.0 0.399219 0.090376 0.123438 0.180751
0 1.0 0.449219 0.116197 0.132812 0.232394
0 1.0 0.491406 0.133803 0.101562 0.267606
0 1.0 0.554688 0.123239 0.221875 0.246479
0 1.0 0.560156 0.124413 0.085938 0.225352
0 1.0 0.171875 0.923709 0.343750 0.152582
0 1.0 0.593750 0.125587 0.090625 0.237089
0 1.0 0.660156 0.092723 0.092188 0.166667
0 1.0 0.842969 0.815728 0.235937 0.368545
0 1.0 0.748437 0.849765 0.503125 0.192488
0 1.0 0.714844 0.099765 0.104688 0.199531
0 1.0 0.775000 0.100939 0.059375 0.126761
0 1.0 0.821094 0.129108 0.051562 0.098592
0 1.0 0.314844 0.843897 0.629687 0.166667
0 1.0 0.878906 0.133803 0.054688 0.107981
0 1.0 0.842969 0.085681 0.120313 0.110329
0 1.0 0.911719 0.100939 0.176563 0.201878
0 1.0 0.925000 0.144366 0.075000 0.180751
0 1.0 0.956250 0.142019 0.046875 0.096244
0 1.0 0.814063 0.748826 0.371875 0.201878
0 1.0 0.076563 0.125587 0.050000 0.086854
0 1.0 0.108594 0.131455 0.214062 0.262911
0 1.0 0.143750 0.119718 0.131250 0.107981
0 1.0 0.072656 0.143192 0.095312 0.253521
0 1.0 0.135937 0.130282 0.109375 0.223005
0 1.0 0.173437 0.112676 0.250000 0.173709
0 1.0 0.551562 0.734742 0.243750 0.394366
0 1.0 0.654687 0.727700 0.206250 0.474178
0 1.0 0.142187 0.711268 0.200000 0.483568
0 1.0 0.235937 0.719484 0.250000 0.387324
0 1.0 0.345313 0.721831 0.253125 0.373239
0 1.0 0.827344 0.650235 0.345313 0.211268
0 1.0 0.276562 0.132629 0.028125 0.058685
0 1.0 0.357031 0.119718 0.170313 0.225352
0 1.0 0.366406 0.120892 0.142187 0.110329
0 1.0 0.460156 0.124413 0.064062 0.112676
0 1.0 0.428125 0.118545 0.306250 0.152582
0 1.0 0.447656 0.632629 0.192188 0.518779
0 1.0 0.510156 0.123239 0.051562 0.115023
0 1.0 0.481250 0.120892 0.165625 0.124413
0 1.0 0.847656 0.565728 0.235937 0.488263
0 1.0 0.781250 0.550469 0.437500 0.223005
0 1.0 0.167969 0.646714 0.335938 0.213615
0 1.0 0.549219 0.550469 0.598437 0.227700
0 1.0 0.557813 0.484742 0.196875 0.706573
0 1.0 0.664844 0.537559 0.226562 0.577465
0 1.0 0.640625 0.146714 0.225000 0.284038
0 1.0 0.172656 0.550469 0.345313 0.208920
0 1.0 0.764062 0.134977 0.246875 0.265258
0 1.0 0.768750 0.136150 0.096875 0.211268
0 1.0 0.822656 0.126761 0.220312 0.145540
0 1.0 0.826562 0.150235 0.071875 0.164319
0 1.0 0.818750 0.146714 0.109375 0.265258
0 1.0 0.735156 0.449531 0.529687 0.227700
0 1.0 0.849219 0.133803 0.104688 0.103286
0 1.0 0.952344 0.144366 0.095312 0.143192
0 1.0 0.952344 0.176056 0.045312 0.107981
0 1.0 0.249219 0.465962 0.248438 0.509390
0 1.0 0.349219 0.462441 0.248438 0.497653
0 1.0 0.832812 0.348592 0.334375 0.208920
0 1.0 0.121875 0.449531 0.243750 0.457746
0 1.0 0.164844 0.450704 0.329688 0.211268
0 1.0 0.733594 0.354460 0.235937 0.610329
0 1.0 0.050781 0.183099 0.089063 0.169014
0 1.0 0.041406 0.178404 0.067187 0.084507
0 1.0 0.118750 0.176056 0.181250 0.103286
0 1.0 0.443750 0.350939 0.568750 0.227700
0 1.0 0.196094 0.172535 0.023438 0.063380
0 1.0 0.178906 0.159624 0.154688 0.319249
0 1.0 0.189844 0.185446 0.217188 0.136150
0 1.0 0.230469 0.164319 0.182812 0.244131
0 1.0 0.164844 0.349765 0.329688 0.211268
0 1.0 0.319531 0.192488 0.026562 0.070423
0 1.0 0.281250 0.186620 0.121875 0.124413
0 1.0 0.364844 0.173709 0.060937 0.122066
0 1.0 0.330469 0.179577 0.235937 0.176056
0 1.0 0.402344 0.169014 0.176563 0.262911
0 1.0 0.427344 0.180751 0.145313 0.145540
0 1.0 0.343750 0.237089 0.568750 0.239437
0 1.0 0.359375 0.248826 0.231250 0.497653
0 1.0 0.468750 0.233568 0.215625 0.467136
0 1.0 0.549219 0.228873 0.417187 0.326291
0 1.0 0.145313 0.264085 0.234375 0.528169
0 1.0 0.245312 0.257042 0.215625 0.514085
0 1.0 0.481250 0.172535 0.071875 0.161972
0 1.0 0.518750 0.187793 0.053125 0.075117
0 1.0 0.536719 0.177230 0.192188 0.119718
0 1.0 0.623437 0.178404 0.171875 0.117371
0 1.0 0.648438 0.199531 0.121875 0.399061
0 1.0 0.715625 0.172535 0.118750 0.190141
0 1.0 0.732031 0.179577 0.279687 0.129108
0 1.0 0.836719 0.177230 0.232813 0.110329
0 1.0 0.872656 0.174883 0.164062 0.199531
0 1.0 0.873437 0.178404 0.090625 0.084507
0 1.0 0.916406 0.185446 0.123438 0.262911
0 1.0 0.438281 0.072770 0.692187 0.145540
0 1.0 0.935156 0.181925 0.129688 0.105634
0 1.0 0.964063 0.204225 0.046875 0.150235
0 1.0 0.065625 0.224178 0.131250 0.265258
0 1.0 0.037500 0.233568 0.075000 0.105634
0 1.0 0.033594 0.245305 0.057813 0.218310
0 1.0 0.109375 0.234742 0.187500 0.112676
0 1.0 0.935156 0.961268 0.129688 0.077465
0 1.0 0.968750 0.960094 0.043750 0.079812
0 1.0 0.876563 0.938967 0.156250 0.122066
0 1.0 0.903125 0.956573 0.043750 0.063380
0 1.0 0.725000 0.950704 0.178125 0.098592
0 1.0 0.750000 0.957746 0.087500 0.061033
0 1.0 0.717187 0.944836 0.078125 0.110329
0 1.0 0.815625 0.955399 0.084375 0.061033
0 1.0 0.765625 0.943662 0.078125 0.112676
0 1.0 0.823438 0.938967 0.109375 0.122066
0 1.0 0.864844 0.957746 0.092188 0.065728
0 1.0 0.589063 0.956573 0.053125 0.053991
0 1.0 0.553125 0.931925 0.084375 0.136150
0 1.0 0.617188 0.935446 0.143750 0.129108
0 1.0 0.654687 0.956573 0.068750 0.063380
0 1.0 0.700781 0.956573 0.076563 0.058685
0 1.0 0.464844 0.947183 0.107813 0.105634
0 1.0 0.460938 0.919014 0.209375 0.161972
0 1.0 0.521094 0.961268 0.035937 0.044601
0 1.0 0.508594 0.935446 0.129688 0.129108
0 1.0 0.558594 0.958920 0.067187 0.058685
0 1.0 0.293750 0.958920 0.059375 0.063380
0 1.0 0.289844 0.916667 0.117188 0.166667
0 1.0 0.357031 0.946009 0.114062 0.107981
0 1.0 0.355469 0.914319 0.217188 0.171362
0 1.0 0.321094 0.956573 0.123438 0.086854
0 1.0 0.344531 0.964789 0.035937 0.046948
0 1.0 0.401562 0.941315 0.125000 0.117371
0 1.0 0.205469 0.958920 0.051562 0.053991
0 1.0 0.139063 0.927230 0.084375 0.145540
0 1.0 0.190625 0.943662 0.109375 0.112676
0 1.0 0.242969 0.958920 0.067187 0.058685
0 1.0 0.245312 0.941315 0.134375 0.117371
0 1.0 0.050781 0.947183 0.101562 0.105634
0 1.0 0.071875 0.956573 0.056250 0.068075
0 1.0 0.094531 0.961268 0.032813 0.044601
0 1.0 0.094531 0.944836 0.117188 0.110329
0 1.0 0.168750 0.960094 0.043750 0.051643
0 1.0 0.922656 0.921362 0.104688 0.152582
0 1.0 0.895312 0.890845 0.209375 0.218310
0 1.0 0.960938 0.929577 0.050000 0.140845
0 1.0 0.717969 0.892019 0.073438 0.154930
0 1.0 0.767969 0.913146 0.204687 0.173709
0 1.0 0.610938 0.899061 0.265625 0.201878
0 1.0 0.610938 0.896714 0.065625 0.122066
0 1.0 0.664844 0.904930 0.054688 0.110329
0 1.0 0.450000 0.887324 0.118750 0.183099
0 1.0 0.450000 0.884977 0.062500 0.136150
0 1.0 0.341406 0.890845 0.110937 0.218310
0 1.0 0.175781 0.903756 0.164062 0.154930
0 1.0 0.279687 0.894366 0.256250 0.211268
0 1.0 0.289062 0.906103 0.090625 0.089202
0 1.0 0.091406 0.921362 0.051562 0.082160
0 1.0 0.137500 0.913146 0.156250 0.098592
0 1.0 0.814844 0.867371 0.098437 0.077465
0 1.0 0.882812 0.820423 0.046875 0.096244
0 1.0 0.917969 0.873239 0.139063 0.131455
0 1.0 0.934375 0.854460 0.071875 0.145540
0 1.0 0.935156 0.842723 0.042188 0.107981
0 1.0 0.946875 0.873239 0.043750 0.084507
0 1.0 0.957031 0.865023 0.023438 0.058685
0 1.0 0.071875 0.895540 0.143750 0.208920
0 1.0 0.775000 0.870892 0.287500 0.131455
0 1.0 0.796094 0.808685 0.017188 0.039906
0 1.0 0.782031 0.782864 0.029687 0.072770
0 1.0 0.835156 0.826291 0.023438 0.051643
0 1.0 0.820312 0.799296 0.043750 0.091549
0 1.0 0.880469 0.873239 0.032813 0.051643
0 1.0 0.898438 0.843897 0.031250 0.063380
0 1.0 0.622656 0.803991 0.017188 0.030516
0 1.0 0.604688 0.857981 0.300000 0.096244
0 1.0 0.614844 0.798122 0.029687 0.056338
0 1.0 0.685156 0.815728 0.017188 0.030516
0 1.0 0.675781 0.805164 0.026562 0.056338
0 1.0 0.743750 0.813380 0.018750 0.035211
0 1.0 0.730469 0.801643 0.029687 0.063380
0 1.0 0.503125 0.857981 0.128125 0.077465
0 1.0 0.450000 0.833333 0.025000 0.051643
0 1.0 0.496875 0.855634 0.256250 0.204225
0 1.0 0.513281 0.862676 0.054688 0.086854
0 1.0 0.571875 0.863850 0.096875 0.075117
0 1.0 0.561719 0.830986 0.032813 0.056338
0 1.0 0.335938 0.846244 0.265625 0.204225
0 1.0 0.353906 0.855634 0.054688 0.068075
0 1.0 0.339844 0.830986 0.092188 0.112676
0 1.0 0.401562 0.854460 0.146875 0.131455
0 1.0 0.475781 0.855634 0.048438 0.063380
0 1.0 0.395313 0.836854 0.084375 0.115023
0 1.0 0.431250 0.854460 0.321875 0.107981
0 1.0 0.394531 0.839202 0.045312 0.091549
0 1.0 0.525781 0.857981 0.042188 0.063380
0 1.0 0.446875 0.828638 0.065625 0.089202
0 1.0 0.217188 0.868545 0.128125 0.112676
0 1.0 0.185938 0.876761 0.050000 0.100939
0 1.0 0.304688 0.863850 0.056250 0.075117
0 1.0 0.243750 0.854460 0.059375 0.089202
0 1.0 0.273438 0.861502 0.196875 0.112676
0 1.0 0.113281 0.874413 0.082812 0.077465
0 1.0 0.027344 0.907277 0.035937 0.091549
0 1.0 0.087500 0.895540 0.040625 0.082160
0 1.0 0.150000 0.853286 0.221875 0.223005
0 1.0 0.212500 0.875587 0.062500 0.089202
0 1.0 0.137500 0.874413 0.078125 0.124413
0 1.0 0.925781 0.814554 0.107813 0.159624
0 1.0 0.889062 0.808685 0.221875 0.133803
0 1.0 0.962500 0.849765 0.050000 0.169014
0 1.0 0.122656 0.880282 0.029687 0.065728
0 1.0 0.031250 0.902582 0.062500 0.119718
0 1.0 0.772656 0.807512 0.204687 0.112676
0 1.0 0.776563 0.802817 0.071875 0.145540
0 1.0 0.769531 0.811033 0.104688 0.265258
0 1.0 0.821875 0.801643 0.193750 0.176056
0 1.0 0.872656 0.815728 0.029687 0.063380
0 1.0 0.878125 0.812207 0.121875 0.211268
0 1.0 0.811719 0.811033 0.098437 0.086854
0 1.0 0.610938 0.813380 0.321875 0.110329
0 1.0 0.605469 0.808685 0.120313 0.255869
0 1.0 0.659375 0.805164 0.284375 0.225352
0 1.0 0.679688 0.807512 0.153125 0.103286
0 1.0 0.661719 0.805164 0.082812 0.145540
0 1.0 0.659375 0.811033 0.112500 0.251174
0 1.0 0.722656 0.799296 0.082812 0.152582
0 1.0 0.715625 0.808685 0.115625 0.265258
0 1.0 0.496094 0.823944 0.157812 0.140845
0 1.0 0.542188 0.820423 0.065625 0.072770
0 1.0 0.590625 0.819249 0.056250 0.070423
0 1.0 0.552344 0.807512 0.135937 0.192488
0 1.0 0.610938 0.796948 0.078125 0.133803
0 1.0 0.339062 0.821596 0.143750 0.173709
0 1.0 0.478125 0.832160 0.034375 0.063380
0 1.0 0.439844 0.802817 0.242188 0.215962
0 1.0 0.522656 0.829812 0.029687 0.053991
0 1.0 0.441406 0.823944 0.092188 0.169014
0 1.0 0.233594 0.830986 0.229687 0.122066
0 1.0 0.178125 0.846244 0.112500 0.190141
0 1.0 0.317188 0.835681 0.043750 0.079812
0 1.0 0.234375 0.833333 0.131250 0.206573
0 1.0 0.289844 0.836854 0.104688 0.166667
0 1.0 0.175000 0.836854 0.034375 0.068075
0 1.0 0.146875 0.827465 0.128125 0.096244
0 1.0 0.085156 0.861502 0.082812 0.187793
0 1.0 0.221875 0.838028 0.034375 0.070423
0 1.0 0.950000 0.779343 0.100000 0.145540
0 1.0 0.925000 0.757042 0.150000 0.246479
0 1.0 0.948438 0.800469 0.053125 0.107981
0 1.0 0.053125 0.841549 0.106250 0.157277
0 1.0 0.125000 0.834507 0.025000 0.053991
0 1.0 0.103906 0.822770 0.123438 0.082160
0 1.0 0.737500 0.765258 0.321875 0.131455
0 1.0 0.850000 0.786385 0.025000 0.056338
0 1.0 0.695312 0.775822 0.106250 0.115023
0 1.0 0.745313 0.768779 0.143750 0.119718
0 1.0 0.575781 0.788732 0.035937 0.061033
0 1.0 0.506250 0.813380 0.078125 0.119718
0 1.0 0.517969 0.776995 0.351562 0.126761
0 1.0 0.638281 0.786385 0.035937 0.065728
0 1.0 0.622656 0.776995 0.173437 0.145540
0 1.0 0.338281 0.784038 0.289062 0.112676
0 1.0 0.496094 0.800469 0.020313 0.046948
0 1.0 0.532813 0.801643 0.018750 0.044601
0 1.0 0.501563 0.759390 0.243750 0.246479
0 1.0 0.304688 0.795775 0.028125 0.051643
0 1.0 0.232813 0.786385 0.259375 0.098592
0 1.0 0.395313 0.798122 0.031250 0.051643
0 1.0 0.162500 0.785211 0.037500 0.063380
0 1.0 0.090625 0.805164 0.112500 0.225352
0 1.0 0.131250 0.774648 0.190625 0.098592
0 1.0 0.139844 0.780516 0.164062 0.223005
0 1.0 0.214844 0.788732 0.029687 0.061033
0 1.0 0.231250 0.792254 0.050000 0.072770
0 1.0 0.899219 0.718310 0.201563 0.117371
0 1.0 0.952344 0.724178 0.095312 0.115023
0 1.0 0.107813 0.780516 0.021875 0.044601
0 1.0 0.072656 0.769953 0.145313 0.079812
0 1.0 0.805469 0.725352 0.189062 0.215962
0 1.0 0.835156 0.725352 0.132812 0.131455
0 1.0 0.805469 0.738263 0.079687 0.190141
0 1.0 0.862500 0.739437 0.021875 0.046948
0 1.0 0.885938 0.747653 0.065625 0.152582
0 1.0 0.792969 0.727700 0.032813 0.051643
0 1.0 0.700000 0.720657 0.100000 0.112676
0 1.0 0.677344 0.747653 0.035937 0.129108
0 1.0 0.675781 0.713615 0.317188 0.131455
0 1.0 0.667188 0.734742 0.065625 0.230047
0 1.0 0.714844 0.714789 0.189062 0.232394
0 1.0 0.742969 0.719484 0.142187 0.138498
0 1.0 0.723437 0.730047 0.059375 0.173709
0 1.0 0.780469 0.727700 0.067187 0.183099
0 1.0 0.517969 0.711268 0.351562 0.126761
0 1.0 0.503125 0.753521 0.087500 0.225352
0 1.0 0.567969 0.730047 0.179688 0.211268
0 1.0 0.628125 0.724178 0.034375 0.063380
0 1.0 0.569531 0.742958 0.089063 0.199531
0 1.0 0.629687 0.718310 0.134375 0.140845
0 1.0 0.610156 0.755869 0.042188 0.126761
0 1.0 0.405469 0.728873 0.182812 0.204225
0 1.0 0.491406 0.723005 0.023438 0.061033
0 1.0 0.528125 0.728873 0.021875 0.053991
0 1.0 0.477344 0.718310 0.126562 0.084507
0 1.0 0.441406 0.765258 0.067187 0.173709
0 1.0 0.565625 0.719484 0.050000 0.082160
0 1.0 0.300000 0.721831 0.040625 0.072770
0 1.0 0.232031 0.739437 0.139063 0.248826
0 1.0 0.257812 0.711268 0.246875 0.117371
0 1.0 0.303125 0.739437 0.118750 0.154930
0 1.0 0.347656 0.732394 0.023438 0.051643
0 1.0 0.414844 0.720657 0.048438 0.079812
0 1.0 0.341406 0.745305 0.142187 0.223005
0 1.0 0.381250 0.711268 0.140625 0.093897
0 1.0 0.118750 0.713615 0.196875 0.112676
0 1.0 0.090625 0.738263 0.078125 0.279343
0 1.0 0.182031 0.720657 0.048438 0.079812
0 1.0 0.180469 0.715962 0.142187 0.215962
0 1.0 0.203125 0.717136 0.084375 0.100939
0 1.0 0.947656 0.667840 0.104688 0.119718
0 1.0 0.960156 0.731221 0.045312 0.091549
0 1.0 0.056250 0.707746 0.112500 0.185446
0 1.0 0.092188 0.719484 0.028125 0.058685
0 1.0 0.063281 0.713615 0.126562 0.084507
0 1.0 0.150000 0.717136 0.053125 0.077465
0 1.0 0.835156 0.670188 0.148438 0.129108
0 1.0 0.850000 0.685446 0.021875 0.042254
0 1.0 0.774219 0.672535 0.029687 0.049296
0 1.0 0.873437 0.700704 0.096875 0.204225
0 1.0 0.923438 0.703052 0.087500 0.227700
0 1.0 0.678906 0.659624 0.304688 0.126761
0 1.0 0.709375 0.687793 0.096875 0.295775
0 1.0 0.764844 0.672535 0.176563 0.143192
0 1.0 0.610156 0.676056 0.039062 0.070423
0 1.0 0.557813 0.663146 0.306250 0.119718
0 1.0 0.639844 0.670188 0.110937 0.124413
0 1.0 0.605469 0.715962 0.070312 0.206573
0 1.0 0.697656 0.669014 0.107813 0.117371
0 1.0 0.488281 0.681925 0.023438 0.049296
0 1.0 0.412500 0.669014 0.334375 0.117371
0 1.0 0.393750 0.704225 0.084375 0.220657
0 1.0 0.453906 0.680751 0.176563 0.192488
0 1.0 0.528125 0.681925 0.021875 0.049296
0 1.0 0.545312 0.673709 0.078125 0.089202
0 1.0 0.297656 0.672535 0.154688 0.190141
0 1.0 0.307031 0.680751 0.023438 0.056338
0 1.0 0.228906 0.669014 0.317188 0.131455
0 1.0 0.387500 0.676056 0.078125 0.089202
0 1.0 0.342969 0.715962 0.079687 0.201878
0 1.0 0.138281 0.664319 0.160938 0.225352
0 1.0 0.169531 0.658451 0.067187 0.110329
0 1.0 0.266406 0.667840 0.048438 0.091549
0 1.0 0.942969 0.612676 0.114062 0.122066
0 1.0 0.958594 0.680751 0.042188 0.079812
0 1.0 0.965625 0.707746 0.028125 0.082160
0 1.0 0.096875 0.657277 0.028125 0.065728
0 1.0 0.072656 0.653756 0.110937 0.091549
0 1.0 0.028906 0.674883 0.054688 0.204225
0 1.0 0.121875 0.654930 0.240625 0.131455
0 1.0 0.811719 0.666667 0.085938 0.234742
0 1.0 0.836719 0.625587 0.023438 0.039906
0 1.0 0.888281 0.672535 0.042188 0.091549
0 1.0 0.764844 0.615023 0.042188 0.051643
0 1.0 0.929688 0.616197 0.140625 0.265258
0 1.0 0.710156 0.615023 0.185938 0.230047
0 1.0 0.712500 0.607981 0.293750 0.131455
0 1.0 0.770312 0.660798 0.093750 0.204225
0 1.0 0.813281 0.622066 0.189062 0.206573
0 1.0 0.820312 0.667840 0.053125 0.129108
0 1.0 0.587500 0.609155 0.034375 0.063380
0 1.0 0.560156 0.674883 0.079687 0.171362
0 1.0 0.532813 0.603286 0.250000 0.107981
0 1.0 0.608594 0.620892 0.189062 0.227700
0 1.0 0.642969 0.607981 0.107813 0.117371
0 1.0 0.615625 0.678404 0.046875 0.131455
0 1.0 0.697656 0.610329 0.110937 0.107981
0 1.0 0.675781 0.672535 0.039062 0.115023
0 1.0 0.418750 0.599765 0.240625 0.091549
0 1.0 0.528125 0.607981 0.018750 0.037559
0 1.0 0.442188 0.698357 0.046875 0.129108
0 1.0 0.501563 0.624413 0.250000 0.295775
0 1.0 0.529687 0.604460 0.053125 0.072770
0 1.0 0.503125 0.672535 0.075000 0.161972
0 1.0 0.288281 0.605634 0.185938 0.201878
0 1.0 0.263281 0.602113 0.017188 0.035211
0 1.0 0.173437 0.599765 0.212500 0.082160
0 1.0 0.289844 0.647887 0.079687 0.220657
0 1.0 0.375000 0.599765 0.037500 0.053991
0 1.0 0.346875 0.646714 0.125000 0.223005
0 1.0 0.316406 0.596244 0.214062 0.089202
0 1.0 0.404687 0.618545 0.190625 0.208920
0 1.0 0.498437 0.606808 0.018750 0.039906
0 1.0 0.182031 0.597418 0.042188 0.082160
0 1.0 0.139063 0.638498 0.087500 0.225352
0 1.0 0.165625 0.602113 0.153125 0.199531
0 1.0 0.163281 0.597418 0.073438 0.100939
0 1.0 0.225781 0.600939 0.026562 0.056338
0 1.0 0.227344 0.629108 0.101562 0.220657
0 1.0 0.960156 0.553991 0.079687 0.089202
0 1.0 0.965625 0.651408 0.028125 0.077465
0 1.0 0.053125 0.604460 0.106250 0.176056
0 1.0 0.107031 0.596244 0.026562 0.065728
0 1.0 0.085156 0.595070 0.110937 0.086854
0 1.0 0.167969 0.596244 0.039062 0.070423
0 1.0 0.089844 0.629108 0.076563 0.183099
0 1.0 0.876563 0.565728 0.193750 0.197183
0 1.0 0.854688 0.564554 0.071875 0.077465
0 1.0 0.882812 0.602113 0.046875 0.096244
0 1.0 0.830469 0.557512 0.042188 0.058685
0 1.0 0.875000 0.600939 0.078125 0.178404
0 1.0 0.958594 0.625587 0.045312 0.077465
0 1.0 0.725000 0.553991 0.300000 0.140845
0 1.0 0.708594 0.602113 0.082812 0.232394
0 1.0 0.821875 0.615023 0.053125 0.112676
0 1.0 0.545312 0.555164 0.268750 0.119718
0 1.0 0.622656 0.555164 0.201563 0.152582
0 1.0 0.617188 0.617371 0.050000 0.136150
0 1.0 0.614062 0.617371 0.071875 0.225352
0 1.0 0.674219 0.612676 0.042188 0.122066
0 1.0 0.667969 0.619718 0.057813 0.201878
0 1.0 0.453906 0.568075 0.157812 0.169014
0 1.0 0.485156 0.561033 0.079687 0.093897
0 1.0 0.443750 0.605634 0.093750 0.150235
0 1.0 0.448437 0.636150 0.040625 0.112676
0 1.0 0.503125 0.605634 0.068750 0.150235
0 1.0 0.558594 0.557512 0.176563 0.204225
0 1.0 0.557031 0.603286 0.082812 0.183099
0 1.0 0.293750 0.552817 0.071875 0.091549
0 1.0 0.257812 0.550469 0.334375 0.129108
0 1.0 0.350781 0.553991 0.185938 0.197183
0 1.0 0.342187 0.598592 0.075000 0.192488
0 1.0 0.406250 0.549296 0.321875 0.126761
0 1.0 0.393750 0.607981 0.075000 0.187793
0 1.0 0.156250 0.553991 0.225000 0.122066
0 1.0 0.297656 0.555164 0.132812 0.171362
0 1.0 0.076563 0.552817 0.153125 0.251174
0 1.0 0.089063 0.570423 0.034375 0.065728
0 1.0 0.034375 0.599765 0.059375 0.138498
0 1.0 0.075781 0.562207 0.107813 0.082160
0 1.0 0.131250 0.563380 0.112500 0.107981
0 1.0 0.089844 0.623239 0.045312 0.124413
0 1.0 0.826562 0.503521 0.084375 0.086854
0 1.0 0.880469 0.531690 0.060937 0.138498
0 1.0 0.808594 0.502347 0.039062 0.056338
0 1.0 0.875000 0.534038 0.093750 0.237089
0 1.0 0.919531 0.500000 0.160938 0.211268
0 1.0 0.950000 0.517606 0.100000 0.147887
0 1.0 0.965625 0.592723 0.028125 0.077465
0 1.0 0.725000 0.496479 0.300000 0.138498
0 1.0 0.746094 0.519953 0.242188 0.321596
0 1.0 0.759375 0.534038 0.131250 0.237089
0 1.0 0.818750 0.552817 0.062500 0.129108
0 1.0 0.618750 0.491784 0.256250 0.349765
0 1.0 0.614844 0.501174 0.235937 0.157277
0 1.0 0.617188 0.534038 0.062500 0.176056
0 1.0 0.614062 0.536385 0.093750 0.293427
0 1.0 0.672656 0.539906 0.060937 0.169014
0 1.0 0.713281 0.534038 0.114062 0.227700
0 1.0 0.418750 0.509390 0.134375 0.107981
0 1.0 0.450000 0.561033 0.037500 0.103286
0 1.0 0.502344 0.502347 0.173437 0.211268
0 1.0 0.504687 0.526995 0.081250 0.166667
0 1.0 0.546875 0.524648 0.093750 0.218310
0 1.0 0.239063 0.503521 0.237500 0.110329
0 1.0 0.318750 0.504695 0.190625 0.131455
0 1.0 0.399219 0.509390 0.189062 0.197183
0 1.0 0.394531 0.549296 0.064062 0.159624
0 1.0 0.171094 0.507042 0.235937 0.154930
0 1.0 0.178906 0.548122 0.107813 0.171362
0 1.0 0.228906 0.542254 0.076563 0.154930
0 1.0 0.298438 0.494131 0.246875 0.265258
0 1.0 0.076563 0.516432 0.046875 0.061033
0 1.0 0.040625 0.559859 0.056250 0.115023
0 1.0 0.118750 0.512911 0.137500 0.105634
0 1.0 0.094531 0.570423 0.051562 0.103286
0 1.0 0.171094 0.504695 0.132812 0.093897
0 1.0 0.129688 0.583333 0.053125 0.124413
0 1.0 0.833594 0.448357 0.020313 0.037559
0 1.0 0.925781 0.458920 0.101562 0.152582
0 1.0 0.958594 0.465962 0.082812 0.133803
0 1.0 0.957812 0.502347 0.046875 0.079812
0 1.0 0.978125 0.446009 0.043750 0.070423
0 1.0 0.964844 0.517606 0.026562 0.068075
0 1.0 0.050781 0.531690 0.082812 0.115023
0 1.0 0.761719 0.444836 0.235937 0.161972
0 1.0 0.771094 0.481221 0.060937 0.112676
0 1.0 0.778125 0.444836 0.100000 0.086854
0 1.0 0.821875 0.463615 0.146875 0.157277
0 1.0 0.829688 0.498826 0.040625 0.077465
0 1.0 0.878906 0.463615 0.176563 0.190141
0 1.0 0.887500 0.500000 0.040625 0.079812
0 1.0 0.614062 0.468310 0.053125 0.143192
0 1.0 0.639062 0.446009 0.131250 0.093897
0 1.0 0.673438 0.444836 0.175000 0.218310
0 1.0 0.671875 0.478873 0.056250 0.159624
0 1.0 0.691406 0.447183 0.120313 0.091549
0 1.0 0.713281 0.477700 0.073438 0.147887
0 1.0 0.527344 0.446009 0.020313 0.037559
0 1.0 0.446875 0.483568 0.025000 0.065728
0 1.0 0.506250 0.434272 0.234375 0.305164
0 1.0 0.494531 0.438967 0.223438 0.140845
0 1.0 0.511719 0.474178 0.060937 0.145540
0 1.0 0.521094 0.444836 0.079687 0.072770
0 1.0 0.553906 0.449531 0.160938 0.204225
0 1.0 0.547656 0.474178 0.064062 0.150235
0 1.0 0.602344 0.444836 0.073438 0.068075
0 1.0 0.368750 0.482394 0.046875 0.082160
0 1.0 0.264844 0.450704 0.210938 0.136150
0 1.0 0.347656 0.484742 0.085938 0.133803
0 1.0 0.307031 0.455399 0.020313 0.042254
0 1.0 0.348438 0.502347 0.050000 0.107981
0 1.0 0.406250 0.471831 0.100000 0.136150
0 1.0 0.399219 0.446009 0.245312 0.154930
0 1.0 0.482812 0.476526 0.059375 0.107981
0 1.0 0.439844 0.476526 0.076563 0.140845
0 1.0 0.248438 0.457746 0.046875 0.061033
0 1.0 0.185938 0.537559 0.040625 0.089202
0 1.0 0.247656 0.504695 0.042188 0.084507
0 1.0 0.279687 0.453052 0.053125 0.065728
0 1.0 0.330469 0.485915 0.029687 0.061033
0 1.0 0.299219 0.484742 0.073438 0.119718
0 1.0 0.316406 0.457746 0.120313 0.089202
0 1.0 0.106250 0.458920 0.018750 0.035211
0 1.0 0.034375 0.536385 0.028125 0.077465
0 1.0 0.101562 0.485915 0.081250 0.093897
0 1.0 0.112500 0.458920 0.225000 0.124413
0 1.0 0.096094 0.539906 0.023438 0.051643
0 1.0 0.159375 0.458920 0.028125 0.044601
0 1.0 0.148438 0.543427 0.031250 0.058685
0 1.0 0.196094 0.458920 0.051562 0.063380
0 1.0 0.141406 0.558685 0.042188 0.089202
0 1.0 0.221094 0.488263 0.035937 0.065728
0 1.0 0.921875 0.401408 0.153125 0.211268
0 1.0 0.953906 0.408451 0.092188 0.145540
0 1.0 0.957812 0.444836 0.050000 0.100939
0 1.0 0.064062 0.482394 0.050000 0.077465
0 1.0 0.071094 0.451878 0.142187 0.255869
0 1.0 0.058594 0.461268 0.079687 0.072770
0 1.0 0.040625 0.517606 0.037500 0.072770
0 1.0 0.762500 0.395540 0.284375 0.138498
0 1.0 0.756250 0.436620 0.096875 0.201878
0 1.0 0.835938 0.438967 0.050000 0.103286
0 1.0 0.885156 0.442488 0.048438 0.105634
0 1.0 0.875000 0.436620 0.087500 0.201878
0 1.0 0.623437 0.394366 0.237500 0.122066
0 1.0 0.608594 0.402582 0.101562 0.293427
0 1.0 0.664844 0.423709 0.076563 0.194836
0 1.0 0.519531 0.392019 0.182812 0.154930
0 1.0 0.513281 0.416667 0.089063 0.208920
0 1.0 0.567969 0.381455 0.239063 0.330986
0 1.0 0.555469 0.413146 0.085938 0.183099
0 1.0 0.346094 0.400235 0.223438 0.166667
0 1.0 0.346094 0.431925 0.104688 0.183099
0 1.0 0.418750 0.399061 0.137500 0.131455
0 1.0 0.459375 0.402582 0.137500 0.180751
0 1.0 0.205469 0.401408 0.279687 0.136150
0 1.0 0.187500 0.468310 0.056250 0.124413
0 1.0 0.236719 0.462441 0.067187 0.136150
0 1.0 0.303125 0.417840 0.109375 0.154930
0 1.0 0.290625 0.386150 0.246875 0.279343
0 1.0 0.100781 0.408451 0.185938 0.131455
0 1.0 0.078125 0.492958 0.025000 0.046948
0 1.0 0.150000 0.482394 0.028125 0.058685
0 1.0 0.139063 0.483568 0.056250 0.122066
0 1.0 0.206250 0.421362 0.112500 0.147887
0 1.0 0.922656 0.352113 0.101562 0.215962
0 1.0 0.899219 0.346244 0.201563 0.119718
0 1.0 0.953906 0.372066 0.039062 0.091549
0 1.0 0.962500 0.350939 0.021875 0.053991
0 1.0 0.046875 0.415493 0.093750 0.122066
0 1.0 0.053125 0.413146 0.059375 0.070423
0 1.0 0.035156 0.474178 0.045312 0.126761
0 1.0 0.765625 0.343897 0.293750 0.119718
0 1.0 0.760156 0.383803 0.067187 0.138498
0 1.0 0.832812 0.372066 0.043750 0.091549
0 1.0 0.825781 0.353286 0.067187 0.138498
0 1.0 0.885938 0.363850 0.043750 0.103286
0 1.0 0.820312 0.345070 0.156250 0.089202
0 1.0 0.875781 0.338028 0.076563 0.164319
0 1.0 0.655469 0.346244 0.164062 0.223005
0 1.0 0.666406 0.342723 0.279687 0.136150
0 1.0 0.702344 0.350939 0.242188 0.312207
0 1.0 0.710938 0.389671 0.065625 0.136150
0 1.0 0.524219 0.341549 0.279687 0.133803
0 1.0 0.341406 0.349765 0.201563 0.112676
0 1.0 0.348438 0.407277 0.050000 0.133803
0 1.0 0.414062 0.354460 0.093750 0.150235
0 1.0 0.393750 0.345070 0.225000 0.286385
0 1.0 0.481250 0.369718 0.056250 0.100939
0 1.0 0.502344 0.348592 0.132812 0.096244
0 1.0 0.446875 0.362676 0.021875 0.049296
0 1.0 0.249219 0.346244 0.257812 0.161972
0 1.0 0.246875 0.392019 0.056250 0.122066
0 1.0 0.325000 0.379108 0.037500 0.077465
0 1.0 0.292969 0.407277 0.051562 0.129108
0 1.0 0.367969 0.373239 0.051562 0.098592
0 1.0 0.104688 0.343897 0.209375 0.138498
0 1.0 0.089063 0.407277 0.034375 0.072770
0 1.0 0.128125 0.345070 0.103125 0.079812
0 1.0 0.082812 0.416667 0.046875 0.119718
0 1.0 0.138281 0.396714 0.039062 0.089202
0 1.0 0.219531 0.372066 0.045312 0.086854
0 1.0 0.193750 0.374413 0.100000 0.157277
0 1.0 0.196094 0.409624 0.039062 0.105634
0 1.0 0.897656 0.285211 0.204687 0.124413
0 1.0 0.966406 0.289906 0.067187 0.133803
0 1.0 0.930469 0.285211 0.139063 0.265258
0 1.0 0.953125 0.278169 0.028125 0.072770
0 1.0 0.959375 0.294601 0.031250 0.110329
0 1.0 0.050781 0.355634 0.085938 0.124413
0 1.0 0.067969 0.339202 0.135937 0.260563
0 1.0 0.029687 0.376761 0.059375 0.129108
0 1.0 0.028125 0.379108 0.031250 0.086854
0 1.0 0.825781 0.276995 0.154688 0.164319
0 1.0 0.838281 0.272300 0.023438 0.051643
0 1.0 0.893750 0.259390 0.021875 0.049296
0 1.0 0.839844 0.286385 0.051562 0.056338
0 1.0 0.880469 0.272300 0.079687 0.183099
0 1.0 0.932031 0.271127 0.067187 0.180751
0 1.0 0.665625 0.303991 0.046875 0.133803
0 1.0 0.669531 0.291080 0.164062 0.112676
0 1.0 0.659375 0.300469 0.090625 0.258216
0 1.0 0.724219 0.306338 0.107813 0.143192
0 1.0 0.724219 0.316901 0.032813 0.070423
0 1.0 0.773438 0.292254 0.146875 0.147887
0 1.0 0.782813 0.308685 0.021875 0.044601
0 1.0 0.769531 0.319249 0.079687 0.154930
0 1.0 0.521094 0.287559 0.254688 0.133803
0 1.0 0.500781 0.282864 0.098437 0.279343
0 1.0 0.562500 0.286385 0.100000 0.215962
0 1.0 0.596875 0.266432 0.221875 0.335681
0 1.0 0.601562 0.267606 0.071875 0.201878
0 1.0 0.414062 0.291080 0.125000 0.173709
0 1.0 0.415625 0.288732 0.250000 0.117371
0 1.0 0.500781 0.314554 0.026562 0.061033
0 1.0 0.454688 0.301643 0.087500 0.161972
0 1.0 0.537500 0.299296 0.037500 0.063380
0 1.0 0.453906 0.328638 0.045312 0.126761
0 1.0 0.510938 0.286385 0.062500 0.164319
0 1.0 0.228125 0.289906 0.250000 0.152582
0 1.0 0.249219 0.316901 0.048438 0.117371
0 1.0 0.240625 0.313380 0.096875 0.241784
0 1.0 0.328906 0.311033 0.026562 0.063380
0 1.0 0.293750 0.293427 0.134375 0.248826
0 1.0 0.323437 0.295775 0.209375 0.107981
0 1.0 0.378906 0.311033 0.035937 0.072770
0 1.0 0.347656 0.301643 0.110937 0.208920
0 1.0 0.407031 0.295775 0.067187 0.070423
0 1.0 0.096875 0.289906 0.140625 0.100939
0 1.0 0.069531 0.303991 0.076563 0.185446
0 1.0 0.134375 0.287559 0.178125 0.199531
0 1.0 0.149219 0.301643 0.039062 0.091549
0 1.0 0.138281 0.312207 0.085938 0.220657
0 1.0 0.221094 0.307512 0.026562 0.061033
0 1.0 0.189062 0.295775 0.125000 0.220657
0 1.0 0.232813 0.299296 0.168750 0.100939
0 1.0 0.941406 0.231221 0.117188 0.115023
0 1.0 0.048438 0.293427 0.084375 0.131455
0 1.0 0.033594 0.295775 0.067187 0.075117
0 1.0 0.074219 0.291080 0.026562 0.061033
0 1.0 0.826562 0.225352 0.075000 0.164319
0 1.0 0.821094 0.235915 0.279687 0.138498
0 1.0 0.863281 0.235915 0.229687 0.269953
0 1.0 0.660156 0.234742 0.289062 0.131455
0 1.0 0.711719 0.239437 0.195312 0.253521
0 1.0 0.713281 0.246479 0.067187 0.159624
0 1.0 0.776563 0.240610 0.062500 0.129108
0 1.0 0.571875 0.242958 0.193750 0.152582
0 1.0 0.452344 0.250000 0.070312 0.096244
0 1.0 0.418750 0.244131 0.306250 0.131455
0 1.0 0.458594 0.227700 0.164062 0.244131
0 1.0 0.510156 0.247653 0.048438 0.091549
0 1.0 0.460156 0.232394 0.057813 0.211268
0 1.0 0.242188 0.240610 0.284375 0.129108
0 1.0 0.285938 0.235915 0.225000 0.307512
0 1.0 0.273438 0.258216 0.031250 0.061033
0 1.0 0.369531 0.250000 0.135937 0.115023
0 1.0 0.346875 0.245305 0.071875 0.241784
0 1.0 0.128906 0.230047 0.107813 0.272300
0 1.0 0.189844 0.241784 0.079687 0.258216
0 1.0 0.122656 0.036385 0.032813 0.044601
0 1.0 0.141406 0.042254 0.085938 0.084507
0 1.0 0.089844 0.080986 0.039062 0.082160
0 1.0 0.165625 0.035211 0.056250 0.061033
0 1.0 0.078125 0.649061 0.156250 0.589202
0 1.0 0.756250 0.806338 0.218750 0.387324
0 1.0 0.800000 0.508216 0.400000 0.946009
0 1.0 0.892969 0.451878 0.214062 0.363850
0 1.0 0.850781 0.360329 0.195312 0.589202
0 1.0 0.913281 0.644366 0.173437 0.481221
0 1.0 0.915625 0.248826 0.168750 0.488263