0 1.0 0.500000 0.498958 1.000000 0.847917
0 1.0 0.763281 0.620833 0.082812 0.170833
0 1.0 0.778125 0.548958 0.334375 0.131250
0 1.0 0.764844 0.567708 0.285938 0.289583
0 1.0 0.767969 0.569792 0.173437 0.181250
0 1.0 0.709375 0.608333 0.087500 0.191667
0 1.0 0.664062 0.583333 0.096875 0.237500
0 1.0 0.663281 0.543750 0.304688 0.145833
0 1.0 0.605469 0.583333 0.089063 0.191667
0 1.0 0.889062 0.545833 0.221875 0.137500
0 1.0 0.918750 0.542708 0.131250 0.322917
0 1.0 0.855469 0.550000 0.051562 0.075000
0 1.0 0.892188 0.548958 0.084375 0.168750
0 1.0 0.835156 0.552083 0.179688 0.208333
0 1.0 0.825781 0.568750 0.060937 0.125000
0 1.0 0.872656 0.548958 0.079687 0.097917
0 1.0 0.470313 0.559375 0.115625 0.156250
0 1.0 0.394531 0.539583 0.135937 0.345833
0 1.0 0.409375 0.551042 0.275000 0.118750
0 1.0 0.335938 0.526042 0.118750 0.352083
0 1.0 0.316406 0.552083 0.151562 0.095833
0 1.0 0.229687 0.555208 0.193750 0.102083
0 1.0 0.294531 0.542708 0.142187 0.214583
0 1.0 0.609375 0.560417 0.265625 0.270833
0 1.0 0.548438 0.588542 0.100000 0.193750
0 1.0 0.501563 0.582292 0.093750 0.197917
0 1.0 0.511719 0.550000 0.298438 0.141667
0 1.0 0.522656 0.609375 0.110937 0.102083
0 1.0 0.510938 0.606250 0.265625 0.300000
0 1.0 0.445312 0.635417 0.075000 0.191667
0 1.0 0.521094 0.614583 0.042188 0.062500
0 1.0 0.239063 0.552083 0.109375 0.329167
0 1.0 0.410156 0.606250 0.232813 0.100000
0 1.0 0.447656 0.610417 0.057813 0.075000
0 1.0 0.307031 0.606250 0.189062 0.100000
0 1.0 0.464844 0.612500 0.151562 0.200000
0 1.0 0.669531 0.601042 0.289062 0.127083
0 1.0 0.508594 0.606250 0.251563 0.112500
0 1.0 0.127344 0.600000 0.204687 0.104167
0 1.0 0.134375 0.625000 0.096875 0.208333
0 1.0 0.135156 0.609375 0.242188 0.285417
0 1.0 0.074219 0.616667 0.110937 0.270833
0 1.0 0.131250 0.604167 0.059375 0.075000
0 1.0 0.025000 0.632292 0.050000 0.206250
0 1.0 0.052344 0.597917 0.104688 0.066667
0 1.0 0.064062 0.603125 0.040625 0.056250
0 1.0 0.050781 0.615625 0.101562 0.164583
0 1.0 0.957031 0.616667 0.042188 0.116667
0 1.0 0.947656 0.550000 0.104688 0.108333
0 1.0 0.220312 0.601042 0.181250 0.093750
0 1.0 0.270313 0.604167 0.046875 0.066667
0 1.0 0.240625 0.600000 0.237500 0.279167
0 1.0 0.190625 0.626042 0.084375 0.252083
0 1.0 0.264062 0.496875 0.168750 0.097917
0 1.0 0.286719 0.493750 0.079687 0.087500
0 1.0 0.708594 0.609375 0.182812 0.222917
0 1.0 0.242969 0.470833 0.239063 0.312500
0 1.0 0.184375 0.527083 0.068750 0.200000
0 1.0 0.183594 0.504167 0.217188 0.116667
0 1.0 0.499219 0.497917 0.295312 0.141667
0 1.0 0.505469 0.506250 0.123438 0.212500
0 1.0 0.447656 0.498958 0.073438 0.172917
0 1.0 0.338281 0.484375 0.220312 0.160417
0 1.0 0.393750 0.475000 0.237500 0.279167
0 1.0 0.911719 0.458333 0.176563 0.141667
0 1.0 0.899219 0.462500 0.201563 0.279167
0 1.0 0.874219 0.459375 0.035937 0.056250
0 1.0 0.888281 0.514583 0.054688 0.091667
0 1.0 0.822656 0.511458 0.064062 0.127083
0 1.0 0.835156 0.514583 0.039062 0.070833
0 1.0 0.835938 0.471875 0.150000 0.147917
0 1.0 0.132031 0.514583 0.073438 0.212500
0 1.0 0.125781 0.505208 0.210938 0.168750
0 1.0 0.133594 0.472917 0.251563 0.325000
0 1.0 0.073438 0.502083 0.103125 0.262500
0 1.0 0.122656 0.504167 0.148438 0.104167
0 1.0 0.946875 0.502083 0.056250 0.100000
0 1.0 0.026562 0.530208 0.046875 0.160417
0 1.0 0.065625 0.503125 0.109375 0.085417
0 1.0 0.958594 0.528125 0.039062 0.102083
0 1.0 0.948438 0.454167 0.103125 0.087500
0 1.0 0.060156 0.546875 0.092188 0.072917
0 1.0 0.048438 0.553125 0.096875 0.139583
0 1.0 0.956250 0.573958 0.037500 0.106250
0 1.0 0.932031 0.496875 0.135937 0.122917
0 1.0 0.159375 0.550000 0.165625 0.108333
0 1.0 0.664062 0.544792 0.068750 0.131250
0 1.0 0.605469 0.539583 0.064062 0.150000
0 1.0 0.549219 0.519792 0.117188 0.193750
0 1.0 0.849219 0.497917 0.254688 0.137500
0 1.0 0.712500 0.505208 0.278125 0.156250
0 1.0 0.765625 0.558333 0.081250 0.154167
0 1.0 0.715625 0.541667 0.081250 0.137500
0 1.0 0.718750 0.715625 0.187500 0.235417
0 1.0 0.663281 0.721875 0.129688 0.385417
0 1.0 0.672656 0.711458 0.273438 0.127083
0 1.0 0.700781 0.714583 0.104688 0.112500
0 1.0 0.604688 0.718750 0.131250 0.379167
0 1.0 0.629687 0.709375 0.109375 0.122917
0 1.0 0.546875 0.725000 0.131250 0.358333
0 1.0 0.548438 0.707292 0.293750 0.139583
0 1.0 0.567187 0.709375 0.106250 0.114583
0 1.0 0.874219 0.716667 0.139063 0.287500
0 1.0 0.847656 0.736458 0.026562 0.060417
0 1.0 0.808594 0.728125 0.129688 0.335417
0 1.0 0.784375 0.707292 0.300000 0.135417
0 1.0 0.750000 0.715625 0.128125 0.118750
0 1.0 0.341406 0.709375 0.260937 0.264583
0 1.0 0.286719 0.721875 0.089063 0.227083
0 1.0 0.235156 0.715625 0.317188 0.127083
0 1.0 0.283594 0.722917 0.051562 0.070833
0 1.0 0.241406 0.721875 0.120313 0.260417
0 1.0 0.274219 0.720833 0.104688 0.100000
0 1.0 0.234375 0.700000 0.265625 0.270833
0 1.0 0.191406 0.709375 0.107813 0.264583
0 1.0 0.514844 0.709375 0.148438 0.122917
0 1.0 0.446094 0.725000 0.101562 0.262500
0 1.0 0.494531 0.718750 0.073438 0.083333
0 1.0 0.387500 0.709375 0.306250 0.131250
0 1.0 0.425000 0.716667 0.106250 0.112500
0 1.0 0.449219 0.709375 0.242188 0.277083
0 1.0 0.397656 0.778125 0.148438 0.322917
0 1.0 0.432031 0.766667 0.079687 0.120833
0 1.0 0.343750 0.767708 0.128125 0.322917
0 1.0 0.779687 0.721875 0.059375 0.072917
0 1.0 0.283594 0.779167 0.132812 0.258333
0 1.0 0.285938 0.766667 0.075000 0.100000
0 1.0 0.601562 0.779167 0.275000 0.354167
0 1.0 0.554688 0.761458 0.293750 0.135417
0 1.0 0.574219 0.764583 0.104688 0.116667
0 1.0 0.532031 0.763542 0.129688 0.122917
0 1.0 0.504687 0.758333 0.187500 0.250000
0 1.0 0.490625 0.770833 0.065625 0.100000
0 1.0 0.085156 0.765625 0.170313 0.252083
0 1.0 0.032031 0.777083 0.064062 0.279167
0 1.0 0.052344 0.758333 0.104688 0.091667
0 1.0 0.043750 0.763542 0.050000 0.072917
0 1.0 0.962500 0.765625 0.043750 0.156250
0 1.0 0.945312 0.713542 0.109375 0.106250
0 1.0 0.931250 0.709375 0.137500 0.268750
0 1.0 0.887500 0.714583 0.225000 0.133333
0 1.0 0.199219 0.763542 0.317188 0.139583
0 1.0 0.189844 0.782292 0.157812 0.247917
0 1.0 0.127344 0.778125 0.139063 0.360417
0 1.0 0.164062 0.765625 0.140625 0.135417
0 1.0 0.114062 0.765625 0.078125 0.102083
0 1.0 0.257031 0.666667 0.132812 0.116667
0 1.0 0.196094 0.662500 0.273438 0.125000
0 1.0 0.112500 0.661458 0.221875 0.106250
0 1.0 0.132031 0.667708 0.073438 0.089583
0 1.0 0.392969 0.651042 0.123438 0.293750
0 1.0 0.407031 0.664583 0.289062 0.129167
0 1.0 0.341406 0.638542 0.151562 0.277083
0 1.0 0.287500 0.657292 0.128125 0.239583
0 1.0 0.281250 0.671875 0.050000 0.072917
0 1.0 0.872656 0.607292 0.026562 0.052083
0 1.0 0.817969 0.600000 0.323437 0.133333
0 1.0 0.815625 0.623958 0.075000 0.177083
0 1.0 0.845313 0.604167 0.112500 0.116667
0 1.0 0.735156 0.601042 0.114062 0.114583
0 1.0 0.057813 0.658333 0.115625 0.075000
0 1.0 0.066406 0.667708 0.042188 0.060417
0 1.0 0.962500 0.672917 0.040625 0.125000
0 1.0 0.951562 0.605208 0.096875 0.097917
0 1.0 0.821094 0.606250 0.035937 0.054167
0 1.0 0.915625 0.598958 0.156250 0.143750
0 1.0 0.885938 0.661458 0.228125 0.127083
0 1.0 0.850000 0.679167 0.028125 0.054167
0 1.0 0.865625 0.658333 0.234375 0.341667
0 1.0 0.796875 0.668750 0.193750 0.158333
0 1.0 0.786719 0.666667 0.048438 0.062500
0 1.0 0.156250 0.709375 0.131250 0.135417
0 1.0 0.096094 0.710417 0.192188 0.112500
0 1.0 0.119531 0.712500 0.067187 0.091667
0 1.0 0.055469 0.710417 0.110937 0.083333
0 1.0 0.056250 0.714583 0.046875 0.066667
0 1.0 0.953906 0.658333 0.092188 0.095833
0 1.0 0.622656 0.657292 0.167187 0.152083
0 1.0 0.559375 0.662500 0.168750 0.150000
0 1.0 0.503125 0.673958 0.081250 0.106250
0 1.0 0.764844 0.687500 0.126562 0.316667
0 1.0 0.716406 0.660417 0.264062 0.129167
0 1.0 0.674219 0.671875 0.095312 0.231250
0 1.0 0.697656 0.661458 0.114062 0.122917
0 1.0 0.662500 0.662500 0.256250 0.354167
0 1.0 0.932031 0.233333 0.135937 0.300000
0 1.0 0.882031 0.235417 0.235937 0.129167
0 1.0 0.882031 0.227083 0.145313 0.379167
0 1.0 0.629687 0.768750 0.125000 0.133333
0 1.0 0.808594 0.220833 0.129688 0.345833
0 1.0 0.165625 0.283333 0.250000 0.129167
0 1.0 0.137500 0.276042 0.093750 0.152083
0 1.0 0.153906 0.301042 0.301563 0.285417
0 1.0 0.067187 0.291667 0.100000 0.204167
0 1.0 0.072656 0.278125 0.048438 0.093750
0 1.0 0.028125 0.301042 0.056250 0.193750
0 1.0 0.046094 0.285417 0.085938 0.091667
0 1.0 0.586719 0.242708 0.207813 0.168750
0 1.0 0.592969 0.192708 0.229687 0.381250
0 1.0 0.489844 0.235417 0.279687 0.137500
0 1.0 0.503906 0.220833 0.151562 0.350000
0 1.0 0.440625 0.222917 0.140625 0.379167
0 1.0 0.494531 0.239583 0.073438 0.120833
0 1.0 0.768750 0.235417 0.293750 0.137500
0 1.0 0.707812 0.207292 0.125000 0.364583
0 1.0 0.659375 0.204167 0.121875 0.358333
0 1.0 0.662500 0.241667 0.200000 0.154167
0 1.0 0.669531 0.290625 0.235937 0.114583
0 1.0 0.670312 0.268750 0.062500 0.158333
0 1.0 0.659375 0.276042 0.243750 0.306250
0 1.0 0.602344 0.266667 0.114062 0.341667
0 1.0 0.129688 0.287500 0.140625 0.279167
0 1.0 0.601562 0.298958 0.228125 0.156250
0 1.0 0.546875 0.263542 0.125000 0.297917
0 1.0 0.604688 0.265625 0.075000 0.202083
0 1.0 0.888281 0.268750 0.073438 0.150000
0 1.0 0.852344 0.291667 0.207813 0.154167
0 1.0 0.829688 0.264583 0.068750 0.170833
0 1.0 0.812500 0.277083 0.275000 0.329167
0 1.0 0.769531 0.263542 0.126562 0.372917
0 1.0 0.777344 0.253125 0.073438 0.177083
0 1.0 0.714844 0.260417 0.073438 0.179167
0 1.0 0.339062 0.258333 0.212500 0.387500
0 1.0 0.335938 0.280208 0.140625 0.247917
0 1.0 0.285156 0.288542 0.279687 0.139583
0 1.0 0.246875 0.272917 0.140625 0.316667
0 1.0 0.189844 0.285417 0.117188 0.258333
0 1.0 0.208594 0.288542 0.076563 0.122917
0 1.0 0.492969 0.295833 0.251563 0.133333
0 1.0 0.478125 0.293750 0.128125 0.108333
0 1.0 0.421875 0.290625 0.140625 0.143750
0 1.0 0.368750 0.288542 0.140625 0.106250
0 1.0 0.508594 0.172917 0.273438 0.145833
0 1.0 0.489844 0.182292 0.107813 0.102083
0 1.0 0.460938 0.177083 0.103125 0.179167
0 1.0 0.400000 0.171875 0.306250 0.164583
0 1.0 0.366406 0.172917 0.179688 0.120833
0 1.0 0.724219 0.161458 0.270313 0.318750
0 1.0 0.672656 0.175000 0.273438 0.137500
0 1.0 0.107031 0.087500 0.214062 0.175000
0 1.0 0.094531 0.061458 0.120313 0.122917
0 1.0 0.023438 0.079167 0.037500 0.091667
0 1.0 0.075781 0.027083 0.057813 0.050000
0 1.0 0.045312 0.034375 0.090625 0.068750
0 1.0 0.609375 0.719792 0.781250 0.547917
0 1.0 0.257031 0.500000 0.470313 1.000000
0 1.0 0.737500 0.493750 0.481250 0.987500
0 1.0 0.567969 0.272917 0.864062 0.529167
0 1.0 0.332031 0.171875 0.167187 0.239583
0 1.0 0.291406 0.173958 0.304688 0.152083
0 1.0 0.144531 0.061458 0.129688 0.122917
0 1.0 0.077344 0.068750 0.057813 0.120833
0 1.0 0.125781 0.028125 0.073438 0.056250
0 1.0 0.228125 0.233333 0.268750 0.195833
0 1.0 0.140625 0.235417 0.281250 0.129167
0 1.0 0.079687 0.228125 0.118750 0.206250
0 1.0 0.445312 0.235417 0.075000 0.125000
0 1.0 0.363281 0.229167 0.260937 0.141667
0 1.0 0.278125 0.234375 0.059375 0.110417
0 1.0 0.832812 0.181250 0.162500 0.112500
0 1.0 0.808594 0.177083 0.304688 0.150000
0 1.0 0.068750 0.236458 0.137500 0.089583
0 1.0 0.961719 0.205208 0.057813 0.260417
0 1.0 0.942969 0.183333 0.114062 0.158333
0 1.0 0.884375 0.437500 0.065625 0.120833
0 1.0 0.854688 0.404167 0.250000 0.150000
0 1.0 0.832812 0.452083 0.043750 0.087500
0 1.0 0.824219 0.388542 0.279687 0.285417
0 1.0 0.849219 0.288542 0.120313 0.093750
0 1.0 0.771875 0.425000 0.096875 0.200000
0 1.0 0.781250 0.426042 0.059375 0.114583
0 1.0 0.775000 0.396875 0.190625 0.193750
0 1.0 0.714844 0.421875 0.089063 0.197917
0 1.0 0.722656 0.420833 0.060937 0.116667
0 1.0 0.082031 0.453125 0.042188 0.056250
0 1.0 0.032031 0.482292 0.057813 0.139583
0 1.0 0.053906 0.458333 0.085938 0.091667
0 1.0 0.957812 0.450000 0.050000 0.141667
0 1.0 0.940625 0.394792 0.118750 0.102083
0 1.0 0.909375 0.390625 0.159375 0.218750
0 1.0 0.480469 0.393750 0.270313 0.129167
0 1.0 0.500781 0.358333 0.151562 0.279167
0 1.0 0.439844 0.371875 0.126562 0.268750
0 1.0 0.397656 0.383333 0.129688 0.216667
0 1.0 0.329688 0.396875 0.118750 0.235417
0 1.0 0.344531 0.397917 0.264062 0.141667
0 1.0 0.663281 0.434375 0.085938 0.172917
0 1.0 0.675781 0.396875 0.310937 0.127083
0 1.0 0.676562 0.437500 0.046875 0.083333
0 1.0 0.601562 0.402083 0.087500 0.216667
0 1.0 0.605469 0.406250 0.051562 0.116667
0 1.0 0.606250 0.380208 0.256250 0.256250
0 1.0 0.548438 0.375000 0.115625 0.295833
0 1.0 0.612500 0.455208 0.278125 0.143750
0 1.0 0.553906 0.468750 0.079687 0.212500
0 1.0 0.564063 0.445833 0.168750 0.095833
0 1.0 0.542969 0.446875 0.270313 0.260417
0 1.0 0.496094 0.443750 0.214062 0.112500
0 1.0 0.441406 0.428125 0.073438 0.177083
0 1.0 0.483594 0.440625 0.089063 0.089583
0 1.0 0.772656 0.502083 0.067187 0.120833
0 1.0 0.806250 0.453125 0.134375 0.093750
0 1.0 0.785937 0.496875 0.040625 0.064583
0 1.0 0.782813 0.456250 0.293750 0.150000
0 1.0 0.737500 0.454167 0.187500 0.100000
0 1.0 0.718750 0.487500 0.053125 0.079167
0 1.0 0.610156 0.492708 0.039062 0.085417
0 1.0 0.672656 0.514583 0.039062 0.070833
0 1.0 0.667969 0.477083 0.151562 0.137500
0 1.0 0.247656 0.436458 0.123438 0.222917
0 1.0 0.198437 0.452083 0.159375 0.112500
0 1.0 0.173437 0.451042 0.268750 0.172917
0 1.0 0.134375 0.451042 0.106250 0.089583
0 1.0 0.368750 0.432292 0.121875 0.102083
0 1.0 0.257812 0.441667 0.196875 0.116667
0 1.0 0.409375 0.350000 0.284375 0.145833
0 1.0 0.407813 0.306250 0.225000 0.341667
0 1.0 0.303906 0.337500 0.126562 0.300000
0 1.0 0.291406 0.350000 0.279687 0.141667
0 1.0 0.546094 0.341667 0.289062 0.137500
0 1.0 0.022656 0.347917 0.039062 0.129167
0 1.0 0.062500 0.336458 0.125000 0.097917
0 1.0 0.075000 0.345833 0.150000 0.270833
0 1.0 0.956250 0.297917 0.056250 0.204167
0 1.0 0.950000 0.291667 0.100000 0.108333
0 1.0 0.189844 0.360417 0.089063 0.212500
0 1.0 0.195312 0.340625 0.259375 0.156250
0 1.0 0.140625 0.337500 0.140625 0.108333
0 1.0 0.168750 0.389583 0.171875 0.120833
0 1.0 0.125781 0.395833 0.123438 0.245833
0 1.0 0.067187 0.390625 0.134375 0.102083
0 1.0 0.035156 0.429167 0.070312 0.179167
0 1.0 0.957031 0.353125 0.039062 0.106250
0 1.0 0.774219 0.345833 0.310937 0.137500
0 1.0 0.778125 0.356250 0.081250 0.183333
0 1.0 0.711719 0.343750 0.104688 0.275000
0 1.0 0.724219 0.332292 0.260937 0.285417
0 1.0 0.664844 0.346875 0.076563 0.193750
0 1.0 0.884375 0.339583 0.231250 0.137500
0 1.0 0.882812 0.361458 0.087500 0.172917
0 1.0 0.820312 0.362500 0.106250 0.245833
0 1.0 0.832031 0.369792 0.067187 0.147917
0 1.0 0.812500 0.113542 0.131250 0.227083
0 1.0 0.796094 0.076042 0.323437 0.152083
0 1.0 0.258594 0.646875 0.517188 0.227083
0 1.0 0.234375 0.670833 0.434375 0.466667
0 1.0 0.921875 0.100000 0.156250 0.200000
0 1.0 0.714844 0.106250 0.123438 0.212500
0 1.0 0.465625 0.642708 0.578125 0.235417
0 1.0 0.349219 0.659375 0.207813 0.539583
0 1.0 0.728125 0.648958 0.528125 0.243750
0 1.0 0.560156 0.614583 0.457813 0.491667
0 1.0 0.269531 0.554167 0.539062 0.225000
0 1.0 0.080469 0.143750 0.114062 0.220833
0 1.0 0.027344 0.161458 0.054688 0.193750
0 1.0 0.064844 0.127083 0.129688 0.091667
0 1.0 0.554688 0.548958 0.578125 0.243750
0 1.0 0.956250 0.111458 0.062500 0.139583
0 1.0 0.742188 0.603125 0.390625 0.510417
0 1.0 0.507031 0.106250 0.167187 0.212500
0 1.0 0.644531 0.075000 0.332813 0.150000
0 1.0 0.661719 0.090625 0.135937 0.177083
0 1.0 0.603906 0.111458 0.117188 0.202083
0 1.0 0.415625 0.076042 0.334375 0.127083
0 1.0 0.165625 0.843750 0.331250 0.212500
0 1.0 0.343750 0.836458 0.537500 0.210417
0 1.0 0.785156 0.759375 0.429688 0.235417
0 1.0 0.564844 0.764583 0.557813 0.266667
0 1.0 0.468750 0.115625 0.359375 0.164583
0 1.0 0.400000 0.156250 0.125000 0.245833
0 1.0 0.216406 0.293750 0.410938 0.458333
0 1.0 0.535156 0.290625 0.235937 0.568750
0 1.0 0.549219 0.353125 0.589063 0.235417
0 1.0 0.763281 0.295833 0.251563 0.566667
0 1.0 0.075781 0.454167 0.151562 0.600000
0 1.0 0.349219 0.233333 0.548438 0.295833
0 1.0 0.192188 0.164583 0.100000 0.233333
0 1.0 0.192188 0.127083 0.328125 0.154167
0 1.0 0.129688 0.152083 0.106250 0.237500
0 1.0 0.638281 0.456250 0.610938 0.212500
0 1.0 0.649219 0.461458 0.257812 0.481250
0 1.0 0.447656 0.421875 0.226562 0.568750
0 1.0 0.349219 0.541667 0.404687 0.441667
0 1.0 0.243750 0.158333 0.156250 0.266667
0 1.0 0.349219 0.454167 0.210938 0.520833
0 1.0 0.353906 0.443750 0.589063 0.220833
0 1.0 0.843750 0.454167 0.193750 0.600000
0 1.0 0.301563 0.134375 0.162500 0.135417
0 1.0 0.350781 0.123958 0.317188 0.143750
0 1.0 0.555469 0.071875 0.107813 0.114583
0 1.0 0.554688 0.047917 0.293750 0.095833
0 1.0 0.497656 0.084375 0.060937 0.102083
0 1.0 0.127344 0.651042 0.254688 0.697917
0 1.0 0.450000 0.066667 0.046875 0.075000
0 1.0 0.496875 0.037500 0.106250 0.062500
0 1.0 0.451562 0.060417 0.090625 0.100000
0 1.0 0.652344 0.879167 0.695312 0.241667
0 1.0 0.722656 0.055208 0.164062 0.110417
0 1.0 0.609375 0.059375 0.150000 0.102083
0 1.0 0.664844 0.065625 0.082812 0.102083
0 1.0 0.603125 0.087500 0.081250 0.120833
0 1.0 0.314063 0.033333 0.159375 0.066667
0 1.0 0.298438 0.075000 0.265625 0.150000
0 1.0 0.312500 0.054167 0.100000 0.091667
0 1.0 0.244531 0.065625 0.067187 0.131250
0 1.0 0.248438 0.040625 0.193750 0.081250
0 1.0 0.185938 0.068750 0.065625 0.137500
0 1.0 0.402344 0.068750 0.073438 0.112500
0 1.0 0.421875 0.038542 0.278125 0.077083
0 1.0 0.410156 0.054167 0.132812 0.108333
0 1.0 0.343750 0.068750 0.078125 0.120833
0 1.0 0.366406 0.031250 0.082812 0.058333
0 1.0 0.287500 0.081250 0.050000 0.091667
0 1.0 0.288281 0.801042 0.576562 0.397917
0 1.0 0.655469 0.505208 0.689063 0.435417
0 1.0 0.061719 0.077083 0.123438 0.087500
0 1.0 0.184375 0.110417 0.146875 0.220833
0 1.0 0.951562 0.054167 0.096875 0.108333
0 1.0 0.923438 0.072917 0.093750 0.145833
0 1.0 0.885156 0.038542 0.229687 0.077083
0 1.0 0.169531 0.925000 0.339062 0.150000
0 1.0 0.825000 0.848958 0.350000 0.197917
0 1.0 0.446875 0.123958 0.081250 0.181250
0 1.0 0.446094 0.106250 0.151562 0.212500
0 1.0 0.288281 0.142708 0.085938 0.197917
0 1.0 0.953906 0.060417 0.048438 0.087500
0 1.0 0.365625 0.131250 0.731250 0.262500
0 1.0 0.632031 0.125000 0.720313 0.250000
0 1.0 0.878906 0.045833 0.073438 0.087500
0 1.0 0.817187 0.067708 0.075000 0.135417
0 1.0 0.760938 0.075000 0.087500 0.141667
0 1.0 0.464844 0.925000 0.610938 0.150000
0 1.0 0.728906 0.038542 0.317188 0.077083
0 1.0 0.829688 0.921875 0.340625 0.156250
0 1.0 0.722656 0.070833 0.092188 0.104167
0 1.0 0.625000 0.890625 0.162500 0.147917
0 1.0 0.553125 0.914583 0.037500 0.083333
0 1.0 0.610156 0.890625 0.079687 0.093750
0 1.0 0.566406 0.888542 0.179688 0.177083
0 1.0 0.526563 0.913542 0.037500 0.081250
0 1.0 0.562500 0.888542 0.056250 0.077083
0 1.0 0.513281 0.848958 0.242188 0.260417
0 1.0 0.445312 0.867708 0.043750 0.102083
0 1.0 0.450000 0.880208 0.171875 0.102083
0 1.0 0.444531 0.871875 0.095312 0.164583
0 1.0 0.503125 0.886458 0.025000 0.060417
0 1.0 0.775000 0.827083 0.046875 0.095833
0 1.0 0.798438 0.880208 0.134375 0.114583
0 1.0 0.717187 0.830208 0.046875 0.102083
0 1.0 0.710156 0.878125 0.317188 0.135417
0 1.0 0.593750 0.918750 0.043750 0.075000
0 1.0 0.664062 0.883333 0.062500 0.129167
0 1.0 0.652344 0.853125 0.260937 0.260417
0 1.0 0.246094 0.869792 0.085938 0.181250
0 1.0 0.196875 0.880208 0.065625 0.122917
0 1.0 0.133594 0.892708 0.060937 0.122917
0 1.0 0.164062 0.882292 0.165625 0.152083
0 1.0 0.073438 0.879167 0.062500 0.133333
0 1.0 0.400781 0.861458 0.060937 0.135417
0 1.0 0.378906 0.876042 0.289062 0.139583
0 1.0 0.399219 0.865625 0.104688 0.177083
0 1.0 0.346094 0.873958 0.048438 0.131250
0 1.0 0.285156 0.860417 0.057813 0.133333
0 1.0 0.251563 0.876042 0.300000 0.152083
0 1.0 0.359375 0.914583 0.134375 0.145833
0 1.0 0.284375 0.889583 0.112500 0.220833
0 1.0 0.296094 0.918750 0.120313 0.112500
0 1.0 0.514844 0.935417 0.076563 0.120833
0 1.0 0.529687 0.928125 0.184375 0.122917
0 1.0 0.462500 0.926042 0.209375 0.102083
0 1.0 0.487500 0.928125 0.078125 0.089583
0 1.0 0.460938 0.914583 0.109375 0.133333
0 1.0 0.432031 0.878125 0.242188 0.243750
0 1.0 0.923438 0.875000 0.153125 0.150000
0 1.0 0.924219 0.817708 0.070312 0.168750
0 1.0 0.888281 0.836458 0.057813 0.093750
0 1.0 0.846875 0.876042 0.084375 0.097917
0 1.0 0.820312 0.823958 0.050000 0.118750
0 1.0 0.131250 0.916667 0.100000 0.166667
0 1.0 0.071875 0.912500 0.100000 0.175000
0 1.0 0.118750 0.921875 0.171875 0.106250
0 1.0 0.952344 0.844792 0.051562 0.114583
0 1.0 0.028125 0.928125 0.056250 0.143750
0 1.0 0.960156 0.817708 0.026562 0.072917
0 1.0 0.164062 0.823958 0.146875 0.147917
0 1.0 0.128906 0.826042 0.073438 0.106250
0 1.0 0.050781 0.815625 0.101562 0.093750
0 1.0 0.046094 0.825000 0.048438 0.079167
0 1.0 0.056250 0.826042 0.112500 0.218750
0 1.0 0.942187 0.766667 0.115625 0.116667
0 1.0 0.341406 0.829167 0.279687 0.312500
0 1.0 0.298438 0.819792 0.065625 0.102083
0 1.0 0.241406 0.830208 0.135937 0.306250
0 1.0 0.264062 0.817708 0.125000 0.143750
0 1.0 0.777344 0.763542 0.310937 0.143750
0 1.0 0.797656 0.766667 0.132812 0.141667
0 1.0 0.692969 0.772917 0.129688 0.129167
0 1.0 0.889844 0.767708 0.220312 0.152083
0 1.0 0.792188 0.773958 0.087500 0.093750
0 1.0 0.860156 0.782292 0.026562 0.068750
0 1.0 0.860156 0.820833 0.039062 0.066667
0 1.0 0.838281 0.810417 0.170313 0.141667
0 1.0 0.338281 0.812500 0.207813 0.162500
0 1.0 0.772656 0.796875 0.135937 0.268750
0 1.0 0.707812 0.805208 0.118750 0.339583
0 1.0 0.725000 0.817708 0.328125 0.131250
0 1.0 0.085156 0.873958 0.170313 0.210417
0 1.0 0.028906 0.889583 0.042188 0.125000
0 1.0 0.050781 0.875000 0.101562 0.091667
0 1.0 0.960156 0.836458 0.057813 0.210417
0 1.0 0.932813 0.810417 0.134375 0.104167
0 1.0 0.805469 0.817708 0.110937 0.089583
0 1.0 0.920312 0.808333 0.121875 0.320833
0 1.0 0.524219 0.819792 0.317188 0.127083
0 1.0 0.553125 0.829167 0.068750 0.087500
0 1.0 0.435937 0.827083 0.128125 0.329167
0 1.0 0.505469 0.829167 0.035937 0.075000
0 1.0 0.742969 0.823958 0.129688 0.122917
0 1.0 0.435156 0.823958 0.054688 0.097917
0 1.0 0.687500 0.826042 0.115625 0.118750
0 1.0 0.504687 0.823958 0.112500 0.293750
0 1.0 0.592969 0.850000 0.104688 0.204167
0 1.0 0.629687 0.831250 0.115625 0.116667
0 1.0 0.595313 0.835417 0.071875 0.087500
0 1.0 0.110937 0.181250 0.212500 0.150000
0 1.0 0.200000 0.195833 0.078125 0.112500
0 1.0 0.059375 0.184375 0.103125 0.072917
0 1.0 0.945312 0.946875 0.109375 0.106250
0 1.0 0.527344 0.227083 0.457813 0.454167
0 1.0 0.649219 0.231250 0.548438 0.287500
0 1.0 0.090625 0.952083 0.109375 0.095833
0 1.0 0.075000 0.964583 0.059375 0.058333
0 1.0 0.053906 0.961458 0.082812 0.077083
0 1.0 0.964063 0.913542 0.056250 0.172917
0 1.0 0.239844 0.927083 0.117188 0.145833
0 1.0 0.259375 0.955208 0.103125 0.085417
0 1.0 0.190625 0.932292 0.090625 0.135417
0 1.0 0.196875 0.961458 0.078125 0.060417
0 1.0 0.156250 0.963542 0.062500 0.056250
0 1.0 0.134375 0.958333 0.084375 0.075000
0 1.0 0.707812 0.912500 0.171875 0.154167
0 1.0 0.872656 0.882292 0.114062 0.210417
0 1.0 0.592969 0.925000 0.089063 0.125000
0 1.0 0.548438 0.925000 0.087500 0.150000
0 1.0 0.814063 0.888542 0.103125 0.222917
0 1.0 0.766406 0.894792 0.114062 0.210417
0 1.0 0.825781 0.942708 0.148438 0.114583
0 1.0 0.768750 0.937500 0.084375 0.125000
0 1.0 0.746875 0.960417 0.106250 0.062500
0 1.0 0.711719 0.947917 0.076563 0.104167
0 1.0 0.703906 0.960417 0.067187 0.050000
0 1.0 0.664062 0.943750 0.081250 0.112500
0 1.0 0.663281 0.958333 0.070312 0.054167
0 1.0 0.839063 0.957292 0.071875 0.060417
0 1.0 0.467969 0.966667 0.073438 0.066667
0 1.0 0.396875 0.938542 0.078125 0.122917
0 1.0 0.475000 0.962500 0.037500 0.041667
0 1.0 0.415625 0.962500 0.084375 0.075000
0 1.0 0.341406 0.942708 0.079687 0.114583
0 1.0 0.391406 0.965625 0.035937 0.043750
0 1.0 0.657813 0.955208 0.034375 0.039583
0 1.0 0.366406 0.960417 0.092188 0.079167
0 1.0 0.303906 0.965625 0.067187 0.052083
0 1.0 0.303125 0.957292 0.090625 0.085417
0 1.0 0.602344 0.958333 0.023438 0.033333
0 1.0 0.571094 0.950000 0.067187 0.066667
0 1.0 0.450781 0.946875 0.067187 0.106250
0 1.0 0.543750 0.961458 0.021875 0.031250
0 1.0 0.528125 0.953125 0.037500 0.052083
0 1.0 0.085938 0.196875 0.171875 0.393750
0 1.0 0.840625 0.151042 0.231250 0.302083
0 1.0 0.836719 0.809375 0.235937 0.381250
0 1.0 0.754687 0.790625 0.218750 0.418750
0 1.0 0.151562 0.145833 0.268750 0.291667
0 1.0 0.503906 0.756250 0.292187 0.487500