0 1.0 0.503906 0.500000 0.548438 1.000000
0 1.0 0.510156 0.178883 0.489063 0.277487
0 1.0 0.776563 0.619546 0.065625 0.139616
0 1.0 0.771094 0.597731 0.270313 0.256545
0 1.0 0.715625 0.626527 0.090625 0.237347
0 1.0 0.725000 0.605585 0.293750 0.101222
0 1.0 0.437500 0.613438 0.275000 0.260035
0 1.0 0.450781 0.607330 0.185938 0.164049
0 1.0 0.395313 0.613438 0.112500 0.260035
0 1.0 0.670312 0.647469 0.050000 0.097731
0 1.0 0.703125 0.613438 0.106250 0.082024
0 1.0 0.921094 0.614311 0.101562 0.352531
0 1.0 0.888281 0.600349 0.223438 0.118674
0 1.0 0.896875 0.602094 0.206250 0.286213
0 1.0 0.869531 0.626527 0.098437 0.233857
0 1.0 0.801562 0.602967 0.040625 0.050611
0 1.0 0.876563 0.622164 0.071875 0.134380
0 1.0 0.545312 0.644852 0.071875 0.172775
0 1.0 0.570312 0.607330 0.300000 0.101222
0 1.0 0.600781 0.612565 0.079687 0.069808
0 1.0 0.558594 0.603839 0.260937 0.251309
0 1.0 0.766406 0.623037 0.095312 0.254799
0 1.0 0.666406 0.593368 0.260937 0.265271
0 1.0 0.854688 0.602967 0.028125 0.040140
0 1.0 0.497656 0.613438 0.032813 0.043630
0 1.0 0.135937 0.698080 0.053125 0.118674
0 1.0 0.155469 0.612565 0.220312 0.094241
0 1.0 0.178906 0.618674 0.067187 0.068063
0 1.0 0.130469 0.616056 0.239063 0.265271
0 1.0 0.429688 0.611693 0.071875 0.078534
0 1.0 0.610156 0.660558 0.076563 0.155323
0 1.0 0.337500 0.610820 0.100000 0.251309
0 1.0 0.328125 0.610820 0.162500 0.101222
0 1.0 0.350781 0.593368 0.248438 0.265271
0 1.0 0.290625 0.654450 0.081250 0.188482
0 1.0 0.952344 0.600349 0.095312 0.150087
0 1.0 0.616406 0.660558 0.048438 0.085515
0 1.0 0.645312 0.614311 0.131250 0.090750
0 1.0 0.309375 0.616056 0.031250 0.048866
0 1.0 0.242188 0.651832 0.071875 0.162304
0 1.0 0.507031 0.638743 0.073438 0.198953
0 1.0 0.522656 0.610820 0.073438 0.062827
0 1.0 0.439844 0.641361 0.073438 0.158813
0 1.0 0.471875 0.657068 0.187500 0.099476
0 1.0 0.432812 0.690227 0.143750 0.273997
0 1.0 0.517969 0.662304 0.032813 0.061082
0 1.0 0.145313 0.731239 0.056250 0.118674
0 1.0 0.168750 0.668412 0.081250 0.087260
0 1.0 0.076563 0.741710 0.056250 0.122164
0 1.0 0.338281 0.651832 0.129688 0.099476
0 1.0 0.345313 0.674520 0.153125 0.308901
0 1.0 0.291406 0.738220 0.107813 0.289703
0 1.0 0.128906 0.685864 0.182812 0.188482
0 1.0 0.657031 0.667539 0.173437 0.176265
0 1.0 0.614062 0.710297 0.062500 0.115183
0 1.0 0.547656 0.706806 0.082812 0.205934
0 1.0 0.589063 0.657941 0.212500 0.101222
0 1.0 0.235937 0.719895 0.078125 0.197208
0 1.0 0.261719 0.657068 0.148438 0.089005
0 1.0 0.529687 0.657941 0.106250 0.094241
0 1.0 0.510156 0.662304 0.145313 0.169284
0 1.0 0.816406 0.620419 0.110937 0.263525
0 1.0 0.134375 0.668412 0.093750 0.094241
0 1.0 0.035937 0.738220 0.034375 0.111693
0 1.0 0.250781 0.658813 0.310937 0.116928
0 1.0 0.071875 0.672775 0.040625 0.054101
0 1.0 0.072656 0.666667 0.145313 0.247818
0 1.0 0.048438 0.685864 0.096875 0.129145
0 1.0 0.725000 0.624782 0.059375 0.129145
0 1.0 0.742969 0.606457 0.117188 0.082024
0 1.0 0.047656 0.630017 0.095312 0.122164
0 1.0 0.714844 0.602967 0.179688 0.169284
0 1.0 0.661719 0.648342 0.073438 0.165794
0 1.0 0.301563 0.664049 0.034375 0.054101
0 1.0 0.965625 0.638743 0.037500 0.125654
0 1.0 0.281250 0.659686 0.071875 0.080279
0 1.0 0.231250 0.680628 0.256250 0.279232
0 1.0 0.172656 0.738220 0.048438 0.129145
0 1.0 0.165625 0.711169 0.090625 0.158813
0 1.0 0.214062 0.661431 0.131250 0.111693
0 1.0 0.136719 0.589878 0.098437 0.146597
0 1.0 0.412500 0.547120 0.328125 0.123909
0 1.0 0.347656 0.547993 0.126562 0.094241
0 1.0 0.952344 0.582897 0.051562 0.118674
0 1.0 0.028125 0.602967 0.056250 0.130890
0 1.0 0.046094 0.563700 0.057813 0.066318
0 1.0 0.071094 0.558464 0.142187 0.251309
0 1.0 0.045312 0.571553 0.090625 0.123909
0 1.0 0.960156 0.561955 0.032813 0.108202
0 1.0 0.310937 0.549738 0.125000 0.157068
0 1.0 0.294531 0.547120 0.289062 0.120419
0 1.0 0.327344 0.549738 0.054688 0.076789
0 1.0 0.550000 0.550611 0.240625 0.116928
0 1.0 0.146094 0.557592 0.245312 0.109948
0 1.0 0.507812 0.568935 0.100000 0.167539
0 1.0 0.501563 0.541885 0.250000 0.256545
0 1.0 0.496875 0.549738 0.159375 0.090750
0 1.0 0.183594 0.544503 0.242188 0.265271
0 1.0 0.189062 0.564572 0.093750 0.123909
0 1.0 0.769531 0.484293 0.260937 0.242583
0 1.0 0.771875 0.506981 0.137500 0.155323
0 1.0 0.710156 0.492147 0.107813 0.237347
0 1.0 0.948438 0.500873 0.103125 0.097731
0 1.0 0.921875 0.505236 0.156250 0.151832
0 1.0 0.925000 0.517452 0.075000 0.228621
0 1.0 0.715625 0.497382 0.284375 0.132635
0 1.0 0.246094 0.595113 0.064062 0.118674
0 1.0 0.189062 0.608202 0.053125 0.134380
0 1.0 0.077344 0.595113 0.092188 0.143106
0 1.0 0.836719 0.511344 0.042188 0.066318
0 1.0 0.882812 0.532286 0.056250 0.101222
0 1.0 0.852344 0.516579 0.079687 0.094241
0 1.0 0.860938 0.485166 0.225000 0.261780
0 1.0 0.875000 0.523560 0.087500 0.171030
0 1.0 0.075781 0.694590 0.057813 0.118674
0 1.0 0.144531 0.616928 0.073438 0.071553
0 1.0 0.030469 0.685864 0.035937 0.115183
0 1.0 0.063281 0.621291 0.042188 0.052356
0 1.0 0.740625 0.545375 0.268750 0.102967
0 1.0 0.720313 0.571553 0.065625 0.123909
0 1.0 0.939063 0.553229 0.121875 0.132635
0 1.0 0.249219 0.613438 0.201563 0.085515
0 1.0 0.281250 0.618674 0.050000 0.054101
0 1.0 0.194531 0.626527 0.104688 0.111693
0 1.0 0.878125 0.577661 0.065625 0.108202
0 1.0 0.852344 0.561082 0.045312 0.064572
0 1.0 0.431250 0.580279 0.109375 0.158813
0 1.0 0.672656 0.580279 0.051562 0.106457
0 1.0 0.608594 0.595986 0.070312 0.165794
0 1.0 0.611719 0.590750 0.045312 0.092496
0 1.0 0.716406 0.544503 0.160938 0.160558
0 1.0 0.824219 0.555846 0.029687 0.054101
0 1.0 0.611719 0.554974 0.176563 0.164049
0 1.0 0.776563 0.568935 0.059375 0.118674
0 1.0 0.543750 0.572426 0.087500 0.164049
0 1.0 0.839844 0.545375 0.304688 0.120419
0 1.0 0.823438 0.572426 0.075000 0.129145
0 1.0 0.210938 0.777487 0.062500 0.102967
0 1.0 0.220312 0.801920 0.256250 0.312391
0 1.0 0.177344 0.799302 0.082812 0.254799
0 1.0 0.509375 0.780977 0.150000 0.211169
0 1.0 0.438281 0.796684 0.095312 0.232112
0 1.0 0.462500 0.773997 0.240625 0.113438
0 1.0 0.430469 0.769634 0.270313 0.335079
0 1.0 0.452344 0.782723 0.067187 0.095986
0 1.0 0.078125 0.790576 0.090625 0.233857
0 1.0 0.137500 0.760035 0.193750 0.109948
0 1.0 0.515625 0.787958 0.034375 0.064572
0 1.0 0.717187 0.779232 0.146875 0.214660
0 1.0 0.653125 0.790576 0.121875 0.310646
0 1.0 0.647656 0.766143 0.304688 0.122164
0 1.0 0.327344 0.793194 0.107813 0.322862
0 1.0 0.303906 0.765271 0.289062 0.134380
0 1.0 0.608594 0.772251 0.082812 0.109948
0 1.0 0.558594 0.776614 0.260937 0.300175
0 1.0 0.617969 0.785340 0.098437 0.223386
0 1.0 0.139063 0.794066 0.081250 0.254799
0 1.0 0.160156 0.762653 0.045312 0.080279
0 1.0 0.829688 0.721640 0.193750 0.134380
0 1.0 0.817187 0.737347 0.256250 0.329843
0 1.0 0.767969 0.737347 0.107813 0.333333
0 1.0 0.029687 0.821990 0.053125 0.167539
0 1.0 0.084375 0.764398 0.109375 0.080279
0 1.0 0.094531 0.769634 0.032813 0.062827
0 1.0 0.826562 0.730366 0.087500 0.207679
0 1.0 0.103125 0.776614 0.206250 0.275742
0 1.0 0.331250 0.776614 0.121875 0.129145
0 1.0 0.225000 0.781850 0.034375 0.073298
0 1.0 0.927344 0.721640 0.145313 0.291449
0 1.0 0.950781 0.724258 0.098437 0.167539
0 1.0 0.897656 0.773124 0.148438 0.146597
0 1.0 0.163281 0.808901 0.326562 0.151832
0 1.0 0.711719 0.778360 0.260937 0.317627
0 1.0 0.796875 0.765271 0.321875 0.134380
0 1.0 0.173437 0.812391 0.103125 0.127400
0 1.0 0.144531 0.815881 0.064062 0.089005
0 1.0 0.287500 0.840314 0.118750 0.284468
0 1.0 0.281250 0.826353 0.031250 0.071553
0 1.0 0.249219 0.819372 0.089063 0.141361
0 1.0 0.853906 0.776614 0.123438 0.125654
0 1.0 0.062500 0.811518 0.121875 0.076789
0 1.0 0.527344 0.775742 0.107813 0.120419
0 1.0 0.748437 0.772251 0.090625 0.106457
0 1.0 0.076563 0.818499 0.034375 0.059337
0 1.0 0.967969 0.793194 0.048438 0.151832
0 1.0 0.839063 0.787958 0.028125 0.061082
0 1.0 0.670312 0.775742 0.103125 0.109948
0 1.0 0.867969 0.774869 0.135937 0.293194
0 1.0 0.777344 0.775742 0.073438 0.078534
0 1.0 0.811719 0.653578 0.295312 0.123909
0 1.0 0.091406 0.727749 0.142187 0.167539
0 1.0 0.029687 0.775742 0.037500 0.116928
0 1.0 0.078906 0.727749 0.117188 0.080279
0 1.0 0.100000 0.739092 0.028125 0.050611
0 1.0 0.964063 0.700698 0.040625 0.148342
0 1.0 0.185938 0.717277 0.268750 0.111693
0 1.0 0.257812 0.729494 0.031250 0.055846
0 1.0 0.958594 0.654450 0.082812 0.111693
0 1.0 0.778125 0.692845 0.071875 0.174520
0 1.0 0.687500 0.661431 0.128125 0.108202
0 1.0 0.714844 0.668412 0.270313 0.275742
0 1.0 0.657031 0.703316 0.095312 0.216405
0 1.0 0.912500 0.655323 0.171875 0.141361
0 1.0 0.773438 0.657941 0.040625 0.052356
0 1.0 0.875781 0.690227 0.079687 0.176265
0 1.0 0.835156 0.663176 0.026562 0.045375
0 1.0 0.502344 0.708551 0.332813 0.118674
0 1.0 0.771094 0.716405 0.182812 0.214660
0 1.0 0.709375 0.711169 0.340625 0.120419
0 1.0 0.735156 0.719023 0.117188 0.104712
0 1.0 0.050000 0.773124 0.100000 0.143106
0 1.0 0.680469 0.717277 0.101562 0.097731
0 1.0 0.910156 0.719023 0.139063 0.129145
0 1.0 0.777344 0.720768 0.045312 0.055846
0 1.0 0.841406 0.732984 0.023438 0.045375
0 1.0 0.471875 0.712914 0.153125 0.092496
0 1.0 0.520312 0.721640 0.031250 0.061082
0 1.0 0.445312 0.713787 0.068750 0.097731
0 1.0 0.303906 0.710297 0.170313 0.111693
0 1.0 0.392969 0.725131 0.135937 0.399651
0 1.0 0.635156 0.711169 0.139063 0.116928
0 1.0 0.540625 0.716405 0.084375 0.092496
0 1.0 0.233594 0.719895 0.079687 0.089005
0 1.0 0.301563 0.342932 0.237500 0.116928
0 1.0 0.299219 0.305410 0.164062 0.293194
0 1.0 0.321094 0.339442 0.076563 0.127400
0 1.0 0.232813 0.369110 0.068750 0.246073
0 1.0 0.930469 0.286213 0.139063 0.265271
0 1.0 0.886719 0.290576 0.226562 0.130890
0 1.0 0.239844 0.352531 0.123438 0.090750
0 1.0 0.200000 0.356894 0.109375 0.267016
0 1.0 0.203906 0.352531 0.176563 0.143106
0 1.0 0.185938 0.348168 0.237500 0.329843
0 1.0 0.223438 0.364747 0.040625 0.101222
0 1.0 0.130469 0.376091 0.079687 0.260035
0 1.0 0.954688 0.283595 0.090625 0.151832
0 1.0 0.502344 0.341187 0.182812 0.179756
0 1.0 0.439063 0.300175 0.037500 0.080279
0 1.0 0.433594 0.323735 0.135937 0.228621
0 1.0 0.460938 0.329843 0.265625 0.289703
0 1.0 0.392969 0.337696 0.092188 0.294939
0 1.0 0.425000 0.335079 0.334375 0.125654
0 1.0 0.296094 0.297557 0.092188 0.218150
0 1.0 0.077344 0.375218 0.073438 0.233857
0 1.0 0.134375 0.342059 0.118750 0.090750
0 1.0 0.108594 0.344677 0.176563 0.144852
0 1.0 0.348438 0.329843 0.093750 0.167539
0 1.0 0.667188 0.279232 0.121875 0.244328
0 1.0 0.657031 0.285340 0.254688 0.130890
0 1.0 0.673438 0.253054 0.071875 0.104712
0 1.0 0.830469 0.290576 0.104688 0.092496
0 1.0 0.888281 0.247818 0.035937 0.073298
0 1.0 0.844531 0.287958 0.251563 0.265271
0 1.0 0.824219 0.275742 0.117188 0.268761
0 1.0 0.802344 0.284468 0.251563 0.125654
0 1.0 0.564063 0.248691 0.265625 0.280977
0 1.0 0.566406 0.285340 0.139063 0.151832
0 1.0 0.878125 0.251309 0.090625 0.198953
0 1.0 0.835938 0.260908 0.040625 0.085515
0 1.0 0.774219 0.260035 0.110937 0.212914
0 1.0 0.014844 0.372600 0.029687 0.127400
0 1.0 0.050781 0.344677 0.098437 0.078534
0 1.0 0.067187 0.343805 0.134375 0.275742
0 1.0 0.957812 0.308028 0.046875 0.137871
0 1.0 0.946094 0.337696 0.107813 0.102967
0 1.0 0.947656 0.376963 0.057813 0.125654
0 1.0 0.201563 0.382199 0.043750 0.174520
0 1.0 0.614844 0.307155 0.092188 0.181501
0 1.0 0.875781 0.332461 0.110937 0.284468
0 1.0 0.855469 0.335079 0.132812 0.094241
0 1.0 0.155469 0.394415 0.195312 0.111693
0 1.0 0.138281 0.410122 0.182812 0.244328
0 1.0 0.958594 0.363002 0.029687 0.083770
0 1.0 0.758594 0.323735 0.310937 0.134380
0 1.0 0.772656 0.339442 0.089063 0.190227
0 1.0 0.068750 0.396161 0.137500 0.104712
0 1.0 0.025781 0.439791 0.051562 0.153578
0 1.0 0.623437 0.323735 0.275000 0.127400
0 1.0 0.237500 0.371728 0.046875 0.153578
0 1.0 0.550781 0.347295 0.082812 0.188482
0 1.0 0.823438 0.335951 0.081250 0.200698
0 1.0 0.703125 0.307155 0.096875 0.209424
0 1.0 0.696094 0.331588 0.229687 0.265271
0 1.0 0.889844 0.239092 0.220312 0.132635
0 1.0 0.789062 0.241710 0.140625 0.109948
0 1.0 0.504687 0.301047 0.093750 0.169284
0 1.0 0.615625 0.244328 0.093750 0.108202
0 1.0 0.833594 0.240838 0.070312 0.178010
0 1.0 0.088281 0.294939 0.164062 0.125654
0 1.0 0.022656 0.326353 0.045312 0.209424
0 1.0 0.053125 0.291449 0.087500 0.069808
0 1.0 0.700000 0.240838 0.234375 0.226876
0 1.0 0.629687 0.243455 0.143750 0.176265
0 1.0 0.208594 0.049738 0.170313 0.078534
0 1.0 0.207031 0.082024 0.270313 0.164049
0 1.0 0.450781 0.749564 0.901563 0.455497
0 1.0 0.765625 0.246946 0.315625 0.137871
0 1.0 0.135937 0.088133 0.046875 0.092496
0 1.0 0.184375 0.035777 0.087500 0.054101
0 1.0 0.156250 0.044503 0.131250 0.075044
0 1.0 0.147656 0.067190 0.082812 0.092496
0 1.0 0.079687 0.075916 0.050000 0.089005
0 1.0 0.118750 0.032286 0.071875 0.050611
0 1.0 0.219531 0.072426 0.051562 0.064572
0 1.0 0.094531 0.061955 0.089063 0.099476
0 1.0 0.065625 0.030541 0.053125 0.047120
0 1.0 0.021875 0.058464 0.043750 0.085515
0 1.0 0.617188 0.260035 0.046875 0.076789
0 1.0 0.267188 0.293194 0.156250 0.094241
0 1.0 0.250000 0.306283 0.028125 0.082024
0 1.0 0.434375 0.313264 0.068750 0.158813
0 1.0 0.784375 0.242583 0.040625 0.069808
0 1.0 0.387500 0.262653 0.265625 0.312391
0 1.0 0.708594 0.246073 0.057813 0.090750
0 1.0 0.322656 0.262653 0.067187 0.134380
0 1.0 0.549219 0.302792 0.035937 0.057592
0 1.0 0.191406 0.302792 0.220312 0.130890
0 1.0 0.230469 0.305410 0.023438 0.066318
0 1.0 0.174219 0.290576 0.095312 0.071553
0 1.0 0.153125 0.290576 0.043750 0.116928
0 1.0 0.197656 0.314136 0.057813 0.205934
0 1.0 0.502344 0.299302 0.039062 0.071553
0 1.0 0.070312 0.298429 0.065625 0.181501
0 1.0 0.316406 0.286213 0.145313 0.115183
0 1.0 0.074219 0.288831 0.032813 0.085515
0 1.0 0.390625 0.291449 0.053125 0.073298
0 1.0 0.343750 0.281850 0.231250 0.176265
0 1.0 0.354687 0.261780 0.081250 0.164049
0 1.0 0.778125 0.486911 0.040625 0.101222
0 1.0 0.048438 0.513089 0.096875 0.150087
0 1.0 0.960938 0.524433 0.028125 0.089005
0 1.0 0.964063 0.448517 0.071875 0.080279
0 1.0 0.897656 0.453752 0.204687 0.118674
0 1.0 0.601562 0.433682 0.084375 0.228621
0 1.0 0.635938 0.447644 0.306250 0.127400
0 1.0 0.951562 0.505236 0.043750 0.095986
0 1.0 0.247656 0.487784 0.242188 0.260035
0 1.0 0.187500 0.530541 0.059375 0.164049
0 1.0 0.849219 0.459860 0.029687 0.047120
0 1.0 0.890625 0.494764 0.037500 0.075044
0 1.0 0.138281 0.513962 0.126562 0.207679
0 1.0 0.073438 0.539267 0.078125 0.181501
0 1.0 0.121875 0.497382 0.221875 0.115183
0 1.0 0.707812 0.447644 0.175000 0.239092
0 1.0 0.663281 0.415358 0.129688 0.328098
0 1.0 0.345313 0.443281 0.125000 0.223386
0 1.0 0.275000 0.457243 0.196875 0.146597
0 1.0 0.334375 0.423211 0.225000 0.294939
0 1.0 0.354687 0.467714 0.081250 0.146597
0 1.0 0.294531 0.431065 0.095312 0.205934
0 1.0 0.617188 0.434555 0.190625 0.226876
0 1.0 0.546875 0.425829 0.100000 0.226876
0 1.0 0.839063 0.468586 0.153125 0.095986
0 1.0 0.822656 0.490401 0.067187 0.167539
0 1.0 0.771094 0.486911 0.060937 0.171030
0 1.0 0.501563 0.420593 0.218750 0.296684
0 1.0 0.434375 0.421466 0.046875 0.109948
0 1.0 0.521875 0.450262 0.040625 0.059337
0 1.0 0.430469 0.428447 0.107813 0.190227
0 1.0 0.427344 0.508726 0.114062 0.179756
0 1.0 0.466406 0.506108 0.132812 0.108202
0 1.0 0.300781 0.497382 0.273438 0.132635
0 1.0 0.667969 0.479058 0.098437 0.190227
0 1.0 0.603906 0.496510 0.067187 0.144852
0 1.0 0.828906 0.534904 0.060937 0.113438
0 1.0 0.399219 0.501745 0.254688 0.158813
0 1.0 0.339062 0.508726 0.078125 0.183246
0 1.0 0.321875 0.499127 0.100000 0.108202
0 1.0 0.232813 0.530541 0.062500 0.174520
0 1.0 0.554688 0.499127 0.306250 0.111693
0 1.0 0.546875 0.487784 0.153125 0.172775
0 1.0 0.507812 0.489529 0.103125 0.242583
0 1.0 0.388281 0.501745 0.120313 0.218150
0 1.0 0.183594 0.509599 0.117188 0.216405
0 1.0 0.676562 0.385689 0.300000 0.125654
0 1.0 0.343750 0.397033 0.300000 0.123909
0 1.0 0.554688 0.389180 0.259375 0.164049
0 1.0 0.817969 0.392670 0.310937 0.132635
0 1.0 0.813281 0.382199 0.270313 0.349040
0 1.0 0.253906 0.397033 0.257812 0.151832
0 1.0 0.885938 0.338569 0.228125 0.122164
0 1.0 0.474219 0.389180 0.273438 0.129145
0 1.0 0.396094 0.392670 0.182812 0.261780
0 1.0 0.310156 0.453752 0.026562 0.052356
0 1.0 0.093750 0.460733 0.134375 0.181501
0 1.0 0.022656 0.512216 0.032813 0.120419
0 1.0 0.071875 0.449389 0.034375 0.050611
0 1.0 0.316406 0.445026 0.148438 0.097731
0 1.0 0.295312 0.442408 0.075000 0.075044
0 1.0 0.239844 0.469459 0.048438 0.143106
0 1.0 0.502344 0.444154 0.145313 0.102967
0 1.0 0.191406 0.480803 0.048438 0.158813
0 1.0 0.204687 0.448517 0.075000 0.083770
0 1.0 0.475000 0.451134 0.231250 0.155323
0 1.0 0.392969 0.455497 0.064062 0.209424
0 1.0 0.048438 0.469459 0.081250 0.122164
0 1.0 0.944531 0.395288 0.110937 0.106457
0 1.0 0.929688 0.405759 0.140625 0.280977
0 1.0 0.820312 0.397906 0.156250 0.097731
0 1.0 0.881250 0.424956 0.065625 0.158813
0 1.0 0.174219 0.447644 0.054688 0.071553
0 1.0 0.137500 0.446771 0.096875 0.087260
0 1.0 0.079687 0.484293 0.065625 0.144852
0 1.0 0.765625 0.397033 0.112500 0.340314
0 1.0 0.771875 0.659686 0.231250 0.558464
0 1.0 0.645312 0.638743 0.200000 0.600349
0 1.0 0.643750 0.650960 0.609375 0.219895
0 1.0 0.412500 0.821990 0.306250 0.139616
0 1.0 0.438281 0.684991 0.420312 0.483421
0 1.0 0.370312 0.649215 0.578125 0.209424
0 1.0 0.381250 0.124782 0.278125 0.130890
0 1.0 0.382812 0.128272 0.134375 0.165794
0 1.0 0.657031 0.674520 0.442188 0.465969
0 1.0 0.244531 0.162304 0.067187 0.198953
0 1.0 0.287500 0.129145 0.137500 0.111693
0 1.0 0.261719 0.137871 0.242188 0.195462
0 1.0 0.196875 0.161431 0.096875 0.172775
0 1.0 0.354687 0.131763 0.065625 0.089005
0 1.0 0.533594 0.550611 0.632812 0.207679
0 1.0 0.554688 0.123037 0.240625 0.155323
0 1.0 0.510938 0.143106 0.106250 0.184991
0 1.0 0.435156 0.168412 0.051562 0.089005
0 1.0 0.475000 0.119546 0.171875 0.106457
0 1.0 0.332813 0.150087 0.112500 0.171030
0 1.0 0.425781 0.143106 0.126562 0.132635
0 1.0 0.442188 0.123909 0.318750 0.202443
0 1.0 0.256250 0.654450 0.178125 0.600349
0 1.0 0.245312 0.692845 0.390625 0.467714
0 1.0 0.875781 0.136998 0.076563 0.165794
0 1.0 0.867969 0.096859 0.101562 0.082024
0 1.0 0.884375 0.136126 0.050000 0.101222
0 1.0 0.862500 0.104712 0.234375 0.209424
0 1.0 0.106250 0.136126 0.206250 0.251309
0 1.0 0.020313 0.171030 0.040625 0.195462
0 1.0 0.063281 0.124782 0.123438 0.085515
0 1.0 0.050000 0.130890 0.100000 0.164049
0 1.0 0.962500 0.163176 0.043750 0.123909
0 1.0 0.365625 0.820244 0.528125 0.230366
0 1.0 0.342969 0.801047 0.273438 0.366492
0 1.0 0.918750 0.104712 0.128125 0.160558
0 1.0 0.830469 0.093368 0.217188 0.109948
0 1.0 0.911719 0.159686 0.070312 0.165794
0 1.0 0.828906 0.134380 0.076563 0.157068
0 1.0 0.134375 0.174520 0.071875 0.181501
0 1.0 0.164844 0.125654 0.204687 0.118674
0 1.0 0.739062 0.755672 0.509375 0.244328
0 1.0 0.156250 0.754799 0.240625 0.441536
0 1.0 0.944531 0.082897 0.110937 0.106457
0 1.0 0.528125 0.761780 0.600000 0.242583
0 1.0 0.081250 0.164921 0.087500 0.228621
0 1.0 0.164062 0.451134 0.328125 0.211169
0 1.0 0.134375 0.181501 0.168750 0.101222
0 1.0 0.659375 0.160558 0.243750 0.233857
0 1.0 0.728125 0.347295 0.509375 0.230366
0 1.0 0.635156 0.322862 0.223438 0.509599
0 1.0 0.057031 0.183246 0.101562 0.076789
0 1.0 0.333594 0.417103 0.223438 0.771379
0 1.0 0.375781 0.448517 0.539062 0.230366
0 1.0 0.460156 0.347295 0.557813 0.251309
0 1.0 0.457031 0.276614 0.442188 0.549738
0 1.0 0.299219 0.192845 0.129688 0.246073
0 1.0 0.328906 0.156195 0.245312 0.137871
0 1.0 0.192969 0.202443 0.060937 0.191972
0 1.0 0.181250 0.166667 0.278125 0.190227
0 1.0 0.140625 0.343805 0.221875 0.589878
0 1.0 0.217188 0.349040 0.434375 0.223386
0 1.0 0.206250 0.178010 0.025000 0.062827
0 1.0 0.667188 0.212042 0.068750 0.137871
0 1.0 0.760938 0.190227 0.100000 0.174520
0 1.0 0.790625 0.127400 0.300000 0.118674
0 1.0 0.769531 0.179756 0.073438 0.104712
0 1.0 0.672656 0.123037 0.310937 0.120419
0 1.0 0.615625 0.202443 0.078125 0.139616
0 1.0 0.621875 0.197208 0.053125 0.083770
0 1.0 0.545312 0.152705 0.128125 0.249564
0 1.0 0.440625 0.567190 0.250000 0.596859
0 1.0 0.639062 0.449389 0.578125 0.221640
0 1.0 0.649219 0.394415 0.442188 0.443281
0 1.0 0.705469 0.199825 0.076563 0.165794
0 1.0 0.942187 0.145724 0.115625 0.172775
0 1.0 0.552344 0.401396 0.226562 0.666667
0 1.0 0.277344 0.552356 0.554688 0.211169
0 1.0 0.713281 0.094241 0.039062 0.059337
0 1.0 0.722656 0.041885 0.182812 0.083770
0 1.0 0.878125 0.043630 0.112500 0.073298
0 1.0 0.833594 0.032286 0.151562 0.064572
0 1.0 0.839063 0.103839 0.034375 0.061082
0 1.0 0.608594 0.089005 0.035937 0.055846
0 1.0 0.607031 0.043630 0.164062 0.083770
0 1.0 0.611719 0.083770 0.251563 0.167539
0 1.0 0.637500 0.876091 0.725000 0.247818
0 1.0 0.770312 0.118674 0.056250 0.101222
0 1.0 0.771094 0.063700 0.142187 0.127400
0 1.0 0.710156 0.122164 0.051562 0.101222
0 1.0 0.782031 0.102094 0.035937 0.054101
0 1.0 0.924219 0.033159 0.151562 0.066318
0 1.0 0.912500 0.091623 0.062500 0.089005
0 1.0 0.271875 0.057592 0.140625 0.066318
0 1.0 0.039844 0.038394 0.079687 0.069808
0 1.0 0.471875 0.075916 0.115625 0.099476
0 1.0 0.389062 0.134380 0.065625 0.090750
0 1.0 0.400000 0.037522 0.250000 0.075044
0 1.0 0.401562 0.079407 0.146875 0.120419
0 1.0 0.310156 0.043630 0.032813 0.041885
0 1.0 0.290625 0.122164 0.068750 0.097731
0 1.0 0.426563 0.051483 0.090625 0.061082
0 1.0 0.190625 0.109948 0.040625 0.080279
0 1.0 0.069531 0.075044 0.139063 0.150087
0 1.0 0.195312 0.087260 0.056250 0.080279
0 1.0 0.262500 0.091623 0.050000 0.068063
0 1.0 0.666406 0.332461 0.667188 0.664921
0 1.0 0.294531 0.041885 0.101562 0.059337
0 1.0 0.310156 0.086387 0.229687 0.172775
0 1.0 0.319531 0.082024 0.076563 0.087260
0 1.0 0.549219 0.036649 0.126562 0.059337
0 1.0 0.545312 0.091623 0.084375 0.102967
0 1.0 0.551562 0.070681 0.137500 0.120419
0 1.0 0.505469 0.109948 0.060937 0.090750
0 1.0 0.496094 0.037522 0.145313 0.064572
0 1.0 0.669531 0.131763 0.045312 0.089005
0 1.0 0.676562 0.106457 0.040625 0.059337
0 1.0 0.667969 0.068935 0.126562 0.109948
0 1.0 0.432812 0.131763 0.043750 0.064572
0 1.0 0.511719 0.041012 0.051562 0.047120
0 1.0 0.428906 0.102094 0.085938 0.089005
0 1.0 0.182031 0.504363 0.364063 0.991274
0 1.0 0.295312 0.499127 0.590625 0.506108
0 1.0 0.789062 0.843805 0.421875 0.200698
0 1.0 0.266406 0.922339 0.532813 0.155323
0 1.0 0.319531 0.107330 0.051562 0.064572
0 1.0 0.282813 0.092496 0.178125 0.101222
0 1.0 0.253906 0.134380 0.060937 0.115183
0 1.0 0.734375 0.091623 0.225000 0.109948
0 1.0 0.612500 0.159686 0.053125 0.099476
0 1.0 0.839063 0.136126 0.050000 0.090750
0 1.0 0.669531 0.117801 0.145313 0.148342
0 1.0 0.957812 0.083770 0.037500 0.059337
0 1.0 0.069531 0.083770 0.107813 0.080279
0 1.0 0.734375 0.123037 0.531250 0.246073
0 1.0 0.886719 0.102094 0.035937 0.057592
0 1.0 0.962500 0.109948 0.028125 0.062827
0 1.0 0.208594 0.109075 0.098437 0.109948
0 1.0 0.250000 0.120419 0.500000 0.240838
0 1.0 0.829688 0.923211 0.340625 0.153578
0 1.0 0.164062 0.093368 0.137500 0.123909
0 1.0 0.194531 0.159686 0.048438 0.113438
0 1.0 0.121094 0.089878 0.104688 0.102967
0 1.0 0.245312 0.914485 0.240625 0.122164
0 1.0 0.242188 0.890052 0.140625 0.216405
0 1.0 0.184375 0.898778 0.096875 0.202443
0 1.0 0.272656 0.349040 0.192188 0.600349
0 1.0 0.823438 0.868237 0.225000 0.134380
0 1.0 0.880469 0.814136 0.070312 0.109948
0 1.0 0.137500 0.899651 0.134375 0.200698
0 1.0 0.146875 0.887435 0.265625 0.225131
0 1.0 0.077344 0.895288 0.092188 0.174520
0 1.0 0.907031 0.863874 0.160938 0.184991
0 1.0 0.457031 0.902269 0.142187 0.143106
0 1.0 0.399219 0.895288 0.104688 0.209424
0 1.0 0.432031 0.911867 0.289062 0.134380
0 1.0 0.030469 0.904887 0.060937 0.190227
0 1.0 0.078906 0.917976 0.157812 0.101222
0 1.0 0.078906 0.920593 0.064062 0.089005
0 1.0 0.301563 0.913613 0.078125 0.099476
0 1.0 0.614062 0.823735 0.056250 0.101222
0 1.0 0.598437 0.871728 0.278125 0.137871
0 1.0 0.855469 0.872600 0.110937 0.118674
0 1.0 0.826562 0.824607 0.050000 0.085515
0 1.0 0.764062 0.849040 0.046875 0.120419
0 1.0 0.485156 0.861257 0.264062 0.221640
0 1.0 0.816406 0.792321 0.054688 0.104712
0 1.0 0.717187 0.858639 0.056250 0.153578
0 1.0 0.965625 0.889180 0.028125 0.064572
0 1.0 0.956250 0.895288 0.053125 0.083770
0 1.0 0.925781 0.835951 0.073438 0.157068
0 1.0 0.610156 0.897033 0.107813 0.160558
0 1.0 0.544531 0.902269 0.104688 0.195462
0 1.0 0.810937 0.883072 0.112500 0.209424
0 1.0 0.760938 0.897033 0.100000 0.205934
0 1.0 0.146875 0.956370 0.087500 0.066318
0 1.0 0.078906 0.960733 0.060937 0.057592
0 1.0 0.715625 0.887435 0.100000 0.225131
0 1.0 0.703125 0.917103 0.293750 0.123909
0 1.0 0.918750 0.918848 0.162500 0.106457
0 1.0 0.960938 0.937173 0.078125 0.125654
0 1.0 0.554688 0.910122 0.300000 0.113438
0 1.0 0.499219 0.904887 0.110937 0.183246
0 1.0 0.350000 0.897033 0.112500 0.150087
0 1.0 0.662500 0.886562 0.112500 0.226876
0 1.0 0.782813 0.815881 0.103125 0.099476
0 1.0 0.824219 0.809773 0.142187 0.240838
0 1.0 0.444531 0.880454 0.035937 0.071553
0 1.0 0.073438 0.877836 0.040625 0.069808
0 1.0 0.074219 0.854276 0.148438 0.242583
0 1.0 0.966406 0.862129 0.048438 0.146597
0 1.0 0.931250 0.812391 0.137500 0.113438
0 1.0 0.871094 0.812391 0.257812 0.141361
0 1.0 0.604688 0.815881 0.293750 0.144852
0 1.0 0.505469 0.840314 0.042188 0.075044
0 1.0 0.254688 0.041885 0.071875 0.048866
0 1.0 0.454688 0.834206 0.062500 0.094241
0 1.0 0.675000 0.819372 0.131250 0.141361
0 1.0 0.571875 0.823735 0.096875 0.118674
0 1.0 0.550000 0.867365 0.059375 0.101222
0 1.0 0.503906 0.880454 0.060937 0.113438
0 1.0 0.188281 0.839442 0.048438 0.115183
0 1.0 0.403125 0.874346 0.053125 0.115183
0 1.0 0.712500 0.874346 0.178125 0.146597
0 1.0 0.668750 0.833333 0.050000 0.099476
0 1.0 0.674219 0.864747 0.051562 0.102967
0 1.0 0.085156 0.835951 0.045312 0.111693
0 1.0 0.137500 0.877836 0.084375 0.101222
0 1.0 0.460156 0.881326 0.060937 0.101222
0 1.0 0.330469 0.848168 0.073438 0.174520
0 1.0 0.248438 0.870855 0.228125 0.115183
0 1.0 0.300781 0.870855 0.029687 0.062827
0 1.0 0.063281 0.871728 0.114062 0.085515
0 1.0 0.865625 0.179756 0.153125 0.146597
0 1.0 0.858594 0.197208 0.217188 0.279232
0 1.0 0.775000 0.184119 0.268750 0.169284
0 1.0 0.030469 0.243455 0.060937 0.263525
0 1.0 0.041406 0.237347 0.079687 0.101222
0 1.0 0.067187 0.233857 0.134375 0.289703
0 1.0 0.960938 0.230366 0.065625 0.205934
0 1.0 0.224219 0.238220 0.264062 0.116928
0 1.0 0.192188 0.230366 0.131250 0.230366
0 1.0 0.135937 0.245201 0.103125 0.298429
0 1.0 0.917188 0.208551 0.090625 0.305410
0 1.0 0.128125 0.233857 0.175000 0.108202
0 1.0 0.515625 0.223386 0.100000 0.205934
0 1.0 0.505469 0.175393 0.214062 0.120419
0 1.0 0.439063 0.246073 0.056250 0.108202
0 1.0 0.524219 0.180628 0.085938 0.078534
0 1.0 0.431250 0.206806 0.128125 0.155323
0 1.0 0.477344 0.188482 0.057813 0.080279
0 1.0 0.390625 0.190227 0.100000 0.209424
0 1.0 0.585156 0.180628 0.157812 0.137871
0 1.0 0.214844 0.234729 0.429688 0.235602
0 1.0 0.639062 0.178883 0.137500 0.116928
0 1.0 0.654687 0.954625 0.109375 0.069808
0 1.0 0.630469 0.946771 0.173437 0.106457
0 1.0 0.295312 0.960733 0.084375 0.061082
0 1.0 0.552344 0.954625 0.076563 0.059337
0 1.0 0.517188 0.946771 0.165625 0.106457
0 1.0 0.448437 0.932810 0.062500 0.134380
0 1.0 0.571875 0.950262 0.140625 0.099476
0 1.0 0.825781 0.942408 0.157812 0.115183
0 1.0 0.790625 0.958115 0.112500 0.062827
0 1.0 0.764844 0.951134 0.182812 0.097731
0 1.0 0.489844 0.949389 0.095312 0.080279
0 1.0 0.662500 0.931937 0.081250 0.136126
0 1.0 0.707031 0.955497 0.079687 0.061082
0 1.0 0.297656 0.942408 0.107813 0.115183
0 1.0 0.245312 0.940663 0.081250 0.118674
0 1.0 0.511719 0.955497 0.064062 0.054101
0 1.0 0.208594 0.948517 0.179688 0.102967
0 1.0 0.136719 0.930192 0.079687 0.139616
0 1.0 0.196875 0.957243 0.087500 0.064572
0 1.0 0.378125 0.960733 0.053125 0.050611
0 1.0 0.350781 0.953752 0.123438 0.092496
0 1.0 0.411719 0.947644 0.117188 0.104712
0 1.0 0.252344 0.218150 0.170313 0.247818
0 1.0 0.400000 0.246946 0.278125 0.137871
0 1.0 0.527344 0.080279 0.589063 0.160558
0 1.0 0.318750 0.243455 0.031250 0.061082
0 1.0 0.257812 0.226003 0.059375 0.176265
0 1.0 0.927344 0.961606 0.145313 0.076789
0 1.0 0.872656 0.925829 0.135937 0.148342
0 1.0 0.833594 0.961606 0.079687 0.062827
0 1.0 0.598437 0.954625 0.065625 0.055846
0 1.0 0.536719 0.245201 0.154688 0.109948
0 1.0 0.525781 0.260908 0.032813 0.057592
0 1.0 0.466406 0.250436 0.123438 0.155323
0 1.0 0.756250 0.422339 0.215625 0.579407
0 1.0 0.785937 0.496510 0.428125 0.364747
0 1.0 0.082812 0.557592 0.165625 0.507853
0 1.0 0.453125 0.906632 0.471875 0.186736
0 1.0 0.817187 0.513962 0.365625 0.972077
0 1.0 0.891406 0.837696 0.217188 0.324607
0 1.0 0.085156 0.258290 0.170313 0.516579
0 1.0 0.749219 0.191972 0.214062 0.383944
0 1.0 0.142187 0.564572 0.200000 0.633508
0 1.0 0.916406 0.257417 0.167187 0.490401
0 1.0 0.820312 0.263525 0.356250 0.418848
0 1.0 0.305469 0.210297 0.320312 0.420593
0 1.0 0.649219 0.860384 0.245312 0.279232