0 1.0 0.525000 0.401562 0.950000 0.684375
0 1.0 0.884722 0.610156 0.230556 0.135937
0 1.0 0.912500 0.607031 0.152778 0.264062
0 1.0 0.543056 0.594531 0.275000 0.229687
0 1.0 0.801389 0.613281 0.119444 0.098437
0 1.0 0.552778 0.601562 0.133333 0.200000
0 1.0 0.659722 0.589063 0.125000 0.218750
0 1.0 0.818056 0.598437 0.125000 0.250000
0 1.0 0.134722 0.662500 0.102778 0.115625
0 1.0 0.105556 0.662500 0.211111 0.246875
0 1.0 0.027778 0.692187 0.055556 0.140625
0 1.0 0.091667 0.662500 0.044444 0.078125
0 1.0 0.055556 0.667969 0.111111 0.154688
0 1.0 0.961111 0.647656 0.050000 0.135937
0 1.0 0.647222 0.605469 0.283333 0.148438
0 1.0 0.084722 0.657031 0.097222 0.079687
0 1.0 0.602778 0.575781 0.111111 0.254688
0 1.0 0.705556 0.575781 0.122222 0.254688
0 1.0 0.269444 0.592969 0.233333 0.260937
0 1.0 0.223611 0.648438 0.086111 0.153125
0 1.0 0.211111 0.614062 0.288889 0.140625
0 1.0 0.758333 0.601562 0.105556 0.212500
0 1.0 0.775000 0.608594 0.305556 0.142187
0 1.0 0.394444 0.604688 0.088889 0.228125
0 1.0 0.430556 0.604688 0.327778 0.153125
0 1.0 0.451389 0.608594 0.130556 0.129688
0 1.0 0.606944 0.647656 0.258333 0.114062
0 1.0 0.204167 0.657031 0.191667 0.126562
0 1.0 0.288889 0.644531 0.144444 0.160938
0 1.0 0.513889 0.634375 0.177778 0.134375
0 1.0 0.773611 0.652344 0.219444 0.126562
0 1.0 0.427778 0.648438 0.116667 0.103125
0 1.0 0.333333 0.628906 0.105556 0.220312
0 1.0 0.243056 0.653125 0.075000 0.103125
0 1.0 0.933333 0.607031 0.133333 0.101562
0 1.0 0.500000 0.641406 0.100000 0.098437
0 1.0 0.154167 0.662500 0.163889 0.175000
0 1.0 0.081944 0.694531 0.080556 0.189062
0 1.0 0.606944 0.553906 0.313889 0.142187
0 1.0 0.269444 0.568750 0.138889 0.140625
0 1.0 0.179167 0.621094 0.141667 0.117188
0 1.0 0.491667 0.589844 0.111111 0.220312
0 1.0 0.772222 0.553906 0.305556 0.135937
0 1.0 0.756944 0.542188 0.258333 0.296875
0 1.0 0.463889 0.547656 0.233333 0.295312
0 1.0 0.644444 0.528906 0.227778 0.342187
0 1.0 0.051389 0.573438 0.102778 0.153125
0 1.0 0.955556 0.521094 0.050000 0.132812
0 1.0 0.941667 0.491406 0.116667 0.101562
0 1.0 0.195833 0.562500 0.241667 0.115625
0 1.0 0.845833 0.497656 0.075000 0.073438
0 1.0 0.872222 0.504687 0.133333 0.268750
0 1.0 0.844444 0.503125 0.138889 0.118750
0 1.0 0.869444 0.499219 0.227778 0.360938
0 1.0 0.129167 0.626563 0.063889 0.137500
0 1.0 0.143056 0.553906 0.247222 0.295312
0 1.0 0.072222 0.561719 0.144444 0.279687
0 1.0 0.344444 0.558594 0.222222 0.117188
0 1.0 0.330556 0.549219 0.144444 0.314063
0 1.0 0.063889 0.568750 0.077778 0.075000
0 1.0 0.956944 0.592187 0.058333 0.171875
0 1.0 0.940278 0.553125 0.119444 0.096875
0 1.0 0.193056 0.653906 0.080556 0.151562
0 1.0 0.884722 0.557813 0.230556 0.134375
0 1.0 0.836111 0.564063 0.083333 0.081250
0 1.0 0.133333 0.611719 0.150000 0.085938
0 1.0 0.087500 0.608594 0.108333 0.070312
0 1.0 0.093056 0.615625 0.047222 0.065625
0 1.0 0.316667 0.763281 0.233333 0.101562
0 1.0 0.338889 0.752344 0.138889 0.264062
0 1.0 0.611111 0.764844 0.288889 0.151562
0 1.0 0.554167 0.734375 0.108333 0.237500
0 1.0 0.548611 0.764844 0.280556 0.279687
0 1.0 0.500000 0.725000 0.111111 0.240625
0 1.0 0.206944 0.762500 0.191667 0.143750
0 1.0 0.225000 0.740625 0.255556 0.275000
0 1.0 0.820833 0.774219 0.297222 0.307812
0 1.0 0.511111 0.764844 0.266667 0.110937
0 1.0 0.447222 0.715625 0.100000 0.215625
0 1.0 0.765278 0.758594 0.208333 0.204687
0 1.0 0.709722 0.765625 0.241667 0.134375
0 1.0 0.665278 0.715625 0.097222 0.181250
0 1.0 0.401389 0.762500 0.197222 0.215625
0 1.0 0.706944 0.740625 0.113889 0.228125
0 1.0 0.277778 0.768750 0.061111 0.065625
0 1.0 0.291667 0.762500 0.133333 0.156250
0 1.0 0.222222 0.715625 0.111111 0.275000
0 1.0 0.916667 0.718750 0.133333 0.371875
0 1.0 0.883333 0.703125 0.233333 0.131250
0 1.0 0.120833 0.746094 0.119444 0.289062
0 1.0 0.494444 0.773438 0.094444 0.084375
0 1.0 0.441667 0.771875 0.111111 0.096875
0 1.0 0.115278 0.763281 0.180556 0.089063
0 1.0 0.036111 0.762500 0.072222 0.246875
0 1.0 0.227778 0.817187 0.322222 0.118750
0 1.0 0.276389 0.824219 0.075000 0.076563
0 1.0 0.270833 0.813281 0.275000 0.260937
0 1.0 0.287500 0.813281 0.180556 0.179688
0 1.0 0.881944 0.768750 0.236111 0.131250
0 1.0 0.488889 0.820312 0.094444 0.081250
0 1.0 0.458333 0.808594 0.250000 0.270313
0 1.0 0.077778 0.814844 0.155556 0.095312
0 1.0 0.436111 0.816406 0.122222 0.098437
0 1.0 0.095833 0.814844 0.191667 0.270313
0 1.0 0.415278 0.811719 0.330556 0.117188
0 1.0 0.937500 0.771094 0.125000 0.179688
0 1.0 0.663889 0.762500 0.272222 0.256250
0 1.0 0.604167 0.734375 0.102778 0.221875
0 1.0 0.801389 0.771875 0.097222 0.075000
0 1.0 0.847222 0.780469 0.061111 0.064062
0 1.0 0.819444 0.746875 0.133333 0.278125
0 1.0 0.140278 0.814844 0.197222 0.154688
0 1.0 0.086111 0.824219 0.055556 0.076563
0 1.0 0.958333 0.771875 0.061111 0.146875
0 1.0 0.272222 0.699219 0.044444 0.057813
0 1.0 0.933333 0.666406 0.133333 0.164062
0 1.0 0.204167 0.690625 0.119444 0.118750
0 1.0 0.475000 0.705469 0.194444 0.079687
0 1.0 0.505556 0.707031 0.055556 0.051562
0 1.0 0.459722 0.678906 0.241667 0.285938
0 1.0 0.390278 0.687500 0.119444 0.284375
0 1.0 0.400000 0.703125 0.333333 0.100000
0 1.0 0.212500 0.699219 0.275000 0.110937
0 1.0 0.126389 0.704688 0.175000 0.090625
0 1.0 0.136111 0.707031 0.066667 0.073438
0 1.0 0.319444 0.700000 0.122222 0.090625
0 1.0 0.329167 0.690625 0.263889 0.265625
0 1.0 0.681944 0.648438 0.119444 0.100000
0 1.0 0.808333 0.657031 0.111111 0.101562
0 1.0 0.837500 0.640625 0.275000 0.225000
0 1.0 0.698611 0.639062 0.175000 0.162500
0 1.0 0.075000 0.712500 0.105556 0.071875
0 1.0 0.088889 0.718750 0.038889 0.059375
0 1.0 0.959722 0.710156 0.058333 0.148438
0 1.0 0.666667 0.699219 0.294444 0.092188
0 1.0 0.806944 0.707031 0.125000 0.085938
0 1.0 0.851389 0.710938 0.063889 0.068750
0 1.0 0.775000 0.700000 0.327778 0.115625
0 1.0 0.765278 0.693750 0.125000 0.193750
0 1.0 0.077778 0.762500 0.100000 0.065625
0 1.0 0.086111 0.766406 0.044444 0.060937
0 1.0 0.595833 0.688281 0.286111 0.260937
0 1.0 0.545833 0.695312 0.197222 0.168750
0 1.0 0.529167 0.700781 0.119444 0.076563
0 1.0 0.708333 0.700000 0.255556 0.237500
0 1.0 0.434722 0.704688 0.086111 0.068750
0 1.0 0.618056 0.326562 0.258333 0.290625
0 1.0 0.551389 0.372656 0.086111 0.192188
0 1.0 0.559722 0.345313 0.275000 0.131250
0 1.0 0.255556 0.341406 0.272222 0.167187
0 1.0 0.184722 0.344531 0.091667 0.220312
0 1.0 0.433333 0.342969 0.294444 0.151562
0 1.0 0.497222 0.369531 0.100000 0.223438
0 1.0 0.444444 0.350781 0.061111 0.104688
0 1.0 0.765278 0.319531 0.180556 0.210938
0 1.0 0.705556 0.350781 0.111111 0.392188
0 1.0 0.711111 0.340625 0.316667 0.131250
0 1.0 0.695833 0.320312 0.280556 0.375000
0 1.0 0.655556 0.322656 0.127778 0.385937
0 1.0 0.337500 0.344531 0.086111 0.145313
0 1.0 0.336111 0.341406 0.161111 0.198437
0 1.0 0.365278 0.346094 0.336111 0.276562
0 1.0 0.700000 0.325000 0.177778 0.228125
0 1.0 0.231944 0.353906 0.102778 0.217188
0 1.0 0.943056 0.293750 0.113889 0.137500
0 1.0 0.919444 0.275781 0.133333 0.289062
0 1.0 0.876389 0.282031 0.247222 0.126562
0 1.0 0.163889 0.335938 0.250000 0.290625
0 1.0 0.134722 0.344531 0.102778 0.295312
0 1.0 0.137500 0.342187 0.275000 0.137500
0 1.0 0.395833 0.366406 0.113889 0.220312
0 1.0 0.075000 0.351562 0.088889 0.209375
0 1.0 0.023611 0.307031 0.047222 0.157812
0 1.0 0.294444 0.328906 0.072222 0.126562
0 1.0 0.880556 0.342187 0.238889 0.121875
0 1.0 0.875000 0.316406 0.116667 0.254688
0 1.0 0.186111 0.389844 0.144444 0.207813
0 1.0 0.102778 0.389844 0.205556 0.164062
0 1.0 0.033333 0.415625 0.066667 0.268750
0 1.0 0.287500 0.387500 0.147222 0.115625
0 1.0 0.294444 0.391406 0.172222 0.292187
0 1.0 0.600000 0.375781 0.083333 0.204687
0 1.0 0.820833 0.325781 0.119444 0.295312
0 1.0 0.819444 0.315625 0.266667 0.325000
0 1.0 0.069444 0.396875 0.122222 0.340625
0 1.0 0.763889 0.357031 0.111111 0.373437
0 1.0 0.772222 0.354687 0.077778 0.228125
0 1.0 0.958333 0.382031 0.033333 0.073438
0 1.0 0.944444 0.387500 0.061111 0.096875
0 1.0 0.943056 0.364844 0.113889 0.142187
0 1.0 0.050000 0.392188 0.100000 0.131250
0 1.0 0.208333 0.292969 0.144444 0.089063
0 1.0 0.181944 0.250000 0.125000 0.240625
0 1.0 0.208333 0.296094 0.038889 0.082812
0 1.0 0.140278 0.239063 0.102778 0.284375
0 1.0 0.145833 0.284375 0.130556 0.081250
0 1.0 0.147222 0.245312 0.055556 0.143750
0 1.0 0.134722 0.283594 0.219444 0.132812
0 1.0 0.823611 0.225781 0.152778 0.226562
0 1.0 0.387500 0.282813 0.119444 0.212500
0 1.0 0.411111 0.279687 0.305556 0.115625
0 1.0 0.063889 0.260937 0.088889 0.225000
0 1.0 0.068056 0.257812 0.041667 0.103125
0 1.0 0.231944 0.289062 0.080556 0.171875
0 1.0 0.361111 0.289062 0.122222 0.128125
0 1.0 0.306944 0.285156 0.175000 0.076563
0 1.0 0.300000 0.273438 0.116667 0.156250
0 1.0 0.327778 0.307031 0.050000 0.079687
0 1.0 0.102778 0.270313 0.205556 0.312500
0 1.0 0.876389 0.232813 0.147222 0.268750
0 1.0 0.841667 0.239844 0.305556 0.148438
0 1.0 0.155556 0.039062 0.166667 0.078125
0 1.0 0.130556 0.084375 0.083333 0.103125
0 1.0 0.147222 0.091406 0.250000 0.182812
0 1.0 0.072222 0.091406 0.061111 0.101562
0 1.0 0.766667 0.232813 0.133333 0.300000
0 1.0 0.036111 0.250781 0.072222 0.289062
0 1.0 0.052778 0.287500 0.100000 0.068750
0 1.0 0.965278 0.254688 0.058333 0.140625
0 1.0 0.919444 0.235156 0.161111 0.123438
0 1.0 0.027778 0.107031 0.044444 0.104688
0 1.0 0.062500 0.032813 0.075000 0.056250
0 1.0 0.072222 0.079687 0.144444 0.159375
0 1.0 0.601389 0.307031 0.102778 0.254688
0 1.0 0.876389 0.240625 0.102778 0.159375
0 1.0 0.455556 0.297656 0.100000 0.117188
0 1.0 0.834722 0.245312 0.080556 0.143750
0 1.0 0.563889 0.289844 0.127778 0.160938
0 1.0 0.506944 0.288281 0.108333 0.207813
0 1.0 0.775000 0.280469 0.327778 0.139063
0 1.0 0.780556 0.255469 0.055556 0.126562
0 1.0 0.061111 0.338281 0.122222 0.092188
0 1.0 0.959722 0.329688 0.047222 0.109375
0 1.0 0.952778 0.300781 0.055556 0.082812
0 1.0 0.579167 0.285938 0.252778 0.109375
0 1.0 0.548611 0.271875 0.297222 0.312500
0 1.0 0.240278 0.283594 0.036111 0.070312
0 1.0 0.243056 0.292187 0.180556 0.168750
0 1.0 0.440278 0.296094 0.152778 0.232813
0 1.0 0.712500 0.265625 0.091667 0.209375
0 1.0 0.604167 0.289062 0.063889 0.134375
0 1.0 0.223611 0.549219 0.097222 0.207813
0 1.0 0.244444 0.496875 0.305556 0.140625
0 1.0 0.918056 0.442969 0.125000 0.189062
0 1.0 0.886111 0.442188 0.044444 0.056250
0 1.0 0.873611 0.443750 0.147222 0.115625
0 1.0 0.186111 0.549219 0.111111 0.235937
0 1.0 0.131944 0.561719 0.086111 0.176563
0 1.0 0.151389 0.499219 0.241667 0.123438
0 1.0 0.418056 0.496094 0.241667 0.110937
0 1.0 0.397222 0.491406 0.138889 0.351562
0 1.0 0.050000 0.510156 0.100000 0.164062
0 1.0 0.337500 0.497656 0.197222 0.107813
0 1.0 0.323611 0.494531 0.275000 0.379688
0 1.0 0.609722 0.439063 0.230556 0.121875
0 1.0 0.604167 0.467187 0.113889 0.231250
0 1.0 0.559722 0.452344 0.108333 0.273438
0 1.0 0.819444 0.486719 0.111111 0.273438
0 1.0 0.830556 0.479687 0.066667 0.150000
0 1.0 0.831944 0.449219 0.263889 0.164062
0 1.0 0.081944 0.555469 0.063889 0.173437
0 1.0 0.702778 0.442969 0.211111 0.117188
0 1.0 0.702778 0.472656 0.138889 0.364063
0 1.0 0.948611 0.442188 0.102778 0.087500
0 1.0 0.551389 0.500000 0.336111 0.118750
0 1.0 0.086111 0.629687 0.055556 0.140625
0 1.0 0.113889 0.564063 0.194444 0.090625
0 1.0 0.694444 0.494531 0.311111 0.135937
0 1.0 0.755556 0.499219 0.122222 0.332813
0 1.0 0.895833 0.398438 0.208333 0.125000
0 1.0 0.650000 0.397656 0.200000 0.229687
0 1.0 0.829167 0.425000 0.080556 0.190625
0 1.0 0.077778 0.474219 0.077778 0.220312
0 1.0 0.115278 0.444531 0.141667 0.095312
0 1.0 0.775000 0.397656 0.316667 0.132812
0 1.0 0.766667 0.395313 0.150000 0.196875
0 1.0 0.959722 0.453125 0.052778 0.131250
0 1.0 0.761111 0.399219 0.294444 0.367188
0 1.0 0.547222 0.395313 0.288889 0.143750
0 1.0 0.447222 0.403125 0.144444 0.278125
0 1.0 0.348611 0.442969 0.119444 0.176563
0 1.0 0.287500 0.471094 0.125000 0.289062
0 1.0 0.265278 0.444531 0.180556 0.110937
0 1.0 0.141667 0.450000 0.155556 0.193750
0 1.0 0.490278 0.465625 0.136111 0.328125
0 1.0 0.501389 0.438281 0.213889 0.114062
0 1.0 0.179167 0.445312 0.136111 0.096875
0 1.0 0.476389 0.437500 0.119444 0.090625
0 1.0 0.659722 0.495312 0.119444 0.250000
0 1.0 0.234722 0.471875 0.102778 0.196875
0 1.0 0.897222 0.396094 0.205556 0.301563
0 1.0 0.875000 0.416406 0.100000 0.207813
0 1.0 0.134722 0.490625 0.086111 0.209375
0 1.0 0.419444 0.440625 0.300000 0.143750
0 1.0 0.334722 0.447656 0.075000 0.079687
0 1.0 0.056944 0.446094 0.063889 0.064062
0 1.0 0.052778 0.446094 0.105556 0.120313
0 1.0 0.409722 0.124219 0.236111 0.160938
0 1.0 0.334722 0.155469 0.125000 0.217188
0 1.0 0.322222 0.135156 0.250000 0.160938
0 1.0 0.543056 0.636719 0.658333 0.204687
0 1.0 0.552778 0.119531 0.205556 0.185938
0 1.0 0.495833 0.146094 0.125000 0.232813
0 1.0 0.486111 0.117969 0.272222 0.117188
0 1.0 0.472222 0.130469 0.266667 0.251563
0 1.0 0.237500 0.143750 0.108333 0.250000
0 1.0 0.209722 0.125781 0.225000 0.160938
0 1.0 0.393056 0.131250 0.141667 0.262500
0 1.0 0.751389 0.685937 0.397222 0.434375
0 1.0 0.281944 0.642188 0.563889 0.200000
0 1.0 0.776389 0.146875 0.336111 0.246875
0 1.0 0.704167 0.155469 0.136111 0.242188
0 1.0 0.720833 0.121094 0.347222 0.135937
0 1.0 0.655556 0.151562 0.150000 0.193750
0 1.0 0.450000 0.134375 0.100000 0.209375
0 1.0 0.651389 0.150000 0.313889 0.256250
0 1.0 0.601389 0.138281 0.113889 0.160938
0 1.0 0.851389 0.105469 0.286111 0.210938
0 1.0 0.815278 0.118750 0.102778 0.159375
0 1.0 0.959722 0.124219 0.080556 0.117188
0 1.0 0.261111 0.142969 0.077778 0.076563
0 1.0 0.765278 0.112500 0.113889 0.168750
0 1.0 0.872222 0.125000 0.116667 0.178125
0 1.0 0.184722 0.149219 0.097222 0.204687
0 1.0 0.133333 0.140625 0.138889 0.259375
0 1.0 0.669444 0.770312 0.600000 0.234375
0 1.0 0.358333 0.760156 0.622222 0.207813
0 1.0 0.286111 0.165625 0.100000 0.181250
0 1.0 0.920833 0.082031 0.158333 0.132812
0 1.0 0.034722 0.155469 0.069444 0.220312
0 1.0 0.050000 0.124219 0.100000 0.114062
0 1.0 0.312500 0.185156 0.225000 0.101562
0 1.0 0.315278 0.192969 0.063889 0.092188
0 1.0 0.234722 0.175000 0.263889 0.121875
0 1.0 0.166667 0.419531 0.333333 0.529687
0 1.0 0.159722 0.452344 0.319444 0.223438
0 1.0 0.448611 0.442188 0.491667 0.484375
0 1.0 0.359722 0.449219 0.519444 0.276562
0 1.0 0.180556 0.175000 0.044444 0.090625
0 1.0 0.398611 0.182031 0.291667 0.170313
0 1.0 0.651389 0.374219 0.475000 0.548438
0 1.0 0.622222 0.344531 0.611111 0.239063
0 1.0 0.845833 0.121094 0.213889 0.123438
0 1.0 0.966667 0.186719 0.061111 0.145313
0 1.0 0.627778 0.546875 0.577778 0.243750
0 1.0 0.915278 0.158594 0.141667 0.279687
0 1.0 0.048611 0.176563 0.097222 0.084375
0 1.0 0.069444 0.167187 0.138889 0.284375
0 1.0 0.136111 0.173437 0.261111 0.143750
0 1.0 0.370833 0.550781 0.519444 0.248438
0 1.0 0.722222 0.454688 0.538889 0.265625
0 1.0 0.529167 0.711719 0.786111 0.385937
0 1.0 0.879167 0.057813 0.186111 0.115625
0 1.0 0.819444 0.071875 0.061111 0.084375
0 1.0 0.823611 0.033594 0.219444 0.067187
0 1.0 0.768056 0.069531 0.086111 0.104688
0 1.0 0.768056 0.075000 0.291667 0.150000
0 1.0 0.706944 0.069531 0.075000 0.092188
0 1.0 0.875000 0.069531 0.072222 0.070312
0 1.0 0.511111 0.035156 0.161111 0.070312
0 1.0 0.505556 0.071094 0.083333 0.101562
0 1.0 0.730556 0.032031 0.177778 0.064062
0 1.0 0.365278 0.878906 0.730556 0.242188
0 1.0 0.622222 0.034375 0.161111 0.068750
0 1.0 0.662500 0.088281 0.063889 0.079687
0 1.0 0.662500 0.073438 0.275000 0.146875
0 1.0 0.658333 0.057813 0.161111 0.109375
0 1.0 0.602778 0.075781 0.066667 0.085938
0 1.0 0.948611 0.055469 0.102778 0.110937
0 1.0 0.956944 0.069531 0.058333 0.070312
0 1.0 0.186111 0.082031 0.100000 0.123438
0 1.0 0.315278 0.046875 0.202778 0.093750
0 1.0 0.355556 0.084375 0.266667 0.168750
0 1.0 0.290278 0.097656 0.063889 0.110937
0 1.0 0.770833 0.450781 0.436111 0.832812
0 1.0 0.288889 0.076563 0.105556 0.125000
0 1.0 0.655556 0.644531 0.688889 0.710938
0 1.0 0.241667 0.094531 0.072222 0.139063
0 1.0 0.244444 0.039062 0.216667 0.078125
0 1.0 0.338889 0.178906 0.677778 0.357812
0 1.0 0.741667 0.878906 0.516667 0.242188
0 1.0 0.648611 0.183594 0.702778 0.367188
0 1.0 0.543056 0.066406 0.063889 0.079687
0 1.0 0.562500 0.056250 0.147222 0.112500
0 1.0 0.466667 0.055469 0.127778 0.110937
0 1.0 0.393056 0.063281 0.080556 0.126562
0 1.0 0.418056 0.040625 0.263889 0.081250
0 1.0 0.337500 0.075781 0.069444 0.120313
0 1.0 0.452778 0.066406 0.055556 0.082812
0 1.0 0.486111 0.032813 0.072222 0.065625
0 1.0 0.337500 0.031250 0.069444 0.062500
0 1.0 0.225000 0.078125 0.305556 0.121875
0 1.0 0.219444 0.922656 0.438889 0.154688
0 1.0 0.656944 0.121875 0.091667 0.140625
0 1.0 0.254167 0.296875 0.508333 0.309375
0 1.0 0.333333 0.359375 0.361111 0.718750
0 1.0 0.488889 0.252344 0.322222 0.504687
0 1.0 0.569444 0.917969 0.611111 0.164062
0 1.0 0.829167 0.921094 0.341667 0.157812
0 1.0 0.345833 0.919531 0.263889 0.135937
0 1.0 0.070833 0.914062 0.141667 0.090625
0 1.0 0.044444 0.900000 0.088889 0.200000
0 1.0 0.959722 0.848437 0.036111 0.078125
0 1.0 0.229167 0.870313 0.130556 0.259375
0 1.0 0.176389 0.885156 0.113889 0.229687
0 1.0 0.304167 0.910937 0.125000 0.137500
0 1.0 0.498611 0.910937 0.136111 0.178125
0 1.0 0.511111 0.917188 0.255556 0.131250
0 1.0 0.443056 0.922656 0.091667 0.154688
0 1.0 0.344444 0.907031 0.138889 0.185938
0 1.0 0.122222 0.892188 0.155556 0.215625
0 1.0 0.393056 0.914062 0.130556 0.171875
0 1.0 0.736111 0.872656 0.372222 0.123438
0 1.0 0.723611 0.836719 0.058333 0.095312
0 1.0 0.909722 0.869531 0.180556 0.123438
0 1.0 0.947222 0.862500 0.072222 0.115625
0 1.0 0.922222 0.864844 0.116667 0.245312
0 1.0 0.609722 0.857031 0.036111 0.057813
0 1.0 0.613889 0.872656 0.266667 0.135937
0 1.0 0.561111 0.839063 0.050000 0.090625
0 1.0 0.880556 0.857812 0.083333 0.143750
0 1.0 0.843056 0.885156 0.219444 0.167187
0 1.0 0.711111 0.890625 0.127778 0.218750
0 1.0 0.611111 0.916406 0.194444 0.157812
0 1.0 0.190278 0.953906 0.186111 0.092188
0 1.0 0.080556 0.911719 0.105556 0.176563
0 1.0 0.127778 0.964063 0.116667 0.071875
0 1.0 0.031944 0.942187 0.063889 0.115625
0 1.0 0.065278 0.964063 0.091667 0.062500
0 1.0 0.666667 0.910937 0.111111 0.178125
0 1.0 0.604167 0.925781 0.091667 0.142187
0 1.0 0.551389 0.908594 0.113889 0.182812
0 1.0 0.761111 0.894531 0.127778 0.210938
0 1.0 0.958333 0.843750 0.077778 0.225000
0 1.0 0.872222 0.820312 0.255556 0.128125
0 1.0 0.602778 0.811719 0.122222 0.264062
0 1.0 0.856944 0.832812 0.080556 0.084375
0 1.0 0.123611 0.863281 0.247222 0.129688
0 1.0 0.122222 0.832031 0.100000 0.145313
0 1.0 0.084722 0.814063 0.080556 0.162500
0 1.0 0.779167 0.808594 0.297222 0.139063
0 1.0 0.675000 0.805469 0.194444 0.114062
0 1.0 0.561111 0.810937 0.327778 0.115625
0 1.0 0.668056 0.792188 0.141667 0.225000
0 1.0 0.679167 0.836719 0.047222 0.079687
0 1.0 0.608333 0.836719 0.044444 0.076563
0 1.0 0.363889 0.872656 0.127778 0.085938
0 1.0 0.875000 0.833594 0.150000 0.295312
0 1.0 0.298611 0.817187 0.041667 0.078125
0 1.0 0.254167 0.869531 0.269444 0.101562
0 1.0 0.297222 0.842187 0.083333 0.118750
0 1.0 0.822222 0.839844 0.072222 0.123438
0 1.0 0.768056 0.829688 0.069444 0.131250
0 1.0 0.504167 0.867969 0.197222 0.182812
0 1.0 0.448611 0.830469 0.030556 0.057813
0 1.0 0.450000 0.852344 0.061111 0.089063
0 1.0 0.502778 0.877344 0.077778 0.073438
0 1.0 0.034722 0.836719 0.058333 0.145313
0 1.0 0.075000 0.862500 0.150000 0.090625
0 1.0 0.080556 0.866406 0.055556 0.076563
0 1.0 0.302778 0.876563 0.055556 0.062500
0 1.0 0.237500 0.801562 0.069444 0.118750
0 1.0 0.179167 0.786719 0.052778 0.104688
0 1.0 0.394444 0.864844 0.055556 0.110937
0 1.0 0.422222 0.870313 0.294444 0.100000
0 1.0 0.448611 0.875000 0.091667 0.078125
0 1.0 0.400000 0.869531 0.200000 0.179688
0 1.0 0.350000 0.848437 0.044444 0.084375
0 1.0 0.061111 0.232813 0.122222 0.093750
0 1.0 0.243056 0.223438 0.175000 0.178125
0 1.0 0.183333 0.236719 0.277778 0.117188
0 1.0 0.166667 0.203125 0.238889 0.296875
0 1.0 0.873611 0.180469 0.252778 0.142187
0 1.0 0.340278 0.245312 0.102778 0.190625
0 1.0 0.338889 0.229687 0.277778 0.128125
0 1.0 0.254167 0.246094 0.230556 0.085938
0 1.0 0.633333 0.082031 0.644444 0.164062
0 1.0 0.297222 0.215625 0.133333 0.168750
0 1.0 0.277778 0.251563 0.077778 0.056250
0 1.0 0.208333 0.136719 0.416667 0.223438
0 1.0 0.236111 0.210938 0.077778 0.153125
0 1.0 0.783333 0.242188 0.433333 0.234375
0 1.0 0.465278 0.185156 0.163889 0.107813
0 1.0 0.547222 0.192188 0.122222 0.225000
0 1.0 0.561111 0.182031 0.305556 0.135937
0 1.0 0.081944 0.353906 0.163889 0.632812
0 1.0 0.491667 0.245312 0.622222 0.262500
0 1.0 0.456944 0.963281 0.086111 0.057813
0 1.0 0.712500 0.959375 0.119444 0.065625
0 1.0 0.679167 0.947656 0.236111 0.104688
0 1.0 0.309722 0.965625 0.075000 0.053125
0 1.0 0.236111 0.940625 0.083333 0.118750
0 1.0 0.656944 0.960156 0.102778 0.064062
0 1.0 0.552778 0.951562 0.083333 0.096875
0 1.0 0.601389 0.961719 0.080556 0.054688
0 1.0 0.566667 0.952344 0.183333 0.095312
0 1.0 0.826389 0.932031 0.169444 0.135937
0 1.0 0.395833 0.951562 0.075000 0.096875
0 1.0 0.481944 0.959375 0.113889 0.081250
0 1.0 0.354167 0.954688 0.113889 0.090625
0 1.0 0.293056 0.949219 0.069444 0.101562
0 1.0 0.908333 0.915625 0.183333 0.121875
0 1.0 0.950000 0.914844 0.100000 0.170313
0 1.0 0.279167 0.965625 0.075000 0.059375
0 1.0 0.181944 0.939063 0.086111 0.121875
0 1.0 0.509722 0.962500 0.075000 0.056250
0 1.0 0.387500 0.963281 0.069444 0.051562
0 1.0 0.131944 0.928125 0.086111 0.143750
0 1.0 0.620833 0.217969 0.197222 0.235937
0 1.0 0.694444 0.223438 0.205556 0.243750
0 1.0 0.669444 0.229687 0.327778 0.146875
0 1.0 0.966667 0.949219 0.066667 0.101562
0 1.0 0.495833 0.229687 0.347222 0.131250
0 1.0 0.447222 0.220312 0.083333 0.196875
0 1.0 0.931944 0.958594 0.136111 0.082812
0 1.0 0.873611 0.957031 0.086111 0.060937
0 1.0 0.363889 0.175781 0.305556 0.351562
0 1.0 0.429167 0.392188 0.241667 0.509375
0 1.0 0.148611 0.801562 0.247222 0.396875
0 1.0 0.875000 0.663281 0.250000 0.442188
0 1.0 0.073611 0.729688 0.147222 0.540625
0 1.0 0.337500 0.753125 0.458333 0.390625
0 1.0 0.451389 0.638281 0.475000 0.382812
0 1.0 0.490278 0.672656 0.308333 0.654687
0 1.0 0.650000 0.853125 0.211111 0.293750
0 1.0 0.547222 0.850781 0.211111 0.298438
0 1.0 0.752778 0.857031 0.238889 0.285938
0 1.0 0.583333 0.846875 0.544444 0.228125
0 1.0 0.348611 0.845313 0.208333 0.309375
0 1.0 0.250000 0.199219 0.205556 0.398438
0 1.0 0.248611 0.645312 0.413889 0.396875
0 1.0 0.265278 0.590625 0.530556 0.818750
0 1.0 0.859722 0.319531 0.280556 0.639062
0 1.0 0.925000 0.554688 0.150000 0.578125