0 1.0 0.193000 0.539394 0.070000 0.254545
0 1.0 0.500000 0.518182 1.000000 0.668687
0 1.0 0.300000 0.557576 0.256000 0.311111
0 1.0 0.301000 0.591919 0.130000 0.206061
0 1.0 0.176000 0.598990 0.264000 0.143434
0 1.0 0.250000 0.609091 0.028000 0.062626
0 1.0 0.502000 0.650505 0.080000 0.133333
0 1.0 0.183000 0.596970 0.086000 0.127273
0 1.0 0.188000 0.568687 0.220000 0.301010
0 1.0 0.185000 0.573737 0.130000 0.222222
0 1.0 0.484000 0.608081 0.220000 0.113131
0 1.0 0.440000 0.602020 0.132000 0.254545
0 1.0 0.477000 0.612121 0.042000 0.068687
0 1.0 0.391000 0.578788 0.162000 0.305051
0 1.0 0.397000 0.607071 0.254000 0.131313
0 1.0 0.432000 0.606061 0.060000 0.096970
0 1.0 0.146000 0.601010 0.048000 0.208081
0 1.0 0.661000 0.576768 0.214000 0.373737
0 1.0 0.346000 0.602020 0.100000 0.117172
0 1.0 0.659000 0.612121 0.074000 0.084848
0 1.0 0.218000 0.594949 0.056000 0.103030
0 1.0 0.915000 0.574747 0.130000 0.385859
0 1.0 0.908000 0.553535 0.184000 0.165657
0 1.0 0.866000 0.572727 0.116000 0.422222
0 1.0 0.821000 0.550505 0.086000 0.078788
0 1.0 0.844000 0.559596 0.092000 0.109091
0 1.0 0.818000 0.566667 0.108000 0.414141
0 1.0 0.821000 0.551515 0.286000 0.121212
0 1.0 0.137000 0.596970 0.154000 0.111111
0 1.0 0.090000 0.590909 0.080000 0.224242
0 1.0 0.170000 0.597980 0.032000 0.076768
0 1.0 0.348000 0.588889 0.100000 0.264646
0 1.0 0.102000 0.584848 0.204000 0.260606
0 1.0 0.021000 0.623232 0.042000 0.183838
0 1.0 0.107000 0.595960 0.082000 0.076768
0 1.0 0.119000 0.596970 0.022000 0.066667
0 1.0 0.052000 0.606061 0.096000 0.157576
0 1.0 0.963000 0.614141 0.046000 0.185859
0 1.0 0.947000 0.548485 0.106000 0.111111
0 1.0 0.949000 0.607071 0.102000 0.135354
0 1.0 0.241000 0.641414 0.182000 0.204040
0 1.0 0.149000 0.658586 0.294000 0.129293
0 1.0 0.760000 0.579798 0.104000 0.379798
0 1.0 0.796000 0.602020 0.080000 0.072727
0 1.0 0.840000 0.610101 0.048000 0.076768
0 1.0 0.797000 0.598990 0.246000 0.119192
0 1.0 0.138000 0.637374 0.084000 0.208081
0 1.0 0.151000 0.649495 0.134000 0.119192
0 1.0 0.367000 0.661616 0.098000 0.098990
0 1.0 0.078000 0.646465 0.096000 0.084848
0 1.0 0.097000 0.647475 0.026000 0.066667
0 1.0 0.599000 0.641414 0.074000 0.187879
0 1.0 0.589000 0.611111 0.138000 0.094949
0 1.0 0.603000 0.617172 0.182000 0.232323
0 1.0 0.541000 0.642424 0.090000 0.193939
0 1.0 0.149000 0.647475 0.050000 0.082828
0 1.0 0.753000 0.573737 0.234000 0.379798
0 1.0 0.700000 0.617172 0.132000 0.115152
0 1.0 0.890000 0.603030 0.220000 0.131313
0 1.0 0.830000 0.497980 0.068000 0.074747
0 1.0 0.818000 0.500000 0.232000 0.163636
0 1.0 0.152000 0.560606 0.044000 0.090909
0 1.0 0.098000 0.561616 0.096000 0.076768
0 1.0 0.112000 0.569697 0.020000 0.056566
0 1.0 0.951000 0.496970 0.098000 0.109091
0 1.0 0.207000 0.550505 0.274000 0.147475
0 1.0 0.901000 0.497980 0.198000 0.123232
0 1.0 0.967000 0.551515 0.042000 0.161616
0 1.0 0.544000 0.532323 0.124000 0.296970
0 1.0 0.495000 0.545455 0.082000 0.250505
0 1.0 0.483000 0.498990 0.274000 0.125253
0 1.0 0.485000 0.529293 0.226000 0.335354
0 1.0 0.756000 0.492929 0.164000 0.266667
0 1.0 0.722000 0.493939 0.280000 0.127273
0 1.0 0.599000 0.539394 0.066000 0.250505
0 1.0 0.558000 0.502020 0.208000 0.163636
0 1.0 0.578000 0.555556 0.208000 0.173737
0 1.0 0.440000 0.547475 0.180000 0.129293
0 1.0 0.722000 0.547475 0.256000 0.121212
0 1.0 0.592000 0.603030 0.048000 0.135354
0 1.0 0.161000 0.571717 0.042000 0.173737
0 1.0 0.156000 0.550505 0.116000 0.135354
0 1.0 0.237000 0.561616 0.070000 0.105051
0 1.0 0.363000 0.548485 0.246000 0.139394
0 1.0 0.126000 0.765657 0.092000 0.105051
0 1.0 0.101000 0.768687 0.202000 0.341414
0 1.0 0.036000 0.767677 0.072000 0.359596
0 1.0 0.337000 0.762626 0.182000 0.208081
0 1.0 0.260000 0.756566 0.328000 0.135354
0 1.0 0.963000 0.747475 0.058000 0.202020
0 1.0 0.937000 0.712121 0.126000 0.111111
0 1.0 0.923000 0.708081 0.154000 0.260606
0 1.0 0.877000 0.717172 0.246000 0.141414
0 1.0 0.233000 0.761616 0.146000 0.282828
0 1.0 0.185000 0.765657 0.118000 0.339394
0 1.0 0.465000 0.751515 0.318000 0.133333
0 1.0 0.492000 0.758586 0.112000 0.103030
0 1.0 0.142000 0.761616 0.284000 0.133333
0 1.0 0.452000 0.744444 0.144000 0.208081
0 1.0 0.708000 0.693939 0.124000 0.236364
0 1.0 0.694000 0.719192 0.264000 0.125253
0 1.0 0.662000 0.684848 0.112000 0.258586
0 1.0 0.601000 0.709091 0.114000 0.206061
0 1.0 0.870000 0.690909 0.140000 0.274747
0 1.0 0.771000 0.724242 0.102000 0.098990
0 1.0 0.598000 0.692929 0.280000 0.234343
0 1.0 0.545000 0.712121 0.114000 0.216162
0 1.0 0.659000 0.719192 0.118000 0.096970
0 1.0 0.803000 0.729293 0.086000 0.101010
0 1.0 0.819000 0.703030 0.130000 0.238384
0 1.0 0.048000 0.765657 0.056000 0.072727
0 1.0 0.764000 0.700000 0.128000 0.232323
0 1.0 0.060000 0.758586 0.120000 0.090909
0 1.0 0.787000 0.763636 0.334000 0.121212
0 1.0 0.764000 0.762626 0.172000 0.204040
0 1.0 0.046000 0.821212 0.064000 0.090909
0 1.0 0.677000 0.763636 0.174000 0.101010
0 1.0 0.660000 0.769697 0.280000 0.238384
0 1.0 0.598000 0.755556 0.328000 0.125253
0 1.0 0.145000 0.815152 0.290000 0.139394
0 1.0 0.388000 0.765657 0.120000 0.258586
0 1.0 0.447000 0.758586 0.094000 0.107071
0 1.0 0.309000 0.764646 0.070000 0.086869
0 1.0 0.819000 0.771717 0.098000 0.101010
0 1.0 0.538000 0.766667 0.296000 0.228283
0 1.0 0.619000 0.669697 0.202000 0.107071
0 1.0 0.647000 0.673737 0.090000 0.094949
0 1.0 0.530000 0.674747 0.296000 0.121212
0 1.0 0.554000 0.680808 0.104000 0.092929
0 1.0 0.787000 0.662626 0.278000 0.145455
0 1.0 0.825000 0.635354 0.234000 0.313131
0 1.0 0.057000 0.704040 0.114000 0.090909
0 1.0 0.352000 0.649495 0.152000 0.191919
0 1.0 0.302000 0.666667 0.032000 0.056566
0 1.0 0.309000 0.654545 0.114000 0.153535
0 1.0 0.251000 0.660606 0.082000 0.096970
0 1.0 0.519000 0.680808 0.086000 0.080808
0 1.0 0.494000 0.640404 0.248000 0.270707
0 1.0 0.518000 0.679798 0.028000 0.050505
0 1.0 0.416000 0.665657 0.284000 0.131313
0 1.0 0.472000 0.670707 0.036000 0.068687
0 1.0 0.369000 0.708081 0.170000 0.098990
0 1.0 0.579000 0.712121 0.142000 0.103030
0 1.0 0.809000 0.669697 0.074000 0.103030
0 1.0 0.336000 0.712121 0.052000 0.074747
0 1.0 0.299000 0.707071 0.154000 0.161616
0 1.0 0.246000 0.704040 0.340000 0.135354
0 1.0 0.499000 0.711111 0.310000 0.117172
0 1.0 0.500000 0.712121 0.120000 0.159596
0 1.0 0.478000 0.715152 0.040000 0.064646
0 1.0 0.520000 0.714141 0.052000 0.070707
0 1.0 0.056000 0.706061 0.044000 0.074747
0 1.0 0.051000 0.700000 0.102000 0.191919
0 1.0 0.948000 0.656566 0.104000 0.101010
0 1.0 0.960000 0.679798 0.080000 0.216162
0 1.0 0.884000 0.660606 0.232000 0.133333
0 1.0 0.776000 0.665657 0.076000 0.082828
0 1.0 0.451000 0.683838 0.102000 0.216162
0 1.0 0.183000 0.721212 0.266000 0.274747
0 1.0 0.134000 0.704040 0.124000 0.288889
0 1.0 0.119000 0.703030 0.194000 0.105051
0 1.0 0.140000 0.703030 0.076000 0.092929
0 1.0 0.342000 0.703030 0.256000 0.234343
0 1.0 0.726000 0.306061 0.132000 0.151515
0 1.0 0.661000 0.322222 0.070000 0.159596
0 1.0 0.685000 0.294949 0.190000 0.101010
0 1.0 0.675000 0.306061 0.034000 0.070707
0 1.0 0.674000 0.300000 0.304000 0.147475
0 1.0 0.604000 0.316162 0.072000 0.191919
0 1.0 0.867000 0.301010 0.098000 0.311111
0 1.0 0.612000 0.297980 0.280000 0.256566
0 1.0 0.555000 0.314141 0.094000 0.228283
0 1.0 0.564000 0.291919 0.164000 0.094949
0 1.0 0.539000 0.294949 0.254000 0.149495
0 1.0 0.926000 0.277778 0.116000 0.191919
0 1.0 0.817000 0.290909 0.150000 0.117172
0 1.0 0.858000 0.281818 0.240000 0.329293
0 1.0 0.809000 0.329293 0.086000 0.246465
0 1.0 0.814000 0.317172 0.044000 0.113131
0 1.0 0.792000 0.290909 0.264000 0.161616
0 1.0 0.784000 0.331313 0.036000 0.084848
0 1.0 0.063000 0.343434 0.106000 0.080808
0 1.0 0.024000 0.389899 0.048000 0.177778
0 1.0 0.728000 0.316162 0.052000 0.098990
0 1.0 0.773000 0.341414 0.090000 0.214141
0 1.0 0.329000 0.317172 0.090000 0.173737
0 1.0 0.612000 0.306061 0.028000 0.066667
0 1.0 0.374000 0.307071 0.048000 0.084848
0 1.0 0.302000 0.357576 0.056000 0.149495
0 1.0 0.295000 0.298990 0.178000 0.092929
0 1.0 0.284000 0.278788 0.248000 0.294949
0 1.0 0.231000 0.353535 0.074000 0.173737
0 1.0 0.239000 0.344444 0.042000 0.090909
0 1.0 0.241000 0.292929 0.246000 0.149495
0 1.0 0.189000 0.354545 0.062000 0.159596
0 1.0 0.434000 0.326263 0.060000 0.183838
0 1.0 0.326000 0.323232 0.028000 0.060606
0 1.0 0.496000 0.335354 0.084000 0.202020
0 1.0 0.501000 0.322222 0.058000 0.115152
0 1.0 0.501000 0.303030 0.234000 0.270707
0 1.0 0.522000 0.293939 0.052000 0.062626
0 1.0 0.394000 0.293939 0.072000 0.070707
0 1.0 0.403000 0.316162 0.074000 0.224242
0 1.0 0.403000 0.287879 0.226000 0.098990
0 1.0 0.394000 0.283838 0.252000 0.296970
0 1.0 0.405000 0.366667 0.126000 0.163636
0 1.0 0.335000 0.413131 0.058000 0.147475
0 1.0 0.344000 0.352525 0.264000 0.139394
0 1.0 0.334000 0.393939 0.112000 0.189899
0 1.0 0.872000 0.280808 0.052000 0.141414
0 1.0 0.299000 0.396970 0.082000 0.171717
0 1.0 0.327000 0.380808 0.038000 0.078788
0 1.0 0.220000 0.443434 0.068000 0.159596
0 1.0 0.241000 0.352525 0.262000 0.159596
0 1.0 0.554000 0.353535 0.164000 0.202020
0 1.0 0.496000 0.413131 0.072000 0.171717
0 1.0 0.431000 0.400000 0.030000 0.072727
0 1.0 0.714000 0.387879 0.124000 0.270707
0 1.0 0.444000 0.354545 0.240000 0.260606
0 1.0 0.473000 0.374747 0.098000 0.147475
0 1.0 0.403000 0.413131 0.054000 0.143434
0 1.0 0.369000 0.369697 0.070000 0.109091
0 1.0 0.300000 0.431313 0.040000 0.131313
0 1.0 0.069000 0.353535 0.138000 0.290909
0 1.0 0.965000 0.329293 0.042000 0.137374
0 1.0 0.964000 0.286869 0.072000 0.092929
0 1.0 0.887000 0.286869 0.226000 0.121212
0 1.0 0.191000 0.361616 0.238000 0.307071
0 1.0 0.812000 0.286869 0.080000 0.072727
0 1.0 0.196000 0.450505 0.048000 0.137374
0 1.0 0.230000 0.357576 0.168000 0.105051
0 1.0 0.196000 0.417172 0.092000 0.167677
0 1.0 0.477000 0.341414 0.246000 0.133333
0 1.0 0.221000 0.385859 0.042000 0.080808
0 1.0 0.135000 0.434343 0.054000 0.193939
0 1.0 0.151000 0.355556 0.214000 0.141414
0 1.0 0.156000 0.374747 0.092000 0.127273
0 1.0 0.077000 0.410101 0.074000 0.254545
0 1.0 0.118000 0.348485 0.124000 0.090909
0 1.0 0.298000 0.255556 0.108000 0.232323
0 1.0 0.253000 0.243434 0.090000 0.094949
0 1.0 0.231000 0.229293 0.126000 0.365657
0 1.0 0.248000 0.233333 0.284000 0.127273
0 1.0 0.185000 0.236364 0.106000 0.258586
0 1.0 0.134000 0.244444 0.096000 0.359596
0 1.0 0.143000 0.235354 0.274000 0.131313
0 1.0 0.441000 0.248485 0.082000 0.298990
0 1.0 0.468000 0.234343 0.312000 0.121212
0 1.0 0.485000 0.233333 0.126000 0.111111
0 1.0 0.456000 0.223232 0.180000 0.212121
0 1.0 0.393000 0.232323 0.114000 0.400000
0 1.0 0.671000 0.238384 0.194000 0.185859
0 1.0 0.606000 0.239394 0.092000 0.305051
0 1.0 0.346000 0.232323 0.244000 0.161616
0 1.0 0.045000 0.037374 0.090000 0.074747
0 1.0 0.733000 0.543434 0.490000 0.913131
0 1.0 0.144000 0.063636 0.104000 0.127273
0 1.0 0.535000 0.509091 0.486000 0.848485
0 1.0 0.592000 0.715152 0.816000 0.545455
0 1.0 0.326000 0.676768 0.652000 0.646465
0 1.0 0.525000 0.264646 0.950000 0.480808
0 1.0 0.156000 0.033333 0.152000 0.066667
0 1.0 0.131000 0.222222 0.234000 0.367677
0 1.0 0.340000 0.241414 0.120000 0.288889
0 1.0 0.187000 0.072727 0.082000 0.145455
0 1.0 0.023000 0.056566 0.046000 0.092929
0 1.0 0.074000 0.059596 0.072000 0.119192
0 1.0 0.101000 0.039394 0.146000 0.078788
0 1.0 0.107000 0.080808 0.214000 0.161616
0 1.0 0.066000 0.027273 0.064000 0.054545
0 1.0 0.969000 0.272727 0.054000 0.197980
0 1.0 0.880000 0.235354 0.240000 0.131313
0 1.0 0.224000 0.310101 0.032000 0.062626
0 1.0 0.137000 0.341414 0.078000 0.258586
0 1.0 0.159000 0.290909 0.146000 0.096970
0 1.0 0.149000 0.332323 0.038000 0.107071
0 1.0 0.049000 0.296970 0.086000 0.145455
0 1.0 0.077000 0.319192 0.046000 0.129293
0 1.0 0.102000 0.290909 0.204000 0.149495
0 1.0 0.343000 0.290909 0.258000 0.153535
0 1.0 0.617000 0.235354 0.322000 0.115152
0 1.0 0.612000 0.231313 0.056000 0.155556
0 1.0 0.550000 0.225253 0.128000 0.268687
0 1.0 0.501000 0.254545 0.102000 0.282828
0 1.0 0.766000 0.237374 0.316000 0.135354
0 1.0 0.778000 0.273737 0.068000 0.147475
0 1.0 0.819000 0.254545 0.086000 0.193939
0 1.0 0.723000 0.258586 0.082000 0.165657
0 1.0 0.714000 0.233333 0.256000 0.288889
0 1.0 0.672000 0.253535 0.060000 0.123232
0 1.0 0.499000 0.466667 0.126000 0.173737
0 1.0 0.450000 0.525253 0.044000 0.109091
0 1.0 0.503000 0.452525 0.026000 0.048485
0 1.0 0.452000 0.513131 0.080000 0.149495
0 1.0 0.718000 0.432323 0.236000 0.185859
0 1.0 0.549000 0.390909 0.090000 0.228283
0 1.0 0.391000 0.443434 0.250000 0.123232
0 1.0 0.379000 0.495960 0.238000 0.341414
0 1.0 0.399000 0.466667 0.138000 0.210101
0 1.0 0.319000 0.446465 0.030000 0.056566
0 1.0 0.295000 0.446465 0.246000 0.161616
0 1.0 0.707000 0.477778 0.210000 0.402020
0 1.0 0.679000 0.481818 0.110000 0.321212
0 1.0 0.605000 0.444444 0.102000 0.096970
0 1.0 0.603000 0.484848 0.042000 0.129293
0 1.0 0.574000 0.443434 0.228000 0.171717
0 1.0 0.616000 0.460606 0.276000 0.355556
0 1.0 0.873000 0.443434 0.138000 0.195960
0 1.0 0.470000 0.487879 0.064000 0.111111
0 1.0 0.161000 0.457576 0.254000 0.171717
0 1.0 0.160000 0.482828 0.116000 0.173737
0 1.0 0.085000 0.521212 0.038000 0.125253
0 1.0 0.159000 0.452525 0.038000 0.060606
0 1.0 0.095000 0.512121 0.030000 0.090909
0 1.0 0.099000 0.478788 0.106000 0.165657
0 1.0 0.025000 0.527273 0.026000 0.080808
0 1.0 0.085000 0.455556 0.018000 0.038384
0 1.0 0.040000 0.458586 0.080000 0.088889
0 1.0 0.953000 0.395960 0.094000 0.105051
0 1.0 0.101000 0.460606 0.202000 0.270707
0 1.0 0.355000 0.466667 0.114000 0.189899
0 1.0 0.285000 0.502020 0.058000 0.216162
0 1.0 0.542000 0.445455 0.104000 0.086869
0 1.0 0.226000 0.518182 0.108000 0.288889
0 1.0 0.257000 0.446465 0.074000 0.080808
0 1.0 0.227000 0.446465 0.114000 0.101010
0 1.0 0.689000 0.438384 0.146000 0.113131
0 1.0 0.131000 0.505051 0.130000 0.092929
0 1.0 0.023000 0.564646 0.034000 0.115152
0 1.0 0.066000 0.511111 0.104000 0.072727
0 1.0 0.342000 0.494949 0.284000 0.137374
0 1.0 0.273000 0.514141 0.122000 0.309091
0 1.0 0.220000 0.502020 0.160000 0.155556
0 1.0 0.824000 0.445455 0.164000 0.111111
0 1.0 0.813000 0.476768 0.058000 0.189899
0 1.0 0.769000 0.439394 0.126000 0.111111
0 1.0 0.764000 0.463636 0.068000 0.248485
0 1.0 0.069000 0.520202 0.038000 0.062626
0 1.0 0.975000 0.446465 0.050000 0.076768
0 1.0 0.966000 0.481818 0.048000 0.115152
0 1.0 0.940000 0.447475 0.120000 0.131313
0 1.0 0.935000 0.446465 0.130000 0.270707
0 1.0 0.827000 0.446465 0.022000 0.048485
0 1.0 0.868000 0.473737 0.072000 0.212121
0 1.0 0.865000 0.450505 0.230000 0.347475
0 1.0 0.134000 0.401010 0.104000 0.086869
0 1.0 0.082000 0.457576 0.048000 0.135354
0 1.0 0.026000 0.477778 0.044000 0.143434
0 1.0 0.061000 0.396970 0.122000 0.086869
0 1.0 0.279000 0.398990 0.186000 0.123232
0 1.0 0.966000 0.372727 0.028000 0.090909
0 1.0 0.946000 0.344444 0.108000 0.107071
0 1.0 0.961000 0.379798 0.050000 0.121212
0 1.0 0.896000 0.345455 0.208000 0.125253
0 1.0 0.168000 0.402020 0.204000 0.113131
0 1.0 0.151000 0.474747 0.038000 0.113131
0 1.0 0.712000 0.350505 0.216000 0.175758
0 1.0 0.662000 0.381818 0.064000 0.165657
0 1.0 0.602000 0.406061 0.060000 0.177778
0 1.0 0.607000 0.403030 0.042000 0.111111
0 1.0 0.817000 0.349495 0.130000 0.096970
0 1.0 0.861000 0.361616 0.070000 0.193939
0 1.0 0.615000 0.355556 0.158000 0.193939
0 1.0 0.806000 0.381818 0.060000 0.173737
0 1.0 0.807000 0.349495 0.242000 0.165657
0 1.0 0.774000 0.383838 0.056000 0.153535
0 1.0 0.062000 0.487879 0.064000 0.103030
0 1.0 0.802000 0.393939 0.140000 0.109091
0 1.0 0.202000 0.451515 0.052000 0.070707
0 1.0 0.155000 0.531313 0.034000 0.101010
0 1.0 0.539000 0.391919 0.270000 0.137374
0 1.0 0.445000 0.459596 0.082000 0.139394
0 1.0 0.236000 0.118182 0.204000 0.228283
0 1.0 0.202000 0.653535 0.404000 0.264646
0 1.0 0.449000 0.647475 0.598000 0.208081
0 1.0 0.441000 0.648485 0.442000 0.412121
0 1.0 0.781000 0.650505 0.438000 0.226263
0 1.0 0.354000 0.763636 0.600000 0.234343
0 1.0 0.245000 0.717172 0.222000 0.501010
0 1.0 0.659000 0.609091 0.450000 0.503030
0 1.0 0.781000 0.550505 0.438000 0.232323
0 1.0 0.406000 0.121212 0.216000 0.169697
0 1.0 0.350000 0.131313 0.148000 0.262626
0 1.0 0.289000 0.146465 0.118000 0.268687
0 1.0 0.268000 0.121212 0.144000 0.129293
0 1.0 0.144000 0.659596 0.228000 0.539394
0 1.0 0.522000 0.552525 0.588000 0.256566
0 1.0 0.714000 0.123232 0.116000 0.246465
0 1.0 0.718000 0.076768 0.300000 0.137374
0 1.0 0.919000 0.131313 0.114000 0.262626
0 1.0 0.882000 0.076768 0.236000 0.133333
0 1.0 0.875000 0.114141 0.118000 0.228283
0 1.0 0.811000 0.104040 0.098000 0.208081
0 1.0 0.660000 0.113131 0.096000 0.226263
0 1.0 0.819000 0.109091 0.270000 0.218182
0 1.0 0.764000 0.117172 0.108000 0.234343
0 1.0 0.079000 0.156566 0.130000 0.313131
0 1.0 0.723000 0.766667 0.450000 0.337374
0 1.0 0.027000 0.155556 0.054000 0.246465
0 1.0 0.063000 0.122222 0.126000 0.094949
0 1.0 0.968000 0.121212 0.048000 0.149495
0 1.0 0.946000 0.076768 0.108000 0.105051
0 1.0 0.349000 0.727273 0.218000 0.501010
0 1.0 0.781000 0.354545 0.438000 0.220202
0 1.0 0.830000 0.422222 0.216000 0.630303
0 1.0 0.271000 0.462626 0.390000 0.404040
0 1.0 0.627000 0.436364 0.558000 0.242424
0 1.0 0.354000 0.353535 0.568000 0.222222
0 1.0 0.746000 0.267677 0.376000 0.466667
0 1.0 0.654000 0.250505 0.588000 0.226263
0 1.0 0.075000 0.333333 0.150000 0.610101
0 1.0 0.247000 0.364646 0.218000 0.567677
0 1.0 0.554000 0.418182 0.232000 0.549495
0 1.0 0.830000 0.122222 0.172000 0.119192
0 1.0 0.500000 0.133333 0.144000 0.254545
0 1.0 0.446000 0.142424 0.092000 0.228283
0 1.0 0.509000 0.124242 0.294000 0.143434
0 1.0 0.670000 0.122222 0.300000 0.131313
0 1.0 0.603000 0.136364 0.114000 0.272727
0 1.0 0.602000 0.124242 0.248000 0.248485
0 1.0 0.611000 0.058586 0.142000 0.117172
0 1.0 0.554000 0.062626 0.076000 0.125253
0 1.0 0.361000 0.874747 0.722000 0.250505
0 1.0 0.554000 0.043434 0.212000 0.086869
0 1.0 0.501000 0.068687 0.078000 0.137374
0 1.0 0.717000 0.059596 0.154000 0.119192
0 1.0 0.672000 0.032323 0.184000 0.064646
0 1.0 0.668000 0.056566 0.064000 0.096970
0 1.0 0.604000 0.051515 0.068000 0.103030
0 1.0 0.776000 0.048485 0.064000 0.096970
0 1.0 0.725000 0.050505 0.066000 0.101010
0 1.0 0.230000 0.067677 0.100000 0.135354
0 1.0 0.249000 0.034343 0.194000 0.068687
0 1.0 0.184000 0.478788 0.368000 0.896970
0 1.0 0.570000 0.030303 0.132000 0.060606
0 1.0 0.296000 0.056566 0.140000 0.113131
0 1.0 0.446000 0.061616 0.112000 0.123232
0 1.0 0.446000 0.078788 0.248000 0.157576
0 1.0 0.742000 0.877778 0.516000 0.244444
0 1.0 0.397000 0.071717 0.094000 0.143434
0 1.0 0.406000 0.033333 0.224000 0.066667
0 1.0 0.349000 0.054545 0.074000 0.109091
0 1.0 0.322000 0.029293 0.076000 0.058586
0 1.0 0.341000 0.077778 0.270000 0.155556
0 1.0 0.487000 0.028283 0.070000 0.056566
0 1.0 0.447000 0.053535 0.058000 0.103030
0 1.0 0.180000 0.087879 0.192000 0.175758
0 1.0 0.565000 0.921212 0.622000 0.157576
0 1.0 0.169000 0.922222 0.338000 0.155556
0 1.0 0.554000 0.120202 0.112000 0.240404
0 1.0 0.552000 0.076768 0.288000 0.137374
0 1.0 0.586000 0.834343 0.632000 0.218182
0 1.0 0.824000 0.057576 0.156000 0.115152
0 1.0 0.778000 0.031313 0.204000 0.062626
0 1.0 0.215000 0.292929 0.430000 0.391919
0 1.0 0.641000 0.125253 0.718000 0.250505
0 1.0 0.815000 0.058586 0.066000 0.117172
0 1.0 0.047000 0.079798 0.094000 0.115152
0 1.0 0.966000 0.053535 0.032000 0.074747
0 1.0 0.830000 0.921212 0.340000 0.157576
0 1.0 0.953000 0.032323 0.094000 0.064646
0 1.0 0.131000 0.117172 0.118000 0.234343
0 1.0 0.874000 0.056566 0.076000 0.113131
0 1.0 0.874000 0.027273 0.096000 0.054545
0 1.0 0.354000 0.126263 0.708000 0.252525
0 1.0 0.879000 0.844444 0.102000 0.145455
0 1.0 0.860000 0.875758 0.208000 0.163636
0 1.0 0.828000 0.837374 0.076000 0.119192
0 1.0 0.777000 0.794949 0.050000 0.094949
0 1.0 0.785000 0.821212 0.058000 0.090909
0 1.0 0.773000 0.863636 0.242000 0.228283
0 1.0 0.721000 0.805051 0.058000 0.103030
0 1.0 0.032000 0.903030 0.064000 0.193939
0 1.0 0.075000 0.916162 0.150000 0.115152
0 1.0 0.963000 0.864646 0.026000 0.064646
0 1.0 0.302000 0.906061 0.132000 0.155556
0 1.0 0.234000 0.884848 0.124000 0.230303
0 1.0 0.909000 0.870707 0.182000 0.238384
0 1.0 0.920000 0.845455 0.080000 0.175758
0 1.0 0.546000 0.856566 0.188000 0.210101
0 1.0 0.511000 0.767677 0.046000 0.084848
0 1.0 0.511000 0.808081 0.082000 0.137374
0 1.0 0.448000 0.773737 0.040000 0.076768
0 1.0 0.452000 0.866667 0.316000 0.141414
0 1.0 0.484000 0.871717 0.088000 0.111111
0 1.0 0.432000 0.869697 0.128000 0.135354
0 1.0 0.396000 0.834343 0.272000 0.286869
0 1.0 0.449000 0.806061 0.102000 0.157576
0 1.0 0.956000 0.874747 0.052000 0.092929
0 1.0 0.664000 0.805051 0.048000 0.086869
0 1.0 0.676000 0.868687 0.328000 0.137374
0 1.0 0.667000 0.837374 0.054000 0.094949
0 1.0 0.613000 0.836364 0.046000 0.096970
0 1.0 0.556000 0.791919 0.052000 0.105051
0 1.0 0.610000 0.802020 0.040000 0.084848
0 1.0 0.555000 0.916162 0.318000 0.123232
0 1.0 0.459000 0.913131 0.242000 0.141414
0 1.0 0.392000 0.871717 0.120000 0.256566
0 1.0 0.712000 0.884848 0.132000 0.230303
0 1.0 0.616000 0.897980 0.164000 0.175758
0 1.0 0.940000 0.920202 0.120000 0.159596
0 1.0 0.186000 0.888889 0.120000 0.222222
0 1.0 0.131000 0.887879 0.126000 0.224242
0 1.0 0.344000 0.874747 0.120000 0.250505
0 1.0 0.341000 0.917172 0.310000 0.129293
0 1.0 0.281000 0.879798 0.266000 0.240404
0 1.0 0.469000 0.804040 0.334000 0.137374
0 1.0 0.750000 0.808081 0.364000 0.125253
0 1.0 0.716000 0.791919 0.140000 0.181818
0 1.0 0.344000 0.820202 0.076000 0.193939
0 1.0 0.338000 0.805051 0.280000 0.131313
0 1.0 0.604000 0.824242 0.128000 0.270707
0 1.0 0.601000 0.806061 0.346000 0.133333
0 1.0 0.852000 0.817172 0.112000 0.111111
0 1.0 0.501000 0.815152 0.146000 0.301010
0 1.0 0.116000 0.824242 0.116000 0.125253
0 1.0 0.298000 0.815152 0.140000 0.333333
0 1.0 0.066000 0.813131 0.132000 0.107071
0 1.0 0.294000 0.817172 0.060000 0.086869
0 1.0 0.183000 0.841414 0.290000 0.284848
0 1.0 0.123000 0.874747 0.246000 0.145455
0 1.0 0.077000 0.854545 0.126000 0.246465
0 1.0 0.063000 0.870707 0.126000 0.109091
0 1.0 0.046000 0.876768 0.064000 0.092929
0 1.0 0.300000 0.839394 0.072000 0.171717
0 1.0 0.186000 0.836364 0.068000 0.181818
0 1.0 0.555000 0.826263 0.090000 0.157576
0 1.0 0.826000 0.810101 0.156000 0.197980
0 1.0 0.964000 0.845455 0.060000 0.191919
0 1.0 0.916000 0.813131 0.168000 0.111111
0 1.0 0.656000 0.827273 0.132000 0.272727
0 1.0 0.284000 0.881818 0.084000 0.103030
0 1.0 0.481000 0.182828 0.166000 0.115152
0 1.0 0.558000 0.179798 0.296000 0.133333
0 1.0 0.370000 0.178788 0.184000 0.115152
0 1.0 0.820000 0.178788 0.260000 0.163636
0 1.0 0.771000 0.190909 0.102000 0.204040
0 1.0 0.963000 0.951515 0.074000 0.096970
0 1.0 0.725000 0.180808 0.310000 0.131313
0 1.0 0.820000 0.188889 0.136000 0.268687
0 1.0 0.187000 0.167677 0.062000 0.125253
0 1.0 0.140000 0.175758 0.280000 0.137374
0 1.0 0.441000 0.255556 0.426000 0.458586
0 1.0 0.342000 0.329293 0.220000 0.622222
0 1.0 0.349000 0.247475 0.570000 0.232323
0 1.0 0.944000 0.132323 0.112000 0.171717
0 1.0 0.053000 0.179798 0.106000 0.088889
0 1.0 0.283000 0.172727 0.254000 0.179798
0 1.0 0.304000 0.175758 0.064000 0.121212
0 1.0 0.562000 0.945455 0.124000 0.109091
0 1.0 0.503000 0.918182 0.098000 0.163636
0 1.0 0.249000 0.943434 0.150000 0.113131
0 1.0 0.188000 0.938384 0.080000 0.123232
0 1.0 0.133000 0.935354 0.090000 0.129293
0 1.0 0.158000 0.950505 0.180000 0.098990
0 1.0 0.450000 0.932323 0.124000 0.135354
0 1.0 0.488000 0.958586 0.128000 0.082828
0 1.0 0.716000 0.959596 0.100000 0.064646
0 1.0 0.662000 0.922222 0.124000 0.155556
0 1.0 0.299000 0.958586 0.082000 0.070707
0 1.0 0.353000 0.962626 0.094000 0.066667
0 1.0 0.328000 0.949495 0.200000 0.101010
0 1.0 0.768000 0.886869 0.128000 0.226263
0 1.0 0.403000 0.942424 0.130000 0.115152
0 1.0 0.072000 0.963636 0.060000 0.056566
0 1.0 0.051000 0.945455 0.102000 0.109091
0 1.0 0.512000 0.965657 0.072000 0.052525
0 1.0 0.873000 0.926263 0.102000 0.147475
0 1.0 0.839000 0.961616 0.082000 0.064646
0 1.0 0.817000 0.926263 0.098000 0.147475
0 1.0 0.840000 0.957576 0.180000 0.084848
0 1.0 0.891000 0.178788 0.218000 0.301010
0 1.0 0.065000 0.232323 0.130000 0.113131
0 1.0 0.035000 0.241414 0.070000 0.292929
0 1.0 0.932000 0.184848 0.136000 0.115152
0 1.0 0.964000 0.211111 0.072000 0.175758
0 1.0 0.608000 0.923232 0.088000 0.153535
0 1.0 0.651000 0.962626 0.110000 0.066667
0 1.0 0.608000 0.963636 0.084000 0.056566
0 1.0 0.767000 0.929293 0.094000 0.141414
0 1.0 0.922000 0.961616 0.156000 0.076768
0 1.0 0.766000 0.958586 0.164000 0.078788
0 1.0 0.453000 0.451515 0.518000 0.321212
0 1.0 0.452000 0.296970 0.204000 0.577778
0 1.0 0.544000 0.764646 0.224000 0.466667
0 1.0 0.844000 0.811111 0.208000 0.377778
0 1.0 0.327000 0.163636 0.358000 0.327273
0 1.0 0.545000 0.194949 0.246000 0.389899
0 1.0 0.880000 0.647475 0.240000 0.705051
0 1.0 0.925000 0.385859 0.150000 0.577778