0 1.0 0.446875 0.643750 0.087500 0.300000
0 1.0 0.540625 0.533333 0.075000 0.216667
0 1.0 0.375000 0.441667 0.434375 0.466667
0 1.0 0.870313 0.606250 0.259375 0.125000
0 1.0 0.646094 0.592708 0.226562 0.247917
0 1.0 0.548438 0.591667 0.321875 0.137500
0 1.0 0.572656 0.589583 0.076563 0.108333
0 1.0 0.804688 0.627083 0.068750 0.154167
0 1.0 0.791406 0.609375 0.164062 0.189583
0 1.0 0.112500 0.661458 0.225000 0.122917
0 1.0 0.079687 0.654167 0.112500 0.191667
0 1.0 0.116406 0.663542 0.092188 0.110417
0 1.0 0.737500 0.604167 0.293750 0.129167
0 1.0 0.769531 0.607292 0.110937 0.118750
0 1.0 0.732031 0.598958 0.239063 0.264583
0 1.0 0.923438 0.602083 0.153125 0.241667
0 1.0 0.357031 0.611458 0.251563 0.256250
0 1.0 0.277344 0.626042 0.067187 0.185417
0 1.0 0.214062 0.600000 0.212500 0.116667
0 1.0 0.275781 0.604167 0.132812 0.237500
0 1.0 0.278125 0.604167 0.025000 0.058333
0 1.0 0.504687 0.601042 0.121875 0.268750
0 1.0 0.264062 0.606250 0.034375 0.075000
0 1.0 0.203125 0.644792 0.053125 0.181250
0 1.0 0.203906 0.625000 0.114062 0.262500
0 1.0 0.571094 0.601042 0.217188 0.285417
0 1.0 0.513281 0.595833 0.035937 0.083333
0 1.0 0.442188 0.615625 0.184375 0.260417
0 1.0 0.343750 0.597917 0.159375 0.141667
0 1.0 0.185938 0.655208 0.278125 0.164583
0 1.0 0.247656 0.658333 0.035937 0.087500
0 1.0 0.527344 0.658333 0.173437 0.120833
0 1.0 0.439844 0.651042 0.054688 0.110417
0 1.0 0.654687 0.648958 0.106250 0.227083
0 1.0 0.682813 0.656250 0.243750 0.175000
0 1.0 0.604688 0.647917 0.115625 0.279167
0 1.0 0.958594 0.632292 0.057813 0.114583
0 1.0 0.939844 0.606250 0.120313 0.108333
0 1.0 0.225781 0.657292 0.073438 0.181250
0 1.0 0.251563 0.659375 0.075000 0.114583
0 1.0 0.859375 0.604167 0.134375 0.262500
0 1.0 0.774219 0.609375 0.042188 0.064583
0 1.0 0.818750 0.613542 0.034375 0.060417
0 1.0 0.166406 0.660417 0.095312 0.120833
0 1.0 0.341406 0.637500 0.126562 0.279167
0 1.0 0.028125 0.665625 0.056250 0.131250
0 1.0 0.061719 0.658333 0.123438 0.095833
0 1.0 0.078906 0.664583 0.035937 0.075000
0 1.0 0.232031 0.553125 0.232813 0.114583
0 1.0 0.286719 0.561458 0.035937 0.060417
0 1.0 0.115625 0.644792 0.056250 0.189583
0 1.0 0.233594 0.602083 0.054688 0.166667
0 1.0 0.276562 0.559375 0.103125 0.106250
0 1.0 0.252344 0.565625 0.270313 0.268750
0 1.0 0.496875 0.523958 0.225000 0.302083
0 1.0 0.450000 0.576042 0.056250 0.202083
0 1.0 0.462500 0.557292 0.278125 0.135417
0 1.0 0.467187 0.563542 0.128125 0.135417
0 1.0 0.410156 0.551042 0.164062 0.222917
0 1.0 0.339062 0.566667 0.087500 0.216667
0 1.0 0.335156 0.555208 0.289062 0.127083
0 1.0 0.934375 0.505208 0.131250 0.127083
0 1.0 0.921875 0.514583 0.100000 0.254167
0 1.0 0.860156 0.536458 0.079687 0.168750
0 1.0 0.779687 0.506250 0.025000 0.054167
0 1.0 0.867969 0.534375 0.048438 0.093750
0 1.0 0.798438 0.515625 0.068750 0.085417
0 1.0 0.153906 0.561458 0.189062 0.152083
0 1.0 0.132812 0.562500 0.237500 0.275000
0 1.0 0.792969 0.502083 0.279687 0.129167
0 1.0 0.903125 0.494792 0.193750 0.289583
0 1.0 0.400000 0.545833 0.071875 0.233333
0 1.0 0.085938 0.613542 0.062500 0.160417
0 1.0 0.082031 0.575000 0.151562 0.200000
0 1.0 0.027344 0.611458 0.045312 0.102083
0 1.0 0.065625 0.558333 0.100000 0.075000
0 1.0 0.084375 0.565625 0.028125 0.060417
0 1.0 0.964063 0.591667 0.034375 0.083333
0 1.0 0.960156 0.553125 0.079687 0.081250
0 1.0 0.892188 0.557292 0.215625 0.122917
0 1.0 0.785937 0.562500 0.025000 0.054167
0 1.0 0.819531 0.570833 0.039062 0.066667
0 1.0 0.856250 0.554167 0.234375 0.270833
0 1.0 0.176563 0.607292 0.065625 0.106250
0 1.0 0.453125 0.598958 0.056250 0.097917
0 1.0 0.126562 0.610417 0.053125 0.087500
0 1.0 0.058594 0.607292 0.117188 0.081250
0 1.0 0.078906 0.614583 0.026562 0.050000
0 1.0 0.796094 0.551042 0.289062 0.135417
0 1.0 0.511719 0.547917 0.073438 0.254167
0 1.0 0.716406 0.561458 0.132812 0.264583
0 1.0 0.313281 0.761458 0.270313 0.131250
0 1.0 0.629687 0.759375 0.328125 0.122917
0 1.0 0.603125 0.733333 0.103125 0.204167
0 1.0 0.207031 0.761458 0.232813 0.122917
0 1.0 0.271094 0.765625 0.032813 0.064583
0 1.0 0.296094 0.742708 0.251563 0.285417
0 1.0 0.299219 0.755208 0.126562 0.172917
0 1.0 0.226562 0.731250 0.109375 0.300000
0 1.0 0.253906 0.761458 0.085938 0.106250
0 1.0 0.565625 0.729167 0.246875 0.250000
0 1.0 0.492969 0.721875 0.117188 0.322917
0 1.0 0.539844 0.759375 0.120313 0.114583
0 1.0 0.767969 0.731250 0.154688 0.254167
0 1.0 0.396875 0.751042 0.150000 0.185417
0 1.0 0.717969 0.706250 0.107813 0.195833
0 1.0 0.521094 0.772917 0.035937 0.070833
0 1.0 0.453906 0.734375 0.135937 0.189583
0 1.0 0.445312 0.769792 0.050000 0.081250
0 1.0 0.379688 0.721875 0.237500 0.285417
0 1.0 0.059375 0.752083 0.050000 0.079167
0 1.0 0.070312 0.752083 0.140625 0.275000
0 1.0 0.960938 0.700000 0.053125 0.158333
0 1.0 0.933594 0.705208 0.132812 0.106250
0 1.0 0.918750 0.707292 0.162500 0.256250
0 1.0 0.876563 0.704167 0.246875 0.129167
0 1.0 0.181250 0.750000 0.237500 0.291667
0 1.0 0.802344 0.708333 0.095312 0.091667
0 1.0 0.465625 0.768750 0.284375 0.125000
0 1.0 0.185156 0.752083 0.142187 0.200000
0 1.0 0.113281 0.755208 0.226562 0.118750
0 1.0 0.121875 0.754167 0.100000 0.116667
0 1.0 0.226562 0.813542 0.284375 0.127083
0 1.0 0.935156 0.757292 0.129688 0.110417
0 1.0 0.589844 0.760417 0.092188 0.095833
0 1.0 0.952344 0.754167 0.095312 0.212500
0 1.0 0.464844 0.811458 0.273438 0.110417
0 1.0 0.510156 0.817708 0.048438 0.072917
0 1.0 0.444531 0.791667 0.229687 0.295833
0 1.0 0.128906 0.796875 0.154688 0.302083
0 1.0 0.140625 0.815625 0.212500 0.160417
0 1.0 0.718750 0.745833 0.196875 0.179167
0 1.0 0.659375 0.736458 0.118750 0.193750
0 1.0 0.870313 0.740625 0.131250 0.306250
0 1.0 0.792969 0.762500 0.126562 0.100000
0 1.0 0.558594 0.718750 0.101562 0.275000
0 1.0 0.846875 0.765625 0.056250 0.085417
0 1.0 0.812500 0.728125 0.100000 0.289583
0 1.0 0.809375 0.760417 0.328125 0.129167
0 1.0 0.065625 0.811458 0.131250 0.102083
0 1.0 0.051562 0.816667 0.062500 0.087500
0 1.0 0.942187 0.651042 0.115625 0.093750
0 1.0 0.852344 0.712500 0.048438 0.075000
0 1.0 0.782813 0.655208 0.059375 0.077083
0 1.0 0.819531 0.657292 0.054688 0.077083
0 1.0 0.123438 0.691667 0.112500 0.245833
0 1.0 0.184375 0.697917 0.065625 0.095833
0 1.0 0.275781 0.706250 0.264062 0.133333
0 1.0 0.063281 0.696875 0.126562 0.102083
0 1.0 0.045312 0.695833 0.090625 0.208333
0 1.0 0.076563 0.697917 0.043750 0.079167
0 1.0 0.115625 0.698958 0.184375 0.114583
0 1.0 0.857812 0.654167 0.265625 0.133333
0 1.0 0.620313 0.654167 0.209375 0.133333
0 1.0 0.592969 0.663542 0.060937 0.097917
0 1.0 0.126562 0.698958 0.078125 0.102083
0 1.0 0.203906 0.696875 0.145313 0.131250
0 1.0 0.615625 0.715625 0.062500 0.102083
0 1.0 0.617188 0.709375 0.284375 0.147917
0 1.0 0.240625 0.704167 0.037500 0.075000
0 1.0 0.253906 0.697917 0.070312 0.100000
0 1.0 0.550781 0.709375 0.082812 0.118750
0 1.0 0.501563 0.669792 0.206250 0.289583
0 1.0 0.533594 0.709375 0.220312 0.127083
0 1.0 0.739844 0.702083 0.289062 0.133333
0 1.0 0.525000 0.711458 0.031250 0.077083
0 1.0 0.387500 0.710417 0.315625 0.141667
0 1.0 0.439844 0.712500 0.048438 0.083333
0 1.0 0.419531 0.335417 0.370312 0.195833
0 1.0 0.355469 0.426042 0.029687 0.081250
0 1.0 0.357812 0.386458 0.062500 0.110417
0 1.0 0.303125 0.446875 0.021875 0.060417
0 1.0 0.301563 0.398958 0.046875 0.089583
0 1.0 0.342969 0.373958 0.029687 0.060417
0 1.0 0.244531 0.440625 0.039062 0.093750
0 1.0 0.298438 0.344792 0.212500 0.110417
0 1.0 0.252344 0.431250 0.020313 0.045833
0 1.0 0.384375 0.362500 0.065625 0.100000
0 1.0 0.561719 0.391667 0.064062 0.087500
0 1.0 0.533594 0.336458 0.298438 0.143750
0 1.0 0.510156 0.403125 0.048438 0.106250
0 1.0 0.385937 0.379167 0.112500 0.170833
0 1.0 0.416406 0.412500 0.020313 0.045833
0 1.0 0.381250 0.409375 0.046875 0.110417
0 1.0 0.027344 0.431250 0.023438 0.058333
0 1.0 0.045312 0.359375 0.090625 0.072917
0 1.0 0.029687 0.412500 0.043750 0.070833
0 1.0 0.067969 0.343750 0.135937 0.241667
0 1.0 0.954688 0.332292 0.037500 0.102083
0 1.0 0.950000 0.295833 0.100000 0.091667
0 1.0 0.913281 0.301042 0.173437 0.156250
0 1.0 0.916406 0.310417 0.085938 0.204167
0 1.0 0.946094 0.316667 0.035937 0.075000
0 1.0 0.278125 0.329167 0.284375 0.266667
0 1.0 0.200781 0.462500 0.020313 0.050000
0 1.0 0.197656 0.414583 0.048438 0.070833
0 1.0 0.185938 0.354167 0.259375 0.166667
0 1.0 0.219531 0.384375 0.026562 0.052083
0 1.0 0.138281 0.446875 0.023438 0.081250
0 1.0 0.143750 0.430208 0.021875 0.060417
0 1.0 0.135937 0.333333 0.234375 0.275000
0 1.0 0.142969 0.371875 0.098437 0.122917
0 1.0 0.092969 0.450000 0.026562 0.083333
0 1.0 0.115625 0.351042 0.093750 0.085417
0 1.0 0.098437 0.435417 0.021875 0.054167
0 1.0 0.087500 0.427083 0.100000 0.120833
0 1.0 0.034375 0.471875 0.034375 0.072917
0 1.0 0.046094 0.407292 0.092188 0.072917
0 1.0 0.050781 0.417708 0.039062 0.056250
0 1.0 0.944531 0.368750 0.048438 0.091667
0 1.0 0.948438 0.351042 0.103125 0.139583
0 1.0 0.957812 0.343750 0.025000 0.058333
0 1.0 0.247656 0.478125 0.017188 0.039583
0 1.0 0.221094 0.414583 0.267188 0.133333
0 1.0 0.197656 0.468750 0.048438 0.104167
0 1.0 0.139063 0.471875 0.040625 0.114583
0 1.0 0.152344 0.475000 0.017188 0.050000
0 1.0 0.143750 0.422917 0.112500 0.133333
0 1.0 0.088281 0.475000 0.039062 0.095833
0 1.0 0.096875 0.485417 0.018750 0.045833
0 1.0 0.215625 0.432292 0.040625 0.068750
0 1.0 0.728125 0.344792 0.321875 0.122917
0 1.0 0.723437 0.400000 0.037500 0.083333
0 1.0 0.661719 0.406250 0.054688 0.125000
0 1.0 0.650000 0.347917 0.259375 0.233333
0 1.0 0.609375 0.419792 0.053125 0.102083
0 1.0 0.873437 0.366667 0.071875 0.191667
0 1.0 0.867969 0.342708 0.198437 0.110417
0 1.0 0.886719 0.377083 0.035937 0.091667
0 1.0 0.858594 0.334375 0.260937 0.243750
0 1.0 0.826562 0.371875 0.062500 0.197917
0 1.0 0.715625 0.403125 0.059375 0.143750
0 1.0 0.763281 0.384375 0.079687 0.185417
0 1.0 0.775000 0.386458 0.043750 0.097917
0 1.0 0.838281 0.376042 0.032813 0.097917
0 1.0 0.042188 0.372917 0.037500 0.062500
0 1.0 0.058594 0.305208 0.054688 0.068750
0 1.0 0.050781 0.328125 0.060937 0.085417
0 1.0 0.959375 0.294792 0.040625 0.131250
0 1.0 0.942969 0.237500 0.114062 0.112500
0 1.0 0.885938 0.239583 0.228125 0.129167
0 1.0 0.916406 0.238542 0.114062 0.272917
0 1.0 0.869531 0.241667 0.085938 0.300000
0 1.0 0.804688 0.243750 0.178125 0.108333
0 1.0 0.264844 0.298958 0.073438 0.068750
0 1.0 0.187500 0.352083 0.053125 0.079167
0 1.0 0.223438 0.321875 0.021875 0.043750
0 1.0 0.140625 0.397917 0.037500 0.087500
0 1.0 0.168750 0.291667 0.087500 0.075000
0 1.0 0.151562 0.369792 0.021875 0.039583
0 1.0 0.137500 0.309375 0.146875 0.139583
0 1.0 0.067187 0.397917 0.037500 0.079167
0 1.0 0.069531 0.375000 0.017188 0.033333
0 1.0 0.718750 0.257292 0.171875 0.210417
0 1.0 0.666406 0.302083 0.057813 0.145833
0 1.0 0.057031 0.027083 0.067187 0.054167
0 1.0 0.290625 0.078125 0.056250 0.131250
0 1.0 0.196094 0.052083 0.098437 0.104167
0 1.0 0.134375 0.065625 0.059375 0.131250
0 1.0 0.150000 0.031250 0.131250 0.062500
0 1.0 0.878125 0.253125 0.053125 0.172917
0 1.0 0.138281 0.086458 0.229687 0.172917
0 1.0 0.075000 0.071875 0.062500 0.127083
0 1.0 0.112500 0.028125 0.087500 0.056250
0 1.0 0.087500 0.057292 0.131250 0.114583
0 1.0 0.022656 0.075000 0.035937 0.091667
0 1.0 0.850000 0.252083 0.081250 0.104167
0 1.0 0.857812 0.219792 0.234375 0.322917
0 1.0 0.827344 0.241667 0.089063 0.283333
0 1.0 0.835938 0.256250 0.043750 0.154167
0 1.0 0.782813 0.261458 0.040625 0.127083
0 1.0 0.714063 0.282292 0.078125 0.210417
0 1.0 0.727344 0.279167 0.035937 0.091667
0 1.0 0.772656 0.251042 0.092188 0.264583
0 1.0 0.667969 0.357292 0.060937 0.143750
0 1.0 0.672656 0.300000 0.279687 0.116667
0 1.0 0.680469 0.357292 0.029687 0.068750
0 1.0 0.189844 0.391667 0.032813 0.070833
0 1.0 0.605469 0.363542 0.060937 0.122917
0 1.0 0.612500 0.354167 0.028125 0.054167
0 1.0 0.618750 0.311458 0.121875 0.122917
0 1.0 0.564844 0.350000 0.070312 0.091667
0 1.0 0.670312 0.313542 0.125000 0.135417
0 1.0 0.827344 0.301042 0.060937 0.064583
0 1.0 0.891406 0.321875 0.023438 0.068750
0 1.0 0.839063 0.305208 0.137500 0.102083
0 1.0 0.811719 0.297917 0.279687 0.129167
0 1.0 0.848437 0.319792 0.021875 0.068750
0 1.0 0.732812 0.341667 0.021875 0.050000
0 1.0 0.773438 0.328125 0.078125 0.197917
0 1.0 0.789844 0.320833 0.020313 0.054167
0 1.0 0.354687 0.366667 0.037500 0.087500
0 1.0 0.447656 0.297917 0.048438 0.066667
0 1.0 0.355469 0.326042 0.064062 0.093750
0 1.0 0.388281 0.305208 0.042188 0.064583
0 1.0 0.296875 0.366667 0.037500 0.083333
0 1.0 0.360938 0.291667 0.268750 0.112500
0 1.0 0.333594 0.313542 0.026562 0.052083
0 1.0 0.246094 0.366667 0.054688 0.104167
0 1.0 0.276562 0.286458 0.159375 0.097917
0 1.0 0.259375 0.354167 0.021875 0.041667
0 1.0 0.244531 0.290625 0.182812 0.172917
0 1.0 0.293750 0.326042 0.075000 0.106250
0 1.0 0.564844 0.319792 0.114062 0.102083
0 1.0 0.523438 0.352083 0.040625 0.079167
0 1.0 0.521094 0.311458 0.151562 0.131250
0 1.0 0.427344 0.356250 0.032813 0.079167
0 1.0 0.422656 0.308333 0.120313 0.150000
0 1.0 0.510156 0.313542 0.048438 0.064583
0 1.0 0.525000 0.304167 0.037500 0.066667
0 1.0 0.926562 0.448958 0.146875 0.122917
0 1.0 0.875781 0.502083 0.054688 0.129167
0 1.0 0.805469 0.447917 0.017188 0.033333
0 1.0 0.111719 0.580208 0.045312 0.143750
0 1.0 0.796094 0.455208 0.170313 0.089583
0 1.0 0.827344 0.523958 0.042188 0.127083
0 1.0 0.839063 0.522917 0.021875 0.062500
0 1.0 0.151562 0.491667 0.196875 0.141667
0 1.0 0.112500 0.490625 0.115625 0.077083
0 1.0 0.085938 0.550000 0.075000 0.162500
0 1.0 0.085938 0.490625 0.165625 0.122917
0 1.0 0.952344 0.500000 0.045312 0.095833
0 1.0 0.032813 0.567708 0.046875 0.114583
0 1.0 0.069531 0.497917 0.060937 0.054167
0 1.0 0.076563 0.504167 0.031250 0.054167
0 1.0 0.976562 0.444792 0.046875 0.056250
0 1.0 0.599219 0.498958 0.089063 0.156250
0 1.0 0.642188 0.442708 0.078125 0.064583
0 1.0 0.607031 0.441667 0.245312 0.133333
0 1.0 0.887500 0.510417 0.028125 0.066667
0 1.0 0.609375 0.464583 0.237500 0.295833
0 1.0 0.557813 0.443750 0.109375 0.070833
0 1.0 0.817187 0.453125 0.278125 0.143750
0 1.0 0.496094 0.444792 0.117188 0.089583
0 1.0 0.489063 0.444792 0.331250 0.185417
0 1.0 0.521094 0.465625 0.098437 0.156250
0 1.0 0.435937 0.503125 0.037500 0.093750
0 1.0 0.767969 0.517708 0.067187 0.139583
0 1.0 0.750000 0.462500 0.275000 0.291667
0 1.0 0.064844 0.502083 0.129688 0.275000
0 1.0 0.727344 0.517708 0.045312 0.085417
0 1.0 0.718750 0.475000 0.162500 0.162500
0 1.0 0.660937 0.514583 0.081250 0.150000
0 1.0 0.660937 0.445833 0.159375 0.083333
0 1.0 0.670312 0.510417 0.056250 0.095833
0 1.0 0.715625 0.445833 0.328125 0.112500
0 1.0 0.660937 0.518750 0.206250 0.183333
0 1.0 0.600000 0.530208 0.131250 0.252083
0 1.0 0.814063 0.573958 0.065625 0.152083
0 1.0 0.548438 0.501042 0.315625 0.114583
0 1.0 0.502344 0.498958 0.151562 0.093750
0 1.0 0.249219 0.815625 0.129688 0.122917
0 1.0 0.769531 0.539583 0.120313 0.216667
0 1.0 0.715625 0.530208 0.093750 0.164583
0 1.0 0.241406 0.494792 0.245312 0.102083
0 1.0 0.267969 0.501042 0.070312 0.072917
0 1.0 0.324219 0.515625 0.085938 0.118750
0 1.0 0.196875 0.583333 0.056250 0.158333
0 1.0 0.198437 0.521875 0.090625 0.135417
0 1.0 0.461719 0.498958 0.148438 0.131250
0 1.0 0.348438 0.496875 0.140625 0.177083
0 1.0 0.312500 0.492708 0.140625 0.097917
0 1.0 0.760938 0.403125 0.203125 0.172917
0 1.0 0.714844 0.459375 0.085938 0.164583
0 1.0 0.725000 0.460417 0.037500 0.075000
0 1.0 0.500000 0.446875 0.034375 0.060417
0 1.0 0.664062 0.447917 0.050000 0.087500
0 1.0 0.597656 0.437500 0.095312 0.150000
0 1.0 0.598437 0.390625 0.259375 0.122917
0 1.0 0.656250 0.443750 0.087500 0.158333
0 1.0 0.902344 0.385417 0.195312 0.154167
0 1.0 0.892188 0.439583 0.031250 0.083333
0 1.0 0.836719 0.439583 0.026562 0.079167
0 1.0 0.763281 0.462500 0.079687 0.175000
0 1.0 0.774219 0.462500 0.039062 0.083333
0 1.0 0.384375 0.427083 0.078125 0.162500
0 1.0 0.337500 0.431250 0.059375 0.158333
0 1.0 0.391406 0.401042 0.351562 0.181250
0 1.0 0.307031 0.440625 0.051562 0.122917
0 1.0 0.237500 0.467708 0.043750 0.089583
0 1.0 0.506250 0.391667 0.196875 0.208333
0 1.0 0.425781 0.453125 0.057813 0.122917
0 1.0 0.420312 0.421875 0.125000 0.181250
0 1.0 0.496875 0.475000 0.046875 0.095833
0 1.0 0.383594 0.486458 0.051562 0.122917
0 1.0 0.334375 0.486458 0.040625 0.081250
0 1.0 0.922656 0.393750 0.120313 0.283333
0 1.0 0.296875 0.502083 0.031250 0.062500
0 1.0 0.304688 0.454167 0.118750 0.087500
0 1.0 0.282031 0.450000 0.023438 0.050000
0 1.0 0.680469 0.300000 0.039062 0.087500
0 1.0 0.667188 0.225000 0.256250 0.295833
0 1.0 0.606250 0.319792 0.056250 0.118750
0 1.0 0.617188 0.241667 0.321875 0.116667
0 1.0 0.611719 0.319792 0.032813 0.064583
0 1.0 0.539844 0.250000 0.295312 0.262500
0 1.0 0.096875 0.540625 0.028125 0.072917
0 1.0 0.031250 0.527083 0.031250 0.079167
0 1.0 0.100000 0.452083 0.015625 0.033333
0 1.0 0.071094 0.459375 0.039062 0.052083
0 1.0 0.350000 0.487500 0.034375 0.058333
0 1.0 0.957812 0.462500 0.037500 0.108333
0 1.0 0.948438 0.439583 0.053125 0.108333
0 1.0 0.239063 0.530208 0.043750 0.097917
0 1.0 0.246094 0.514583 0.026562 0.054167
0 1.0 0.288281 0.451042 0.323437 0.235417
0 1.0 0.267188 0.469792 0.103125 0.114583
0 1.0 0.200000 0.555208 0.034375 0.085417
0 1.0 0.289062 0.457292 0.031250 0.047917
0 1.0 0.146875 0.453125 0.021875 0.043750
0 1.0 0.228906 0.489583 0.026562 0.054167
0 1.0 0.126562 0.552083 0.028125 0.091667
0 1.0 0.214844 0.452083 0.032813 0.054167
0 1.0 0.663281 0.161458 0.092188 0.272917
0 1.0 0.678906 0.121875 0.282813 0.139583
0 1.0 0.664844 0.126042 0.176563 0.231250
0 1.0 0.606250 0.175000 0.071875 0.187500
0 1.0 0.556250 0.183333 0.059375 0.166667
0 1.0 0.561719 0.625000 0.517188 0.266667
0 1.0 0.585156 0.130208 0.117188 0.131250
0 1.0 0.571094 0.141667 0.229687 0.270833
0 1.0 0.499219 0.202083 0.057813 0.150000
0 1.0 0.517188 0.137500 0.140625 0.141667
0 1.0 0.441406 0.203125 0.045312 0.131250
0 1.0 0.502344 0.135417 0.085938 0.079167
0 1.0 0.439063 0.176042 0.100000 0.181250
0 1.0 0.266406 0.637500 0.479687 0.262500
0 1.0 0.871094 0.127083 0.170313 0.250000
0 1.0 0.815625 0.122917 0.300000 0.137500
0 1.0 0.819531 0.151042 0.107813 0.289583
0 1.0 0.805469 0.155208 0.239063 0.310417
0 1.0 0.712500 0.627083 0.390625 0.370833
0 1.0 0.711719 0.167708 0.098437 0.272917
0 1.0 0.084375 0.177083 0.078125 0.158333
0 1.0 0.104688 0.131250 0.209375 0.162500
0 1.0 0.028125 0.189583 0.046875 0.166667
0 1.0 0.060156 0.128125 0.120313 0.085417
0 1.0 0.400781 0.133333 0.079687 0.083333
0 1.0 0.232031 0.177083 0.085938 0.158333
0 1.0 0.250781 0.139583 0.132812 0.129167
0 1.0 0.235937 0.148958 0.234375 0.264583
0 1.0 0.192188 0.217708 0.040625 0.114583
0 1.0 0.188281 0.189583 0.079687 0.137500
0 1.0 0.264062 0.848958 0.528125 0.210417
0 1.0 0.960938 0.140625 0.037500 0.118750
0 1.0 0.935156 0.076042 0.129688 0.118750
0 1.0 0.142187 0.179167 0.078125 0.154167
0 1.0 0.296094 0.156250 0.132812 0.158333
0 1.0 0.532813 0.146875 0.025000 0.060417
0 1.0 0.446094 0.137500 0.214062 0.266667
0 1.0 0.354687 0.748958 0.578125 0.214583
0 1.0 0.400781 0.184375 0.067187 0.197917
0 1.0 0.432031 0.132292 0.289062 0.131250
0 1.0 0.478125 0.143750 0.034375 0.070833
0 1.0 0.352344 0.202083 0.054688 0.162500
0 1.0 0.181250 0.152083 0.146875 0.162500
0 1.0 0.727344 0.751042 0.545312 0.214583
0 1.0 0.357031 0.148958 0.157812 0.189583
0 1.0 0.286719 0.217708 0.048438 0.122917
0 1.0 0.288281 0.153125 0.026562 0.056250
0 1.0 0.646094 0.727083 0.410938 0.404167
0 1.0 0.150000 0.186458 0.259375 0.127083
0 1.0 0.135937 0.239583 0.096875 0.175000
0 1.0 0.207031 0.452083 0.410938 0.433333
0 1.0 0.443750 0.431250 0.668750 0.241667
0 1.0 0.285156 0.229167 0.104688 0.154167
0 1.0 0.316406 0.196875 0.076563 0.110417
0 1.0 0.082812 0.261458 0.062500 0.172917
0 1.0 0.240625 0.242708 0.078125 0.197917
0 1.0 0.260937 0.184375 0.225000 0.122917
0 1.0 0.132812 0.261458 0.053125 0.143750
0 1.0 0.192969 0.264583 0.042188 0.116667
0 1.0 0.178125 0.202083 0.234375 0.291667
0 1.0 0.196094 0.212500 0.020313 0.045833
0 1.0 0.354687 0.264583 0.040625 0.104167
0 1.0 0.403906 0.191667 0.076563 0.083333
0 1.0 0.339062 0.191667 0.268750 0.179167
0 1.0 0.375781 0.212500 0.042188 0.079167
0 1.0 0.289844 0.264583 0.048438 0.116667
0 1.0 0.326562 0.223958 0.021875 0.052083
0 1.0 0.821094 0.353125 0.357812 0.410417
0 1.0 0.691406 0.343750 0.589063 0.195833
0 1.0 0.370312 0.553125 0.621875 0.222917
0 1.0 0.772656 0.154167 0.104688 0.254167
0 1.0 0.950000 0.173958 0.056250 0.143750
0 1.0 0.931250 0.131250 0.137500 0.154167
0 1.0 0.852344 0.127083 0.092188 0.091667
0 1.0 0.054688 0.203125 0.062500 0.110417
0 1.0 0.696094 0.446875 0.539062 0.222917
0 1.0 0.030469 0.248958 0.035937 0.127083
0 1.0 0.721875 0.059375 0.137500 0.118750
0 1.0 0.666406 0.103125 0.054688 0.127083
0 1.0 0.492969 0.662500 0.392188 0.608333
0 1.0 0.875000 0.043750 0.137500 0.087500
0 1.0 0.825000 0.080208 0.068750 0.160417
0 1.0 0.834375 0.066667 0.046875 0.095833
0 1.0 0.875000 0.063542 0.043750 0.081250
0 1.0 0.507031 0.875000 0.801562 0.250000
0 1.0 0.618750 0.060417 0.121875 0.120833
0 1.0 0.559375 0.096875 0.046875 0.118750
0 1.0 0.607812 0.033333 0.096875 0.066667
0 1.0 0.787500 0.038542 0.168750 0.077083
0 1.0 0.781250 0.055208 0.056250 0.097917
0 1.0 0.716406 0.087500 0.060937 0.141667
0 1.0 0.960156 0.079167 0.029687 0.066667
0 1.0 0.928906 0.039583 0.142187 0.079167
0 1.0 0.950781 0.065625 0.045312 0.072917
0 1.0 0.771875 0.077083 0.078125 0.154167
0 1.0 0.314063 0.630208 0.325000 0.739583
0 1.0 0.442188 0.037500 0.081250 0.070833
0 1.0 0.417969 0.061458 0.114062 0.122917
0 1.0 0.344531 0.084375 0.067187 0.164583
0 1.0 0.328906 0.030208 0.042188 0.052083
0 1.0 0.307812 0.042708 0.150000 0.085417
0 1.0 0.353125 0.085417 0.234375 0.170833
0 1.0 0.694531 0.498958 0.610938 0.447917
0 1.0 0.485938 0.248958 0.971875 0.447917
0 1.0 0.357031 0.058333 0.120313 0.116667
0 1.0 0.046875 0.051042 0.090625 0.102083
0 1.0 0.239063 0.083333 0.084375 0.166667
0 1.0 0.242969 0.061458 0.160938 0.122917
0 1.0 0.187500 0.081250 0.062500 0.145833
0 1.0 0.508594 0.088542 0.229687 0.177083
0 1.0 0.515625 0.061458 0.109375 0.122917
0 1.0 0.446094 0.121875 0.032813 0.077083
0 1.0 0.521875 0.034375 0.034375 0.043750
0 1.0 0.669531 0.060417 0.123438 0.120833
0 1.0 0.598437 0.090625 0.053125 0.118750
0 1.0 0.660937 0.033333 0.096875 0.066667
0 1.0 0.442188 0.098958 0.068750 0.102083
0 1.0 0.497656 0.043750 0.082812 0.075000
0 1.0 0.400781 0.104167 0.060937 0.162500
0 1.0 0.425000 0.034375 0.206250 0.068750
0 1.0 0.575781 0.058333 0.104688 0.116667
0 1.0 0.506250 0.106250 0.046875 0.120833
0 1.0 0.536719 0.033333 0.132812 0.066667
0 1.0 0.471875 0.064583 0.087500 0.104167
0 1.0 0.522656 0.096875 0.035937 0.068750
0 1.0 0.454688 0.922917 0.578125 0.154167
0 1.0 0.729688 0.921875 0.540625 0.156250
0 1.0 0.214062 0.923958 0.428125 0.152083
0 1.0 0.472656 0.094792 0.035937 0.068750
0 1.0 0.397656 0.084375 0.089063 0.085417
0 1.0 0.288281 0.155208 0.060937 0.147917
0 1.0 0.860938 0.079167 0.168750 0.116667
0 1.0 0.870313 0.118750 0.081250 0.187500
0 1.0 0.768750 0.077083 0.293750 0.141667
0 1.0 0.579688 0.080208 0.228125 0.127083
0 1.0 0.829688 0.848958 0.340625 0.206250
0 1.0 0.367188 0.313542 0.693750 0.277083
0 1.0 0.622656 0.139583 0.754687 0.279167
0 1.0 0.406250 0.129167 0.109375 0.216667
0 1.0 0.699219 0.330208 0.314063 0.660417
0 1.0 0.040625 0.083333 0.081250 0.091667
0 1.0 0.291406 0.100000 0.026562 0.050000
0 1.0 0.235937 0.079167 0.284375 0.125000
0 1.0 0.023438 0.136458 0.043750 0.135417
0 1.0 0.466406 0.109375 0.101562 0.139583
0 1.0 0.347656 0.147917 0.667188 0.295833
0 1.0 0.118750 0.918750 0.237500 0.116667
0 1.0 0.079687 0.879167 0.140625 0.241667
0 1.0 0.032031 0.897917 0.064062 0.204167
0 1.0 0.285938 0.888542 0.140625 0.222917
0 1.0 0.234375 0.870833 0.115625 0.258333
0 1.0 0.939063 0.875000 0.121875 0.145833
0 1.0 0.924219 0.858333 0.151562 0.266667
0 1.0 0.046875 0.920833 0.093750 0.108333
0 1.0 0.559375 0.893750 0.256250 0.212500
0 1.0 0.185938 0.875000 0.121875 0.250000
0 1.0 0.450781 0.890625 0.242188 0.218750
0 1.0 0.395313 0.880208 0.109375 0.239583
0 1.0 0.406250 0.918750 0.293750 0.120833
0 1.0 0.960938 0.864583 0.034375 0.091667
0 1.0 0.713281 0.861458 0.182812 0.218750
0 1.0 0.663281 0.865625 0.289062 0.122917
0 1.0 0.680469 0.809375 0.035937 0.081250
0 1.0 0.607812 0.770833 0.040625 0.108333
0 1.0 0.613281 0.796875 0.029687 0.072917
0 1.0 0.669531 0.779167 0.039062 0.100000
0 1.0 0.875781 0.823958 0.079687 0.210417
0 1.0 0.810937 0.873958 0.128125 0.093750
0 1.0 0.826562 0.831250 0.062500 0.162500
0 1.0 0.771875 0.804167 0.065625 0.175000
0 1.0 0.768750 0.890625 0.118750 0.218750
0 1.0 0.716406 0.917708 0.304688 0.118750
0 1.0 0.964844 0.932292 0.054688 0.135417
0 1.0 0.933594 0.919792 0.132812 0.110417
0 1.0 0.666406 0.900000 0.101562 0.200000
0 1.0 0.603906 0.880208 0.107813 0.239583
0 1.0 0.871875 0.878125 0.112500 0.243750
0 1.0 0.829688 0.919792 0.209375 0.114583
0 1.0 0.134375 0.936458 0.109375 0.127083
0 1.0 0.080469 0.931250 0.085938 0.137500
0 1.0 0.343750 0.884375 0.109375 0.231250
0 1.0 0.550781 0.890625 0.101562 0.218750
0 1.0 0.815625 0.873958 0.109375 0.252083
0 1.0 0.440625 0.885417 0.093750 0.229167
0 1.0 0.500000 0.881250 0.106250 0.237500
0 1.0 0.961719 0.827083 0.076563 0.254167
0 1.0 0.712500 0.807292 0.243750 0.139583
0 1.0 0.675781 0.808333 0.279687 0.270833
0 1.0 0.810937 0.813542 0.162500 0.106250
0 1.0 0.854688 0.817708 0.068750 0.093750
0 1.0 0.132812 0.817708 0.071875 0.189583
0 1.0 0.139844 0.864583 0.273438 0.133333
0 1.0 0.051562 0.867708 0.065625 0.089583
0 1.0 0.814844 0.805208 0.185938 0.231250
0 1.0 0.435156 0.811458 0.064062 0.085417
0 1.0 0.345313 0.786458 0.140625 0.272917
0 1.0 0.325781 0.812500 0.185938 0.137500
0 1.0 0.610156 0.800000 0.185938 0.212500
0 1.0 0.285938 0.819792 0.037500 0.064583
0 1.0 0.173437 0.043750 0.218750 0.087500
0 1.0 0.577344 0.812500 0.114062 0.104167
0 1.0 0.500781 0.802083 0.185938 0.216667
0 1.0 0.406250 0.867708 0.268750 0.114583
0 1.0 0.403125 0.820833 0.071875 0.158333
0 1.0 0.439844 0.872917 0.070312 0.087500
0 1.0 0.386719 0.848958 0.242188 0.260417
0 1.0 0.350781 0.805208 0.045312 0.122917
0 1.0 0.334375 0.868750 0.159375 0.100000
0 1.0 0.560937 0.789583 0.034375 0.095833
0 1.0 0.235937 0.808333 0.071875 0.183333
0 1.0 0.852344 0.878125 0.073438 0.089583
0 1.0 0.569531 0.875000 0.126562 0.104167
0 1.0 0.517969 0.866667 0.245312 0.112500
0 1.0 0.720313 0.798958 0.056250 0.139583
0 1.0 0.291406 0.817708 0.048438 0.122917
0 1.0 0.228906 0.871875 0.201563 0.110417
0 1.0 0.291406 0.829167 0.085938 0.158333
0 1.0 0.275781 0.876042 0.045312 0.072917
0 1.0 0.935156 0.812500 0.129688 0.108333
0 1.0 0.228906 0.841667 0.242188 0.279167
0 1.0 0.191406 0.820833 0.070312 0.179167
0 1.0 0.100781 0.866667 0.123438 0.133333
0 1.0 0.078125 0.808333 0.084375 0.216667
0 1.0 0.507812 0.877083 0.056250 0.079167
0 1.0 0.778125 0.179167 0.293750 0.133333
0 1.0 0.150000 0.239583 0.268750 0.129167
0 1.0 0.139844 0.304167 0.054688 0.104167
0 1.0 0.836719 0.179167 0.132812 0.100000
0 1.0 0.078125 0.316667 0.050000 0.133333
0 1.0 0.099219 0.252083 0.198437 0.291667
0 1.0 0.267188 0.240625 0.278125 0.131250
0 1.0 0.031250 0.335417 0.034375 0.100000
0 1.0 0.066406 0.238542 0.132812 0.089583
0 1.0 0.035937 0.310417 0.053125 0.100000
0 1.0 0.060937 0.247917 0.062500 0.083333
0 1.0 0.941406 0.184375 0.117188 0.110417
0 1.0 0.959375 0.245833 0.040625 0.129167
0 1.0 0.556250 0.227083 0.081250 0.125000
0 1.0 0.552344 0.189583 0.123438 0.120833
0 1.0 0.707031 0.248958 0.557813 0.231250
0 1.0 0.500000 0.254167 0.056250 0.133333
0 1.0 0.489844 0.205208 0.035937 0.072917
0 1.0 0.499219 0.188542 0.220312 0.160417
0 1.0 0.531250 0.200000 0.050000 0.075000
0 1.0 0.235156 0.255208 0.470313 0.222917
0 1.0 0.444531 0.308333 0.239063 0.433333
0 1.0 0.665625 0.227083 0.065625 0.191667
0 1.0 0.605469 0.245833 0.051562 0.125000
0 1.0 0.660156 0.182292 0.145313 0.097917
0 1.0 0.627344 0.181250 0.217188 0.158333
0 1.0 0.469531 0.959375 0.117188 0.081250
0 1.0 0.718750 0.938542 0.159375 0.122917
0 1.0 0.662500 0.942708 0.078125 0.114583
0 1.0 0.404687 0.945833 0.128125 0.108333
0 1.0 0.345313 0.943750 0.081250 0.112500
0 1.0 0.323437 0.950000 0.181250 0.100000
0 1.0 0.289844 0.944792 0.079687 0.110417
0 1.0 0.608594 0.944792 0.076563 0.110417
0 1.0 0.622656 0.948958 0.207813 0.102083
0 1.0 0.554688 0.955208 0.071875 0.089583
0 1.0 0.817969 0.934375 0.082812 0.131250
0 1.0 0.493750 0.966667 0.065625 0.058333
0 1.0 0.508594 0.943750 0.139063 0.112500
0 1.0 0.827344 0.961458 0.132812 0.077083
0 1.0 0.047656 0.960417 0.095312 0.079167
0 1.0 0.237500 0.934375 0.087500 0.131250
0 1.0 0.253906 0.951042 0.182812 0.097917
0 1.0 0.194531 0.946875 0.129688 0.106250
0 1.0 0.359375 0.248958 0.118750 0.147917
0 1.0 0.260937 0.261458 0.025000 0.056250
0 1.0 0.459375 0.244792 0.346875 0.135417
0 1.0 0.436719 0.258333 0.107813 0.150000
0 1.0 0.396875 0.266667 0.068750 0.175000
0 1.0 0.400000 0.237500 0.131250 0.204167
0 1.0 0.457813 0.250000 0.056250 0.079167
0 1.0 0.192969 0.319792 0.039062 0.114583
0 1.0 0.188281 0.281250 0.073438 0.133333
0 1.0 0.269531 0.076042 0.539062 0.152083
0 1.0 0.353906 0.304167 0.039062 0.108333
0 1.0 0.765625 0.934375 0.084375 0.131250
0 1.0 0.946875 0.953125 0.106250 0.093750
0 1.0 0.750000 0.962500 0.140625 0.075000
0 1.0 0.851562 0.964583 0.059375 0.058333
0 1.0 0.505469 0.316667 0.054688 0.141667
0 1.0 0.353125 0.203125 0.215625 0.406250
0 1.0 0.547656 0.402083 0.214062 0.483333
0 1.0 0.146094 0.729167 0.210938 0.541667
0 1.0 0.875781 0.748958 0.248438 0.427083
0 1.0 0.746094 0.743750 0.207813 0.508333
0 1.0 0.118750 0.498958 0.237500 0.706250
0 1.0 0.560156 0.819792 0.442188 0.360417
0 1.0 0.260937 0.422917 0.462500 0.845833
0 1.0 0.536719 0.741667 0.926562 0.462500
0 1.0 0.517969 0.659375 0.029687 0.077083
0 1.0 0.649219 0.091667 0.473438 0.183333
0 1.0 0.145313 0.452083 0.290625 0.258333
0 1.0 0.073438 0.370833 0.146875 0.579167
0 1.0 0.741406 0.571875 0.454688 0.856250
0 1.0 0.922656 0.258333 0.154688 0.516667
0 1.0 0.505469 0.335417 0.420312 0.670833
0 1.0 0.925000 0.648958 0.150000 0.556250
0 1.0 0.878906 0.498958 0.242188 0.760417
0 1.0 0.499219 0.498958 0.851562 0.672917