0 1.0 0.499219 0.474118 0.751563 0.736471
0 1.0 0.913281 0.656471 0.173437 0.489412
0 1.0 0.149219 0.602353 0.242188 0.112941
0 1.0 0.279687 0.596471 0.312500 0.265882
0 1.0 0.810156 0.549412 0.273438 0.157647
0 1.0 0.301563 0.616471 0.143750 0.169412
0 1.0 0.236719 0.591765 0.117188 0.275294
0 1.0 0.261719 0.608235 0.095312 0.096471
0 1.0 0.181250 0.607059 0.115625 0.272941
0 1.0 0.127344 0.603529 0.126562 0.284706
0 1.0 0.440625 0.630588 0.168750 0.254118
0 1.0 0.487500 0.621176 0.053125 0.061176
0 1.0 0.384375 0.607059 0.140625 0.301176
0 1.0 0.415625 0.609412 0.215625 0.103529
0 1.0 0.447656 0.618824 0.073438 0.075294
0 1.0 0.407813 0.617647 0.281250 0.341176
0 1.0 0.314063 0.620000 0.025000 0.035294
0 1.0 0.344531 0.610588 0.198437 0.087059
0 1.0 0.369531 0.617647 0.082812 0.068235
0 1.0 0.239063 0.610588 0.228125 0.082353
0 1.0 0.960938 0.585882 0.040625 0.094118
0 1.0 0.946094 0.550588 0.107813 0.094118
0 1.0 0.927344 0.540000 0.145313 0.261176
0 1.0 0.872656 0.560000 0.114062 0.221176
0 1.0 0.830469 0.555294 0.095312 0.084706
0 1.0 0.178906 0.605882 0.060937 0.077647
0 1.0 0.172656 0.611765 0.285938 0.305882
0 1.0 0.075000 0.601176 0.100000 0.256471
0 1.0 0.136719 0.603529 0.042188 0.058824
0 1.0 0.046875 0.611765 0.093750 0.145882
0 1.0 0.819531 0.558824 0.107813 0.157647
0 1.0 0.039062 0.603529 0.078125 0.058824
0 1.0 0.050781 0.609412 0.032813 0.047059
0 1.0 0.949219 0.602353 0.101562 0.089412
0 1.0 0.954688 0.637647 0.068750 0.127059
0 1.0 0.872656 0.602353 0.254688 0.122353
0 1.0 0.801562 0.602353 0.084375 0.065882
0 1.0 0.854688 0.605882 0.050000 0.054118
0 1.0 0.858594 0.598824 0.260937 0.261176
0 1.0 0.198437 0.654118 0.212500 0.174118
0 1.0 0.168750 0.662353 0.090625 0.115294
0 1.0 0.131250 0.658824 0.075000 0.098824
0 1.0 0.089063 0.656471 0.171875 0.235294
0 1.0 0.029687 0.665882 0.053125 0.178824
0 1.0 0.052344 0.656471 0.104688 0.084706
0 1.0 0.048438 0.660000 0.050000 0.077647
0 1.0 0.122656 0.655294 0.245312 0.120000
0 1.0 0.599219 0.616471 0.129688 0.282353
0 1.0 0.604688 0.597647 0.237500 0.094118
0 1.0 0.643750 0.625882 0.290625 0.296471
0 1.0 0.548438 0.625882 0.121875 0.296471
0 1.0 0.499219 0.601176 0.220312 0.082353
0 1.0 0.531250 0.623529 0.290625 0.296471
0 1.0 0.554688 0.604706 0.056250 0.056471
0 1.0 0.764062 0.620000 0.140625 0.251765
0 1.0 0.750000 0.591765 0.315625 0.120000
0 1.0 0.716406 0.621176 0.117188 0.164706
0 1.0 0.653125 0.610588 0.137500 0.270588
0 1.0 0.827344 0.502353 0.067187 0.068235
0 1.0 0.871875 0.518824 0.081250 0.138824
0 1.0 0.829688 0.505882 0.125000 0.094118
0 1.0 0.855469 0.477647 0.242188 0.296471
0 1.0 0.769531 0.517647 0.095312 0.155294
0 1.0 0.759375 0.501176 0.306250 0.131765
0 1.0 0.118750 0.538824 0.106250 0.094118
0 1.0 0.117969 0.554118 0.229687 0.256471
0 1.0 0.028906 0.595294 0.039062 0.131765
0 1.0 0.045312 0.549412 0.090625 0.058824
0 1.0 0.959375 0.545882 0.043750 0.112941
0 1.0 0.943750 0.498824 0.112500 0.094118
0 1.0 0.878906 0.501176 0.242188 0.127059
0 1.0 0.549219 0.490588 0.145313 0.185882
0 1.0 0.525781 0.449412 0.279687 0.296471
0 1.0 0.501563 0.508235 0.103125 0.174118
0 1.0 0.499219 0.490588 0.167187 0.087059
0 1.0 0.436719 0.534118 0.073438 0.112941
0 1.0 0.430469 0.516471 0.139063 0.143529
0 1.0 0.441406 0.505882 0.301563 0.301176
0 1.0 0.418750 0.485882 0.259375 0.105882
0 1.0 0.714844 0.504706 0.082812 0.129412
0 1.0 0.707031 0.505882 0.329688 0.230588
0 1.0 0.662500 0.491765 0.093750 0.150588
0 1.0 0.667969 0.502353 0.207813 0.152941
0 1.0 0.594531 0.550588 0.101562 0.150588
0 1.0 0.622656 0.551765 0.248438 0.120000
0 1.0 0.542188 0.556471 0.268750 0.087059
0 1.0 0.499219 0.549412 0.179688 0.176471
0 1.0 0.712500 0.564706 0.100000 0.174118
0 1.0 0.240625 0.542353 0.078125 0.176471
0 1.0 0.226562 0.540000 0.328125 0.129412
0 1.0 0.187500 0.535294 0.059375 0.124706
0 1.0 0.482812 0.557647 0.078125 0.065882
0 1.0 0.078125 0.548235 0.071875 0.178824
0 1.0 0.421875 0.549412 0.246875 0.101176
0 1.0 0.346875 0.540000 0.131250 0.289412
0 1.0 0.290625 0.548235 0.146875 0.164706
0 1.0 0.290625 0.561176 0.059375 0.134118
0 1.0 0.247656 0.545882 0.242188 0.075294
0 1.0 0.286719 0.548235 0.070312 0.051765
0 1.0 0.130469 0.764706 0.260937 0.127059
0 1.0 0.082031 0.760000 0.145313 0.315294
0 1.0 0.126562 0.769412 0.112500 0.112941
0 1.0 0.032031 0.768235 0.064062 0.237647
0 1.0 0.069531 0.761176 0.139063 0.091765
0 1.0 0.960938 0.735294 0.068750 0.209412
0 1.0 0.944531 0.710588 0.110937 0.103529
0 1.0 0.056250 0.769412 0.059375 0.075294
0 1.0 0.310156 0.756471 0.145313 0.181176
0 1.0 0.231250 0.758824 0.131250 0.317647
0 1.0 0.239063 0.761176 0.378125 0.148235
0 1.0 0.274219 0.767059 0.101562 0.112941
0 1.0 0.219531 0.742353 0.307812 0.312941
0 1.0 0.739062 0.702353 0.275000 0.308235
0 1.0 0.690625 0.702353 0.321875 0.157647
0 1.0 0.882031 0.710588 0.235937 0.131765
0 1.0 0.653125 0.689412 0.178125 0.277647
0 1.0 0.873437 0.712941 0.131250 0.329412
0 1.0 0.823438 0.715294 0.115625 0.089412
0 1.0 0.878125 0.722353 0.046875 0.070588
0 1.0 0.810937 0.705882 0.125000 0.329412
0 1.0 0.764844 0.737647 0.135937 0.345882
0 1.0 0.759375 0.763529 0.315625 0.138824
0 1.0 0.713281 0.734118 0.126562 0.301176
0 1.0 0.317188 0.742353 0.281250 0.261176
0 1.0 0.625781 0.764706 0.317188 0.145882
0 1.0 0.883594 0.762353 0.232813 0.136471
0 1.0 0.870313 0.775294 0.065625 0.091765
0 1.0 0.857812 0.767059 0.246875 0.324706
0 1.0 0.439063 0.736471 0.250000 0.183529
0 1.0 0.596875 0.721176 0.131250 0.280000
0 1.0 0.367969 0.765882 0.048438 0.068235
0 1.0 0.533594 0.760000 0.182812 0.131765
0 1.0 0.511719 0.721176 0.317188 0.251765
0 1.0 0.554688 0.667059 0.134375 0.115294
0 1.0 0.864844 0.669412 0.045312 0.063529
0 1.0 0.800000 0.650588 0.334375 0.143529
0 1.0 0.353906 0.671765 0.179688 0.228235
0 1.0 0.296094 0.669412 0.092188 0.228235
0 1.0 0.352344 0.669412 0.045312 0.072941
0 1.0 0.264062 0.658824 0.125000 0.131765
0 1.0 0.484375 0.688235 0.146875 0.275294
0 1.0 0.446094 0.663529 0.310937 0.155294
0 1.0 0.807813 0.660000 0.096875 0.077647
0 1.0 0.375000 0.708235 0.053125 0.080000
0 1.0 0.064844 0.708235 0.129688 0.094118
0 1.0 0.053906 0.712941 0.057813 0.075294
0 1.0 0.052344 0.707059 0.104688 0.185882
0 1.0 0.271875 0.709412 0.100000 0.115294
0 1.0 0.906250 0.660000 0.187500 0.148235
0 1.0 0.186719 0.703529 0.145313 0.338824
0 1.0 0.183594 0.704706 0.323437 0.152941
0 1.0 0.156250 0.711765 0.109375 0.124706
0 1.0 0.134375 0.703529 0.193750 0.240000
0 1.0 0.666406 0.292941 0.282813 0.152941
0 1.0 0.674219 0.267059 0.295312 0.322353
0 1.0 0.710938 0.295294 0.118750 0.143529
0 1.0 0.653906 0.303529 0.120313 0.174118
0 1.0 0.656250 0.288235 0.071875 0.091765
0 1.0 0.598437 0.320000 0.125000 0.183529
0 1.0 0.597656 0.298824 0.076563 0.094118
0 1.0 0.550781 0.316471 0.145313 0.214118
0 1.0 0.570312 0.294118 0.225000 0.117647
0 1.0 0.849219 0.290588 0.073438 0.072941
0 1.0 0.878906 0.268235 0.045312 0.098824
0 1.0 0.842187 0.295294 0.190625 0.134118
0 1.0 0.855469 0.292941 0.251563 0.308235
0 1.0 0.822656 0.297647 0.126562 0.270588
0 1.0 0.831250 0.285882 0.056250 0.110588
0 1.0 0.720313 0.300000 0.056250 0.101176
0 1.0 0.760156 0.325882 0.101562 0.200000
0 1.0 0.770312 0.311765 0.050000 0.091765
0 1.0 0.346094 0.391765 0.045312 0.072941
0 1.0 0.416406 0.297647 0.067187 0.068235
0 1.0 0.349219 0.360000 0.067187 0.075294
0 1.0 0.358594 0.298824 0.282813 0.150588
0 1.0 0.377344 0.328235 0.054688 0.068235
0 1.0 0.300781 0.407059 0.026562 0.042353
0 1.0 0.316406 0.297647 0.201563 0.091765
0 1.0 0.300000 0.370588 0.050000 0.054118
0 1.0 0.291406 0.300000 0.260937 0.237647
0 1.0 0.323437 0.340000 0.028125 0.040000
0 1.0 0.238281 0.397647 0.039062 0.061176
0 1.0 0.244531 0.389412 0.020313 0.030588
0 1.0 0.238281 0.297647 0.245312 0.138824
0 1.0 0.203125 0.410588 0.021875 0.040000
0 1.0 0.553906 0.323529 0.301563 0.270588
0 1.0 0.492188 0.320000 0.140625 0.225882
0 1.0 0.439063 0.357647 0.065625 0.103529
0 1.0 0.436719 0.321176 0.139063 0.143529
0 1.0 0.469531 0.296471 0.289062 0.178824
0 1.0 0.488281 0.312941 0.073438 0.089412
0 1.0 0.392969 0.352941 0.095312 0.145882
0 1.0 0.537500 0.298824 0.043750 0.065882
0 1.0 0.411719 0.342353 0.257812 0.176471
0 1.0 0.344531 0.437647 0.042188 0.070588
0 1.0 0.343750 0.404706 0.081250 0.089412
0 1.0 0.871875 0.285882 0.112500 0.284706
0 1.0 0.366406 0.378824 0.067187 0.080000
0 1.0 0.306250 0.460000 0.018750 0.035294
0 1.0 0.332031 0.362353 0.220312 0.094118
0 1.0 0.309375 0.424706 0.037500 0.044706
0 1.0 0.332031 0.398824 0.026562 0.040000
0 1.0 0.239063 0.434118 0.040625 0.063529
0 1.0 0.440625 0.337647 0.025000 0.040000
0 1.0 0.101562 0.376471 0.100000 0.103529
0 1.0 0.022656 0.394118 0.026562 0.072941
0 1.0 0.085156 0.348235 0.073438 0.056471
0 1.0 0.023438 0.387059 0.046875 0.101176
0 1.0 0.070312 0.342353 0.140625 0.247059
0 1.0 0.059375 0.371765 0.062500 0.089412
0 1.0 0.960938 0.312941 0.037500 0.108235
0 1.0 0.961719 0.288235 0.076563 0.091765
0 1.0 0.247656 0.431765 0.020313 0.030588
0 1.0 0.935937 0.295294 0.128125 0.138824
0 1.0 0.923438 0.297647 0.109375 0.298824
0 1.0 0.249219 0.357647 0.245312 0.136471
0 1.0 0.246875 0.375294 0.106250 0.087059
0 1.0 0.201563 0.450588 0.021875 0.040000
0 1.0 0.207813 0.420000 0.034375 0.044706
0 1.0 0.199219 0.354118 0.260937 0.256471
0 1.0 0.221094 0.397647 0.026562 0.037647
0 1.0 0.174219 0.355294 0.198437 0.089412
0 1.0 0.162500 0.430588 0.021875 0.042353
0 1.0 0.159375 0.382353 0.068750 0.082353
0 1.0 0.087500 0.428235 0.043750 0.089412
0 1.0 0.143750 0.351765 0.081250 0.058824
0 1.0 0.100781 0.424706 0.026562 0.049412
0 1.0 0.146094 0.437647 0.035937 0.070588
0 1.0 0.292187 0.301176 0.053125 0.127059
0 1.0 0.235937 0.240000 0.293750 0.117647
0 1.0 0.289062 0.274118 0.112500 0.167059
0 1.0 0.271094 0.250588 0.070312 0.077647
0 1.0 0.235937 0.269412 0.093750 0.237647
0 1.0 0.255469 0.301176 0.110937 0.075294
0 1.0 0.194531 0.304706 0.045312 0.124706
0 1.0 0.188281 0.274118 0.098437 0.171765
0 1.0 0.185938 0.237647 0.243750 0.301176
0 1.0 0.504687 0.249412 0.190625 0.183529
0 1.0 0.448437 0.289412 0.065625 0.136471
0 1.0 0.450000 0.265882 0.134375 0.183529
0 1.0 0.505469 0.258824 0.064062 0.075294
0 1.0 0.393750 0.261176 0.112500 0.263529
0 1.0 0.350781 0.249412 0.164062 0.183529
0 1.0 0.406250 0.242353 0.246875 0.301176
0 1.0 0.345313 0.291765 0.065625 0.160000
0 1.0 0.369531 0.237647 0.323437 0.122353
0 1.0 0.063281 0.025882 0.064062 0.051765
0 1.0 0.025781 0.050588 0.051562 0.091765
0 1.0 0.074219 0.075294 0.148438 0.150588
0 1.0 0.050781 0.051765 0.089063 0.103529
0 1.0 0.720313 0.564706 0.546875 0.870588
0 1.0 0.133594 0.269412 0.076563 0.232941
0 1.0 0.453906 0.732941 0.907813 0.487059
0 1.0 0.292969 0.590588 0.567187 0.818824
0 1.0 0.135937 0.238824 0.243750 0.162353
0 1.0 0.077344 0.257647 0.101562 0.312941
0 1.0 0.133594 0.041176 0.182812 0.082353
0 1.0 0.139844 0.085882 0.242188 0.171765
0 1.0 0.115625 0.028235 0.087500 0.056471
0 1.0 0.056250 0.305882 0.075000 0.112941
0 1.0 0.964844 0.255294 0.054688 0.190588
0 1.0 0.946094 0.236471 0.107813 0.101176
0 1.0 0.907031 0.235294 0.185938 0.160000
0 1.0 0.839063 0.235294 0.137500 0.103529
0 1.0 0.207031 0.375294 0.035937 0.044706
0 1.0 0.227344 0.337647 0.026562 0.040000
0 1.0 0.164844 0.292941 0.151562 0.091765
0 1.0 0.160156 0.370588 0.023438 0.044706
0 1.0 0.078125 0.357647 0.056250 0.117647
0 1.0 0.087500 0.344706 0.025000 0.054118
0 1.0 0.092969 0.304706 0.129688 0.148235
0 1.0 0.030469 0.337647 0.042188 0.129412
0 1.0 0.654687 0.224706 0.178125 0.223529
0 1.0 0.573438 0.243529 0.293750 0.129412
0 1.0 0.814844 0.232941 0.310937 0.141176
0 1.0 0.761719 0.243529 0.095312 0.195294
0 1.0 0.754687 0.227059 0.200000 0.228235
0 1.0 0.514062 0.454118 0.106250 0.136471
0 1.0 0.499219 0.428235 0.264062 0.150588
0 1.0 0.442188 0.456471 0.034375 0.047059
0 1.0 0.521094 0.438824 0.023438 0.044706
0 1.0 0.438281 0.461176 0.095312 0.094118
0 1.0 0.469531 0.464706 0.129688 0.120000
0 1.0 0.388281 0.449412 0.126562 0.211765
0 1.0 0.421875 0.437647 0.237500 0.112941
0 1.0 0.343750 0.462353 0.071875 0.124706
0 1.0 0.316406 0.432941 0.020313 0.037647
0 1.0 0.672656 0.454118 0.132812 0.075294
0 1.0 0.668750 0.477647 0.071875 0.084706
0 1.0 0.659375 0.454118 0.253125 0.108235
0 1.0 0.647656 0.434118 0.295312 0.261176
0 1.0 0.594531 0.455294 0.117188 0.185882
0 1.0 0.552344 0.436471 0.123438 0.091765
0 1.0 0.214062 0.474118 0.053125 0.063529
0 1.0 0.135156 0.498824 0.064062 0.131765
0 1.0 0.228125 0.444706 0.031250 0.037647
0 1.0 0.145313 0.487059 0.043750 0.075294
0 1.0 0.166406 0.440000 0.201563 0.098824
0 1.0 0.165625 0.445882 0.246875 0.247059
0 1.0 0.154688 0.465882 0.103125 0.112941
0 1.0 0.078906 0.509412 0.054688 0.110588
0 1.0 0.193750 0.448235 0.015625 0.030588
0 1.0 0.108594 0.471765 0.070312 0.087059
0 1.0 0.027344 0.505882 0.026562 0.075294
0 1.0 0.138281 0.452941 0.014063 0.025882
0 1.0 0.094531 0.454118 0.042188 0.047059
0 1.0 0.067187 0.443529 0.134375 0.247059
0 1.0 0.066406 0.481176 0.039062 0.063529
0 1.0 0.088281 0.496471 0.035937 0.061176
0 1.0 0.285156 0.427059 0.204687 0.105882
0 1.0 0.355469 0.448235 0.285938 0.232941
0 1.0 0.293750 0.498824 0.037500 0.075294
0 1.0 0.310156 0.440000 0.135937 0.065882
0 1.0 0.289844 0.475294 0.064062 0.084706
0 1.0 0.315625 0.472941 0.046875 0.061176
0 1.0 0.243750 0.487059 0.037500 0.061176
0 1.0 0.239844 0.457647 0.157812 0.115294
0 1.0 0.191406 0.494118 0.048438 0.103529
0 1.0 0.276562 0.447059 0.037500 0.042353
0 1.0 0.217188 0.484706 0.237500 0.108235
0 1.0 0.184375 0.485882 0.121875 0.171765
0 1.0 0.140625 0.491765 0.156250 0.075294
0 1.0 0.094531 0.498824 0.157812 0.160000
0 1.0 0.025000 0.551765 0.040625 0.129412
0 1.0 0.331250 0.480000 0.228125 0.112941
0 1.0 0.283594 0.507059 0.095312 0.143529
0 1.0 0.260156 0.481176 0.132812 0.068235
0 1.0 0.269531 0.489412 0.317188 0.249412
0 1.0 0.815625 0.476471 0.115625 0.232941
0 1.0 0.803125 0.447059 0.184375 0.117647
0 1.0 0.778125 0.481176 0.065625 0.091765
0 1.0 0.725000 0.452941 0.168750 0.087059
0 1.0 0.060937 0.503529 0.050000 0.051765
0 1.0 0.052344 0.514118 0.064062 0.091765
0 1.0 0.959375 0.492941 0.040625 0.101176
0 1.0 0.955469 0.447059 0.089063 0.089412
0 1.0 0.922656 0.454118 0.154688 0.145882
0 1.0 0.796094 0.450588 0.042188 0.058824
0 1.0 0.150781 0.411765 0.126562 0.127059
0 1.0 0.076563 0.464706 0.062500 0.110588
0 1.0 0.162500 0.414118 0.059375 0.051765
0 1.0 0.104688 0.422353 0.096875 0.101176
0 1.0 0.029687 0.465882 0.040625 0.108235
0 1.0 0.100781 0.412941 0.064062 0.044706
0 1.0 0.957812 0.456471 0.046875 0.131765
0 1.0 0.056250 0.424706 0.056250 0.077647
0 1.0 0.960938 0.356471 0.028125 0.072941
0 1.0 0.950000 0.376471 0.050000 0.103529
0 1.0 0.925000 0.345882 0.150000 0.155294
0 1.0 0.314063 0.418824 0.075000 0.084706
0 1.0 0.233594 0.455294 0.060937 0.101176
0 1.0 0.244531 0.457647 0.020313 0.035294
0 1.0 0.199219 0.434118 0.045312 0.068235
0 1.0 0.207031 0.415294 0.082812 0.087059
0 1.0 0.757031 0.349412 0.254688 0.157647
0 1.0 0.715625 0.388235 0.075000 0.136471
0 1.0 0.628906 0.343529 0.310937 0.145882
0 1.0 0.657031 0.378824 0.085938 0.122353
0 1.0 0.842187 0.340000 0.178125 0.120000
0 1.0 0.874219 0.354118 0.089063 0.181176
0 1.0 0.765625 0.384706 0.068750 0.110588
0 1.0 0.810156 0.391765 0.232813 0.171765
0 1.0 0.763281 0.434118 0.098437 0.162353
0 1.0 0.768750 0.434118 0.068750 0.101176
0 1.0 0.303906 0.443529 0.054688 0.072941
0 1.0 0.703125 0.397647 0.209375 0.127059
0 1.0 0.719531 0.432941 0.064062 0.094118
0 1.0 0.653125 0.431765 0.096875 0.148235
0 1.0 0.714063 0.434118 0.096875 0.152941
0 1.0 0.944531 0.394118 0.110937 0.110588
0 1.0 0.919531 0.417647 0.126562 0.322353
0 1.0 0.881250 0.392941 0.237500 0.136471
0 1.0 0.875000 0.427059 0.112500 0.237647
0 1.0 0.802344 0.392941 0.145313 0.112941
0 1.0 0.446094 0.416471 0.129688 0.145882
0 1.0 0.403125 0.398824 0.293750 0.134118
0 1.0 0.359375 0.411765 0.131250 0.127059
0 1.0 0.548438 0.392941 0.171875 0.258824
0 1.0 0.228125 0.122353 0.259375 0.174118
0 1.0 0.187500 0.149412 0.106250 0.265882
0 1.0 0.131250 0.145882 0.121875 0.282353
0 1.0 0.029687 0.155294 0.059375 0.230588
0 1.0 0.064844 0.124706 0.129688 0.098824
0 1.0 0.578906 0.623529 0.520312 0.376471
0 1.0 0.342969 0.142353 0.126562 0.284706
0 1.0 0.363281 0.124706 0.229687 0.127059
0 1.0 0.290625 0.143529 0.112500 0.268235
0 1.0 0.745313 0.557647 0.293750 0.437647
0 1.0 0.278125 0.134118 0.078125 0.089412
0 1.0 0.232813 0.145882 0.137500 0.291765
0 1.0 0.712500 0.552941 0.518750 0.230588
0 1.0 0.403125 0.123529 0.203125 0.223529
0 1.0 0.274219 0.641176 0.501563 0.402353
0 1.0 0.170313 0.849412 0.340625 0.207059
0 1.0 0.659375 0.120000 0.125000 0.240000
0 1.0 0.666406 0.075294 0.251563 0.112941
0 1.0 0.876563 0.102353 0.193750 0.204706
0 1.0 0.816406 0.121176 0.098437 0.232941
0 1.0 0.811719 0.076471 0.289062 0.138824
0 1.0 0.765625 0.128235 0.096875 0.204706
0 1.0 0.597656 0.087059 0.182812 0.174118
0 1.0 0.555469 0.121176 0.107813 0.242353
0 1.0 0.354687 0.849412 0.578125 0.202353
0 1.0 0.711719 0.123529 0.139063 0.247059
0 1.0 0.722656 0.748235 0.539062 0.244706
0 1.0 0.941406 0.087059 0.117188 0.174118
0 1.0 0.852344 0.078824 0.154688 0.110588
0 1.0 0.965625 0.121176 0.050000 0.148235
0 1.0 0.707031 0.127059 0.279687 0.145882
0 1.0 0.471094 0.370588 0.426563 0.411765
0 1.0 0.771094 0.351765 0.457813 0.218824
0 1.0 0.760156 0.343529 0.248438 0.517647
0 1.0 0.746094 0.144706 0.295312 0.280000
0 1.0 0.307812 0.357647 0.578125 0.230588
0 1.0 0.188281 0.338824 0.376563 0.418824
0 1.0 0.917188 0.154118 0.118750 0.308235
0 1.0 0.107813 0.178824 0.215625 0.169412
0 1.0 0.855469 0.122353 0.132812 0.108235
0 1.0 0.727344 0.437647 0.432812 0.428235
0 1.0 0.506250 0.155294 0.103125 0.240000
0 1.0 0.511719 0.122353 0.282813 0.131765
0 1.0 0.501563 0.137647 0.237500 0.275294
0 1.0 0.447656 0.164706 0.085938 0.207059
0 1.0 0.482031 0.128235 0.107813 0.115294
0 1.0 0.444531 0.554118 0.589063 0.251765
0 1.0 0.593750 0.152941 0.125000 0.254118
0 1.0 0.615625 0.156471 0.256250 0.289412
0 1.0 0.600781 0.063529 0.067187 0.127059
0 1.0 0.628906 0.028235 0.117188 0.056471
0 1.0 0.555469 0.069412 0.067187 0.129412
0 1.0 0.570312 0.028235 0.131250 0.056471
0 1.0 0.496875 0.623529 0.315625 0.658824
0 1.0 0.507812 0.082353 0.071875 0.145882
0 1.0 0.509375 0.040000 0.196875 0.080000
0 1.0 0.664062 0.049412 0.121875 0.098824
0 1.0 0.502344 0.027059 0.054688 0.049412
0 1.0 0.445312 0.058824 0.100000 0.117647
0 1.0 0.713281 0.052941 0.145313 0.105882
0 1.0 0.664844 0.047059 0.057813 0.084706
0 1.0 0.446875 0.060000 0.046875 0.087059
0 1.0 0.639062 0.287059 0.706250 0.376471
0 1.0 0.299219 0.362353 0.376563 0.724706
0 1.0 0.133594 0.675294 0.267188 0.649412
0 1.0 0.291406 0.080000 0.251563 0.160000
0 1.0 0.299219 0.056471 0.120313 0.112941
0 1.0 0.235937 0.070588 0.096875 0.141176
0 1.0 0.245312 0.032941 0.190625 0.065882
0 1.0 0.185938 0.062353 0.078125 0.124706
0 1.0 0.131250 0.062353 0.071875 0.124706
0 1.0 0.185938 0.031765 0.121875 0.063529
0 1.0 0.649219 0.877647 0.701562 0.244706
0 1.0 0.340625 0.180000 0.681250 0.360000
0 1.0 0.393750 0.077647 0.093750 0.155294
0 1.0 0.418750 0.031765 0.212500 0.063529
0 1.0 0.343750 0.063529 0.075000 0.127059
0 1.0 0.319531 0.025882 0.057813 0.051765
0 1.0 0.265625 0.083529 0.081250 0.087059
0 1.0 0.962500 0.056471 0.031250 0.070588
0 1.0 0.952344 0.031765 0.095312 0.063529
0 1.0 0.449219 0.922353 0.589063 0.155294
0 1.0 0.219531 0.922353 0.439063 0.155294
0 1.0 0.829688 0.849412 0.340625 0.202353
0 1.0 0.464844 0.080000 0.232813 0.127059
0 1.0 0.366406 0.077647 0.195312 0.117647
0 1.0 0.828125 0.052941 0.043750 0.072941
0 1.0 0.820312 0.038824 0.178125 0.077647
0 1.0 0.771094 0.068235 0.057813 0.098824
0 1.0 0.769531 0.052941 0.114062 0.105882
0 1.0 0.723437 0.040000 0.062500 0.080000
0 1.0 0.238281 0.504706 0.476562 0.378824
0 1.0 0.655469 0.134118 0.689063 0.268235
0 1.0 0.912500 0.038824 0.165625 0.077647
0 1.0 0.872656 0.052941 0.067187 0.105882
0 1.0 0.779687 0.922353 0.440625 0.155294
0 1.0 0.877344 0.840000 0.073438 0.160000
0 1.0 0.829688 0.875294 0.156250 0.098824
0 1.0 0.822656 0.832941 0.067187 0.155294
0 1.0 0.771094 0.829412 0.067187 0.152941
0 1.0 0.104688 0.891765 0.209375 0.216471
0 1.0 0.028906 0.922353 0.057813 0.155294
0 1.0 0.064844 0.916471 0.129688 0.096471
0 1.0 0.960156 0.868235 0.029687 0.070588
0 1.0 0.951562 0.877647 0.056250 0.103529
0 1.0 0.925781 0.877647 0.148438 0.150588
0 1.0 0.920312 0.842353 0.087500 0.207059
0 1.0 0.562500 0.876471 0.137500 0.096471
0 1.0 0.540625 0.848235 0.290625 0.251765
0 1.0 0.504687 0.798824 0.050000 0.110588
0 1.0 0.477344 0.871765 0.282813 0.105882
0 1.0 0.717969 0.820000 0.051562 0.105882
0 1.0 0.449219 0.809412 0.110937 0.150588
0 1.0 0.482812 0.880000 0.081250 0.080000
0 1.0 0.444531 0.860000 0.182812 0.181176
0 1.0 0.393750 0.801176 0.081250 0.162353
0 1.0 0.450000 0.795294 0.053125 0.103529
0 1.0 0.718750 0.869412 0.300000 0.120000
0 1.0 0.666406 0.823529 0.039062 0.080000
0 1.0 0.672656 0.851765 0.039062 0.070588
0 1.0 0.553906 0.818824 0.064062 0.112941
0 1.0 0.604688 0.804706 0.037500 0.075294
0 1.0 0.601562 0.868235 0.293750 0.108235
0 1.0 0.607031 0.834118 0.035937 0.063529
0 1.0 0.606250 0.867059 0.193750 0.181176
0 1.0 0.551562 0.791765 0.043750 0.091765
0 1.0 0.547656 0.890588 0.114062 0.218824
0 1.0 0.551562 0.915294 0.321875 0.122353
0 1.0 0.498437 0.884706 0.115625 0.230588
0 1.0 0.774219 0.909412 0.104688 0.181176
0 1.0 0.712500 0.896471 0.109375 0.207059
0 1.0 0.660156 0.907059 0.101562 0.185882
0 1.0 0.602344 0.896471 0.104688 0.207059
0 1.0 0.236719 0.890588 0.139063 0.218824
0 1.0 0.182812 0.891765 0.121875 0.216471
0 1.0 0.394531 0.862353 0.126562 0.275294
0 1.0 0.412500 0.916471 0.306250 0.124706
0 1.0 0.342969 0.867059 0.120313 0.265882
0 1.0 0.291406 0.884706 0.117188 0.230588
0 1.0 0.471094 0.801176 0.254688 0.134118
0 1.0 0.405469 0.817647 0.260937 0.294118
0 1.0 0.382031 0.810588 0.282813 0.120000
0 1.0 0.350000 0.778824 0.143750 0.249412
0 1.0 0.384375 0.810588 0.134375 0.101176
0 1.0 0.653906 0.814118 0.339062 0.122353
0 1.0 0.662500 0.802353 0.134375 0.249412
0 1.0 0.661719 0.795294 0.295312 0.301176
0 1.0 0.595313 0.794118 0.109375 0.190588
0 1.0 0.485156 0.785882 0.157812 0.240000
0 1.0 0.548438 0.796471 0.118750 0.284706
0 1.0 0.546875 0.809412 0.150000 0.094118
0 1.0 0.128906 0.809412 0.157812 0.296471
0 1.0 0.148438 0.821176 0.200000 0.150588
0 1.0 0.060937 0.816471 0.121875 0.084706
0 1.0 0.053906 0.823529 0.060937 0.075294
0 1.0 0.054688 0.824706 0.109375 0.185882
0 1.0 0.275781 0.815294 0.317188 0.110588
0 1.0 0.321875 0.821176 0.043750 0.056471
0 1.0 0.251563 0.818824 0.131250 0.117647
0 1.0 0.134375 0.842353 0.068750 0.155294
0 1.0 0.081250 0.854118 0.071875 0.169412
0 1.0 0.121094 0.872941 0.129688 0.127059
0 1.0 0.028125 0.876471 0.040625 0.115294
0 1.0 0.057031 0.869412 0.114062 0.082353
0 1.0 0.348438 0.789412 0.068750 0.152941
0 1.0 0.350781 0.871765 0.245312 0.105882
0 1.0 0.294531 0.817647 0.054688 0.124706
0 1.0 0.244531 0.871765 0.264062 0.105882
0 1.0 0.188281 0.836471 0.060937 0.134118
0 1.0 0.296875 0.877647 0.040625 0.061176
0 1.0 0.293750 0.845882 0.256250 0.261176
0 1.0 0.240625 0.832941 0.075000 0.178824
0 1.0 0.960156 0.840000 0.073438 0.225882
0 1.0 0.932031 0.814118 0.135937 0.108235
0 1.0 0.916406 0.809412 0.145313 0.320000
0 1.0 0.821094 0.818824 0.242188 0.112941
0 1.0 0.864844 0.827059 0.070312 0.082353
0 1.0 0.506250 0.195294 0.106250 0.084706
0 1.0 0.474219 0.194118 0.176563 0.134118
0 1.0 0.550781 0.211765 0.114062 0.197647
0 1.0 0.582812 0.189412 0.212500 0.124706
0 1.0 0.808594 0.176471 0.304688 0.150588
0 1.0 0.822656 0.178824 0.145313 0.282353
0 1.0 0.349219 0.076471 0.579688 0.152941
0 1.0 0.971875 0.964706 0.053125 0.070588
0 1.0 0.935156 0.955294 0.129688 0.089412
0 1.0 0.054688 0.182353 0.109375 0.077647
0 1.0 0.959375 0.151765 0.081250 0.190588
0 1.0 0.388281 0.185882 0.142187 0.103529
0 1.0 0.351562 0.180000 0.268750 0.171765
0 1.0 0.279687 0.191765 0.275000 0.317647
0 1.0 0.310156 0.192941 0.051562 0.089412
0 1.0 0.235937 0.180000 0.300000 0.138824
0 1.0 0.190625 0.182353 0.050000 0.096471
0 1.0 0.299219 0.962353 0.067187 0.065882
0 1.0 0.300000 0.948235 0.118750 0.103529
0 1.0 0.238281 0.936471 0.085938 0.127059
0 1.0 0.185156 0.943529 0.082812 0.112941
0 1.0 0.230469 0.963529 0.104688 0.063529
0 1.0 0.193750 0.951765 0.200000 0.096471
0 1.0 0.135156 0.942353 0.085938 0.115294
0 1.0 0.450000 0.917647 0.084375 0.164706
0 1.0 0.496875 0.962353 0.078125 0.056471
0 1.0 0.440625 0.962353 0.134375 0.070588
0 1.0 0.403125 0.932941 0.137500 0.134118
0 1.0 0.366406 0.962353 0.070312 0.056471
0 1.0 0.352344 0.938824 0.132812 0.122353
0 1.0 0.873437 0.885882 0.121875 0.228235
0 1.0 0.854688 0.916471 0.250000 0.120000
0 1.0 0.817187 0.890588 0.118750 0.218824
0 1.0 0.089063 0.945882 0.128125 0.108235
0 1.0 0.041406 0.964706 0.082812 0.070588
0 1.0 0.063281 0.965882 0.057813 0.049412
0 1.0 0.931250 0.183529 0.137500 0.150588
0 1.0 0.872656 0.932941 0.092188 0.134118
0 1.0 0.864844 0.963529 0.057813 0.049412
0 1.0 0.862500 0.961176 0.093750 0.072941
0 1.0 0.819531 0.940000 0.085938 0.120000
0 1.0 0.871875 0.176471 0.134375 0.334118
0 1.0 0.849219 0.178824 0.132812 0.103529
0 1.0 0.025781 0.263529 0.051562 0.197647
0 1.0 0.070312 0.235294 0.140625 0.103529
0 1.0 0.605469 0.948235 0.073438 0.103529
0 1.0 0.635938 0.962353 0.090625 0.061176
0 1.0 0.607031 0.951765 0.182812 0.096471
0 1.0 0.556250 0.938824 0.084375 0.122353
0 1.0 0.499219 0.931765 0.085938 0.136471
0 1.0 0.539844 0.960000 0.098437 0.065882
0 1.0 0.511719 0.949412 0.173437 0.101176
0 1.0 0.589844 0.960000 0.085938 0.061176
0 1.0 0.822656 0.949412 0.220312 0.101176
0 1.0 0.713281 0.948235 0.076563 0.103529
0 1.0 0.757031 0.962353 0.110937 0.061176
0 1.0 0.730469 0.955294 0.176563 0.089412
0 1.0 0.662500 0.950588 0.078125 0.098824
0 1.0 0.652344 0.890588 0.351562 0.218824
0 1.0 0.085156 0.247059 0.170313 0.494118
0 1.0 0.187500 0.148235 0.375000 0.287059
0 1.0 0.752344 0.837647 0.210938 0.324706
0 1.0 0.071094 0.464706 0.142187 0.600000
0 1.0 0.875000 0.336471 0.250000 0.672941
0 1.0 0.289844 0.755294 0.320312 0.489412
0 1.0 0.821094 0.703529 0.357812 0.498824