0 1.0 0.486719 0.480094 0.685937 0.749415
0 1.0 0.236719 0.604215 0.135937 0.365340
0 1.0 0.236719 0.603044 0.310937 0.128806
0 1.0 0.288281 0.598361 0.182812 0.227166
0 1.0 0.149219 0.606557 0.123438 0.112412
0 1.0 0.492969 0.601874 0.273438 0.126464
0 1.0 0.499219 0.593677 0.167187 0.358314
0 1.0 0.188281 0.594848 0.117188 0.327869
0 1.0 0.130469 0.586651 0.148438 0.316159
0 1.0 0.201563 0.604215 0.131250 0.126464
0 1.0 0.492188 0.610070 0.103125 0.114754
0 1.0 0.390625 0.610070 0.128125 0.400468
0 1.0 0.460156 0.608899 0.076563 0.093677
0 1.0 0.652344 0.612412 0.173437 0.147541
0 1.0 0.347656 0.601874 0.251563 0.117096
0 1.0 0.367188 0.604215 0.112500 0.112412
0 1.0 0.314063 0.608899 0.034375 0.060890
0 1.0 0.631250 0.604215 0.250000 0.346604
0 1.0 0.894531 0.551522 0.210938 0.128806
0 1.0 0.914062 0.549180 0.140625 0.339578
0 1.0 0.817969 0.556206 0.048438 0.063232
0 1.0 0.875000 0.556206 0.103125 0.222482
0 1.0 0.836719 0.557377 0.076563 0.088993
0 1.0 0.818750 0.577283 0.103125 0.250585
0 1.0 0.769531 0.601874 0.082812 0.196721
0 1.0 0.781250 0.551522 0.221875 0.105386
0 1.0 0.076563 0.587822 0.131250 0.365340
0 1.0 0.110937 0.606557 0.084375 0.088993
0 1.0 0.030469 0.617096 0.060937 0.255269
0 1.0 0.045312 0.607728 0.053125 0.063232
0 1.0 0.962500 0.617096 0.040625 0.119438
0 1.0 0.946875 0.551522 0.106250 0.096019
0 1.0 0.956250 0.592506 0.065625 0.131148
0 1.0 0.266406 0.605386 0.095312 0.110070
0 1.0 0.058594 0.601874 0.117188 0.084309
0 1.0 0.957031 0.660422 0.057813 0.103044
0 1.0 0.939063 0.611241 0.121875 0.131148
0 1.0 0.792969 0.613583 0.070312 0.070258
0 1.0 0.834375 0.620609 0.050000 0.065574
0 1.0 0.871094 0.610070 0.195312 0.222482
0 1.0 0.150000 0.662763 0.225000 0.117096
0 1.0 0.147656 0.655738 0.285938 0.341920
0 1.0 0.343750 0.648712 0.153125 0.370023
0 1.0 0.060937 0.658080 0.121875 0.088993
0 1.0 0.053125 0.663934 0.053125 0.072600
0 1.0 0.963281 0.682670 0.035937 0.096019
0 1.0 0.322656 0.660422 0.207813 0.103044
0 1.0 0.607812 0.621780 0.115625 0.217799
0 1.0 0.438281 0.613583 0.117188 0.341920
0 1.0 0.124219 0.667447 0.104688 0.107728
0 1.0 0.781250 0.608899 0.300000 0.112412
0 1.0 0.798438 0.614754 0.140625 0.105386
0 1.0 0.768750 0.618267 0.265625 0.323185
0 1.0 0.772656 0.624122 0.179688 0.189696
0 1.0 0.704688 0.647541 0.090625 0.227166
0 1.0 0.710938 0.642857 0.065625 0.138173
0 1.0 0.732812 0.614754 0.143750 0.114754
0 1.0 0.703906 0.621780 0.189062 0.203747
0 1.0 0.827344 0.495316 0.060937 0.067916
0 1.0 0.826562 0.497658 0.150000 0.110070
0 1.0 0.711719 0.584309 0.070312 0.166276
0 1.0 0.834375 0.512881 0.246875 0.313817
0 1.0 0.778906 0.523419 0.076563 0.180328
0 1.0 0.780469 0.496487 0.264062 0.159251
0 1.0 0.708594 0.545667 0.092188 0.304450
0 1.0 0.058594 0.549180 0.117188 0.086651
0 1.0 0.041406 0.538642 0.082812 0.295082
0 1.0 0.960156 0.545667 0.045312 0.126464
0 1.0 0.939063 0.492974 0.121875 0.100703
0 1.0 0.235937 0.546838 0.250000 0.119438
0 1.0 0.886719 0.491803 0.226562 0.135831
0 1.0 0.544531 0.491803 0.176563 0.248244
0 1.0 0.446094 0.494145 0.289062 0.135831
0 1.0 0.494531 0.503513 0.264062 0.402810
0 1.0 0.440625 0.517564 0.090625 0.266979
0 1.0 0.656250 0.526932 0.128125 0.379391
0 1.0 0.396094 0.480094 0.239063 0.323185
0 1.0 0.705469 0.510539 0.279687 0.337237
0 1.0 0.628906 0.496487 0.282813 0.126464
0 1.0 0.599219 0.515222 0.117188 0.327869
0 1.0 0.523438 0.544496 0.246875 0.128806
0 1.0 0.720313 0.551522 0.215625 0.147541
0 1.0 0.603906 0.549180 0.235937 0.175644
0 1.0 0.214844 0.553864 0.276562 0.325527
0 1.0 0.143750 0.546838 0.228125 0.166276
0 1.0 0.419531 0.545667 0.179688 0.140515
0 1.0 0.347656 0.551522 0.114062 0.316159
0 1.0 0.369531 0.544496 0.167187 0.100703
0 1.0 0.292969 0.564403 0.082812 0.229508
0 1.0 0.334375 0.551522 0.084375 0.091335
0 1.0 0.134375 0.774005 0.106250 0.096019
0 1.0 0.124219 0.782201 0.248438 0.285714
0 1.0 0.030469 0.793911 0.060937 0.206089
0 1.0 0.323437 0.772834 0.143750 0.173302
0 1.0 0.056250 0.771663 0.046875 0.058548
0 1.0 0.967187 0.769321 0.037500 0.086651
0 1.0 0.942187 0.713115 0.115625 0.091335
0 1.0 0.921875 0.714286 0.156250 0.238876
0 1.0 0.885156 0.718970 0.229687 0.117096
0 1.0 0.235937 0.771663 0.321875 0.147541
0 1.0 0.249219 0.795082 0.154688 0.185012
0 1.0 0.193750 0.797424 0.106250 0.194379
0 1.0 0.487500 0.762295 0.259375 0.142857
0 1.0 0.131250 0.766979 0.246875 0.105386
0 1.0 0.711719 0.731850 0.095312 0.199063
0 1.0 0.697656 0.717799 0.317188 0.128806
0 1.0 0.714844 0.742389 0.067187 0.126464
0 1.0 0.663281 0.722482 0.123438 0.199063
0 1.0 0.602344 0.718970 0.135937 0.215457
0 1.0 0.875000 0.722482 0.106250 0.194379
0 1.0 0.604688 0.700234 0.265625 0.234192
0 1.0 0.542969 0.709602 0.126562 0.234192
0 1.0 0.805469 0.725995 0.085938 0.065574
0 1.0 0.855469 0.735363 0.051562 0.051522
0 1.0 0.814063 0.724824 0.100000 0.199063
0 1.0 0.832031 0.711944 0.270313 0.224824
0 1.0 0.764062 0.728337 0.115625 0.215457
0 1.0 0.059375 0.764637 0.118750 0.077283
0 1.0 0.775000 0.757611 0.328125 0.119438
0 1.0 0.064062 0.822014 0.050000 0.065574
0 1.0 0.644531 0.756440 0.289062 0.126464
0 1.0 0.939063 0.774005 0.121875 0.133489
0 1.0 0.845313 0.778689 0.053125 0.053864
0 1.0 0.123438 0.837237 0.150000 0.264637
0 1.0 0.391406 0.745902 0.098437 0.189696
0 1.0 0.460156 0.770492 0.060937 0.093677
0 1.0 0.400781 0.747073 0.251563 0.234192
0 1.0 0.328906 0.781030 0.048438 0.086651
0 1.0 0.796094 0.769321 0.117188 0.081967
0 1.0 0.437500 0.740047 0.093750 0.154567
0 1.0 0.510156 0.765808 0.076563 0.103044
0 1.0 0.498437 0.747073 0.125000 0.201405
0 1.0 0.539844 0.668618 0.289062 0.128806
0 1.0 0.775000 0.674473 0.150000 0.098361
0 1.0 0.700781 0.665105 0.317188 0.121780
0 1.0 0.086719 0.707260 0.173437 0.215457
0 1.0 0.242188 0.661593 0.250000 0.114754
0 1.0 0.304688 0.670960 0.037500 0.063232
0 1.0 0.277344 0.676815 0.242188 0.341920
0 1.0 0.294531 0.670960 0.154688 0.217799
0 1.0 0.500000 0.673302 0.065625 0.086651
0 1.0 0.422656 0.663934 0.310937 0.119438
0 1.0 0.467969 0.673302 0.054688 0.077283
0 1.0 0.350781 0.720141 0.232813 0.114754
0 1.0 0.850000 0.685012 0.050000 0.053864
0 1.0 0.355469 0.736534 0.029687 0.053864
0 1.0 0.232813 0.716628 0.306250 0.126464
0 1.0 0.271875 0.728337 0.096875 0.098361
0 1.0 0.557031 0.722482 0.204687 0.142857
0 1.0 0.478125 0.728337 0.043750 0.065574
0 1.0 0.497656 0.725995 0.067187 0.084309
0 1.0 0.456250 0.683841 0.237500 0.290398
0 1.0 0.039062 0.718970 0.078125 0.224824
0 1.0 0.056250 0.717799 0.050000 0.067916
0 1.0 0.960156 0.722482 0.054688 0.086651
0 1.0 0.939063 0.667447 0.121875 0.121780
0 1.0 0.189844 0.714286 0.176563 0.276347
0 1.0 0.811719 0.673302 0.054688 0.058548
0 1.0 0.216406 0.723653 0.142187 0.117096
0 1.0 0.058594 0.713115 0.117188 0.081967
0 1.0 0.125000 0.714286 0.234375 0.107728
0 1.0 0.133594 0.720141 0.085938 0.091335
0 1.0 0.374219 0.729508 0.070312 0.086651
0 1.0 0.174219 0.722482 0.110937 0.100703
0 1.0 0.718750 0.292740 0.159375 0.196721
0 1.0 0.663281 0.312646 0.101562 0.217799
0 1.0 0.660156 0.299766 0.260937 0.121780
0 1.0 0.671094 0.305621 0.060937 0.110070
0 1.0 0.650000 0.274005 0.265625 0.281030
0 1.0 0.600781 0.319672 0.079687 0.166276
0 1.0 0.875781 0.331382 0.104688 0.180328
0 1.0 0.553125 0.319672 0.109375 0.222482
0 1.0 0.535937 0.300937 0.190625 0.110070
0 1.0 0.552344 0.285714 0.260937 0.271663
0 1.0 0.914844 0.304450 0.145313 0.182670
0 1.0 0.846875 0.302108 0.200000 0.135831
0 1.0 0.865625 0.285714 0.237500 0.271663
0 1.0 0.821875 0.329040 0.100000 0.180328
0 1.0 0.835938 0.331382 0.053125 0.096019
0 1.0 0.774219 0.300937 0.057813 0.124122
0 1.0 0.071875 0.345433 0.100000 0.091335
0 1.0 0.031250 0.353630 0.062500 0.154567
0 1.0 0.722656 0.293911 0.067187 0.138173
0 1.0 0.764062 0.304450 0.100000 0.224824
0 1.0 0.343750 0.288056 0.140625 0.327869
0 1.0 0.602344 0.311475 0.045312 0.079625
0 1.0 0.370312 0.300937 0.071875 0.138173
0 1.0 0.303125 0.272834 0.093750 0.306792
0 1.0 0.317188 0.298595 0.159375 0.091335
0 1.0 0.235156 0.323185 0.092188 0.192037
0 1.0 0.226562 0.297424 0.156250 0.103044
0 1.0 0.240625 0.333724 0.043750 0.100703
0 1.0 0.210938 0.302108 0.250000 0.154567
0 1.0 0.188281 0.313817 0.089063 0.168618
0 1.0 0.439844 0.340749 0.054688 0.142857
0 1.0 0.326562 0.297424 0.040625 0.107728
0 1.0 0.489844 0.323185 0.085938 0.192037
0 1.0 0.771875 0.271663 0.243750 0.281030
0 1.0 0.508594 0.303279 0.060937 0.063232
0 1.0 0.435937 0.316159 0.093750 0.168618
0 1.0 0.400000 0.295082 0.075000 0.074941
0 1.0 0.441406 0.283372 0.270313 0.290398
0 1.0 0.485938 0.318501 0.037500 0.065574
0 1.0 0.389062 0.316159 0.103125 0.285714
0 1.0 0.403125 0.292740 0.250000 0.117096
0 1.0 0.393750 0.350117 0.215625 0.180328
0 1.0 0.348438 0.378220 0.093750 0.241218
0 1.0 0.338281 0.345433 0.214062 0.124122
0 1.0 0.885156 0.329040 0.057813 0.096019
0 1.0 0.260937 0.350117 0.240625 0.180328
0 1.0 0.326562 0.358314 0.056250 0.126464
0 1.0 0.239844 0.381733 0.060937 0.117096
0 1.0 0.496094 0.387588 0.082812 0.185012
0 1.0 0.514844 0.343091 0.298438 0.142857
0 1.0 0.430469 0.385246 0.026562 0.072600
0 1.0 0.778125 0.355972 0.153125 0.145199
0 1.0 0.708594 0.353630 0.089063 0.173302
0 1.0 0.457813 0.373536 0.106250 0.156909
0 1.0 0.308594 0.361827 0.054688 0.194379
0 1.0 0.069531 0.329040 0.139063 0.231850
0 1.0 0.958594 0.353630 0.045312 0.107728
0 1.0 0.957031 0.292740 0.085938 0.103044
0 1.0 0.849219 0.296253 0.098437 0.086651
0 1.0 0.190625 0.365340 0.071875 0.121780
0 1.0 0.208594 0.354801 0.198437 0.114754
0 1.0 0.419531 0.377049 0.089063 0.173302
0 1.0 0.127344 0.365340 0.092188 0.168618
0 1.0 0.149219 0.322014 0.242188 0.241218
0 1.0 0.089063 0.368852 0.062500 0.114754
0 1.0 0.280469 0.248244 0.079687 0.093677
0 1.0 0.235937 0.242389 0.121875 0.316159
0 1.0 0.235937 0.235363 0.293750 0.138173
0 1.0 0.514844 0.245902 0.201563 0.145199
0 1.0 0.181250 0.238876 0.134375 0.309133
0 1.0 0.127344 0.231850 0.117188 0.323185
0 1.0 0.443750 0.266979 0.065625 0.196721
0 1.0 0.440625 0.248244 0.125000 0.248244
0 1.0 0.485156 0.249415 0.101562 0.100703
0 1.0 0.403906 0.240047 0.289062 0.128806
0 1.0 0.389844 0.231850 0.170313 0.234192
0 1.0 0.603125 0.244731 0.109375 0.269321
0 1.0 0.051562 0.039813 0.103125 0.079625
0 1.0 0.075781 0.072600 0.151562 0.145199
0 1.0 0.135937 0.051522 0.228125 0.103044
0 1.0 0.143750 0.066745 0.084375 0.124122
0 1.0 0.659375 0.655738 0.681250 0.688525
0 1.0 0.257031 0.504684 0.470313 0.990632
0 1.0 0.405469 0.714286 0.810937 0.557377
0 1.0 0.517969 0.264637 0.964063 0.482436
0 1.0 0.715625 0.405152 0.556250 0.810304
0 1.0 0.143750 0.243560 0.240625 0.182670
0 1.0 0.076563 0.225995 0.109375 0.334895
0 1.0 0.071875 0.067916 0.062500 0.121780
0 1.0 0.131250 0.035129 0.125000 0.070258
0 1.0 0.027344 0.076112 0.048438 0.119438
0 1.0 0.075781 0.030445 0.076563 0.060890
0 1.0 0.962500 0.276347 0.059375 0.182670
0 1.0 0.942969 0.234192 0.114062 0.112412
0 1.0 0.842969 0.235363 0.154688 0.110070
0 1.0 0.875000 0.237705 0.131250 0.288056
0 1.0 0.208594 0.316159 0.045312 0.084309
0 1.0 0.164844 0.304450 0.135937 0.098361
0 1.0 0.140625 0.316159 0.065625 0.121780
0 1.0 0.053906 0.317330 0.076563 0.114754
0 1.0 0.076563 0.320843 0.046875 0.103044
0 1.0 0.061719 0.310304 0.054688 0.067916
0 1.0 0.614062 0.240047 0.240625 0.133489
0 1.0 0.546875 0.235363 0.131250 0.288056
0 1.0 0.492969 0.229508 0.120313 0.318501
0 1.0 0.774219 0.235363 0.310937 0.133489
0 1.0 0.758594 0.228337 0.132812 0.320843
0 1.0 0.824219 0.237705 0.120313 0.288056
0 1.0 0.660156 0.229508 0.129688 0.332553
0 1.0 0.504687 0.442623 0.156250 0.206089
0 1.0 0.431250 0.436768 0.056250 0.124122
0 1.0 0.509375 0.449649 0.028125 0.060890
0 1.0 0.419531 0.443794 0.126562 0.217799
0 1.0 0.720313 0.441452 0.278125 0.142857
0 1.0 0.403125 0.443794 0.240625 0.124122
0 1.0 0.382031 0.448478 0.023438 0.049180
0 1.0 0.661719 0.468384 0.095312 0.201405
0 1.0 0.610938 0.442623 0.109375 0.098361
0 1.0 0.592969 0.474239 0.064062 0.152225
0 1.0 0.583594 0.463700 0.285938 0.360656
0 1.0 0.818750 0.484778 0.100000 0.224824
0 1.0 0.458594 0.444965 0.092188 0.135831
0 1.0 0.146094 0.439110 0.232813 0.133489
0 1.0 0.078125 0.436768 0.112500 0.278689
0 1.0 0.134375 0.439110 0.090625 0.072600
0 1.0 0.028906 0.420375 0.057813 0.213115
0 1.0 0.075781 0.440281 0.035937 0.046838
0 1.0 0.049219 0.440281 0.098437 0.088993
0 1.0 0.337500 0.449649 0.100000 0.093677
0 1.0 0.312500 0.411007 0.246875 0.269321
0 1.0 0.926562 0.394614 0.146875 0.105386
0 1.0 0.377344 0.434426 0.089063 0.147541
0 1.0 0.303125 0.434426 0.068750 0.161593
0 1.0 0.514844 0.443794 0.123438 0.091335
0 1.0 0.232813 0.436768 0.112500 0.250585
0 1.0 0.282813 0.442623 0.065625 0.065574
0 1.0 0.128906 0.434426 0.110937 0.259953
0 1.0 0.256250 0.437939 0.218750 0.126464
0 1.0 0.189062 0.442623 0.100000 0.224824
0 1.0 0.236719 0.443794 0.067187 0.072600
0 1.0 0.185156 0.443794 0.260937 0.259953
0 1.0 0.155469 0.491803 0.254688 0.121780
0 1.0 0.110156 0.489461 0.220312 0.290398
0 1.0 0.050781 0.495316 0.101562 0.077283
0 1.0 0.382031 0.495316 0.145313 0.091335
0 1.0 0.339062 0.496487 0.115625 0.074941
0 1.0 0.297656 0.483607 0.139063 0.222482
0 1.0 0.255469 0.491803 0.148438 0.088993
0 1.0 0.354687 0.495316 0.059375 0.063232
0 1.0 0.836719 0.440281 0.264062 0.126464
0 1.0 0.803125 0.439110 0.131250 0.086651
0 1.0 0.785937 0.482436 0.043750 0.093677
0 1.0 0.735156 0.442623 0.123438 0.084309
0 1.0 0.721094 0.474239 0.051562 0.124122
0 1.0 0.958594 0.440281 0.082812 0.088993
0 1.0 0.952344 0.482436 0.060937 0.103044
0 1.0 0.921875 0.442623 0.156250 0.140515
0 1.0 0.876563 0.471897 0.121875 0.255269
0 1.0 0.855469 0.442623 0.032813 0.051522
0 1.0 0.881250 0.464871 0.084375 0.147541
0 1.0 0.143750 0.381733 0.156250 0.093677
0 1.0 0.110156 0.388759 0.220312 0.229508
0 1.0 0.069531 0.382904 0.126562 0.086651
0 1.0 0.267188 0.394614 0.175000 0.119438
0 1.0 0.961719 0.378220 0.032813 0.067916
0 1.0 0.884375 0.348946 0.231250 0.131148
0 1.0 0.719531 0.346604 0.317188 0.121780
0 1.0 0.660156 0.366511 0.076563 0.152225
0 1.0 0.594531 0.368852 0.060937 0.105386
0 1.0 0.885156 0.384075 0.067187 0.093677
0 1.0 0.834375 0.387588 0.062500 0.086651
0 1.0 0.767188 0.372365 0.081250 0.145199
0 1.0 0.779687 0.379391 0.056250 0.088993
0 1.0 0.833594 0.399297 0.185938 0.138173
0 1.0 0.768750 0.434426 0.084375 0.156909
0 1.0 0.782813 0.434426 0.046875 0.077283
0 1.0 0.776563 0.386417 0.284375 0.229508
0 1.0 0.709375 0.425059 0.100000 0.231850
0 1.0 0.647656 0.387588 0.242188 0.119438
0 1.0 0.174219 0.439110 0.101562 0.081967
0 1.0 0.832031 0.423888 0.064062 0.093677
0 1.0 0.731250 0.392272 0.193750 0.096019
0 1.0 0.718750 0.421546 0.065625 0.131148
0 1.0 0.593750 0.380562 0.212500 0.208431
0 1.0 0.553125 0.415691 0.112500 0.264637
0 1.0 0.503906 0.389930 0.223438 0.175644
0 1.0 0.539062 0.652225 0.509375 0.255269
0 1.0 0.353125 0.605386 0.434375 0.484778
0 1.0 0.407031 0.120609 0.201563 0.185012
0 1.0 0.337500 0.152225 0.140625 0.304450
0 1.0 0.149219 0.117096 0.279687 0.154567
0 1.0 0.257812 0.126464 0.268750 0.135831
0 1.0 0.289062 0.132319 0.068750 0.096019
0 1.0 0.717187 0.652225 0.537500 0.227166
0 1.0 0.502344 0.119438 0.298438 0.154567
0 1.0 0.493750 0.124122 0.171875 0.248244
0 1.0 0.389062 0.151054 0.121875 0.302108
0 1.0 0.361719 0.522248 0.207813 0.590164
0 1.0 0.360156 0.550351 0.589063 0.238876
0 1.0 0.710156 0.069087 0.289062 0.138173
0 1.0 0.943750 0.084309 0.112500 0.140515
0 1.0 0.923438 0.120609 0.103125 0.241218
0 1.0 0.884375 0.074941 0.231250 0.135831
0 1.0 0.875000 0.117096 0.128125 0.234192
0 1.0 0.817969 0.107728 0.120313 0.215457
0 1.0 0.223438 0.838407 0.446875 0.210773
0 1.0 0.655469 0.117096 0.117188 0.234192
0 1.0 0.700781 0.748244 0.589063 0.189696
0 1.0 0.716406 0.118267 0.123438 0.236534
0 1.0 0.761719 0.110070 0.114062 0.220141
0 1.0 0.224219 0.154567 0.242188 0.309133
0 1.0 0.107031 0.162763 0.214062 0.325527
0 1.0 0.035156 0.161593 0.070312 0.304450
0 1.0 0.071094 0.125293 0.142187 0.110070
0 1.0 0.965625 0.131148 0.059375 0.173302
0 1.0 0.359375 0.754098 0.668750 0.187354
0 1.0 0.118750 0.177986 0.168750 0.159251
0 1.0 0.056250 0.179157 0.100000 0.081967
0 1.0 0.727344 0.548009 0.545312 0.262295
0 1.0 0.375781 0.436768 0.589063 0.236534
0 1.0 0.711719 0.352459 0.576562 0.203747
0 1.0 0.741406 0.378220 0.410938 0.456674
0 1.0 0.156250 0.478923 0.278125 0.536300
0 1.0 0.636719 0.391101 0.214062 0.632319
0 1.0 0.351562 0.310304 0.228125 0.480094
0 1.0 0.366406 0.351288 0.439063 0.266979
0 1.0 0.260156 0.338407 0.226562 0.569087
0 1.0 0.628125 0.250585 0.568750 0.243560
0 1.0 0.201563 0.182670 0.184375 0.126464
0 1.0 0.451562 0.364169 0.218750 0.620609
0 1.0 0.719531 0.444965 0.560937 0.229508
0 1.0 0.664062 0.115925 0.300000 0.156909
0 1.0 0.607031 0.142857 0.120313 0.257611
0 1.0 0.594531 0.148712 0.251563 0.297424
0 1.0 0.858594 0.118267 0.132812 0.110070
0 1.0 0.817969 0.115925 0.289062 0.147541
0 1.0 0.760156 0.145199 0.242188 0.281030
0 1.0 0.606250 0.064403 0.087500 0.128806
0 1.0 0.610938 0.035129 0.215625 0.070258
0 1.0 0.551562 0.071429 0.281250 0.142857
0 1.0 0.560937 0.050351 0.146875 0.100703
0 1.0 0.504687 0.072600 0.078125 0.145199
0 1.0 0.665625 0.051522 0.153125 0.103044
0 1.0 0.732812 0.045667 0.190625 0.091335
0 1.0 0.656250 0.056206 0.068750 0.112412
0 1.0 0.814063 0.062061 0.078125 0.124122
0 1.0 0.799219 0.038642 0.201563 0.077283
0 1.0 0.764062 0.065574 0.071875 0.131148
0 1.0 0.721094 0.058548 0.073438 0.117096
0 1.0 0.328906 0.040984 0.132812 0.081967
0 1.0 0.298438 0.078454 0.246875 0.156909
0 1.0 0.235937 0.067916 0.065625 0.131148
0 1.0 0.257812 0.037471 0.193750 0.074941
0 1.0 0.406250 0.050351 0.112500 0.100703
0 1.0 0.343750 0.069087 0.081250 0.138173
0 1.0 0.292187 0.080796 0.090625 0.161593
0 1.0 0.189844 0.097190 0.064062 0.128806
0 1.0 0.185938 0.038642 0.162500 0.077283
0 1.0 0.469531 0.043326 0.170313 0.086651
0 1.0 0.441406 0.071429 0.270313 0.142857
0 1.0 0.634375 0.879391 0.731250 0.241218
0 1.0 0.546875 0.062061 0.068750 0.124122
0 1.0 0.296094 0.206089 0.592187 0.412178
0 1.0 0.442969 0.056206 0.054688 0.088993
0 1.0 0.181250 0.119438 0.134375 0.238876
0 1.0 0.825000 0.848946 0.350000 0.203747
0 1.0 0.172656 0.920375 0.345313 0.159251
0 1.0 0.238281 0.120609 0.139063 0.241218
0 1.0 0.898438 0.035129 0.184375 0.070258
0 1.0 0.875781 0.063232 0.082812 0.126464
0 1.0 0.483594 0.132319 0.773438 0.264637
0 1.0 0.499219 0.243560 0.385937 0.487119
0 1.0 0.738281 0.122951 0.523438 0.245902
0 1.0 0.961719 0.069087 0.039062 0.091335
0 1.0 0.832812 0.922717 0.334375 0.154567
0 1.0 0.459375 0.915691 0.621875 0.168618
0 1.0 0.870313 0.886417 0.050000 0.058548
0 1.0 0.839063 0.862998 0.028125 0.058548
0 1.0 0.775781 0.795082 0.035937 0.077283
0 1.0 0.778125 0.865340 0.293750 0.096019
0 1.0 0.787500 0.818501 0.031250 0.063232
0 1.0 0.777344 0.864169 0.167187 0.163934
0 1.0 0.719531 0.774005 0.045312 0.096019
0 1.0 0.728906 0.796253 0.035937 0.065574
0 1.0 0.056250 0.920375 0.112500 0.079625
0 1.0 0.040625 0.922717 0.081250 0.154567
0 1.0 0.082031 0.900468 0.164062 0.199063
0 1.0 0.962500 0.858314 0.018750 0.044496
0 1.0 0.286719 0.900468 0.160938 0.147541
0 1.0 0.239844 0.889930 0.126562 0.220141
0 1.0 0.934375 0.874707 0.131250 0.124122
0 1.0 0.894531 0.867681 0.035937 0.067916
0 1.0 0.924219 0.838407 0.054688 0.121780
0 1.0 0.882812 0.845433 0.040625 0.084309
0 1.0 0.811719 0.874707 0.123438 0.077283
0 1.0 0.919531 0.865340 0.160938 0.245902
0 1.0 0.480469 0.857143 0.282813 0.093677
0 1.0 0.510156 0.800937 0.060937 0.098361
0 1.0 0.499219 0.840749 0.295312 0.224824
0 1.0 0.500781 0.853630 0.167187 0.147541
0 1.0 0.451562 0.763466 0.031250 0.056206
0 1.0 0.703125 0.851288 0.306250 0.245902
0 1.0 0.395313 0.807963 0.084375 0.107728
0 1.0 0.391406 0.840749 0.279687 0.206089
0 1.0 0.350000 0.798595 0.046875 0.079625
0 1.0 0.476562 0.864169 0.118750 0.079625
0 1.0 0.950781 0.872365 0.039062 0.067916
0 1.0 0.675000 0.770492 0.040625 0.079625
0 1.0 0.663281 0.860656 0.304688 0.096019
0 1.0 0.682813 0.796253 0.037500 0.065574
0 1.0 0.662500 0.853630 0.181250 0.166276
0 1.0 0.608594 0.748244 0.032813 0.058548
0 1.0 0.613281 0.785714 0.032813 0.053864
0 1.0 0.557031 0.770492 0.042188 0.079625
0 1.0 0.826562 0.841920 0.037500 0.081967
0 1.0 0.560937 0.916862 0.340625 0.124122
0 1.0 0.549219 0.893443 0.145313 0.213115
0 1.0 0.825000 0.922717 0.090625 0.154567
0 1.0 0.446875 0.894614 0.100000 0.210773
0 1.0 0.389844 0.882904 0.120313 0.234192
0 1.0 0.718750 0.907494 0.196875 0.185012
0 1.0 0.602344 0.887588 0.107813 0.224824
0 1.0 0.663281 0.896956 0.114062 0.206089
0 1.0 0.192188 0.895785 0.128125 0.208431
0 1.0 0.403125 0.912178 0.340625 0.119438
0 1.0 0.342969 0.888759 0.120313 0.222482
0 1.0 0.333594 0.893443 0.270313 0.213115
0 1.0 0.267188 0.906323 0.328125 0.112412
0 1.0 0.453125 0.805621 0.328125 0.121780
0 1.0 0.706250 0.802108 0.353125 0.105386
0 1.0 0.710938 0.792740 0.121875 0.180328
0 1.0 0.300781 0.852459 0.279687 0.098361
0 1.0 0.300781 0.812646 0.220312 0.131148
0 1.0 0.607031 0.778689 0.110937 0.142857
0 1.0 0.855469 0.818501 0.035937 0.049180
0 1.0 0.546875 0.793911 0.271875 0.121780
0 1.0 0.164062 0.825527 0.259375 0.152225
0 1.0 0.146875 0.824356 0.128125 0.117096
0 1.0 0.065625 0.814988 0.109375 0.070258
0 1.0 0.053125 0.832553 0.096875 0.138173
0 1.0 0.957812 0.798595 0.065625 0.103044
0 1.0 0.283594 0.818501 0.114062 0.110070
0 1.0 0.474219 0.806792 0.110937 0.086651
0 1.0 0.130469 0.838407 0.070312 0.117096
0 1.0 0.074219 0.861827 0.076563 0.135831
0 1.0 0.142187 0.870023 0.153125 0.128806
0 1.0 0.028906 0.879391 0.042188 0.091335
0 1.0 0.054688 0.870023 0.109375 0.072600
0 1.0 0.053125 0.878220 0.056250 0.065574
0 1.0 0.349219 0.813817 0.082812 0.100703
0 1.0 0.562500 0.796253 0.050000 0.074941
0 1.0 0.244531 0.820843 0.070312 0.110070
0 1.0 0.198437 0.845433 0.059375 0.103044
0 1.0 0.820312 0.804450 0.100000 0.175644
0 1.0 0.820312 0.800937 0.262500 0.126464
0 1.0 0.964844 0.860656 0.045312 0.133489
0 1.0 0.953906 0.840749 0.079687 0.149883
0 1.0 0.873437 0.820843 0.121875 0.255269
0 1.0 0.792969 0.811475 0.114062 0.072600
0 1.0 0.920312 0.810304 0.146875 0.117096
0 1.0 0.614062 0.181499 0.246875 0.138173
0 1.0 0.821875 0.180328 0.300000 0.135831
0 1.0 0.539062 0.073770 0.621875 0.147541
0 1.0 0.971094 0.962529 0.048438 0.074941
0 1.0 0.935937 0.961358 0.128125 0.077283
0 1.0 0.707031 0.177986 0.232813 0.177986
0 1.0 0.858594 0.186183 0.151562 0.105386
0 1.0 0.372656 0.181499 0.145313 0.110070
0 1.0 0.189062 0.182670 0.062500 0.140515
0 1.0 0.341406 0.175644 0.226562 0.182670
0 1.0 0.308594 0.176815 0.073438 0.161593
0 1.0 0.483594 0.186183 0.117188 0.110070
0 1.0 0.453906 0.180328 0.245312 0.192037
0 1.0 0.213281 0.243560 0.426563 0.243560
0 1.0 0.293750 0.942623 0.134375 0.114754
0 1.0 0.501563 0.926230 0.093750 0.147541
0 1.0 0.230469 0.957845 0.132812 0.074941
0 1.0 0.132031 0.935597 0.107813 0.128806
0 1.0 0.156250 0.946136 0.218750 0.107728
0 1.0 0.414844 0.950820 0.167187 0.098361
0 1.0 0.469531 0.955504 0.126562 0.088993
0 1.0 0.703906 0.960187 0.107813 0.070258
0 1.0 0.335156 0.960187 0.089063 0.060890
0 1.0 0.273438 0.962529 0.115625 0.065574
0 1.0 0.872656 0.906323 0.098437 0.187354
0 1.0 0.839063 0.920375 0.168750 0.093677
0 1.0 0.140625 0.961358 0.062500 0.053864
0 1.0 0.056250 0.964871 0.043750 0.042155
0 1.0 0.036719 0.963700 0.073438 0.063232
0 1.0 0.930469 0.918033 0.139063 0.103044
0 1.0 0.867188 0.961358 0.040625 0.044496
0 1.0 0.855469 0.957845 0.132812 0.074941
0 1.0 0.296094 0.074941 0.592187 0.149883
0 1.0 0.073438 0.238876 0.146875 0.107728
0 1.0 0.039062 0.261124 0.078125 0.208431
0 1.0 0.046094 0.247073 0.067187 0.086651
0 1.0 0.962500 0.210773 0.068750 0.220141
0 1.0 0.939844 0.185012 0.120313 0.117096
0 1.0 0.632812 0.960187 0.106250 0.070258
0 1.0 0.609375 0.946136 0.184375 0.107728
0 1.0 0.553906 0.934426 0.095312 0.131148
0 1.0 0.576562 0.959016 0.096875 0.067916
0 1.0 0.530469 0.960187 0.107813 0.070258
0 1.0 0.766406 0.936768 0.085938 0.126464
0 1.0 0.811719 0.959016 0.101562 0.067916
0 1.0 0.605469 0.937939 0.085938 0.124122
0 1.0 0.680469 0.947307 0.179688 0.105386
0 1.0 0.731250 0.756440 0.434375 0.355972
0 1.0 0.644531 0.748244 0.210938 0.466042
0 1.0 0.449219 0.834895 0.482812 0.330211
0 1.0 0.240625 0.822014 0.221875 0.355972
0 1.0 0.704688 0.238876 0.303125 0.477752
0 1.0 0.551562 0.722482 0.218750 0.442623
0 1.0 0.845313 0.816159 0.240625 0.367681
0 1.0 0.753906 0.754098 0.210938 0.473068
0 1.0 0.873437 0.631148 0.253125 0.433255
0 1.0 0.846875 0.175644 0.203125 0.351288
0 1.0 0.073438 0.332553 0.146875 0.599532
0 1.0 0.447656 0.806792 0.210938 0.386417
0 1.0 0.876563 0.357143 0.246875 0.714286
0 1.0 0.923438 0.214286 0.153125 0.428571