0 1.0 0.475781 0.552254 0.173437 0.215164
0 1.0 0.776563 0.601434 0.090625 0.211066
0 1.0 0.783594 0.592213 0.242188 0.274590
0 1.0 0.713281 0.597336 0.107813 0.260246
0 1.0 0.718750 0.587090 0.250000 0.104508
0 1.0 0.721875 0.602459 0.068750 0.147541
0 1.0 0.745313 0.585041 0.096875 0.088115
0 1.0 0.926562 0.600410 0.146875 0.270492
0 1.0 0.668750 0.601434 0.068750 0.129098
0 1.0 0.682813 0.580943 0.068750 0.071721
0 1.0 0.642969 0.592213 0.279687 0.241803
0 1.0 0.603906 0.578893 0.107813 0.264344
0 1.0 0.792969 0.586066 0.101562 0.094262
0 1.0 0.869531 0.598361 0.135937 0.295082
0 1.0 0.789844 0.601434 0.039062 0.059426
0 1.0 0.875781 0.603484 0.092188 0.190574
0 1.0 0.839063 0.601434 0.028125 0.051230
0 1.0 0.827344 0.592213 0.264062 0.122951
0 1.0 0.068750 0.662910 0.096875 0.260246
0 1.0 0.133594 0.648566 0.267188 0.137295
0 1.0 0.402344 0.579918 0.114062 0.274590
0 1.0 0.453125 0.592213 0.250000 0.114754
0 1.0 0.661719 0.604508 0.101562 0.221311
0 1.0 0.335156 0.616803 0.101562 0.270492
0 1.0 0.316406 0.593238 0.214062 0.096311
0 1.0 0.576562 0.587090 0.278125 0.120902
0 1.0 0.361719 0.592213 0.035937 0.053279
0 1.0 0.364844 0.592213 0.279687 0.295082
0 1.0 0.291406 0.638320 0.082812 0.219262
0 1.0 0.189062 0.596311 0.193750 0.081967
0 1.0 0.275781 0.600410 0.017188 0.036885
0 1.0 0.290625 0.607582 0.171875 0.202869
0 1.0 0.604688 0.582992 0.128125 0.108607
0 1.0 0.546875 0.579918 0.115625 0.225410
0 1.0 0.823438 0.594262 0.096875 0.221311
0 1.0 0.515625 0.577869 0.043750 0.086066
0 1.0 0.434375 0.657787 0.315625 0.118852
0 1.0 0.496094 0.662910 0.026562 0.051230
0 1.0 0.669531 0.664959 0.073438 0.157787
0 1.0 0.689844 0.663934 0.089063 0.086066
0 1.0 0.341406 0.661885 0.167187 0.098361
0 1.0 0.261719 0.662910 0.098437 0.112705
0 1.0 0.219531 0.664959 0.264062 0.112705
0 1.0 0.293750 0.673156 0.025000 0.051230
0 1.0 0.232031 0.665984 0.129688 0.278689
0 1.0 0.554688 0.655738 0.187500 0.110656
0 1.0 0.528906 0.607582 0.270313 0.280738
0 1.0 0.517188 0.628074 0.146875 0.141393
0 1.0 0.535937 0.641393 0.025000 0.061475
0 1.0 0.136719 0.653689 0.070312 0.102459
0 1.0 0.039062 0.669057 0.068750 0.231557
0 1.0 0.063281 0.650615 0.126562 0.100410
0 1.0 0.073438 0.655738 0.043750 0.081967
0 1.0 0.956250 0.641393 0.040625 0.135246
0 1.0 0.951562 0.604508 0.096875 0.102459
0 1.0 0.132812 0.665984 0.106250 0.254098
0 1.0 0.410156 0.646516 0.176563 0.231557
0 1.0 0.372656 0.548156 0.282813 0.133197
0 1.0 0.228906 0.553279 0.273438 0.122951
0 1.0 0.235156 0.579918 0.098437 0.241803
0 1.0 0.221875 0.565574 0.246875 0.278689
0 1.0 0.186719 0.586066 0.085938 0.192623
0 1.0 0.285938 0.559426 0.040625 0.069672
0 1.0 0.724219 0.528689 0.242188 0.237705
0 1.0 0.078906 0.573770 0.039062 0.057377
0 1.0 0.074219 0.552254 0.148438 0.260246
0 1.0 0.053906 0.579918 0.089063 0.131148
0 1.0 0.956250 0.552254 0.040625 0.120902
0 1.0 0.946875 0.497951 0.106250 0.110656
0 1.0 0.944531 0.529713 0.067187 0.141393
0 1.0 0.926562 0.493852 0.146875 0.266393
0 1.0 0.878125 0.500000 0.243750 0.139344
0 1.0 0.814063 0.508197 0.050000 0.077869
0 1.0 0.874219 0.519467 0.098437 0.190574
0 1.0 0.133594 0.589139 0.085938 0.198770
0 1.0 0.159375 0.562500 0.150000 0.120902
0 1.0 0.063281 0.613730 0.054688 0.133197
0 1.0 0.142187 0.567623 0.084375 0.090164
0 1.0 0.048438 0.629098 0.037500 0.110656
0 1.0 0.152344 0.601434 0.039062 0.067623
0 1.0 0.086719 0.598361 0.029687 0.065574
0 1.0 0.878125 0.552254 0.243750 0.133197
0 1.0 0.249219 0.600410 0.045312 0.069672
0 1.0 0.188281 0.082992 0.242188 0.165984
0 1.0 0.184375 0.619877 0.150000 0.231557
0 1.0 0.114062 0.601434 0.228125 0.129098
0 1.0 0.506250 0.589139 0.028125 0.051230
0 1.0 0.716406 0.525615 0.082812 0.174180
0 1.0 0.665625 0.552254 0.068750 0.137295
0 1.0 0.655469 0.545082 0.182812 0.192623
0 1.0 0.810937 0.553279 0.046875 0.077869
0 1.0 0.824219 0.553279 0.082812 0.110656
0 1.0 0.826562 0.525615 0.225000 0.260246
0 1.0 0.441406 0.777664 0.135937 0.272541
0 1.0 0.482031 0.788934 0.023438 0.053279
0 1.0 0.396875 0.786885 0.100000 0.233607
0 1.0 0.396875 0.771516 0.334375 0.120902
0 1.0 0.450000 0.784836 0.034375 0.061475
0 1.0 0.607031 0.642418 0.182812 0.206967
0 1.0 0.342187 0.771516 0.118750 0.239754
0 1.0 0.610938 0.789959 0.096875 0.264344
0 1.0 0.629687 0.766393 0.293750 0.131148
0 1.0 0.292187 0.765369 0.115625 0.260246
0 1.0 0.264062 0.776639 0.300000 0.131148
0 1.0 0.898438 0.781762 0.203125 0.329918
0 1.0 0.642969 0.774590 0.135937 0.131148
0 1.0 0.613281 0.778689 0.260937 0.278689
0 1.0 0.553906 0.774590 0.120313 0.348361
0 1.0 0.492188 0.767418 0.134375 0.379098
0 1.0 0.507031 0.778689 0.110937 0.122951
0 1.0 0.759375 0.782787 0.131250 0.241803
0 1.0 0.569531 0.776639 0.095312 0.110656
0 1.0 0.138281 0.776639 0.173437 0.217213
0 1.0 0.121875 0.771516 0.243750 0.112705
0 1.0 0.073438 0.752049 0.131250 0.331967
0 1.0 0.150000 0.780738 0.053125 0.073770
0 1.0 0.379688 0.778689 0.106250 0.102459
0 1.0 0.089063 0.776639 0.028125 0.049180
0 1.0 0.053906 0.758197 0.107813 0.200820
0 1.0 0.958594 0.756148 0.057813 0.221311
0 1.0 0.957031 0.707992 0.085938 0.096311
0 1.0 0.069531 0.769467 0.139063 0.084016
0 1.0 0.324219 0.786885 0.026562 0.057377
0 1.0 0.232031 0.762295 0.154688 0.266393
0 1.0 0.292187 0.777664 0.062500 0.092213
0 1.0 0.219531 0.778689 0.101562 0.110656
0 1.0 0.171094 0.784836 0.057813 0.077869
0 1.0 0.171875 0.824795 0.078125 0.104508
0 1.0 0.680469 0.783811 0.154688 0.182377
0 1.0 0.343750 0.812500 0.237500 0.252049
0 1.0 0.114844 0.832992 0.026562 0.059426
0 1.0 0.957812 0.827869 0.053125 0.155738
0 1.0 0.945312 0.765369 0.109375 0.100410
0 1.0 0.303906 0.821721 0.029687 0.065574
0 1.0 0.217188 0.813525 0.328125 0.139344
0 1.0 0.180469 0.823770 0.101562 0.241803
0 1.0 0.447656 0.846311 0.089063 0.221311
0 1.0 0.453125 0.820697 0.240625 0.112705
0 1.0 0.135156 0.826844 0.107813 0.256148
0 1.0 0.251563 0.816598 0.075000 0.100410
0 1.0 0.768750 0.768443 0.293750 0.143443
0 1.0 0.038281 0.821721 0.067187 0.250000
0 1.0 0.094531 0.824795 0.142187 0.092213
0 1.0 0.715625 0.777664 0.093750 0.108607
0 1.0 0.869531 0.765369 0.260937 0.133197
0 1.0 0.814844 0.785861 0.270313 0.284836
0 1.0 0.793750 0.785861 0.028125 0.059426
0 1.0 0.817187 0.780738 0.118750 0.299180
0 1.0 0.325781 0.717213 0.176563 0.106557
0 1.0 0.064844 0.709016 0.129688 0.086066
0 1.0 0.071094 0.712090 0.042188 0.063525
0 1.0 0.957031 0.654713 0.085938 0.100410
0 1.0 0.944531 0.658811 0.110937 0.182377
0 1.0 0.229687 0.702869 0.246875 0.274590
0 1.0 0.245312 0.714139 0.315625 0.133197
0 1.0 0.278906 0.720287 0.079687 0.100410
0 1.0 0.535156 0.716189 0.101562 0.092213
0 1.0 0.125781 0.709016 0.251563 0.114754
0 1.0 0.184375 0.713115 0.065625 0.090164
0 1.0 0.214062 0.709016 0.137500 0.131148
0 1.0 0.725781 0.657787 0.304688 0.118852
0 1.0 0.718750 0.690574 0.075000 0.184426
0 1.0 0.747656 0.667008 0.123438 0.104508
0 1.0 0.717187 0.667008 0.246875 0.301230
0 1.0 0.877344 0.656762 0.245312 0.137295
0 1.0 0.667969 0.658811 0.173437 0.190574
0 1.0 0.607031 0.644467 0.070312 0.194672
0 1.0 0.802344 0.665984 0.032813 0.053279
0 1.0 0.846875 0.671107 0.028125 0.051230
0 1.0 0.862500 0.651639 0.221875 0.323770
0 1.0 0.139063 0.713115 0.065625 0.090164
0 1.0 0.800781 0.663934 0.117188 0.110656
0 1.0 0.775000 0.719262 0.165625 0.135246
0 1.0 0.673438 0.713115 0.328125 0.118852
0 1.0 0.674219 0.737705 0.076563 0.192623
0 1.0 0.721094 0.723361 0.073438 0.081967
0 1.0 0.896875 0.713115 0.137500 0.135246
0 1.0 0.789062 0.718238 0.034375 0.055328
0 1.0 0.878125 0.719262 0.106250 0.262295
0 1.0 0.814844 0.714139 0.185938 0.235656
0 1.0 0.842187 0.725410 0.028125 0.053279
0 1.0 0.460938 0.730533 0.028125 0.051230
0 1.0 0.399219 0.727459 0.170313 0.209016
0 1.0 0.615625 0.714139 0.071875 0.219262
0 1.0 0.333594 0.709016 0.251563 0.270492
0 1.0 0.303906 0.729508 0.026562 0.053279
0 1.0 0.642188 0.717213 0.128125 0.110656
0 1.0 0.554688 0.715164 0.250000 0.102459
0 1.0 0.585156 0.722336 0.079687 0.075820
0 1.0 0.449219 0.674180 0.226562 0.368852
0 1.0 0.458594 0.720287 0.126562 0.075820
0 1.0 0.521094 0.730533 0.020313 0.043033
0 1.0 0.239844 0.394467 0.070312 0.178279
0 1.0 0.254688 0.348361 0.246875 0.127049
0 1.0 0.238281 0.341189 0.242188 0.264344
0 1.0 0.194531 0.426230 0.039062 0.098361
0 1.0 0.821875 0.512295 0.118750 0.127049
0 1.0 0.214062 0.381148 0.043750 0.081967
0 1.0 0.137500 0.419057 0.046875 0.133197
0 1.0 0.146094 0.351434 0.220312 0.157787
0 1.0 0.189844 0.387295 0.104688 0.155738
0 1.0 0.449219 0.355533 0.251563 0.280738
0 1.0 0.484375 0.394467 0.056250 0.079918
0 1.0 0.399219 0.437500 0.042188 0.092213
0 1.0 0.431250 0.349385 0.315625 0.120902
0 1.0 0.399219 0.406762 0.092188 0.125000
0 1.0 0.360156 0.438525 0.035937 0.086066
0 1.0 0.332031 0.391393 0.023438 0.053279
0 1.0 0.360156 0.399590 0.085938 0.131148
0 1.0 0.339062 0.367828 0.253125 0.145492
0 1.0 0.385156 0.395492 0.032813 0.065574
0 1.0 0.287500 0.403689 0.031250 0.086066
0 1.0 0.282813 0.376025 0.093750 0.161885
0 1.0 0.901563 0.296107 0.196875 0.165984
0 1.0 0.883594 0.338115 0.082812 0.168033
0 1.0 0.870313 0.299180 0.056250 0.065574
0 1.0 0.899219 0.325820 0.023438 0.049180
0 1.0 0.086719 0.419057 0.054688 0.157787
0 1.0 0.817187 0.351434 0.090625 0.194672
0 1.0 0.852344 0.297131 0.154688 0.102459
0 1.0 0.829688 0.328893 0.034375 0.063525
0 1.0 0.825000 0.312500 0.256250 0.280738
0 1.0 0.771875 0.348361 0.087500 0.188525
0 1.0 0.783594 0.295082 0.310937 0.127049
0 1.0 0.786719 0.328893 0.032813 0.063525
0 1.0 0.137500 0.347336 0.093750 0.084016
0 1.0 0.096094 0.414959 0.035937 0.092213
0 1.0 0.105469 0.345287 0.210938 0.284836
0 1.0 0.027344 0.382172 0.026562 0.092213
0 1.0 0.103906 0.345287 0.060937 0.067623
0 1.0 0.028125 0.379098 0.056250 0.143443
0 1.0 0.074219 0.348361 0.070312 0.086066
0 1.0 0.954688 0.371926 0.034375 0.096311
0 1.0 0.957031 0.289959 0.085938 0.096311
0 1.0 0.944531 0.337090 0.042188 0.079918
0 1.0 0.926562 0.331967 0.096875 0.245902
0 1.0 0.874219 0.346311 0.104688 0.086066
0 1.0 0.833594 0.344262 0.304688 0.127049
0 1.0 0.821094 0.402664 0.073438 0.149590
0 1.0 0.890625 0.399590 0.050000 0.110656
0 1.0 0.138281 0.413934 0.179688 0.196721
0 1.0 0.075781 0.471311 0.060937 0.151639
0 1.0 0.137500 0.397541 0.137500 0.098361
0 1.0 0.085938 0.472336 0.031250 0.075820
0 1.0 0.036719 0.472336 0.042188 0.141393
0 1.0 0.050000 0.409836 0.100000 0.135246
0 1.0 0.939844 0.343238 0.120313 0.104508
0 1.0 0.940625 0.389344 0.053125 0.102459
0 1.0 0.085156 0.396516 0.148438 0.084016
0 1.0 0.614844 0.351434 0.276562 0.149590
0 1.0 0.553906 0.419057 0.082812 0.190574
0 1.0 0.551562 0.383197 0.256250 0.295082
0 1.0 0.762500 0.412910 0.096875 0.211066
0 1.0 0.493750 0.440574 0.059375 0.127049
0 1.0 0.504687 0.368852 0.193750 0.176230
0 1.0 0.439844 0.438525 0.026562 0.053279
0 1.0 0.506250 0.355533 0.153125 0.088115
0 1.0 0.766406 0.376025 0.251563 0.305328
0 1.0 0.715625 0.422131 0.081250 0.184426
0 1.0 0.718750 0.346311 0.321875 0.114754
0 1.0 0.609375 0.414959 0.046875 0.120902
0 1.0 0.716406 0.375000 0.157812 0.172131
0 1.0 0.662500 0.419057 0.062500 0.174180
0 1.0 0.659375 0.369877 0.256250 0.280738
0 1.0 0.606250 0.415984 0.075000 0.192623
0 1.0 0.882031 0.260246 0.098437 0.241803
0 1.0 0.839063 0.239754 0.087500 0.090164
0 1.0 0.892969 0.269467 0.048438 0.120902
0 1.0 0.870313 0.246926 0.075000 0.100410
0 1.0 0.870313 0.238730 0.225000 0.284836
0 1.0 0.816406 0.270492 0.092188 0.237705
0 1.0 0.833594 0.236680 0.295312 0.133197
0 1.0 0.767969 0.263320 0.101562 0.284836
0 1.0 0.778906 0.251025 0.060937 0.141393
0 1.0 0.767188 0.237705 0.246875 0.295082
0 1.0 0.101562 0.301230 0.112500 0.135246
0 1.0 0.039844 0.335041 0.042188 0.149590
0 1.0 0.082031 0.302254 0.076563 0.063525
0 1.0 0.050000 0.314549 0.040625 0.100410
0 1.0 0.959375 0.301230 0.046875 0.143443
0 1.0 0.924219 0.242828 0.132812 0.198770
0 1.0 0.950000 0.238730 0.100000 0.104508
0 1.0 0.574219 0.240779 0.132812 0.133197
0 1.0 0.551562 0.214139 0.234375 0.329918
0 1.0 0.666406 0.256148 0.048438 0.122951
0 1.0 0.081250 0.040984 0.040625 0.045082
0 1.0 0.200781 0.060451 0.064062 0.079918
0 1.0 0.136719 0.097336 0.042188 0.100410
0 1.0 0.171094 0.036885 0.085938 0.069672
0 1.0 0.713281 0.266393 0.098437 0.250000
0 1.0 0.075781 0.103484 0.045312 0.100410
0 1.0 0.146875 0.038934 0.056250 0.053279
0 1.0 0.121094 0.044057 0.092188 0.071721
0 1.0 0.103125 0.080943 0.206250 0.161885
0 1.0 0.037500 0.088115 0.028125 0.081967
0 1.0 0.719531 0.240779 0.304688 0.129098
0 1.0 0.721094 0.257172 0.054688 0.116803
0 1.0 0.657031 0.258197 0.085938 0.250000
0 1.0 0.658594 0.234631 0.182812 0.202869
0 1.0 0.605469 0.254098 0.092188 0.250000
0 1.0 0.609375 0.256148 0.046875 0.122951
0 1.0 0.550000 0.238730 0.100000 0.260246
0 1.0 0.564063 0.240779 0.293750 0.137295
0 1.0 0.558594 0.344262 0.098437 0.204918
0 1.0 0.576562 0.298156 0.137500 0.079918
0 1.0 0.563281 0.330943 0.064062 0.112705
0 1.0 0.557031 0.299180 0.232813 0.122951
0 1.0 0.498437 0.360656 0.071875 0.147541
0 1.0 0.517188 0.313525 0.106250 0.114754
0 1.0 0.446094 0.385246 0.032813 0.069672
0 1.0 0.556250 0.304303 0.021875 0.034836
0 1.0 0.442188 0.342213 0.096875 0.114754
0 1.0 0.509375 0.340164 0.018750 0.032787
0 1.0 0.502344 0.357582 0.045312 0.084016
0 1.0 0.725000 0.349385 0.034375 0.059426
0 1.0 0.727344 0.318648 0.104688 0.112705
0 1.0 0.625781 0.311475 0.110937 0.122951
0 1.0 0.676562 0.354508 0.028125 0.057377
0 1.0 0.669531 0.317623 0.123438 0.127049
0 1.0 0.604688 0.347336 0.028125 0.059426
0 1.0 0.189844 0.357582 0.051562 0.112705
0 1.0 0.246094 0.306352 0.107813 0.088115
0 1.0 0.187500 0.326844 0.093750 0.137295
0 1.0 0.396875 0.360656 0.062500 0.131148
0 1.0 0.139844 0.344262 0.070312 0.155738
0 1.0 0.156250 0.294057 0.109375 0.079918
0 1.0 0.150000 0.337090 0.031250 0.067623
0 1.0 0.079687 0.326844 0.021875 0.047131
0 1.0 0.226562 0.329918 0.021875 0.045082
0 1.0 0.431250 0.287910 0.237500 0.092213
0 1.0 0.419531 0.315574 0.082812 0.106557
0 1.0 0.353125 0.366803 0.050000 0.102459
0 1.0 0.422656 0.298156 0.035937 0.047131
0 1.0 0.355469 0.337090 0.085938 0.116803
0 1.0 0.356250 0.295082 0.253125 0.135246
0 1.0 0.252344 0.364754 0.032813 0.069672
0 1.0 0.389844 0.332992 0.026562 0.051230
0 1.0 0.304688 0.301230 0.178125 0.086066
0 1.0 0.284375 0.323770 0.109375 0.159836
0 1.0 0.330469 0.343238 0.017188 0.038934
0 1.0 0.201563 0.294057 0.268750 0.129098
0 1.0 0.956250 0.495902 0.031250 0.086066
0 1.0 0.962500 0.447746 0.075000 0.088115
0 1.0 0.920312 0.450820 0.096875 0.176230
0 1.0 0.835938 0.449795 0.025000 0.055328
0 1.0 0.887500 0.494877 0.053125 0.120902
0 1.0 0.832031 0.453893 0.176563 0.133197
0 1.0 0.178125 0.515369 0.159375 0.178279
0 1.0 0.146875 0.498975 0.234375 0.284836
0 1.0 0.053125 0.534836 0.078125 0.114754
0 1.0 0.126562 0.510246 0.140625 0.114754
0 1.0 0.045312 0.593238 0.037500 0.104508
0 1.0 0.082031 0.510246 0.114062 0.069672
0 1.0 0.074219 0.519467 0.054688 0.063525
0 1.0 0.669531 0.457992 0.164062 0.247951
0 1.0 0.616406 0.441598 0.135937 0.104508
0 1.0 0.609375 0.481557 0.053125 0.159836
0 1.0 0.601562 0.446721 0.278125 0.184426
0 1.0 0.812500 0.483607 0.115625 0.274590
0 1.0 0.553906 0.474385 0.123438 0.301230
0 1.0 0.517188 0.446721 0.193750 0.118852
0 1.0 0.486719 0.450820 0.110937 0.090164
0 1.0 0.771094 0.484631 0.067187 0.157787
0 1.0 0.673438 0.477459 0.059375 0.184426
0 1.0 0.758594 0.460041 0.170313 0.243852
0 1.0 0.744531 0.442623 0.148438 0.110656
0 1.0 0.678906 0.440574 0.232813 0.131148
0 1.0 0.663281 0.506148 0.295312 0.143443
0 1.0 0.523438 0.507172 0.300000 0.153689
0 1.0 0.394531 0.500000 0.085938 0.110656
0 1.0 0.360938 0.501025 0.156250 0.198770
0 1.0 0.279687 0.548156 0.062500 0.153689
0 1.0 0.260156 0.496926 0.148438 0.096311
0 1.0 0.277344 0.529713 0.110937 0.190574
0 1.0 0.285938 0.498975 0.234375 0.260246
0 1.0 0.432031 0.508197 0.151562 0.200820
0 1.0 0.346094 0.530738 0.079687 0.209016
0 1.0 0.487500 0.468238 0.118750 0.260246
0 1.0 0.285938 0.405738 0.231250 0.143443
0 1.0 0.314063 0.419057 0.071875 0.125000
0 1.0 0.237500 0.454918 0.037500 0.094262
0 1.0 0.441406 0.462090 0.085938 0.157787
0 1.0 0.188281 0.459016 0.073438 0.163934
0 1.0 0.201563 0.397541 0.259375 0.122951
0 1.0 0.136719 0.463115 0.070312 0.172131
0 1.0 0.148438 0.465164 0.037500 0.086066
0 1.0 0.464844 0.424180 0.129688 0.155738
0 1.0 0.357031 0.460041 0.060937 0.145492
0 1.0 0.286719 0.440574 0.067187 0.172131
0 1.0 0.314063 0.401639 0.143750 0.090164
0 1.0 0.284375 0.493852 0.043750 0.106557
0 1.0 0.372656 0.451844 0.057813 0.063525
0 1.0 0.337500 0.481557 0.021875 0.057377
0 1.0 0.238281 0.498975 0.064062 0.165984
0 1.0 0.295312 0.446721 0.037500 0.053279
0 1.0 0.822656 0.401639 0.264062 0.163934
0 1.0 0.194531 0.527664 0.042188 0.096311
0 1.0 0.245312 0.453893 0.028125 0.051230
0 1.0 0.208594 0.485656 0.039062 0.073770
0 1.0 0.446875 0.506148 0.056250 0.122951
0 1.0 0.537500 0.447746 0.025000 0.047131
0 1.0 0.478906 0.494877 0.079687 0.133197
0 1.0 0.389844 0.478484 0.035937 0.075820
0 1.0 0.424219 0.452869 0.254688 0.172131
0 1.0 0.360156 0.500000 0.045312 0.106557
0 1.0 0.357031 0.453893 0.023438 0.043033
0 1.0 0.308594 0.449795 0.167187 0.116803
0 1.0 0.360156 0.453893 0.248438 0.256148
0 1.0 0.924219 0.396516 0.151562 0.157787
0 1.0 0.900000 0.403689 0.200000 0.311475
0 1.0 0.137500 0.527664 0.046875 0.104508
0 1.0 0.879687 0.446721 0.103125 0.233607
0 1.0 0.851562 0.397541 0.109375 0.094262
0 1.0 0.892188 0.452869 0.053125 0.122951
0 1.0 0.205469 0.451844 0.042188 0.059426
0 1.0 0.171875 0.449795 0.034375 0.055328
0 1.0 0.090625 0.522541 0.031250 0.065574
0 1.0 0.040625 0.539959 0.028125 0.092213
0 1.0 0.125781 0.451844 0.020313 0.038934
0 1.0 0.044531 0.513320 0.039062 0.088115
0 1.0 0.074219 0.449795 0.085938 0.084016
0 1.0 0.073438 0.453893 0.146875 0.256148
0 1.0 0.509375 0.146516 0.143750 0.293033
0 1.0 0.452344 0.161885 0.064062 0.200820
0 1.0 0.487500 0.126025 0.190625 0.125000
0 1.0 0.448437 0.142418 0.134375 0.284836
0 1.0 0.650000 0.819672 0.106250 0.114754
0 1.0 0.642188 0.659836 0.484375 0.434426
0 1.0 0.564844 0.643443 0.548438 0.233607
0 1.0 0.353906 0.643443 0.557813 0.229508
0 1.0 0.392969 0.149590 0.092188 0.245902
0 1.0 0.478125 0.132172 0.046875 0.084016
0 1.0 0.345313 0.168033 0.087500 0.241803
0 1.0 0.382031 0.127049 0.114062 0.090164
0 1.0 0.653125 0.664959 0.218750 0.518443
0 1.0 0.561719 0.129098 0.176563 0.168033
0 1.0 0.820312 0.121926 0.259375 0.165984
0 1.0 0.768750 0.152664 0.087500 0.223361
0 1.0 0.711719 0.149590 0.104688 0.270492
0 1.0 0.722656 0.119877 0.217188 0.125000
0 1.0 0.257031 0.638320 0.410938 0.420082
0 1.0 0.735156 0.545082 0.410938 0.418033
0 1.0 0.756250 0.664959 0.231250 0.518443
0 1.0 0.704688 0.128074 0.246875 0.252049
0 1.0 0.657813 0.161885 0.078125 0.233607
0 1.0 0.608594 0.134221 0.182812 0.252049
0 1.0 0.610938 0.156762 0.068750 0.186475
0 1.0 0.078906 0.145492 0.114062 0.245902
0 1.0 0.031250 0.164959 0.053125 0.227459
0 1.0 0.288281 0.141393 0.251563 0.270492
0 1.0 0.201563 0.127049 0.175000 0.110656
0 1.0 0.184375 0.180328 0.065625 0.204918
0 1.0 0.175781 0.156762 0.132812 0.268443
0 1.0 0.293750 0.138320 0.153125 0.182377
0 1.0 0.296094 0.846311 0.592187 0.192623
0 1.0 0.732031 0.840164 0.464062 0.225410
0 1.0 0.961719 0.137295 0.039062 0.110656
0 1.0 0.137500 0.123975 0.150000 0.108607
0 1.0 0.135156 0.171107 0.089063 0.256148
0 1.0 0.292187 0.192623 0.059375 0.168033
0 1.0 0.263281 0.148566 0.023438 0.047131
0 1.0 0.456250 0.723361 0.403125 0.450820
0 1.0 0.364844 0.756148 0.589063 0.213115
0 1.0 0.512500 0.133197 0.043750 0.090164
0 1.0 0.153125 0.177254 0.253125 0.186475
0 1.0 0.178125 0.190574 0.018750 0.049180
0 1.0 0.622656 0.532787 0.579688 0.217213
0 1.0 0.464844 0.463115 0.567187 0.221311
0 1.0 0.461719 0.466189 0.235937 0.354508
0 1.0 0.711719 0.354508 0.567187 0.217213
0 1.0 0.723437 0.356557 0.396875 0.450820
0 1.0 0.224219 0.188525 0.220312 0.122951
0 1.0 0.314063 0.181352 0.125000 0.137295
0 1.0 0.326562 0.202869 0.018750 0.049180
0 1.0 0.263281 0.445697 0.467187 0.411885
0 1.0 0.546094 0.366803 0.410938 0.459016
0 1.0 0.475781 0.353484 0.654687 0.206967
0 1.0 0.235937 0.209016 0.118750 0.327869
0 1.0 0.419531 0.178279 0.220312 0.172131
0 1.0 0.388281 0.186475 0.085938 0.086066
0 1.0 0.366406 0.176230 0.064062 0.118852
0 1.0 0.381250 0.531762 0.537500 0.219262
0 1.0 0.932813 0.129098 0.134375 0.151639
0 1.0 0.903906 0.142418 0.192188 0.276639
0 1.0 0.814063 0.151639 0.103125 0.241803
0 1.0 0.821875 0.151639 0.065625 0.147541
0 1.0 0.949219 0.169057 0.067187 0.157787
0 1.0 0.069531 0.185451 0.064062 0.063525
0 1.0 0.040625 0.182377 0.081250 0.086066
0 1.0 0.134375 0.179303 0.146875 0.104508
0 1.0 0.882812 0.145492 0.084375 0.176230
0 1.0 0.824219 0.125000 0.114062 0.122951
0 1.0 0.843750 0.448770 0.193750 0.549180
0 1.0 0.893750 0.078893 0.028125 0.051230
0 1.0 0.885938 0.059426 0.103125 0.114754
0 1.0 0.814063 0.106557 0.046875 0.098361
0 1.0 0.836719 0.037910 0.135937 0.071721
0 1.0 0.824219 0.091189 0.026562 0.051230
0 1.0 0.056250 0.088115 0.096875 0.139344
0 1.0 0.959375 0.088115 0.028125 0.069672
0 1.0 0.625000 0.044057 0.143750 0.084016
0 1.0 0.494531 0.197746 0.989062 0.391393
0 1.0 0.776563 0.115779 0.046875 0.112705
0 1.0 0.784375 0.040984 0.134375 0.065574
0 1.0 0.787500 0.099385 0.028125 0.059426
0 1.0 0.778125 0.068648 0.090625 0.104508
0 1.0 0.514062 0.878074 0.831250 0.243852
0 1.0 0.719531 0.087090 0.051562 0.108607
0 1.0 0.732031 0.039959 0.104688 0.063525
0 1.0 0.945312 0.036885 0.109375 0.073770
0 1.0 0.161719 0.082992 0.120313 0.125000
0 1.0 0.949219 0.071721 0.042188 0.073770
0 1.0 0.923438 0.088115 0.056250 0.122951
0 1.0 0.879687 0.088115 0.050000 0.098361
0 1.0 0.886719 0.040984 0.054688 0.053279
0 1.0 0.400000 0.067623 0.106250 0.135246
0 1.0 0.436719 0.044057 0.060937 0.059426
0 1.0 0.407813 0.081967 0.234375 0.163934
0 1.0 0.350000 0.088115 0.043750 0.106557
0 1.0 0.322656 0.037910 0.020313 0.038934
0 1.0 0.300000 0.044057 0.103125 0.079918
0 1.0 0.621094 0.106557 0.026562 0.057377
0 1.0 0.370312 0.059426 0.071875 0.098361
0 1.0 0.295312 0.085041 0.040625 0.104508
0 1.0 0.531250 0.039959 0.021875 0.038934
0 1.0 0.482812 0.450820 0.437500 0.864754
0 1.0 0.509375 0.473361 0.981250 0.413934
0 1.0 0.061719 0.059426 0.057813 0.086066
0 1.0 0.321094 0.059426 0.054688 0.086066
0 1.0 0.235156 0.081967 0.070312 0.159836
0 1.0 0.254688 0.036885 0.150000 0.073770
0 1.0 0.412500 0.036885 0.181250 0.073770
0 1.0 0.185156 0.100410 0.048438 0.106557
0 1.0 0.481250 0.064549 0.062500 0.088115
0 1.0 0.508594 0.033811 0.139063 0.067623
0 1.0 0.506250 0.084016 0.075000 0.151639
0 1.0 0.447656 0.100410 0.029687 0.077869
0 1.0 0.728906 0.080943 0.029687 0.059426
0 1.0 0.660156 0.112705 0.042188 0.090164
0 1.0 0.682031 0.038934 0.139063 0.069672
0 1.0 0.669531 0.068648 0.089063 0.096311
0 1.0 0.614062 0.121926 0.046875 0.116803
0 1.0 0.648438 0.036885 0.075000 0.057377
0 1.0 0.442969 0.078893 0.079687 0.129098
0 1.0 0.624219 0.063525 0.079687 0.090164
0 1.0 0.545312 0.099385 0.059375 0.153689
0 1.0 0.586719 0.035861 0.076563 0.055328
0 1.0 0.564063 0.056352 0.081250 0.096311
0 1.0 0.511719 0.078893 0.242188 0.120902
0 1.0 0.279687 0.923156 0.559375 0.153689
0 1.0 0.722656 0.129098 0.060937 0.135246
0 1.0 0.672656 0.081967 0.242188 0.127049
0 1.0 0.253906 0.122951 0.507812 0.245902
0 1.0 0.829688 0.922131 0.340625 0.155738
0 1.0 0.882031 0.123975 0.057813 0.108607
0 1.0 0.082031 0.125000 0.089063 0.077869
0 1.0 0.939063 0.078893 0.121875 0.104508
0 1.0 0.325000 0.303279 0.543750 0.516393
0 1.0 0.091406 0.077869 0.082812 0.081967
0 1.0 0.412500 0.078893 0.062500 0.075820
0 1.0 0.510156 0.082992 0.048438 0.092213
0 1.0 0.263281 0.086066 0.026562 0.053279
0 1.0 0.300781 0.092213 0.095312 0.122951
0 1.0 0.483594 0.081967 0.035937 0.077869
0 1.0 0.174219 0.895492 0.126562 0.209016
0 1.0 0.188281 0.912910 0.248438 0.149590
0 1.0 0.465625 0.889344 0.225000 0.221311
0 1.0 0.471875 0.907787 0.121875 0.163934
0 1.0 0.081250 0.900615 0.100000 0.198770
0 1.0 0.109375 0.915984 0.209375 0.106557
0 1.0 0.026562 0.926230 0.053125 0.147541
0 1.0 0.060156 0.919057 0.120313 0.084016
0 1.0 0.339062 0.889344 0.112500 0.221311
0 1.0 0.378906 0.914959 0.260937 0.112705
0 1.0 0.292187 0.893443 0.109375 0.213115
0 1.0 0.549219 0.908811 0.101562 0.182377
0 1.0 0.293750 0.884221 0.237500 0.231557
0 1.0 0.228906 0.889344 0.114062 0.221311
0 1.0 0.259375 0.911885 0.159375 0.122951
0 1.0 0.570312 0.917008 0.259375 0.116803
0 1.0 0.876563 0.887295 0.193750 0.180328
0 1.0 0.830469 0.904713 0.048438 0.092213
0 1.0 0.843750 0.924180 0.031250 0.061475
0 1.0 0.767969 0.876025 0.048438 0.096311
0 1.0 0.780469 0.899590 0.032813 0.065574
0 1.0 0.795312 0.880123 0.193750 0.137295
0 1.0 0.724219 0.882172 0.048438 0.104508
0 1.0 0.748437 0.880123 0.134375 0.104508
0 1.0 0.321875 0.925205 0.056250 0.075820
0 1.0 0.957031 0.921107 0.026562 0.063525
0 1.0 0.933594 0.879098 0.132812 0.114754
0 1.0 0.946094 0.924180 0.045312 0.081967
0 1.0 0.881250 0.917008 0.062500 0.112705
0 1.0 0.802344 0.887295 0.073438 0.069672
0 1.0 0.919531 0.907787 0.060937 0.131148
0 1.0 0.134375 0.926230 0.109375 0.147541
0 1.0 0.832031 0.925205 0.079687 0.141393
0 1.0 0.771094 0.925205 0.085938 0.149590
0 1.0 0.711719 0.891393 0.110937 0.217213
0 1.0 0.740625 0.920082 0.328125 0.114754
0 1.0 0.069531 0.965164 0.045312 0.049180
0 1.0 0.051562 0.963115 0.071875 0.073770
0 1.0 0.312500 0.966189 0.068750 0.067623
0 1.0 0.948438 0.932377 0.075000 0.135246
0 1.0 0.872656 0.909836 0.098437 0.180328
0 1.0 0.500000 0.910861 0.100000 0.116803
0 1.0 0.400000 0.880123 0.112500 0.239754
0 1.0 0.667969 0.898566 0.101562 0.202869
0 1.0 0.667188 0.890369 0.265625 0.219262
0 1.0 0.609375 0.933402 0.065625 0.133197
0 1.0 0.797656 0.817623 0.170313 0.139344
0 1.0 0.099219 0.869877 0.032813 0.067623
0 1.0 0.740625 0.815574 0.128125 0.127049
0 1.0 0.685156 0.812500 0.317188 0.141393
0 1.0 0.956250 0.889344 0.050000 0.135246
0 1.0 0.938281 0.820697 0.123438 0.108607
0 1.0 0.917188 0.834016 0.112500 0.299180
0 1.0 0.808594 0.838115 0.026562 0.057377
0 1.0 0.887500 0.825820 0.125000 0.135246
0 1.0 0.500000 0.828893 0.031250 0.063525
0 1.0 0.480469 0.816598 0.035937 0.075820
0 1.0 0.382031 0.812500 0.164062 0.104508
0 1.0 0.400000 0.814549 0.078125 0.092213
0 1.0 0.606250 0.848361 0.065625 0.143443
0 1.0 0.720313 0.817623 0.065625 0.094262
0 1.0 0.564844 0.824795 0.067187 0.092213
0 1.0 0.492188 0.827869 0.084375 0.102459
0 1.0 0.453906 0.848361 0.029687 0.081967
0 1.0 0.049219 0.873975 0.098437 0.141393
0 1.0 0.480469 0.880123 0.042188 0.075820
0 1.0 0.349219 0.842213 0.039062 0.086066
0 1.0 0.388281 0.869877 0.145313 0.096311
0 1.0 0.678906 0.873975 0.035937 0.079918
0 1.0 0.691406 0.890369 0.026562 0.059426
0 1.0 0.706250 0.878074 0.103125 0.088115
0 1.0 0.608594 0.883197 0.029687 0.065574
0 1.0 0.626563 0.873975 0.278125 0.120902
0 1.0 0.614062 0.903689 0.021875 0.049180
0 1.0 0.517969 0.878074 0.304688 0.129098
0 1.0 0.892969 0.923156 0.039062 0.075820
0 1.0 0.870313 0.896516 0.031250 0.047131
0 1.0 0.562500 0.895492 0.037500 0.081967
0 1.0 0.579688 0.880123 0.093750 0.096311
0 1.0 0.538281 0.886270 0.032813 0.063525
0 1.0 0.141406 0.842213 0.045312 0.118852
0 1.0 0.174219 0.864754 0.082812 0.110656
0 1.0 0.131250 0.845287 0.234375 0.256148
0 1.0 0.082812 0.832992 0.056250 0.133197
0 1.0 0.355469 0.862705 0.060937 0.114754
0 1.0 0.030469 0.880123 0.035937 0.116803
0 1.0 0.088281 0.866803 0.107813 0.081967
0 1.0 0.235156 0.875000 0.273438 0.114754
0 1.0 0.304688 0.845287 0.075000 0.137295
0 1.0 0.296094 0.882172 0.029687 0.055328
0 1.0 0.235937 0.861680 0.053125 0.112705
0 1.0 0.178906 0.845287 0.045312 0.108607
0 1.0 0.460156 0.143443 0.589063 0.233607
0 1.0 0.451562 0.201844 0.250000 0.403689
0 1.0 0.354687 0.216189 0.215625 0.432377
0 1.0 0.722656 0.142418 0.529687 0.227459
0 1.0 0.642188 0.226434 0.215625 0.452869
0 1.0 0.768750 0.175205 0.300000 0.133197
0 1.0 0.774219 0.075820 0.451562 0.151639
0 1.0 0.134375 0.259221 0.078125 0.186475
0 1.0 0.135937 0.242828 0.168750 0.149590
0 1.0 0.544531 0.074795 0.632812 0.149590
0 1.0 0.081250 0.245902 0.078125 0.250000
0 1.0 0.921875 0.182377 0.106250 0.192623
0 1.0 0.829688 0.182377 0.125000 0.122951
0 1.0 0.043750 0.242828 0.078125 0.088115
0 1.0 0.053125 0.239754 0.106250 0.180328
0 1.0 0.957031 0.242828 0.048438 0.153689
0 1.0 0.521094 0.177254 0.279687 0.141393
0 1.0 0.167187 0.252049 0.334375 0.459016
0 1.0 0.527344 0.190574 0.054688 0.081967
0 1.0 0.464844 0.244877 0.589063 0.231557
0 1.0 0.499219 0.185451 0.042188 0.096311
0 1.0 0.242188 0.349385 0.206250 0.547131
0 1.0 0.217188 0.244877 0.434375 0.223361
0 1.0 0.728125 0.244877 0.528125 0.231557
0 1.0 0.883594 0.953893 0.070312 0.063525
0 1.0 0.564844 0.951844 0.089063 0.096311
0 1.0 0.596094 0.957992 0.023438 0.043033
0 1.0 0.515625 0.944672 0.109375 0.110656
0 1.0 0.549219 0.962090 0.023438 0.038934
0 1.0 0.517969 0.953893 0.060937 0.071721
0 1.0 0.466406 0.946721 0.095312 0.106557
0 1.0 0.724219 0.947746 0.110937 0.104508
0 1.0 0.778906 0.956967 0.039062 0.045082
0 1.0 0.664844 0.937500 0.070312 0.125000
0 1.0 0.725781 0.955943 0.032813 0.043033
0 1.0 0.645312 0.957992 0.028125 0.043033
0 1.0 0.682813 0.957992 0.025000 0.043033
0 1.0 0.252344 0.953893 0.107813 0.092213
0 1.0 0.183594 0.930328 0.073438 0.139344
0 1.0 0.235937 0.966189 0.053125 0.051230
0 1.0 0.196094 0.953893 0.157812 0.092213
0 1.0 0.475000 0.963115 0.050000 0.049180
0 1.0 0.134375 0.962090 0.078125 0.059426
0 1.0 0.178125 0.967213 0.056250 0.053279
0 1.0 0.414062 0.947746 0.103125 0.104508
0 1.0 0.342187 0.941598 0.078125 0.116803
0 1.0 0.385156 0.964139 0.020313 0.034836
0 1.0 0.325781 0.968238 0.039062 0.043033
0 1.0 0.307812 0.965164 0.043750 0.045082
0 1.0 0.282031 0.961066 0.082812 0.077869
0 1.0 0.968750 0.953893 0.053125 0.092213
0 1.0 0.875781 0.956967 0.154688 0.086066
0 1.0 0.348438 0.288934 0.056250 0.172131
0 1.0 0.375781 0.237705 0.289062 0.114754
0 1.0 0.347656 0.261270 0.107813 0.206967
0 1.0 0.291406 0.316598 0.051562 0.149590
0 1.0 0.257812 0.260246 0.028125 0.053279
0 1.0 0.292969 0.257172 0.142187 0.178279
0 1.0 0.510938 0.235656 0.084375 0.180328
0 1.0 0.099219 0.228484 0.198437 0.313525
0 1.0 0.035156 0.276639 0.045312 0.204918
0 1.0 0.232813 0.238730 0.284375 0.133197
0 1.0 0.186719 0.292008 0.048438 0.157787
0 1.0 0.178906 0.263320 0.095312 0.190574
0 1.0 0.861719 0.953893 0.026562 0.047131
0 1.0 0.450000 0.308402 0.028125 0.096311
0 1.0 0.450000 0.269467 0.084375 0.157787
0 1.0 0.528125 0.246926 0.034375 0.059426
0 1.0 0.392188 0.247951 0.078125 0.278689
0 1.0 0.462500 0.246926 0.056250 0.075820
0 1.0 0.153906 0.733607 0.307812 0.364754
0 1.0 0.249219 0.816598 0.410938 0.366803
0 1.0 0.703125 0.802254 0.593750 0.395492
0 1.0 0.547656 0.835041 0.214062 0.329918
0 1.0 0.457813 0.908811 0.490625 0.182377
0 1.0 0.750781 0.840164 0.210938 0.319672
0 1.0 0.460156 0.745902 0.920312 0.454918
0 1.0 0.815625 0.479508 0.368750 0.930328
0 1.0 0.072656 0.549180 0.145313 0.610656
0 1.0 0.192969 0.483607 0.385937 0.815574
0 1.0 0.913281 0.561475 0.173437 0.516393
0 1.0 0.801562 0.446721 0.381250 0.266393
0 1.0 0.866406 0.685451 0.267188 0.629098