0 1.0 0.411719 0.514118 0.554688 0.774118
0 1.0 0.644531 0.595294 0.173437 0.254118
0 1.0 0.596094 0.654118 0.145313 0.447059
0 1.0 0.379688 0.592941 0.200000 0.244706
0 1.0 0.604688 0.592941 0.250000 0.127059
0 1.0 0.273438 0.600000 0.209375 0.108235
0 1.0 0.282031 0.627059 0.142187 0.280000
0 1.0 0.329688 0.603529 0.028125 0.049412
0 1.0 0.239844 0.660000 0.110937 0.327059
0 1.0 0.605469 0.596471 0.054688 0.087059
0 1.0 0.560937 0.595294 0.175000 0.268235
0 1.0 0.507812 0.601176 0.140625 0.378824
0 1.0 0.768750 0.631765 0.103125 0.242353
0 1.0 0.734375 0.600000 0.221875 0.117647
0 1.0 0.773438 0.634118 0.071875 0.152941
0 1.0 0.708594 0.625882 0.126562 0.296471
0 1.0 0.500000 0.607059 0.040625 0.065882
0 1.0 0.411719 0.602353 0.073438 0.094118
0 1.0 0.058594 0.605882 0.029687 0.049412
0 1.0 0.067187 0.605882 0.134375 0.275294
0 1.0 0.965625 0.611765 0.037500 0.103529
0 1.0 0.435937 0.654118 0.096875 0.272941
0 1.0 0.939063 0.550588 0.121875 0.136471
0 1.0 0.243750 0.624706 0.265625 0.336471
0 1.0 0.188281 0.650588 0.101562 0.275294
0 1.0 0.185938 0.600000 0.237500 0.117647
0 1.0 0.961719 0.549412 0.076563 0.091765
0 1.0 0.264062 0.604706 0.043750 0.070588
0 1.0 0.544531 0.598824 0.082812 0.091765
0 1.0 0.456250 0.601176 0.284375 0.124706
0 1.0 0.135937 0.648235 0.087500 0.176471
0 1.0 0.159375 0.604706 0.093750 0.098824
0 1.0 0.137500 0.617647 0.246875 0.336471
0 1.0 0.077344 0.642353 0.076563 0.221176
0 1.0 0.096094 0.601176 0.192188 0.101176
0 1.0 0.124219 0.669412 0.076563 0.087059
0 1.0 0.341406 0.671765 0.185938 0.331765
0 1.0 0.248438 0.664706 0.250000 0.134118
0 1.0 0.799219 0.607059 0.029687 0.051765
0 1.0 0.966406 0.667059 0.039062 0.110588
0 1.0 0.960156 0.601176 0.079687 0.096471
0 1.0 0.929688 0.615294 0.140625 0.265882
0 1.0 0.886719 0.601176 0.226562 0.124706
0 1.0 0.050000 0.665882 0.100000 0.155294
0 1.0 0.276562 0.668235 0.056250 0.094118
0 1.0 0.102344 0.663529 0.204687 0.108235
0 1.0 0.487500 0.667059 0.046875 0.072941
0 1.0 0.439844 0.671765 0.279687 0.374118
0 1.0 0.167187 0.670588 0.103125 0.112941
0 1.0 0.443750 0.660000 0.250000 0.120000
0 1.0 0.648438 0.616471 0.087500 0.258824
0 1.0 0.869531 0.629412 0.107813 0.275294
0 1.0 0.878125 0.627059 0.071875 0.157647
0 1.0 0.135156 0.718824 0.070312 0.190588
0 1.0 0.842187 0.610588 0.031250 0.054118
0 1.0 0.862500 0.614118 0.234375 0.296471
0 1.0 0.818750 0.616471 0.084375 0.202353
0 1.0 0.804688 0.602353 0.171875 0.136471
0 1.0 0.032813 0.716471 0.056250 0.190588
0 1.0 0.060937 0.668235 0.031250 0.056471
0 1.0 0.041406 0.557647 0.057813 0.070588
0 1.0 0.046875 0.558824 0.093750 0.157647
0 1.0 0.963281 0.555294 0.035937 0.098824
0 1.0 0.957812 0.500000 0.084375 0.091765
0 1.0 0.236719 0.550588 0.185938 0.230588
0 1.0 0.189844 0.549412 0.264062 0.129412
0 1.0 0.924219 0.500000 0.142187 0.200000
0 1.0 0.870313 0.510588 0.100000 0.263529
0 1.0 0.824219 0.508235 0.042188 0.051765
0 1.0 0.878125 0.516471 0.065625 0.157647
0 1.0 0.433594 0.572941 0.073438 0.204706
0 1.0 0.591406 0.500000 0.289062 0.138824
0 1.0 0.836719 0.511765 0.098437 0.082353
0 1.0 0.589844 0.496471 0.214062 0.320000
0 1.0 0.817969 0.527059 0.076563 0.164706
0 1.0 0.819531 0.507059 0.207813 0.143529
0 1.0 0.860938 0.498824 0.234375 0.301176
0 1.0 0.112500 0.552941 0.181250 0.094118
0 1.0 0.714063 0.518824 0.150000 0.181176
0 1.0 0.769531 0.505882 0.229687 0.301176
0 1.0 0.716406 0.548235 0.067187 0.178824
0 1.0 0.716406 0.505882 0.254688 0.117647
0 1.0 0.647656 0.550588 0.273438 0.150588
0 1.0 0.814844 0.556471 0.032813 0.054118
0 1.0 0.834375 0.560000 0.071875 0.080000
0 1.0 0.116406 0.604706 0.057813 0.075294
0 1.0 0.045312 0.600000 0.090625 0.070588
0 1.0 0.270313 0.549412 0.168750 0.110588
0 1.0 0.314063 0.558824 0.256250 0.312941
0 1.0 0.527344 0.547059 0.273438 0.143529
0 1.0 0.771875 0.551765 0.268750 0.129412
0 1.0 0.471875 0.552941 0.103125 0.117647
0 1.0 0.448437 0.552941 0.162500 0.211765
0 1.0 0.446094 0.778824 0.173437 0.230588
0 1.0 0.390625 0.778824 0.334375 0.136471
0 1.0 0.139844 0.781176 0.189062 0.230588
0 1.0 0.072656 0.803529 0.089063 0.237647
0 1.0 0.128125 0.771765 0.256250 0.112941
0 1.0 0.028125 0.811765 0.056250 0.192941
0 1.0 0.057031 0.769412 0.114062 0.070588
0 1.0 0.276562 0.768235 0.131250 0.294118
0 1.0 0.238281 0.781176 0.232813 0.108235
0 1.0 0.301563 0.792941 0.021875 0.047059
0 1.0 0.147656 0.782353 0.060937 0.077647
0 1.0 0.343750 0.780000 0.200000 0.242353
0 1.0 0.526563 0.776471 0.278125 0.145882
0 1.0 0.294531 0.782353 0.045312 0.072941
0 1.0 0.196875 0.775294 0.112500 0.289412
0 1.0 0.500000 0.789412 0.031250 0.063529
0 1.0 0.814844 0.718824 0.260937 0.312941
0 1.0 0.746875 0.710588 0.284375 0.122353
0 1.0 0.079687 0.780000 0.025000 0.044706
0 1.0 0.306250 0.783529 0.118750 0.178824
0 1.0 0.964063 0.765882 0.053125 0.181176
0 1.0 0.955469 0.712941 0.089063 0.098824
0 1.0 0.706250 0.703529 0.203125 0.268235
0 1.0 0.662500 0.714118 0.215625 0.167059
0 1.0 0.928125 0.721176 0.143750 0.280000
0 1.0 0.886719 0.714118 0.226562 0.129412
0 1.0 0.179688 0.784706 0.078125 0.096471
0 1.0 0.818750 0.720000 0.103125 0.249412
0 1.0 0.769531 0.749412 0.123438 0.327059
0 1.0 0.768750 0.765882 0.315625 0.138824
0 1.0 0.942187 0.763529 0.115625 0.110588
0 1.0 0.293750 0.843529 0.028125 0.058824
0 1.0 0.307031 0.830588 0.167187 0.188235
0 1.0 0.233594 0.817647 0.110937 0.289412
0 1.0 0.239063 0.824706 0.334375 0.134118
0 1.0 0.874219 0.777647 0.117188 0.303529
0 1.0 0.827344 0.771765 0.070312 0.075294
0 1.0 0.135156 0.836471 0.092188 0.256471
0 1.0 0.194531 0.827059 0.051562 0.082353
0 1.0 0.511719 0.741176 0.270313 0.329412
0 1.0 0.650781 0.772941 0.279687 0.152941
0 1.0 0.642188 0.715294 0.121875 0.352941
0 1.0 0.454688 0.791765 0.037500 0.068235
0 1.0 0.359375 0.783529 0.106250 0.108235
0 1.0 0.882812 0.781176 0.028125 0.056471
0 1.0 0.052344 0.715294 0.104688 0.070588
0 1.0 0.068750 0.722353 0.028125 0.047059
0 1.0 0.070312 0.723529 0.140625 0.280000
0 1.0 0.717969 0.656471 0.132812 0.136471
0 1.0 0.902344 0.656471 0.195312 0.122353
0 1.0 0.201563 0.717647 0.115625 0.122353
0 1.0 0.822656 0.658824 0.204687 0.150588
0 1.0 0.133594 0.715294 0.254688 0.127059
0 1.0 0.419531 0.662353 0.079687 0.105882
0 1.0 0.604688 0.652941 0.268750 0.129412
0 1.0 0.307031 0.671765 0.029687 0.063529
0 1.0 0.338281 0.654118 0.157812 0.117647
0 1.0 0.799219 0.664706 0.035937 0.054118
0 1.0 0.878125 0.688235 0.078125 0.176471
0 1.0 0.852344 0.671765 0.026562 0.049412
0 1.0 0.595313 0.655294 0.078125 0.101176
0 1.0 0.519531 0.658824 0.151562 0.127059
0 1.0 0.375000 0.714118 0.315625 0.129412
0 1.0 0.397656 0.724706 0.160938 0.320000
0 1.0 0.341406 0.711765 0.148438 0.105882
0 1.0 0.435156 0.727059 0.048438 0.075294
0 1.0 0.808594 0.721176 0.042188 0.054118
0 1.0 0.870313 0.731765 0.021875 0.042353
0 1.0 0.584375 0.721176 0.090625 0.101176
0 1.0 0.489844 0.705882 0.123438 0.338824
0 1.0 0.511719 0.716471 0.298438 0.138824
0 1.0 0.129688 0.721176 0.075000 0.087059
0 1.0 0.311719 0.722353 0.026562 0.051765
0 1.0 0.958594 0.656471 0.082812 0.094118
0 1.0 0.279687 0.717647 0.059375 0.089412
0 1.0 0.164062 0.723529 0.081250 0.101176
0 1.0 0.500781 0.727059 0.032813 0.061176
0 1.0 0.921875 0.276471 0.131250 0.200000
0 1.0 0.175781 0.323529 0.251563 0.270588
0 1.0 0.192969 0.343529 0.092188 0.178824
0 1.0 0.142187 0.349412 0.065625 0.232941
0 1.0 0.834375 0.297647 0.034375 0.087059
0 1.0 0.817187 0.295294 0.250000 0.167059
0 1.0 0.769531 0.303529 0.095312 0.258824
0 1.0 0.779687 0.305882 0.034375 0.094118
0 1.0 0.031250 0.345882 0.059375 0.216471
0 1.0 0.825000 0.291765 0.162500 0.108235
0 1.0 0.114062 0.348235 0.165625 0.160000
0 1.0 0.051562 0.345882 0.103125 0.108235
0 1.0 0.294531 0.310588 0.076563 0.216471
0 1.0 0.241406 0.345882 0.273438 0.155294
0 1.0 0.899219 0.281176 0.201563 0.308235
0 1.0 0.221875 0.331765 0.100000 0.268235
0 1.0 0.957812 0.285882 0.084375 0.143529
0 1.0 0.278906 0.317647 0.239063 0.291765
0 1.0 0.821094 0.303529 0.098437 0.254118
0 1.0 0.546875 0.284706 0.259375 0.188235
0 1.0 0.490625 0.303529 0.134375 0.301176
0 1.0 0.762500 0.285882 0.225000 0.284706
0 1.0 0.719531 0.297647 0.089063 0.251765
0 1.0 0.725781 0.284706 0.204687 0.108235
0 1.0 0.728906 0.290588 0.035937 0.096471
0 1.0 0.390625 0.287059 0.284375 0.141176
0 1.0 0.064844 0.325882 0.129688 0.256471
0 1.0 0.959375 0.310588 0.046875 0.141176
0 1.0 0.664062 0.297647 0.078125 0.214118
0 1.0 0.675781 0.284706 0.032813 0.080000
0 1.0 0.652344 0.285882 0.242188 0.261176
0 1.0 0.600000 0.312941 0.112500 0.254118
0 1.0 0.854688 0.289412 0.075000 0.075294
0 1.0 0.886719 0.261176 0.035937 0.094118
0 1.0 0.834375 0.349412 0.187500 0.143529
0 1.0 0.826562 0.358824 0.056250 0.148235
0 1.0 0.089844 0.349412 0.045312 0.167059
0 1.0 0.491406 0.332941 0.254688 0.181176
0 1.0 0.435937 0.337647 0.043750 0.152941
0 1.0 0.725781 0.340000 0.264062 0.120000
0 1.0 0.726562 0.356471 0.046875 0.124706
0 1.0 0.961719 0.354118 0.029687 0.072941
0 1.0 0.935156 0.342353 0.129688 0.110588
0 1.0 0.953906 0.369412 0.051562 0.103529
0 1.0 0.878125 0.337647 0.062500 0.167059
0 1.0 0.663281 0.356471 0.051562 0.138824
0 1.0 0.664844 0.341176 0.167187 0.197647
0 1.0 0.585938 0.336471 0.315625 0.145882
0 1.0 0.396094 0.344706 0.085938 0.284706
0 1.0 0.409375 0.347059 0.190625 0.176471
0 1.0 0.396094 0.336471 0.251563 0.305882
0 1.0 0.346094 0.331765 0.098437 0.277647
0 1.0 0.550781 0.347059 0.126562 0.312941
0 1.0 0.511719 0.232941 0.295312 0.150588
0 1.0 0.721875 0.235294 0.259375 0.127059
0 1.0 0.385937 0.251765 0.084375 0.305882
0 1.0 0.432812 0.230588 0.156250 0.141176
0 1.0 0.402344 0.224706 0.173437 0.237647
0 1.0 0.707812 0.232941 0.171875 0.235294
0 1.0 0.846094 0.237647 0.148438 0.108235
0 1.0 0.878125 0.240000 0.081250 0.192941
0 1.0 0.552344 0.237647 0.157812 0.216471
0 1.0 0.180469 0.034118 0.110937 0.063529
0 1.0 0.749219 0.552941 0.445312 0.894118
0 1.0 0.432031 0.724706 0.864062 0.508235
0 1.0 0.139844 0.063529 0.070312 0.094118
0 1.0 0.149219 0.074118 0.251563 0.148235
0 1.0 0.142969 0.054118 0.129688 0.108235
0 1.0 0.077344 0.087059 0.064062 0.122353
0 1.0 0.146875 0.032941 0.087500 0.056471
0 1.0 0.347656 0.234118 0.273438 0.129412
0 1.0 0.602344 0.245882 0.082812 0.162353
0 1.0 0.025000 0.088235 0.037500 0.087059
0 1.0 0.078906 0.034118 0.057813 0.049412
0 1.0 0.058594 0.041176 0.073438 0.058824
0 1.0 0.073438 0.075294 0.146875 0.150588
0 1.0 0.441406 0.254118 0.092188 0.249412
0 1.0 0.205469 0.294118 0.270313 0.141176
0 1.0 0.489844 0.285882 0.145313 0.110588
0 1.0 0.106250 0.289412 0.146875 0.103529
0 1.0 0.071875 0.301176 0.037500 0.145882
0 1.0 0.363281 0.291765 0.095312 0.089412
0 1.0 0.598437 0.288235 0.065625 0.120000
0 1.0 0.825781 0.252941 0.064062 0.171765
0 1.0 0.040625 0.291765 0.068750 0.070588
0 1.0 0.044531 0.303529 0.054688 0.221176
0 1.0 0.942969 0.230588 0.114062 0.112941
0 1.0 0.646094 0.465882 0.135937 0.174118
0 1.0 0.592187 0.445882 0.190625 0.120000
0 1.0 0.775000 0.363529 0.050000 0.129412
0 1.0 0.833594 0.445882 0.170313 0.096471
0 1.0 0.825000 0.482353 0.046875 0.108235
0 1.0 0.772656 0.496471 0.064062 0.160000
0 1.0 0.489063 0.445882 0.225000 0.176471
0 1.0 0.553906 0.458824 0.120313 0.282353
0 1.0 0.081250 0.485882 0.078125 0.284706
0 1.0 0.118750 0.498824 0.106250 0.075294
0 1.0 0.098437 0.500000 0.187500 0.120000
0 1.0 0.100781 0.491765 0.201563 0.310588
0 1.0 0.800000 0.445882 0.075000 0.063529
0 1.0 0.782031 0.491765 0.029687 0.070588
0 1.0 0.901563 0.449412 0.196875 0.117647
0 1.0 0.721875 0.508235 0.046875 0.136471
0 1.0 0.734375 0.448235 0.153125 0.091765
0 1.0 0.732031 0.491765 0.029687 0.075294
0 1.0 0.720313 0.452941 0.231250 0.134118
0 1.0 0.775000 0.468235 0.115625 0.145882
0 1.0 0.291406 0.445882 0.132812 0.101176
0 1.0 0.290625 0.436471 0.143750 0.298824
0 1.0 0.494531 0.455294 0.098437 0.265882
0 1.0 0.517969 0.424706 0.239063 0.322353
0 1.0 0.239063 0.428235 0.146875 0.192941
0 1.0 0.179688 0.443529 0.096875 0.317647
0 1.0 0.201563 0.440000 0.165625 0.103529
0 1.0 0.173437 0.436471 0.243750 0.157647
0 1.0 0.136719 0.438824 0.089063 0.322353
0 1.0 0.508594 0.444706 0.135937 0.108235
0 1.0 0.445312 0.449412 0.059375 0.169412
0 1.0 0.518750 0.448235 0.037500 0.068235
0 1.0 0.441406 0.441176 0.104688 0.223529
0 1.0 0.709375 0.452941 0.237500 0.289412
0 1.0 0.654687 0.491765 0.053125 0.136471
0 1.0 0.375000 0.444706 0.046875 0.065882
0 1.0 0.351562 0.438824 0.140625 0.289412
0 1.0 0.349219 0.442353 0.210938 0.155294
0 1.0 0.346875 0.502353 0.228125 0.157647
0 1.0 0.282813 0.502353 0.121875 0.087059
0 1.0 0.135937 0.498824 0.146875 0.197647
0 1.0 0.202344 0.497647 0.157812 0.096471
0 1.0 0.778125 0.542353 0.046875 0.105882
0 1.0 0.490625 0.501176 0.159375 0.112941
0 1.0 0.389844 0.505882 0.142187 0.352941
0 1.0 0.646875 0.520000 0.090625 0.258824
0 1.0 0.964844 0.504706 0.029687 0.077647
0 1.0 0.973437 0.447059 0.053125 0.075294
0 1.0 0.237500 0.515294 0.115625 0.400000
0 1.0 0.927344 0.457647 0.098437 0.157647
0 1.0 0.846094 0.451765 0.017188 0.032941
0 1.0 0.881250 0.481176 0.040625 0.101176
0 1.0 0.190625 0.504706 0.071875 0.129412
0 1.0 0.045312 0.502353 0.087500 0.152941
0 1.0 0.028906 0.470588 0.057813 0.258824
0 1.0 0.043750 0.500000 0.062500 0.058824
0 1.0 0.469531 0.397647 0.126562 0.150588
0 1.0 0.725781 0.425882 0.042188 0.112941
0 1.0 0.647656 0.391765 0.304688 0.134118
0 1.0 0.660937 0.434118 0.062500 0.167059
0 1.0 0.871875 0.315294 0.100000 0.258824
0 1.0 0.146094 0.390588 0.245312 0.141176
0 1.0 0.263281 0.391765 0.073438 0.115294
0 1.0 0.063281 0.391765 0.042188 0.110588
0 1.0 0.907031 0.391765 0.185938 0.120000
0 1.0 0.920312 0.391765 0.134375 0.298824
0 1.0 0.832812 0.394118 0.131250 0.096471
0 1.0 0.876563 0.418824 0.053125 0.131765
0 1.0 0.128125 0.435294 0.096875 0.080000
0 1.0 0.871094 0.411765 0.092188 0.249412
0 1.0 0.406250 0.441176 0.181250 0.115294
0 1.0 0.108594 0.429412 0.167187 0.124706
0 1.0 0.248438 0.440000 0.093750 0.080000
0 1.0 0.053906 0.437647 0.048438 0.061176
0 1.0 0.064062 0.429412 0.128125 0.284706
0 1.0 0.603125 0.418824 0.146875 0.315294
0 1.0 0.819531 0.411765 0.098437 0.249412
0 1.0 0.819531 0.391765 0.226562 0.289412
0 1.0 0.826562 0.418824 0.056250 0.141176
0 1.0 0.775000 0.389412 0.246875 0.120000
0 1.0 0.778906 0.429412 0.042188 0.105882
0 1.0 0.717187 0.421176 0.081250 0.221176
0 1.0 0.957031 0.444706 0.057813 0.108235
0 1.0 0.391406 0.137647 0.117188 0.232941
0 1.0 0.411719 0.122353 0.201563 0.155294
0 1.0 0.527344 0.598824 0.292187 0.510588
0 1.0 0.167969 0.830588 0.035937 0.065882
0 1.0 0.370312 0.648235 0.537500 0.261176
0 1.0 0.732812 0.649412 0.509375 0.244706
0 1.0 0.744531 0.627059 0.273438 0.496471
0 1.0 0.073438 0.638824 0.146875 0.609412
0 1.0 0.233594 0.121176 0.220312 0.148235
0 1.0 0.207813 0.135294 0.306250 0.237647
0 1.0 0.184375 0.158824 0.096875 0.247059
0 1.0 0.293750 0.145882 0.078125 0.207059
0 1.0 0.346094 0.151765 0.070312 0.214118
0 1.0 0.349219 0.123529 0.167187 0.138824
0 1.0 0.742188 0.548235 0.515625 0.230588
0 1.0 0.496094 0.152941 0.120313 0.216471
0 1.0 0.538281 0.547059 0.501563 0.232941
0 1.0 0.667188 0.150588 0.068750 0.169412
0 1.0 0.659375 0.127059 0.215625 0.160000
0 1.0 0.602344 0.143529 0.104688 0.272941
0 1.0 0.489844 0.129412 0.235937 0.127059
0 1.0 0.492188 0.142353 0.256250 0.270588
0 1.0 0.439844 0.158824 0.110937 0.232941
0 1.0 0.037500 0.158824 0.075000 0.237647
0 1.0 0.050781 0.131765 0.067187 0.089412
0 1.0 0.964844 0.127059 0.045312 0.122353
0 1.0 0.946875 0.076471 0.106250 0.101176
0 1.0 0.236719 0.140000 0.114062 0.200000
0 1.0 0.739062 0.754118 0.509375 0.228235
0 1.0 0.924219 0.102353 0.151562 0.204706
0 1.0 0.181250 0.722353 0.362500 0.418824
0 1.0 0.528125 0.754118 0.528125 0.232941
0 1.0 0.712500 0.111765 0.100000 0.223529
0 1.0 0.719531 0.075294 0.254688 0.131765
0 1.0 0.870313 0.076471 0.131250 0.101176
0 1.0 0.821094 0.120000 0.104688 0.240000
0 1.0 0.824219 0.072941 0.289062 0.141176
0 1.0 0.869531 0.116471 0.117188 0.232941
0 1.0 0.280469 0.754118 0.557813 0.237647
0 1.0 0.325000 0.127059 0.062500 0.094118
0 1.0 0.294531 0.127059 0.167187 0.192941
0 1.0 0.076563 0.164706 0.100000 0.254118
0 1.0 0.128125 0.125882 0.237500 0.129412
0 1.0 0.130469 0.151765 0.120313 0.275294
0 1.0 0.144531 0.197647 0.260937 0.329412
0 1.0 0.125781 0.183529 0.148438 0.108235
0 1.0 0.786719 0.347059 0.426563 0.214118
0 1.0 0.646094 0.381176 0.207813 0.588235
0 1.0 0.033594 0.223529 0.054688 0.249412
0 1.0 0.050781 0.184706 0.092188 0.082353
0 1.0 0.638281 0.451765 0.548438 0.230588
0 1.0 0.627344 0.488235 0.389062 0.538824
0 1.0 0.946875 0.128235 0.106250 0.101176
0 1.0 0.186719 0.452941 0.373437 0.520000
0 1.0 0.528125 0.345882 0.528125 0.235294
0 1.0 0.520312 0.391765 0.343750 0.510588
0 1.0 0.285156 0.175294 0.279687 0.138824
0 1.0 0.347656 0.411765 0.210938 0.578824
0 1.0 0.189062 0.183529 0.059375 0.112941
0 1.0 0.285156 0.347059 0.570312 0.232941
0 1.0 0.712500 0.145882 0.225000 0.291765
0 1.0 0.227344 0.450588 0.454688 0.232941
0 1.0 0.267188 0.575294 0.418750 0.520000
0 1.0 0.597656 0.134118 0.239063 0.268235
0 1.0 0.552344 0.142353 0.098437 0.247059
0 1.0 0.264062 0.547059 0.528125 0.247059
0 1.0 0.860938 0.125882 0.090625 0.087059
0 1.0 0.815625 0.123529 0.228125 0.171765
0 1.0 0.775000 0.145882 0.081250 0.207059
0 1.0 0.422656 0.449412 0.548438 0.244706
0 1.0 0.779687 0.055294 0.043750 0.077647
0 1.0 0.759375 0.043529 0.196875 0.087059
0 1.0 0.507031 0.056471 0.104688 0.108235
0 1.0 0.261719 0.880000 0.523438 0.240000
0 1.0 0.664844 0.069412 0.048438 0.110588
0 1.0 0.679688 0.032941 0.140625 0.065882
0 1.0 0.603125 0.062353 0.059375 0.124706
0 1.0 0.626563 0.029412 0.100000 0.058824
0 1.0 0.822656 0.060000 0.157812 0.120000
0 1.0 0.771094 0.063529 0.064062 0.127059
0 1.0 0.716406 0.063529 0.060937 0.127059
0 1.0 0.686719 0.302353 0.620313 0.378824
0 1.0 0.723437 0.055294 0.040625 0.072941
0 1.0 0.819531 0.067059 0.073438 0.134118
0 1.0 0.350000 0.064706 0.103125 0.110588
0 1.0 0.296875 0.094118 0.043750 0.080000
0 1.0 0.263281 0.042353 0.151562 0.075294
0 1.0 0.426563 0.272941 0.853125 0.498824
0 1.0 0.281250 0.074118 0.246875 0.148235
0 1.0 0.246094 0.077647 0.051562 0.098824
0 1.0 0.187500 0.068235 0.059375 0.117647
0 1.0 0.306250 0.062353 0.093750 0.096471
0 1.0 0.745313 0.880000 0.509375 0.240000
0 1.0 0.557813 0.062353 0.059375 0.124706
0 1.0 0.567187 0.029412 0.096875 0.058824
0 1.0 0.498437 0.082353 0.059375 0.112941
0 1.0 0.521094 0.030588 0.095312 0.061176
0 1.0 0.389062 0.083529 0.071875 0.162353
0 1.0 0.393750 0.034118 0.165625 0.068235
0 1.0 0.345313 0.102353 0.053125 0.120000
0 1.0 0.446094 0.082353 0.048438 0.089412
0 1.0 0.489844 0.034118 0.048438 0.044706
0 1.0 0.469531 0.043529 0.095312 0.072941
0 1.0 0.321875 0.040000 0.053125 0.051765
0 1.0 0.441406 0.089412 0.095312 0.098824
0 1.0 0.385156 0.080000 0.264062 0.127059
0 1.0 0.171875 0.922353 0.343750 0.155294
0 1.0 0.607031 0.074118 0.164062 0.138824
0 1.0 0.545312 0.075294 0.171875 0.103529
0 1.0 0.449219 0.921176 0.598437 0.157647
0 1.0 0.600781 0.105882 0.073438 0.160000
0 1.0 0.496875 0.081176 0.190625 0.143529
0 1.0 0.539062 0.845882 0.656250 0.185882
0 1.0 0.882812 0.048235 0.056250 0.091765
0 1.0 0.870313 0.044706 0.175000 0.089412
0 1.0 0.641406 0.122353 0.717187 0.244706
0 1.0 0.964844 0.081176 0.032813 0.082353
0 1.0 0.947656 0.035294 0.104688 0.070588
0 1.0 0.361719 0.125882 0.723437 0.251765
0 1.0 0.068750 0.077647 0.053125 0.070588
0 1.0 0.832812 0.923529 0.334375 0.152941
0 1.0 0.025000 0.137647 0.050000 0.157647
0 1.0 0.881250 0.829412 0.053125 0.124706
0 1.0 0.799219 0.876471 0.104688 0.082353
0 1.0 0.892969 0.862353 0.035937 0.082353
0 1.0 0.862500 0.883529 0.040625 0.058824
0 1.0 0.863281 0.850588 0.242188 0.251765
0 1.0 0.078125 0.911765 0.118750 0.176471
0 1.0 0.118750 0.920000 0.125000 0.098824
0 1.0 0.762500 0.868235 0.278125 0.117647
0 1.0 0.785937 0.862353 0.031250 0.068235
0 1.0 0.340625 0.891765 0.143750 0.188235
0 1.0 0.028906 0.920000 0.057813 0.160000
0 1.0 0.060937 0.923529 0.121875 0.091765
0 1.0 0.058594 0.929412 0.039062 0.061176
0 1.0 0.960938 0.877647 0.025000 0.061176
0 1.0 0.264844 0.908235 0.310937 0.117647
0 1.0 0.191406 0.901176 0.092188 0.197647
0 1.0 0.928125 0.878824 0.128125 0.124706
0 1.0 0.835156 0.872941 0.023438 0.056471
0 1.0 0.775000 0.838824 0.046875 0.105882
0 1.0 0.519531 0.860000 0.189062 0.134118
0 1.0 0.724219 0.817647 0.035937 0.082353
0 1.0 0.447656 0.832941 0.032813 0.080000
0 1.0 0.446875 0.837647 0.103125 0.183529
0 1.0 0.525781 0.862353 0.035937 0.072941
0 1.0 0.444531 0.843529 0.251563 0.214118
0 1.0 0.707031 0.841176 0.279687 0.247059
0 1.0 0.658594 0.825882 0.042188 0.098824
0 1.0 0.736719 0.844706 0.026562 0.061176
0 1.0 0.951562 0.889412 0.043750 0.084706
0 1.0 0.924219 0.832941 0.073438 0.169412
0 1.0 0.822656 0.842353 0.039062 0.089412
0 1.0 0.655469 0.860000 0.173437 0.162353
0 1.0 0.612500 0.807059 0.068750 0.160000
0 1.0 0.593750 0.868235 0.193750 0.127059
0 1.0 0.585938 0.838824 0.256250 0.247059
0 1.0 0.567969 0.842353 0.054688 0.103529
0 1.0 0.558594 0.891765 0.126562 0.216471
0 1.0 0.542188 0.911765 0.315625 0.124706
0 1.0 0.820312 0.921176 0.078125 0.157647
0 1.0 0.772656 0.914118 0.089063 0.171765
0 1.0 0.484375 0.914118 0.118750 0.087059
0 1.0 0.714063 0.891765 0.096875 0.216471
0 1.0 0.719531 0.916471 0.304688 0.115294
0 1.0 0.610938 0.894118 0.093750 0.188235
0 1.0 0.950000 0.923529 0.100000 0.143529
0 1.0 0.398438 0.884706 0.115625 0.230588
0 1.0 0.133594 0.912941 0.082812 0.174118
0 1.0 0.396094 0.907059 0.220312 0.129412
0 1.0 0.653125 0.909412 0.093750 0.176471
0 1.0 0.491406 0.888235 0.110937 0.223529
0 1.0 0.286719 0.894118 0.126562 0.211765
0 1.0 0.314063 0.908235 0.093750 0.089412
0 1.0 0.719531 0.802353 0.098437 0.207059
0 1.0 0.520312 0.831765 0.031250 0.063529
0 1.0 0.920312 0.821176 0.118750 0.315294
0 1.0 0.817969 0.809412 0.310937 0.136471
0 1.0 0.821094 0.816471 0.082812 0.197647
0 1.0 0.464844 0.830588 0.035937 0.075294
0 1.0 0.360156 0.824706 0.192188 0.120000
0 1.0 0.088281 0.824706 0.176563 0.218824
0 1.0 0.056250 0.822353 0.112500 0.068235
0 1.0 0.086719 0.831765 0.017188 0.040000
0 1.0 0.565625 0.795294 0.143750 0.272941
0 1.0 0.221094 0.825882 0.101562 0.108235
0 1.0 0.284375 0.830588 0.040625 0.075294
0 1.0 0.534375 0.820000 0.140625 0.134118
0 1.0 0.197656 0.864706 0.039062 0.091765
0 1.0 0.211719 0.875294 0.323437 0.127059
0 1.0 0.142969 0.867059 0.029687 0.068235
0 1.0 0.952344 0.843529 0.079687 0.176471
0 1.0 0.439844 0.863529 0.067187 0.089412
0 1.0 0.349219 0.863529 0.048438 0.103529
0 1.0 0.157031 0.874118 0.048438 0.077647
0 1.0 0.404687 0.836471 0.053125 0.115294
0 1.0 0.668750 0.847059 0.037500 0.075294
0 1.0 0.350781 0.865882 0.289062 0.127059
0 1.0 0.319531 0.875294 0.042188 0.075294
0 1.0 0.499219 0.857647 0.051562 0.120000
0 1.0 0.859375 0.824706 0.034375 0.058824
0 1.0 0.178906 0.876471 0.101562 0.105882
0 1.0 0.135937 0.875294 0.200000 0.178824
0 1.0 0.078906 0.880000 0.032813 0.075294
0 1.0 0.030469 0.888235 0.032813 0.101176
0 1.0 0.046875 0.872941 0.093750 0.070588
0 1.0 0.078906 0.878824 0.020313 0.044706
0 1.0 0.241406 0.872941 0.070312 0.164706
0 1.0 0.299219 0.875294 0.085938 0.098824
0 1.0 0.918750 0.815294 0.162500 0.148235
0 1.0 0.796094 0.816471 0.120313 0.089412
0 1.0 0.768750 0.182353 0.278125 0.134118
0 1.0 0.897656 0.185882 0.204687 0.183529
0 1.0 0.860938 0.184706 0.103125 0.091765
0 1.0 0.666406 0.182353 0.245312 0.124706
0 1.0 0.453125 0.194118 0.403125 0.388235
0 1.0 0.112500 0.234118 0.162500 0.105882
0 1.0 0.867969 0.180000 0.226562 0.317647
0 1.0 0.082031 0.230588 0.164062 0.268235
0 1.0 0.046094 0.234118 0.092188 0.082353
0 1.0 0.048438 0.237647 0.043750 0.084706
0 1.0 0.232031 0.231765 0.164062 0.247059
0 1.0 0.960938 0.201176 0.056250 0.162353
0 1.0 0.941406 0.182353 0.117188 0.115294
0 1.0 0.334375 0.182353 0.237500 0.284706
0 1.0 0.360156 0.250588 0.632812 0.232941
0 1.0 0.484375 0.182353 0.159375 0.110588
0 1.0 0.786719 0.247059 0.426563 0.216471
0 1.0 0.369531 0.178824 0.129688 0.103529
0 1.0 0.428125 0.175294 0.306250 0.134118
0 1.0 0.280469 0.960000 0.029687 0.037647
0 1.0 0.580469 0.956471 0.032813 0.044706
0 1.0 0.537500 0.947059 0.131250 0.096471
0 1.0 0.211719 0.948235 0.123438 0.094118
0 1.0 0.208594 0.956471 0.035937 0.040000
0 1.0 0.174219 0.947059 0.092188 0.082353
0 1.0 0.452344 0.929412 0.064062 0.141176
0 1.0 0.463281 0.917647 0.214062 0.164706
0 1.0 0.471875 0.957647 0.078125 0.084706
0 1.0 0.456250 0.962353 0.043750 0.042353
0 1.0 0.659375 0.950588 0.134375 0.094118
0 1.0 0.307812 0.954118 0.081250 0.091765
0 1.0 0.628906 0.956471 0.067187 0.054118
0 1.0 0.352344 0.954118 0.085938 0.091765
0 1.0 0.296094 0.954118 0.023438 0.040000
0 1.0 0.258594 0.957647 0.039062 0.042353
0 1.0 0.874219 0.884706 0.110937 0.230588
0 1.0 0.835938 0.918824 0.162500 0.096471
0 1.0 0.171875 0.957647 0.034375 0.042353
0 1.0 0.150000 0.951765 0.056250 0.063529
0 1.0 0.094531 0.954118 0.101562 0.091765
0 1.0 0.406250 0.954118 0.087500 0.091765
0 1.0 0.360156 0.960000 0.020313 0.032941
0 1.0 0.085156 0.961176 0.026562 0.040000
0 1.0 0.068750 0.957647 0.040625 0.056471
0 1.0 0.963281 0.937647 0.048438 0.124706
0 1.0 0.238281 0.922353 0.101562 0.155294
0 1.0 0.289062 0.225882 0.118750 0.334118
0 1.0 0.293750 0.237647 0.053125 0.098824
0 1.0 0.220312 0.230588 0.328125 0.136471
0 1.0 0.523438 0.955294 0.040625 0.051765
0 1.0 0.876563 0.942353 0.093750 0.115294
0 1.0 0.849219 0.958824 0.060937 0.063529
0 1.0 0.809375 0.952941 0.137500 0.094118
0 1.0 0.845313 0.962353 0.028125 0.037647
0 1.0 0.180469 0.248235 0.126562 0.327059
0 1.0 0.345313 0.230588 0.121875 0.357647
0 1.0 0.604688 0.950588 0.131250 0.098824
0 1.0 0.607812 0.955294 0.040625 0.047059
0 1.0 0.784375 0.958824 0.084375 0.058824
0 1.0 0.539844 0.962353 0.023438 0.032941
0 1.0 0.735156 0.958824 0.076563 0.054118
0 1.0 0.718750 0.950588 0.128125 0.098824
0 1.0 0.678906 0.957647 0.067187 0.051765
0 1.0 0.926562 0.964706 0.118750 0.070588
0 1.0 0.238281 0.260000 0.223438 0.510588
0 1.0 0.647656 0.776471 0.207813 0.447059
0 1.0 0.253125 0.821176 0.240625 0.357647
0 1.0 0.346875 0.861176 0.253125 0.277647
0 1.0 0.642188 0.185882 0.396875 0.371765
0 1.0 0.349219 0.108235 0.357812 0.216471
0 1.0 0.847656 0.464706 0.192188 0.623529
0 1.0 0.914844 0.562353 0.170313 0.498824
0 1.0 0.106250 0.330588 0.212500 0.364706
0 1.0 0.823438 0.338824 0.353125 0.677647
0 1.0 0.867188 0.670588 0.265625 0.658824