0 1.0 0.685841 0.274219 0.376991 0.520312
0 1.0 0.152212 0.155469 0.233628 0.310937
0 1.0 0.712389 0.510938 0.100885 0.187500
0 1.0 0.046018 0.603125 0.042478 0.075000
0 1.0 0.693805 0.544531 0.300885 0.142187
0 1.0 0.040708 0.609375 0.081416 0.243750
0 1.0 0.047788 0.601562 0.095575 0.087500
0 1.0 0.952212 0.569531 0.067257 0.132812
0 1.0 0.932743 0.551562 0.134513 0.246875
0 1.0 0.884956 0.546094 0.230088 0.126562
0 1.0 0.243363 0.597656 0.182301 0.248438
0 1.0 0.180531 0.606250 0.283186 0.146875
0 1.0 0.874336 0.551562 0.070796 0.156250
0 1.0 0.104425 0.602344 0.208850 0.120313
0 1.0 0.146903 0.578906 0.237168 0.317188
0 1.0 0.066372 0.595313 0.111504 0.328125
0 1.0 0.114159 0.603125 0.069027 0.100000
0 1.0 0.858407 0.545312 0.251327 0.265625
0 1.0 0.428319 0.544531 0.138053 0.332813
0 1.0 0.660177 0.517969 0.134513 0.273438
0 1.0 0.603540 0.521094 0.141593 0.289062
0 1.0 0.297345 0.548438 0.138053 0.346875
0 1.0 0.298230 0.547656 0.316814 0.145313
0 1.0 0.318584 0.551562 0.116814 0.143750
0 1.0 0.868142 0.548438 0.100885 0.259375
0 1.0 0.814159 0.546875 0.074336 0.068750
0 1.0 0.538938 0.532813 0.118584 0.268750
0 1.0 0.589381 0.553125 0.233628 0.134375
0 1.0 0.816814 0.532813 0.107965 0.293750
0 1.0 0.767257 0.542188 0.111504 0.250000
0 1.0 0.736283 0.535156 0.290265 0.251563
0 1.0 0.754867 0.595313 0.196460 0.206250
0 1.0 0.397345 0.603125 0.288496 0.146875
0 1.0 0.666372 0.594531 0.306195 0.135937
0 1.0 0.625664 0.568750 0.274336 0.256250
0 1.0 0.799115 0.603906 0.058407 0.060937
0 1.0 0.837168 0.609375 0.056637 0.065625
0 1.0 0.595575 0.607031 0.097345 0.095312
0 1.0 0.817699 0.600781 0.201770 0.129688
0 1.0 0.416814 0.600781 0.132743 0.164062
0 1.0 0.284956 0.607031 0.279646 0.135937
0 1.0 0.329204 0.611719 0.053097 0.092188
0 1.0 0.497345 0.564063 0.113274 0.321875
0 1.0 0.492920 0.603125 0.260177 0.121875
0 1.0 0.456637 0.603125 0.099115 0.121875
0 1.0 0.163717 0.603906 0.122124 0.139063
0 1.0 0.660177 0.497656 0.293805 0.135937
0 1.0 0.338938 0.515625 0.157522 0.256250
0 1.0 0.266372 0.495312 0.263717 0.121875
0 1.0 0.576991 0.491406 0.173451 0.160938
0 1.0 0.863717 0.489844 0.173451 0.176563
0 1.0 0.786726 0.490625 0.284956 0.118750
0 1.0 0.798230 0.478125 0.265487 0.256250
0 1.0 0.449558 0.490625 0.293805 0.137500
0 1.0 0.044248 0.511719 0.088496 0.254688
0 1.0 0.074336 0.500781 0.077876 0.092188
0 1.0 0.234513 0.505469 0.122124 0.345313
0 1.0 0.222124 0.508594 0.270796 0.335938
0 1.0 0.154867 0.495312 0.299115 0.140625
0 1.0 0.897345 0.407031 0.205310 0.295312
0 1.0 0.920354 0.427344 0.123894 0.179688
0 1.0 0.866372 0.424219 0.090265 0.254688
0 1.0 0.848673 0.451562 0.023009 0.040625
0 1.0 0.130088 0.502344 0.143363 0.310937
0 1.0 0.506195 0.503906 0.230088 0.317188
0 1.0 0.051327 0.553906 0.067257 0.092188
0 1.0 0.449558 0.545312 0.201770 0.121875
0 1.0 0.153097 0.550781 0.260177 0.139063
0 1.0 0.961062 0.511719 0.035398 0.092188
0 1.0 0.954867 0.492188 0.090265 0.084375
0 1.0 0.194690 0.545312 0.102655 0.293750
0 1.0 0.802655 0.495312 0.058407 0.059375
0 1.0 0.872566 0.491406 0.063717 0.151562
0 1.0 0.814159 0.495312 0.127434 0.090625
0 1.0 0.914159 0.704688 0.171681 0.218750
0 1.0 0.869027 0.706250 0.120354 0.340625
0 1.0 0.795575 0.716406 0.058407 0.064062
0 1.0 0.836283 0.722656 0.051327 0.064062
0 1.0 0.814159 0.712500 0.123894 0.334375
0 1.0 0.790265 0.711719 0.295575 0.123438
0 1.0 0.560177 0.700781 0.192920 0.223438
0 1.0 0.503540 0.690625 0.118584 0.340625
0 1.0 0.492920 0.703906 0.242478 0.098437
0 1.0 0.761947 0.709375 0.118584 0.300000
0 1.0 0.746018 0.709375 0.270796 0.290625
0 1.0 0.098230 0.762500 0.196460 0.346875
0 1.0 0.032743 0.753125 0.065487 0.300000
0 1.0 0.048673 0.767188 0.097345 0.075000
0 1.0 0.053982 0.775000 0.040708 0.059375
0 1.0 0.964602 0.741406 0.067257 0.220312
0 1.0 0.952212 0.707812 0.095575 0.093750
0 1.0 0.657522 0.690625 0.136283 0.353125
0 1.0 0.663717 0.709375 0.311504 0.128125
0 1.0 0.685841 0.714844 0.150442 0.120313
0 1.0 0.235398 0.700000 0.123894 0.321875
0 1.0 0.266372 0.705469 0.224779 0.114062
0 1.0 0.286726 0.707031 0.095575 0.104688
0 1.0 0.446018 0.660156 0.123894 0.379688
0 1.0 0.459292 0.707031 0.079646 0.085938
0 1.0 0.450442 0.695312 0.139823 0.175000
0 1.0 0.395575 0.671875 0.129204 0.353125
0 1.0 0.381416 0.706250 0.274336 0.109375
0 1.0 0.419469 0.707031 0.092035 0.089063
0 1.0 0.569912 0.707812 0.077876 0.078125
0 1.0 0.601770 0.693750 0.130973 0.340625
0 1.0 0.614159 0.762500 0.304425 0.131250
0 1.0 0.615929 0.755469 0.265487 0.307812
0 1.0 0.579646 0.767188 0.104425 0.103125
0 1.0 0.269027 0.762500 0.138053 0.137500
0 1.0 0.240708 0.768750 0.251327 0.290625
0 1.0 0.510619 0.762500 0.238938 0.284375
0 1.0 0.446018 0.760938 0.237168 0.115625
0 1.0 0.523894 0.766406 0.155752 0.123438
0 1.0 0.772566 0.766406 0.210619 0.151562
0 1.0 0.711504 0.746875 0.127434 0.300000
0 1.0 0.384956 0.757812 0.260177 0.284375
0 1.0 0.338938 0.746875 0.115044 0.293750
0 1.0 0.254867 0.757031 0.304425 0.135937
0 1.0 0.159292 0.762500 0.237168 0.118750
0 1.0 0.186726 0.770312 0.072566 0.103125
0 1.0 0.479646 0.768750 0.088496 0.100000
0 1.0 0.454867 0.762500 0.155752 0.203125
0 1.0 0.118584 0.772656 0.067257 0.089063
0 1.0 0.285841 0.766406 0.076106 0.092188
0 1.0 0.474336 0.667188 0.077876 0.093750
0 1.0 0.127434 0.644531 0.152212 0.292187
0 1.0 0.176106 0.658594 0.104425 0.120313
0 1.0 0.100000 0.708594 0.150442 0.092188
0 1.0 0.331858 0.610156 0.118584 0.295312
0 1.0 0.315929 0.662500 0.274336 0.137500
0 1.0 0.543363 0.632031 0.127434 0.295312
0 1.0 0.530088 0.656250 0.260177 0.112500
0 1.0 0.524779 0.664062 0.118584 0.106250
0 1.0 0.109735 0.657031 0.176991 0.104688
0 1.0 0.122124 0.659375 0.081416 0.100000
0 1.0 0.052212 0.654687 0.104425 0.093750
0 1.0 0.048673 0.658594 0.051327 0.082812
0 1.0 0.313274 0.669531 0.042478 0.070312
0 1.0 0.961062 0.623437 0.049558 0.146875
0 1.0 0.279646 0.662500 0.109735 0.112500
0 1.0 0.188496 0.639062 0.129204 0.300000
0 1.0 0.205310 0.661719 0.240708 0.126562
0 1.0 0.171681 0.707812 0.159292 0.100000
0 1.0 0.191150 0.710156 0.070796 0.098437
0 1.0 0.802655 0.657813 0.306195 0.128125
0 1.0 0.118584 0.710938 0.063717 0.087500
0 1.0 0.050442 0.708594 0.100885 0.079687
0 1.0 0.045133 0.712500 0.047788 0.068750
0 1.0 0.290265 0.685156 0.113274 0.289062
0 1.0 0.948673 0.659375 0.102655 0.115625
0 1.0 0.316814 0.710938 0.056637 0.071875
0 1.0 0.711504 0.632031 0.134513 0.310937
0 1.0 0.426549 0.664062 0.099115 0.115625
0 1.0 0.652212 0.651563 0.203540 0.143750
0 1.0 0.561947 0.662500 0.072566 0.081250
0 1.0 0.811504 0.662500 0.054867 0.062500
0 1.0 0.842478 0.667188 0.063717 0.075000
0 1.0 0.858407 0.652344 0.237168 0.301563
0 1.0 0.140708 0.268750 0.203540 0.253125
0 1.0 0.061947 0.239063 0.116814 0.400000
0 1.0 0.122124 0.294531 0.201770 0.117188
0 1.0 0.330973 0.235156 0.141593 0.379688
0 1.0 0.353982 0.298438 0.240708 0.128125
0 1.0 0.130973 0.496094 0.173451 0.107813
0 1.0 0.311504 0.285156 0.095575 0.164062
0 1.0 0.955752 0.246094 0.088496 0.332813
0 1.0 0.929204 0.231250 0.141593 0.175000
0 1.0 0.542478 0.298438 0.129204 0.300000
0 1.0 0.579646 0.286719 0.214159 0.123438
0 1.0 0.236283 0.266406 0.129204 0.317188
0 1.0 0.230088 0.296875 0.300885 0.143750
0 1.0 0.506195 0.293750 0.084956 0.165625
0 1.0 0.449558 0.276562 0.081416 0.237500
0 1.0 0.490265 0.297656 0.088496 0.085938
0 1.0 0.459292 0.293750 0.246018 0.168750
0 1.0 0.390265 0.242188 0.132743 0.359375
0 1.0 0.051327 0.292969 0.102655 0.089063
0 1.0 0.718584 0.219531 0.187611 0.257812
0 1.0 0.678761 0.229687 0.316814 0.165625
0 1.0 0.919469 0.267188 0.111504 0.421875
0 1.0 0.833628 0.227344 0.240708 0.126562
0 1.0 0.660177 0.245312 0.134513 0.340625
0 1.0 0.198230 0.285156 0.106195 0.173437
0 1.0 0.810619 0.257812 0.120354 0.334375
0 1.0 0.063717 0.240625 0.067257 0.212500
0 1.0 0.818584 0.267969 0.076106 0.220312
0 1.0 0.809735 0.281250 0.249558 0.178125
0 1.0 0.796460 0.270313 0.247788 0.387500
0 1.0 0.087611 0.328125 0.175221 0.218750
0 1.0 0.025664 0.325000 0.051327 0.184375
0 1.0 0.053097 0.341406 0.099115 0.092188
0 1.0 0.609735 0.272656 0.182301 0.226562
0 1.0 0.950442 0.286719 0.099115 0.101562
0 1.0 0.684956 0.282813 0.254867 0.137500
0 1.0 0.285841 0.339062 0.253097 0.184375
0 1.0 0.879646 0.285156 0.240708 0.126562
0 1.0 0.180531 0.339062 0.283186 0.159375
0 1.0 0.136283 0.338281 0.123894 0.270313
0 1.0 0.720354 0.275781 0.106195 0.267188
0 1.0 0.672566 0.275781 0.067257 0.170313
0 1.0 0.611504 0.267969 0.061947 0.135937
0 1.0 0.837168 0.281250 0.113274 0.093750
0 1.0 0.876991 0.258594 0.118584 0.298438
0 1.0 0.770796 0.258594 0.090265 0.223438
0 1.0 0.874336 0.174219 0.251327 0.142187
0 1.0 0.882301 0.190625 0.207080 0.306250
0 1.0 0.861062 0.175000 0.129204 0.118750
0 1.0 0.548673 0.192969 0.138053 0.270313
0 1.0 0.564602 0.179688 0.201770 0.109375
0 1.0 0.076106 0.235937 0.152212 0.115625
0 1.0 0.059292 0.238281 0.069027 0.095312
0 1.0 0.613274 0.185938 0.136283 0.250000
0 1.0 0.607080 0.176563 0.261947 0.171875
0 1.0 0.112389 0.078125 0.224779 0.156250
0 1.0 0.134513 0.041406 0.127434 0.082812
0 1.0 0.311504 0.664062 0.623009 0.671875
0 1.0 0.540708 0.260937 0.918584 0.481250
0 1.0 0.120354 0.066406 0.077876 0.114062
0 1.0 0.083186 0.069531 0.067257 0.114062
0 1.0 0.187611 0.054688 0.116814 0.093750
0 1.0 0.800885 0.169531 0.185841 0.248438
0 1.0 0.030088 0.068750 0.056637 0.109375
0 1.0 0.100885 0.029687 0.060177 0.056250
0 1.0 0.424779 0.236719 0.116814 0.139063
0 1.0 0.230088 0.239063 0.304425 0.146875
0 1.0 0.501770 0.248438 0.125664 0.306250
0 1.0 0.400000 0.235156 0.300885 0.145313
0 1.0 0.291150 0.248438 0.065487 0.093750
0 1.0 0.958407 0.185938 0.051327 0.209375
0 1.0 0.521239 0.233594 0.277876 0.135937
0 1.0 0.442478 0.218750 0.141593 0.309375
0 1.0 0.482301 0.234375 0.100885 0.115625
0 1.0 0.214159 0.442188 0.184071 0.103125
0 1.0 0.147788 0.439063 0.231858 0.159375
0 1.0 0.076106 0.471094 0.095575 0.232813
0 1.0 0.159292 0.444531 0.056637 0.064062
0 1.0 0.457522 0.471875 0.125664 0.206250
0 1.0 0.396460 0.471875 0.130973 0.371875
0 1.0 0.400000 0.443750 0.254867 0.121875
0 1.0 0.338053 0.462500 0.081416 0.268750
0 1.0 0.344248 0.445312 0.065487 0.065625
0 1.0 0.115929 0.447656 0.023009 0.039062
0 1.0 0.277876 0.442969 0.215929 0.139063
0 1.0 0.308850 0.455469 0.100885 0.170313
0 1.0 0.838938 0.405469 0.130973 0.098437
0 1.0 0.774336 0.404687 0.284956 0.137500
0 1.0 0.830088 0.358594 0.070796 0.248438
0 1.0 0.816814 0.378125 0.168142 0.253125
0 1.0 0.510619 0.422656 0.093805 0.235937
0 1.0 0.529204 0.393750 0.184071 0.140625
0 1.0 0.524779 0.396875 0.242478 0.312500
0 1.0 0.134513 0.442969 0.130973 0.110937
0 1.0 0.761062 0.353125 0.130973 0.365625
0 1.0 0.767257 0.368750 0.086726 0.231250
0 1.0 0.086726 0.447656 0.067257 0.073438
0 1.0 0.943363 0.400000 0.113274 0.103125
0 1.0 0.950442 0.416406 0.053097 0.123438
0 1.0 0.645133 0.365625 0.242478 0.346875
0 1.0 0.608850 0.453906 0.088496 0.167187
0 1.0 0.871681 0.428906 0.047788 0.120313
0 1.0 0.836283 0.454688 0.139823 0.087500
0 1.0 0.832743 0.426563 0.051327 0.134375
0 1.0 0.941593 0.453906 0.116814 0.104688
0 1.0 0.776991 0.449219 0.067257 0.126562
0 1.0 0.766372 0.444531 0.166372 0.167187
0 1.0 0.962832 0.467969 0.035398 0.085938
0 1.0 0.521239 0.442188 0.224779 0.118750
0 1.0 0.187611 0.452344 0.127434 0.310937
0 1.0 0.493805 0.445312 0.056637 0.068750
0 1.0 0.707965 0.421094 0.123894 0.264062
0 1.0 0.697345 0.436719 0.251327 0.285938
0 1.0 0.660177 0.452344 0.208850 0.110937
0 1.0 0.656637 0.451562 0.092035 0.171875
0 1.0 0.530088 0.341406 0.299115 0.129688
0 1.0 0.762832 0.347656 0.244248 0.173437
0 1.0 0.713274 0.335938 0.173451 0.290625
0 1.0 0.663717 0.339844 0.311504 0.132812
0 1.0 0.379646 0.319531 0.242478 0.335938
0 1.0 0.956637 0.350781 0.040708 0.148438
0 1.0 0.936283 0.345313 0.127434 0.115625
0 1.0 0.832743 0.342969 0.175221 0.107813
0 1.0 0.468142 0.356250 0.079646 0.134375
0 1.0 0.391150 0.345313 0.283186 0.140625
0 1.0 0.081416 0.339062 0.077876 0.193750
0 1.0 0.341593 0.332031 0.116814 0.179688
0 1.0 0.609735 0.351562 0.097345 0.231250
0 1.0 0.444248 0.310156 0.038938 0.092188
0 1.0 0.212389 0.377344 0.261947 0.307812
0 1.0 0.469027 0.396094 0.201770 0.104688
0 1.0 0.051327 0.396094 0.102655 0.154688
0 1.0 0.409735 0.392969 0.231858 0.148438
0 1.0 0.656637 0.385156 0.113274 0.289062
0 1.0 0.656637 0.399219 0.304425 0.139063
0 1.0 0.174336 0.393750 0.146903 0.112500
0 1.0 0.069027 0.398438 0.106195 0.075000
0 1.0 0.298230 0.390625 0.132743 0.346875
0 1.0 0.284956 0.388281 0.191150 0.107813
0 1.0 0.224779 0.383594 0.120354 0.273438
0 1.0 0.296460 0.139844 0.153982 0.273438
0 1.0 0.257522 0.125000 0.288496 0.165625
0 1.0 0.346903 0.618750 0.244248 0.440625
0 1.0 0.267257 0.642188 0.534513 0.228125
0 1.0 0.789381 0.768750 0.127434 0.096875
0 1.0 0.646018 0.660156 0.396460 0.420312
0 1.0 0.560177 0.645312 0.568142 0.218750
0 1.0 0.220354 0.130469 0.146903 0.248438
0 1.0 0.385841 0.128125 0.152212 0.250000
0 1.0 0.347788 0.119531 0.221239 0.148438
0 1.0 0.607965 0.117969 0.189381 0.192188
0 1.0 0.564602 0.121094 0.237168 0.117188
0 1.0 0.448673 0.534375 0.454867 0.293750
0 1.0 0.334513 0.497656 0.368142 0.426563
0 1.0 0.504425 0.161719 0.113274 0.195312
0 1.0 0.496460 0.119531 0.249558 0.164062
0 1.0 0.439823 0.152344 0.100885 0.204687
0 1.0 0.471681 0.124219 0.104425 0.104688
0 1.0 0.700885 0.119531 0.311504 0.148438
0 1.0 0.660177 0.138281 0.109735 0.189062
0 1.0 0.801770 0.088281 0.272566 0.151562
0 1.0 0.762832 0.118750 0.138053 0.237500
0 1.0 0.560177 0.754687 0.578761 0.218750
0 1.0 0.948673 0.128906 0.053097 0.123438
0 1.0 0.934513 0.082812 0.130973 0.121875
0 1.0 0.923009 0.140625 0.093805 0.228125
0 1.0 0.169912 0.849219 0.339823 0.204687
0 1.0 0.658407 0.103125 0.074336 0.143750
0 1.0 0.825664 0.121875 0.079646 0.137500
0 1.0 0.873451 0.124219 0.100885 0.185938
0 1.0 0.875221 0.101562 0.196460 0.196875
0 1.0 0.179646 0.730469 0.359292 0.442188
0 1.0 0.338938 0.760156 0.578761 0.226562
0 1.0 0.307080 0.127344 0.069027 0.104688
0 1.0 0.774336 0.647656 0.451327 0.214062
0 1.0 0.053097 0.119531 0.106195 0.126562
0 1.0 0.570796 0.345313 0.529204 0.253125
0 1.0 0.433628 0.343750 0.226549 0.609375
0 1.0 0.782301 0.347656 0.435398 0.239063
0 1.0 0.137168 0.173437 0.263717 0.143750
0 1.0 0.448673 0.450781 0.568142 0.239063
0 1.0 0.147788 0.385937 0.256637 0.656250
0 1.0 0.072566 0.417187 0.145133 0.693750
0 1.0 0.575221 0.235156 0.548673 0.270313
0 1.0 0.060177 0.177344 0.120354 0.092188
0 1.0 0.915044 0.128906 0.169912 0.114062
0 1.0 0.350442 0.354687 0.226549 0.668750
0 1.0 0.344248 0.351562 0.557522 0.231250
0 1.0 0.256637 0.333594 0.223009 0.645312
0 1.0 0.722124 0.450781 0.509735 0.226562
0 1.0 0.660177 0.085156 0.046018 0.076563
0 1.0 0.719469 0.036719 0.086726 0.057813
0 1.0 0.692920 0.042188 0.125664 0.078125
0 1.0 0.615929 0.071875 0.056637 0.087500
0 1.0 0.657522 0.032813 0.090265 0.056250
0 1.0 0.357522 0.878906 0.715044 0.242188
0 1.0 0.773451 0.060156 0.127434 0.110937
0 1.0 0.561062 0.066406 0.053097 0.085938
0 1.0 0.599115 0.031250 0.069027 0.050000
0 1.0 0.584956 0.038281 0.122124 0.076563
0 1.0 0.549558 0.075781 0.238938 0.151562
0 1.0 0.521239 0.032813 0.168142 0.065625
0 1.0 0.504425 0.073438 0.074336 0.081250
0 1.0 0.438053 0.097656 0.044248 0.070312
0 1.0 0.715929 0.056250 0.051327 0.056250
0 1.0 0.511504 0.453906 0.325664 0.720313
0 1.0 0.759292 0.035156 0.092035 0.060937
0 1.0 0.865487 0.043750 0.138053 0.078125
0 1.0 0.823894 0.078906 0.058407 0.098437
0 1.0 0.832743 0.074219 0.044248 0.060937
0 1.0 0.825664 0.060156 0.111504 0.095312
0 1.0 0.880531 0.078906 0.040708 0.060937
0 1.0 0.269027 0.407031 0.509735 0.814063
0 1.0 0.760177 0.432031 0.479646 0.704688
0 1.0 0.287611 0.065625 0.069027 0.121875
0 1.0 0.263717 0.041406 0.187611 0.082812
0 1.0 0.458407 0.063281 0.120354 0.104688
0 1.0 0.390265 0.084375 0.086726 0.165625
0 1.0 0.391150 0.036719 0.254867 0.073438
0 1.0 0.389381 0.082031 0.247788 0.164062
0 1.0 0.060177 0.050781 0.081416 0.095312
0 1.0 0.291150 0.078125 0.256637 0.156250
0 1.0 0.240708 0.085156 0.088496 0.151562
0 1.0 0.509735 0.032813 0.049558 0.050000
0 1.0 0.741593 0.878906 0.516814 0.242188
0 1.0 0.316814 0.180469 0.633628 0.360938
0 1.0 0.346018 0.073438 0.083186 0.146875
0 1.0 0.491150 0.798438 0.861947 0.403125
0 1.0 0.072566 0.128125 0.113274 0.237500
0 1.0 0.224779 0.922656 0.449558 0.154688
0 1.0 0.607965 0.106250 0.097345 0.156250
0 1.0 0.549558 0.846875 0.610619 0.200000
0 1.0 0.551327 0.125000 0.100885 0.184375
0 1.0 0.715929 0.103906 0.125664 0.207813
0 1.0 0.439823 0.150000 0.061947 0.131250
0 1.0 0.776991 0.137500 0.446018 0.275000
0 1.0 0.501770 0.248438 0.292035 0.496875
0 1.0 0.211504 0.278125 0.423009 0.400000
0 1.0 0.549558 0.922656 0.600000 0.154688
0 1.0 0.830088 0.922656 0.339823 0.154688
0 1.0 0.957522 0.103906 0.028319 0.070312
0 1.0 0.927434 0.036719 0.145133 0.073438
0 1.0 0.946903 0.083594 0.042478 0.073438
0 1.0 0.928319 0.119531 0.065487 0.132812
0 1.0 0.871681 0.088281 0.054867 0.095312
0 1.0 0.864602 0.035937 0.076106 0.056250
0 1.0 0.499115 0.864062 0.187611 0.196875
0 1.0 0.453982 0.808594 0.033628 0.073438
0 1.0 0.469027 0.865625 0.201770 0.093750
0 1.0 0.720354 0.826562 0.046018 0.087500
0 1.0 0.715929 0.867969 0.306195 0.110937
0 1.0 0.727434 0.846875 0.038938 0.068750
0 1.0 0.710619 0.864062 0.203540 0.193750
0 1.0 0.670796 0.846875 0.042478 0.075000
0 1.0 0.349558 0.824219 0.086726 0.173437
0 1.0 0.321239 0.866406 0.231858 0.151562
0 1.0 0.892035 0.872656 0.215929 0.123438
0 1.0 0.926549 0.862500 0.107965 0.193750
0 1.0 0.612389 0.845313 0.049558 0.109375
0 1.0 0.622124 0.870313 0.231858 0.137500
0 1.0 0.889381 0.867188 0.047788 0.087500
0 1.0 0.861947 0.879687 0.077876 0.078125
0 1.0 0.820354 0.836719 0.054867 0.110937
0 1.0 0.831858 0.860156 0.038938 0.076563
0 1.0 0.820354 0.867188 0.192920 0.200000
0 1.0 0.772566 0.832812 0.058407 0.115625
0 1.0 0.398230 0.846875 0.081416 0.150000
0 1.0 0.393805 0.860938 0.189381 0.200000
0 1.0 0.347788 0.792969 0.051327 0.120313
0 1.0 0.089381 0.872656 0.157522 0.192188
0 1.0 0.027434 0.880469 0.037168 0.120313
0 1.0 0.292035 0.799219 0.056637 0.123438
0 1.0 0.293805 0.819531 0.106195 0.173437
0 1.0 0.268142 0.875000 0.086726 0.093750
0 1.0 0.284071 0.853906 0.274336 0.270313
0 1.0 0.239823 0.811719 0.061947 0.145313
0 1.0 0.060177 0.874219 0.095575 0.076563
0 1.0 0.556637 0.829688 0.040708 0.081250
0 1.0 0.579646 0.871094 0.118584 0.095312
0 1.0 0.561062 0.856250 0.261947 0.256250
0 1.0 0.505310 0.836719 0.051327 0.117188
0 1.0 0.189381 0.814844 0.053097 0.110937
0 1.0 0.184071 0.874219 0.237168 0.120313
0 1.0 0.189381 0.837500 0.095575 0.156250
0 1.0 0.454867 0.836719 0.063717 0.110937
0 1.0 0.492035 0.872656 0.084956 0.085938
0 1.0 0.186726 0.913281 0.161062 0.151562
0 1.0 0.461062 0.918750 0.153982 0.162500
0 1.0 0.397345 0.920312 0.327434 0.125000
0 1.0 0.341593 0.876563 0.120354 0.246875
0 1.0 0.027434 0.932813 0.054867 0.134375
0 1.0 0.070796 0.917969 0.141593 0.098437
0 1.0 0.669912 0.921094 0.161062 0.157812
0 1.0 0.603540 0.912500 0.099115 0.175000
0 1.0 0.551327 0.913281 0.100885 0.173437
0 1.0 0.515044 0.921094 0.279646 0.110937
0 1.0 0.961062 0.874219 0.028319 0.067187
0 1.0 0.954867 0.885938 0.054867 0.093750
0 1.0 0.302655 0.905469 0.155752 0.173437
0 1.0 0.234513 0.883594 0.122124 0.232813
0 1.0 0.892920 0.851562 0.214159 0.275000
0 1.0 0.820354 0.874219 0.118584 0.082812
0 1.0 0.129204 0.903906 0.145133 0.192188
0 1.0 0.272566 0.819531 0.099115 0.107813
0 1.0 0.876106 0.765625 0.247788 0.131250
0 1.0 0.517699 0.811719 0.295575 0.123438
0 1.0 0.183186 0.802344 0.129204 0.317188
0 1.0 0.484071 0.817969 0.100885 0.107813
0 1.0 0.393805 0.808594 0.334513 0.135937
0 1.0 0.106195 0.828906 0.081416 0.101562
0 1.0 0.448673 0.810156 0.242478 0.279687
0 1.0 0.945133 0.766406 0.109735 0.129688
0 1.0 0.831858 0.775000 0.063717 0.084375
0 1.0 0.860177 0.769531 0.247788 0.307812
0 1.0 0.153097 0.820312 0.221239 0.118750
0 1.0 0.049558 0.822656 0.099115 0.073438
0 1.0 0.053097 0.832812 0.046018 0.062500
0 1.0 0.050442 0.827344 0.097345 0.160938
0 1.0 0.962832 0.846094 0.063717 0.201563
0 1.0 0.873451 0.814844 0.253097 0.126562
0 1.0 0.132743 0.848437 0.077876 0.156250
0 1.0 0.769027 0.809375 0.327434 0.128125
0 1.0 0.161062 0.878125 0.109735 0.121875
0 1.0 0.080531 0.846094 0.065487 0.145313
0 1.0 0.667257 0.813281 0.233628 0.151562
0 1.0 0.796460 0.816406 0.159292 0.098437
0 1.0 0.553097 0.799219 0.125664 0.317188
0 1.0 0.576991 0.814844 0.134513 0.114062
0 1.0 0.606195 0.800000 0.122124 0.253125
0 1.0 0.839823 0.822656 0.069027 0.079687
0 1.0 0.761947 0.812500 0.270796 0.281250
0 1.0 0.315929 0.170313 0.086726 0.146875
0 1.0 0.559292 0.078125 0.644248 0.156250
0 1.0 0.459292 0.136719 0.621239 0.229687
0 1.0 0.378761 0.172656 0.106195 0.095312
0 1.0 0.322124 0.175000 0.254867 0.143750
0 1.0 0.508850 0.184375 0.069027 0.081250
0 1.0 0.466372 0.182031 0.065487 0.114062
0 1.0 0.876106 0.946875 0.106195 0.106250
0 1.0 0.971681 0.957812 0.053097 0.084375
0 1.0 0.940708 0.961719 0.118584 0.076563
0 1.0 0.176106 0.141406 0.090265 0.170313
0 1.0 0.187611 0.952344 0.215929 0.095312
0 1.0 0.130973 0.964063 0.092035 0.059375
0 1.0 0.106195 0.957812 0.152212 0.084375
0 1.0 0.076106 0.966406 0.053097 0.048438
0 1.0 0.384956 0.963281 0.093805 0.064062
0 1.0 0.346903 0.942187 0.120354 0.115625
0 1.0 0.049558 0.964844 0.099115 0.070312
0 1.0 0.305310 0.952344 0.118584 0.095312
0 1.0 0.237168 0.946094 0.084956 0.107813
0 1.0 0.269912 0.962500 0.111504 0.068750
0 1.0 0.184071 0.948438 0.077876 0.103125
0 1.0 0.820354 0.919531 0.100885 0.160938
0 1.0 0.766372 0.900781 0.116814 0.198437
0 1.0 0.669912 0.919531 0.316814 0.120313
0 1.0 0.929204 0.919531 0.141593 0.107813
0 1.0 0.858407 0.963281 0.049558 0.048438
0 1.0 0.554867 0.956250 0.076106 0.087500
0 1.0 0.607965 0.964844 0.065487 0.054688
0 1.0 0.842478 0.961719 0.138053 0.073438
0 1.0 0.768142 0.949219 0.084956 0.101562
0 1.0 0.772566 0.950000 0.231858 0.100000
0 1.0 0.712389 0.946094 0.086726 0.107813
0 1.0 0.501770 0.944531 0.090265 0.110937
0 1.0 0.451327 0.953125 0.077876 0.093750
0 1.0 0.508850 0.963281 0.058407 0.054688
0 1.0 0.397345 0.940625 0.118584 0.118750
0 1.0 0.660177 0.949219 0.084956 0.101562
0 1.0 0.616814 0.949219 0.203540 0.101562
0 1.0 0.676991 0.648438 0.646018 0.703125
0 1.0 0.508850 0.500000 0.681416 1.000000
0 1.0 0.871681 0.309375 0.249558 0.618750
0 1.0 0.309735 0.171875 0.283186 0.343750
0 1.0 0.817699 0.667188 0.364602 0.450000
0 1.0 0.846903 0.539062 0.200000 0.656250
0 1.0 0.745133 0.517188 0.219469 0.578125
0 1.0 0.449558 0.637500 0.339823 0.359375
0 1.0 0.505310 0.694531 0.376991 0.610938
0 1.0 0.925664 0.732812 0.148673 0.534375
0 1.0 0.925664 0.439063 0.148673 0.578125