0 1.0 0.210156 0.700000 0.092188 0.320833
0 1.0 0.710156 0.592708 0.289062 0.122917
0 1.0 0.675000 0.609375 0.046875 0.110417
0 1.0 0.746094 0.594792 0.057813 0.077083
0 1.0 0.610938 0.629167 0.075000 0.191667
0 1.0 0.688281 0.586458 0.057813 0.072917
0 1.0 0.634375 0.598958 0.265625 0.247917
0 1.0 0.550781 0.635417 0.082812 0.212500
0 1.0 0.607812 0.588542 0.228125 0.085417
0 1.0 0.658594 0.587500 0.023438 0.041667
0 1.0 0.619531 0.616667 0.035937 0.083333
0 1.0 0.811719 0.611458 0.373437 0.127083
0 1.0 0.825000 0.641667 0.075000 0.175000
0 1.0 0.835938 0.650000 0.037500 0.087500
0 1.0 0.767969 0.641667 0.079687 0.170833
0 1.0 0.661719 0.604167 0.089063 0.220833
0 1.0 0.714844 0.629167 0.089063 0.187500
0 1.0 0.725000 0.634375 0.056250 0.114583
0 1.0 0.778906 0.647917 0.045312 0.100000
0 1.0 0.339062 0.619792 0.115625 0.264583
0 1.0 0.225781 0.598958 0.164062 0.102083
0 1.0 0.267969 0.602083 0.079687 0.091667
0 1.0 0.341406 0.602083 0.251563 0.312500
0 1.0 0.277344 0.635417 0.079687 0.233333
0 1.0 0.132812 0.601042 0.206250 0.102083
0 1.0 0.207031 0.602083 0.026562 0.050000
0 1.0 0.217188 0.625000 0.190625 0.341667
0 1.0 0.564844 0.597917 0.182812 0.200000
0 1.0 0.498437 0.641667 0.087500 0.233333
0 1.0 0.536719 0.592708 0.151562 0.072917
0 1.0 0.588281 0.592708 0.023438 0.039583
0 1.0 0.501563 0.602083 0.250000 0.279167
0 1.0 0.442969 0.632292 0.073438 0.189583
0 1.0 0.543750 0.609375 0.012500 0.031250
0 1.0 0.455469 0.608333 0.154688 0.183333
0 1.0 0.381250 0.603125 0.212500 0.093750
0 1.0 0.463281 0.614583 0.020313 0.041667
0 1.0 0.480469 0.603125 0.101562 0.060417
0 1.0 0.294531 0.657292 0.223438 0.127083
0 1.0 0.194531 0.662500 0.254688 0.116667
0 1.0 0.275781 0.677083 0.132812 0.325000
0 1.0 0.888281 0.647917 0.035937 0.087500
0 1.0 0.241406 0.660417 0.148438 0.179167
0 1.0 0.270313 0.672917 0.025000 0.054167
0 1.0 0.524219 0.656250 0.235937 0.116667
0 1.0 0.544531 0.659375 0.079687 0.106250
0 1.0 0.535156 0.670833 0.020313 0.054167
0 1.0 0.439844 0.665625 0.229687 0.285417
0 1.0 0.403125 0.661458 0.321875 0.135417
0 1.0 0.462500 0.671875 0.037500 0.077083
0 1.0 0.052344 0.664583 0.104688 0.170833
0 1.0 0.960938 0.657292 0.031250 0.081250
0 1.0 0.929688 0.614583 0.140625 0.095833
0 1.0 0.946875 0.653125 0.040625 0.081250
0 1.0 0.925000 0.600000 0.150000 0.233333
0 1.0 0.917188 0.632292 0.081250 0.177083
0 1.0 0.872656 0.635417 0.079687 0.179167
0 1.0 0.764062 0.625000 0.031250 0.045833
0 1.0 0.844531 0.632292 0.023438 0.035417
0 1.0 0.149219 0.681250 0.079687 0.250000
0 1.0 0.179688 0.660417 0.090625 0.120833
0 1.0 0.153906 0.672917 0.189062 0.312500
0 1.0 0.079687 0.677083 0.112500 0.258333
0 1.0 0.144531 0.659375 0.057813 0.093750
0 1.0 0.059375 0.657292 0.115625 0.077083
0 1.0 0.086719 0.662500 0.023438 0.050000
0 1.0 0.239063 0.556250 0.215625 0.162500
0 1.0 0.219531 0.560417 0.054688 0.083333
0 1.0 0.225781 0.602083 0.082812 0.275000
0 1.0 0.571094 0.556250 0.057813 0.066667
0 1.0 0.552344 0.553125 0.104688 0.110417
0 1.0 0.525000 0.568750 0.084375 0.120833
0 1.0 0.441406 0.576042 0.057813 0.164583
0 1.0 0.508594 0.563542 0.035937 0.052083
0 1.0 0.335156 0.541667 0.157812 0.300000
0 1.0 0.473438 0.567708 0.068750 0.118750
0 1.0 0.392188 0.495833 0.137500 0.437500
0 1.0 0.396875 0.555208 0.237500 0.110417
0 1.0 0.424219 0.562500 0.114062 0.108333
0 1.0 0.234375 0.555208 0.140625 0.110417
0 1.0 0.955469 0.614583 0.020313 0.050000
0 1.0 0.965625 0.503125 0.068750 0.081250
0 1.0 0.942187 0.582292 0.034375 0.060417
0 1.0 0.927344 0.507292 0.145313 0.143750
0 1.0 0.917188 0.548958 0.078125 0.164583
0 1.0 0.892969 0.503125 0.214062 0.289583
0 1.0 0.878125 0.592708 0.050000 0.089583
0 1.0 0.771094 0.514583 0.023438 0.037500
0 1.0 0.892188 0.596875 0.021875 0.039583
0 1.0 0.809375 0.521875 0.059375 0.056250
0 1.0 0.874219 0.529167 0.170313 0.141667
0 1.0 0.181250 0.558333 0.137500 0.100000
0 1.0 0.150781 0.600000 0.064062 0.137500
0 1.0 0.150000 0.562500 0.225000 0.275000
0 1.0 0.082031 0.620833 0.060937 0.154167
0 1.0 0.056250 0.577083 0.075000 0.104167
0 1.0 0.028906 0.620833 0.042188 0.116667
0 1.0 0.096875 0.561458 0.087500 0.064583
0 1.0 0.092188 0.567708 0.037500 0.056250
0 1.0 0.078125 0.556250 0.156250 0.250000
0 1.0 0.111719 0.604167 0.020313 0.045833
0 1.0 0.959375 0.563542 0.081250 0.089583
0 1.0 0.942187 0.628125 0.034375 0.068750
0 1.0 0.875781 0.564583 0.248438 0.120833
0 1.0 0.748437 0.576042 0.021875 0.039583
0 1.0 0.199219 0.597917 0.064062 0.095833
0 1.0 0.170313 0.601042 0.034375 0.072917
0 1.0 0.093750 0.600000 0.087500 0.066667
0 1.0 0.669531 0.552083 0.145313 0.100000
0 1.0 0.814063 0.587500 0.031250 0.041667
0 1.0 0.629687 0.555208 0.140625 0.168750
0 1.0 0.548438 0.580208 0.059375 0.143750
0 1.0 0.643750 0.552083 0.059375 0.087500
0 1.0 0.588281 0.559375 0.104688 0.131250
0 1.0 0.635938 0.589583 0.025000 0.062500
0 1.0 0.803906 0.558333 0.329688 0.270833
0 1.0 0.419531 0.769792 0.310937 0.127083
0 1.0 0.394531 0.750000 0.139063 0.258333
0 1.0 0.467969 0.776042 0.035937 0.064583
0 1.0 0.340625 0.737500 0.109375 0.258333
0 1.0 0.288281 0.768750 0.223438 0.129167
0 1.0 0.607812 0.759375 0.112500 0.306250
0 1.0 0.615625 0.658333 0.040625 0.070833
0 1.0 0.198437 0.773958 0.278125 0.143750
0 1.0 0.260937 0.781250 0.031250 0.075000
0 1.0 0.301563 0.754167 0.093750 0.166667
0 1.0 0.619531 0.763542 0.310937 0.122917
0 1.0 0.553906 0.759375 0.114062 0.327083
0 1.0 0.597656 0.771875 0.067187 0.081250
0 1.0 0.500781 0.767708 0.117188 0.322917
0 1.0 0.532031 0.775000 0.101562 0.095833
0 1.0 0.771094 0.726042 0.123438 0.239583
0 1.0 0.783594 0.742708 0.254688 0.285417
0 1.0 0.447656 0.769792 0.123438 0.222917
0 1.0 0.531250 0.787500 0.021875 0.045833
0 1.0 0.060937 0.765625 0.121875 0.081250
0 1.0 0.041406 0.764583 0.082812 0.250000
0 1.0 0.068750 0.771875 0.031250 0.056250
0 1.0 0.938281 0.697917 0.123438 0.087500
0 1.0 0.946094 0.696875 0.064062 0.156250
0 1.0 0.921875 0.701042 0.156250 0.256250
0 1.0 0.854688 0.695833 0.256250 0.120833
0 1.0 0.203906 0.766667 0.126562 0.162500
0 1.0 0.150000 0.771875 0.062500 0.102083
0 1.0 0.200000 0.769792 0.050000 0.102083
0 1.0 0.149219 0.748958 0.145313 0.227083
0 1.0 0.082812 0.804167 0.125000 0.262500
0 1.0 0.144531 0.815625 0.060937 0.089583
0 1.0 0.360156 0.797917 0.248438 0.275000
0 1.0 0.346094 0.807292 0.142187 0.156250
0 1.0 0.060937 0.825000 0.037500 0.058333
0 1.0 0.960156 0.689583 0.035937 0.104167
0 1.0 0.937500 0.755208 0.125000 0.102083
0 1.0 0.867188 0.762500 0.265625 0.129167
0 1.0 0.254688 0.812500 0.300000 0.125000
0 1.0 0.286719 0.812500 0.085938 0.104167
0 1.0 0.233594 0.779167 0.239063 0.291667
0 1.0 0.444531 0.837500 0.092188 0.216667
0 1.0 0.132031 0.811458 0.264062 0.122917
0 1.0 0.187500 0.814583 0.050000 0.083333
0 1.0 0.490625 0.822917 0.193750 0.079167
0 1.0 0.714063 0.725000 0.100000 0.275000
0 1.0 0.750781 0.770833 0.101562 0.100000
0 1.0 0.659375 0.740625 0.109375 0.264583
0 1.0 0.695312 0.770833 0.093750 0.100000
0 1.0 0.657813 0.760417 0.256250 0.295833
0 1.0 0.870313 0.712500 0.087500 0.237500
0 1.0 0.632812 0.767708 0.128125 0.122917
0 1.0 0.203906 0.814583 0.104688 0.112500
0 1.0 0.839844 0.776042 0.026562 0.052083
0 1.0 0.826562 0.731250 0.084375 0.191667
0 1.0 0.029687 0.833333 0.059375 0.216667
0 1.0 0.062500 0.816667 0.125000 0.083333
0 1.0 0.076563 0.717708 0.028125 0.047917
0 1.0 0.897656 0.654167 0.148438 0.095833
0 1.0 0.948438 0.656250 0.103125 0.137500
0 1.0 0.183594 0.707292 0.254688 0.127083
0 1.0 0.194531 0.717708 0.051562 0.089583
0 1.0 0.057031 0.712500 0.114062 0.075000
0 1.0 0.303906 0.716667 0.142187 0.108333
0 1.0 0.149219 0.716667 0.051562 0.087500
0 1.0 0.703906 0.648958 0.273438 0.131250
0 1.0 0.744531 0.651042 0.054688 0.085417
0 1.0 0.606250 0.654167 0.046875 0.133333
0 1.0 0.056250 0.059375 0.062500 0.085417
0 1.0 0.561719 0.658333 0.242188 0.275000
0 1.0 0.849219 0.657292 0.032813 0.064583
0 1.0 0.871875 0.642708 0.200000 0.181250
0 1.0 0.800781 0.644792 0.176563 0.122917
0 1.0 0.750000 0.702083 0.328125 0.120833
0 1.0 0.776563 0.703125 0.078125 0.093750
0 1.0 0.725781 0.683333 0.260937 0.275000
0 1.0 0.496875 0.716667 0.231250 0.279167
0 1.0 0.623437 0.706250 0.306250 0.125000
0 1.0 0.603125 0.709375 0.078125 0.185417
0 1.0 0.632812 0.711458 0.125000 0.122917
0 1.0 0.721094 0.709375 0.067187 0.089583
0 1.0 0.774219 0.698958 0.026562 0.047917
0 1.0 0.839844 0.700000 0.023438 0.045833
0 1.0 0.265625 0.728125 0.021875 0.052083
0 1.0 0.529687 0.713542 0.106250 0.110417
0 1.0 0.587500 0.713542 0.065625 0.085417
0 1.0 0.511719 0.709375 0.282813 0.127083
0 1.0 0.460938 0.726042 0.037500 0.072917
0 1.0 0.478125 0.717708 0.159375 0.097917
0 1.0 0.530469 0.726042 0.023438 0.056250
0 1.0 0.406250 0.716667 0.315625 0.129167
0 1.0 0.289062 0.335417 0.246875 0.112500
0 1.0 0.246875 0.379167 0.056250 0.129167
0 1.0 0.264844 0.332292 0.270313 0.318750
0 1.0 0.194531 0.388542 0.057813 0.164583
0 1.0 0.191406 0.356250 0.117188 0.216667
0 1.0 0.828125 0.580208 0.056250 0.114583
0 1.0 0.207031 0.354167 0.057813 0.100000
0 1.0 0.136719 0.388542 0.057813 0.156250
0 1.0 0.158594 0.339583 0.273438 0.120833
0 1.0 0.139844 0.331250 0.242188 0.300000
0 1.0 0.142969 0.346875 0.142187 0.160417
0 1.0 0.082031 0.381250 0.067187 0.162500
0 1.0 0.387500 0.331250 0.137500 0.254167
0 1.0 0.396875 0.328125 0.278125 0.147917
0 1.0 0.239063 0.382292 0.081250 0.202083
0 1.0 0.296875 0.340625 0.062500 0.156250
0 1.0 0.300000 0.333333 0.128125 0.245833
0 1.0 0.332031 0.350000 0.067187 0.129167
0 1.0 0.889844 0.292708 0.220312 0.256250
0 1.0 0.924219 0.306250 0.101562 0.112500
0 1.0 0.875781 0.341667 0.085938 0.141667
0 1.0 0.849219 0.304167 0.060937 0.054167
0 1.0 0.890625 0.337500 0.025000 0.041667
0 1.0 0.867969 0.312500 0.110937 0.066667
0 1.0 0.128125 0.340625 0.106250 0.085417
0 1.0 0.821094 0.300000 0.220312 0.100000
0 1.0 0.838281 0.341667 0.023438 0.041667
0 1.0 0.775000 0.341667 0.081250 0.145833
0 1.0 0.792188 0.337500 0.021875 0.041667
0 1.0 0.822656 0.344792 0.082812 0.139583
0 1.0 0.089063 0.342708 0.171875 0.189583
0 1.0 0.023438 0.354167 0.031250 0.091667
0 1.0 0.063281 0.340625 0.098437 0.072917
0 1.0 0.028906 0.356250 0.057813 0.141667
0 1.0 0.957812 0.347917 0.034375 0.079167
0 1.0 0.954688 0.293750 0.090625 0.087500
0 1.0 0.947656 0.320833 0.035937 0.058333
0 1.0 0.918750 0.371875 0.121875 0.214583
0 1.0 0.873437 0.394792 0.071875 0.164583
0 1.0 0.814063 0.345833 0.168750 0.091667
0 1.0 0.880469 0.394792 0.045312 0.102083
0 1.0 0.446875 0.350000 0.087500 0.120833
0 1.0 0.825781 0.403125 0.060937 0.152083
0 1.0 0.796094 0.347917 0.345313 0.112500
0 1.0 0.831250 0.398958 0.040625 0.089583
0 1.0 0.771875 0.400000 0.071875 0.154167
0 1.0 0.839844 0.355208 0.285938 0.247917
0 1.0 0.076563 0.453125 0.071875 0.156250
0 1.0 0.121875 0.397917 0.156250 0.091667
0 1.0 0.082812 0.450000 0.046875 0.091667
0 1.0 0.085156 0.406250 0.151562 0.162500
0 1.0 0.028906 0.453125 0.045312 0.122917
0 1.0 0.063281 0.397917 0.126562 0.070833
0 1.0 0.957031 0.387500 0.020313 0.050000
0 1.0 0.921094 0.342708 0.157812 0.102083
0 1.0 0.942187 0.394792 0.046875 0.085417
0 1.0 0.954688 0.360417 0.090625 0.120833
0 1.0 0.621094 0.355208 0.173437 0.139583
0 1.0 0.541406 0.412500 0.051562 0.112500
0 1.0 0.554688 0.355208 0.290625 0.239583
0 1.0 0.508594 0.407292 0.045312 0.114583
0 1.0 0.782031 0.405208 0.039062 0.081250
0 1.0 0.489063 0.341667 0.268750 0.154167
0 1.0 0.434375 0.306250 0.034375 0.062500
0 1.0 0.481250 0.336458 0.115625 0.110417
0 1.0 0.710938 0.400000 0.075000 0.154167
0 1.0 0.721094 0.368750 0.279687 0.233333
0 1.0 0.679688 0.396875 0.046875 0.085417
0 1.0 0.620313 0.413542 0.046875 0.114583
0 1.0 0.628125 0.405208 0.028125 0.064583
0 1.0 0.878125 0.279167 0.096875 0.175000
0 1.0 0.811719 0.239583 0.198437 0.104167
0 1.0 0.886719 0.284375 0.057813 0.093750
0 1.0 0.817969 0.279167 0.079687 0.162500
0 1.0 0.807813 0.235417 0.284375 0.275000
0 1.0 0.768750 0.257292 0.093750 0.202083
0 1.0 0.778125 0.259375 0.053125 0.110417
0 1.0 0.828125 0.284375 0.043750 0.081250
0 1.0 0.050000 0.290625 0.100000 0.077083
0 1.0 0.038281 0.288542 0.060937 0.131250
0 1.0 0.964844 0.311458 0.045312 0.102083
0 1.0 0.931250 0.237500 0.137500 0.141667
0 1.0 0.564844 0.241667 0.220312 0.125000
0 1.0 0.546875 0.223958 0.275000 0.256250
0 1.0 0.188281 0.066667 0.042188 0.062500
0 1.0 0.680469 0.289583 0.032813 0.058333
0 1.0 0.212500 0.065625 0.050000 0.060417
0 1.0 0.139063 0.078125 0.043750 0.085417
0 1.0 0.180469 0.035417 0.060937 0.045833
0 1.0 0.711719 0.272917 0.085938 0.154167
0 1.0 0.142969 0.085417 0.242188 0.170833
0 1.0 0.156250 0.064583 0.071875 0.079167
0 1.0 0.072656 0.075000 0.051562 0.100000
0 1.0 0.137500 0.032292 0.050000 0.043750
0 1.0 0.113281 0.040625 0.085938 0.060417
0 1.0 0.098437 0.063542 0.078125 0.089583
0 1.0 0.025000 0.060417 0.037500 0.083333
0 1.0 0.157031 0.041667 0.123438 0.070833
0 1.0 0.718750 0.237500 0.340625 0.125000
0 1.0 0.721094 0.268750 0.042188 0.066667
0 1.0 0.666406 0.288542 0.070312 0.122917
0 1.0 0.368750 0.068750 0.062500 0.079167
0 1.0 0.559375 0.258333 0.059375 0.091667
0 1.0 0.607031 0.291667 0.051562 0.095833
0 1.0 0.610938 0.294792 0.021875 0.043750
0 1.0 0.671094 0.221875 0.279687 0.281250
0 1.0 0.564063 0.305208 0.168750 0.077083
0 1.0 0.557031 0.334375 0.039062 0.060417
0 1.0 0.575781 0.322917 0.082812 0.091667
0 1.0 0.508594 0.354167 0.054688 0.120833
0 1.0 0.492969 0.295833 0.235937 0.108333
0 1.0 0.511719 0.348958 0.039062 0.072917
0 1.0 0.481250 0.296875 0.056250 0.089583
0 1.0 0.429688 0.293750 0.150000 0.200000
0 1.0 0.450781 0.311458 0.051562 0.077083
0 1.0 0.711719 0.351042 0.085938 0.139583
0 1.0 0.726562 0.341667 0.031250 0.050000
0 1.0 0.720313 0.319792 0.137500 0.118750
0 1.0 0.688281 0.302083 0.260937 0.100000
0 1.0 0.550781 0.354167 0.067187 0.116667
0 1.0 0.614062 0.351042 0.065625 0.122917
0 1.0 0.622656 0.350000 0.023438 0.045833
0 1.0 0.628125 0.292708 0.275000 0.247917
0 1.0 0.631250 0.314583 0.112500 0.116667
0 1.0 0.678906 0.359375 0.032813 0.056250
0 1.0 0.245312 0.276042 0.196875 0.197917
0 1.0 0.180469 0.275000 0.135937 0.258333
0 1.0 0.217188 0.296875 0.040625 0.085417
0 1.0 0.162500 0.287500 0.143750 0.100000
0 1.0 0.144531 0.281250 0.060937 0.129167
0 1.0 0.068750 0.291667 0.090625 0.200000
0 1.0 0.074219 0.280208 0.042188 0.085417
0 1.0 0.353125 0.268750 0.143750 0.241667
0 1.0 0.372656 0.277083 0.179688 0.120833
0 1.0 0.341406 0.283333 0.067187 0.108333
0 1.0 0.235156 0.301042 0.095312 0.222917
0 1.0 0.245312 0.290625 0.043750 0.093750
0 1.0 0.943750 0.522917 0.034375 0.066667
0 1.0 0.917969 0.448958 0.164062 0.143750
0 1.0 0.878906 0.530208 0.039062 0.081250
0 1.0 0.799219 0.446875 0.023438 0.039583
0 1.0 0.890625 0.520833 0.015625 0.037500
0 1.0 0.801562 0.450000 0.187500 0.091667
0 1.0 0.828906 0.527083 0.042188 0.087500
0 1.0 0.793750 0.442708 0.300000 0.147917
0 1.0 0.180469 0.509375 0.126562 0.093750
0 1.0 0.154688 0.531250 0.150000 0.162500
0 1.0 0.085156 0.564583 0.045312 0.116667
0 1.0 0.140625 0.508333 0.106250 0.079167
0 1.0 0.971094 0.444792 0.057813 0.068750
0 1.0 0.031250 0.567708 0.037500 0.106250
0 1.0 0.071875 0.511458 0.059375 0.052083
0 1.0 0.032031 0.547917 0.060937 0.120833
0 1.0 0.048438 0.516667 0.065625 0.062500
0 1.0 0.957031 0.556250 0.020313 0.054167
0 1.0 0.677344 0.459375 0.192188 0.177083
0 1.0 0.635938 0.555208 0.025000 0.064583
0 1.0 0.670312 0.444792 0.140625 0.106250
0 1.0 0.649219 0.542708 0.017188 0.039583
0 1.0 0.554688 0.518750 0.040625 0.091667
0 1.0 0.836719 0.522917 0.017188 0.037500
0 1.0 0.579688 0.443750 0.243750 0.133333
0 1.0 0.580469 0.469792 0.095312 0.110417
0 1.0 0.509375 0.487500 0.046875 0.137500
0 1.0 0.546094 0.447917 0.067187 0.066667
0 1.0 0.496875 0.425000 0.246875 0.279167
0 1.0 0.632812 0.445833 0.068750 0.066667
0 1.0 0.771094 0.534375 0.048438 0.081250
0 1.0 0.780469 0.533333 0.017188 0.033333
0 1.0 0.720313 0.510417 0.037500 0.062500
0 1.0 0.674219 0.536458 0.042188 0.081250
0 1.0 0.685937 0.528125 0.021875 0.039583
0 1.0 0.710938 0.521875 0.062500 0.110417
0 1.0 0.679688 0.516667 0.250000 0.133333
0 1.0 0.678906 0.494792 0.270313 0.289583
0 1.0 0.663281 0.513542 0.126562 0.089583
0 1.0 0.643750 0.565625 0.021875 0.064583
0 1.0 0.620313 0.512500 0.093750 0.083333
0 1.0 0.508594 0.516667 0.082812 0.166667
0 1.0 0.796094 0.507292 0.310937 0.118750
0 1.0 0.839063 0.588542 0.018750 0.043750
0 1.0 0.814844 0.526042 0.157812 0.143750
0 1.0 0.763281 0.564583 0.076563 0.141667
0 1.0 0.772656 0.570833 0.032813 0.066667
0 1.0 0.685156 0.567708 0.023438 0.056250
0 1.0 0.717187 0.560417 0.043750 0.083333
0 1.0 0.274219 0.527083 0.076563 0.183333
0 1.0 0.235156 0.508333 0.054688 0.079167
0 1.0 0.290625 0.505208 0.143750 0.189583
0 1.0 0.257812 0.503125 0.175000 0.114583
0 1.0 0.537500 0.510417 0.121875 0.083333
0 1.0 0.204687 0.523958 0.106250 0.156250
0 1.0 0.439844 0.511458 0.067187 0.193750
0 1.0 0.490625 0.517708 0.062500 0.056250
0 1.0 0.435937 0.493750 0.121875 0.241667
0 1.0 0.507812 0.521875 0.037500 0.047917
0 1.0 0.466406 0.512500 0.079687 0.125000
0 1.0 0.419531 0.509375 0.114062 0.089583
0 1.0 0.394531 0.504167 0.232813 0.095833
0 1.0 0.635156 0.482292 0.020313 0.039583
0 1.0 0.627344 0.393750 0.292187 0.150000
0 1.0 0.549219 0.462500 0.042188 0.075000
0 1.0 0.514844 0.392708 0.176563 0.114583
0 1.0 0.510938 0.441667 0.040625 0.091667
0 1.0 0.433594 0.400000 0.110937 0.220833
0 1.0 0.481250 0.394792 0.103125 0.085417
0 1.0 0.771094 0.468750 0.073438 0.125000
0 1.0 0.780469 0.476042 0.023438 0.047917
0 1.0 0.671094 0.471875 0.064062 0.118750
0 1.0 0.685156 0.462500 0.035937 0.062500
0 1.0 0.622656 0.490625 0.045312 0.093750
0 1.0 0.232031 0.468750 0.070312 0.158333
0 1.0 0.273438 0.396875 0.293750 0.118750
0 1.0 0.239063 0.469792 0.037500 0.085417
0 1.0 0.250781 0.415625 0.170313 0.185417
0 1.0 0.196875 0.459375 0.071875 0.172917
0 1.0 0.190625 0.400000 0.237500 0.312500
0 1.0 0.138281 0.456250 0.067187 0.154167
0 1.0 0.147656 0.454167 0.042188 0.087500
0 1.0 0.453906 0.388542 0.182812 0.135417
0 1.0 0.429688 0.371875 0.234375 0.306250
0 1.0 0.364063 0.395833 0.146875 0.120833
0 1.0 0.289062 0.402083 0.118750 0.083333
0 1.0 0.275781 0.462500 0.064062 0.070833
0 1.0 0.310156 0.430208 0.229687 0.302083
0 1.0 0.314063 0.468750 0.062500 0.112500
0 1.0 0.295312 0.450000 0.059375 0.058333
0 1.0 0.201563 0.542708 0.040625 0.089583
0 1.0 0.257812 0.458333 0.046875 0.058333
0 1.0 0.223438 0.493750 0.046875 0.079167
0 1.0 0.146875 0.555208 0.034375 0.077083
0 1.0 0.208594 0.459375 0.035937 0.047917
0 1.0 0.438281 0.450000 0.054688 0.137500
0 1.0 0.518750 0.454167 0.015625 0.033333
0 1.0 0.479687 0.445833 0.100000 0.079167
0 1.0 0.403906 0.444792 0.201563 0.093750
0 1.0 0.273438 0.459375 0.128125 0.081250
0 1.0 0.275781 0.453125 0.020313 0.043750
0 1.0 0.361719 0.440625 0.095312 0.168750
0 1.0 0.947656 0.408333 0.104688 0.150000
0 1.0 0.871875 0.387500 0.256250 0.133333
0 1.0 0.157031 0.537500 0.029687 0.054167
0 1.0 0.881250 0.448958 0.031250 0.081250
0 1.0 0.832812 0.452083 0.028125 0.070833
0 1.0 0.159375 0.461458 0.215625 0.106250
0 1.0 0.156250 0.455208 0.037500 0.047917
0 1.0 0.096875 0.525000 0.028125 0.062500
0 1.0 0.108594 0.460417 0.217188 0.270833
0 1.0 0.101562 0.478125 0.084375 0.106250
0 1.0 0.093750 0.454167 0.015625 0.029167
0 1.0 0.032031 0.502083 0.039062 0.079167
0 1.0 0.042969 0.455208 0.085938 0.068750
0 1.0 0.063281 0.478125 0.051562 0.077083
0 1.0 0.959375 0.490625 0.031250 0.089583
0 1.0 0.947656 0.462500 0.045312 0.095833
0 1.0 0.649219 0.638542 0.598437 0.218750
0 1.0 0.700781 0.118750 0.295312 0.229167
0 1.0 0.663281 0.153125 0.092188 0.181250
0 1.0 0.670312 0.140625 0.068750 0.106250
0 1.0 0.596094 0.159375 0.082812 0.181250
0 1.0 0.654687 0.112500 0.259375 0.116667
0 1.0 0.715625 0.128125 0.125000 0.181250
0 1.0 0.652344 0.644792 0.467187 0.427083
0 1.0 0.596875 0.145833 0.053125 0.104167
0 1.0 0.553125 0.155208 0.093750 0.193750
0 1.0 0.564063 0.110417 0.193750 0.116667
0 1.0 0.546875 0.133333 0.284375 0.220833
0 1.0 0.501563 0.162500 0.115625 0.220833
0 1.0 0.764844 0.136458 0.104688 0.177083
0 1.0 0.810937 0.119792 0.153125 0.139583
0 1.0 0.862500 0.126042 0.246875 0.243750
0 1.0 0.843750 0.533333 0.203125 0.483333
0 1.0 0.345313 0.602083 0.390625 0.491667
0 1.0 0.281250 0.648958 0.528125 0.235417
0 1.0 0.820312 0.156250 0.068750 0.125000
0 1.0 0.129688 0.162500 0.087500 0.220833
0 1.0 0.225000 0.852083 0.450000 0.200000
0 1.0 0.073438 0.152083 0.121875 0.283333
0 1.0 0.301563 0.189583 0.062500 0.145833
0 1.0 0.257812 0.146875 0.284375 0.135417
0 1.0 0.300000 0.163542 0.128125 0.193750
0 1.0 0.303906 0.158333 0.032813 0.058333
0 1.0 0.719531 0.754167 0.560937 0.229167
0 1.0 0.033594 0.162500 0.067187 0.229167
0 1.0 0.056250 0.125000 0.112500 0.087500
0 1.0 0.185156 0.137500 0.210938 0.195833
0 1.0 0.964063 0.130208 0.037500 0.097917
0 1.0 0.949219 0.078125 0.101562 0.097917
0 1.0 0.182031 0.168750 0.079687 0.191667
0 1.0 0.485938 0.853125 0.600000 0.185417
0 1.0 0.353906 0.136458 0.235937 0.172917
0 1.0 0.435156 0.181250 0.076563 0.162500
0 1.0 0.484375 0.122917 0.190625 0.125000
0 1.0 0.432812 0.156250 0.150000 0.204167
0 1.0 0.381250 0.751042 0.621875 0.202083
0 1.0 0.513281 0.130208 0.045312 0.085417
0 1.0 0.241406 0.148958 0.139063 0.260417
0 1.0 0.383594 0.165625 0.139063 0.268750
0 1.0 0.454688 0.138542 0.081250 0.110417
0 1.0 0.345313 0.177083 0.096875 0.220833
0 1.0 0.201563 0.186458 0.028125 0.060417
0 1.0 0.267188 0.438542 0.356250 0.502083
0 1.0 0.230469 0.451042 0.460938 0.222917
0 1.0 0.127344 0.185417 0.157812 0.283333
0 1.0 0.776563 0.442708 0.446875 0.243750
0 1.0 0.486719 0.444792 0.632812 0.235417
0 1.0 0.456250 0.431250 0.434375 0.458333
0 1.0 0.671094 0.373958 0.492188 0.356250
0 1.0 0.549219 0.359375 0.226562 0.472917
0 1.0 0.385156 0.189583 0.170313 0.116667
0 1.0 0.236719 0.182292 0.198437 0.131250
0 1.0 0.335156 0.200000 0.035937 0.079167
0 1.0 0.385937 0.552083 0.621875 0.208333
0 1.0 0.965625 0.183333 0.043750 0.108333
0 1.0 0.946875 0.128125 0.106250 0.097917
0 1.0 0.917969 0.145833 0.120313 0.237500
0 1.0 0.880469 0.143750 0.101562 0.162500
0 1.0 0.050000 0.181250 0.100000 0.083333
0 1.0 0.161719 0.537500 0.323437 0.491667
0 1.0 0.556250 0.527083 0.475000 0.458333
0 1.0 0.121875 0.177083 0.184375 0.116667
0 1.0 0.743750 0.036458 0.134375 0.072917
0 1.0 0.774219 0.076042 0.045312 0.064583
0 1.0 0.747656 0.071875 0.251563 0.143750
0 1.0 0.875781 0.046875 0.054688 0.093750
0 1.0 0.846094 0.034375 0.054688 0.052083
0 1.0 0.718750 0.057292 0.125000 0.102083
0 1.0 0.668750 0.081250 0.034375 0.058333
0 1.0 0.697656 0.041667 0.101562 0.058333
0 1.0 0.678906 0.083333 0.026562 0.037500
0 1.0 0.676562 0.061458 0.103125 0.085417
0 1.0 0.839844 0.041667 0.120313 0.079167
0 1.0 0.878906 0.054167 0.110937 0.108333
0 1.0 0.803906 0.063542 0.051562 0.089583
0 1.0 0.792969 0.033333 0.104688 0.066667
0 1.0 0.806250 0.060417 0.037500 0.054167
0 1.0 0.883594 0.053125 0.035937 0.056250
0 1.0 0.963281 0.065625 0.029687 0.064583
0 1.0 0.951562 0.031250 0.096875 0.062500
0 1.0 0.924219 0.052083 0.060937 0.104167
0 1.0 0.929688 0.080208 0.140625 0.160417
0 1.0 0.068750 0.032292 0.037500 0.039583
0 1.0 0.447656 0.076042 0.045312 0.052083
0 1.0 0.521094 0.057292 0.032813 0.031250
0 1.0 0.493750 0.082292 0.034375 0.047917
0 1.0 0.388281 0.081250 0.085938 0.162500
0 1.0 0.415625 0.035417 0.118750 0.045833
0 1.0 0.447656 0.047917 0.029687 0.029167
0 1.0 0.410156 0.091667 0.229687 0.183333
0 1.0 0.418750 0.067708 0.065625 0.081250
0 1.0 0.335156 0.100000 0.045312 0.104167
0 1.0 0.313281 0.036458 0.014063 0.027083
0 1.0 0.285156 0.042708 0.085938 0.052083
0 1.0 0.528125 0.094792 0.031250 0.047917
0 1.0 0.069531 0.076042 0.139063 0.152083
0 1.0 0.040625 0.038542 0.071875 0.060417
0 1.0 0.302344 0.096875 0.039062 0.081250
0 1.0 0.306250 0.071875 0.056250 0.081250
0 1.0 0.227344 0.036458 0.057813 0.047917
0 1.0 0.290625 0.088542 0.234375 0.177083
0 1.0 0.243750 0.084375 0.062500 0.118750
0 1.0 0.253906 0.073958 0.042188 0.064583
0 1.0 0.250781 0.062500 0.110937 0.108333
0 1.0 0.627344 0.070833 0.251563 0.141667
0 1.0 0.629687 0.064583 0.075000 0.070833
0 1.0 0.560937 0.093750 0.043750 0.070833
0 1.0 0.614062 0.047917 0.046875 0.033333
0 1.0 0.597656 0.056250 0.070312 0.037500
0 1.0 0.578906 0.073958 0.054688 0.060417
0 1.0 0.532813 0.053125 0.087500 0.043750
0 1.0 0.549219 0.044792 0.057813 0.035417
0 1.0 0.738281 0.879167 0.523438 0.241667
0 1.0 0.721875 0.075000 0.053125 0.079167
0 1.0 0.728906 0.073958 0.039062 0.047917
0 1.0 0.517969 0.100000 0.039062 0.070833
0 1.0 0.530469 0.079167 0.048438 0.058333
0 1.0 0.445312 0.085417 0.021875 0.037500
0 1.0 0.546094 0.045833 0.014063 0.020833
0 1.0 0.760156 0.498958 0.479687 0.618750
0 1.0 0.499219 0.537500 0.445312 0.895833
0 1.0 0.514844 0.190625 0.845313 0.381250
0 1.0 0.514062 0.806250 0.971875 0.383333
0 1.0 0.598437 0.096875 0.037500 0.064583
0 1.0 0.673438 0.043750 0.059375 0.041667
0 1.0 0.603125 0.091667 0.021875 0.033333
0 1.0 0.365625 0.919792 0.600000 0.160417
0 1.0 0.166406 0.923958 0.332813 0.152083
0 1.0 0.718750 0.105208 0.084375 0.106250
0 1.0 0.515625 0.089583 0.081250 0.062500
0 1.0 0.540625 0.095833 0.021875 0.041667
0 1.0 0.443750 0.080208 0.187500 0.089583
0 1.0 0.596875 0.127083 0.037500 0.066667
0 1.0 0.470313 0.105208 0.106250 0.102083
0 1.0 0.771094 0.084375 0.104688 0.102083
0 1.0 0.674219 0.116667 0.051562 0.075000
0 1.0 0.810937 0.118750 0.056250 0.095833
0 1.0 0.121875 0.077083 0.150000 0.095833
0 1.0 0.709375 0.335417 0.337500 0.670833
0 1.0 0.196094 0.103125 0.110937 0.118750
0 1.0 0.523438 0.311458 0.703125 0.352083
0 1.0 0.403906 0.078125 0.057813 0.060417
0 1.0 0.225781 0.087500 0.123438 0.070833
0 1.0 0.250781 0.125000 0.501563 0.250000
0 1.0 0.829688 0.922917 0.340625 0.154167
0 1.0 0.545312 0.086458 0.096875 0.081250
0 1.0 0.275781 0.097917 0.023438 0.037500
0 1.0 0.251563 0.126042 0.084375 0.143750
0 1.0 0.301563 0.116667 0.100000 0.120833
0 1.0 0.142969 0.926042 0.120313 0.147917
0 1.0 0.081250 0.910417 0.087500 0.179167
0 1.0 0.100781 0.922917 0.148438 0.112500
0 1.0 0.025781 0.933333 0.051562 0.133333
0 1.0 0.063281 0.921875 0.117188 0.072917
0 1.0 0.060937 0.927083 0.056250 0.066667
0 1.0 0.284375 0.906250 0.125000 0.187500
0 1.0 0.306250 0.927083 0.062500 0.075000
0 1.0 0.924219 0.867708 0.151562 0.118750
0 1.0 0.957031 0.857292 0.045312 0.102083
0 1.0 0.551562 0.917708 0.100000 0.164583
0 1.0 0.567969 0.916667 0.310937 0.129167
0 1.0 0.227344 0.888542 0.101562 0.222917
0 1.0 0.264062 0.916667 0.196875 0.104167
0 1.0 0.395313 0.916667 0.100000 0.166667
0 1.0 0.187500 0.896875 0.093750 0.206250
0 1.0 0.463281 0.902083 0.260937 0.195833
0 1.0 0.469531 0.925000 0.139063 0.129167
0 1.0 0.778125 0.770833 0.040625 0.087500
0 1.0 0.740625 0.866667 0.300000 0.125000
0 1.0 0.789062 0.813542 0.034375 0.077083
0 1.0 0.774219 0.851042 0.276562 0.247917
0 1.0 0.667969 0.805208 0.035937 0.060417
0 1.0 0.619531 0.868750 0.279687 0.116667
0 1.0 0.672656 0.833333 0.026562 0.045833
0 1.0 0.962500 0.833333 0.025000 0.070833
0 1.0 0.921094 0.857292 0.157812 0.256250
0 1.0 0.923438 0.802083 0.078125 0.183333
0 1.0 0.873437 0.770833 0.056250 0.120833
0 1.0 0.825781 0.761458 0.048438 0.106250
0 1.0 0.833594 0.809375 0.039062 0.089583
0 1.0 0.768750 0.883333 0.118750 0.233333
0 1.0 0.688281 0.914583 0.317188 0.125000
0 1.0 0.964063 0.932292 0.056250 0.135417
0 1.0 0.928125 0.919792 0.143750 0.114583
0 1.0 0.657031 0.902083 0.110937 0.195833
0 1.0 0.711719 0.892708 0.114062 0.214583
0 1.0 0.232813 0.944792 0.078125 0.110417
0 1.0 0.868750 0.869792 0.121875 0.260417
0 1.0 0.166406 0.958333 0.095312 0.083333
0 1.0 0.821875 0.891667 0.109375 0.216667
0 1.0 0.342187 0.918750 0.081250 0.162500
0 1.0 0.378906 0.920833 0.229687 0.104167
0 1.0 0.599219 0.910417 0.095312 0.170833
0 1.0 0.442969 0.932292 0.064062 0.110417
0 1.0 0.760156 0.809375 0.145313 0.118750
0 1.0 0.066406 0.870833 0.035937 0.050000
0 1.0 0.672656 0.812500 0.310937 0.116667
0 1.0 0.704688 0.815625 0.106250 0.097917
0 1.0 0.604688 0.830208 0.028125 0.052083
0 1.0 0.654687 0.816667 0.100000 0.091667
0 1.0 0.713281 0.804167 0.176563 0.200000
0 1.0 0.870313 0.810417 0.259375 0.125000
0 1.0 0.181250 0.856250 0.234375 0.270833
0 1.0 0.858594 0.810417 0.242188 0.279167
0 1.0 0.475000 0.823958 0.034375 0.052083
0 1.0 0.602344 0.826042 0.260937 0.281250
0 1.0 0.278125 0.822917 0.025000 0.045833
0 1.0 0.583594 0.819792 0.264062 0.097917
0 1.0 0.610156 0.826042 0.064062 0.064583
0 1.0 0.547656 0.825000 0.076563 0.075000
0 1.0 0.540625 0.834375 0.018750 0.035417
0 1.0 0.457813 0.818750 0.234375 0.275000
0 1.0 0.727344 0.823958 0.029687 0.060417
0 1.0 0.403906 0.866667 0.035937 0.087500
0 1.0 0.428125 0.877083 0.212500 0.083333
0 1.0 0.470313 0.885417 0.040625 0.050000
0 1.0 0.348438 0.841667 0.028125 0.066667
0 1.0 0.375781 0.875000 0.092188 0.058333
0 1.0 0.363281 0.880208 0.095312 0.114583
0 1.0 0.568750 0.864583 0.031250 0.066667
0 1.0 0.609375 0.852083 0.018750 0.037500
0 1.0 0.880469 0.808333 0.051562 0.104167
0 1.0 0.852344 0.879167 0.067187 0.087500
0 1.0 0.578906 0.877083 0.035937 0.062500
0 1.0 0.721094 0.780208 0.035937 0.068750
0 1.0 0.511719 0.882292 0.039062 0.072917
0 1.0 0.536719 0.872917 0.207813 0.091667
0 1.0 0.522656 0.892708 0.035937 0.064583
0 1.0 0.450000 0.860417 0.018750 0.033333
0 1.0 0.512500 0.880208 0.100000 0.064583
0 1.0 0.087500 0.845833 0.040625 0.108333
0 1.0 0.112500 0.864583 0.184375 0.087500
0 1.0 0.128906 0.868750 0.064062 0.075000
0 1.0 0.028125 0.866667 0.034375 0.095833
0 1.0 0.050781 0.866667 0.101562 0.062500
0 1.0 0.319531 0.885417 0.020313 0.033333
0 1.0 0.267188 0.876042 0.140625 0.064583
0 1.0 0.300000 0.833333 0.046875 0.095833
0 1.0 0.047656 0.878125 0.095312 0.135417
0 1.0 0.960156 0.808333 0.060937 0.204167
0 1.0 0.296875 0.814583 0.028125 0.070833
0 1.0 0.312500 0.880208 0.075000 0.102083
0 1.0 0.230469 0.789583 0.045312 0.154167
0 1.0 0.289844 0.881250 0.048438 0.062500
0 1.0 0.199219 0.875000 0.101562 0.083333
0 1.0 0.450781 0.880208 0.042188 0.064583
0 1.0 0.543750 0.889583 0.021875 0.041667
0 1.0 0.176563 0.872917 0.059375 0.066667
0 1.0 0.817969 0.176042 0.164062 0.168750
0 1.0 0.756250 0.171875 0.353125 0.127083
0 1.0 0.758594 0.166667 0.189062 0.212500
0 1.0 0.307031 0.959375 0.089063 0.081250
0 1.0 0.842187 0.182292 0.131250 0.089583
0 1.0 0.169531 0.243750 0.339062 0.216667
0 1.0 0.667188 0.186458 0.050000 0.102083
0 1.0 0.596094 0.194792 0.042188 0.097917
0 1.0 0.554688 0.146875 0.600000 0.214583
0 1.0 0.817969 0.197917 0.085938 0.158333
0 1.0 0.115625 0.235417 0.190625 0.116667
0 1.0 0.028906 0.239583 0.057813 0.191667
0 1.0 0.317188 0.221875 0.237500 0.222917
0 1.0 0.721875 0.078125 0.556250 0.156250
0 1.0 0.942969 0.182292 0.114062 0.102083
0 1.0 0.957031 0.227083 0.070312 0.100000
0 1.0 0.966406 0.244792 0.042188 0.089583
0 1.0 0.281250 0.344792 0.528125 0.231250
0 1.0 0.649219 0.244792 0.598437 0.231250
0 1.0 0.489844 0.173958 0.304688 0.135417
0 1.0 0.486719 0.188542 0.110937 0.102083
0 1.0 0.613281 0.168750 0.170313 0.175000
0 1.0 0.557031 0.183333 0.057813 0.133333
0 1.0 0.715625 0.173958 0.087500 0.181250
0 1.0 0.342187 0.259375 0.396875 0.331250
0 1.0 0.667188 0.169792 0.178125 0.102083
0 1.0 0.513281 0.943750 0.142187 0.112500
0 1.0 0.546094 0.959375 0.039062 0.047917
0 1.0 0.522656 0.955208 0.060937 0.072917
0 1.0 0.416406 0.960417 0.026562 0.041667
0 1.0 0.369531 0.953125 0.120313 0.093750
0 1.0 0.629687 0.955208 0.100000 0.072917
0 1.0 0.555469 0.952083 0.076563 0.095833
0 1.0 0.842969 0.962500 0.092188 0.062500
0 1.0 0.580469 0.958333 0.057813 0.054167
0 1.0 0.196094 0.963542 0.045312 0.047917
0 1.0 0.478125 0.959375 0.056250 0.056250
0 1.0 0.146875 0.963542 0.062500 0.056250
0 1.0 0.088281 0.966667 0.035937 0.041667
0 1.0 0.071094 0.965625 0.051562 0.060417
0 1.0 0.049219 0.959375 0.095312 0.081250
0 1.0 0.124219 0.959375 0.082812 0.081250
0 1.0 0.323437 0.962500 0.037500 0.045833
0 1.0 0.289062 0.960417 0.043750 0.050000
0 1.0 0.269531 0.955208 0.076563 0.085417
0 1.0 0.233594 0.961458 0.060937 0.052083
0 1.0 0.369531 0.241667 0.245312 0.141667
0 1.0 0.666406 0.956250 0.095312 0.070833
0 1.0 0.942187 0.961458 0.115625 0.077083
0 1.0 0.504687 0.251042 0.065625 0.139583
0 1.0 0.442969 0.257292 0.051562 0.106250
0 1.0 0.365625 0.242708 0.075000 0.102083
0 1.0 0.241406 0.219792 0.110937 0.193750
0 1.0 0.470313 0.075000 0.621875 0.150000
0 1.0 0.971875 0.963542 0.053125 0.072917
0 1.0 0.817187 0.952083 0.190625 0.095833
0 1.0 0.767969 0.938542 0.085938 0.122917
0 1.0 0.805469 0.961458 0.101562 0.064583
0 1.0 0.711719 0.938542 0.085938 0.122917
0 1.0 0.725781 0.959375 0.082812 0.060417
0 1.0 0.702344 0.951042 0.179688 0.097917
0 1.0 0.417969 0.221875 0.270313 0.235417
0 1.0 0.878125 0.939583 0.150000 0.120833
0 1.0 0.843750 0.291667 0.206250 0.537500
0 1.0 0.157031 0.719792 0.314063 0.427083
0 1.0 0.077344 0.729167 0.154688 0.541667
0 1.0 0.456250 0.741667 0.450000 0.425000
0 1.0 0.249219 0.197917 0.223438 0.395833
0 1.0 0.332031 0.663542 0.664062 0.672917
0 1.0 0.332031 0.328125 0.664062 0.656250
0 1.0 0.077344 0.455208 0.154688 0.610417
0 1.0 0.496875 0.235417 0.296875 0.470833
0 1.0 0.170313 0.315625 0.340625 0.535417
0 1.0 0.925000 0.364583 0.150000 0.537500
0 1.0 0.915625 0.192708 0.168750 0.385417
0 1.0 0.299219 0.741667 0.285938 0.516667
0 1.0 0.088281 0.248958 0.176563 0.481250
0 1.0 0.821094 0.707292 0.357812 0.506250
0 1.0 0.925781 0.659375 0.148438 0.556250