0 1.0 0.055469 0.052083 0.079687 0.095833
0 1.0 0.071094 0.072917 0.142187 0.145833
0 1.0 0.025781 0.058333 0.051562 0.087500
0 1.0 0.178125 0.043750 0.212500 0.087500
0 1.0 0.189062 0.063542 0.115625 0.127083
0 1.0 0.238281 0.056250 0.167187 0.112500
0 1.0 0.303125 0.050000 0.090625 0.100000
0 1.0 0.359375 0.051042 0.103125 0.102083
0 1.0 0.343750 0.072917 0.246875 0.145833
0 1.0 0.322656 0.027083 0.045312 0.050000
0 1.0 0.407813 0.056250 0.125000 0.112500
0 1.0 0.410156 0.032292 0.201563 0.064583
0 1.0 0.466406 0.055208 0.104688 0.110417
0 1.0 0.453125 0.083333 0.234375 0.166667
0 1.0 0.499219 0.792708 0.876563 0.414583
0 1.0 0.499219 0.510417 0.692187 0.620833
0 1.0 0.505469 0.031250 0.048438 0.050000
0 1.0 0.448437 0.072917 0.040625 0.083333
0 1.0 0.503125 0.073958 0.081250 0.127083
0 1.0 0.511719 0.030208 0.132812 0.060417
0 1.0 0.562500 0.058333 0.125000 0.116667
0 1.0 0.556250 0.088542 0.234375 0.177083
0 1.0 0.577344 0.030208 0.101562 0.060417
0 1.0 0.615625 0.055208 0.125000 0.110417
0 1.0 0.499219 0.204167 0.860938 0.408333
0 1.0 0.610938 0.065625 0.046875 0.085417
0 1.0 0.651563 0.031250 0.103125 0.062500
0 1.0 0.676562 0.056250 0.134375 0.112500
0 1.0 0.673438 0.082292 0.237500 0.164583
0 1.0 0.672656 0.066667 0.060937 0.091667
0 1.0 0.720313 0.054167 0.078125 0.108333
0 1.0 0.743750 0.035417 0.187500 0.070833
0 1.0 0.641406 0.876042 0.717187 0.247917
0 1.0 0.767188 0.086458 0.265625 0.172917
0 1.0 0.775000 0.052083 0.068750 0.104167
0 1.0 0.822656 0.052083 0.154688 0.104167
0 1.0 0.830469 0.060417 0.051562 0.079167
0 1.0 0.821094 0.067708 0.073438 0.135417
0 1.0 0.879687 0.050000 0.134375 0.100000
0 1.0 0.882031 0.061458 0.057813 0.085417
0 1.0 0.749219 0.698958 0.501563 0.293750
0 1.0 0.253906 0.878125 0.507812 0.243750
0 1.0 0.927344 0.046875 0.098437 0.093750
0 1.0 0.896094 0.080208 0.207813 0.160417
0 1.0 0.928125 0.081250 0.065625 0.154167
0 1.0 0.947656 0.071875 0.042188 0.077083
0 1.0 0.957812 0.081250 0.028125 0.070833
0 1.0 0.035156 0.116667 0.070312 0.166667
0 1.0 0.103125 0.113542 0.206250 0.227083
0 1.0 0.078125 0.131250 0.093750 0.216667
0 1.0 0.132031 0.127083 0.095312 0.225000
0 1.0 0.745313 0.498958 0.509375 0.285417
0 1.0 0.222656 0.695833 0.445312 0.370833
0 1.0 0.383594 0.501042 0.767188 0.277083
0 1.0 0.703906 0.468750 0.298438 0.745833
0 1.0 0.182031 0.093750 0.189062 0.187500
0 1.0 0.186719 0.131250 0.085938 0.216667
0 1.0 0.232031 0.126042 0.126562 0.252083
0 1.0 0.276562 0.105208 0.265625 0.210417
0 1.0 0.285938 0.082292 0.050000 0.064583
0 1.0 0.741406 0.296875 0.517188 0.297917
0 1.0 0.290625 0.121875 0.078125 0.210417
0 1.0 0.343750 0.097917 0.081250 0.195833
0 1.0 0.450000 0.084375 0.078125 0.089583
0 1.0 0.395313 0.107292 0.090625 0.214583
0 1.0 0.337500 0.310417 0.675000 0.358333
0 1.0 0.652344 0.125000 0.695312 0.250000
0 1.0 0.442969 0.111458 0.126562 0.197917
0 1.0 0.447656 0.140625 0.051562 0.135417
0 1.0 0.505469 0.137500 0.067187 0.179167
0 1.0 0.560156 0.115625 0.107813 0.193750
0 1.0 0.353906 0.125000 0.707812 0.250000
0 1.0 0.607031 0.134375 0.045312 0.114583
0 1.0 0.672656 0.118750 0.079687 0.154167
0 1.0 0.782031 0.920833 0.435937 0.158333
0 1.0 0.710938 0.125000 0.134375 0.250000
0 1.0 0.764844 0.108333 0.129688 0.212500
0 1.0 0.822656 0.120833 0.076563 0.154167
0 1.0 0.820312 0.132292 0.109375 0.264583
0 1.0 0.449219 0.922917 0.589063 0.154167
0 1.0 0.878906 0.115625 0.095312 0.189583
0 1.0 0.920312 0.131250 0.125000 0.262500
0 1.0 0.949219 0.123958 0.054688 0.139583
0 1.0 0.169531 0.923958 0.339062 0.152083
0 1.0 0.067187 0.129167 0.134375 0.095833
0 1.0 0.031250 0.184375 0.053125 0.181250
0 1.0 0.121875 0.126042 0.162500 0.114583
0 1.0 0.827344 0.851042 0.345313 0.202083
0 1.0 0.217969 0.133333 0.204687 0.141667
0 1.0 0.270313 0.145833 0.037500 0.058333
0 1.0 0.361719 0.128125 0.185938 0.135417
0 1.0 0.342969 0.140625 0.142187 0.268750
0 1.0 0.449219 0.845833 0.620313 0.204167
0 1.0 0.489844 0.132292 0.135937 0.097917
0 1.0 0.445312 0.186458 0.050000 0.118750
0 1.0 0.504687 0.139583 0.187500 0.191667
0 1.0 0.564844 0.166667 0.082812 0.150000
0 1.0 0.829688 0.751042 0.340625 0.206250
0 1.0 0.603906 0.139583 0.173437 0.204167
0 1.0 0.615625 0.187500 0.031250 0.087500
0 1.0 0.632812 0.128125 0.178125 0.114583
0 1.0 0.614062 0.192708 0.046875 0.139583
0 1.0 0.449219 0.746875 0.589063 0.206250
0 1.0 0.643750 0.727083 0.196875 0.500000
0 1.0 0.827344 0.173958 0.060937 0.160417
0 1.0 0.149219 0.717708 0.239063 0.510417
0 1.0 0.250781 0.712500 0.195312 0.483333
0 1.0 0.351562 0.718750 0.250000 0.425000
0 1.0 0.835156 0.646875 0.329688 0.210417
0 1.0 0.853906 0.144792 0.229687 0.289583
0 1.0 0.947656 0.135417 0.104688 0.183333
0 1.0 0.749219 0.636458 0.235937 0.431250
0 1.0 0.370312 0.646875 0.568750 0.222917
0 1.0 0.442969 0.644792 0.254688 0.422917
0 1.0 0.958594 0.180208 0.042188 0.177083
0 1.0 0.055469 0.191667 0.070312 0.120833
0 1.0 0.091406 0.182292 0.164062 0.218750
0 1.0 0.121875 0.184375 0.168750 0.114583
0 1.0 0.849219 0.543750 0.192188 0.516667
0 1.0 0.835156 0.548958 0.329688 0.206250
0 1.0 0.132812 0.227083 0.068750 0.158333
0 1.0 0.192188 0.213542 0.025000 0.052083
0 1.0 0.173437 0.183333 0.246875 0.279167
0 1.0 0.171875 0.211458 0.112500 0.160417
0 1.0 0.220312 0.195833 0.178125 0.112500
0 1.0 0.187500 0.242708 0.050000 0.118750
0 1.0 0.235156 0.214583 0.107813 0.250000
0 1.0 0.549219 0.569792 0.207813 0.518750
0 1.0 0.646875 0.557292 0.231250 0.431250
0 1.0 0.187500 0.548958 0.375000 0.202083
0 1.0 0.172656 0.552083 0.345313 0.450000
0 1.0 0.322656 0.220833 0.023438 0.045833
0 1.0 0.289062 0.194792 0.137500 0.122917
0 1.0 0.293750 0.258333 0.050000 0.112500
0 1.0 0.363281 0.204167 0.067187 0.095833
0 1.0 0.350781 0.187500 0.248438 0.266667
0 1.0 0.341406 0.221875 0.110937 0.164583
0 1.0 0.388281 0.189583 0.107813 0.083333
0 1.0 0.346875 0.258333 0.050000 0.120833
0 1.0 0.417187 0.186458 0.212500 0.152083
0 1.0 0.832812 0.448958 0.334375 0.206250
0 1.0 0.549219 0.448958 0.554688 0.239583
0 1.0 0.392969 0.220833 0.089063 0.233333
0 1.0 0.495312 0.215625 0.034375 0.056250
0 1.0 0.479687 0.193750 0.153125 0.129167
0 1.0 0.442969 0.229167 0.092188 0.120833
0 1.0 0.525000 0.195833 0.065625 0.070833
0 1.0 0.446094 0.270833 0.032813 0.075000
0 1.0 0.507031 0.223958 0.079687 0.131250
0 1.0 0.346875 0.484375 0.250000 0.431250
0 1.0 0.449219 0.491667 0.204687 0.529167
0 1.0 0.832812 0.351042 0.334375 0.206250
0 1.0 0.185156 0.446875 0.370312 0.206250
0 1.0 0.567187 0.190625 0.156250 0.135417
0 1.0 0.563281 0.226042 0.064062 0.102083
0 1.0 0.617188 0.236458 0.028125 0.072917
0 1.0 0.635938 0.187500 0.175000 0.112500
0 1.0 0.665625 0.182292 0.134375 0.189583
0 1.0 0.680469 0.169792 0.232813 0.306250
0 1.0 0.666406 0.205208 0.060937 0.147917
0 1.0 0.459375 0.358333 0.656250 0.204167
0 1.0 0.718750 0.183333 0.268750 0.129167
0 1.0 0.227344 0.355208 0.454688 0.214583
0 1.0 0.146094 0.359375 0.226562 0.527083
0 1.0 0.832812 0.248958 0.334375 0.210417
0 1.0 0.860156 0.194792 0.114062 0.114583
0 1.0 0.875781 0.205208 0.104688 0.256250
0 1.0 0.888281 0.187500 0.223438 0.137500
0 1.0 0.954688 0.191667 0.090625 0.158333
0 1.0 0.729688 0.253125 0.259375 0.497917
0 1.0 0.454688 0.246875 0.600000 0.214583
0 1.0 0.052344 0.247917 0.104688 0.150000
0 1.0 0.046094 0.245833 0.079687 0.083333
0 1.0 0.026562 0.297917 0.050000 0.166667
0 1.0 0.118750 0.239583 0.203125 0.116667
0 1.0 0.214844 0.244792 0.429688 0.210417
0 1.0 0.143750 0.271875 0.059375 0.106250
0 1.0 0.175781 0.254167 0.157812 0.150000
0 1.0 0.180469 0.284375 0.082812 0.110417
0 1.0 0.188281 0.316667 0.039062 0.087500
0 1.0 0.236719 0.269792 0.064062 0.114583
0 1.0 0.301563 0.265625 0.109375 0.118750
0 1.0 0.260156 0.262500 0.042188 0.058333
0 1.0 0.305469 0.300000 0.070312 0.087500
0 1.0 0.303906 0.335417 0.026562 0.058333
0 1.0 0.349219 0.260417 0.164062 0.150000
0 1.0 0.350781 0.302083 0.070312 0.091667
0 1.0 0.350000 0.336458 0.031250 0.068750
0 1.0 0.418750 0.240625 0.284375 0.118750
0 1.0 0.392188 0.295833 0.062500 0.137500
0 1.0 0.515625 0.250000 0.043750 0.058333
0 1.0 0.455469 0.322917 0.042188 0.050000
0 1.0 0.453906 0.367708 0.017188 0.035417
0 1.0 0.502344 0.244792 0.164062 0.143750
0 1.0 0.508594 0.240625 0.229687 0.243750
0 1.0 0.509375 0.302083 0.043750 0.070833
0 1.0 0.575000 0.237500 0.137500 0.104167
0 1.0 0.560937 0.300000 0.034375 0.050000
0 1.0 0.556250 0.326042 0.037500 0.077083
0 1.0 0.607812 0.237500 0.156250 0.162500
0 1.0 0.611719 0.247917 0.229687 0.266667
0 1.0 0.618750 0.282292 0.018750 0.043750
0 1.0 0.611719 0.288542 0.048438 0.114583
0 1.0 0.679688 0.234375 0.153125 0.135417
0 1.0 0.676562 0.276042 0.028125 0.072917
0 1.0 0.664844 0.276042 0.060937 0.160417
0 1.0 0.720313 0.235417 0.059375 0.175000
0 1.0 0.710156 0.241667 0.101562 0.333333
0 1.0 0.775000 0.228125 0.168750 0.227083
0 1.0 0.781250 0.240625 0.071875 0.218750
0 1.0 0.771875 0.240625 0.275000 0.127083
0 1.0 0.840625 0.268750 0.040625 0.129167
0 1.0 0.824219 0.257292 0.089063 0.264583
0 1.0 0.872656 0.247917 0.064062 0.095833
0 1.0 0.880469 0.263542 0.070312 0.172917
0 1.0 0.909375 0.238542 0.115625 0.331250
0 1.0 0.901563 0.238542 0.196875 0.114583
0 1.0 0.950781 0.265625 0.067187 0.177083
0 1.0 0.050781 0.312500 0.057813 0.083333
0 1.0 0.037500 0.334375 0.043750 0.089583
0 1.0 0.094531 0.293750 0.139063 0.133333
0 1.0 0.100781 0.297917 0.201563 0.245833
0 1.0 0.066406 0.330208 0.017188 0.031250
0 1.0 0.948438 0.961458 0.103125 0.077083
0 1.0 0.878125 0.938542 0.156250 0.122917
0 1.0 0.855469 0.958333 0.089063 0.079167
0 1.0 0.855469 0.962500 0.051562 0.050000
0 1.0 0.926562 0.928125 0.118750 0.143750
0 1.0 0.700000 0.948958 0.193750 0.102083
0 1.0 0.716406 0.916667 0.117188 0.166667
0 1.0 0.728125 0.962500 0.096875 0.066667
0 1.0 0.769531 0.936458 0.139063 0.127083
0 1.0 0.793750 0.961458 0.125000 0.072917
0 1.0 0.822656 0.939583 0.142187 0.120833
0 1.0 0.589063 0.964583 0.068750 0.058333
0 1.0 0.556250 0.936458 0.084375 0.127083
0 1.0 0.610156 0.947917 0.135937 0.104167
0 1.0 0.669531 0.962500 0.076563 0.062500
0 1.0 0.662500 0.929167 0.087500 0.141667
0 1.0 0.462500 0.954167 0.106250 0.091667
0 1.0 0.456250 0.926042 0.206250 0.147917
0 1.0 0.500000 0.958333 0.078125 0.083333
0 1.0 0.525000 0.964583 0.043750 0.050000
0 1.0 0.564844 0.964583 0.057813 0.054167
0 1.0 0.563281 0.928125 0.210938 0.143750
0 1.0 0.306250 0.961458 0.056250 0.064583
0 1.0 0.292187 0.915625 0.121875 0.168750
0 1.0 0.357812 0.950000 0.106250 0.100000
0 1.0 0.355469 0.918750 0.214062 0.162500
0 1.0 0.397656 0.962500 0.039062 0.045833
0 1.0 0.410156 0.951042 0.107813 0.097917
0 1.0 0.190625 0.966667 0.068750 0.058333
0 1.0 0.132031 0.943750 0.089063 0.112500
0 1.0 0.194531 0.952083 0.110937 0.095833
0 1.0 0.242188 0.965625 0.103125 0.068750
0 1.0 0.248438 0.937500 0.143750 0.125000
0 1.0 0.049219 0.951042 0.098437 0.097917
0 1.0 0.060156 0.967708 0.057813 0.052083
0 1.0 0.091406 0.946875 0.129688 0.106250
0 1.0 0.143750 0.965625 0.081250 0.060417
0 1.0 0.895312 0.895833 0.209375 0.208333
0 1.0 0.963281 0.929167 0.054688 0.141667
0 1.0 0.815625 0.878125 0.109375 0.243750
0 1.0 0.604688 0.883333 0.256250 0.233333
0 1.0 0.596094 0.909375 0.076563 0.181250
0 1.0 0.676562 0.918750 0.300000 0.116667
0 1.0 0.442188 0.894792 0.103125 0.210417
0 1.0 0.499219 0.879167 0.242188 0.241667
0 1.0 0.499219 0.886458 0.114062 0.227083
0 1.0 0.339062 0.875000 0.112500 0.250000
0 1.0 0.396875 0.878125 0.118750 0.243750
0 1.0 0.190625 0.907292 0.140625 0.160417
0 1.0 0.239063 0.870833 0.121875 0.258333
0 1.0 0.036719 0.919792 0.073438 0.093750
0 1.0 0.076563 0.895833 0.140625 0.208333
0 1.0 0.134375 0.891667 0.143750 0.216667
0 1.0 0.808594 0.866667 0.195312 0.104167
0 1.0 0.883594 0.792708 0.051562 0.106250
0 1.0 0.928125 0.839583 0.103125 0.187500
0 1.0 0.954688 0.859375 0.043750 0.085417
0 1.0 0.964063 0.839583 0.025000 0.062500
0 1.0 0.782813 0.823958 0.040625 0.072917
0 1.0 0.775000 0.791667 0.046875 0.087500
0 1.0 0.830469 0.821875 0.032813 0.072917
0 1.0 0.821094 0.789583 0.045312 0.100000
0 1.0 0.859375 0.875000 0.087500 0.087500
0 1.0 0.894531 0.827083 0.039062 0.075000
0 1.0 0.635156 0.860417 0.157812 0.129167
0 1.0 0.604688 0.826042 0.028125 0.077083
0 1.0 0.600781 0.802083 0.039062 0.108333
0 1.0 0.669531 0.847917 0.189062 0.200000
0 1.0 0.705469 0.859375 0.132812 0.110417
0 1.0 0.679688 0.803125 0.031250 0.068750
0 1.0 0.669531 0.773958 0.039062 0.089583
0 1.0 0.728906 0.806250 0.035937 0.066667
0 1.0 0.718750 0.780208 0.046875 0.097917
0 1.0 0.465625 0.866667 0.206250 0.108333
0 1.0 0.452344 0.817708 0.029687 0.072917
0 1.0 0.527344 0.862500 0.120313 0.120833
0 1.0 0.505469 0.837500 0.051562 0.116667
0 1.0 0.582812 0.863542 0.093750 0.093750
0 1.0 0.572656 0.829167 0.048438 0.120833
0 1.0 0.551562 0.862500 0.278125 0.112500
0 1.0 0.341406 0.848958 0.251563 0.239583
0 1.0 0.359375 0.860417 0.156250 0.120833
0 1.0 0.346875 0.827083 0.081250 0.145833
0 1.0 0.342969 0.804167 0.045312 0.100000
0 1.0 0.454688 0.866667 0.071875 0.087500
0 1.0 0.408594 0.839583 0.079687 0.154167
0 1.0 0.183594 0.858333 0.282813 0.154167
0 1.0 0.190625 0.813542 0.093750 0.127083
0 1.0 0.196094 0.805208 0.042188 0.081250
0 1.0 0.271875 0.860417 0.109375 0.112500
0 1.0 0.250000 0.813542 0.075000 0.122917
0 1.0 0.309375 0.864583 0.040625 0.062500
0 1.0 0.293750 0.813542 0.109375 0.164583
0 1.0 0.253906 0.863542 0.264062 0.106250
0 1.0 0.293750 0.801042 0.050000 0.102083
0 1.0 0.044531 0.864583 0.089063 0.070833
0 1.0 0.026562 0.848958 0.040625 0.127083
0 1.0 0.116406 0.864583 0.089063 0.095833
0 1.0 0.084375 0.826042 0.090625 0.139583
0 1.0 0.106250 0.862500 0.196875 0.104167
0 1.0 0.141406 0.818750 0.073438 0.120833
0 1.0 0.875000 0.811458 0.250000 0.122917
0 1.0 0.964063 0.833333 0.062500 0.220833
0 1.0 0.051562 0.867708 0.043750 0.064583
0 1.0 0.772656 0.805208 0.217188 0.118750
0 1.0 0.767188 0.805208 0.128125 0.252083
0 1.0 0.808594 0.796875 0.132812 0.202083
0 1.0 0.878125 0.798958 0.146875 0.231250
0 1.0 0.623437 0.806250 0.328125 0.133333
0 1.0 0.595313 0.805208 0.103125 0.289583
0 1.0 0.700781 0.807292 0.123438 0.106250
0 1.0 0.663281 0.781250 0.129688 0.216667
0 1.0 0.506250 0.801042 0.193750 0.222917
0 1.0 0.532813 0.805208 0.100000 0.118750
0 1.0 0.499219 0.804167 0.323437 0.141667
0 1.0 0.553906 0.808333 0.114062 0.300000
0 1.0 0.642969 0.805208 0.135937 0.118750
0 1.0 0.351562 0.807292 0.168750 0.131250
0 1.0 0.399219 0.806250 0.192188 0.200000
0 1.0 0.455469 0.808333 0.054688 0.091667
0 1.0 0.521094 0.808333 0.039062 0.079167
0 1.0 0.185938 0.806250 0.140625 0.300000
0 1.0 0.239063 0.805208 0.306250 0.139583
0 1.0 0.321875 0.807292 0.050000 0.085417
0 1.0 0.089063 0.812500 0.178125 0.208333
0 1.0 0.132031 0.813542 0.264062 0.114583
0 1.0 0.914844 0.768750 0.160938 0.145833
0 1.0 0.920312 0.748958 0.118750 0.310417
0 1.0 0.957812 0.769792 0.071875 0.160417
0 1.0 0.048438 0.819792 0.096875 0.147917
0 1.0 0.064062 0.820833 0.034375 0.054167
0 1.0 0.030469 0.820833 0.060937 0.250000
0 1.0 0.854688 0.780208 0.034375 0.064583
0 1.0 0.877344 0.723958 0.110937 0.264583
0 1.0 0.709375 0.731250 0.237500 0.270833
0 1.0 0.725000 0.777083 0.175000 0.129167
0 1.0 0.572656 0.773958 0.082812 0.106250
0 1.0 0.610156 0.759375 0.179688 0.227083
0 1.0 0.332813 0.737500 0.112500 0.279167
0 1.0 0.465625 0.778125 0.046875 0.085417
0 1.0 0.412500 0.773958 0.359375 0.147917
0 1.0 0.392969 0.733333 0.126562 0.300000
0 1.0 0.455469 0.760417 0.170313 0.195833
0 1.0 0.250781 0.756250 0.179688 0.200000
0 1.0 0.286719 0.771875 0.073438 0.097917
0 1.0 0.306250 0.776042 0.037500 0.081250
0 1.0 0.164844 0.767708 0.048438 0.081250
0 1.0 0.075000 0.741667 0.131250 0.258333
0 1.0 0.144531 0.762500 0.289062 0.133333
0 1.0 0.191406 0.765625 0.085938 0.110417
0 1.0 0.132031 0.743750 0.148438 0.258333
0 1.0 0.884375 0.712500 0.231250 0.133333
0 1.0 0.047656 0.762500 0.095312 0.158333
0 1.0 0.069531 0.769792 0.026562 0.056250
0 1.0 0.807813 0.705208 0.193750 0.231250
0 1.0 0.851562 0.721875 0.028125 0.060417
0 1.0 0.785937 0.716667 0.075000 0.079167
0 1.0 0.697656 0.706250 0.135937 0.120833
0 1.0 0.685156 0.704167 0.317188 0.125000
0 1.0 0.496094 0.706250 0.329688 0.137500
0 1.0 0.504687 0.700000 0.134375 0.304167
0 1.0 0.579688 0.714583 0.078125 0.095833
0 1.0 0.553125 0.702083 0.137500 0.287500
0 1.0 0.604688 0.707292 0.084375 0.243750
0 1.0 0.442188 0.713542 0.068750 0.093750
0 1.0 0.507812 0.714583 0.050000 0.075000
0 1.0 0.448437 0.706250 0.087500 0.258333
0 1.0 0.532813 0.711458 0.106250 0.118750
0 1.0 0.287500 0.706250 0.075000 0.104167
0 1.0 0.248438 0.706250 0.306250 0.141667
0 1.0 0.286719 0.707292 0.170313 0.243750
0 1.0 0.309375 0.715625 0.031250 0.068750
0 1.0 0.146875 0.708333 0.237500 0.129167
0 1.0 0.192188 0.709375 0.081250 0.106250
0 1.0 0.192188 0.686458 0.162500 0.268750
0 1.0 0.944531 0.665625 0.110937 0.193750
0 1.0 0.961719 0.686458 0.057813 0.164583
0 1.0 0.074219 0.715625 0.026562 0.064583
0 1.0 0.057813 0.710417 0.115625 0.095833
0 1.0 0.030469 0.718750 0.057813 0.225000
0 1.0 0.164844 0.712500 0.048438 0.091667
0 1.0 0.816406 0.666667 0.029687 0.058333
0 1.0 0.752344 0.659375 0.064062 0.068750
0 1.0 0.888281 0.655208 0.223438 0.127083
0 1.0 0.688281 0.650000 0.289062 0.133333
0 1.0 0.653125 0.662500 0.112500 0.279167
0 1.0 0.712500 0.652083 0.143750 0.237500
0 1.0 0.762500 0.653125 0.134375 0.268750
0 1.0 0.569531 0.658333 0.126562 0.129167
0 1.0 0.551562 0.653125 0.315625 0.135417
0 1.0 0.427344 0.654167 0.114062 0.129167
0 1.0 0.403125 0.651042 0.353125 0.147917
0 1.0 0.450000 0.659375 0.206250 0.231250
0 1.0 0.490625 0.656250 0.084375 0.112500
0 1.0 0.321094 0.668750 0.029687 0.079167
0 1.0 0.184375 0.664583 0.075000 0.108333
0 1.0 0.164844 0.660417 0.317188 0.145833
0 1.0 0.138281 0.675000 0.095312 0.241667
0 1.0 0.274219 0.661458 0.098437 0.131250
0 1.0 0.957812 0.605208 0.084375 0.122917
0 1.0 0.084375 0.664583 0.021875 0.054167
0 1.0 0.053125 0.658333 0.100000 0.075000
0 1.0 0.118750 0.658333 0.221875 0.275000
0 1.0 0.157031 0.664583 0.042188 0.079167
0 1.0 0.068750 0.675000 0.096875 0.241667
0 1.0 0.771094 0.602083 0.273438 0.120833
0 1.0 0.811719 0.629167 0.107813 0.270833
0 1.0 0.821875 0.608333 0.021875 0.050000
0 1.0 0.877344 0.607292 0.107813 0.297917
0 1.0 0.755469 0.604167 0.039062 0.054167
0 1.0 0.917188 0.606250 0.128125 0.129167
0 1.0 0.912500 0.622917 0.109375 0.391667
0 1.0 0.721094 0.614583 0.082812 0.162500
0 1.0 0.812500 0.635417 0.071875 0.162500
0 1.0 0.587500 0.603125 0.046875 0.064583
0 1.0 0.542969 0.597917 0.232813 0.100000
0 1.0 0.554688 0.616667 0.106250 0.270833
0 1.0 0.617188 0.607292 0.171875 0.210417
0 1.0 0.642969 0.604167 0.129688 0.108333
0 1.0 0.610938 0.607292 0.046875 0.131250
0 1.0 0.368750 0.595833 0.334375 0.112500
0 1.0 0.393750 0.638542 0.103125 0.210417
0 1.0 0.515625 0.600000 0.028125 0.045833
0 1.0 0.438281 0.591667 0.067187 0.141667
0 1.0 0.504687 0.606250 0.193750 0.191667
0 1.0 0.548438 0.601042 0.065625 0.077083
0 1.0 0.283594 0.618750 0.176563 0.200000
0 1.0 0.303906 0.594792 0.023438 0.043750
0 1.0 0.232813 0.591667 0.193750 0.087500
0 1.0 0.351562 0.591667 0.062500 0.070833
0 1.0 0.332813 0.660417 0.084375 0.183333
0 1.0 0.389062 0.603125 0.200000 0.185417
0 1.0 0.429688 0.596875 0.037500 0.060417
0 1.0 0.209375 0.596875 0.034375 0.056250
0 1.0 0.192969 0.617708 0.242188 0.285417
0 1.0 0.239844 0.594792 0.070312 0.089583
0 1.0 0.310156 0.593750 0.032813 0.066667
0 1.0 0.964844 0.553125 0.070312 0.093750
0 1.0 0.964063 0.616667 0.034375 0.137500
0 1.0 0.049219 0.615625 0.098437 0.156250
0 1.0 0.070312 0.604167 0.140625 0.270833
0 1.0 0.076563 0.610417 0.018750 0.033333
0 1.0 0.042188 0.605208 0.084375 0.056250
0 1.0 0.032813 0.647917 0.050000 0.200000
0 1.0 0.170313 0.603125 0.028125 0.043750
0 1.0 0.137500 0.597917 0.212500 0.083333
0 1.0 0.836719 0.564583 0.042188 0.062500
0 1.0 0.798438 0.559375 0.037500 0.052083
0 1.0 0.900781 0.552083 0.198437 0.329167
0 1.0 0.912500 0.556250 0.175000 0.150000
0 1.0 0.720313 0.555208 0.253125 0.152083
0 1.0 0.767969 0.582292 0.089063 0.197917
0 1.0 0.819531 0.579167 0.051562 0.137500
0 1.0 0.576562 0.544792 0.315625 0.110417
0 1.0 0.601562 0.577083 0.078125 0.250000
0 1.0 0.664844 0.587500 0.064062 0.158333
0 1.0 0.452344 0.547917 0.170313 0.175000
0 1.0 0.497656 0.548958 0.067187 0.068750
0 1.0 0.467969 0.546875 0.264062 0.097917
0 1.0 0.505469 0.573958 0.107813 0.189583
0 1.0 0.560937 0.551042 0.150000 0.189583
0 1.0 0.579688 0.545833 0.140625 0.104167
0 1.0 0.298438 0.562500 0.046875 0.058333
0 1.0 0.257812 0.554167 0.284375 0.108333
0 1.0 0.285938 0.630208 0.065625 0.143750
0 1.0 0.344531 0.567708 0.189062 0.160417
0 1.0 0.133594 0.604167 0.082812 0.191667
0 1.0 0.192969 0.559375 0.167187 0.172917
0 1.0 0.239063 0.589583 0.125000 0.200000
0 1.0 0.297656 0.572917 0.110937 0.133333
0 1.0 0.047656 0.561458 0.089063 0.139583
0 1.0 0.066406 0.554167 0.026562 0.050000
0 1.0 0.050781 0.553125 0.070312 0.060417
0 1.0 0.033594 0.594792 0.039062 0.156250
0 1.0 0.149219 0.545833 0.089063 0.091667
0 1.0 0.156250 0.543750 0.190625 0.095833
0 1.0 0.796094 0.510417 0.064062 0.083333
0 1.0 0.873437 0.478125 0.093750 0.277083
0 1.0 0.767969 0.508333 0.042188 0.062500
0 1.0 0.910937 0.493750 0.115625 0.200000
0 1.0 0.886719 0.502083 0.226562 0.125000
0 1.0 0.956250 0.512500 0.087500 0.158333
0 1.0 0.962500 0.567708 0.028125 0.114583
0 1.0 0.728906 0.498958 0.304688 0.118750
0 1.0 0.813281 0.498958 0.179688 0.222917
0 1.0 0.827344 0.516667 0.048438 0.141667
0 1.0 0.611719 0.496875 0.170313 0.185417
0 1.0 0.600000 0.537500 0.040625 0.100000
0 1.0 0.670312 0.554167 0.046875 0.095833
0 1.0 0.725000 0.565625 0.050000 0.097917
0 1.0 0.464062 0.492708 0.193750 0.118750
0 1.0 0.432812 0.519792 0.100000 0.147917
0 1.0 0.438281 0.530208 0.042188 0.093750
0 1.0 0.510938 0.498958 0.259375 0.231250
0 1.0 0.505469 0.521875 0.085938 0.143750
0 1.0 0.542969 0.493750 0.117188 0.087500
0 1.0 0.582812 0.489583 0.315625 0.125000
0 1.0 0.564844 0.542708 0.054688 0.139583
0 1.0 0.207031 0.507292 0.289062 0.097917
0 1.0 0.292969 0.602083 0.048438 0.083333
0 1.0 0.310937 0.502083 0.168750 0.104167
0 1.0 0.331250 0.560417 0.096875 0.108333
0 1.0 0.400781 0.504167 0.279687 0.229167
0 1.0 0.397656 0.552083 0.076563 0.137500
0 1.0 0.192969 0.514583 0.120313 0.112500
0 1.0 0.193750 0.548958 0.071875 0.131250
0 1.0 0.238281 0.550000 0.085938 0.112500
0 1.0 0.300000 0.528125 0.106250 0.097917
0 1.0 0.292969 0.512500 0.279687 0.229167
0 1.0 0.074219 0.515625 0.032813 0.060417
0 1.0 0.096094 0.509375 0.123438 0.139583
0 1.0 0.107813 0.496875 0.215625 0.239583
0 1.0 0.142187 0.507292 0.100000 0.097917
0 1.0 0.067969 0.542708 0.060937 0.122917
0 1.0 0.799219 0.443750 0.023438 0.045833
0 1.0 0.894531 0.445833 0.210938 0.129167
0 1.0 0.958594 0.457292 0.082812 0.139583
0 1.0 0.953125 0.494792 0.043750 0.097917
0 1.0 0.962500 0.521875 0.028125 0.093750
0 1.0 0.053906 0.512500 0.060937 0.108333
0 1.0 0.767969 0.462500 0.160938 0.187500
0 1.0 0.784375 0.517708 0.028125 0.064583
0 1.0 0.770312 0.517708 0.068750 0.143750
0 1.0 0.839063 0.487500 0.034375 0.091667
0 1.0 0.831250 0.484375 0.075000 0.193750
0 1.0 0.594531 0.514583 0.032813 0.075000
0 1.0 0.620313 0.450000 0.246875 0.116667
0 1.0 0.675000 0.525000 0.028125 0.058333
0 1.0 0.717187 0.453125 0.275000 0.264583
0 1.0 0.735156 0.525000 0.026562 0.050000
0 1.0 0.728906 0.453125 0.317188 0.127083
0 1.0 0.537500 0.445833 0.021875 0.037500
0 1.0 0.446875 0.486458 0.028125 0.060417
0 1.0 0.510156 0.464583 0.135937 0.141667
0 1.0 0.511719 0.505208 0.032813 0.072917
0 1.0 0.573438 0.464583 0.121875 0.145833
0 1.0 0.578906 0.496875 0.042188 0.089583
0 1.0 0.377344 0.484375 0.054688 0.056250
0 1.0 0.305469 0.445833 0.248438 0.112500
0 1.0 0.339062 0.512500 0.056250 0.054167
0 1.0 0.363281 0.448958 0.023438 0.035417
0 1.0 0.339844 0.545833 0.029687 0.045833
0 1.0 0.411719 0.458333 0.107813 0.112500
0 1.0 0.401562 0.484375 0.068750 0.085417
0 1.0 0.428125 0.445833 0.306250 0.112500
0 1.0 0.397656 0.511458 0.051562 0.093750
0 1.0 0.488281 0.476042 0.045312 0.072917
0 1.0 0.451562 0.439583 0.234375 0.216667
0 1.0 0.173437 0.460417 0.228125 0.125000
0 1.0 0.246094 0.463542 0.023438 0.039583
0 1.0 0.199219 0.523958 0.039062 0.060417
0 1.0 0.235937 0.475000 0.156250 0.133333
0 1.0 0.231250 0.530208 0.034375 0.052083
0 1.0 0.295312 0.448958 0.037500 0.047917
0 1.0 0.332031 0.498958 0.026562 0.039583
0 1.0 0.307812 0.522917 0.059375 0.062500
0 1.0 0.350781 0.455208 0.120313 0.068750
0 1.0 0.097656 0.461458 0.014063 0.031250
0 1.0 0.042188 0.511458 0.021875 0.085417
0 1.0 0.101562 0.477083 0.068750 0.095833
0 1.0 0.082812 0.519792 0.021875 0.052083
0 1.0 0.184375 0.460417 0.021875 0.037500
0 1.0 0.159375 0.482292 0.084375 0.093750
0 1.0 0.151562 0.525000 0.028125 0.050000
0 1.0 0.211719 0.463542 0.045312 0.052083
0 1.0 0.142187 0.539583 0.034375 0.070833
0 1.0 0.219531 0.492708 0.035937 0.060417
0 1.0 0.902344 0.388542 0.148438 0.214583
0 1.0 0.950781 0.398958 0.098437 0.152083
0 1.0 0.960938 0.468750 0.034375 0.116667
0 1.0 0.065625 0.478125 0.037500 0.081250
0 1.0 0.064844 0.443750 0.129688 0.266667
0 1.0 0.772656 0.398958 0.264062 0.160417
0 1.0 0.782813 0.459375 0.037500 0.093750
0 1.0 0.832812 0.434375 0.053125 0.131250
0 1.0 0.855469 0.401042 0.192188 0.289583
0 1.0 0.617188 0.398958 0.315625 0.127083
0 1.0 0.680469 0.492708 0.020313 0.047917
0 1.0 0.663281 0.484375 0.060937 0.122917
0 1.0 0.736719 0.482292 0.026562 0.060417
0 1.0 0.721094 0.475000 0.070312 0.141667
0 1.0 0.508594 0.472917 0.026562 0.070833
0 1.0 0.497656 0.465625 0.060937 0.152083
0 1.0 0.572656 0.409375 0.270313 0.256250
0 1.0 0.572656 0.469792 0.039062 0.081250
0 1.0 0.595313 0.481250 0.028125 0.070833
0 1.0 0.356250 0.413542 0.262500 0.143750
0 1.0 0.335156 0.478125 0.051562 0.085417
0 1.0 0.409375 0.450000 0.056250 0.083333
0 1.0 0.467969 0.421875 0.092188 0.118750
0 1.0 0.471875 0.411458 0.225000 0.106250
0 1.0 0.450000 0.453125 0.068750 0.127083
0 1.0 0.214062 0.405208 0.168750 0.089583
0 1.0 0.192969 0.487500 0.073438 0.116667
0 1.0 0.241406 0.428125 0.189062 0.172917
0 1.0 0.217188 0.496875 0.059375 0.106250
0 1.0 0.326562 0.438542 0.053125 0.081250
0 1.0 0.291406 0.407292 0.295312 0.247917
0 1.0 0.315625 0.465625 0.053125 0.081250
0 1.0 0.323437 0.409375 0.184375 0.085417
0 1.0 0.307031 0.489583 0.039062 0.083333
0 1.0 0.371875 0.427083 0.109375 0.112500
0 1.0 0.089063 0.426042 0.128125 0.143750
0 1.0 0.075000 0.495833 0.018750 0.045833
0 1.0 0.146875 0.402083 0.137500 0.095833
0 1.0 0.153906 0.411458 0.232813 0.139583
0 1.0 0.152344 0.493750 0.023438 0.045833
0 1.0 0.199219 0.436458 0.107813 0.122917
0 1.0 0.944531 0.377083 0.045312 0.095833
0 1.0 0.958594 0.359375 0.023438 0.064583
0 1.0 0.046875 0.421875 0.068750 0.110417
0 1.0 0.051562 0.412500 0.043750 0.062500
0 1.0 0.047656 0.462500 0.035937 0.095833
0 1.0 0.771875 0.385417 0.096875 0.254167
0 1.0 0.835156 0.385417 0.051562 0.137500
0 1.0 0.876563 0.377083 0.075000 0.166667
0 1.0 0.867188 0.344792 0.181250 0.114583
0 1.0 0.658594 0.369792 0.192188 0.156250
0 1.0 0.659375 0.359375 0.290625 0.281250
0 1.0 0.680469 0.443750 0.023438 0.050000
0 1.0 0.670312 0.450000 0.040625 0.095833
0 1.0 0.728906 0.419792 0.039062 0.085417
0 1.0 0.731250 0.344792 0.328125 0.114583
0 1.0 0.719531 0.425000 0.054688 0.137500
0 1.0 0.785937 0.392708 0.056250 0.147917
0 1.0 0.511719 0.352083 0.264062 0.133333
0 1.0 0.509375 0.430208 0.031250 0.064583
0 1.0 0.559375 0.433333 0.034375 0.054167
0 1.0 0.555469 0.453125 0.032813 0.072917
0 1.0 0.603125 0.439583 0.021875 0.045833
0 1.0 0.601562 0.450000 0.040625 0.091667
0 1.0 0.397656 0.357292 0.245312 0.089583
0 1.0 0.345313 0.447917 0.028125 0.062500
0 1.0 0.414062 0.377083 0.103125 0.112500
0 1.0 0.407813 0.348958 0.234375 0.256250
0 1.0 0.484375 0.396875 0.046875 0.064583
0 1.0 0.435156 0.410417 0.089063 0.095833
0 1.0 0.503125 0.359375 0.181250 0.081250
0 1.0 0.443750 0.450000 0.018750 0.037500
0 1.0 0.244531 0.372917 0.139063 0.137500
0 1.0 0.249219 0.347917 0.273438 0.141667
0 1.0 0.235156 0.438542 0.035937 0.072917
0 1.0 0.341406 0.401042 0.020313 0.039583
0 1.0 0.314844 0.412500 0.064062 0.095833
0 1.0 0.313281 0.462500 0.020313 0.054167
0 1.0 0.385156 0.388542 0.039062 0.056250
0 1.0 0.342187 0.402083 0.081250 0.100000
0 1.0 0.088281 0.442708 0.023438 0.052083
0 1.0 0.143750 0.344792 0.103125 0.081250
0 1.0 0.081250 0.456250 0.034375 0.091667
0 1.0 0.148438 0.351042 0.228125 0.135417
0 1.0 0.147656 0.442708 0.026562 0.047917
0 1.0 0.140625 0.466667 0.031250 0.070833
0 1.0 0.214062 0.394792 0.034375 0.056250
0 1.0 0.195312 0.468750 0.031250 0.066667
0 1.0 0.882031 0.291667 0.235937 0.129167
0 1.0 0.947656 0.304167 0.032813 0.075000
0 1.0 0.932813 0.290625 0.134375 0.093750
0 1.0 0.956250 0.332292 0.037500 0.110417
0 1.0 0.053125 0.368750 0.068750 0.104167
0 1.0 0.025781 0.398958 0.048438 0.110417
0 1.0 0.028125 0.415625 0.025000 0.081250
0 1.0 0.087500 0.369792 0.143750 0.143750
0 1.0 0.849219 0.313542 0.023438 0.064583
0 1.0 0.886719 0.325000 0.042188 0.083333
0 1.0 0.867969 0.292708 0.064062 0.068750
0 1.0 0.685156 0.342708 0.017188 0.031250
0 1.0 0.682031 0.288542 0.310937 0.114583
0 1.0 0.668750 0.369792 0.062500 0.127083
0 1.0 0.727344 0.289583 0.129688 0.150000
0 1.0 0.729688 0.311458 0.021875 0.052083
0 1.0 0.713281 0.341667 0.076563 0.200000
0 1.0 0.784375 0.295833 0.143750 0.187500
0 1.0 0.794531 0.304167 0.026562 0.070833
0 1.0 0.527344 0.291667 0.201563 0.079167
0 1.0 0.503906 0.385417 0.051562 0.087500
0 1.0 0.580469 0.325000 0.054688 0.058333
0 1.0 0.556250 0.305208 0.256250 0.247917
0 1.0 0.567187 0.367708 0.018750 0.027083
0 1.0 0.592187 0.297917 0.153125 0.070833
0 1.0 0.556250 0.388542 0.050000 0.077083
0 1.0 0.604688 0.337500 0.012500 0.020833
0 1.0 0.600000 0.376042 0.050000 0.093750
0 1.0 0.667969 0.292708 0.148438 0.139583
0 1.0 0.417187 0.317708 0.090625 0.089583
0 1.0 0.411719 0.295833 0.226562 0.108333
0 1.0 0.403125 0.347917 0.087500 0.083333
0 1.0 0.514844 0.343750 0.010937 0.020833
0 1.0 0.446094 0.357292 0.057813 0.060417
0 1.0 0.558594 0.306250 0.020313 0.033333
0 1.0 0.447656 0.401042 0.026562 0.043750
0 1.0 0.513281 0.316667 0.089063 0.083333
0 1.0 0.516406 0.385417 0.020313 0.033333
0 1.0 0.246094 0.288542 0.267188 0.131250
0 1.0 0.245312 0.375000 0.021875 0.037500
0 1.0 0.233594 0.388542 0.057813 0.102083
0 1.0 0.342969 0.338542 0.017188 0.027083
0 1.0 0.286719 0.295833 0.270313 0.233333
0 1.0 0.309375 0.302083 0.159375 0.087500
0 1.0 0.314063 0.362500 0.056250 0.062500
0 1.0 0.308594 0.403125 0.029687 0.052083
0 1.0 0.389844 0.328125 0.026562 0.039583
0 1.0 0.351562 0.354167 0.056250 0.058333
0 1.0 0.444531 0.297917 0.029687 0.045833
0 1.0 0.349219 0.388542 0.035937 0.056250
0 1.0 0.140625 0.289583 0.115625 0.079167
0 1.0 0.156250 0.348958 0.021875 0.035417
0 1.0 0.143750 0.379167 0.050000 0.100000
0 1.0 0.221094 0.322917 0.020313 0.033333
0 1.0 0.180469 0.311458 0.260937 0.260417
0 1.0 0.184375 0.346875 0.071875 0.085417
0 1.0 0.251563 0.297917 0.115625 0.075000
0 1.0 0.190625 0.385417 0.040625 0.075000
0 1.0 0.069531 0.029167 0.057813 0.050000
0 1.0 0.105469 0.037500 0.123438 0.075000
0 1.0 0.074219 0.078125 0.060937 0.118750
0 1.0 0.135937 0.055208 0.081250 0.110417
0 1.0 0.155469 0.031250 0.107813 0.062500
0 1.0 0.242188 0.375000 0.200000 0.537500
0 1.0 0.545312 0.740625 0.240625 0.439583
0 1.0 0.449219 0.796875 0.214062 0.406250
0 1.0 0.844531 0.722917 0.223438 0.470833
0 1.0 0.085156 0.622917 0.170313 0.500000
0 1.0 0.287500 0.305208 0.371875 0.610417
0 1.0 0.751563 0.819792 0.250000 0.360417
0 1.0 0.449219 0.207292 0.207813 0.414583
0 1.0 0.071875 0.273958 0.143750 0.547917
0 1.0 0.328125 0.670833 0.656250 0.658333
0 1.0 0.554688 0.266667 0.215625 0.533333
0 1.0 0.571094 0.256250 0.457813 0.441667
0 1.0 0.294531 0.529167 0.292187 0.720833
0 1.0 0.821875 0.489583 0.356250 0.979167
0 1.0 0.490625 0.694792 0.534375 0.472917
0 1.0 0.925000 0.364583 0.150000 0.579167
0 1.0 0.684375 0.684375 0.631250 0.631250