0 1.0 0.500000 0.564844 1.000000 0.657813
0 1.0 0.497658 0.644531 0.203747 0.207813
0 1.0 0.490632 0.546875 0.564403 0.421875
0 1.0 0.466042 0.732031 0.679157 0.517188
0 1.0 0.238876 0.596875 0.220141 0.231250
0 1.0 0.169789 0.594531 0.311475 0.148438
0 1.0 0.177986 0.604688 0.163934 0.293750
0 1.0 0.403981 0.609375 0.152225 0.259375
0 1.0 0.464871 0.610156 0.110070 0.114062
0 1.0 0.351288 0.619531 0.121780 0.254688
0 1.0 0.378220 0.598437 0.269321 0.118750
0 1.0 0.381733 0.600781 0.117096 0.104688
0 1.0 0.261124 0.598437 0.250585 0.112500
0 1.0 0.309133 0.603125 0.051522 0.065625
0 1.0 0.258782 0.596875 0.114754 0.109375
0 1.0 0.914520 0.553906 0.138173 0.282813
0 1.0 0.891101 0.552344 0.217799 0.154688
0 1.0 0.873536 0.576562 0.117096 0.250000
0 1.0 0.798595 0.551562 0.107728 0.081250
0 1.0 0.031616 0.623437 0.063232 0.259375
0 1.0 0.809133 0.582812 0.100703 0.184375
0 1.0 0.807963 0.567969 0.276347 0.260937
0 1.0 0.756440 0.564844 0.126464 0.232813
0 1.0 0.717799 0.539844 0.316159 0.126562
0 1.0 0.073770 0.617188 0.138173 0.340625
0 1.0 0.122951 0.596875 0.100703 0.100000
0 1.0 0.055035 0.598437 0.110070 0.078125
0 1.0 0.962529 0.604688 0.051522 0.131250
0 1.0 0.948478 0.550000 0.103044 0.093750
0 1.0 0.050351 0.600781 0.053864 0.070312
0 1.0 0.884075 0.607812 0.194379 0.146875
0 1.0 0.786885 0.608594 0.074941 0.070312
0 1.0 0.822014 0.613281 0.065574 0.070312
0 1.0 0.727166 0.598437 0.269321 0.112500
0 1.0 0.128806 0.657031 0.257611 0.129688
0 1.0 0.121780 0.659375 0.117096 0.125000
0 1.0 0.057377 0.656250 0.114754 0.090625
0 1.0 0.949649 0.603125 0.100703 0.093750
0 1.0 0.052693 0.660156 0.053864 0.082812
0 1.0 0.611241 0.598437 0.224824 0.231250
0 1.0 0.720141 0.602344 0.255269 0.295312
0 1.0 0.608899 0.590625 0.374707 0.312500
0 1.0 0.601874 0.620313 0.103044 0.228125
0 1.0 0.783372 0.505469 0.119438 0.089063
0 1.0 0.862998 0.486719 0.245902 0.270313
0 1.0 0.804450 0.502344 0.316159 0.123438
0 1.0 0.765808 0.535156 0.093677 0.120313
0 1.0 0.709602 0.521094 0.145199 0.198437
0 1.0 0.677986 0.499219 0.316159 0.129688
0 1.0 0.053864 0.546875 0.107728 0.087500
0 1.0 0.961358 0.539844 0.049180 0.123438
0 1.0 0.944965 0.498437 0.110070 0.093750
0 1.0 0.530445 0.502344 0.217799 0.226562
0 1.0 0.450820 0.527344 0.119438 0.220312
0 1.0 0.446136 0.488281 0.334895 0.135937
0 1.0 0.403981 0.514062 0.152225 0.228125
0 1.0 0.653396 0.533594 0.117096 0.189062
0 1.0 0.587822 0.517188 0.084309 0.128125
0 1.0 0.548009 0.579688 0.140515 0.259375
0 1.0 0.468384 0.552344 0.238876 0.148438
0 1.0 0.469555 0.551562 0.278689 0.318750
0 1.0 0.129977 0.653125 0.199063 0.262500
0 1.0 0.134660 0.547656 0.269321 0.135937
0 1.0 0.126464 0.582812 0.121780 0.268750
0 1.0 0.391101 0.546094 0.215457 0.110937
0 1.0 0.354801 0.553906 0.175644 0.192188
0 1.0 0.290398 0.567187 0.103044 0.212500
0 1.0 0.298595 0.546875 0.180328 0.134375
0 1.0 0.374707 0.563281 0.318501 0.260937
0 1.0 0.063232 0.762500 0.126464 0.093750
0 1.0 0.288056 0.750000 0.121780 0.300000
0 1.0 0.272834 0.763281 0.334895 0.135937
0 1.0 0.071429 0.748437 0.142857 0.265625
0 1.0 0.964871 0.740625 0.060890 0.184375
0 1.0 0.937939 0.710156 0.124122 0.101562
0 1.0 0.919204 0.714844 0.161593 0.270313
0 1.0 0.879391 0.710938 0.241218 0.134375
0 1.0 0.175644 0.762500 0.323185 0.284375
0 1.0 0.182670 0.753125 0.135831 0.293750
0 1.0 0.444965 0.726562 0.173302 0.253125
0 1.0 0.482436 0.757031 0.135831 0.129688
0 1.0 0.128806 0.743750 0.135831 0.284375
0 1.0 0.151054 0.762500 0.302108 0.146875
0 1.0 0.032787 0.743750 0.065574 0.240625
0 1.0 0.118267 0.766406 0.156909 0.120313
0 1.0 0.693208 0.714844 0.182670 0.164062
0 1.0 0.792740 0.717969 0.100703 0.079687
0 1.0 0.574941 0.681250 0.306792 0.275000
0 1.0 0.605386 0.692969 0.208431 0.179688
0 1.0 0.831382 0.721875 0.065574 0.075000
0 1.0 0.813817 0.700781 0.128806 0.310937
0 1.0 0.819672 0.698438 0.281030 0.290625
0 1.0 0.758782 0.694531 0.121780 0.279687
0 1.0 0.045667 0.765625 0.067916 0.078125
0 1.0 0.051522 0.820312 0.103044 0.156250
0 1.0 0.692037 0.762500 0.245902 0.153125
0 1.0 0.581967 0.758594 0.306792 0.132812
0 1.0 0.875878 0.755469 0.154567 0.282813
0 1.0 0.829040 0.774219 0.079625 0.085938
0 1.0 0.785714 0.767188 0.152225 0.096875
0 1.0 0.159251 0.813281 0.318501 0.135937
0 1.0 0.756440 0.754687 0.285714 0.246875
0 1.0 0.347775 0.753125 0.133489 0.315625
0 1.0 0.387588 0.768750 0.100703 0.109375
0 1.0 0.536300 0.725000 0.140515 0.340625
0 1.0 0.326698 0.772656 0.058548 0.079687
0 1.0 0.238876 0.764844 0.135831 0.310937
0 1.0 0.498829 0.736719 0.238876 0.160938
0 1.0 0.476581 0.719531 0.306792 0.360938
0 1.0 0.395785 0.756250 0.117096 0.278125
0 1.0 0.663934 0.655469 0.208431 0.223438
0 1.0 0.754098 0.660937 0.206089 0.134375
0 1.0 0.056206 0.710938 0.112412 0.093750
0 1.0 0.329040 0.671094 0.049180 0.073438
0 1.0 0.297424 0.653125 0.159251 0.196875
0 1.0 0.248244 0.659375 0.121780 0.131250
0 1.0 0.460187 0.653906 0.147541 0.139063
0 1.0 0.385246 0.660156 0.236534 0.132812
0 1.0 0.401639 0.710938 0.077283 0.093750
0 1.0 0.300937 0.710156 0.274005 0.135937
0 1.0 0.360656 0.714844 0.046838 0.079687
0 1.0 0.271663 0.683594 0.281030 0.301563
0 1.0 0.248244 0.714063 0.112412 0.115625
0 1.0 0.471897 0.701562 0.081967 0.096875
0 1.0 0.491803 0.683594 0.126464 0.139063
0 1.0 0.947307 0.656250 0.105386 0.093750
0 1.0 0.885246 0.657813 0.229508 0.128125
0 1.0 0.807963 0.663281 0.070258 0.067187
0 1.0 0.838407 0.667969 0.074941 0.076563
0 1.0 0.121780 0.714844 0.135831 0.132812
0 1.0 0.704918 0.302344 0.276347 0.251563
0 1.0 0.720141 0.292187 0.175644 0.168750
0 1.0 0.659251 0.307812 0.086651 0.156250
0 1.0 0.666276 0.289844 0.255269 0.110937
0 1.0 0.669789 0.291406 0.042155 0.064062
0 1.0 0.292740 0.515625 0.266979 0.231250
0 1.0 0.607728 0.308594 0.039813 0.051562
0 1.0 0.618267 0.304688 0.135831 0.125000
0 1.0 0.555035 0.335156 0.088993 0.151562
0 1.0 0.570258 0.293750 0.203747 0.087500
0 1.0 0.600703 0.329688 0.077283 0.131250
0 1.0 0.891101 0.207031 0.044496 0.060937
0 1.0 0.867681 0.286719 0.250585 0.126562
0 1.0 0.819672 0.239063 0.084309 0.171875
0 1.0 0.830211 0.229687 0.035129 0.059375
0 1.0 0.814988 0.282031 0.281030 0.239063
0 1.0 0.768150 0.263281 0.098361 0.204687
0 1.0 0.778689 0.250000 0.044496 0.078125
0 1.0 0.730679 0.263281 0.051522 0.079687
0 1.0 0.387588 0.284375 0.142857 0.084375
0 1.0 0.343091 0.296094 0.133489 0.185938
0 1.0 0.358314 0.283594 0.266979 0.145313
0 1.0 0.292740 0.314063 0.093677 0.181250
0 1.0 0.291569 0.289844 0.250585 0.092188
0 1.0 0.549180 0.295312 0.269321 0.256250
0 1.0 0.310304 0.299219 0.072600 0.101562
0 1.0 0.231850 0.304688 0.103044 0.212500
0 1.0 0.236534 0.296875 0.070258 0.128125
0 1.0 0.235363 0.284375 0.283372 0.146875
0 1.0 0.187354 0.285938 0.121780 0.250000
0 1.0 0.295082 0.278906 0.276347 0.285938
0 1.0 0.503513 0.342187 0.079625 0.131250
0 1.0 0.514052 0.295312 0.222482 0.121875
0 1.0 0.448478 0.347656 0.058548 0.104688
0 1.0 0.490632 0.292969 0.119438 0.070312
0 1.0 0.441452 0.288281 0.274005 0.279687
0 1.0 0.475410 0.311719 0.070258 0.082812
0 1.0 0.396956 0.314063 0.100703 0.184375
0 1.0 0.450820 0.321875 0.096019 0.112500
0 1.0 0.427400 0.351562 0.194379 0.106250
0 1.0 0.344262 0.400781 0.065574 0.114062
0 1.0 0.359485 0.347656 0.175644 0.082812
0 1.0 0.344262 0.376563 0.117096 0.137500
0 1.0 0.871194 0.281250 0.154567 0.084375
0 1.0 0.296253 0.388281 0.063232 0.117188
0 1.0 0.295082 0.371875 0.112412 0.143750
0 1.0 0.251756 0.341406 0.269321 0.104688
0 1.0 0.235363 0.369531 0.091335 0.132812
0 1.0 0.569087 0.347656 0.299766 0.114062
0 1.0 0.559719 0.412500 0.088993 0.093750
0 1.0 0.557377 0.375781 0.163934 0.139063
0 1.0 0.501171 0.425000 0.070258 0.100000
0 1.0 0.398126 0.384375 0.117096 0.121875
0 1.0 0.442623 0.412500 0.037471 0.053125
0 1.0 0.495316 0.351562 0.138173 0.071875
0 1.0 0.444965 0.400000 0.098361 0.090625
0 1.0 0.475410 0.382812 0.098361 0.090625
0 1.0 0.023419 0.350781 0.046838 0.123438
0 1.0 0.053864 0.339844 0.107728 0.073438
0 1.0 0.071429 0.332031 0.142857 0.260937
0 1.0 0.961358 0.248438 0.049180 0.100000
0 1.0 0.937939 0.281250 0.124122 0.096875
0 1.0 0.925059 0.284375 0.149883 0.237500
0 1.0 0.882904 0.229687 0.093677 0.165625
0 1.0 0.187354 0.359375 0.088993 0.159375
0 1.0 0.170960 0.331250 0.266979 0.290625
0 1.0 0.126464 0.369531 0.103044 0.204687
0 1.0 0.145199 0.342187 0.257611 0.143750
0 1.0 0.272834 0.233594 0.316159 0.126562
0 1.0 0.290398 0.230469 0.154567 0.245312
0 1.0 0.292740 0.239063 0.140515 0.106250
0 1.0 0.229508 0.227344 0.131148 0.310937
0 1.0 0.170960 0.229687 0.266979 0.168750
0 1.0 0.128806 0.223438 0.159251 0.321875
0 1.0 0.501171 0.230469 0.206089 0.207813
0 1.0 0.446136 0.254688 0.077283 0.168750
0 1.0 0.455504 0.229687 0.330211 0.118750
0 1.0 0.471897 0.235156 0.156909 0.107813
0 1.0 0.394614 0.229687 0.128806 0.300000
0 1.0 0.024590 0.086719 0.049180 0.076563
0 1.0 0.045667 0.046875 0.081967 0.059375
0 1.0 0.074941 0.075781 0.149883 0.151562
0 1.0 0.272834 0.558594 0.508197 0.882812
0 1.0 0.736534 0.462500 0.470726 0.925000
0 1.0 0.519906 0.257031 0.960187 0.464062
0 1.0 0.076112 0.220312 0.152225 0.278125
0 1.0 0.141686 0.060937 0.086651 0.087500
0 1.0 0.067916 0.036719 0.051522 0.042188
0 1.0 0.067916 0.068750 0.056206 0.075000
0 1.0 0.159251 0.037500 0.060890 0.050000
0 1.0 0.162763 0.045312 0.161593 0.090625
0 1.0 0.049180 0.286719 0.093677 0.132812
0 1.0 0.963700 0.223438 0.072600 0.168750
0 1.0 0.929742 0.231250 0.140515 0.109375
0 1.0 0.895785 0.212500 0.208431 0.246875
0 1.0 0.841920 0.232031 0.203747 0.104688
0 1.0 0.194379 0.285156 0.079625 0.117188
0 1.0 0.152225 0.284375 0.234192 0.118750
0 1.0 0.133489 0.275781 0.103044 0.173437
0 1.0 0.667447 0.232813 0.271663 0.131250
0 1.0 0.653396 0.228906 0.290398 0.285938
0 1.0 0.601874 0.239063 0.107728 0.228125
0 1.0 0.817330 0.207813 0.131148 0.334375
0 1.0 0.560890 0.230469 0.236534 0.129688
0 1.0 0.665105 0.223438 0.098361 0.178125
0 1.0 0.765808 0.225000 0.201405 0.193750
0 1.0 0.714286 0.214062 0.126464 0.306250
0 1.0 0.442623 0.490625 0.065574 0.093750
0 1.0 0.511710 0.450781 0.063232 0.076563
0 1.0 0.483607 0.451562 0.231850 0.140625
0 1.0 0.394614 0.515625 0.081967 0.128125
0 1.0 0.419204 0.464844 0.117096 0.104688
0 1.0 0.348946 0.517969 0.056206 0.082812
0 1.0 0.422717 0.460156 0.053864 0.054688
0 1.0 0.351288 0.497656 0.093677 0.092188
0 1.0 0.368852 0.461719 0.264637 0.120313
0 1.0 0.639344 0.477344 0.341920 0.260937
0 1.0 0.670960 0.461719 0.217799 0.160938
0 1.0 0.592506 0.484375 0.056206 0.065625
0 1.0 0.560890 0.446875 0.199063 0.106250
0 1.0 0.544496 0.484375 0.138173 0.137500
0 1.0 0.502342 0.512500 0.119438 0.165625
0 1.0 0.139344 0.485156 0.091335 0.135937
0 1.0 0.148712 0.454688 0.255269 0.115625
0 1.0 0.145199 0.460938 0.281030 0.275000
0 1.0 0.076112 0.490625 0.105386 0.190625
0 1.0 0.134660 0.450000 0.128806 0.068750
0 1.0 0.372365 0.477344 0.088993 0.082812
0 1.0 0.023419 0.509375 0.046838 0.121875
0 1.0 0.062061 0.453125 0.053864 0.046875
0 1.0 0.044496 0.457031 0.088993 0.070312
0 1.0 0.961358 0.428125 0.067916 0.171875
0 1.0 0.939110 0.389844 0.121780 0.104688
0 1.0 0.297424 0.506250 0.070258 0.112500
0 1.0 0.338407 0.461719 0.161593 0.073438
0 1.0 0.316159 0.478906 0.070258 0.076563
0 1.0 0.231850 0.492969 0.098361 0.145313
0 1.0 0.263466 0.452344 0.128806 0.067187
0 1.0 0.182670 0.496875 0.084309 0.143750
0 1.0 0.207260 0.453125 0.138173 0.071875
0 1.0 0.248244 0.455469 0.252927 0.104688
0 1.0 0.182670 0.504687 0.271663 0.146875
0 1.0 0.668618 0.489844 0.105386 0.120313
0 1.0 0.049180 0.500000 0.098361 0.068750
0 1.0 0.036300 0.535156 0.072600 0.182812
0 1.0 0.359485 0.495312 0.156909 0.146875
0 1.0 0.814988 0.453125 0.299766 0.121875
0 1.0 0.811475 0.479687 0.067916 0.109375
0 1.0 0.805621 0.427344 0.290398 0.285938
0 1.0 0.727166 0.453906 0.241218 0.101562
0 1.0 0.716628 0.495312 0.107728 0.118750
0 1.0 0.963700 0.474219 0.049180 0.117188
0 1.0 0.956674 0.447656 0.086651 0.085938
0 1.0 0.925059 0.450781 0.149883 0.139063
0 1.0 0.916862 0.434375 0.128806 0.321875
0 1.0 0.872365 0.453125 0.114754 0.228125
0 1.0 0.823185 0.454688 0.049180 0.056250
0 1.0 0.074941 0.419531 0.107728 0.154688
0 1.0 0.028103 0.443750 0.056206 0.153125
0 1.0 0.058548 0.397656 0.117096 0.070312
0 1.0 0.959016 0.310156 0.039813 0.079687
0 1.0 0.950820 0.343750 0.079625 0.134375
0 1.0 0.880562 0.336719 0.238876 0.126562
0 1.0 0.250585 0.399219 0.299766 0.101562
0 1.0 0.234192 0.437500 0.079625 0.109375
0 1.0 0.233021 0.396094 0.264637 0.270313
0 1.0 0.183841 0.428125 0.114754 0.190625
0 1.0 0.121780 0.396875 0.238876 0.096875
0 1.0 0.762295 0.343750 0.199063 0.200000
0 1.0 0.720141 0.382031 0.100703 0.176563
0 1.0 0.654567 0.396875 0.072600 0.121875
0 1.0 0.652225 0.367188 0.311475 0.250000
0 1.0 0.600703 0.428906 0.058548 0.095312
0 1.0 0.874707 0.300781 0.100703 0.179688
0 1.0 0.820843 0.353906 0.091335 0.170313
0 1.0 0.770492 0.364063 0.084309 0.162500
0 1.0 0.765808 0.441406 0.103044 0.201563
0 1.0 0.749415 0.388281 0.346604 0.135937
0 1.0 0.718970 0.445312 0.098361 0.137500
0 1.0 0.307963 0.421094 0.114754 0.117188
0 1.0 0.656909 0.446875 0.105386 0.156250
0 1.0 0.591335 0.462500 0.077283 0.109375
0 1.0 0.903981 0.389062 0.192037 0.171875
0 1.0 0.841920 0.393750 0.166276 0.134375
0 1.0 0.812646 0.415625 0.117096 0.259375
0 1.0 0.466042 0.428125 0.140515 0.115625
0 1.0 0.437939 0.403125 0.229508 0.084375
0 1.0 0.416862 0.396875 0.276347 0.234375
0 1.0 0.345433 0.465625 0.072600 0.106250
0 1.0 0.364169 0.407813 0.250585 0.112500
0 1.0 0.360656 0.428125 0.131148 0.115625
0 1.0 0.611241 0.417187 0.177986 0.137500
0 1.0 0.553864 0.412500 0.292740 0.234375
0 1.0 0.497658 0.459375 0.100703 0.121875
0 1.0 0.517564 0.407813 0.234192 0.109375
0 1.0 0.187354 0.136719 0.112412 0.229687
0 1.0 0.174473 0.120313 0.316159 0.134375
0 1.0 0.920375 0.100781 0.159251 0.201563
0 1.0 0.374707 0.632812 0.529274 0.262500
0 1.0 0.738876 0.652344 0.419204 0.467187
0 1.0 0.230679 0.118750 0.306792 0.234375
0 1.0 0.346604 0.111719 0.154567 0.223438
0 1.0 0.289227 0.121094 0.110070 0.229687
0 1.0 0.289227 0.121875 0.119438 0.093750
0 1.0 0.128806 0.117969 0.187354 0.226562
0 1.0 0.824356 0.086719 0.262295 0.173437
0 1.0 0.763466 0.114844 0.131148 0.229687
0 1.0 0.401639 0.838281 0.569087 0.210938
0 1.0 0.718970 0.101562 0.126464 0.203125
0 1.0 0.733021 0.107813 0.323185 0.215625
0 1.0 0.662763 0.114844 0.121780 0.229687
0 1.0 0.668618 0.073438 0.353630 0.131250
0 1.0 0.028103 0.149219 0.056206 0.195312
0 1.0 0.038642 0.121875 0.077283 0.093750
0 1.0 0.956674 0.134375 0.053864 0.134375
0 1.0 0.446136 0.417969 0.227166 0.473438
0 1.0 0.487119 0.360156 0.599532 0.226562
0 1.0 0.722482 0.360156 0.419204 0.395313
0 1.0 0.601874 0.130469 0.121780 0.254688
0 1.0 0.604215 0.124219 0.281030 0.176563
0 1.0 0.551522 0.127344 0.105386 0.229687
0 1.0 0.248244 0.346094 0.449649 0.442188
0 1.0 0.648712 0.245312 0.599532 0.231250
0 1.0 0.282201 0.349219 0.564403 0.223438
0 1.0 0.151054 0.592187 0.297424 0.446875
0 1.0 0.300937 0.460156 0.601874 0.210938
0 1.0 0.500000 0.109375 0.105386 0.212500
0 1.0 0.340749 0.121094 0.306792 0.132812
0 1.0 0.508197 0.120313 0.290398 0.240625
0 1.0 0.435597 0.093750 0.070258 0.140625
0 1.0 0.467213 0.123438 0.245902 0.128125
0 1.0 0.434426 0.105469 0.138173 0.210938
0 1.0 0.553864 0.070312 0.274005 0.140625
0 1.0 0.557377 0.045312 0.121780 0.081250
0 1.0 0.497658 0.043750 0.063232 0.084375
0 1.0 0.476581 0.030469 0.161593 0.060937
0 1.0 0.662763 0.057031 0.065574 0.089063
0 1.0 0.681499 0.028906 0.173302 0.057813
0 1.0 0.601874 0.046875 0.065574 0.084375
0 1.0 0.598361 0.028125 0.128806 0.056250
0 1.0 0.523419 0.028125 0.110070 0.053125
0 1.0 0.128806 0.372656 0.257611 0.745313
0 1.0 0.297424 0.063281 0.266979 0.126562
0 1.0 0.312646 0.046875 0.114754 0.090625
0 1.0 0.221311 0.059375 0.067916 0.084375
0 1.0 0.695550 0.518750 0.608899 0.471875
0 1.0 0.247073 0.050000 0.142857 0.100000
0 1.0 0.195550 0.075000 0.058548 0.084375
0 1.0 0.182670 0.068750 0.262295 0.137500
0 1.0 0.661593 0.818750 0.676815 0.362500
0 1.0 0.443794 0.059375 0.264637 0.118750
0 1.0 0.394614 0.044531 0.077283 0.089063
0 1.0 0.399297 0.033594 0.213115 0.067187
0 1.0 0.257611 0.878125 0.515222 0.243750
0 1.0 0.354801 0.043750 0.053864 0.071875
0 1.0 0.434426 0.028906 0.044496 0.054688
0 1.0 0.467213 0.029687 0.081967 0.053125
0 1.0 0.429742 0.031250 0.086651 0.062500
0 1.0 0.389930 0.078906 0.133489 0.157812
0 1.0 0.406323 0.059375 0.128806 0.087500
0 1.0 0.353630 0.075000 0.074941 0.118750
0 1.0 0.166276 0.922656 0.332553 0.154688
0 1.0 0.822014 0.846875 0.355972 0.203125
0 1.0 0.448478 0.915625 0.578454 0.168750
0 1.0 0.220141 0.093750 0.098361 0.156250
0 1.0 0.455504 0.064844 0.152225 0.082812
0 1.0 0.826698 0.062500 0.088993 0.125000
0 1.0 0.832553 0.037500 0.208431 0.075000
0 1.0 0.765808 0.057031 0.074941 0.114062
0 1.0 0.142857 0.075000 0.149883 0.103125
0 1.0 0.896956 0.048438 0.187354 0.096875
0 1.0 0.716628 0.063281 0.074941 0.104688
0 1.0 0.756440 0.029687 0.163934 0.059375
0 1.0 0.621780 0.117969 0.756440 0.235937
0 1.0 0.514052 0.359375 0.358314 0.681250
0 1.0 0.362998 0.130469 0.725995 0.260937
0 1.0 0.832553 0.922656 0.334895 0.154688
0 1.0 0.944965 0.076563 0.058548 0.100000
0 1.0 0.881733 0.078906 0.086651 0.135937
0 1.0 0.050351 0.080469 0.100703 0.079687
0 1.0 0.825527 0.857812 0.053864 0.090625
0 1.0 0.765808 0.823438 0.051522 0.090625
0 1.0 0.764637 0.869531 0.353630 0.110937
0 1.0 0.716628 0.792188 0.046838 0.084375
0 1.0 0.959016 0.882812 0.053864 0.096875
0 1.0 0.932084 0.877344 0.135831 0.135937
0 1.0 0.655738 0.814844 0.074941 0.135937
0 1.0 0.634660 0.868750 0.309133 0.128125
0 1.0 0.963700 0.874219 0.030445 0.070312
0 1.0 0.233021 0.917969 0.110070 0.164062
0 1.0 0.879391 0.830469 0.063232 0.132812
0 1.0 0.807963 0.875781 0.121780 0.082812
0 1.0 0.848946 0.884375 0.086651 0.081250
0 1.0 0.498829 0.862500 0.210773 0.215625
0 1.0 0.446136 0.780469 0.053864 0.082812
0 1.0 0.441452 0.824219 0.133489 0.170313
0 1.0 0.692037 0.853125 0.306792 0.246875
0 1.0 0.421546 0.878906 0.196721 0.185938
0 1.0 0.346604 0.835938 0.070258 0.121875
0 1.0 0.353630 0.855469 0.117096 0.170313
0 1.0 0.354801 0.875000 0.203747 0.228125
0 1.0 0.612412 0.798438 0.067916 0.128125
0 1.0 0.580796 0.843750 0.295082 0.256250
0 1.0 0.505855 0.814063 0.079625 0.159375
0 1.0 0.542155 0.810937 0.067916 0.162500
0 1.0 0.443794 0.910937 0.339578 0.125000
0 1.0 0.055035 0.920312 0.110070 0.143750
0 1.0 0.653396 0.883594 0.126464 0.232813
0 1.0 0.700234 0.902344 0.187354 0.167187
0 1.0 0.562061 0.914062 0.271663 0.143750
0 1.0 0.818501 0.910937 0.110070 0.178125
0 1.0 0.128806 0.893750 0.126464 0.212500
0 1.0 0.289227 0.920312 0.110070 0.159375
0 1.0 0.313817 0.917188 0.327869 0.125000
0 1.0 0.185012 0.909375 0.117096 0.181250
0 1.0 0.427400 0.814063 0.339578 0.146875
0 1.0 0.421546 0.831250 0.276347 0.296875
0 1.0 0.290398 0.874219 0.056206 0.089063
0 1.0 0.384075 0.819531 0.126464 0.120313
0 1.0 0.272834 0.816406 0.311475 0.126562
0 1.0 0.278689 0.817187 0.281030 0.296875
0 1.0 0.120609 0.820312 0.147541 0.103125
0 1.0 0.060890 0.816406 0.121780 0.073438
0 1.0 0.934426 0.760938 0.131148 0.109375
0 1.0 0.881733 0.763281 0.236534 0.135937
0 1.0 0.313817 0.823438 0.074941 0.084375
0 1.0 0.133489 0.867188 0.238876 0.218750
0 1.0 0.078454 0.846094 0.067916 0.132812
0 1.0 0.605386 0.786719 0.166276 0.254688
0 1.0 0.056206 0.870313 0.112412 0.071875
0 1.0 0.033958 0.857812 0.067916 0.137500
0 1.0 0.956674 0.830469 0.086651 0.185938
0 1.0 0.293911 0.874219 0.283372 0.123438
0 1.0 0.329040 0.880469 0.072600 0.085938
0 1.0 0.241218 0.877344 0.065574 0.120313
0 1.0 0.192037 0.855469 0.070258 0.132812
0 1.0 0.132319 0.839844 0.072600 0.135937
0 1.0 0.765808 0.794531 0.145199 0.226562
0 1.0 0.708431 0.808594 0.133489 0.273438
0 1.0 0.933255 0.813281 0.133489 0.104688
0 1.0 0.638173 0.807031 0.306792 0.126562
0 1.0 0.918033 0.817969 0.126464 0.351562
0 1.0 0.877049 0.814063 0.245902 0.125000
0 1.0 0.789227 0.816406 0.173302 0.098437
0 1.0 0.831382 0.821094 0.084309 0.085938
0 1.0 0.819672 0.802344 0.145199 0.245312
0 1.0 0.610070 0.175000 0.334895 0.128125
0 1.0 0.345433 0.124219 0.081967 0.139063
0 1.0 0.359485 0.175000 0.269321 0.118750
0 1.0 0.477752 0.176563 0.210773 0.109375
0 1.0 0.439110 0.149219 0.091335 0.192188
0 1.0 0.470726 0.071094 0.758782 0.142187
0 1.0 0.790398 0.174219 0.334895 0.129688
0 1.0 0.946136 0.961719 0.107728 0.076563
0 1.0 0.911007 0.161719 0.135831 0.157812
0 1.0 0.877049 0.146094 0.147541 0.245312
0 1.0 0.347775 0.264844 0.222482 0.501563
0 1.0 0.189696 0.177344 0.299766 0.139063
0 1.0 0.353630 0.242188 0.599532 0.231250
0 1.0 0.044496 0.175781 0.088993 0.073438
0 1.0 0.250585 0.259375 0.210773 0.509375
0 1.0 0.758782 0.264844 0.248244 0.492188
0 1.0 0.134660 0.172656 0.161593 0.110937
0 1.0 0.386417 0.162500 0.295082 0.237500
0 1.0 0.180328 0.170313 0.084309 0.112500
0 1.0 0.304450 0.172656 0.107728 0.120313
0 1.0 0.248244 0.957812 0.131148 0.084375
0 1.0 0.186183 0.953906 0.081967 0.092188
0 1.0 0.129977 0.950781 0.086651 0.098437
0 1.0 0.155738 0.953906 0.208431 0.092188
0 1.0 0.399297 0.942969 0.161593 0.114062
0 1.0 0.081967 0.945312 0.103044 0.109375
0 1.0 0.651054 0.954688 0.159251 0.090625
0 1.0 0.341920 0.930469 0.107728 0.139063
0 1.0 0.396956 0.957031 0.105386 0.060937
0 1.0 0.347775 0.965625 0.100703 0.056250
0 1.0 0.307963 0.956250 0.114754 0.087500
0 1.0 0.293911 0.964844 0.081967 0.051562
0 1.0 0.501171 0.936719 0.093677 0.126562
0 1.0 0.530445 0.960938 0.110070 0.053125
0 1.0 0.878220 0.903906 0.121780 0.192188
0 1.0 0.759953 0.896875 0.119438 0.206250
0 1.0 0.031616 0.947656 0.063232 0.104688
0 1.0 0.053864 0.966406 0.079625 0.057813
0 1.0 0.964871 0.942969 0.056206 0.114062
0 1.0 0.873536 0.940625 0.084309 0.118750
0 1.0 0.860656 0.965625 0.072600 0.056250
0 1.0 0.845433 0.960938 0.173302 0.078125
0 1.0 0.765808 0.939844 0.084309 0.120313
0 1.0 0.057377 0.233594 0.114754 0.089063
0 1.0 0.923888 0.937500 0.114754 0.125000
0 1.0 0.948478 0.181250 0.103044 0.153125
0 1.0 0.576112 0.962500 0.084309 0.056250
0 1.0 0.553864 0.932813 0.128806 0.134375
0 1.0 0.514052 0.955469 0.166276 0.079687
0 1.0 0.450820 0.938281 0.100703 0.123438
0 1.0 0.710773 0.938281 0.086651 0.123438
0 1.0 0.734192 0.959375 0.170960 0.071875
0 1.0 0.612412 0.929688 0.096019 0.140625
0 1.0 0.367681 0.728125 0.257611 0.465625
0 1.0 0.761124 0.743750 0.238876 0.509375
0 1.0 0.843091 0.659375 0.210773 0.578125
0 1.0 0.656909 0.907813 0.480094 0.184375
0 1.0 0.187354 0.238281 0.374707 0.289062
0 1.0 0.892272 0.355469 0.215457 0.357812
0 1.0 0.862998 0.319531 0.274005 0.639062
0 1.0 0.825527 0.160938 0.348946 0.321875