0 1.0 0.538000 0.528000 0.140000 0.400000
0 1.0 0.484000 0.529333 0.500000 0.498667
0 1.0 0.067000 0.672000 0.022000 0.042667
0 1.0 0.053000 0.668000 0.106000 0.173333
0 1.0 0.962000 0.704000 0.036000 0.106667
0 1.0 0.947000 0.604000 0.106000 0.093333
0 1.0 0.231000 0.640000 0.114000 0.288000
0 1.0 0.277000 0.670667 0.082000 0.098667
0 1.0 0.236000 0.642667 0.260000 0.277333
0 1.0 0.194000 0.694667 0.064000 0.178667
0 1.0 0.903000 0.601333 0.194000 0.157333
0 1.0 0.178000 0.680000 0.160000 0.208000
0 1.0 0.892000 0.622667 0.216000 0.312000
0 1.0 0.400000 0.668000 0.200000 0.248000
0 1.0 0.340000 0.681333 0.088000 0.216000
0 1.0 0.356000 0.662667 0.188000 0.109333
0 1.0 0.094000 0.662667 0.180000 0.226667
0 1.0 0.688000 0.597333 0.268000 0.128000
0 1.0 0.724000 0.648000 0.096000 0.224000
0 1.0 0.700000 0.622667 0.248000 0.360000
0 1.0 0.771000 0.601333 0.070000 0.077333
0 1.0 0.595000 0.629333 0.090000 0.288000
0 1.0 0.601000 0.645333 0.042000 0.149333
0 1.0 0.604000 0.585333 0.244000 0.376000
0 1.0 0.875000 0.640000 0.094000 0.202667
0 1.0 0.829000 0.608000 0.030000 0.053333
0 1.0 0.800000 0.634667 0.132000 0.341333
0 1.0 0.818000 0.590667 0.280000 0.141333
0 1.0 0.134000 0.668000 0.096000 0.114667
0 1.0 0.663000 0.678667 0.098000 0.301333
0 1.0 0.682000 0.653333 0.300000 0.138667
0 1.0 0.921000 0.688000 0.106000 0.346667
0 1.0 0.884000 0.661333 0.232000 0.122667
0 1.0 0.603000 0.669333 0.174000 0.272000
0 1.0 0.523000 0.662667 0.238000 0.109333
0 1.0 0.569000 0.669333 0.070000 0.090667
0 1.0 0.609000 0.684000 0.046000 0.184000
0 1.0 0.817000 0.653333 0.194000 0.165333
0 1.0 0.175000 0.718667 0.034000 0.066667
0 1.0 0.377000 0.669333 0.058000 0.096000
0 1.0 0.276000 0.650667 0.096000 0.245333
0 1.0 0.257000 0.666667 0.218000 0.117333
0 1.0 0.329000 0.676000 0.022000 0.056000
0 1.0 0.524000 0.634667 0.076000 0.314667
0 1.0 0.547000 0.669333 0.050000 0.085333
0 1.0 0.492000 0.621333 0.224000 0.346667
0 1.0 0.439000 0.676000 0.086000 0.221333
0 1.0 0.387000 0.677333 0.090000 0.213333
0 1.0 0.488000 0.666667 0.024000 0.074667
0 1.0 0.698000 0.658667 0.128000 0.133333
0 1.0 0.521000 0.666667 0.026000 0.074667
0 1.0 0.703000 0.549333 0.290000 0.149333
0 1.0 0.723000 0.600000 0.074000 0.138667
0 1.0 0.956000 0.614667 0.052000 0.098667
0 1.0 0.925000 0.552000 0.150000 0.144000
0 1.0 0.606000 0.605333 0.032000 0.117333
0 1.0 0.676000 0.628000 0.036000 0.088000
0 1.0 0.805000 0.548000 0.062000 0.088000
0 1.0 0.809000 0.550667 0.134000 0.141333
0 1.0 0.769000 0.569333 0.138000 0.210667
0 1.0 0.128000 0.597333 0.240000 0.101333
0 1.0 0.663000 0.629333 0.058000 0.149333
0 1.0 0.445000 0.568000 0.082000 0.085333
0 1.0 0.415000 0.573333 0.266000 0.336000
0 1.0 0.417000 0.573333 0.122000 0.149333
0 1.0 0.337000 0.636000 0.058000 0.146667
0 1.0 0.388000 0.566667 0.092000 0.061333
0 1.0 0.338000 0.612000 0.100000 0.178667
0 1.0 0.597000 0.552000 0.146000 0.218667
0 1.0 0.361000 0.589333 0.086000 0.117333
0 1.0 0.261000 0.560000 0.178000 0.080000
0 1.0 0.335000 0.573333 0.018000 0.037333
0 1.0 0.558000 0.544000 0.268000 0.133333
0 1.0 0.444000 0.592000 0.040000 0.096000
0 1.0 0.494000 0.565333 0.100000 0.090667
0 1.0 0.463000 0.565333 0.118000 0.160000
0 1.0 0.675000 0.665333 0.058000 0.152000
0 1.0 0.697000 0.610667 0.094000 0.096000
0 1.0 0.408000 0.616000 0.020000 0.037333
0 1.0 0.339000 0.614667 0.226000 0.306667
0 1.0 0.238000 0.608000 0.152000 0.074667
0 1.0 0.329000 0.621333 0.014000 0.032000
0 1.0 0.526000 0.601333 0.184000 0.088000
0 1.0 0.555000 0.610667 0.022000 0.048000
0 1.0 0.462000 0.609333 0.168000 0.082667
0 1.0 0.515000 0.620000 0.022000 0.040000
0 1.0 0.039000 0.641333 0.050000 0.157333
0 1.0 0.038000 0.598667 0.072000 0.050667
0 1.0 0.071000 0.602667 0.018000 0.037333
0 1.0 0.299000 0.609333 0.026000 0.050667
0 1.0 0.964000 0.642667 0.032000 0.090667
0 1.0 0.204000 0.601333 0.052000 0.082667
0 1.0 0.155000 0.600000 0.054000 0.074667
0 1.0 0.494000 0.613333 0.016000 0.037333
0 1.0 0.672000 0.772000 0.300000 0.146667
0 1.0 0.664000 0.752000 0.080000 0.186667
0 1.0 0.695000 0.776000 0.090000 0.117333
0 1.0 0.891000 0.772000 0.218000 0.306667
0 1.0 0.852000 0.678667 0.028000 0.050667
0 1.0 0.805000 0.778667 0.070000 0.080000
0 1.0 0.884000 0.772000 0.084000 0.210667
0 1.0 0.604000 0.756000 0.152000 0.194667
0 1.0 0.552000 0.721333 0.092000 0.274667
0 1.0 0.644000 0.774667 0.028000 0.066667
0 1.0 0.812000 0.749333 0.116000 0.341333
0 1.0 0.824000 0.766667 0.304000 0.146667
0 1.0 0.846000 0.773333 0.140000 0.144000
0 1.0 0.769000 0.724000 0.114000 0.392000
0 1.0 0.037000 0.821333 0.074000 0.293333
0 1.0 0.055000 0.810667 0.110000 0.074667
0 1.0 0.074000 0.817333 0.032000 0.056000
0 1.0 0.703000 0.750667 0.110000 0.253333
0 1.0 0.615000 0.757333 0.054000 0.154667
0 1.0 0.637000 0.770667 0.118000 0.128000
0 1.0 0.176000 0.758667 0.296000 0.125333
0 1.0 0.294000 0.738667 0.160000 0.229333
0 1.0 0.255000 0.760000 0.034000 0.058667
0 1.0 0.508000 0.726667 0.096000 0.280000
0 1.0 0.226000 0.749333 0.104000 0.250667
0 1.0 0.282000 0.757333 0.052000 0.074667
0 1.0 0.501000 0.740000 0.246000 0.237333
0 1.0 0.562000 0.768000 0.048000 0.085333
0 1.0 0.777000 0.774667 0.102000 0.114667
0 1.0 0.762000 0.733333 0.264000 0.346667
0 1.0 0.288000 0.760000 0.288000 0.117333
0 1.0 0.457000 0.746667 0.146000 0.160000
0 1.0 0.407000 0.762667 0.322000 0.112000
0 1.0 0.387000 0.742667 0.146000 0.232000
0 1.0 0.473000 0.768000 0.026000 0.048000
0 1.0 0.536000 0.768000 0.024000 0.058667
0 1.0 0.345000 0.776000 0.122000 0.250667
0 1.0 0.339000 0.802667 0.074000 0.080000
0 1.0 0.281000 0.810667 0.030000 0.053333
0 1.0 0.214000 0.802667 0.324000 0.128000
0 1.0 0.249000 0.806667 0.090000 0.098667
0 1.0 0.234000 0.808000 0.192000 0.202667
0 1.0 0.189000 0.817333 0.114000 0.312000
0 1.0 0.517000 0.808000 0.334000 0.122667
0 1.0 0.550000 0.809333 0.072000 0.088000
0 1.0 0.767000 0.812000 0.190000 0.226667
0 1.0 0.307000 0.805333 0.238000 0.101333
0 1.0 0.488000 0.813333 0.024000 0.048000
0 1.0 0.410000 0.796000 0.248000 0.285333
0 1.0 0.959000 0.761333 0.058000 0.178667
0 1.0 0.932000 0.761333 0.136000 0.120000
0 1.0 0.436000 0.801333 0.084000 0.237333
0 1.0 0.132000 0.820000 0.120000 0.312000
0 1.0 0.883000 0.789333 0.022000 0.053333
0 1.0 0.536000 0.812000 0.024000 0.050667
0 1.0 0.161000 0.813333 0.146000 0.128000
0 1.0 0.072000 0.817333 0.124000 0.322667
0 1.0 0.615000 0.712000 0.070000 0.272000
0 1.0 0.630000 0.714667 0.284000 0.133333
0 1.0 0.261000 0.732000 0.026000 0.061333
0 1.0 0.239000 0.718667 0.342000 0.146667
0 1.0 0.285000 0.725333 0.058000 0.085333
0 1.0 0.534000 0.720000 0.068000 0.106667
0 1.0 0.740000 0.713333 0.316000 0.125333
0 1.0 0.767000 0.720000 0.134000 0.128000
0 1.0 0.428000 0.714667 0.300000 0.144000
0 1.0 0.486000 0.721333 0.028000 0.066667
0 1.0 0.520000 0.721333 0.028000 0.077333
0 1.0 0.961000 0.744000 0.038000 0.122667
0 1.0 0.954000 0.661333 0.092000 0.090667
0 1.0 0.796000 0.669333 0.040000 0.058667
0 1.0 0.214000 0.721333 0.076000 0.104000
0 1.0 0.214000 0.718667 0.032000 0.066667
0 1.0 0.084000 0.722667 0.020000 0.048000
0 1.0 0.316000 0.720000 0.068000 0.096000
0 1.0 0.059000 0.716000 0.118000 0.077333
0 1.0 0.945000 0.714667 0.110000 0.106667
0 1.0 0.881000 0.713333 0.238000 0.130667
0 1.0 0.217000 0.754667 0.094000 0.101333
0 1.0 0.799000 0.726667 0.054000 0.066667
0 1.0 0.870000 0.736000 0.024000 0.048000
0 1.0 0.188000 0.748000 0.116000 0.136000
0 1.0 0.217000 0.753333 0.038000 0.072000
0 1.0 0.138000 0.745333 0.248000 0.280000
0 1.0 0.077000 0.758667 0.022000 0.045333
0 1.0 0.175000 0.756000 0.038000 0.072000
0 1.0 0.336000 0.758667 0.048000 0.066667
0 1.0 0.608000 0.728000 0.040000 0.080000
0 1.0 0.049000 0.754667 0.098000 0.064000
0 1.0 0.762000 0.349333 0.264000 0.149333
0 1.0 0.721000 0.409333 0.070000 0.146667
0 1.0 0.732000 0.402667 0.044000 0.085333
0 1.0 0.700000 0.356000 0.276000 0.285333
0 1.0 0.671000 0.421333 0.054000 0.122667
0 1.0 0.657000 0.350667 0.318000 0.120000
0 1.0 0.685000 0.412000 0.034000 0.072000
0 1.0 0.668000 0.373333 0.164000 0.154667
0 1.0 0.587000 0.413333 0.062000 0.138667
0 1.0 0.918000 0.353333 0.120000 0.253333
0 1.0 0.873000 0.390667 0.082000 0.178667
0 1.0 0.833000 0.350667 0.174000 0.093333
0 1.0 0.880000 0.394667 0.048000 0.101333
0 1.0 0.780000 0.404000 0.048000 0.098667
0 1.0 0.871000 0.358667 0.186000 0.194667
0 1.0 0.810000 0.413333 0.060000 0.138667
0 1.0 0.815000 0.406667 0.042000 0.088000
0 1.0 0.808000 0.350667 0.252000 0.290667
0 1.0 0.770000 0.406667 0.080000 0.178667
0 1.0 0.456000 0.348000 0.260000 0.264000
0 1.0 0.495000 0.380000 0.050000 0.082667
0 1.0 0.395000 0.400000 0.070000 0.170667
0 1.0 0.434000 0.341333 0.312000 0.122667
0 1.0 0.405000 0.356000 0.106000 0.146667
0 1.0 0.355000 0.394667 0.102000 0.160000
0 1.0 0.345000 0.348000 0.234000 0.274667
0 1.0 0.376000 0.372000 0.052000 0.088000
0 1.0 0.276000 0.430667 0.036000 0.109333
0 1.0 0.320000 0.348000 0.264000 0.120000
0 1.0 0.269000 0.398667 0.098000 0.184000
0 1.0 0.356000 0.434667 0.040000 0.106667
0 1.0 0.595000 0.362667 0.250000 0.266667
0 1.0 0.592000 0.366667 0.172000 0.173333
0 1.0 0.546000 0.422667 0.116000 0.216000
0 1.0 0.507000 0.416000 0.074000 0.154667
0 1.0 0.540000 0.348000 0.188000 0.098667
0 1.0 0.449000 0.378667 0.018000 0.042667
0 1.0 0.522000 0.350667 0.100000 0.082667
0 1.0 0.449000 0.370667 0.086000 0.133333
0 1.0 0.393000 0.468000 0.058000 0.146667
0 1.0 0.437000 0.393333 0.246000 0.120000
0 1.0 0.272000 0.458667 0.056000 0.186667
0 1.0 0.298000 0.396000 0.176000 0.104000
0 1.0 0.274000 0.397333 0.268000 0.160000
0 1.0 0.446000 0.481333 0.040000 0.104000
0 1.0 0.450000 0.449333 0.068000 0.125333
0 1.0 0.533000 0.392000 0.210000 0.128000
0 1.0 0.115000 0.389333 0.134000 0.096000
0 1.0 0.093000 0.418667 0.046000 0.208000
0 1.0 0.087000 0.398667 0.166000 0.290667
0 1.0 0.052000 0.469333 0.032000 0.133333
0 1.0 0.066000 0.394667 0.128000 0.096000
0 1.0 0.305000 0.412000 0.082000 0.130667
0 1.0 0.051000 0.410667 0.102000 0.186667
0 1.0 0.962000 0.384000 0.024000 0.058667
0 1.0 0.937000 0.341333 0.126000 0.106667
0 1.0 0.954000 0.390667 0.044000 0.082667
0 1.0 0.076000 0.404000 0.040000 0.082667
0 1.0 0.241000 0.456000 0.078000 0.245333
0 1.0 0.247000 0.458667 0.038000 0.128000
0 1.0 0.228000 0.398667 0.256000 0.301333
0 1.0 0.184000 0.456000 0.076000 0.218667
0 1.0 0.220000 0.398667 0.140000 0.109333
0 1.0 0.090000 0.409333 0.072000 0.322667
0 1.0 0.112000 0.424000 0.052000 0.197333
0 1.0 0.164000 0.396000 0.168000 0.162667
0 1.0 0.513000 0.330667 0.022000 0.042667
0 1.0 0.425000 0.289333 0.258000 0.109333
0 1.0 0.408000 0.301333 0.120000 0.154667
0 1.0 0.413000 0.294667 0.054000 0.061333
0 1.0 0.349000 0.326667 0.102000 0.152000
0 1.0 0.377000 0.313333 0.046000 0.077333
0 1.0 0.287000 0.366667 0.062000 0.146667
0 1.0 0.317000 0.294667 0.210000 0.109333
0 1.0 0.289000 0.337333 0.106000 0.168000
0 1.0 0.349000 0.357333 0.058000 0.133333
0 1.0 0.612000 0.302667 0.148000 0.157333
0 1.0 0.552000 0.297333 0.264000 0.109333
0 1.0 0.558000 0.354667 0.076000 0.106667
0 1.0 0.545000 0.300000 0.234000 0.285333
0 1.0 0.517000 0.354667 0.046000 0.085333
0 1.0 0.530000 0.312000 0.120000 0.133333
0 1.0 0.452000 0.360000 0.044000 0.106667
0 1.0 0.549000 0.309333 0.026000 0.048000
0 1.0 0.456000 0.324000 0.100000 0.146667
0 1.0 0.130000 0.308000 0.140000 0.173333
0 1.0 0.052000 0.052000 0.084000 0.104000
0 1.0 0.187000 0.082667 0.234000 0.165333
0 1.0 0.192000 0.052000 0.100000 0.104000
0 1.0 0.136000 0.066667 0.064000 0.133333
0 1.0 0.149000 0.032000 0.114000 0.064000
0 1.0 0.143000 0.058667 0.138000 0.117333
0 1.0 0.074000 0.072000 0.064000 0.128000
0 1.0 0.104000 0.037333 0.116000 0.074667
0 1.0 0.024000 0.065333 0.036000 0.088000
0 1.0 0.288000 0.292000 0.260000 0.285333
0 1.0 0.338000 0.318667 0.024000 0.050667
0 1.0 0.241000 0.378667 0.070000 0.170667
0 1.0 0.250000 0.366667 0.032000 0.066667
0 1.0 0.241000 0.289333 0.182000 0.173333
0 1.0 0.135000 0.294667 0.234000 0.285333
0 1.0 0.205000 0.302667 0.106000 0.093333
0 1.0 0.183000 0.328000 0.098000 0.186667
0 1.0 0.221000 0.313333 0.022000 0.050667
0 1.0 0.116000 0.357333 0.056000 0.192000
0 1.0 0.153000 0.292000 0.110000 0.088000
0 1.0 0.118000 0.338667 0.040000 0.112000
0 1.0 0.188000 0.366667 0.048000 0.146667
0 1.0 0.112000 0.334667 0.108000 0.098667
0 1.0 0.035000 0.386667 0.022000 0.096000
0 1.0 0.581000 0.344000 0.030000 0.058667
0 1.0 0.087000 0.345333 0.050000 0.109333
0 1.0 0.063000 0.360000 0.082000 0.176000
0 1.0 0.961000 0.334667 0.038000 0.104000
0 1.0 0.969000 0.286667 0.062000 0.088000
0 1.0 0.957000 0.309333 0.034000 0.069333
0 1.0 0.039000 0.381333 0.046000 0.149333
0 1.0 0.330000 0.376000 0.036000 0.069333
0 1.0 0.192000 0.434667 0.044000 0.149333
0 1.0 0.209000 0.378667 0.042000 0.096000
0 1.0 0.168000 0.338667 0.260000 0.133333
0 1.0 0.784000 0.321333 0.036000 0.088000
0 1.0 0.765000 0.292000 0.258000 0.157333
0 1.0 0.721000 0.341333 0.086000 0.192000
0 1.0 0.734000 0.329333 0.036000 0.072000
0 1.0 0.669000 0.353333 0.074000 0.146667
0 1.0 0.685000 0.344000 0.026000 0.048000
0 1.0 0.675000 0.308000 0.126000 0.130667
0 1.0 0.581000 0.357333 0.074000 0.144000
0 1.0 0.896000 0.290667 0.208000 0.128000
0 1.0 0.899000 0.286667 0.202000 0.301333
0 1.0 0.878000 0.316000 0.088000 0.210667
0 1.0 0.843000 0.290667 0.074000 0.069333
0 1.0 0.889000 0.301333 0.030000 0.069333
0 1.0 0.818000 0.334667 0.080000 0.189333
0 1.0 0.831000 0.321333 0.030000 0.066667
0 1.0 0.392000 0.593333 0.036000 0.082667
0 1.0 0.437000 0.498667 0.246000 0.112000
0 1.0 0.349000 0.614667 0.034000 0.088000
0 1.0 0.354000 0.502667 0.208000 0.104000
0 1.0 0.364000 0.510667 0.080000 0.088000
0 1.0 0.350000 0.525333 0.120000 0.138667
0 1.0 0.278000 0.564000 0.068000 0.258667
0 1.0 0.245000 0.496000 0.210000 0.106667
0 1.0 0.281000 0.540000 0.226000 0.354667
0 1.0 0.279000 0.508000 0.142000 0.216000
0 1.0 0.859000 0.510667 0.234000 0.258667
0 1.0 0.554000 0.488000 0.264000 0.133333
0 1.0 0.472000 0.505333 0.164000 0.216000
0 1.0 0.100000 0.504000 0.128000 0.133333
0 1.0 0.094000 0.498667 0.188000 0.293333
0 1.0 0.042000 0.554667 0.036000 0.122667
0 1.0 0.057000 0.506667 0.090000 0.080000
0 1.0 0.064000 0.510667 0.040000 0.072000
0 1.0 0.966000 0.510667 0.028000 0.072000
0 1.0 0.975000 0.446667 0.050000 0.061333
0 1.0 0.925000 0.450667 0.150000 0.122667
0 1.0 0.919000 0.496000 0.094000 0.224000
0 1.0 0.194000 0.577333 0.064000 0.205333
0 1.0 0.191000 0.508000 0.230000 0.333333
0 1.0 0.187000 0.509333 0.146000 0.192000
0 1.0 0.124000 0.554667 0.100000 0.101333
0 1.0 0.053000 0.553333 0.070000 0.061333
0 1.0 0.039000 0.582667 0.070000 0.146667
0 1.0 0.066000 0.558667 0.028000 0.050667
0 1.0 0.948000 0.508000 0.104000 0.152000
0 1.0 0.861000 0.500000 0.270000 0.125333
0 1.0 0.164000 0.554667 0.264000 0.112000
0 1.0 0.190000 0.594667 0.120000 0.261333
0 1.0 0.173000 0.558667 0.118000 0.109333
0 1.0 0.078000 0.560000 0.112000 0.282667
0 1.0 0.120000 0.598667 0.096000 0.253333
0 1.0 0.389000 0.613333 0.058000 0.122667
0 1.0 0.136000 0.560000 0.200000 0.224000
0 1.0 0.713000 0.500000 0.246000 0.130667
0 1.0 0.965000 0.576000 0.030000 0.090667
0 1.0 0.958000 0.554667 0.052000 0.101333
0 1.0 0.664000 0.582667 0.044000 0.125333
0 1.0 0.676000 0.569333 0.036000 0.088000
0 1.0 0.664000 0.510667 0.284000 0.322667
0 1.0 0.595000 0.537333 0.050000 0.141333
0 1.0 0.873000 0.529333 0.110000 0.237333
0 1.0 0.761000 0.506667 0.050000 0.074667
0 1.0 0.776000 0.508000 0.116000 0.120000
0 1.0 0.049000 0.509333 0.026000 0.090667
0 1.0 0.085000 0.457333 0.018000 0.040000
0 1.0 0.058000 0.461333 0.052000 0.069333
0 1.0 0.965000 0.474667 0.042000 0.112000
0 1.0 0.941000 0.398667 0.118000 0.104000
0 1.0 0.196000 0.521333 0.040000 0.125333
0 1.0 0.234000 0.457333 0.036000 0.066667
0 1.0 0.218000 0.474667 0.040000 0.090667
0 1.0 0.116000 0.486667 0.044000 0.146667
0 1.0 0.143000 0.436000 0.214000 0.290667
0 1.0 0.143000 0.457333 0.106000 0.173333
0 1.0 0.143000 0.456000 0.030000 0.053333
0 1.0 0.764000 0.421333 0.176000 0.154667
0 1.0 0.721000 0.462667 0.082000 0.141333
0 1.0 0.732000 0.465333 0.040000 0.066667
0 1.0 0.681000 0.454667 0.042000 0.088000
0 1.0 0.657000 0.400000 0.294000 0.154667
0 1.0 0.587000 0.437333 0.094000 0.229333
0 1.0 0.883000 0.460000 0.046000 0.088000
0 1.0 0.827000 0.414667 0.130000 0.109333
0 1.0 0.805000 0.474667 0.074000 0.128000
0 1.0 0.809000 0.476000 0.038000 0.066667
0 1.0 0.781000 0.485333 0.034000 0.053333
0 1.0 0.741000 0.457333 0.262000 0.269333
0 1.0 0.726000 0.520000 0.048000 0.074667
0 1.0 0.261000 0.446667 0.046000 0.072000
0 1.0 0.677000 0.514667 0.038000 0.080000
0 1.0 0.664000 0.453333 0.188000 0.186667
0 1.0 0.589000 0.464000 0.054000 0.128000
0 1.0 0.668000 0.536000 0.044000 0.112000
0 1.0 0.796000 0.456000 0.020000 0.037333
0 1.0 0.116000 0.532000 0.068000 0.205333
0 1.0 0.791000 0.464000 0.146000 0.085333
0 1.0 0.821000 0.453333 0.294000 0.128000
0 1.0 0.806000 0.520000 0.048000 0.080000
0 1.0 0.777000 0.529333 0.042000 0.066667
0 1.0 0.447000 0.444000 0.254000 0.120000
0 1.0 0.401000 0.522667 0.046000 0.085333
0 1.0 0.363000 0.564000 0.022000 0.061333
0 1.0 0.344000 0.449333 0.020000 0.040000
0 1.0 0.364000 0.525333 0.048000 0.085333
0 1.0 0.887000 0.506667 0.046000 0.085333
0 1.0 0.349000 0.469333 0.238000 0.277333
0 1.0 0.381000 0.489333 0.038000 0.066667
0 1.0 0.279000 0.524000 0.038000 0.152000
0 1.0 0.317000 0.450667 0.194000 0.112000
0 1.0 0.312000 0.484000 0.028000 0.072000
0 1.0 0.546000 0.438667 0.260000 0.141333
0 1.0 0.398000 0.549333 0.032000 0.080000
0 1.0 0.444000 0.524000 0.016000 0.045333
0 1.0 0.546000 0.440000 0.028000 0.064000
0 1.0 0.718000 0.526667 0.072000 0.125333
0 1.0 0.499000 0.473333 0.094000 0.146667
0 1.0 0.659000 0.145333 0.114000 0.280000
0 1.0 0.670000 0.124000 0.284000 0.130667
0 1.0 0.601000 0.149333 0.106000 0.288000
0 1.0 0.563000 0.794667 0.182000 0.192000
0 1.0 0.639000 0.648000 0.538000 0.234667
0 1.0 0.816000 0.146667 0.120000 0.293333
0 1.0 0.821000 0.124000 0.286000 0.136000
0 1.0 0.381000 0.748000 0.694000 0.189333
0 1.0 0.643000 0.756000 0.578000 0.221333
0 1.0 0.544000 0.684000 0.184000 0.600000
0 1.0 0.711000 0.148000 0.122000 0.296000
0 1.0 0.874000 0.144000 0.124000 0.288000
0 1.0 0.855000 0.126667 0.118000 0.098667
0 1.0 0.282000 0.646667 0.564000 0.210667
0 1.0 0.768000 0.145333 0.120000 0.290667
0 1.0 0.835000 0.669333 0.206000 0.528000
0 1.0 0.185000 0.161333 0.074000 0.210667
0 1.0 0.178000 0.140000 0.140000 0.264000
0 1.0 0.394000 0.145333 0.112000 0.285333
0 1.0 0.409000 0.126667 0.294000 0.136000
0 1.0 0.555000 0.153333 0.110000 0.306667
0 1.0 0.345000 0.156000 0.102000 0.264000
0 1.0 0.288000 0.161333 0.084000 0.226667
0 1.0 0.430000 0.133333 0.108000 0.117333
0 1.0 0.559000 0.849333 0.622000 0.189333
0 1.0 0.081000 0.181333 0.082000 0.250667
0 1.0 0.271000 0.142667 0.054000 0.072000
0 1.0 0.234000 0.124000 0.184000 0.210667
0 1.0 0.285000 0.850667 0.570000 0.192000
0 1.0 0.557000 0.124000 0.246000 0.162667
0 1.0 0.504000 0.152000 0.104000 0.288000
0 1.0 0.444000 0.152000 0.076000 0.218667
0 1.0 0.441000 0.138667 0.138000 0.272000
0 1.0 0.488000 0.130667 0.096000 0.112000
0 1.0 0.296000 0.181333 0.200000 0.165333
0 1.0 0.282000 0.185333 0.252000 0.290667
0 1.0 0.321000 0.196000 0.034000 0.072000
0 1.0 0.444000 0.448000 0.528000 0.234667
0 1.0 0.565000 0.546667 0.558000 0.234667
0 1.0 0.230000 0.445333 0.460000 0.213333
0 1.0 0.298000 0.549333 0.596000 0.234667
0 1.0 0.509000 0.192000 0.090000 0.090667
0 1.0 0.462000 0.189333 0.236000 0.170667
0 1.0 0.480000 0.197333 0.056000 0.101333
0 1.0 0.256000 0.485333 0.420000 0.485333
0 1.0 0.649000 0.358667 0.538000 0.210667
0 1.0 0.385000 0.184000 0.118000 0.096000
0 1.0 0.445000 0.222667 0.062000 0.178667
0 1.0 0.507000 0.180000 0.234000 0.301333
0 1.0 0.138000 0.184000 0.160000 0.202667
0 1.0 0.783000 0.549333 0.434000 0.218667
0 1.0 0.960000 0.153333 0.068000 0.157333
0 1.0 0.935000 0.128000 0.130000 0.144000
0 1.0 0.054000 0.194667 0.068000 0.128000
0 1.0 0.218000 0.192000 0.220000 0.128000
0 1.0 0.088000 0.254667 0.056000 0.210667
0 1.0 0.196000 0.192000 0.024000 0.058667
0 1.0 0.126000 0.238667 0.068000 0.221333
0 1.0 0.100000 0.188000 0.200000 0.322667
0 1.0 0.031000 0.226667 0.042000 0.170667
0 1.0 0.819000 0.065333 0.086000 0.130667
0 1.0 0.831000 0.033333 0.178000 0.066667
0 1.0 0.769000 0.069333 0.090000 0.138667
0 1.0 0.511000 0.693333 0.742000 0.357333
0 1.0 0.072000 0.104000 0.144000 0.208000
0 1.0 0.964000 0.057333 0.032000 0.077333
0 1.0 0.956000 0.033333 0.088000 0.066667
0 1.0 0.713000 0.066667 0.090000 0.133333
0 1.0 0.728000 0.032000 0.164000 0.064000
0 1.0 0.717000 0.081333 0.234000 0.162667
0 1.0 0.872000 0.062667 0.164000 0.125333
0 1.0 0.871000 0.029333 0.086000 0.058667
0 1.0 0.661000 0.065333 0.078000 0.130667
0 1.0 0.695000 0.668000 0.454000 0.488000
0 1.0 0.134000 0.121333 0.088000 0.226667
0 1.0 0.922000 0.072000 0.076000 0.144000
0 1.0 0.912000 0.038667 0.148000 0.077333
0 1.0 0.023000 0.130667 0.046000 0.160000
0 1.0 0.061000 0.078667 0.122000 0.093333
0 1.0 0.239000 0.060000 0.162000 0.120000
0 1.0 0.453000 0.078667 0.230000 0.157333
0 1.0 0.466000 0.054667 0.108000 0.109333
0 1.0 0.396000 0.078667 0.096000 0.157333
0 1.0 0.415000 0.030667 0.194000 0.061333
0 1.0 0.742000 0.878667 0.516000 0.242667
0 1.0 0.344000 0.070667 0.076000 0.141333
0 1.0 0.316000 0.025333 0.048000 0.050667
0 1.0 0.298000 0.038667 0.164000 0.077333
0 1.0 0.349000 0.078667 0.234000 0.157333
0 1.0 0.500000 0.809333 1.000000 0.365333
0 1.0 0.066000 0.026667 0.048000 0.048000
0 1.0 0.291000 0.062667 0.066000 0.125333
0 1.0 0.602000 0.061333 0.072000 0.122667
0 1.0 0.623000 0.029333 0.110000 0.058667
0 1.0 0.599000 0.042667 0.194000 0.085333
0 1.0 0.554000 0.064000 0.076000 0.128000
0 1.0 0.574000 0.029333 0.108000 0.058667
0 1.0 0.505000 0.073333 0.078000 0.146667
0 1.0 0.518000 0.030667 0.140000 0.061333
0 1.0 0.445000 0.050667 0.046000 0.096000
0 1.0 0.506000 0.029333 0.040000 0.048000
0 1.0 0.465000 0.917333 0.598000 0.165333
0 1.0 0.219000 0.921333 0.438000 0.157333
0 1.0 0.966000 0.114667 0.048000 0.138667
0 1.0 0.038000 0.156000 0.076000 0.226667
0 1.0 0.049000 0.129333 0.098000 0.114667
0 1.0 0.953000 0.078667 0.094000 0.098667
0 1.0 0.149000 0.124000 0.254000 0.136000
0 1.0 0.290000 0.109333 0.140000 0.218667
0 1.0 0.273000 0.086667 0.058000 0.072000
0 1.0 0.435000 0.081333 0.094000 0.104000
0 1.0 0.313000 0.305333 0.626000 0.365333
0 1.0 0.354000 0.124000 0.708000 0.248000
0 1.0 0.623000 0.077333 0.230000 0.122667
0 1.0 0.830000 0.922667 0.340000 0.154667
0 1.0 0.745000 0.121333 0.510000 0.242667
0 1.0 0.346000 0.913333 0.244000 0.152000
0 1.0 0.285000 0.885333 0.114000 0.229333
0 1.0 0.554000 0.869333 0.080000 0.181333
0 1.0 0.561000 0.913333 0.318000 0.130667
0 1.0 0.234000 0.885333 0.120000 0.229333
0 1.0 0.497000 0.893333 0.130000 0.213333
0 1.0 0.444000 0.876000 0.068000 0.157333
0 1.0 0.441000 0.890667 0.122000 0.218667
0 1.0 0.349000 0.882667 0.130000 0.234667
0 1.0 0.720000 0.914667 0.248000 0.144000
0 1.0 0.660000 0.894667 0.092000 0.200000
0 1.0 0.717000 0.904000 0.122000 0.176000
0 1.0 0.926000 0.874667 0.148000 0.154667
0 1.0 0.928000 0.846667 0.084000 0.178667
0 1.0 0.884000 0.798667 0.044000 0.098667
0 1.0 0.790000 0.873333 0.128000 0.093333
0 1.0 0.929000 0.817333 0.054000 0.130667
0 1.0 0.045000 0.918667 0.070000 0.088000
0 1.0 0.104000 0.913333 0.204000 0.146667
0 1.0 0.033000 0.905333 0.066000 0.189333
0 1.0 0.053000 0.946667 0.106000 0.106667
0 1.0 0.301000 0.945333 0.106000 0.109333
0 1.0 0.267000 0.962667 0.098000 0.069333
0 1.0 0.871000 0.885333 0.106000 0.202667
0 1.0 0.197000 0.944000 0.106000 0.112000
0 1.0 0.135000 0.921333 0.090000 0.157333
0 1.0 0.395000 0.912000 0.090000 0.176000
0 1.0 0.459000 0.962667 0.098000 0.069333
0 1.0 0.147000 0.966667 0.078000 0.061333
0 1.0 0.069000 0.965333 0.054000 0.053333
0 1.0 0.610000 0.857333 0.080000 0.178667
0 1.0 0.816000 0.894667 0.112000 0.210667
0 1.0 0.561000 0.906667 0.162000 0.176000
0 1.0 0.081000 0.921333 0.090000 0.157333
0 1.0 0.767000 0.896000 0.110000 0.208000
0 1.0 0.963000 0.904000 0.050000 0.133333
0 1.0 0.287000 0.813333 0.086000 0.138667
0 1.0 0.296000 0.877333 0.028000 0.053333
0 1.0 0.909000 0.810667 0.182000 0.106667
0 1.0 0.955000 0.817333 0.090000 0.253333
0 1.0 0.174000 0.850667 0.264000 0.245333
0 1.0 0.146000 0.776000 0.032000 0.074667
0 1.0 0.140000 0.865333 0.264000 0.136000
0 1.0 0.922000 0.818667 0.108000 0.346667
0 1.0 0.446000 0.780000 0.036000 0.072000
0 1.0 0.507000 0.876000 0.050000 0.072000
0 1.0 0.393000 0.788000 0.050000 0.114667
0 1.0 0.235000 0.869333 0.238000 0.106667
0 1.0 0.082000 0.805333 0.044000 0.106667
0 1.0 0.031000 0.841333 0.042000 0.130667
0 1.0 0.055000 0.862667 0.110000 0.088000
0 1.0 0.294000 0.794667 0.032000 0.074667
0 1.0 0.708000 0.812000 0.096000 0.098667
0 1.0 0.150000 0.808000 0.052000 0.101333
0 1.0 0.780000 0.818667 0.088000 0.080000
0 1.0 0.860000 0.826667 0.020000 0.053333
0 1.0 0.641000 0.808000 0.030000 0.058667
0 1.0 0.853000 0.818667 0.098000 0.112000
0 1.0 0.064000 0.865333 0.040000 0.072000
0 1.0 0.743000 0.816000 0.346000 0.128000
0 1.0 0.671000 0.785333 0.026000 0.061333
0 1.0 0.682000 0.864000 0.268000 0.117333
0 1.0 0.681000 0.816000 0.022000 0.048000
0 1.0 0.624000 0.760000 0.024000 0.064000
0 1.0 0.195000 0.796000 0.066000 0.125333
0 1.0 0.898000 0.842667 0.028000 0.069333
0 1.0 0.857000 0.881333 0.050000 0.066667
0 1.0 0.851000 0.848000 0.258000 0.250667
0 1.0 0.826000 0.810667 0.040000 0.090667
0 1.0 0.608000 0.869333 0.064000 0.069333
0 1.0 0.636000 0.780000 0.016000 0.040000
0 1.0 0.812000 0.872000 0.264000 0.122667
0 1.0 0.837000 0.852000 0.026000 0.061333
0 1.0 0.778000 0.826667 0.040000 0.090667
0 1.0 0.786000 0.852000 0.028000 0.066667
0 1.0 0.961000 0.798667 0.022000 0.056000
0 1.0 0.953000 0.834667 0.042000 0.090667
0 1.0 0.359000 0.801333 0.070000 0.146667
0 1.0 0.613000 0.858667 0.194000 0.218667
0 1.0 0.567000 0.761333 0.022000 0.056000
0 1.0 0.574000 0.864000 0.232000 0.096000
0 1.0 0.512000 0.777333 0.024000 0.066667
0 1.0 0.238000 0.792000 0.040000 0.101333
0 1.0 0.197000 0.770667 0.030000 0.074667
0 1.0 0.574000 0.785333 0.028000 0.056000
0 1.0 0.515000 0.800000 0.030000 0.064000
0 1.0 0.449000 0.760000 0.014000 0.037333
0 1.0 0.484000 0.868000 0.156000 0.088000
0 1.0 0.721000 0.798667 0.030000 0.066667
0 1.0 0.338000 0.868000 0.208000 0.098667
0 1.0 0.729000 0.821333 0.030000 0.053333
0 1.0 0.425000 0.869333 0.286000 0.112000
0 1.0 0.396000 0.808000 0.100000 0.160000
0 1.0 0.468000 0.878667 0.052000 0.077333
0 1.0 0.356000 0.777333 0.040000 0.104000
0 1.0 0.143000 0.238667 0.270000 0.130667
0 1.0 0.345000 0.238667 0.226000 0.285333
0 1.0 0.291000 0.289333 0.058000 0.162667
0 1.0 0.293000 0.264000 0.110000 0.197333
0 1.0 0.261000 0.250667 0.042000 0.069333
0 1.0 0.029000 0.290667 0.038000 0.160000
0 1.0 0.065000 0.244000 0.130000 0.098667
0 1.0 0.966000 0.210667 0.056000 0.176000
0 1.0 0.926000 0.184000 0.148000 0.160000
0 1.0 0.191000 0.301333 0.046000 0.160000
0 1.0 0.180000 0.242667 0.164000 0.213333
0 1.0 0.347000 0.289333 0.062000 0.168000
0 1.0 0.363000 0.236000 0.286000 0.125333
0 1.0 0.564000 0.234667 0.312000 0.128000
0 1.0 0.236000 0.260000 0.104000 0.296000
0 1.0 0.248000 0.234667 0.284000 0.133333
0 1.0 0.402000 0.241333 0.176000 0.221333
0 1.0 0.497000 0.249333 0.074000 0.088000
0 1.0 0.460000 0.257333 0.164000 0.178667
0 1.0 0.437000 0.245333 0.098000 0.106667
0 1.0 0.607000 0.181333 0.242000 0.170667
0 1.0 0.722000 0.181333 0.288000 0.133333
0 1.0 0.709000 0.182667 0.234000 0.312000
0 1.0 0.171000 0.374667 0.342000 0.493333
0 1.0 0.534000 0.426667 0.212000 0.432000
0 1.0 0.433000 0.360000 0.538000 0.208000
0 1.0 0.549000 0.248000 0.558000 0.218667
0 1.0 0.915000 0.196000 0.114000 0.333333
0 1.0 0.855000 0.184000 0.150000 0.106667
0 1.0 0.116000 0.240000 0.144000 0.096000
0 1.0 0.782000 0.249333 0.436000 0.210667
0 1.0 0.820000 0.181333 0.244000 0.170667
0 1.0 0.946000 0.948000 0.108000 0.104000
0 1.0 0.674000 0.941333 0.132000 0.117333
0 1.0 0.609000 0.932000 0.082000 0.136000
0 1.0 0.691000 0.960000 0.050000 0.053333
0 1.0 0.633000 0.958667 0.050000 0.056000
0 1.0 0.846000 0.957333 0.120000 0.074667
0 1.0 0.818000 0.944000 0.208000 0.112000
0 1.0 0.101000 0.334667 0.034000 0.125333
0 1.0 0.040000 0.350667 0.028000 0.120000
0 1.0 0.772000 0.954667 0.092000 0.069333
0 1.0 0.746000 0.946667 0.148000 0.106667
0 1.0 0.349000 0.953333 0.102000 0.093333
0 1.0 0.301000 0.960000 0.038000 0.064000
0 1.0 0.574000 0.960000 0.056000 0.058667
0 1.0 0.568000 0.945333 0.116000 0.109333
0 1.0 0.451000 0.926667 0.078000 0.146667
0 1.0 0.524000 0.964000 0.048000 0.050667
0 1.0 0.510000 0.958667 0.060000 0.077333
0 1.0 0.735000 0.957333 0.066000 0.058667
0 1.0 0.369000 0.962667 0.058000 0.058667
0 1.0 0.543000 0.077333 0.578000 0.154667
0 1.0 0.768000 0.233333 0.284000 0.130667
0 1.0 0.774000 0.242667 0.092000 0.229333
0 1.0 0.721000 0.242667 0.082000 0.186667
0 1.0 0.450000 0.304000 0.040000 0.106667
0 1.0 0.832000 0.074667 0.336000 0.149333
0 1.0 0.675000 0.270667 0.058000 0.120000
0 1.0 0.668000 0.245333 0.184000 0.197333
0 1.0 0.592000 0.270667 0.052000 0.114667
0 1.0 0.970000 0.956000 0.052000 0.088000
0 1.0 0.892000 0.234667 0.216000 0.128000
0 1.0 0.889000 0.954667 0.126000 0.090667
0 1.0 0.836000 0.957333 0.044000 0.048000
0 1.0 0.882000 0.234667 0.100000 0.240000
0 1.0 0.816000 0.248000 0.104000 0.298667
0 1.0 0.100000 0.296000 0.052000 0.069333
0 1.0 0.050000 0.332000 0.028000 0.093333
0 1.0 0.064000 0.296000 0.128000 0.256000
0 1.0 0.073000 0.312000 0.054000 0.112000
0 1.0 0.944000 0.234667 0.112000 0.106667
0 1.0 0.352000 0.749333 0.232000 0.464000
0 1.0 0.075000 0.454667 0.150000 0.600000
0 1.0 0.238000 0.748000 0.420000 0.402667
0 1.0 0.251000 0.793333 0.206000 0.413333
0 1.0 0.651000 0.786667 0.206000 0.426667
0 1.0 0.549000 0.148000 0.462000 0.264000
0 1.0 0.494000 0.313333 0.528000 0.594667
0 1.0 0.328000 0.666667 0.656000 0.666667
0 1.0 0.704000 0.517333 0.592000 0.480000
0 1.0 0.499000 0.200000 0.862000 0.400000
0 1.0 0.738000 0.249333 0.388000 0.450667
0 1.0 0.846000 0.369333 0.196000 0.600000
0 1.0 0.752000 0.364000 0.204000 0.546667
0 1.0 0.456000 0.285333 0.216000 0.570667
0 1.0 0.915000 0.466667 0.170000 0.480000
0 1.0 0.879000 0.181333 0.242000 0.362667
0 1.0 0.823000 0.536000 0.354000 0.928000
0 1.0 0.577000 0.601333 0.042000 0.061333
0 1.0 0.124000 0.648000 0.248000 0.704000
0 1.0 0.499000 0.792000 0.358000 0.416000
0 1.0 0.499000 0.532000 0.794000 0.765333