0 1.0 0.405512 0.654000 0.149606 0.272000
0 1.0 0.619423 0.652000 0.199475 0.284000
0 1.0 0.244094 0.623000 0.073491 0.234000
0 1.0 0.276903 0.632000 0.086614 0.212000
0 1.0 0.353018 0.660000 0.133858 0.256000
0 1.0 0.501312 0.644000 0.162730 0.288000
0 1.0 0.520997 0.661000 0.123360 0.130000
0 1.0 0.507874 0.659000 0.286089 0.146000
0 1.0 0.270341 0.653000 0.272966 0.150000
0 1.0 0.295276 0.647000 0.060367 0.110000
0 1.0 0.212598 0.648000 0.062992 0.184000
0 1.0 0.919948 0.630000 0.139108 0.140000
0 1.0 0.170604 0.658000 0.204724 0.132000
0 1.0 0.751969 0.626000 0.039370 0.048000
0 1.0 0.887139 0.665000 0.047244 0.074000
0 1.0 0.816273 0.635000 0.031496 0.038000
0 1.0 0.851706 0.607000 0.270341 0.230000
0 1.0 0.809711 0.664000 0.076115 0.128000
0 1.0 0.817585 0.616000 0.286089 0.112000
0 1.0 0.876640 0.660000 0.073491 0.124000
0 1.0 0.192913 0.622000 0.259843 0.256000
0 1.0 0.124672 0.657000 0.086614 0.174000
0 1.0 0.183727 0.656000 0.089239 0.116000
0 1.0 0.048556 0.664000 0.097113 0.124000
0 1.0 0.051181 0.670000 0.034121 0.088000
0 1.0 0.065617 0.645000 0.131234 0.226000
0 1.0 0.956693 0.685000 0.034121 0.074000
0 1.0 0.947507 0.611000 0.104987 0.086000
0 1.0 0.947507 0.668000 0.052493 0.080000
0 1.0 0.891076 0.666000 0.175853 0.116000
0 1.0 0.656168 0.661000 0.246719 0.146000
0 1.0 0.044619 0.696000 0.041995 0.092000
0 1.0 0.030184 0.688000 0.055118 0.192000
0 1.0 0.123360 0.688000 0.057743 0.084000
0 1.0 0.813648 0.662000 0.215223 0.120000
0 1.0 0.135171 0.677000 0.265092 0.246000
0 1.0 0.178478 0.687000 0.062992 0.086000
0 1.0 0.209974 0.682000 0.099738 0.156000
0 1.0 0.398950 0.660000 0.293963 0.152000
0 1.0 0.709974 0.662000 0.123360 0.124000
0 1.0 0.757218 0.665000 0.170604 0.158000
0 1.0 0.758530 0.680000 0.083990 0.140000
0 1.0 0.572178 0.658000 0.110236 0.140000
0 1.0 0.807087 0.669000 0.128609 0.210000
0 1.0 0.800525 0.680000 0.036745 0.048000
0 1.0 0.736220 0.672000 0.039370 0.056000
0 1.0 0.757218 0.659000 0.259843 0.230000
0 1.0 0.039370 0.616000 0.078740 0.068000
0 1.0 0.057743 0.626000 0.020997 0.044000
0 1.0 0.950131 0.552000 0.099738 0.084000
0 1.0 0.923885 0.636000 0.062992 0.108000
0 1.0 0.902887 0.556000 0.194226 0.100000
0 1.0 0.266404 0.597000 0.249344 0.130000
0 1.0 0.211286 0.611000 0.081365 0.090000
0 1.0 0.161417 0.621000 0.034121 0.058000
0 1.0 0.174541 0.612000 0.259843 0.124000
0 1.0 0.765092 0.595000 0.160105 0.134000
0 1.0 0.719160 0.667000 0.047244 0.082000
0 1.0 0.683727 0.560000 0.275591 0.108000
0 1.0 0.948819 0.638000 0.044619 0.060000
0 1.0 0.702100 0.593000 0.181102 0.146000
0 1.0 0.649606 0.611000 0.097113 0.178000
0 1.0 0.615486 0.608000 0.112861 0.212000
0 1.0 0.606299 0.565000 0.225722 0.158000
0 1.0 0.811024 0.571000 0.031496 0.042000
0 1.0 0.887139 0.649000 0.031496 0.046000
0 1.0 0.830709 0.583000 0.076115 0.062000
0 1.0 0.769029 0.572000 0.262467 0.256000
0 1.0 0.825459 0.651000 0.034121 0.050000
0 1.0 0.763780 0.664000 0.057743 0.088000
0 1.0 0.514436 0.601000 0.304462 0.150000
0 1.0 0.536745 0.296000 0.039370 0.052000
0 1.0 0.602362 0.615000 0.091864 0.118000
0 1.0 0.141732 0.662000 0.068241 0.104000
0 1.0 0.406824 0.597000 0.288714 0.142000
0 1.0 0.507874 0.347000 0.044619 0.078000
0 1.0 0.506562 0.292000 0.251969 0.148000
0 1.0 0.513123 0.307000 0.118110 0.134000
0 1.0 0.446194 0.382000 0.031496 0.060000
0 1.0 0.443570 0.347000 0.062992 0.078000
0 1.0 0.338583 0.609000 0.115486 0.142000
0 1.0 0.304462 0.614000 0.173228 0.256000
0 1.0 0.450131 0.293000 0.238845 0.262000
0 1.0 0.489501 0.324000 0.034121 0.056000
0 1.0 0.397638 0.354000 0.060367 0.124000
0 1.0 0.418635 0.285000 0.259843 0.106000
0 1.0 0.531496 0.608000 0.102362 0.116000
0 1.0 0.408136 0.304000 0.118110 0.140000
0 1.0 0.066929 0.803000 0.133858 0.294000
0 1.0 0.959318 0.731000 0.044619 0.118000
0 1.0 0.948819 0.754000 0.102362 0.088000
0 1.0 0.921260 0.760000 0.157480 0.260000
0 1.0 0.950131 0.670000 0.099738 0.128000
0 1.0 0.875328 0.757000 0.249344 0.130000
0 1.0 0.872703 0.725000 0.107612 0.214000
0 1.0 0.763780 0.759000 0.073491 0.074000
0 1.0 0.175853 0.808000 0.262467 0.296000
0 1.0 0.191601 0.807000 0.141732 0.186000
0 1.0 0.145669 0.812000 0.286089 0.120000
0 1.0 0.032808 0.822000 0.065617 0.072000
0 1.0 0.107612 0.818000 0.110236 0.100000
0 1.0 0.682415 0.723000 0.246719 0.222000
0 1.0 0.825459 0.767000 0.039370 0.054000
0 1.0 0.619423 0.753000 0.267717 0.130000
0 1.0 0.564304 0.721000 0.136483 0.242000
0 1.0 0.818898 0.748000 0.278215 0.240000
0 1.0 0.761155 0.751000 0.309711 0.130000
0 1.0 0.758530 0.734000 0.131234 0.204000
0 1.0 0.603675 0.781000 0.125984 0.246000
0 1.0 0.616798 0.805000 0.293963 0.118000
0 1.0 0.560367 0.789000 0.270341 0.238000
0 1.0 0.510499 0.786000 0.128609 0.284000
0 1.0 0.774278 0.805000 0.320210 0.102000
0 1.0 0.039370 0.836000 0.078740 0.208000
0 1.0 0.763780 0.788000 0.188976 0.184000
0 1.0 0.711286 0.763000 0.125984 0.174000
0 1.0 0.657480 0.774000 0.123360 0.232000
0 1.0 0.345144 0.782000 0.238845 0.264000
0 1.0 0.269029 0.813000 0.275591 0.110000
0 1.0 0.321522 0.817000 0.039370 0.054000
0 1.0 0.299213 0.803000 0.141732 0.170000
0 1.0 0.510499 0.804000 0.223097 0.120000
0 1.0 0.233596 0.787000 0.125984 0.274000
0 1.0 0.435696 0.774000 0.125984 0.264000
0 1.0 0.500000 0.815000 0.091864 0.078000
0 1.0 0.355643 0.809000 0.133858 0.102000
0 1.0 0.406824 0.809000 0.299213 0.118000
0 1.0 0.396325 0.758000 0.136483 0.204000
0 1.0 0.437008 0.809000 0.097113 0.090000
0 1.0 0.595801 0.749000 0.099738 0.094000
0 1.0 0.792651 0.698000 0.047244 0.064000
0 1.0 0.846457 0.697000 0.039370 0.058000
0 1.0 0.261155 0.701000 0.212598 0.142000
0 1.0 0.311024 0.696000 0.039370 0.080000
0 1.0 0.300525 0.058000 0.128609 0.116000
0 1.0 0.450131 0.703000 0.228346 0.158000
0 1.0 0.111549 0.693000 0.144357 0.098000
0 1.0 0.387139 0.753000 0.097113 0.102000
0 1.0 0.269029 0.766000 0.265092 0.124000
0 1.0 0.324147 0.770000 0.039370 0.060000
0 1.0 0.507874 0.751000 0.312336 0.126000
0 1.0 0.429134 0.750000 0.091864 0.100000
0 1.0 0.473753 0.749000 0.133858 0.114000
0 1.0 0.402887 0.755000 0.275591 0.134000
0 1.0 0.036745 0.753000 0.073491 0.070000
0 1.0 0.047244 0.748000 0.094488 0.192000
0 1.0 0.274278 0.766000 0.081365 0.096000
0 1.0 0.927822 0.697000 0.118110 0.102000
0 1.0 0.234908 0.734000 0.265092 0.272000
0 1.0 0.195538 0.712000 0.102362 0.280000
0 1.0 0.208661 0.765000 0.112861 0.114000
0 1.0 0.143045 0.754000 0.270341 0.120000
0 1.0 0.131234 0.734000 0.141732 0.272000
0 1.0 0.173228 0.756000 0.078740 0.096000
0 1.0 0.110236 0.753000 0.062992 0.078000
0 1.0 0.135171 0.481000 0.065617 0.102000
0 1.0 0.174541 0.402000 0.144357 0.076000
0 1.0 0.143045 0.472000 0.039370 0.056000
0 1.0 0.139108 0.408000 0.257218 0.252000
0 1.0 0.069554 0.494000 0.055118 0.092000
0 1.0 0.118110 0.411000 0.125984 0.098000
0 1.0 0.030184 0.509000 0.039370 0.082000
0 1.0 0.090551 0.407000 0.118110 0.062000
0 1.0 0.036745 0.486000 0.047244 0.064000
0 1.0 0.083990 0.417000 0.057743 0.054000
0 1.0 0.073491 0.483000 0.036745 0.054000
0 1.0 0.364829 0.435000 0.073491 0.062000
0 1.0 0.287402 0.494000 0.055118 0.060000
0 1.0 0.297900 0.405000 0.123360 0.062000
0 1.0 0.290026 0.473000 0.065617 0.054000
0 1.0 0.287402 0.401000 0.280840 0.226000
0 1.0 0.321522 0.439000 0.055118 0.054000
0 1.0 0.230971 0.506000 0.057743 0.068000
0 1.0 0.203412 0.429000 0.081365 0.074000
0 1.0 0.238845 0.498000 0.031496 0.036000
0 1.0 0.233596 0.407000 0.267717 0.106000
0 1.0 0.244094 0.426000 0.162730 0.100000
0 1.0 0.194226 0.491000 0.052493 0.078000
0 1.0 0.835958 0.345000 0.280840 0.130000
0 1.0 0.828084 0.400000 0.044619 0.076000
0 1.0 0.767717 0.416000 0.060367 0.112000
0 1.0 0.047244 0.429000 0.083990 0.086000
0 1.0 0.778215 0.350000 0.249344 0.252000
0 1.0 0.775591 0.368000 0.144357 0.144000
0 1.0 0.712598 0.435000 0.044619 0.082000
0 1.0 0.730971 0.350000 0.296588 0.116000
0 1.0 0.717848 0.375000 0.144357 0.138000
0 1.0 0.959318 0.335000 0.028871 0.062000
0 1.0 0.917323 0.335000 0.165354 0.118000
0 1.0 0.947507 0.357000 0.057743 0.098000
0 1.0 0.921260 0.360000 0.120735 0.268000
0 1.0 0.872703 0.376000 0.076115 0.136000
0 1.0 0.817585 0.402000 0.175853 0.164000
0 1.0 0.769029 0.475000 0.062992 0.094000
0 1.0 0.780840 0.471000 0.034121 0.050000
0 1.0 0.716535 0.483000 0.031496 0.042000
0 1.0 0.717848 0.407000 0.249344 0.138000
0 1.0 0.656168 0.506000 0.052493 0.072000
0 1.0 0.666667 0.490000 0.036745 0.044000
0 1.0 0.709974 0.491000 0.055118 0.078000
0 1.0 0.943570 0.399000 0.112861 0.142000
0 1.0 0.892388 0.389000 0.215223 0.170000
0 1.0 0.875328 0.441000 0.091864 0.150000
0 1.0 0.879265 0.439000 0.052493 0.082000
0 1.0 0.814961 0.453000 0.076115 0.130000
0 1.0 0.826772 0.450000 0.041995 0.068000
0 1.0 0.522310 0.429000 0.136483 0.110000
0 1.0 0.438320 0.512000 0.041995 0.056000
0 1.0 0.498688 0.409000 0.104987 0.062000
0 1.0 0.435696 0.480000 0.068241 0.060000
0 1.0 0.448819 0.410000 0.251969 0.252000
0 1.0 0.475066 0.437000 0.073491 0.070000
0 1.0 0.395013 0.500000 0.049869 0.068000
0 1.0 0.402887 0.480000 0.055118 0.052000
0 1.0 0.423885 0.412000 0.139108 0.080000
0 1.0 0.346457 0.494000 0.047244 0.060000
0 1.0 0.362205 0.407000 0.215223 0.074000
0 1.0 0.353018 0.473000 0.049869 0.046000
0 1.0 0.652231 0.413000 0.233596 0.242000
0 1.0 0.660105 0.430000 0.149606 0.120000
0 1.0 0.610236 0.500000 0.065617 0.088000
0 1.0 0.616798 0.491000 0.036745 0.046000
0 1.0 0.607612 0.403000 0.144357 0.090000
0 1.0 0.564304 0.488000 0.052493 0.056000
0 1.0 0.578740 0.432000 0.107612 0.100000
0 1.0 0.501312 0.512000 0.047244 0.072000
0 1.0 0.544619 0.403000 0.128609 0.078000
0 1.0 0.880577 0.290000 0.186352 0.160000
0 1.0 0.816273 0.342000 0.089239 0.156000
0 1.0 0.849081 0.289000 0.186352 0.094000
0 1.0 0.830709 0.311000 0.028871 0.046000
0 1.0 0.656168 0.437000 0.047244 0.082000
0 1.0 0.780840 0.324000 0.034121 0.052000
0 1.0 0.780840 0.308000 0.112861 0.120000
0 1.0 0.713911 0.357000 0.068241 0.130000
0 1.0 0.725722 0.332000 0.034121 0.052000
0 1.0 0.721785 0.299000 0.272966 0.142000
0 1.0 0.073491 0.350000 0.146982 0.248000
0 1.0 0.059055 0.377000 0.070866 0.082000
0 1.0 0.959318 0.313000 0.049869 0.110000
0 1.0 0.946194 0.283000 0.107612 0.090000
0 1.0 0.951444 0.286000 0.049869 0.080000
0 1.0 0.925197 0.276000 0.102362 0.144000
0 1.0 0.874016 0.323000 0.099738 0.170000
0 1.0 0.896325 0.286000 0.076115 0.068000
0 1.0 0.883202 0.286000 0.034121 0.044000
0 1.0 0.056430 0.028000 0.076115 0.056000
0 1.0 0.398950 0.066000 0.125984 0.132000
0 1.0 0.190289 0.057000 0.123360 0.114000
0 1.0 0.136483 0.069000 0.073491 0.138000
0 1.0 0.154856 0.033000 0.136483 0.066000
0 1.0 0.076115 0.066000 0.073491 0.132000
0 1.0 0.098425 0.040000 0.144357 0.080000
0 1.0 0.103675 0.083000 0.207349 0.166000
0 1.0 0.020997 0.059000 0.041995 0.094000
0 1.0 0.727034 0.312000 0.115486 0.124000
0 1.0 0.660105 0.376000 0.065617 0.108000
0 1.0 0.667979 0.360000 0.039370 0.052000
0 1.0 0.236220 0.075000 0.094488 0.150000
0 1.0 0.662730 0.318000 0.144357 0.132000
0 1.0 0.614173 0.376000 0.068241 0.108000
0 1.0 0.577428 0.314000 0.083990 0.104000
0 1.0 0.620735 0.363000 0.034121 0.050000
0 1.0 0.616798 0.294000 0.272966 0.144000
0 1.0 0.555118 0.361000 0.065617 0.122000
0 1.0 0.591864 0.292000 0.128609 0.080000
0 1.0 0.560367 0.303000 0.244094 0.270000
0 1.0 0.506562 0.423000 0.041995 0.058000
0 1.0 0.509186 0.354000 0.220472 0.128000
0 1.0 0.443570 0.435000 0.015748 0.022000
0 1.0 0.505249 0.356000 0.123360 0.068000
0 1.0 0.435696 0.415000 0.052493 0.050000
0 1.0 0.479003 0.384000 0.055118 0.064000
0 1.0 0.397638 0.438000 0.039370 0.068000
0 1.0 0.421260 0.349000 0.286089 0.102000
0 1.0 0.398950 0.402000 0.068241 0.080000
0 1.0 0.397638 0.346000 0.228346 0.248000
0 1.0 0.351706 0.454000 0.026247 0.044000
0 1.0 0.660105 0.377000 0.160105 0.138000
0 1.0 0.616798 0.435000 0.052493 0.090000
0 1.0 0.556430 0.441000 0.041995 0.078000
0 1.0 0.594488 0.351000 0.228346 0.098000
0 1.0 0.503937 0.444000 0.036745 0.068000
0 1.0 0.186352 0.367000 0.236220 0.118000
0 1.0 0.208661 0.387000 0.044619 0.058000
0 1.0 0.132546 0.431000 0.049869 0.086000
0 1.0 0.136483 0.356000 0.104987 0.072000
0 1.0 0.116798 0.363000 0.165354 0.106000
0 1.0 0.023622 0.441000 0.031496 0.062000
0 1.0 0.090551 0.353000 0.102362 0.066000
0 1.0 0.026247 0.420000 0.052493 0.072000
0 1.0 0.353018 0.418000 0.049869 0.052000
0 1.0 0.322835 0.362000 0.225722 0.112000
0 1.0 0.366142 0.382000 0.049869 0.060000
0 1.0 0.295276 0.447000 0.023622 0.038000
0 1.0 0.296588 0.415000 0.052493 0.054000
0 1.0 0.333333 0.394000 0.026247 0.040000
0 1.0 0.233596 0.438000 0.041995 0.068000
0 1.0 0.238845 0.420000 0.031496 0.044000
0 1.0 0.246719 0.372000 0.125984 0.104000
0 1.0 0.192913 0.435000 0.039370 0.062000
0 1.0 0.736220 0.513000 0.238845 0.122000
0 1.0 0.766404 0.535000 0.136483 0.110000
0 1.0 0.712598 0.615000 0.044619 0.062000
0 1.0 0.713911 0.596000 0.036745 0.044000
0 1.0 0.695538 0.510000 0.257218 0.256000
0 1.0 0.952756 0.445000 0.062992 0.106000
0 1.0 0.653543 0.596000 0.068241 0.104000
0 1.0 0.653543 0.506000 0.262467 0.100000
0 1.0 0.921260 0.540000 0.104987 0.180000
0 1.0 0.893701 0.505000 0.212598 0.150000
0 1.0 0.875328 0.608000 0.044619 0.072000
0 1.0 0.795276 0.508000 0.041995 0.044000
0 1.0 0.133858 0.623000 0.057743 0.110000
0 1.0 0.774278 0.601000 0.036745 0.042000
0 1.0 0.821522 0.608000 0.041995 0.064000
0 1.0 0.790026 0.507000 0.199475 0.086000
0 1.0 0.829396 0.601000 0.026247 0.038000
0 1.0 0.817585 0.539000 0.144357 0.126000
0 1.0 0.859580 0.510000 0.254593 0.296000
0 1.0 0.447507 0.525000 0.275591 0.242000
0 1.0 0.455381 0.530000 0.154856 0.160000
0 1.0 0.398950 0.590000 0.078740 0.148000
0 1.0 0.405512 0.509000 0.275591 0.098000
0 1.0 0.397638 0.563000 0.144357 0.186000
0 1.0 0.612861 0.581000 0.065617 0.102000
0 1.0 0.338583 0.537000 0.278215 0.234000
0 1.0 0.355643 0.537000 0.144357 0.130000
0 1.0 0.286089 0.580000 0.068241 0.136000
0 1.0 0.238845 0.508000 0.272966 0.108000
0 1.0 0.286089 0.550000 0.136483 0.176000
0 1.0 0.345144 0.590000 0.060367 0.104000
0 1.0 0.620735 0.528000 0.139108 0.148000
0 1.0 0.555118 0.581000 0.070866 0.126000
0 1.0 0.565617 0.539000 0.254593 0.274000
0 1.0 0.477690 0.520000 0.125984 0.084000
0 1.0 0.500000 0.586000 0.055118 0.108000
0 1.0 0.536745 0.508000 0.186352 0.100000
0 1.0 0.502625 0.563000 0.091864 0.126000
0 1.0 0.433071 0.587000 0.057743 0.118000
0 1.0 0.312336 0.567000 0.089239 0.114000
0 1.0 0.548556 0.582000 0.131234 0.216000
0 1.0 0.064304 0.628000 0.049869 0.108000
0 1.0 0.140420 0.568000 0.070866 0.088000
0 1.0 0.102362 0.571000 0.204724 0.290000
0 1.0 0.094488 0.589000 0.115486 0.162000
0 1.0 0.034121 0.646000 0.041995 0.124000
0 1.0 0.052493 0.566000 0.068241 0.056000
0 1.0 0.068241 0.578000 0.026247 0.044000
0 1.0 0.959318 0.602000 0.028871 0.060000
0 1.0 0.954068 0.497000 0.091864 0.082000
0 1.0 0.952756 0.571000 0.047244 0.066000
0 1.0 0.223097 0.556000 0.167979 0.112000
0 1.0 0.215223 0.588000 0.099738 0.172000
0 1.0 0.173228 0.566000 0.131234 0.128000
0 1.0 0.426509 0.528000 0.091864 0.092000
0 1.0 0.473753 0.463000 0.212598 0.090000
0 1.0 0.397638 0.571000 0.049869 0.078000
0 1.0 0.401575 0.541000 0.078740 0.082000
0 1.0 0.414698 0.497000 0.078740 0.090000
0 1.0 0.351706 0.565000 0.047244 0.062000
0 1.0 0.312336 0.463000 0.020997 0.030000
0 1.0 0.354331 0.530000 0.073491 0.064000
0 1.0 0.276903 0.468000 0.217848 0.080000
0 1.0 0.374016 0.510000 0.049869 0.056000
0 1.0 0.284777 0.559000 0.044619 0.070000
0 1.0 0.650919 0.451000 0.094488 0.074000
0 1.0 0.619423 0.546000 0.041995 0.052000
0 1.0 0.622047 0.461000 0.225722 0.130000
0 1.0 0.625984 0.457000 0.049869 0.054000
0 1.0 0.568241 0.541000 0.060367 0.066000
0 1.0 0.536745 0.458000 0.023622 0.032000
0 1.0 0.555118 0.456000 0.086614 0.060000
0 1.0 0.502625 0.546000 0.049869 0.060000
0 1.0 0.515748 0.472000 0.275591 0.244000
0 1.0 0.523622 0.495000 0.097113 0.094000
0 1.0 0.431759 0.565000 0.044619 0.066000
0 1.0 0.152231 0.460000 0.267717 0.116000
0 1.0 0.077428 0.572000 0.034121 0.068000
0 1.0 0.162730 0.455000 0.036745 0.050000
0 1.0 0.078740 0.540000 0.026247 0.044000
0 1.0 0.030184 0.565000 0.023622 0.058000
0 1.0 0.097113 0.456000 0.020997 0.036000
0 1.0 0.032808 0.538000 0.034121 0.052000
0 1.0 0.049869 0.459000 0.099738 0.074000
0 1.0 0.070866 0.458000 0.141732 0.244000
0 1.0 0.094488 0.475000 0.110236 0.106000
0 1.0 0.283465 0.523000 0.083990 0.086000
0 1.0 0.330709 0.506000 0.036745 0.048000
0 1.0 0.234908 0.549000 0.060367 0.090000
0 1.0 0.288714 0.454000 0.073491 0.052000
0 1.0 0.149606 0.541000 0.031496 0.042000
0 1.0 0.204724 0.571000 0.031496 0.050000
0 1.0 0.232283 0.463000 0.055118 0.050000
0 1.0 0.206037 0.533000 0.049869 0.054000
0 1.0 0.141732 0.571000 0.036745 0.066000
0 1.0 0.192913 0.455000 0.070866 0.058000
0 1.0 0.240157 0.465000 0.286089 0.230000
0 1.0 0.144357 0.533000 0.157480 0.162000
0 1.0 0.093176 0.530000 0.128609 0.144000
0 1.0 0.035433 0.588000 0.039370 0.072000
0 1.0 0.056430 0.532000 0.065617 0.088000
0 1.0 0.960630 0.527000 0.031496 0.066000
0 1.0 0.952756 0.510000 0.052493 0.076000
0 1.0 0.919948 0.447000 0.160105 0.118000
0 1.0 0.052493 0.505000 0.068241 0.058000
0 1.0 0.204724 0.565000 0.068241 0.098000
0 1.0 0.185039 0.520000 0.275591 0.248000
0 1.0 0.203412 0.533000 0.097113 0.118000
0 1.0 0.207349 0.599000 0.041995 0.086000
0 1.0 0.774278 0.558000 0.036745 0.056000
0 1.0 0.790026 0.446000 0.110236 0.064000
0 1.0 0.780840 0.540000 0.023622 0.032000
0 1.0 0.763780 0.446000 0.220472 0.104000
0 1.0 0.770341 0.460000 0.238845 0.260000
0 1.0 0.711286 0.572000 0.036745 0.056000
0 1.0 0.708661 0.475000 0.146982 0.114000
0 1.0 0.656168 0.574000 0.047244 0.064000
0 1.0 0.661417 0.548000 0.041995 0.048000
0 1.0 0.713911 0.541000 0.026247 0.034000
0 1.0 0.879265 0.537000 0.047244 0.078000
0 1.0 0.881890 0.523000 0.031496 0.046000
0 1.0 0.822835 0.546000 0.039370 0.068000
0 1.0 0.829396 0.533000 0.026247 0.042000
0 1.0 0.820210 0.446000 0.018373 0.032000
0 1.0 0.715223 0.124000 0.244094 0.160000
0 1.0 0.463255 0.688000 0.427822 0.356000
0 1.0 0.874016 0.134000 0.194226 0.224000
0 1.0 0.673228 0.638000 0.538058 0.212000
0 1.0 0.661417 0.148000 0.120735 0.296000
0 1.0 0.711286 0.138000 0.131234 0.248000
0 1.0 0.765092 0.147000 0.123360 0.294000
0 1.0 0.816273 0.159000 0.115486 0.270000
0 1.0 0.829396 0.124000 0.246719 0.128000
0 1.0 0.422572 0.624000 0.719160 0.220000
0 1.0 0.961942 0.190000 0.055118 0.096000
0 1.0 0.939633 0.135000 0.120735 0.134000
0 1.0 0.918635 0.168000 0.110236 0.224000
0 1.0 0.863517 0.128000 0.110236 0.092000
0 1.0 0.178478 0.125000 0.188976 0.214000
0 1.0 0.409449 0.129000 0.288714 0.134000
0 1.0 0.395013 0.131000 0.149606 0.258000
0 1.0 0.343832 0.143000 0.115486 0.278000
0 1.0 0.288714 0.150000 0.104987 0.264000
0 1.0 0.250656 0.133000 0.275591 0.134000
0 1.0 0.283465 0.139000 0.078740 0.090000
0 1.0 0.475066 0.851000 0.587927 0.206000
0 1.0 0.030184 0.162000 0.060367 0.212000
0 1.0 0.066929 0.127000 0.133858 0.098000
0 1.0 0.236220 0.138000 0.146982 0.264000
0 1.0 0.604987 0.134000 0.118110 0.232000
0 1.0 0.606299 0.126000 0.246719 0.160000
0 1.0 0.552493 0.142000 0.118110 0.284000
0 1.0 0.501312 0.141000 0.115486 0.282000
0 1.0 0.276903 0.745000 0.553806 0.218000
0 1.0 0.248031 0.705000 0.412073 0.434000
0 1.0 0.637795 0.740000 0.530184 0.208000
0 1.0 0.501312 0.127000 0.241470 0.166000
0 1.0 0.443570 0.143000 0.089239 0.222000
0 1.0 0.471129 0.133000 0.139108 0.122000
0 1.0 0.729659 0.451000 0.540682 0.218000
0 1.0 0.380577 0.461000 0.682415 0.190000
0 1.0 0.351706 0.500000 0.493438 0.348000
0 1.0 0.753281 0.478000 0.383202 0.420000
0 1.0 0.523622 0.519000 0.427822 0.390000
0 1.0 0.381890 0.181000 0.160105 0.102000
0 1.0 0.342520 0.183000 0.233596 0.290000
0 1.0 0.318898 0.185000 0.275591 0.126000
0 1.0 0.309711 0.192000 0.057743 0.100000
0 1.0 0.556430 0.182000 0.251969 0.160000
0 1.0 0.648294 0.353000 0.587927 0.214000
0 1.0 0.648294 0.360000 0.419948 0.436000
0 1.0 0.440945 0.215000 0.078740 0.202000
0 1.0 0.493438 0.186000 0.120735 0.092000
0 1.0 0.458005 0.183000 0.254593 0.166000
0 1.0 0.132546 0.176000 0.186352 0.224000
0 1.0 0.076115 0.199000 0.110236 0.310000
0 1.0 0.115486 0.181000 0.188976 0.110000
0 1.0 0.045932 0.184000 0.091864 0.104000
0 1.0 0.359580 0.616000 0.367454 0.320000
0 1.0 0.695538 0.563000 0.577428 0.206000
0 1.0 0.185039 0.208000 0.091864 0.260000
0 1.0 0.211286 0.184000 0.249344 0.128000
0 1.0 0.187664 0.184000 0.049869 0.092000
0 1.0 0.947507 0.033000 0.104987 0.066000
0 1.0 0.960630 0.056000 0.052493 0.076000
0 1.0 0.930446 0.077000 0.139108 0.154000
0 1.0 0.874016 0.061000 0.073491 0.122000
0 1.0 0.872703 0.029000 0.102362 0.058000
0 1.0 0.249344 0.878000 0.498688 0.244000
0 1.0 0.665354 0.079000 0.233596 0.158000
0 1.0 0.603675 0.063000 0.083990 0.126000
0 1.0 0.864829 0.041000 0.181102 0.082000
0 1.0 0.817585 0.069000 0.076115 0.138000
0 1.0 0.765092 0.060000 0.160105 0.120000
0 1.0 0.047244 0.083000 0.094488 0.102000
0 1.0 0.321522 0.029000 0.065617 0.058000
0 1.0 0.350394 0.082000 0.233596 0.164000
0 1.0 0.351706 0.059000 0.141732 0.118000
0 1.0 0.502625 0.061000 0.160105 0.122000
0 1.0 0.444882 0.046000 0.055118 0.092000
0 1.0 0.496063 0.029000 0.068241 0.058000
0 1.0 0.480315 0.542000 0.808399 0.552000
0 1.0 0.237533 0.080000 0.238845 0.160000
0 1.0 0.248031 0.044000 0.191601 0.088000
0 1.0 0.653543 0.303000 0.246719 0.270000
0 1.0 0.745407 0.878000 0.509186 0.244000
0 1.0 0.713911 0.065000 0.083990 0.130000
0 1.0 0.728346 0.032000 0.154856 0.064000
0 1.0 0.661417 0.063000 0.078740 0.126000
0 1.0 0.500000 0.791000 1.000000 0.406000
0 1.0 0.442257 0.059000 0.107612 0.118000
0 1.0 0.451444 0.082000 0.230971 0.164000
0 1.0 0.557743 0.079000 0.233596 0.158000
0 1.0 0.635171 0.031000 0.136483 0.062000
0 1.0 0.611549 0.045000 0.215223 0.090000
0 1.0 0.551181 0.062000 0.078740 0.124000
0 1.0 0.402887 0.035000 0.223097 0.070000
0 1.0 0.548556 0.918000 0.566929 0.164000
0 1.0 0.249344 0.121000 0.498688 0.242000
0 1.0 0.834646 0.923000 0.330709 0.154000
0 1.0 0.967192 0.140000 0.044619 0.112000
0 1.0 0.870079 0.080000 0.133858 0.100000
0 1.0 0.164042 0.924000 0.328084 0.152000
0 1.0 0.253281 0.302000 0.506562 0.288000
0 1.0 0.751969 0.121000 0.496063 0.242000
0 1.0 0.486877 0.305000 0.679790 0.370000
0 1.0 0.299213 0.536000 0.293963 0.624000
0 1.0 0.279528 0.087000 0.081365 0.086000
0 1.0 0.612861 0.909000 0.196850 0.182000
0 1.0 0.547244 0.908000 0.123360 0.184000
0 1.0 0.503937 0.897000 0.110236 0.206000
0 1.0 0.509186 0.912000 0.278215 0.140000
0 1.0 0.439633 0.902000 0.102362 0.196000
0 1.0 0.711286 0.881000 0.125984 0.238000
0 1.0 0.699475 0.916000 0.338583 0.112000
0 1.0 0.965879 0.922000 0.062992 0.156000
0 1.0 0.927822 0.918000 0.144357 0.104000
0 1.0 0.232283 0.881000 0.118110 0.238000
0 1.0 0.185039 0.909000 0.160105 0.174000
0 1.0 0.129921 0.886000 0.154856 0.228000
0 1.0 0.393701 0.883000 0.120735 0.234000
0 1.0 0.405512 0.916000 0.312336 0.120000
0 1.0 0.343832 0.892000 0.120735 0.216000
0 1.0 0.300525 0.916000 0.144357 0.168000
0 1.0 0.282152 0.917000 0.291339 0.122000
0 1.0 0.250656 0.947000 0.191601 0.106000
0 1.0 0.187664 0.937000 0.086614 0.126000
0 1.0 0.133858 0.935000 0.094488 0.130000
0 1.0 0.437008 0.963000 0.107612 0.066000
0 1.0 0.077428 0.935000 0.091864 0.130000
0 1.0 0.716535 0.936000 0.167979 0.128000
0 1.0 0.345144 0.935000 0.091864 0.130000
0 1.0 0.366142 0.963000 0.076115 0.062000
0 1.0 0.304462 0.962000 0.104987 0.072000
0 1.0 0.570866 0.952000 0.207349 0.096000
0 1.0 0.872703 0.881000 0.123360 0.238000
0 1.0 0.808399 0.889000 0.115486 0.222000
0 1.0 0.758530 0.888000 0.125984 0.224000
0 1.0 0.143045 0.951000 0.196850 0.098000
0 1.0 0.034121 0.940000 0.068241 0.120000
0 1.0 0.049869 0.966000 0.078740 0.060000
0 1.0 0.919948 0.886000 0.139108 0.228000
0 1.0 0.300525 0.872000 0.039370 0.052000
0 1.0 0.233596 0.786000 0.057743 0.120000
0 1.0 0.245407 0.860000 0.228346 0.100000
0 1.0 0.194226 0.783000 0.047244 0.098000
0 1.0 0.444882 0.781000 0.065617 0.090000
0 1.0 0.135171 0.786000 0.060367 0.108000
0 1.0 0.136483 0.863000 0.246719 0.118000
0 1.0 0.715223 0.771000 0.055118 0.102000
0 1.0 0.517060 0.882000 0.057743 0.056000
0 1.0 0.452756 0.841000 0.259843 0.242000
0 1.0 0.391076 0.793000 0.062992 0.126000
0 1.0 0.412073 0.865000 0.272966 0.094000
0 1.0 0.450131 0.872000 0.070866 0.068000
0 1.0 0.295276 0.799000 0.081365 0.118000
0 1.0 0.353018 0.789000 0.049869 0.102000
0 1.0 0.328084 0.866000 0.104987 0.068000
0 1.0 0.876640 0.810000 0.246719 0.124000
0 1.0 0.792651 0.811000 0.110236 0.074000
0 1.0 0.842520 0.814000 0.052493 0.060000
0 1.0 0.812336 0.789000 0.118110 0.246000
0 1.0 0.072178 0.777000 0.055118 0.098000
0 1.0 0.072178 0.804000 0.091864 0.132000
0 1.0 0.110236 0.870000 0.115486 0.116000
0 1.0 0.052493 0.865000 0.104987 0.078000
0 1.0 0.295276 0.770000 0.044619 0.084000
0 1.0 0.961942 0.814000 0.060367 0.184000
0 1.0 0.938320 0.806000 0.123360 0.088000
0 1.0 0.892388 0.870000 0.215223 0.108000
0 1.0 0.879265 0.752000 0.041995 0.068000
0 1.0 0.788714 0.868000 0.102362 0.068000
0 1.0 0.496063 0.872000 0.104987 0.064000
0 1.0 0.859580 0.844000 0.259843 0.264000
0 1.0 0.816273 0.765000 0.041995 0.074000
0 1.0 0.792651 0.863000 0.314961 0.110000
0 1.0 0.820210 0.806000 0.039370 0.068000
0 1.0 0.923885 0.805000 0.073491 0.146000
0 1.0 0.964567 0.815000 0.023622 0.050000
0 1.0 0.956693 0.847000 0.044619 0.078000
0 1.0 0.608924 0.796000 0.052493 0.068000
0 1.0 0.884514 0.796000 0.047244 0.072000
0 1.0 0.842520 0.878000 0.057743 0.064000
0 1.0 0.559055 0.786000 0.047244 0.084000
0 1.0 0.578740 0.871000 0.259843 0.086000
0 1.0 0.520997 0.830000 0.049869 0.096000
0 1.0 0.443570 0.748000 0.031496 0.056000
0 1.0 0.593176 0.877000 0.125984 0.078000
0 1.0 0.774278 0.786000 0.047244 0.072000
0 1.0 0.671916 0.866000 0.314961 0.100000
0 1.0 0.694226 0.842000 0.275591 0.252000
0 1.0 0.666667 0.792000 0.057743 0.108000
0 1.0 0.400262 0.238000 0.181102 0.228000
0 1.0 0.345144 0.289000 0.060367 0.158000
0 1.0 0.364829 0.232000 0.299213 0.120000
0 1.0 0.295276 0.299000 0.049869 0.118000
0 1.0 0.234908 0.239000 0.275591 0.118000
0 1.0 0.295276 0.272000 0.097113 0.148000
0 1.0 0.262467 0.247000 0.078740 0.086000
0 1.0 0.543307 0.145000 0.566929 0.214000
0 1.0 0.514436 0.236000 0.293963 0.124000
0 1.0 0.234908 0.264000 0.086614 0.236000
0 1.0 0.164042 0.249000 0.328084 0.210000
0 1.0 0.188976 0.298000 0.047244 0.132000
0 1.0 0.181102 0.249000 0.162730 0.190000
0 1.0 0.607612 0.245000 0.181102 0.198000
0 1.0 0.552493 0.276000 0.086614 0.228000
0 1.0 0.776903 0.266000 0.062992 0.124000
0 1.0 0.776903 0.238000 0.257218 0.152000
0 1.0 0.709974 0.267000 0.102362 0.254000
0 1.0 0.717848 0.249000 0.076115 0.150000
0 1.0 0.502625 0.243000 0.181102 0.206000
0 1.0 0.443570 0.295000 0.047244 0.126000
0 1.0 0.440945 0.271000 0.104987 0.170000
0 1.0 0.393701 0.257000 0.089239 0.274000
0 1.0 0.610236 0.286000 0.081365 0.204000
0 1.0 0.721785 0.182000 0.299213 0.128000
0 1.0 0.900262 0.190000 0.199475 0.120000
0 1.0 0.875328 0.195000 0.128609 0.242000
0 1.0 0.656168 0.183000 0.246719 0.318000
0 1.0 0.825459 0.183000 0.249344 0.174000
0 1.0 0.951444 0.201000 0.097113 0.138000
0 1.0 0.133858 0.279000 0.068241 0.178000
0 1.0 0.788714 0.251000 0.422572 0.218000
0 1.0 0.078740 0.270000 0.078740 0.232000
0 1.0 0.114173 0.236000 0.212598 0.108000
0 1.0 0.036745 0.261000 0.073491 0.194000
0 1.0 0.961942 0.249000 0.044619 0.106000
0 1.0 0.874016 0.938000 0.094488 0.124000
0 1.0 0.864829 0.963000 0.070866 0.058000
0 1.0 0.347769 0.382000 0.039370 0.072000
0 1.0 0.406824 0.292000 0.068241 0.060000
0 1.0 0.817585 0.941000 0.160105 0.118000
0 1.0 0.780840 0.962000 0.123360 0.072000
0 1.0 0.322835 0.292000 0.209974 0.092000
0 1.0 0.305774 0.357000 0.049869 0.058000
0 1.0 0.291339 0.296000 0.246719 0.248000
0 1.0 0.330709 0.332000 0.026247 0.044000
0 1.0 0.236220 0.376000 0.052493 0.088000
0 1.0 0.245407 0.363000 0.023622 0.042000
0 1.0 0.930446 0.963000 0.139108 0.074000
0 1.0 0.242782 0.294000 0.249344 0.144000
0 1.0 0.610236 0.960000 0.081365 0.056000
0 1.0 0.557743 0.963000 0.060367 0.054000
0 1.0 0.502625 0.965000 0.055118 0.050000
0 1.0 0.661417 0.930000 0.094488 0.140000
0 1.0 0.682415 0.960000 0.131234 0.072000
0 1.0 0.556430 0.939000 0.078740 0.122000
0 1.0 0.604987 0.932000 0.091864 0.136000
0 1.0 0.926509 0.240000 0.146982 0.252000
0 1.0 0.300525 0.388000 0.034121 0.056000
0 1.0 0.832021 0.074000 0.335958 0.148000
0 1.0 0.910761 0.244000 0.178478 0.112000
0 1.0 0.660105 0.283000 0.086614 0.230000
0 1.0 0.669291 0.233000 0.304462 0.122000
0 1.0 0.811024 0.270000 0.104987 0.208000
0 1.0 0.818898 0.259000 0.073491 0.118000
0 1.0 0.187664 0.382000 0.044619 0.068000
0 1.0 0.238845 0.296000 0.141732 0.080000
0 1.0 0.186352 0.352000 0.062992 0.068000
0 1.0 0.215223 0.330000 0.031496 0.048000
0 1.0 0.164042 0.287000 0.128609 0.074000
0 1.0 0.150919 0.365000 0.034121 0.046000
0 1.0 0.148294 0.292000 0.207349 0.116000
0 1.0 0.145669 0.319000 0.123360 0.110000
0 1.0 0.347769 0.355000 0.049869 0.066000
0 1.0 0.367454 0.321000 0.052493 0.070000
0 1.0 0.137795 0.376000 0.055118 0.088000
0 1.0 0.448819 0.077000 0.566929 0.154000
0 1.0 0.083990 0.345000 0.031496 0.042000
0 1.0 0.098425 0.310000 0.123360 0.120000
0 1.0 0.034121 0.364000 0.047244 0.108000
0 1.0 0.059055 0.291000 0.107612 0.066000
0 1.0 0.041995 0.334000 0.047244 0.076000
0 1.0 0.644357 0.386000 0.207349 0.580000
0 1.0 0.549869 0.407000 0.217848 0.578000
0 1.0 0.842520 0.643000 0.215223 0.474000
0 1.0 0.641732 0.789000 0.212598 0.422000
0 1.0 0.500000 0.192000 1.000000 0.384000
0 1.0 0.489501 0.548000 0.370079 0.820000
0 1.0 0.757218 0.794000 0.217848 0.412000
0 1.0 0.748031 0.734000 0.388451 0.376000
0 1.0 0.248031 0.214000 0.207349 0.428000
0 1.0 0.143045 0.217000 0.223097 0.434000
0 1.0 0.122047 0.674000 0.244094 0.652000
0 1.0 0.074803 0.282000 0.149606 0.564000
0 1.0 0.548556 0.169000 0.335958 0.338000
0 1.0 0.174541 0.517000 0.349081 0.438000
0 1.0 0.346457 0.396000 0.204724 0.548000
0 1.0 0.914698 0.358000 0.170604 0.472000
0 1.0 0.835958 0.366000 0.244094 0.480000
0 1.0 0.841207 0.217000 0.207349 0.434000
0 1.0 0.751969 0.220000 0.217848 0.440000
0 1.0 0.291339 0.613000 0.031496 0.074000
0 1.0 0.916010 0.549000 0.167979 0.454000
0 1.0 0.295276 0.313000 0.364829 0.626000
0 1.0 0.426509 0.690000 0.086614 0.144000
0 1.0 0.748031 0.431000 0.446194 0.862000
0 1.0 0.263780 0.619000 0.527559 0.762000
0 1.0 0.490814 0.623000 0.036745 0.078000
0 1.0 0.450131 0.616000 0.049869 0.100000
0 1.0 0.467192 0.668000 0.057743 0.108000