0 1.0 0.327500 0.553333 0.381667 0.450000
0 1.0 0.776667 0.215833 0.126667 0.208333
0 1.0 0.537500 0.466667 0.175000 0.223333
0 1.0 0.121667 0.604167 0.156667 0.331667
0 1.0 0.128333 0.600000 0.256667 0.136667
0 1.0 0.135833 0.600000 0.111667 0.120000
0 1.0 0.206667 0.577500 0.196667 0.298333
0 1.0 0.477500 0.595000 0.295000 0.136667
0 1.0 0.304167 0.598333 0.245000 0.143333
0 1.0 0.508333 0.554167 0.160000 0.311667
0 1.0 0.875833 0.539167 0.118333 0.321667
0 1.0 0.865000 0.550000 0.050000 0.070000
0 1.0 0.924167 0.535000 0.131667 0.223333
0 1.0 0.904167 0.550000 0.191667 0.123333
0 1.0 0.236667 0.592500 0.180000 0.175000
0 1.0 0.955000 0.547500 0.090000 0.115000
0 1.0 0.962500 0.564167 0.051667 0.275000
0 1.0 0.350833 0.580833 0.211667 0.281667
0 1.0 0.396667 0.596667 0.136667 0.123333
0 1.0 0.878333 0.550833 0.080000 0.105000
0 1.0 0.027500 0.614167 0.055000 0.378333
0 1.0 0.061667 0.598333 0.123333 0.083333
0 1.0 0.079167 0.599167 0.038333 0.065000
0 1.0 0.067500 0.596667 0.135000 0.306667
0 1.0 0.833333 0.603333 0.073333 0.073333
0 1.0 0.867500 0.605000 0.055000 0.076667
0 1.0 0.860833 0.595000 0.235000 0.330000
0 1.0 0.817500 0.607500 0.111667 0.311667
0 1.0 0.815000 0.595833 0.323333 0.131667
0 1.0 0.109167 0.655833 0.115000 0.128333
0 1.0 0.767500 0.598333 0.118333 0.316667
0 1.0 0.757500 0.590000 0.275000 0.290000
0 1.0 0.711667 0.582500 0.123333 0.305000
0 1.0 0.319167 0.655833 0.305000 0.151667
0 1.0 0.050000 0.651667 0.100000 0.080000
0 1.0 0.055833 0.651667 0.048333 0.073333
0 1.0 0.950833 0.601667 0.098333 0.110000
0 1.0 0.046667 0.648333 0.093333 0.196667
0 1.0 0.430833 0.564167 0.141667 0.321667
0 1.0 0.657500 0.576667 0.118333 0.290000
0 1.0 0.645000 0.597500 0.290000 0.111667
0 1.0 0.648333 0.576667 0.280000 0.280000
0 1.0 0.600833 0.560000 0.115000 0.300000
0 1.0 0.251667 0.542500 0.280000 0.148333
0 1.0 0.867500 0.505000 0.058333 0.070000
0 1.0 0.877500 0.510833 0.095000 0.101667
0 1.0 0.140833 0.537500 0.241667 0.188333
0 1.0 0.819167 0.499167 0.088333 0.208333
0 1.0 0.406667 0.547500 0.270000 0.148333
0 1.0 0.108333 0.545000 0.136667 0.146667
0 1.0 0.062500 0.548333 0.121667 0.086667
0 1.0 0.047500 0.543333 0.095000 0.193333
0 1.0 0.820000 0.505000 0.243333 0.163333
0 1.0 0.764167 0.474167 0.118333 0.335000
0 1.0 0.734167 0.500000 0.268333 0.126667
0 1.0 0.755000 0.475000 0.256667 0.306667
0 1.0 0.645000 0.481667 0.190000 0.226667
0 1.0 0.953333 0.498333 0.093333 0.116667
0 1.0 0.570000 0.540833 0.310000 0.128333
0 1.0 0.496667 0.525000 0.260000 0.186667
0 1.0 0.743333 0.547500 0.290000 0.128333
0 1.0 0.270833 0.549167 0.178333 0.321667
0 1.0 0.064167 0.772500 0.045000 0.065000
0 1.0 0.069167 0.766667 0.138333 0.296667
0 1.0 0.046667 0.776667 0.093333 0.176667
0 1.0 0.963333 0.744167 0.053333 0.231667
0 1.0 0.951667 0.712500 0.096667 0.101667
0 1.0 0.930000 0.707500 0.140000 0.311667
0 1.0 0.880000 0.715000 0.240000 0.126667
0 1.0 0.184167 0.736667 0.128333 0.316667
0 1.0 0.180000 0.764167 0.310000 0.145000
0 1.0 0.805000 0.720000 0.073333 0.070000
0 1.0 0.874167 0.717500 0.118333 0.255000
0 1.0 0.855000 0.727500 0.043333 0.065000
0 1.0 0.499167 0.757500 0.191667 0.235000
0 1.0 0.443333 0.737500 0.126667 0.305000
0 1.0 0.428333 0.766667 0.300000 0.136667
0 1.0 0.119167 0.753333 0.138333 0.333333
0 1.0 0.110833 0.767500 0.145000 0.135000
0 1.0 0.288333 0.721667 0.133333 0.283333
0 1.0 0.348333 0.719167 0.166667 0.271667
0 1.0 0.660000 0.707500 0.323333 0.128333
0 1.0 0.662500 0.714167 0.111667 0.245000
0 1.0 0.860000 0.721667 0.246667 0.336667
0 1.0 0.606667 0.704167 0.186667 0.231667
0 1.0 0.554167 0.685000 0.131667 0.340000
0 1.0 0.526667 0.706667 0.310000 0.133333
0 1.0 0.820000 0.727500 0.103333 0.231667
0 1.0 0.057500 0.765833 0.115000 0.081667
0 1.0 0.760000 0.716667 0.190000 0.226667
0 1.0 0.711667 0.722500 0.130000 0.335000
0 1.0 0.029167 0.790833 0.055000 0.278333
0 1.0 0.716667 0.764167 0.316667 0.138333
0 1.0 0.707500 0.771667 0.255000 0.290000
0 1.0 0.805000 0.771667 0.110000 0.086667
0 1.0 0.552500 0.764167 0.328333 0.135000
0 1.0 0.162500 0.820833 0.161667 0.111667
0 1.0 0.855000 0.780833 0.053333 0.078333
0 1.0 0.813333 0.776667 0.196667 0.223333
0 1.0 0.056667 0.821667 0.096667 0.073333
0 1.0 0.069167 0.830000 0.041667 0.066667
0 1.0 0.294167 0.774167 0.215000 0.138333
0 1.0 0.277500 0.691667 0.301667 0.323333
0 1.0 0.514167 0.657500 0.305000 0.131667
0 1.0 0.815000 0.660000 0.193333 0.226667
0 1.0 0.759167 0.656667 0.311667 0.126667
0 1.0 0.702500 0.656667 0.261667 0.306667
0 1.0 0.880000 0.659167 0.240000 0.125000
0 1.0 0.190000 0.652500 0.290000 0.151667
0 1.0 0.665000 0.658333 0.263333 0.150000
0 1.0 0.255000 0.715000 0.290000 0.150000
0 1.0 0.118333 0.712500 0.116667 0.128333
0 1.0 0.454167 0.715833 0.138333 0.115000
0 1.0 0.446667 0.657500 0.266667 0.335000
0 1.0 0.384167 0.715833 0.288333 0.131667
0 1.0 0.845000 0.667500 0.063333 0.071667
0 1.0 0.811667 0.660833 0.056667 0.061667
0 1.0 0.125000 0.714167 0.250000 0.141667
0 1.0 0.142500 0.697500 0.261667 0.355000
0 1.0 0.950833 0.658333 0.098333 0.133333
0 1.0 0.054167 0.712500 0.108333 0.085000
0 1.0 0.053333 0.715000 0.050000 0.070000
0 1.0 0.830833 0.274167 0.208333 0.131667
0 1.0 0.798333 0.260000 0.203333 0.280000
0 1.0 0.100833 0.340833 0.201667 0.301667
0 1.0 0.087500 0.363333 0.118333 0.136667
0 1.0 0.020833 0.369167 0.035000 0.168333
0 1.0 0.731667 0.255000 0.143333 0.300000
0 1.0 0.750000 0.279167 0.136667 0.108333
0 1.0 0.739167 0.243333 0.081667 0.150000
0 1.0 0.652500 0.300833 0.095000 0.205000
0 1.0 0.065833 0.350000 0.071667 0.063333
0 1.0 0.045000 0.355000 0.073333 0.116667
0 1.0 0.960833 0.313333 0.058333 0.246667
0 1.0 0.947500 0.289167 0.105000 0.101667
0 1.0 0.927500 0.285833 0.145000 0.301667
0 1.0 0.230000 0.357500 0.176667 0.088333
0 1.0 0.195833 0.407500 0.081667 0.091667
0 1.0 0.877500 0.270000 0.138333 0.306667
0 1.0 0.815000 0.286667 0.100000 0.093333
0 1.0 0.880000 0.255000 0.083333 0.156667
0 1.0 0.195833 0.435000 0.048333 0.083333
0 1.0 0.449167 0.357500 0.075000 0.115000
0 1.0 0.500000 0.305000 0.096667 0.070000
0 1.0 0.482500 0.310000 0.168333 0.103333
0 1.0 0.450833 0.289167 0.265000 0.275000
0 1.0 0.473333 0.320833 0.086667 0.098333
0 1.0 0.392500 0.344167 0.081667 0.101667
0 1.0 0.416667 0.306667 0.170000 0.103333
0 1.0 0.597500 0.335833 0.088333 0.178333
0 1.0 0.635833 0.290000 0.161667 0.103333
0 1.0 0.661667 0.285833 0.046667 0.091667
0 1.0 0.682500 0.281667 0.228333 0.160000
0 1.0 0.601667 0.324167 0.050000 0.091667
0 1.0 0.606667 0.281667 0.266667 0.300000
0 1.0 0.556667 0.338333 0.100000 0.153333
0 1.0 0.545833 0.299167 0.148333 0.088333
0 1.0 0.501667 0.348333 0.080000 0.123333
0 1.0 0.515000 0.350000 0.250000 0.100000
0 1.0 0.502500 0.407500 0.081667 0.101667
0 1.0 0.765000 0.331667 0.233333 0.163333
0 1.0 0.449167 0.397500 0.088333 0.105000
0 1.0 0.392500 0.416667 0.078333 0.123333
0 1.0 0.406667 0.356667 0.226667 0.116667
0 1.0 0.400833 0.358333 0.265000 0.246667
0 1.0 0.344167 0.419167 0.058333 0.095000
0 1.0 0.650833 0.365833 0.081667 0.188333
0 1.0 0.669167 0.343333 0.311667 0.123333
0 1.0 0.858333 0.344167 0.160000 0.105000
0 1.0 0.596667 0.363333 0.170000 0.170000
0 1.0 0.552500 0.403333 0.101667 0.160000
0 1.0 0.535000 0.362500 0.256667 0.285000
0 1.0 0.195833 0.345833 0.238333 0.255000
0 1.0 0.212500 0.379167 0.061667 0.078333
0 1.0 0.134167 0.419167 0.058333 0.125000
0 1.0 0.166667 0.359167 0.156667 0.105000
0 1.0 0.360000 0.355833 0.163333 0.078333
0 1.0 0.076667 0.390000 0.070000 0.136667
0 1.0 0.343333 0.400000 0.100000 0.116667
0 1.0 0.596667 0.397500 0.076667 0.168333
0 1.0 0.287500 0.422500 0.051667 0.095000
0 1.0 0.329167 0.369167 0.095000 0.078333
0 1.0 0.297500 0.350833 0.251667 0.241667
0 1.0 0.241667 0.422500 0.066667 0.105000
0 1.0 0.450000 0.250000 0.180000 0.183333
0 1.0 0.394167 0.276667 0.108333 0.193333
0 1.0 0.353333 0.295833 0.246667 0.261667
0 1.0 0.351667 0.286667 0.106667 0.130000
0 1.0 0.364167 0.243333 0.195000 0.133333
0 1.0 0.293333 0.314167 0.056667 0.101667
0 1.0 0.266667 0.240833 0.236667 0.105000
0 1.0 0.295000 0.292500 0.090000 0.108333
0 1.0 0.294167 0.251667 0.088333 0.086667
0 1.0 0.629167 0.231667 0.268333 0.133333
0 1.0 0.602500 0.258333 0.091667 0.183333
0 1.0 0.555000 0.270833 0.110000 0.225000
0 1.0 0.480000 0.240833 0.116667 0.115000
0 1.0 0.448333 0.292500 0.083333 0.155000
0 1.0 0.120833 0.028333 0.088333 0.056667
0 1.0 0.294167 0.040833 0.058333 0.081667
0 1.0 0.541667 0.730000 0.916667 0.480000
0 1.0 0.734167 0.602500 0.528333 0.795000
0 1.0 0.295833 0.240833 0.241667 0.271667
0 1.0 0.256667 0.568333 0.446667 0.863333
0 1.0 0.179167 0.078333 0.251667 0.156667
0 1.0 0.188333 0.047500 0.103333 0.095000
0 1.0 0.135833 0.059167 0.061667 0.118333
0 1.0 0.235000 0.295833 0.073333 0.148333
0 1.0 0.504167 0.276667 0.098333 0.180000
0 1.0 0.037500 0.058333 0.051667 0.113333
0 1.0 0.112500 0.038333 0.145000 0.076667
0 1.0 0.070833 0.069167 0.068333 0.128333
0 1.0 0.078333 0.030000 0.043333 0.046667
0 1.0 0.171667 0.300000 0.083333 0.070000
0 1.0 0.143333 0.326667 0.040000 0.070000
0 1.0 0.158333 0.304167 0.153333 0.108333
0 1.0 0.067500 0.310000 0.081667 0.213333
0 1.0 0.355000 0.355000 0.073333 0.086667
0 1.0 0.029167 0.310833 0.048333 0.241667
0 1.0 0.062500 0.297500 0.058333 0.058333
0 1.0 0.070000 0.265000 0.140000 0.306667
0 1.0 0.045000 0.297500 0.070000 0.121667
0 1.0 0.385000 0.302500 0.100000 0.068333
0 1.0 0.368333 0.328333 0.083333 0.096667
0 1.0 0.290000 0.379167 0.063333 0.091667
0 1.0 0.329167 0.305000 0.161667 0.076667
0 1.0 0.319167 0.335833 0.065000 0.075000
0 1.0 0.240833 0.379167 0.065000 0.091667
0 1.0 0.133333 0.341667 0.066667 0.136667
0 1.0 0.258333 0.304167 0.186667 0.105000
0 1.0 0.197500 0.347500 0.061667 0.078333
0 1.0 0.215833 0.328333 0.048333 0.066667
0 1.0 0.247500 0.367500 0.045000 0.055000
0 1.0 0.071667 0.296667 0.046667 0.103333
0 1.0 0.109167 0.301667 0.118333 0.100000
0 1.0 0.927500 0.235833 0.145000 0.118333
0 1.0 0.958333 0.235833 0.083333 0.321667
0 1.0 0.255833 0.325000 0.111667 0.103333
0 1.0 0.887500 0.461667 0.058333 0.150000
0 1.0 0.867500 0.455833 0.121667 0.098333
0 1.0 0.863333 0.441667 0.230000 0.316667
0 1.0 0.440833 0.487500 0.081667 0.181667
0 1.0 0.715000 0.443333 0.116667 0.293333
0 1.0 0.665833 0.444167 0.165000 0.108333
0 1.0 0.714167 0.438333 0.085000 0.176667
0 1.0 0.749167 0.450000 0.215000 0.126667
0 1.0 0.970833 0.446667 0.058333 0.090000
0 1.0 0.653333 0.478333 0.086667 0.216667
0 1.0 0.589167 0.470000 0.088333 0.196667
0 1.0 0.244167 0.456667 0.228333 0.166667
0 1.0 0.191667 0.499167 0.096667 0.175000
0 1.0 0.224167 0.455833 0.138333 0.105000
0 1.0 0.383333 0.478333 0.150000 0.250000
0 1.0 0.460833 0.459167 0.211667 0.211667
0 1.0 0.131667 0.486667 0.073333 0.140000
0 1.0 0.159167 0.454167 0.228333 0.158333
0 1.0 0.076667 0.486667 0.090000 0.216667
0 1.0 0.350833 0.488333 0.241667 0.143333
0 1.0 0.909167 0.451667 0.181667 0.163333
0 1.0 0.870833 0.450833 0.028333 0.048333
0 1.0 0.821667 0.441667 0.066667 0.176667
0 1.0 0.816667 0.443333 0.156667 0.203333
0 1.0 0.128333 0.496667 0.180000 0.120000
0 1.0 0.065833 0.496667 0.128333 0.090000
0 1.0 0.230833 0.399167 0.171667 0.091667
0 1.0 0.462500 0.400833 0.335000 0.128333
0 1.0 0.141667 0.416667 0.136667 0.150000
0 1.0 0.083333 0.408333 0.150000 0.176667
0 1.0 0.370000 0.402500 0.233333 0.105000
0 1.0 0.579167 0.408333 0.245000 0.150000
0 1.0 0.290000 0.426667 0.090000 0.143333
0 1.0 0.809167 0.308333 0.111667 0.276667
0 1.0 0.025000 0.437500 0.050000 0.255000
0 1.0 0.066667 0.395000 0.083333 0.066667
0 1.0 0.725000 0.323333 0.103333 0.213333
0 1.0 0.040000 0.402500 0.080000 0.135000
0 1.0 0.961667 0.372500 0.043333 0.185000
0 1.0 0.938333 0.340833 0.123333 0.118333
0 1.0 0.879167 0.331667 0.095000 0.220000
0 1.0 0.817500 0.395000 0.255000 0.123333
0 1.0 0.808333 0.365833 0.233333 0.341667
0 1.0 0.064167 0.446667 0.075000 0.086667
0 1.0 0.094167 0.448333 0.035000 0.050000
0 1.0 0.959167 0.444167 0.051667 0.221667
0 1.0 0.935000 0.396667 0.130000 0.156667
0 1.0 0.681667 0.395833 0.270000 0.128333
0 1.0 0.047500 0.454167 0.075000 0.135000
0 1.0 0.707500 0.372500 0.238333 0.318333
0 1.0 0.845833 0.398333 0.128333 0.093333
0 1.0 0.881667 0.404167 0.076667 0.198333
0 1.0 0.528333 0.606667 0.223333 0.546667
0 1.0 0.544167 0.649167 0.528333 0.231667
0 1.0 0.730833 0.160833 0.228333 0.265000
0 1.0 0.659167 0.165000 0.101667 0.230000
0 1.0 0.850833 0.617500 0.188333 0.655000
0 1.0 0.351667 0.124167 0.236667 0.158333
0 1.0 0.555000 0.151667 0.126667 0.240000
0 1.0 0.556667 0.124167 0.220000 0.158333
0 1.0 0.504167 0.148333 0.131667 0.253333
0 1.0 0.445000 0.165000 0.093333 0.230000
0 1.0 0.461667 0.125000 0.236667 0.126667
0 1.0 0.830000 0.130833 0.300000 0.135000
0 1.0 0.808333 0.184167 0.103333 0.198333
0 1.0 0.825000 0.164167 0.246667 0.275000
0 1.0 0.694167 0.129167 0.175000 0.105000
0 1.0 0.722500 0.180833 0.098333 0.211667
0 1.0 0.753333 0.133333 0.156667 0.100000
0 1.0 0.603333 0.161667 0.100000 0.246667
0 1.0 0.626667 0.124167 0.220000 0.118333
0 1.0 0.134167 0.122500 0.221667 0.138333
0 1.0 0.350000 0.143333 0.130000 0.226667
0 1.0 0.120833 0.145000 0.158333 0.290000
0 1.0 0.565000 0.755833 0.566667 0.231667
0 1.0 0.286667 0.134167 0.256667 0.268333
0 1.0 0.877500 0.072500 0.128333 0.101667
0 1.0 0.035000 0.175000 0.070000 0.350000
0 1.0 0.058333 0.122500 0.116667 0.091667
0 1.0 0.230000 0.847500 0.460000 0.208333
0 1.0 0.460000 0.850833 0.643333 0.195000
0 1.0 0.256667 0.752500 0.513333 0.238333
0 1.0 0.663333 0.741667 0.450000 0.403333
0 1.0 0.442500 0.145000 0.238333 0.286667
0 1.0 0.398333 0.155833 0.113333 0.265000
0 1.0 0.232500 0.122500 0.295000 0.135000
0 1.0 0.187500 0.149167 0.108333 0.285000
0 1.0 0.290000 0.145833 0.106667 0.241667
0 1.0 0.295833 0.127500 0.125000 0.111667
0 1.0 0.066667 0.180000 0.103333 0.080000
0 1.0 0.638333 0.352500 0.590000 0.218333
0 1.0 0.444167 0.371667 0.518333 0.193333
0 1.0 0.841667 0.370833 0.200000 0.668333
0 1.0 0.150833 0.492500 0.268333 0.455000
0 1.0 0.450833 0.507500 0.271667 0.411667
0 1.0 0.433333 0.453333 0.433333 0.243333
0 1.0 0.109167 0.181667 0.168333 0.106667
0 1.0 0.069167 0.365000 0.138333 0.693333
0 1.0 0.260000 0.396667 0.433333 0.383333
0 1.0 0.649167 0.235000 0.538333 0.236667
0 1.0 0.406667 0.185000 0.206667 0.160000
0 1.0 0.234167 0.211667 0.095000 0.230000
0 1.0 0.249167 0.180833 0.225000 0.111667
0 1.0 0.185000 0.185000 0.063333 0.113333
0 1.0 0.308333 0.192500 0.093333 0.118333
0 1.0 0.717500 0.453333 0.518333 0.226667
0 1.0 0.926667 0.120000 0.146667 0.160000
0 1.0 0.765000 0.528333 0.223333 0.656667
0 1.0 0.633333 0.538333 0.556667 0.240000
0 1.0 0.214167 0.543333 0.428333 0.266667
0 1.0 0.963333 0.152500 0.060000 0.268333
0 1.0 0.481667 0.620833 0.496667 0.545000
0 1.0 0.871667 0.120000 0.116667 0.240000
0 1.0 0.913333 0.039167 0.090000 0.078333
0 1.0 0.814167 0.087500 0.058333 0.101667
0 1.0 0.865000 0.030833 0.133333 0.061667
0 1.0 0.825000 0.070833 0.040000 0.051667
0 1.0 0.895833 0.049167 0.028333 0.045000
0 1.0 0.606667 0.071667 0.233333 0.143333
0 1.0 0.614167 0.050833 0.118333 0.101667
0 1.0 0.836667 0.050833 0.103333 0.088333
0 1.0 0.769167 0.091667 0.071667 0.120000
0 1.0 0.812500 0.027500 0.141667 0.055000
0 1.0 0.780000 0.070833 0.050000 0.061667
0 1.0 0.721667 0.073333 0.246667 0.146667
0 1.0 0.781667 0.050833 0.106667 0.091667
0 1.0 0.719167 0.072500 0.061667 0.098333
0 1.0 0.740833 0.026667 0.111667 0.053333
0 1.0 0.728333 0.063333 0.046667 0.060000
0 1.0 0.937500 0.055000 0.051667 0.110000
0 1.0 0.881667 0.047500 0.053333 0.091667
0 1.0 0.069167 0.111667 0.138333 0.223333
0 1.0 0.960833 0.060000 0.031667 0.090000
0 1.0 0.450000 0.043333 0.080000 0.086667
0 1.0 0.454167 0.036667 0.171667 0.073333
0 1.0 0.397500 0.060000 0.081667 0.120000
0 1.0 0.745000 0.880000 0.510000 0.240000
0 1.0 0.341667 0.046667 0.060000 0.093333
0 1.0 0.328333 0.034167 0.153333 0.068333
0 1.0 0.400833 0.075000 0.248333 0.150000
0 1.0 0.045833 0.035833 0.091667 0.071667
0 1.0 0.275833 0.026667 0.128333 0.053333
0 1.0 0.233333 0.055833 0.076667 0.111667
0 1.0 0.500833 0.070833 0.238333 0.141667
0 1.0 0.508333 0.050833 0.126667 0.101667
0 1.0 0.471667 0.025833 0.096667 0.051667
0 1.0 0.725833 0.054167 0.118333 0.098333
0 1.0 0.688333 0.027500 0.116667 0.055000
0 1.0 0.667500 0.050833 0.058333 0.078333
0 1.0 0.673333 0.052500 0.113333 0.101667
0 1.0 0.630000 0.025833 0.096667 0.051667
0 1.0 0.554167 0.051667 0.061667 0.103333
0 1.0 0.567500 0.027500 0.118333 0.055000
0 1.0 0.282500 0.923333 0.565000 0.153333
0 1.0 0.774167 0.155000 0.075000 0.123333
0 1.0 0.664167 0.108333 0.241667 0.216667
0 1.0 0.837500 0.079167 0.258333 0.155000
0 1.0 0.935833 0.072500 0.128333 0.111667
0 1.0 0.952500 0.090833 0.068333 0.181667
0 1.0 0.725833 0.142500 0.061667 0.105000
0 1.0 0.752500 0.124167 0.495000 0.248333
0 1.0 0.694167 0.307500 0.455000 0.515000
0 1.0 0.491667 0.125000 0.830000 0.250000
0 1.0 0.484167 0.341667 0.298333 0.683333
0 1.0 0.499167 0.294167 0.801667 0.321667
0 1.0 0.289167 0.362500 0.321667 0.725000
0 1.0 0.555000 0.925000 0.633333 0.150000
0 1.0 0.115833 0.073333 0.155000 0.103333
0 1.0 0.248333 0.070833 0.220000 0.108333
0 1.0 0.830000 0.923333 0.340000 0.153333
0 1.0 0.229167 0.111667 0.115000 0.223333
0 1.0 0.771667 0.920833 0.050000 0.091667
0 1.0 0.771667 0.876667 0.333333 0.126667
0 1.0 0.070000 0.899167 0.140000 0.201667
0 1.0 0.930833 0.875833 0.138333 0.118333
0 1.0 0.955000 0.913333 0.060000 0.110000
0 1.0 0.670000 0.895833 0.043333 0.081667
0 1.0 0.681667 0.908333 0.033333 0.060000
0 1.0 0.685000 0.885833 0.186667 0.111667
0 1.0 0.934167 0.890000 0.055000 0.120000
0 1.0 0.900000 0.865000 0.200000 0.243333
0 1.0 0.878333 0.905000 0.066667 0.106667
0 1.0 0.125833 0.915833 0.098333 0.168333
0 1.0 0.130833 0.920833 0.191667 0.101667
0 1.0 0.140000 0.890833 0.256667 0.218333
0 1.0 0.826667 0.925833 0.036667 0.065000
0 1.0 0.842500 0.885000 0.105000 0.090000
0 1.0 0.728333 0.918333 0.043333 0.070000
0 1.0 0.403333 0.870000 0.310000 0.113333
0 1.0 0.397500 0.831667 0.088333 0.173333
0 1.0 0.431667 0.875833 0.103333 0.095000
0 1.0 0.394167 0.848333 0.261667 0.256667
0 1.0 0.601667 0.908333 0.043333 0.076667
0 1.0 0.346667 0.830000 0.060000 0.136667
0 1.0 0.366667 0.877500 0.133333 0.105000
0 1.0 0.611667 0.860000 0.270000 0.246667
0 1.0 0.560000 0.917500 0.043333 0.088333
0 1.0 0.891667 0.921667 0.046667 0.073333
0 1.0 0.895000 0.895000 0.050000 0.066667
0 1.0 0.815833 0.911667 0.058333 0.103333
0 1.0 0.587500 0.885000 0.131667 0.093333
0 1.0 0.510000 0.883333 0.060000 0.130000
0 1.0 0.518333 0.875000 0.236667 0.096667
0 1.0 0.503333 0.855833 0.256667 0.255000
0 1.0 0.447500 0.830000 0.048333 0.100000
0 1.0 0.440833 0.905833 0.105000 0.188333
0 1.0 0.477500 0.921667 0.238333 0.103333
0 1.0 0.722500 0.946667 0.078333 0.106667
0 1.0 0.721667 0.929167 0.293333 0.135000
0 1.0 0.395833 0.913333 0.155000 0.166667
0 1.0 0.343333 0.890833 0.116667 0.218333
0 1.0 0.345000 0.919167 0.316667 0.115000
0 1.0 0.662500 0.937500 0.088333 0.125000
0 1.0 0.601667 0.945000 0.083333 0.110000
0 1.0 0.635833 0.925000 0.255000 0.106667
0 1.0 0.811667 0.925833 0.106667 0.148333
0 1.0 0.571667 0.935000 0.110000 0.120000
0 1.0 0.506667 0.918333 0.096667 0.163333
0 1.0 0.289167 0.899167 0.105000 0.201667
0 1.0 0.030833 0.927500 0.061667 0.145000
0 1.0 0.055833 0.921667 0.111667 0.080000
0 1.0 0.290833 0.895833 0.255000 0.208333
0 1.0 0.239167 0.903333 0.121667 0.193333
0 1.0 0.180833 0.916667 0.105000 0.166667
0 1.0 0.403333 0.809167 0.333333 0.121667
0 1.0 0.390833 0.787500 0.141667 0.268333
0 1.0 0.429167 0.815000 0.121667 0.106667
0 1.0 0.605000 0.825000 0.096667 0.186667
0 1.0 0.551667 0.824167 0.116667 0.288333
0 1.0 0.299167 0.820000 0.098333 0.076667
0 1.0 0.297500 0.811667 0.141667 0.136667
0 1.0 0.237500 0.796667 0.128333 0.260000
0 1.0 0.865000 0.828333 0.050000 0.076667
0 1.0 0.549167 0.816667 0.328333 0.126667
0 1.0 0.569167 0.822500 0.128333 0.111667
0 1.0 0.761667 0.824167 0.200000 0.231667
0 1.0 0.455833 0.810000 0.185000 0.200000
0 1.0 0.235833 0.812500 0.228333 0.095000
0 1.0 0.945833 0.765000 0.108333 0.103333
0 1.0 0.957500 0.805833 0.068333 0.165000
0 1.0 0.885833 0.767500 0.228333 0.131667
0 1.0 0.124167 0.827500 0.078333 0.095000
0 1.0 0.099167 0.820000 0.188333 0.103333
0 1.0 0.470000 0.820000 0.103333 0.100000
0 1.0 0.078333 0.868333 0.060000 0.133333
0 1.0 0.103333 0.875833 0.176667 0.098333
0 1.0 0.115833 0.878333 0.078333 0.093333
0 1.0 0.035000 0.892500 0.040000 0.125000
0 1.0 0.050000 0.874167 0.093333 0.071667
0 1.0 0.241667 0.878333 0.246667 0.103333
0 1.0 0.293333 0.850000 0.073333 0.123333
0 1.0 0.285833 0.888333 0.068333 0.070000
0 1.0 0.938333 0.815000 0.123333 0.110000
0 1.0 0.243333 0.855000 0.056667 0.103333
0 1.0 0.245833 0.884167 0.118333 0.088333
0 1.0 0.183333 0.864167 0.056667 0.108333
0 1.0 0.065833 0.879167 0.041667 0.065000
0 1.0 0.965000 0.877500 0.050000 0.158333
0 1.0 0.679167 0.812500 0.335000 0.131667
0 1.0 0.664167 0.830833 0.111667 0.208333
0 1.0 0.811667 0.819167 0.123333 0.095000
0 1.0 0.817500 0.845833 0.121667 0.268333
0 1.0 0.805000 0.812500 0.340000 0.138333
0 1.0 0.238333 0.186667 0.420000 0.373333
0 1.0 0.685000 0.185833 0.223333 0.168333
0 1.0 0.635833 0.181667 0.191667 0.113333
0 1.0 0.111667 0.235000 0.223333 0.123333
0 1.0 0.057500 0.235833 0.115000 0.088333
0 1.0 0.918333 0.180833 0.163333 0.121667
0 1.0 0.187500 0.269167 0.101667 0.168333
0 1.0 0.162500 0.149167 0.325000 0.221667
0 1.0 0.549167 0.075000 0.621667 0.150000
0 1.0 0.914167 0.183333 0.138333 0.340000
0 1.0 0.274167 0.074167 0.548333 0.148333
0 1.0 0.130000 0.266667 0.230000 0.533333
0 1.0 0.350000 0.233333 0.076667 0.170000
0 1.0 0.385000 0.185833 0.143333 0.095000
0 1.0 0.162500 0.245833 0.325000 0.218333
0 1.0 0.524167 0.183333 0.175000 0.106667
0 1.0 0.159167 0.963333 0.085000 0.060000
0 1.0 0.392500 0.945000 0.085000 0.110000
0 1.0 0.450000 0.962500 0.083333 0.058333
0 1.0 0.125000 0.245000 0.100000 0.283333
0 1.0 0.110833 0.955833 0.118333 0.088333
0 1.0 0.069167 0.963333 0.051667 0.050000
0 1.0 0.053333 0.960833 0.073333 0.075000
0 1.0 0.350000 0.949167 0.130000 0.101667
0 1.0 0.292500 0.945000 0.078333 0.110000
0 1.0 0.197500 0.955000 0.121667 0.090000
0 1.0 0.766667 0.938333 0.086667 0.123333
0 1.0 0.923333 0.922500 0.153333 0.111667
0 1.0 0.240000 0.944167 0.090000 0.111667
0 1.0 0.261667 0.959167 0.100000 0.065000
0 1.0 0.080000 0.937500 0.080000 0.125000
0 1.0 0.871667 0.910833 0.123333 0.178333
0 1.0 0.852500 0.925000 0.128333 0.093333
0 1.0 0.778333 0.952500 0.190000 0.095000
0 1.0 0.772500 0.962500 0.078333 0.058333
0 1.0 0.812500 0.961667 0.081667 0.056667
0 1.0 0.973333 0.944167 0.050000 0.111667
0 1.0 0.926667 0.960833 0.146667 0.078333
0 1.0 0.855000 0.958333 0.033333 0.043333
0 1.0 0.860000 0.952500 0.053333 0.065000
0 1.0 0.547500 0.955833 0.101667 0.088333
0 1.0 0.527500 0.962500 0.048333 0.051667
0 1.0 0.510000 0.959167 0.076667 0.081667
0 1.0 0.731667 0.962500 0.063333 0.058333
0 1.0 0.360000 0.962500 0.070000 0.055000
0 1.0 0.682500 0.962500 0.051667 0.051667
0 1.0 0.574167 0.961667 0.048333 0.050000
0 1.0 0.635833 0.961667 0.045000 0.050000
0 1.0 0.652500 0.733333 0.211667 0.520000
0 1.0 0.450833 0.785000 0.208333 0.430000
0 1.0 0.541667 0.223333 0.206667 0.446667
0 1.0 0.546667 0.117500 0.340000 0.235000
0 1.0 0.453333 0.247500 0.473333 0.278333
0 1.0 0.353333 0.280833 0.200000 0.528333
0 1.0 0.927500 0.470000 0.145000 0.633333
0 1.0 0.487500 0.540000 0.671667 0.920000