0 1.0 0.524219 0.604310 0.698438 0.725862
0 1.0 0.060937 0.586207 0.121875 0.496552
0 1.0 0.824219 0.622414 0.223438 0.655172
0 1.0 0.189062 0.607759 0.121875 0.422414
0 1.0 0.771094 0.464655 0.095312 0.208621
0 1.0 0.323437 0.601724 0.334375 0.655172
0 1.0 0.391406 0.622414 0.154688 0.344828
0 1.0 0.396875 0.602586 0.259375 0.136207
0 1.0 0.448437 0.587931 0.168750 0.231034
0 1.0 0.469531 0.600000 0.082812 0.096552
0 1.0 0.560937 0.578448 0.137500 0.287931
0 1.0 0.826562 0.508621 0.159375 0.303448
0 1.0 0.785937 0.593103 0.128125 0.106897
0 1.0 0.766406 0.566379 0.126562 0.298276
0 1.0 0.499219 0.585345 0.135937 0.322414
0 1.0 0.508594 0.601724 0.207813 0.124138
0 1.0 0.409375 0.599138 0.112500 0.118966
0 1.0 0.109375 0.594828 0.218750 0.131034
0 1.0 0.292969 0.583621 0.195312 0.329310
0 1.0 0.296094 0.581034 0.123438 0.213793
0 1.0 0.142969 0.597414 0.170313 0.318966
0 1.0 0.239063 0.600862 0.275000 0.136207
0 1.0 0.186719 0.596552 0.107813 0.127586
0 1.0 0.664844 0.581034 0.251563 0.317241
0 1.0 0.614062 0.601724 0.184375 0.124138
0 1.0 0.308594 0.608621 0.039062 0.075862
0 1.0 0.344531 0.640517 0.189062 0.236207
0 1.0 0.245312 0.662069 0.268750 0.131034
0 1.0 0.296875 0.664655 0.050000 0.077586
0 1.0 0.047656 0.623276 0.095312 0.253448
0 1.0 0.942187 0.600000 0.115625 0.110345
0 1.0 0.952344 0.591379 0.089063 0.303448
0 1.0 0.873437 0.601724 0.253125 0.137931
0 1.0 0.501563 0.659483 0.212500 0.367241
0 1.0 0.462500 0.657759 0.306250 0.143103
0 1.0 0.156250 0.650862 0.284375 0.136207
0 1.0 0.484375 0.662931 0.093750 0.115517
0 1.0 0.707031 0.599138 0.264062 0.129310
0 1.0 0.891406 0.576724 0.217188 0.367241
0 1.0 0.835938 0.596552 0.087500 0.082759
0 1.0 0.057813 0.652586 0.115625 0.101724
0 1.0 0.225781 0.536207 0.110937 0.320690
0 1.0 0.223438 0.545690 0.215625 0.194828
0 1.0 0.138281 0.573276 0.085938 0.415517
0 1.0 0.691406 0.549138 0.192188 0.129310
0 1.0 0.446875 0.236207 0.246875 0.127586
0 1.0 0.392188 0.225862 0.134375 0.193103
0 1.0 0.470313 0.237931 0.059375 0.093103
0 1.0 0.338281 0.269828 0.067187 0.198276
0 1.0 0.398438 0.544828 0.237500 0.348276
0 1.0 0.344531 0.549138 0.139063 0.122414
0 1.0 0.932031 0.491379 0.135937 0.162069
0 1.0 0.293750 0.554310 0.062500 0.105172
0 1.0 0.453125 0.250000 0.256250 0.279310
0 1.0 0.714063 0.467241 0.112500 0.255172
0 1.0 0.728125 0.496552 0.237500 0.131034
0 1.0 0.064844 0.545690 0.129688 0.105172
0 1.0 0.061719 0.545690 0.045312 0.077586
0 1.0 0.955469 0.512069 0.057813 0.220690
0 1.0 0.855469 0.493966 0.079687 0.091379
0 1.0 0.510156 0.236207 0.057813 0.079310
0 1.0 0.837500 0.493966 0.284375 0.150000
0 1.0 0.506250 0.234483 0.193750 0.186207
0 1.0 0.439063 0.242241 0.084375 0.163793
0 1.0 0.867969 0.543103 0.079687 0.086207
0 1.0 0.415625 0.546552 0.306250 0.162069
0 1.0 0.793750 0.543103 0.284375 0.131034
0 1.0 0.059375 0.597414 0.118750 0.101724
0 1.0 0.058594 0.603448 0.048438 0.082759
0 1.0 0.947656 0.546552 0.104688 0.103448
0 1.0 0.658594 0.523276 0.148438 0.322414
0 1.0 0.884375 0.538793 0.228125 0.167241
0 1.0 0.560937 0.543103 0.184375 0.124138
0 1.0 0.477344 0.545690 0.148438 0.118966
0 1.0 0.403125 0.762931 0.293750 0.125862
0 1.0 0.432031 0.767241 0.095312 0.103448
0 1.0 0.386719 0.740517 0.239063 0.401724
0 1.0 0.100781 0.769828 0.167187 0.143103
0 1.0 0.607812 0.655172 0.209375 0.127586
0 1.0 0.038281 0.708621 0.076563 0.279310
0 1.0 0.284375 0.774138 0.153125 0.379310
0 1.0 0.197656 0.762069 0.232813 0.131034
0 1.0 0.253125 0.780172 0.056250 0.098276
0 1.0 0.094531 0.711207 0.189062 0.387931
0 1.0 0.613281 0.773276 0.301563 0.367241
0 1.0 0.532813 0.761207 0.300000 0.143103
0 1.0 0.535937 0.767241 0.215625 0.286207
0 1.0 0.444531 0.756897 0.173437 0.282759
0 1.0 0.474219 0.773276 0.104688 0.122414
0 1.0 0.817969 0.689655 0.167187 0.244828
0 1.0 0.763281 0.703448 0.132812 0.431034
0 1.0 0.742969 0.708621 0.310937 0.134483
0 1.0 0.060937 0.767241 0.068750 0.100000
0 1.0 0.231250 0.756034 0.121875 0.429310
0 1.0 0.939844 0.710345 0.120313 0.117241
0 1.0 0.956250 0.717241 0.087500 0.382759
0 1.0 0.657031 0.693966 0.145313 0.298276
0 1.0 0.651563 0.705172 0.240625 0.175862
0 1.0 0.923438 0.712931 0.109375 0.563793
0 1.0 0.911719 0.695690 0.176563 0.267241
0 1.0 0.185156 0.728448 0.126562 0.222414
0 1.0 0.185938 0.727586 0.246875 0.472414
0 1.0 0.075000 0.805172 0.118750 0.327586
0 1.0 0.108594 0.813793 0.217188 0.120690
0 1.0 0.737500 0.762069 0.306250 0.134483
0 1.0 0.735938 0.767241 0.246875 0.348276
0 1.0 0.053125 0.819828 0.106250 0.170690
0 1.0 0.935156 0.762069 0.129688 0.106897
0 1.0 0.226562 0.812931 0.221875 0.139655
0 1.0 0.873437 0.733621 0.140625 0.453448
0 1.0 0.814844 0.762931 0.151562 0.087931
0 1.0 0.131250 0.805172 0.131250 0.358621
0 1.0 0.300781 0.762931 0.260937 0.136207
0 1.0 0.602344 0.743103 0.135937 0.365517
0 1.0 0.817187 0.746552 0.115625 0.437931
0 1.0 0.857031 0.775862 0.073438 0.086207
0 1.0 0.066406 0.716379 0.132812 0.112069
0 1.0 0.943750 0.656034 0.112500 0.112069
0 1.0 0.143750 0.716379 0.287500 0.143103
0 1.0 0.833594 0.658621 0.270313 0.124138
0 1.0 0.421875 0.660345 0.115625 0.124138
0 1.0 0.593750 0.635345 0.121875 0.284483
0 1.0 0.836719 0.656034 0.067187 0.077586
0 1.0 0.836719 0.650862 0.135937 0.118966
0 1.0 0.702344 0.656034 0.182812 0.150000
0 1.0 0.746094 0.640517 0.239063 0.353448
0 1.0 0.316406 0.706897 0.214062 0.124138
0 1.0 0.842969 0.715517 0.101562 0.086207
0 1.0 0.511719 0.709483 0.282813 0.139655
0 1.0 0.293750 0.720690 0.050000 0.082759
0 1.0 0.253906 0.715517 0.151562 0.141379
0 1.0 0.432812 0.706897 0.087500 0.106897
0 1.0 0.487500 0.712931 0.090625 0.122414
0 1.0 0.300781 0.348276 0.217188 0.120690
0 1.0 0.293750 0.376724 0.112500 0.198276
0 1.0 0.278906 0.348276 0.198437 0.275862
0 1.0 0.310156 0.362069 0.054688 0.110345
0 1.0 0.950000 0.362931 0.050000 0.074138
0 1.0 0.925000 0.306034 0.150000 0.146552
0 1.0 0.461719 0.491379 0.217188 0.137931
0 1.0 0.925000 0.363793 0.075000 0.131034
0 1.0 0.893750 0.297414 0.212500 0.270690
0 1.0 0.188281 0.348276 0.251563 0.268966
0 1.0 0.215625 0.393966 0.043750 0.081034
0 1.0 0.135156 0.425862 0.051562 0.117241
0 1.0 0.962500 0.324138 0.075000 0.110345
0 1.0 0.185938 0.397414 0.093750 0.146552
0 1.0 0.436719 0.323276 0.164062 0.232759
0 1.0 0.457813 0.357759 0.306250 0.291379
0 1.0 0.421875 0.337069 0.315625 0.150000
0 1.0 0.296094 0.404310 0.060937 0.156897
0 1.0 0.152344 0.377586 0.104688 0.124138
0 1.0 0.075000 0.422414 0.056250 0.127586
0 1.0 0.118750 0.356897 0.125000 0.110345
0 1.0 0.102344 0.334483 0.204687 0.255172
0 1.0 0.035156 0.412931 0.048438 0.108621
0 1.0 0.071875 0.352586 0.109375 0.077586
0 1.0 0.665625 0.379310 0.084375 0.127586
0 1.0 0.697656 0.301724 0.148438 0.100000
0 1.0 0.673438 0.369828 0.046875 0.063793
0 1.0 0.675000 0.309483 0.271875 0.156897
0 1.0 0.601562 0.344828 0.093750 0.168966
0 1.0 0.632812 0.298276 0.178125 0.103448
0 1.0 0.171094 0.353448 0.273438 0.117241
0 1.0 0.817969 0.307759 0.067187 0.070690
0 1.0 0.870313 0.368103 0.050000 0.070690
0 1.0 0.876563 0.328448 0.131250 0.129310
0 1.0 0.557031 0.278448 0.123438 0.156897
0 1.0 0.546875 0.298276 0.243750 0.151724
0 1.0 0.862500 0.369828 0.084375 0.122414
0 1.0 0.817969 0.354310 0.092188 0.156897
0 1.0 0.814844 0.300862 0.204687 0.108621
0 1.0 0.826562 0.357759 0.053125 0.087931
0 1.0 0.767969 0.360345 0.085938 0.155172
0 1.0 0.778125 0.362931 0.050000 0.084483
0 1.0 0.948438 0.407759 0.056250 0.094828
0 1.0 0.914062 0.356034 0.171875 0.136207
0 1.0 0.685156 0.352586 0.173437 0.139655
0 1.0 0.249219 0.358621 0.123438 0.093103
0 1.0 0.617188 0.343966 0.215625 0.167241
0 1.0 0.849219 0.371552 0.242188 0.260345
0 1.0 0.827344 0.347414 0.317188 0.118966
0 1.0 0.175000 0.400862 0.181250 0.105172
0 1.0 0.150000 0.447414 0.053125 0.112069
0 1.0 0.772656 0.394828 0.057813 0.124138
0 1.0 0.073438 0.414655 0.146875 0.229310
0 1.0 0.330469 0.361207 0.114062 0.212069
0 1.0 0.561719 0.359483 0.135937 0.294828
0 1.0 0.242188 0.400862 0.078125 0.181034
0 1.0 0.250000 0.402586 0.053125 0.112069
0 1.0 0.186719 0.428448 0.048438 0.115517
0 1.0 0.508594 0.372414 0.132812 0.255172
0 1.0 0.439063 0.279310 0.050000 0.086207
0 1.0 0.722656 0.389655 0.073438 0.158621
0 1.0 0.714844 0.367241 0.242188 0.262069
0 1.0 0.653906 0.241379 0.323437 0.120690
0 1.0 0.671094 0.289655 0.064062 0.093103
0 1.0 0.659375 0.214655 0.265625 0.322414
0 1.0 0.503125 0.260345 0.093750 0.175862
0 1.0 0.876563 0.291379 0.065625 0.106897
0 1.0 0.850000 0.251724 0.096875 0.110345
0 1.0 0.533594 0.245690 0.123438 0.098276
0 1.0 0.817969 0.241379 0.323437 0.120690
0 1.0 0.813281 0.247414 0.251563 0.284483
0 1.0 0.075000 0.301724 0.100000 0.072414
0 1.0 0.048438 0.360345 0.053125 0.093103
0 1.0 0.715625 0.305172 0.065625 0.093103
0 1.0 0.606250 0.276724 0.059375 0.105172
0 1.0 0.134375 0.036207 0.090625 0.072414
0 1.0 0.135937 0.066379 0.071875 0.108621
0 1.0 0.128125 0.054310 0.196875 0.108621
0 1.0 0.080469 0.072414 0.054688 0.093103
0 1.0 0.777344 0.315517 0.064062 0.093103
0 1.0 0.183594 0.068103 0.079687 0.132759
0 1.0 0.032031 0.072414 0.035937 0.075862
0 1.0 0.078125 0.036207 0.087500 0.072414
0 1.0 0.074219 0.068966 0.148438 0.137931
0 1.0 0.601562 0.279310 0.084375 0.168966
0 1.0 0.346094 0.287069 0.254688 0.191379
0 1.0 0.610156 0.330172 0.045312 0.070690
0 1.0 0.310156 0.296552 0.057813 0.127586
0 1.0 0.248438 0.335345 0.087500 0.198276
0 1.0 0.279687 0.286207 0.150000 0.103448
0 1.0 0.259375 0.332759 0.050000 0.106897
0 1.0 0.187500 0.366379 0.053125 0.118966
0 1.0 0.397656 0.287931 0.051562 0.072414
0 1.0 0.723437 0.368103 0.053125 0.084483
0 1.0 0.418750 0.285345 0.268750 0.125862
0 1.0 0.960156 0.301724 0.045312 0.124138
0 1.0 0.946875 0.239655 0.106250 0.100000
0 1.0 0.925781 0.245690 0.092188 0.263793
0 1.0 0.222656 0.328448 0.035937 0.070690
0 1.0 0.167969 0.294828 0.154688 0.093103
0 1.0 0.521875 0.288793 0.040625 0.060345
0 1.0 0.477344 0.291379 0.095312 0.120690
0 1.0 0.139063 0.354310 0.050000 0.084483
0 1.0 0.135937 0.317241 0.150000 0.158621
0 1.0 0.075781 0.357759 0.035937 0.074138
0 1.0 0.072656 0.369828 0.054688 0.118966
0 1.0 0.740625 0.443103 0.153125 0.117241
0 1.0 0.875781 0.440517 0.248438 0.156897
0 1.0 0.596094 0.437069 0.098437 0.294828
0 1.0 0.629687 0.448276 0.165625 0.110345
0 1.0 0.619531 0.448276 0.257812 0.172414
0 1.0 0.224219 0.489655 0.254688 0.134483
0 1.0 0.871094 0.443966 0.042188 0.077586
0 1.0 0.157812 0.493966 0.121875 0.218966
0 1.0 0.109375 0.493103 0.143750 0.110345
0 1.0 0.782813 0.443966 0.218750 0.187931
0 1.0 0.675000 0.446552 0.109375 0.220690
0 1.0 0.331250 0.490517 0.075000 0.153448
0 1.0 0.269531 0.454310 0.029687 0.056897
0 1.0 0.350781 0.460345 0.232813 0.279310
0 1.0 0.290625 0.496552 0.084375 0.189655
0 1.0 0.270313 0.451724 0.165625 0.117241
0 1.0 0.525781 0.434483 0.279687 0.348276
0 1.0 0.503906 0.475000 0.148438 0.274138
0 1.0 0.554688 0.450862 0.181250 0.101724
0 1.0 0.441406 0.471552 0.079687 0.132759
0 1.0 0.499219 0.454310 0.035937 0.060345
0 1.0 0.245312 0.489655 0.078125 0.131034
0 1.0 0.332031 0.524138 0.104688 0.265517
0 1.0 0.065625 0.490517 0.109375 0.091379
0 1.0 0.934375 0.441379 0.131250 0.110345
0 1.0 0.073438 0.486207 0.046875 0.086207
0 1.0 0.441406 0.536207 0.107813 0.237931
0 1.0 0.328906 0.431897 0.089063 0.208621
0 1.0 0.310156 0.402586 0.273438 0.125862
0 1.0 0.477344 0.452586 0.317188 0.129310
0 1.0 0.554688 0.386207 0.209375 0.117241
0 1.0 0.250781 0.405172 0.110937 0.089655
0 1.0 0.820312 0.427586 0.096875 0.189655
0 1.0 0.462500 0.388793 0.246875 0.143103
0 1.0 0.444531 0.418966 0.135937 0.237931
0 1.0 0.058594 0.403448 0.067187 0.100000
0 1.0 0.238281 0.422414 0.179688 0.203448
0 1.0 0.956250 0.375862 0.087500 0.113793
0 1.0 0.925781 0.422414 0.070312 0.131034
0 1.0 0.394531 0.399138 0.157812 0.305172
0 1.0 0.123438 0.406897 0.090625 0.106897
0 1.0 0.038281 0.440517 0.076563 0.198276
0 1.0 0.084375 0.440517 0.028125 0.063793
0 1.0 0.264062 0.444828 0.068750 0.086207
0 1.0 0.892188 0.398276 0.168750 0.117241
0 1.0 0.206250 0.462931 0.093750 0.170690
0 1.0 0.110937 0.443966 0.109375 0.129310
0 1.0 0.865625 0.434483 0.125000 0.237931
0 1.0 0.842187 0.397414 0.109375 0.105172
0 1.0 0.164062 0.449138 0.193750 0.167241
0 1.0 0.796875 0.391379 0.306250 0.137931
0 1.0 0.743750 0.388793 0.168750 0.112069
0 1.0 0.632812 0.655172 0.518750 0.248276
0 1.0 0.194531 0.647414 0.389062 0.225862
0 1.0 0.501563 0.168103 0.096875 0.184483
0 1.0 0.511719 0.134483 0.242188 0.148276
0 1.0 0.619531 0.122414 0.264062 0.168966
0 1.0 0.610938 0.141379 0.128125 0.196552
0 1.0 0.345313 0.168966 0.084375 0.179310
0 1.0 0.366406 0.137931 0.145313 0.134483
0 1.0 0.339062 0.135345 0.218750 0.270690
0 1.0 0.444531 0.189655 0.064062 0.127586
0 1.0 0.446094 0.166379 0.107813 0.156897
0 1.0 0.400781 0.151724 0.135937 0.227586
0 1.0 0.456250 0.128448 0.206250 0.250000
0 1.0 0.744531 0.543966 0.482812 0.239655
0 1.0 0.772656 0.156034 0.101562 0.177586
0 1.0 0.764844 0.127586 0.276562 0.175862
0 1.0 0.703125 0.155172 0.140625 0.268966
0 1.0 0.542969 0.171552 0.098437 0.167241
0 1.0 0.528125 0.543103 0.600000 0.248276
0 1.0 0.157812 0.845690 0.315625 0.208621
0 1.0 0.839844 0.753448 0.320312 0.231034
0 1.0 0.187500 0.150000 0.134375 0.186207
0 1.0 0.133594 0.175000 0.089063 0.208621
0 1.0 0.139844 0.131897 0.217188 0.118966
0 1.0 0.130469 0.154310 0.226562 0.260345
0 1.0 0.082031 0.168103 0.104688 0.229310
0 1.0 0.878125 0.131897 0.071875 0.153448
0 1.0 0.857812 0.079310 0.240625 0.158621
0 1.0 0.817969 0.147414 0.085938 0.201724
0 1.0 0.941406 0.081897 0.117188 0.132759
0 1.0 0.028125 0.177586 0.056250 0.200000
0 1.0 0.094531 0.127586 0.101562 0.075862
0 1.0 0.055469 0.136207 0.110937 0.151724
0 1.0 0.960938 0.152586 0.046875 0.146552
0 1.0 0.279687 0.130172 0.215625 0.125862
0 1.0 0.270313 0.761207 0.475000 0.243103
0 1.0 0.619531 0.656897 0.410938 0.548276
0 1.0 0.475781 0.767241 0.579688 0.272414
0 1.0 0.246094 0.178448 0.070312 0.153448
0 1.0 0.195312 0.180172 0.062500 0.198276
0 1.0 0.295312 0.199138 0.065625 0.150000
0 1.0 0.294531 0.171552 0.120313 0.194828
0 1.0 0.318750 0.147414 0.040625 0.070690
0 1.0 0.722656 0.356034 0.492188 0.212069
0 1.0 0.253906 0.203448 0.170313 0.206897
0 1.0 0.201563 0.201724 0.034375 0.079310
0 1.0 0.500781 0.356034 0.632812 0.239655
0 1.0 0.100781 0.182759 0.089063 0.075862
0 1.0 0.126562 0.213793 0.150000 0.268966
0 1.0 0.428906 0.438793 0.667188 0.236207
0 1.0 0.131250 0.181034 0.137500 0.100000
0 1.0 0.157812 0.485345 0.315625 0.412069
0 1.0 0.438281 0.478448 0.432812 0.512069
0 1.0 0.241406 0.402586 0.185938 0.491379
0 1.0 0.298438 0.355172 0.596875 0.200000
0 1.0 0.245312 0.363793 0.390625 0.389655
0 1.0 0.559375 0.286207 0.253125 0.493103
0 1.0 0.544531 0.252586 0.632812 0.222414
0 1.0 0.410156 0.193103 0.067187 0.079310
0 1.0 0.327344 0.195690 0.082812 0.112069
0 1.0 0.314063 0.213793 0.043750 0.093103
0 1.0 0.230469 0.588793 0.314063 0.501724
0 1.0 0.029687 0.245690 0.053125 0.177586
0 1.0 0.792188 0.447414 0.415625 0.229310
0 1.0 0.768750 0.486207 0.203125 0.458621
0 1.0 0.265625 0.543966 0.528125 0.225862
0 1.0 0.830469 0.124138 0.114062 0.103448
0 1.0 0.638281 0.463793 0.426563 0.482759
0 1.0 0.897656 0.125862 0.204687 0.172414
0 1.0 0.056250 0.195690 0.100000 0.146552
0 1.0 0.961719 0.208621 0.057813 0.220690
0 1.0 0.944531 0.127586 0.110937 0.106897
0 1.0 0.875000 0.168103 0.103125 0.315517
0 1.0 0.858594 0.075862 0.148438 0.106897
0 1.0 0.354687 0.677586 0.609375 0.444828
0 1.0 0.820312 0.081897 0.059375 0.112069
0 1.0 0.814844 0.033621 0.214062 0.067241
0 1.0 0.829688 0.063793 0.043750 0.058621
0 1.0 0.600781 0.061207 0.079687 0.091379
0 1.0 0.610156 0.042241 0.204687 0.084483
0 1.0 0.767969 0.066379 0.070312 0.125862
0 1.0 0.712500 0.066379 0.065625 0.115517
0 1.0 0.728906 0.032759 0.204687 0.065517
0 1.0 0.875781 0.081034 0.048438 0.100000
0 1.0 0.861719 0.029310 0.098437 0.058621
0 1.0 0.244531 0.062069 0.164062 0.124138
0 1.0 0.396094 0.091379 0.226562 0.182759
0 1.0 0.411719 0.062931 0.114062 0.125862
0 1.0 0.350781 0.109483 0.051562 0.132759
0 1.0 0.335156 0.032759 0.057813 0.062069
0 1.0 0.357812 0.061207 0.112500 0.122414
0 1.0 0.293750 0.106897 0.075000 0.158621
0 1.0 0.285938 0.036207 0.128125 0.072414
0 1.0 0.703906 0.787069 0.592187 0.425862
0 1.0 0.233594 0.087931 0.067187 0.162069
0 1.0 0.557031 0.057759 0.145313 0.115517
0 1.0 0.502344 0.093966 0.082812 0.160345
0 1.0 0.517969 0.032759 0.160938 0.065517
0 1.0 0.705469 0.085345 0.279687 0.170690
0 1.0 0.721875 0.053448 0.125000 0.106897
0 1.0 0.662500 0.075000 0.084375 0.132759
0 1.0 0.443750 0.097414 0.043750 0.084483
0 1.0 0.508594 0.028448 0.048438 0.050000
0 1.0 0.442969 0.081897 0.085938 0.108621
0 1.0 0.421875 0.037069 0.215625 0.074138
0 1.0 0.549219 0.087931 0.067187 0.120690
0 1.0 0.506250 0.869828 0.759375 0.260345
0 1.0 0.507031 0.212069 0.860938 0.424138
0 1.0 0.564063 0.079310 0.315625 0.148276
0 1.0 0.159375 0.925000 0.318750 0.150000
0 1.0 0.839844 0.845690 0.320312 0.218966
0 1.0 0.564844 0.921552 0.567187 0.156897
0 1.0 0.708594 0.121552 0.101562 0.156897
0 1.0 0.925781 0.141379 0.120313 0.282759
0 1.0 0.658594 0.128448 0.126562 0.212069
0 1.0 0.738281 0.121552 0.523438 0.243103
0 1.0 0.246875 0.121552 0.493750 0.243103
0 1.0 0.958594 0.051724 0.082812 0.103448
0 1.0 0.907813 0.033621 0.184375 0.067241
0 1.0 0.130469 0.108621 0.098437 0.141379
0 1.0 0.025000 0.118966 0.046875 0.120690
0 1.0 0.961719 0.081034 0.035937 0.086207
0 1.0 0.878125 0.852586 0.109375 0.208621
0 1.0 0.842187 0.884483 0.100000 0.110345
0 1.0 0.131250 0.903448 0.146875 0.175862
0 1.0 0.030469 0.911207 0.060937 0.177586
0 1.0 0.062500 0.918966 0.125000 0.086207
0 1.0 0.748437 0.868103 0.203125 0.215517
0 1.0 0.716406 0.836207 0.073438 0.127586
0 1.0 0.346875 0.909483 0.121875 0.143103
0 1.0 0.967187 0.877586 0.040625 0.106897
0 1.0 0.928125 0.876724 0.143750 0.125862
0 1.0 0.227344 0.881034 0.110937 0.237931
0 1.0 0.258594 0.918103 0.204687 0.139655
0 1.0 0.254688 0.860345 0.237500 0.279310
0 1.0 0.188281 0.890517 0.101562 0.218966
0 1.0 0.812500 0.882759 0.184375 0.134483
0 1.0 0.764844 0.864655 0.085938 0.153448
0 1.0 0.437500 0.820690 0.071875 0.151724
0 1.0 0.436719 0.843966 0.114062 0.215517
0 1.0 0.465625 0.837069 0.237500 0.281034
0 1.0 0.657031 0.849138 0.076563 0.143103
0 1.0 0.650781 0.879310 0.339062 0.155172
0 1.0 0.462500 0.874138 0.171875 0.124138
0 1.0 0.916406 0.839655 0.114062 0.255172
0 1.0 0.828125 0.911207 0.053125 0.087931
0 1.0 0.607031 0.860345 0.089063 0.155172
0 1.0 0.550781 0.820690 0.120313 0.244828
0 1.0 0.566406 0.910345 0.282813 0.148276
0 1.0 0.820312 0.925000 0.103125 0.132759
0 1.0 0.814844 0.918966 0.257812 0.137931
0 1.0 0.766406 0.915517 0.110937 0.144828
0 1.0 0.397656 0.876724 0.107813 0.246552
0 1.0 0.409375 0.918103 0.300000 0.132759
0 1.0 0.655469 0.905172 0.110937 0.189655
0 1.0 0.717187 0.914655 0.134375 0.150000
0 1.0 0.943750 0.927586 0.112500 0.144828
0 1.0 0.857812 0.921552 0.131250 0.094828
0 1.0 0.500000 0.871552 0.131250 0.256897
0 1.0 0.737500 0.818966 0.293750 0.134483
0 1.0 0.464844 0.820690 0.220312 0.131034
0 1.0 0.888281 0.819828 0.223438 0.136207
0 1.0 0.610938 0.813793 0.359375 0.151724
0 1.0 0.189062 0.804310 0.156250 0.267241
0 1.0 0.183594 0.039655 0.139063 0.079310
0 1.0 0.337500 0.799138 0.143750 0.360345
0 1.0 0.319531 0.813793 0.192188 0.134483
0 1.0 0.061719 0.815517 0.079687 0.093103
0 1.0 0.134375 0.826724 0.075000 0.187931
0 1.0 0.341406 0.839655 0.079687 0.210345
0 1.0 0.341406 0.873276 0.173437 0.136207
0 1.0 0.034375 0.832759 0.046875 0.151724
0 1.0 0.289062 0.863793 0.075000 0.134483
0 1.0 0.049219 0.871552 0.085938 0.091379
0 1.0 0.259375 0.866379 0.125000 0.167241
0 1.0 0.192188 0.818103 0.056250 0.187931
0 1.0 0.814063 0.821552 0.165625 0.098276
0 1.0 0.849219 0.831897 0.085938 0.098276
0 1.0 0.749219 0.208621 0.267188 0.417241
0 1.0 0.817187 0.242241 0.090625 0.198276
0 1.0 0.817969 0.179310 0.245312 0.113793
0 1.0 0.766406 0.243103 0.085938 0.168966
0 1.0 0.557813 0.144828 0.471875 0.272414
0 1.0 0.603906 0.202586 0.095312 0.177586
0 1.0 0.701562 0.169828 0.287500 0.163793
0 1.0 0.660937 0.205172 0.106250 0.182759
0 1.0 0.032813 0.313793 0.043750 0.120690
0 1.0 0.076563 0.235345 0.153125 0.094828
0 1.0 0.076563 0.235345 0.153125 0.270690
0 1.0 0.945312 0.183621 0.109375 0.101724
0 1.0 0.203906 0.237931 0.198437 0.151724
0 1.0 0.129688 0.288793 0.078125 0.194828
0 1.0 0.703906 0.227586 0.095312 0.165517
0 1.0 0.820312 0.181897 0.096875 0.087931
0 1.0 0.471875 0.190517 0.065625 0.101724
0 1.0 0.366406 0.203448 0.051562 0.096552
0 1.0 0.339062 0.192241 0.209375 0.118966
0 1.0 0.350781 0.291379 0.210938 0.482759
0 1.0 0.274219 0.250862 0.548438 0.212069
0 1.0 0.161719 0.256897 0.323437 0.403448
0 1.0 0.532813 0.185345 0.168750 0.112069
0 1.0 0.518750 0.195690 0.062500 0.077586
0 1.0 0.530469 0.962069 0.095312 0.058621
0 1.0 0.504687 0.936207 0.118750 0.127586
0 1.0 0.443750 0.928448 0.093750 0.143103
0 1.0 0.467969 0.962069 0.082812 0.055172
0 1.0 0.135156 0.941379 0.085938 0.117241
0 1.0 0.183594 0.965517 0.070312 0.055172
0 1.0 0.410156 0.946552 0.132812 0.106897
0 1.0 0.346875 0.950862 0.081250 0.098276
0 1.0 0.685156 0.949138 0.217188 0.101724
0 1.0 0.610938 0.938793 0.090625 0.122414
0 1.0 0.311719 0.967241 0.082812 0.065517
0 1.0 0.235156 0.944828 0.082812 0.110345
0 1.0 0.285938 0.966379 0.056250 0.050000
0 1.0 0.382031 0.968966 0.079687 0.058621
0 1.0 0.137500 0.966379 0.078125 0.056897
0 1.0 0.089063 0.946552 0.140625 0.106897
0 1.0 0.062500 0.969828 0.065625 0.053448
0 1.0 0.351562 0.956897 0.181250 0.086207
0 1.0 0.289844 0.938793 0.092188 0.122414
0 1.0 0.050781 0.956897 0.101562 0.086207
0 1.0 0.200781 0.955172 0.176563 0.089655
0 1.0 0.965625 0.956897 0.068750 0.086207
0 1.0 0.186719 0.305172 0.051562 0.151724
0 1.0 0.185156 0.271552 0.095312 0.181034
0 1.0 0.864844 0.960345 0.107813 0.062069
0 1.0 0.846094 0.954310 0.179688 0.091379
0 1.0 0.387500 0.239655 0.093750 0.117241
0 1.0 0.291406 0.279310 0.076563 0.213793
0 1.0 0.087500 0.286207 0.075000 0.172414
0 1.0 0.253906 0.261207 0.082812 0.194828
0 1.0 0.167187 0.075000 0.334375 0.150000
0 1.0 0.553906 0.938793 0.092188 0.122414
0 1.0 0.589844 0.953448 0.182812 0.093103
0 1.0 0.292187 0.237069 0.137500 0.115517
0 1.0 0.809375 0.956897 0.084375 0.055172
0 1.0 0.714844 0.950000 0.092188 0.100000
0 1.0 0.759375 0.957759 0.118750 0.067241
0 1.0 0.914062 0.965517 0.121875 0.068966
0 1.0 0.885938 0.962931 0.050000 0.050000
0 1.0 0.253125 0.211207 0.196875 0.422414
0 1.0 0.683594 0.342241 0.632812 0.684483
0 1.0 0.352344 0.881897 0.332813 0.236207
0 1.0 0.744531 0.912069 0.464062 0.175862
0 1.0 0.748437 0.571552 0.490625 0.691379
0 1.0 0.328125 0.339655 0.656250 0.679310
0 1.0 0.877344 0.190517 0.245312 0.381034
0 1.0 0.928125 0.370690 0.143750 0.537931
0 1.0 0.514844 0.746552 0.364063 0.506897
0 1.0 0.119531 0.593103 0.101562 0.124138
0 1.0 0.108594 0.549138 0.114062 0.129310