0 1.0 0.096875 0.475000 0.106250 0.333333
0 1.0 0.499219 0.510417 0.892188 0.400000
0 1.0 0.083594 0.648958 0.164062 0.185417
0 1.0 0.030469 0.671875 0.054688 0.164583
0 1.0 0.056250 0.667708 0.068750 0.060417
0 1.0 0.957031 0.616667 0.045312 0.116667
0 1.0 0.933594 0.604167 0.132812 0.112500
0 1.0 0.235156 0.631250 0.154688 0.258333
0 1.0 0.297656 0.664583 0.026562 0.054167
0 1.0 0.919531 0.582292 0.110937 0.260417
0 1.0 0.857812 0.605208 0.275000 0.139583
0 1.0 0.078906 0.673958 0.020313 0.043750
0 1.0 0.184375 0.641667 0.115625 0.237500
0 1.0 0.186719 0.662500 0.304688 0.112500
0 1.0 0.201563 0.661458 0.096875 0.089583
0 1.0 0.167187 0.670833 0.028125 0.050000
0 1.0 0.132031 0.639583 0.145313 0.254167
0 1.0 0.187500 0.669792 0.053125 0.072917
0 1.0 0.408594 0.640625 0.251563 0.218750
0 1.0 0.768750 0.585417 0.290625 0.245833
0 1.0 0.725000 0.638542 0.062500 0.193750
0 1.0 0.712500 0.607292 0.340625 0.139583
0 1.0 0.738281 0.640625 0.039062 0.122917
0 1.0 0.732031 0.609375 0.132812 0.122917
0 1.0 0.666406 0.658333 0.032813 0.079167
0 1.0 0.654687 0.594792 0.296875 0.239583
0 1.0 0.608594 0.657292 0.051562 0.135417
0 1.0 0.607812 0.614583 0.268750 0.125000
0 1.0 0.615625 0.662500 0.025000 0.070833
0 1.0 0.517969 0.660417 0.339062 0.125000
0 1.0 0.875000 0.597917 0.118750 0.237500
0 1.0 0.746094 0.609375 0.060937 0.081250
0 1.0 0.882812 0.606250 0.075000 0.145833
0 1.0 0.818750 0.612500 0.028125 0.062500
0 1.0 0.810937 0.604167 0.112500 0.258333
0 1.0 0.138281 0.667708 0.148438 0.081250
0 1.0 0.753125 0.613542 0.093750 0.256250
0 1.0 0.759375 0.617708 0.059375 0.164583
0 1.0 0.672656 0.662500 0.317188 0.125000
0 1.0 0.700000 0.664583 0.125000 0.108333
0 1.0 0.655469 0.641667 0.107813 0.250000
0 1.0 0.603125 0.643750 0.100000 0.233333
0 1.0 0.611719 0.661458 0.148438 0.110417
0 1.0 0.536719 0.637500 0.107813 0.212500
0 1.0 0.870313 0.658333 0.246875 0.108333
0 1.0 0.733594 0.664583 0.042188 0.050000
0 1.0 0.811719 0.669792 0.023438 0.035417
0 1.0 0.169531 0.700000 0.042188 0.066667
0 1.0 0.514062 0.662500 0.015625 0.050000
0 1.0 0.664062 0.656250 0.068750 0.150000
0 1.0 0.334375 0.654167 0.093750 0.204167
0 1.0 0.375781 0.659375 0.076563 0.064583
0 1.0 0.400000 0.660417 0.034375 0.054167
0 1.0 0.284375 0.647917 0.087500 0.212500
0 1.0 0.296875 0.668750 0.015625 0.033333
0 1.0 0.553125 0.661458 0.062500 0.081250
0 1.0 0.452344 0.646875 0.067187 0.177083
0 1.0 0.503125 0.667708 0.084375 0.072917
0 1.0 0.548438 0.671875 0.018750 0.047917
0 1.0 0.390625 0.641667 0.112500 0.241667
0 1.0 0.947656 0.586458 0.060937 0.139583
0 1.0 0.671875 0.635417 0.025000 0.062500
0 1.0 0.606250 0.651042 0.031250 0.093750
0 1.0 0.617188 0.560417 0.246875 0.120833
0 1.0 0.612500 0.643750 0.018750 0.054167
0 1.0 0.767188 0.561458 0.056250 0.085417
0 1.0 0.796094 0.564583 0.095312 0.116667
0 1.0 0.146875 0.557292 0.246875 0.302083
0 1.0 0.825781 0.597917 0.045312 0.116667
0 1.0 0.776563 0.594792 0.050000 0.143750
0 1.0 0.469531 0.580208 0.129688 0.181250
0 1.0 0.445312 0.560417 0.093750 0.116667
0 1.0 0.405469 0.554167 0.260937 0.241667
0 1.0 0.341406 0.626042 0.042188 0.089583
0 1.0 0.341406 0.594792 0.082812 0.122917
0 1.0 0.359375 0.562500 0.218750 0.141667
0 1.0 0.286719 0.605208 0.048438 0.114583
0 1.0 0.281250 0.575000 0.118750 0.179167
0 1.0 0.311719 0.563542 0.054688 0.093750
0 1.0 0.545312 0.615625 0.062500 0.131250
0 1.0 0.550000 0.567708 0.256250 0.260417
0 1.0 0.502344 0.555208 0.295312 0.135417
0 1.0 0.510156 0.607292 0.060937 0.152083
0 1.0 0.464062 0.648958 0.028125 0.081250
0 1.0 0.489844 0.562500 0.098437 0.091667
0 1.0 0.431250 0.616667 0.268750 0.100000
0 1.0 0.331250 0.635417 0.065625 0.129167
0 1.0 0.347656 0.611458 0.223438 0.089583
0 1.0 0.392969 0.617708 0.032813 0.043750
0 1.0 0.238281 0.608333 0.264062 0.095833
0 1.0 0.316406 0.616667 0.017188 0.033333
0 1.0 0.269531 0.585417 0.279687 0.225000
0 1.0 0.612500 0.622917 0.043750 0.062500
0 1.0 0.532031 0.620833 0.064062 0.075000
0 1.0 0.530469 0.634375 0.014063 0.031250
0 1.0 0.078125 0.586458 0.100000 0.210417
0 1.0 0.172656 0.626042 0.023438 0.043750
0 1.0 0.056250 0.615625 0.059375 0.052083
0 1.0 0.084375 0.621875 0.015625 0.035417
0 1.0 0.052344 0.625000 0.073438 0.125000
0 1.0 0.934375 0.555208 0.131250 0.110417
0 1.0 0.304688 0.607292 0.031250 0.056250
0 1.0 0.137500 0.617708 0.162500 0.085417
0 1.0 0.212500 0.619792 0.050000 0.068750
0 1.0 0.510938 0.626042 0.015625 0.035417
0 1.0 0.224219 0.605208 0.085938 0.089583
0 1.0 0.710156 0.758333 0.273438 0.112500
0 1.0 0.725000 0.716667 0.081250 0.187500
0 1.0 0.732812 0.765625 0.115625 0.097917
0 1.0 0.710156 0.755208 0.251563 0.281250
0 1.0 0.666406 0.711458 0.064062 0.131250
0 1.0 0.655469 0.747917 0.185938 0.204167
0 1.0 0.894531 0.772917 0.210938 0.295833
0 1.0 0.603906 0.704167 0.060937 0.125000
0 1.0 0.548438 0.714583 0.087500 0.216667
0 1.0 0.873437 0.731250 0.103125 0.245833
0 1.0 0.774219 0.766667 0.082812 0.079167
0 1.0 0.839844 0.776042 0.029687 0.056250
0 1.0 0.814844 0.727083 0.095312 0.245833
0 1.0 0.821875 0.759375 0.300000 0.135417
0 1.0 0.816406 0.759375 0.185938 0.227083
0 1.0 0.763281 0.714583 0.079687 0.220833
0 1.0 0.037500 0.817708 0.075000 0.252083
0 1.0 0.063281 0.808333 0.126562 0.083333
0 1.0 0.485938 0.767708 0.028125 0.060417
0 1.0 0.403906 0.747917 0.242188 0.279167
0 1.0 0.313281 0.756250 0.279687 0.116667
0 1.0 0.579688 0.755208 0.275000 0.114583
0 1.0 0.288281 0.728125 0.110937 0.256250
0 1.0 0.182812 0.758333 0.237500 0.095833
0 1.0 0.260937 0.762500 0.025000 0.041667
0 1.0 0.277344 0.740625 0.260937 0.264583
0 1.0 0.595313 0.759375 0.100000 0.093750
0 1.0 0.564063 0.747917 0.246875 0.270833
0 1.0 0.502344 0.720833 0.085938 0.250000
0 1.0 0.451562 0.702083 0.046875 0.129167
0 1.0 0.471875 0.763542 0.268750 0.114583
0 1.0 0.453125 0.721875 0.121875 0.235417
0 1.0 0.535937 0.770833 0.021875 0.045833
0 1.0 0.467969 0.813542 0.045312 0.077083
0 1.0 0.341406 0.795833 0.110937 0.279167
0 1.0 0.328906 0.808333 0.310937 0.116667
0 1.0 0.343750 0.808333 0.146875 0.108333
0 1.0 0.178125 0.798958 0.271875 0.139583
0 1.0 0.272656 0.819792 0.026562 0.043750
0 1.0 0.230469 0.795833 0.123438 0.275000
0 1.0 0.612500 0.803125 0.215625 0.131250
0 1.0 0.579688 0.804167 0.096875 0.091667
0 1.0 0.514844 0.805208 0.282813 0.110417
0 1.0 0.502344 0.787500 0.170313 0.195833
0 1.0 0.767969 0.800000 0.176563 0.208333
0 1.0 0.525000 0.813542 0.028125 0.052083
0 1.0 0.392969 0.792708 0.123438 0.327083
0 1.0 0.089844 0.800000 0.179688 0.208333
0 1.0 0.066406 0.812500 0.039062 0.058333
0 1.0 0.964844 0.752083 0.054688 0.154167
0 1.0 0.233594 0.808333 0.104688 0.100000
0 1.0 0.934375 0.763542 0.131250 0.135417
0 1.0 0.186719 0.773958 0.129688 0.193750
0 1.0 0.444531 0.777083 0.060937 0.166667
0 1.0 0.124219 0.807292 0.098437 0.093750
0 1.0 0.501563 0.693750 0.018750 0.050000
0 1.0 0.650781 0.694792 0.270313 0.256250
0 1.0 0.351562 0.693750 0.053125 0.062500
0 1.0 0.343750 0.692708 0.265625 0.260417
0 1.0 0.243750 0.756250 0.100000 0.100000
0 1.0 0.188281 0.710417 0.198437 0.083333
0 1.0 0.266406 0.713542 0.020313 0.035417
0 1.0 0.623437 0.686458 0.065625 0.072917
0 1.0 0.524219 0.691667 0.214062 0.095833
0 1.0 0.746875 0.700000 0.293750 0.112500
0 1.0 0.500781 0.698958 0.173437 0.206250
0 1.0 0.505469 0.697917 0.060937 0.058333
0 1.0 0.541406 0.694792 0.020313 0.047917
0 1.0 0.431250 0.692708 0.259375 0.106250
0 1.0 0.065625 0.701042 0.062500 0.060417
0 1.0 0.045312 0.709375 0.090625 0.235417
0 1.0 0.086719 0.698958 0.026562 0.052083
0 1.0 0.959375 0.666667 0.059375 0.158333
0 1.0 0.264062 0.710417 0.053125 0.070833
0 1.0 0.924219 0.655208 0.151562 0.252083
0 1.0 0.221875 0.679167 0.275000 0.250000
0 1.0 0.942187 0.654167 0.115625 0.087500
0 1.0 0.542188 0.688542 0.084375 0.085417
0 1.0 0.134375 0.702083 0.203125 0.183333
0 1.0 0.325781 0.697917 0.089063 0.066667
0 1.0 0.338281 0.757292 0.110937 0.093750
0 1.0 0.059375 0.759375 0.118750 0.081250
0 1.0 0.074219 0.767708 0.029687 0.047917
0 1.0 0.960938 0.709375 0.078125 0.097917
0 1.0 0.864062 0.706250 0.256250 0.112500
0 1.0 0.136719 0.764583 0.095312 0.091667
0 1.0 0.714844 0.689583 0.160938 0.212500
0 1.0 0.894531 0.709375 0.114062 0.106250
0 1.0 0.717969 0.710417 0.045312 0.054167
0 1.0 0.801562 0.715625 0.021875 0.039583
0 1.0 0.775000 0.345833 0.278125 0.125000
0 1.0 0.717187 0.403125 0.071875 0.152083
0 1.0 0.725781 0.398958 0.039062 0.072917
0 1.0 0.717187 0.353125 0.256250 0.260417
0 1.0 0.664844 0.415625 0.067187 0.143750
0 1.0 0.672656 0.345833 0.304688 0.100000
0 1.0 0.676562 0.412500 0.037500 0.070833
0 1.0 0.604688 0.431250 0.046875 0.104167
0 1.0 0.921875 0.379167 0.121875 0.225000
0 1.0 0.900000 0.345833 0.200000 0.137500
0 1.0 0.877344 0.378125 0.079687 0.160417
0 1.0 0.839844 0.351042 0.123438 0.068750
0 1.0 0.886719 0.389583 0.048438 0.087500
0 1.0 0.780469 0.384375 0.048438 0.097917
0 1.0 0.816406 0.375000 0.073438 0.158333
0 1.0 0.826562 0.389583 0.046875 0.095833
0 1.0 0.819531 0.358333 0.270313 0.275000
0 1.0 0.769531 0.384375 0.085938 0.193750
0 1.0 0.448437 0.359375 0.246875 0.285417
0 1.0 0.489844 0.381250 0.039062 0.054167
0 1.0 0.393750 0.418750 0.056250 0.125000
0 1.0 0.428125 0.353125 0.228125 0.085417
0 1.0 0.396875 0.386458 0.090625 0.127083
0 1.0 0.609375 0.426042 0.025000 0.052083
0 1.0 0.322656 0.366667 0.139063 0.062500
0 1.0 0.353125 0.391667 0.075000 0.091667
0 1.0 0.348438 0.357292 0.237500 0.268750
0 1.0 0.371875 0.382292 0.034375 0.052083
0 1.0 0.298438 0.425000 0.028125 0.062500
0 1.0 0.257031 0.365625 0.198437 0.081250
0 1.0 0.296094 0.396875 0.067187 0.089583
0 1.0 0.353125 0.425000 0.034375 0.070833
0 1.0 0.614062 0.359375 0.243750 0.264583
0 1.0 0.551562 0.437500 0.059375 0.125000
0 1.0 0.569531 0.351042 0.173437 0.097917
0 1.0 0.501563 0.441667 0.050000 0.112500
0 1.0 0.503125 0.357292 0.150000 0.127083
0 1.0 0.444531 0.407292 0.014063 0.027083
0 1.0 0.511719 0.360417 0.107813 0.062500
0 1.0 0.437500 0.396875 0.075000 0.089583
0 1.0 0.471875 0.420833 0.096875 0.095833
0 1.0 0.392969 0.484375 0.073438 0.139583
0 1.0 0.416406 0.395833 0.254688 0.091667
0 1.0 0.341406 0.490625 0.057813 0.106250
0 1.0 0.357812 0.416667 0.109375 0.108333
0 1.0 0.296094 0.490625 0.060937 0.118750
0 1.0 0.289062 0.395833 0.131250 0.070833
0 1.0 0.277344 0.416667 0.285938 0.270833
0 1.0 0.603906 0.409375 0.179688 0.139583
0 1.0 0.551562 0.518750 0.071875 0.150000
0 1.0 0.558594 0.427083 0.251563 0.291667
0 1.0 0.517969 0.395833 0.310937 0.108333
0 1.0 0.509375 0.510417 0.050000 0.083333
0 1.0 0.447656 0.517708 0.048438 0.089583
0 1.0 0.486719 0.397917 0.145313 0.075000
0 1.0 0.448437 0.485417 0.078125 0.091667
0 1.0 0.502344 0.528125 0.067187 0.139583
0 1.0 0.137500 0.385417 0.109375 0.104167
0 1.0 0.031250 0.464583 0.062500 0.216667
0 1.0 0.069531 0.412500 0.139063 0.262500
0 1.0 0.065625 0.395833 0.093750 0.154167
0 1.0 0.964063 0.376042 0.021875 0.047917
0 1.0 0.939844 0.341667 0.120313 0.095833
0 1.0 0.953125 0.391667 0.046875 0.079167
0 1.0 0.107031 0.388542 0.045312 0.093750
0 1.0 0.228906 0.500000 0.067187 0.116667
0 1.0 0.185938 0.392708 0.306250 0.127083
0 1.0 0.232031 0.490625 0.032813 0.056250
0 1.0 0.171875 0.456250 0.131250 0.279167
0 1.0 0.517188 0.335417 0.012500 0.025000
0 1.0 0.395313 0.332292 0.065625 0.131250
0 1.0 0.428125 0.284375 0.162500 0.068750
0 1.0 0.405469 0.292708 0.226562 0.264583
0 1.0 0.411719 0.306250 0.082812 0.100000
0 1.0 0.403906 0.295833 0.026562 0.029167
0 1.0 0.360156 0.357292 0.035937 0.047917
0 1.0 0.339062 0.295833 0.187500 0.083333
0 1.0 0.384375 0.333333 0.021875 0.037500
0 1.0 0.300000 0.382292 0.034375 0.060417
0 1.0 0.282813 0.300000 0.109375 0.054167
0 1.0 0.305469 0.360417 0.032813 0.045833
0 1.0 0.354687 0.382292 0.034375 0.060417
0 1.0 0.614844 0.294792 0.207813 0.102083
0 1.0 0.624219 0.310417 0.085938 0.091667
0 1.0 0.557031 0.357292 0.057813 0.102083
0 1.0 0.582812 0.291667 0.121875 0.058333
0 1.0 0.564844 0.341667 0.029687 0.045833
0 1.0 0.558594 0.296875 0.229687 0.256250
0 1.0 0.482031 0.297917 0.145313 0.087500
0 1.0 0.503125 0.366667 0.056250 0.104167
0 1.0 0.533594 0.288542 0.148438 0.064583
0 1.0 0.513281 0.362500 0.026562 0.045833
0 1.0 0.519531 0.315625 0.073438 0.081250
0 1.0 0.450000 0.381250 0.028125 0.058333
0 1.0 0.558594 0.301042 0.017188 0.027083
0 1.0 0.453125 0.344792 0.053125 0.072917
0 1.0 0.575781 0.320833 0.051562 0.062500
0 1.0 0.128906 0.325000 0.104688 0.108333
0 1.0 0.092969 0.360417 0.064062 0.150000
0 1.0 0.201563 0.032292 0.115625 0.064583
0 1.0 0.184375 0.063542 0.096875 0.127083
0 1.0 0.134375 0.081250 0.059375 0.125000
0 1.0 0.153125 0.032292 0.131250 0.064583
0 1.0 0.139844 0.084375 0.239063 0.168750
0 1.0 0.076563 0.075000 0.050000 0.100000
0 1.0 0.096094 0.039583 0.132812 0.079167
0 1.0 0.025000 0.075000 0.034375 0.087500
0 1.0 0.292969 0.297917 0.251563 0.250000
0 1.0 0.336719 0.346875 0.010937 0.022917
0 1.0 0.236719 0.385417 0.045312 0.079167
0 1.0 0.179688 0.295833 0.162500 0.083333
0 1.0 0.248438 0.375000 0.012500 0.025000
0 1.0 0.245312 0.315625 0.096875 0.093750
0 1.0 0.116406 0.292708 0.229687 0.252083
0 1.0 0.178125 0.346875 0.050000 0.077083
0 1.0 0.140625 0.312500 0.240625 0.129167
0 1.0 0.215625 0.338542 0.015625 0.031250
0 1.0 0.112500 0.357292 0.046875 0.089583
0 1.0 0.183594 0.379167 0.039062 0.079167
0 1.0 0.146875 0.348958 0.075000 0.077083
0 1.0 0.026562 0.369792 0.021875 0.072917
0 1.0 0.613281 0.338542 0.010937 0.022917
0 1.0 0.965625 0.341667 0.034375 0.079167
0 1.0 0.966406 0.287500 0.067187 0.079167
0 1.0 0.960938 0.313542 0.031250 0.052083
0 1.0 0.933594 0.290625 0.132812 0.127083
0 1.0 0.034375 0.371875 0.043750 0.110417
0 1.0 0.332031 0.385417 0.020313 0.037500
0 1.0 0.228125 0.421875 0.056250 0.114583
0 1.0 0.228125 0.415625 0.034375 0.064583
0 1.0 0.237500 0.373958 0.096875 0.097917
0 1.0 0.171875 0.379167 0.112500 0.150000
0 1.0 0.196094 0.380208 0.035937 0.064583
0 1.0 0.115625 0.404167 0.065625 0.170833
0 1.0 0.791406 0.311458 0.020313 0.043750
0 1.0 0.772656 0.290625 0.235937 0.110417
0 1.0 0.721094 0.341667 0.064062 0.125000
0 1.0 0.737500 0.326042 0.018750 0.035417
0 1.0 0.724219 0.307292 0.107813 0.110417
0 1.0 0.669531 0.344792 0.057813 0.106250
0 1.0 0.678906 0.291667 0.195312 0.075000
0 1.0 0.689063 0.334375 0.015625 0.031250
0 1.0 0.604688 0.354167 0.046875 0.083333
0 1.0 0.882812 0.307292 0.068750 0.143750
0 1.0 0.867969 0.294792 0.042188 0.039583
0 1.0 0.897656 0.288542 0.017188 0.035417
0 1.0 0.825000 0.316667 0.068750 0.158333
0 1.0 0.836719 0.289583 0.154688 0.079167
0 1.0 0.840625 0.298958 0.018750 0.039583
0 1.0 0.775781 0.329167 0.073438 0.158333
0 1.0 0.869531 0.302083 0.089063 0.058333
0 1.0 0.712500 0.506250 0.309375 0.150000
0 1.0 0.394531 0.592708 0.051562 0.102083
0 1.0 0.412500 0.506250 0.306250 0.116667
0 1.0 0.321094 0.517708 0.248438 0.127083
0 1.0 0.219531 0.508333 0.304688 0.120833
0 1.0 0.561719 0.498958 0.310937 0.118750
0 1.0 0.846875 0.519792 0.256250 0.289583
0 1.0 0.730469 0.581250 0.032813 0.087500
0 1.0 0.453906 0.614583 0.029687 0.070833
0 1.0 0.116406 0.502083 0.232813 0.112500
0 1.0 0.041406 0.530208 0.057813 0.218750
0 1.0 0.060156 0.502083 0.120313 0.083333
0 1.0 0.058594 0.505208 0.048438 0.072917
0 1.0 0.959375 0.518750 0.028125 0.079167
0 1.0 0.972656 0.442708 0.054688 0.068750
0 1.0 0.950000 0.500000 0.046875 0.087500
0 1.0 0.925000 0.446875 0.150000 0.131250
0 1.0 0.917188 0.460417 0.165625 0.266667
0 1.0 0.238281 0.570833 0.060937 0.154167
0 1.0 0.178125 0.533333 0.087500 0.204167
0 1.0 0.134375 0.555208 0.184375 0.114583
0 1.0 0.072656 0.558333 0.107813 0.087500
0 1.0 0.084375 0.562500 0.025000 0.062500
0 1.0 0.241406 0.057292 0.157812 0.114583
0 1.0 0.185938 0.591667 0.075000 0.154167
0 1.0 0.199219 0.559375 0.295312 0.152083
0 1.0 0.721094 0.586458 0.051562 0.139583
0 1.0 0.935156 0.496875 0.129688 0.102083
0 1.0 0.870313 0.496875 0.259375 0.131250
0 1.0 0.666406 0.598958 0.042188 0.097917
0 1.0 0.676562 0.590625 0.025000 0.056250
0 1.0 0.618750 0.597917 0.018750 0.050000
0 1.0 0.792969 0.505208 0.082812 0.085417
0 1.0 0.882812 0.544792 0.087500 0.172917
0 1.0 0.800781 0.513542 0.204687 0.143750
0 1.0 0.140625 0.437500 0.068750 0.075000
0 1.0 0.103125 0.436458 0.021875 0.047917
0 1.0 0.291406 0.573958 0.035937 0.068750
0 1.0 0.962500 0.484375 0.040625 0.106250
0 1.0 0.924219 0.393750 0.151562 0.108333
0 1.0 0.953125 0.460417 0.059375 0.104167
0 1.0 0.255469 0.442708 0.073438 0.068750
0 1.0 0.244531 0.545833 0.032813 0.062500
0 1.0 0.233594 0.444792 0.282813 0.135417
0 1.0 0.230469 0.484375 0.154688 0.147917
0 1.0 0.179688 0.470833 0.078125 0.137500
0 1.0 0.775000 0.398958 0.287500 0.131250
0 1.0 0.717187 0.481250 0.071875 0.145833
0 1.0 0.725781 0.475000 0.042188 0.079167
0 1.0 0.665625 0.484375 0.071875 0.143750
0 1.0 0.674219 0.480208 0.042188 0.077083
0 1.0 0.598437 0.503125 0.056250 0.110417
0 1.0 0.600781 0.500000 0.026562 0.050000
0 1.0 0.876563 0.468750 0.087500 0.191667
0 1.0 0.884375 0.465625 0.062500 0.114583
0 1.0 0.778906 0.477083 0.045312 0.083333
0 1.0 0.871094 0.406250 0.192188 0.170833
0 1.0 0.817187 0.468750 0.081250 0.195833
0 1.0 0.826562 0.465625 0.053125 0.106250
0 1.0 0.767969 0.484375 0.073438 0.152083
0 1.0 0.777344 0.446875 0.298438 0.131250
0 1.0 0.732812 0.542708 0.025000 0.047917
0 1.0 0.322656 0.507292 0.035937 0.056250
0 1.0 0.668750 0.565625 0.043750 0.085417
0 1.0 0.666406 0.445833 0.332813 0.108333
0 1.0 0.678906 0.545833 0.023438 0.041667
0 1.0 0.654687 0.479167 0.284375 0.262500
0 1.0 0.609375 0.583333 0.031250 0.066667
0 1.0 0.614844 0.561458 0.017188 0.031250
0 1.0 0.864844 0.441667 0.023438 0.037500
0 1.0 0.782813 0.545833 0.031250 0.058333
0 1.0 0.820312 0.534375 0.071875 0.156250
0 1.0 0.834375 0.528125 0.034375 0.072917
0 1.0 0.493750 0.511458 0.046875 0.068750
0 1.0 0.399219 0.562500 0.045312 0.087500
0 1.0 0.422656 0.444792 0.201563 0.081250
0 1.0 0.402344 0.535417 0.067187 0.087500
0 1.0 0.348438 0.577083 0.028125 0.050000
0 1.0 0.348438 0.540625 0.059375 0.068750
0 1.0 0.285156 0.448958 0.204687 0.085417
0 1.0 0.339062 0.482292 0.284375 0.252083
0 1.0 0.372656 0.505208 0.057813 0.068750
0 1.0 0.289062 0.540625 0.062500 0.081250
0 1.0 0.328906 0.448958 0.017188 0.027083
0 1.0 0.889062 0.522917 0.046875 0.087500
0 1.0 0.608594 0.470833 0.176563 0.141667
0 1.0 0.550781 0.573958 0.054688 0.110417
0 1.0 0.521094 0.445833 0.120313 0.070833
0 1.0 0.510938 0.561458 0.040625 0.081250
0 1.0 0.503906 0.448958 0.235937 0.114583
0 1.0 0.492188 0.492708 0.256250 0.285417
0 1.0 0.503125 0.483333 0.128125 0.125000
0 1.0 0.451562 0.580208 0.018750 0.043750
0 1.0 0.531250 0.452083 0.015625 0.029167
0 1.0 0.837500 0.128125 0.190625 0.156250
0 1.0 0.172656 0.751042 0.345313 0.206250
0 1.0 0.817969 0.148958 0.114062 0.285417
0 1.0 0.538281 0.640625 0.717187 0.189583
0 1.0 0.724219 0.645833 0.442188 0.375000
0 1.0 0.775000 0.143750 0.103125 0.216667
0 1.0 0.774219 0.135417 0.260937 0.266667
0 1.0 0.711719 0.143750 0.120313 0.287500
0 1.0 0.731250 0.123958 0.293750 0.131250
0 1.0 0.900781 0.137500 0.198437 0.270833
0 1.0 0.839844 0.126042 0.120313 0.097917
0 1.0 0.359375 0.746875 0.668750 0.206250
0 1.0 0.072656 0.188542 0.145313 0.256250
0 1.0 0.065625 0.215625 0.043750 0.068750
0 1.0 0.967969 0.186458 0.042188 0.147917
0 1.0 0.955469 0.127083 0.089063 0.095833
0 1.0 0.171875 0.195833 0.234375 0.275000
0 1.0 0.196094 0.220833 0.017188 0.033333
0 1.0 0.134375 0.302083 0.031250 0.075000
0 1.0 0.138281 0.257292 0.060937 0.089583
0 1.0 0.146094 0.182292 0.204687 0.143750
0 1.0 0.266406 0.640625 0.517188 0.235417
0 1.0 0.066406 0.194792 0.057813 0.064583
0 1.0 0.084375 0.302083 0.028125 0.075000
0 1.0 0.137500 0.184375 0.109375 0.081250
0 1.0 0.085938 0.267708 0.040625 0.077083
0 1.0 0.092188 0.203125 0.128125 0.143750
0 1.0 0.040625 0.298958 0.018750 0.056250
0 1.0 0.042188 0.260417 0.034375 0.066667
0 1.0 0.290625 0.135417 0.256250 0.241667
0 1.0 0.301563 0.142708 0.153125 0.160417
0 1.0 0.231250 0.183333 0.075000 0.175000
0 1.0 0.230469 0.129167 0.232813 0.129167
0 1.0 0.446094 0.135417 0.242188 0.245833
0 1.0 0.721875 0.751042 0.556250 0.222917
0 1.0 0.217969 0.846875 0.435937 0.206250
0 1.0 0.394531 0.152083 0.101562 0.225000
0 1.0 0.409375 0.132292 0.300000 0.131250
0 1.0 0.425000 0.135417 0.140625 0.116667
0 1.0 0.138281 0.208333 0.042188 0.125000
0 1.0 0.643750 0.848958 0.578125 0.202083
0 1.0 0.290625 0.192708 0.062500 0.131250
0 1.0 0.273438 0.147917 0.053125 0.066667
0 1.0 0.660937 0.148958 0.109375 0.256250
0 1.0 0.604688 0.145833 0.103125 0.258333
0 1.0 0.620313 0.125000 0.250000 0.125000
0 1.0 0.554688 0.152083 0.100000 0.237500
0 1.0 0.344531 0.162500 0.098437 0.216667
0 1.0 0.554688 0.132292 0.246875 0.260417
0 1.0 0.479687 0.136458 0.109375 0.106250
0 1.0 0.502344 0.152083 0.104688 0.250000
0 1.0 0.501563 0.129167 0.243750 0.158333
0 1.0 0.441406 0.161458 0.070312 0.147917
0 1.0 0.533594 0.461458 0.692187 0.214583
0 1.0 0.292187 0.459375 0.578125 0.239583
0 1.0 0.505469 0.217708 0.070312 0.193750
0 1.0 0.511719 0.180208 0.273438 0.122917
0 1.0 0.445312 0.236458 0.050000 0.122917
0 1.0 0.442969 0.206250 0.107813 0.166667
0 1.0 0.482031 0.200000 0.051562 0.079167
0 1.0 0.738281 0.475000 0.410938 0.362500
0 1.0 0.842187 0.385417 0.196875 0.537500
0 1.0 0.763281 0.390625 0.226562 0.518750
0 1.0 0.732812 0.354167 0.528125 0.204167
0 1.0 0.512500 0.188542 0.071875 0.077083
0 1.0 0.545312 0.389583 0.434375 0.433333
0 1.0 0.557031 0.214583 0.070312 0.179167
0 1.0 0.339062 0.189583 0.250000 0.116667
0 1.0 0.291406 0.218750 0.101562 0.133333
0 1.0 0.328125 0.211458 0.025000 0.047917
0 1.0 0.233594 0.522917 0.239063 0.433333
0 1.0 0.381250 0.544792 0.718750 0.210417
0 1.0 0.296094 0.261458 0.042188 0.093750
0 1.0 0.248438 0.181250 0.275000 0.116667
0 1.0 0.240625 0.229167 0.068750 0.116667
0 1.0 0.192188 0.294792 0.021875 0.047917
0 1.0 0.178125 0.246875 0.059375 0.077083
0 1.0 0.346875 0.227083 0.068750 0.166667
0 1.0 0.385156 0.183333 0.126562 0.091667
0 1.0 0.864844 0.040625 0.167187 0.081250
0 1.0 0.821094 0.064583 0.076563 0.129167
0 1.0 0.054688 0.094792 0.109375 0.152083
0 1.0 0.967187 0.062500 0.028125 0.066667
0 1.0 0.955469 0.032292 0.089063 0.064583
0 1.0 0.930469 0.076042 0.139063 0.152083
0 1.0 0.772656 0.060417 0.170313 0.120833
0 1.0 0.714844 0.064583 0.085938 0.129167
0 1.0 0.728125 0.031250 0.187500 0.062500
0 1.0 0.884375 0.050000 0.046875 0.070833
0 1.0 0.660156 0.064583 0.082812 0.129167
0 1.0 0.291406 0.498958 0.314063 0.656250
0 1.0 0.135937 0.143750 0.068750 0.170833
0 1.0 0.927344 0.054167 0.076563 0.108333
0 1.0 0.874219 0.028125 0.079687 0.056250
0 1.0 0.048438 0.085417 0.081250 0.091667
0 1.0 0.078125 0.137500 0.075000 0.195833
0 1.0 0.024219 0.140625 0.039062 0.127083
0 1.0 0.310937 0.054167 0.096875 0.108333
0 1.0 0.173437 0.046875 0.240625 0.093750
0 1.0 0.500000 0.781250 1.000000 0.429167
0 1.0 0.442969 0.055208 0.101562 0.110417
0 1.0 0.479687 0.039583 0.118750 0.079167
0 1.0 0.396094 0.073958 0.089063 0.147917
0 1.0 0.418750 0.033333 0.221875 0.066667
0 1.0 0.128125 0.309375 0.071875 0.060417
0 1.0 0.328906 0.026042 0.051562 0.052083
0 1.0 0.062500 0.030208 0.059375 0.052083
0 1.0 0.235937 0.079167 0.265625 0.158333
0 1.0 0.053906 0.052083 0.076563 0.100000
0 1.0 0.350781 0.078125 0.248438 0.156250
0 1.0 0.356250 0.057292 0.125000 0.114583
0 1.0 0.278906 0.033333 0.132812 0.066667
0 1.0 0.661719 0.042708 0.207813 0.085417
0 1.0 0.603906 0.061458 0.076563 0.122917
0 1.0 0.626563 0.030208 0.118750 0.060417
0 1.0 0.499219 0.212500 0.876563 0.425000
0 1.0 0.555469 0.060417 0.073438 0.120833
0 1.0 0.576562 0.030208 0.115625 0.060417
0 1.0 0.780469 0.053125 0.057813 0.089583
0 1.0 0.502344 0.065625 0.076563 0.131250
0 1.0 0.444531 0.054167 0.051562 0.091667
0 1.0 0.502344 0.029167 0.054688 0.050000
0 1.0 0.664844 0.080208 0.264062 0.156250
0 1.0 0.217188 0.920833 0.434375 0.158333
0 1.0 0.560937 0.078125 0.284375 0.122917
0 1.0 0.454688 0.920833 0.578125 0.158333
0 1.0 0.732812 0.921875 0.534375 0.156250
0 1.0 0.032031 0.214583 0.029687 0.108333
0 1.0 0.030469 0.181250 0.060937 0.137500
0 1.0 0.952344 0.076042 0.095312 0.097917
0 1.0 0.968750 0.131250 0.037500 0.112500
0 1.0 0.188281 0.212500 0.039062 0.095833
0 1.0 0.178125 0.179167 0.093750 0.141667
0 1.0 0.829688 0.848958 0.340625 0.206250
0 1.0 0.854688 0.080208 0.143750 0.102083
0 1.0 0.880469 0.114583 0.092188 0.170833
0 1.0 0.078125 0.208333 0.046875 0.145833
0 1.0 0.125000 0.125000 0.171875 0.112500
0 1.0 0.283594 0.090625 0.051562 0.064583
0 1.0 0.231250 0.120833 0.106250 0.237500
0 1.0 0.343750 0.308333 0.687500 0.370833
0 1.0 0.645312 0.123958 0.709375 0.247917
0 1.0 0.122656 0.506250 0.245312 0.683333
0 1.0 0.178906 0.122917 0.120313 0.183333
0 1.0 0.353906 0.123958 0.707812 0.247917
0 1.0 0.292187 0.134375 0.071875 0.168750
0 1.0 0.475000 0.081250 0.184375 0.104167
0 1.0 0.403125 0.888542 0.237500 0.222917
0 1.0 0.350781 0.915625 0.295312 0.122917
0 1.0 0.454688 0.354167 0.693750 0.191667
0 1.0 0.549219 0.875000 0.110937 0.250000
0 1.0 0.557813 0.918750 0.300000 0.125000
0 1.0 0.299219 0.909375 0.126562 0.164583
0 1.0 0.497656 0.876042 0.110937 0.247917
0 1.0 0.503906 0.887500 0.248438 0.225000
0 1.0 0.446094 0.887500 0.098437 0.225000
0 1.0 0.464844 0.918750 0.176563 0.133333
0 1.0 0.714844 0.891667 0.110937 0.216667
0 1.0 0.712500 0.920833 0.253125 0.145833
0 1.0 0.085156 0.905208 0.167187 0.189583
0 1.0 0.030469 0.906250 0.060937 0.187500
0 1.0 0.067187 0.915625 0.134375 0.102083
0 1.0 0.960938 0.857292 0.025000 0.064583
0 1.0 0.954688 0.875000 0.043750 0.087500
0 1.0 0.936719 0.877083 0.126562 0.141667
0 1.0 0.922656 0.833333 0.076563 0.204167
0 1.0 0.239844 0.901042 0.185938 0.197917
0 1.0 0.185156 0.883333 0.114062 0.233333
0 1.0 0.066406 0.963542 0.057813 0.056250
0 1.0 0.048438 0.961458 0.078125 0.077083
0 1.0 0.301563 0.948958 0.100000 0.102083
0 1.0 0.925000 0.923958 0.150000 0.147917
0 1.0 0.236719 0.962500 0.114062 0.075000
0 1.0 0.198437 0.944792 0.215625 0.110417
0 1.0 0.134375 0.933333 0.087500 0.133333
0 1.0 0.396875 0.919792 0.090625 0.160417
0 1.0 0.443750 0.963542 0.131250 0.072917
0 1.0 0.184375 0.962500 0.087500 0.070833
0 1.0 0.964844 0.934375 0.051562 0.131250
0 1.0 0.659375 0.879167 0.106250 0.241667
0 1.0 0.871094 0.878125 0.110937 0.243750
0 1.0 0.602344 0.879167 0.107813 0.241667
0 1.0 0.609375 0.887500 0.246875 0.225000
0 1.0 0.842969 0.919792 0.220312 0.118750
0 1.0 0.815625 0.880208 0.109375 0.239583
0 1.0 0.765625 0.872917 0.109375 0.254167
0 1.0 0.030469 0.839583 0.042188 0.125000
0 1.0 0.061719 0.864583 0.123438 0.079167
0 1.0 0.292969 0.783333 0.029687 0.066667
0 1.0 0.962500 0.836458 0.062500 0.214583
0 1.0 0.929688 0.813542 0.140625 0.143750
0 1.0 0.196094 0.761458 0.029687 0.056250
0 1.0 0.192969 0.864583 0.310937 0.125000
0 1.0 0.192188 0.792708 0.071875 0.106250
0 1.0 0.514844 0.877083 0.042188 0.075000
0 1.0 0.078125 0.798958 0.050000 0.102083
0 1.0 0.121094 0.871875 0.073438 0.085417
0 1.0 0.136719 0.773958 0.035937 0.077083
0 1.0 0.713281 0.807292 0.310937 0.114583
0 1.0 0.669531 0.761458 0.057813 0.114583
0 1.0 0.603906 0.758333 0.073438 0.179167
0 1.0 0.785937 0.815625 0.156250 0.102083
0 1.0 0.839844 0.822917 0.045312 0.075000
0 1.0 0.071094 0.869792 0.035937 0.060417
0 1.0 0.728125 0.804167 0.031250 0.070833
0 1.0 0.732812 0.871875 0.168750 0.127083
0 1.0 0.671094 0.735417 0.023438 0.050000
0 1.0 0.678906 0.793750 0.023438 0.054167
0 1.0 0.261719 0.872917 0.095312 0.104167
0 1.0 0.607812 0.733333 0.021875 0.050000
0 1.0 0.610938 0.791667 0.021875 0.054167
0 1.0 0.889062 0.832292 0.043750 0.106250
0 1.0 0.857031 0.877083 0.054688 0.075000
0 1.0 0.557813 0.729167 0.025000 0.054167
0 1.0 0.879687 0.795833 0.050000 0.120833
0 1.0 0.807813 0.871875 0.121875 0.089583
0 1.0 0.822656 0.802083 0.054688 0.133333
0 1.0 0.817187 0.871875 0.196875 0.143750
0 1.0 0.775000 0.752083 0.034375 0.075000
0 1.0 0.783594 0.801042 0.032813 0.072917
0 1.0 0.450000 0.873958 0.068750 0.102083
0 1.0 0.347656 0.783333 0.029687 0.070833
0 1.0 0.325781 0.866667 0.229687 0.108333
0 1.0 0.347656 0.818750 0.070312 0.129167
0 1.0 0.554688 0.863542 0.225000 0.106250
0 1.0 0.289844 0.806250 0.079687 0.133333
0 1.0 0.293750 0.880208 0.031250 0.056250
0 1.0 0.235156 0.783333 0.045312 0.095833
0 1.0 0.237500 0.823958 0.056250 0.114583
0 1.0 0.559375 0.788542 0.046875 0.093750
0 1.0 0.582812 0.870833 0.093750 0.104167
0 1.0 0.509375 0.766667 0.031250 0.075000
0 1.0 0.509375 0.811458 0.050000 0.110417
0 1.0 0.450000 0.752083 0.018750 0.041667
0 1.0 0.481250 0.866667 0.168750 0.095833
0 1.0 0.722656 0.758333 0.032813 0.070833
0 1.0 0.396875 0.811458 0.056250 0.139583
0 1.0 0.242188 0.302083 0.025000 0.050000
0 1.0 0.248438 0.244792 0.159375 0.135417
0 1.0 0.233594 0.242708 0.232813 0.260417
0 1.0 0.191406 0.366667 0.020313 0.041667
0 1.0 0.189062 0.332292 0.034375 0.047917
0 1.0 0.399219 0.231250 0.167187 0.200000
0 1.0 0.353906 0.313542 0.029687 0.077083
0 1.0 0.369531 0.230208 0.282813 0.106250
0 1.0 0.353125 0.276042 0.062500 0.102083
0 1.0 0.156250 0.254167 0.128125 0.120833
0 1.0 0.097656 0.330208 0.039062 0.068750
0 1.0 0.039844 0.335417 0.023438 0.062500
0 1.0 0.065625 0.253125 0.103125 0.068750
0 1.0 0.050000 0.325000 0.028125 0.054167
0 1.0 0.611719 0.286458 0.020313 0.047917
0 1.0 0.611719 0.241667 0.235937 0.141667
0 1.0 0.344531 0.244792 0.142187 0.156250
0 1.0 0.557031 0.289583 0.054688 0.129167
0 1.0 0.303125 0.341667 0.021875 0.050000
0 1.0 0.306250 0.300000 0.043750 0.062500
0 1.0 0.267969 0.254167 0.026562 0.050000
0 1.0 0.303125 0.258333 0.096875 0.112500
0 1.0 0.235937 0.316667 0.043750 0.095833
0 1.0 0.392188 0.252083 0.075000 0.220833
0 1.0 0.509375 0.235417 0.209375 0.141667
0 1.0 0.453125 0.317708 0.025000 0.064583
0 1.0 0.453906 0.286458 0.057813 0.093750
0 1.0 0.495312 0.238542 0.081250 0.089583
0 1.0 0.223438 0.356250 0.446875 0.191667
0 1.0 0.643750 0.396875 0.206250 0.527083
0 1.0 0.125781 0.337500 0.039062 0.062500
0 1.0 0.735156 0.179167 0.289062 0.120833
0 1.0 0.664062 0.208333 0.065625 0.162500
0 1.0 0.666406 0.168750 0.239063 0.270833
0 1.0 0.600000 0.213542 0.065625 0.168750
0 1.0 0.626563 0.180208 0.268750 0.118750
0 1.0 0.832812 0.251042 0.334375 0.210417
0 1.0 0.073438 0.263542 0.037500 0.052083
0 1.0 0.061719 0.282292 0.067187 0.085417
0 1.0 0.944531 0.184375 0.110937 0.110417
0 1.0 0.449219 0.251042 0.598437 0.218750
0 1.0 0.917969 0.183333 0.104688 0.312500
0 1.0 0.146094 0.243750 0.264062 0.125000
0 1.0 0.852344 0.181250 0.151562 0.108333
0 1.0 0.745313 0.256250 0.396875 0.450000
0 1.0 0.878125 0.180208 0.109375 0.239583
0 1.0 0.707031 0.962500 0.098437 0.070833
0 1.0 0.665625 0.939583 0.146875 0.120833
0 1.0 0.606250 0.935417 0.081250 0.129167
0 1.0 0.657813 0.962500 0.087500 0.066667
0 1.0 0.864062 0.964583 0.056250 0.054167
0 1.0 0.800000 0.960417 0.140625 0.079167
0 1.0 0.772656 0.945833 0.226562 0.108333
0 1.0 0.345313 0.931250 0.084375 0.137500
0 1.0 0.362500 0.964583 0.053125 0.054167
0 1.0 0.303906 0.963542 0.054688 0.068750
0 1.0 0.575000 0.950000 0.165625 0.100000
0 1.0 0.555469 0.961458 0.079687 0.064583
0 1.0 0.450781 0.936458 0.073438 0.127083
0 1.0 0.515625 0.964583 0.056250 0.054167
0 1.0 0.489844 0.959375 0.104688 0.081250
0 1.0 0.818750 0.247917 0.078125 0.195833
0 1.0 0.829688 0.245833 0.043750 0.100000
0 1.0 0.773438 0.257292 0.081250 0.197917
0 1.0 0.781250 0.231250 0.275000 0.120833
0 1.0 0.785937 0.254167 0.046875 0.104167
0 1.0 0.775000 0.233333 0.159375 0.179167
0 1.0 0.940625 0.959375 0.118750 0.081250
0 1.0 0.511719 0.279167 0.048438 0.100000
0 1.0 0.728906 0.259375 0.035937 0.077083
0 1.0 0.718750 0.229167 0.234375 0.270833
0 1.0 0.717187 0.237500 0.156250 0.170833
0 1.0 0.835156 0.075000 0.329688 0.150000
0 1.0 0.683594 0.282292 0.029687 0.060417
0 1.0 0.669531 0.289583 0.057813 0.133333
0 1.0 0.078125 0.328125 0.037500 0.064583
0 1.0 0.952344 0.235417 0.095312 0.104167
0 1.0 0.895312 0.234375 0.209375 0.131250
0 1.0 0.094531 0.327083 0.029687 0.037500
0 1.0 0.888281 0.243750 0.048438 0.116667
0 1.0 0.857031 0.239583 0.095312 0.100000
0 1.0 0.057813 0.344792 0.031250 0.072917
0 1.0 0.757812 0.648958 0.215625 0.464583
0 1.0 0.646094 0.746875 0.210938 0.506250
0 1.0 0.843750 0.744792 0.200000 0.510417
0 1.0 0.345313 0.748958 0.434375 0.410417
0 1.0 0.246094 0.738542 0.210938 0.518750
0 1.0 0.143750 0.777083 0.221875 0.445833
0 1.0 0.545312 0.753125 0.434375 0.410417
0 1.0 0.445312 0.746875 0.203125 0.506250
0 1.0 0.073438 0.697917 0.146875 0.604167
0 1.0 0.449219 0.648958 0.482812 0.364583
0 1.0 0.749219 0.836458 0.339062 0.327083
0 1.0 0.449219 0.846875 0.489063 0.239583
0 1.0 0.167969 0.312500 0.335938 0.516667
0 1.0 0.082031 0.266667 0.164062 0.508333
0 1.0 0.818750 0.479167 0.362500 0.912500
0 1.0 0.485938 0.517708 0.406250 0.864583
0 1.0 0.894531 0.358333 0.210938 0.370833
0 1.0 0.449219 0.304167 0.198437 0.608333
0 1.0 0.842969 0.196875 0.232813 0.393750
0 1.0 0.353906 0.282292 0.210938 0.564583
0 1.0 0.549219 0.311458 0.204687 0.622917
0 1.0 0.653906 0.242708 0.489063 0.272917
0 1.0 0.106250 0.436458 0.187500 0.156250
0 1.0 0.264062 0.618750 0.528125 0.762500
0 1.0 0.927344 0.654167 0.145313 0.558333