0 1.0 0.065625 0.050936 0.075000 0.101871
0 1.0 0.075000 0.077963 0.150000 0.155925
0 1.0 0.030469 0.054054 0.060937 0.108108
0 1.0 0.175781 0.056133 0.185938 0.112266
0 1.0 0.196094 0.068607 0.079687 0.137214
0 1.0 0.241406 0.059252 0.126562 0.118503
0 1.0 0.239063 0.076923 0.246875 0.153846
0 1.0 0.235156 0.071726 0.060937 0.130977
0 1.0 0.317188 0.060291 0.093750 0.120582
0 1.0 0.282813 0.091476 0.053125 0.124740
0 1.0 0.702344 0.793139 0.595313 0.413721
0 1.0 0.319531 0.325364 0.639062 0.650728
0 1.0 0.655469 0.324324 0.689063 0.648649
0 1.0 0.707812 0.507277 0.584375 0.461538
0 1.0 0.816406 0.518711 0.357812 0.879418
0 1.0 0.292187 0.793139 0.584375 0.413721
0 1.0 0.517969 0.724532 0.764062 0.550936
0 1.0 0.193750 0.515593 0.387500 0.860707
0 1.0 0.491406 0.518711 0.845313 0.575884
0 1.0 0.348438 0.090437 0.225000 0.180873
0 1.0 0.335156 0.039501 0.035937 0.054054
0 1.0 0.342187 0.103950 0.068750 0.141372
0 1.0 0.411719 0.063410 0.098437 0.118503
0 1.0 0.418750 0.047817 0.293750 0.095634
0 1.0 0.400781 0.107069 0.057813 0.151767
0 1.0 0.479687 0.064449 0.081250 0.099792
0 1.0 0.445312 0.079002 0.071875 0.116424
0 1.0 0.483594 0.193347 0.876563 0.378378
0 1.0 0.514062 0.876299 0.815625 0.247401
0 1.0 0.531250 0.040541 0.040625 0.056133
0 1.0 0.446875 0.096674 0.031250 0.072765
0 1.0 0.517188 0.061331 0.125000 0.122661
0 1.0 0.503906 0.083160 0.229687 0.166320
0 1.0 0.503906 0.100832 0.073438 0.143451
0 1.0 0.562500 0.054054 0.090625 0.108108
0 1.0 0.595313 0.038462 0.093750 0.076923
0 1.0 0.629687 0.050936 0.084375 0.101871
0 1.0 0.611719 0.069647 0.242188 0.139293
0 1.0 0.683594 0.051975 0.079687 0.103950
0 1.0 0.718750 0.056133 0.096875 0.112266
0 1.0 0.716406 0.071726 0.229687 0.143451
0 1.0 0.496875 0.662162 0.331250 0.646570
0 1.0 0.696875 0.687110 0.337500 0.625780
0 1.0 0.365625 0.498960 0.731250 0.324324
0 1.0 0.741406 0.296258 0.517188 0.297297
0 1.0 0.772656 0.057173 0.104688 0.114345
0 1.0 0.816406 0.061331 0.129688 0.122661
0 1.0 0.810156 0.075884 0.242188 0.151767
0 1.0 0.816406 0.063410 0.045312 0.089397
0 1.0 0.868750 0.060291 0.062500 0.091476
0 1.0 0.477344 0.303534 0.585938 0.453222
0 1.0 0.730469 0.117464 0.539062 0.234927
0 1.0 0.165625 0.285863 0.331250 0.555094
0 1.0 0.258594 0.285863 0.517188 0.313929
0 1.0 0.909375 0.056133 0.121875 0.112266
0 1.0 0.894531 0.080042 0.210938 0.160083
0 1.0 0.954688 0.053015 0.090625 0.106029
0 1.0 0.960938 0.063410 0.034375 0.085239
0 1.0 0.777344 0.923077 0.445312 0.153846
0 1.0 0.235156 0.140333 0.470313 0.280665
0 1.0 0.094531 0.080042 0.048438 0.089397
0 1.0 0.096875 0.073805 0.100000 0.093555
0 1.0 0.034375 0.127859 0.068750 0.247401
0 1.0 0.143750 0.083160 0.071875 0.103950
0 1.0 0.085938 0.116424 0.081250 0.199584
0 1.0 0.142969 0.096674 0.185938 0.193347
0 1.0 0.139063 0.144491 0.062500 0.168399
0 1.0 0.354687 0.924116 0.578125 0.151767
0 1.0 0.184375 0.118503 0.103125 0.170478
0 1.0 0.188281 0.149688 0.051562 0.133056
0 1.0 0.235156 0.118503 0.082812 0.191268
0 1.0 0.271094 0.091476 0.035937 0.074844
0 1.0 0.290625 0.118503 0.087500 0.182952
0 1.0 0.372656 0.077963 0.145313 0.114345
0 1.0 0.340625 0.130977 0.109375 0.207900
0 1.0 0.771875 0.849272 0.456250 0.205821
0 1.0 0.445312 0.118503 0.112500 0.237006
0 1.0 0.446875 0.143451 0.050000 0.153846
0 1.0 0.542188 0.115385 0.112500 0.230769
0 1.0 0.616406 0.092516 0.070312 0.155925
0 1.0 0.668750 0.087318 0.090625 0.170478
0 1.0 0.835156 0.750520 0.329688 0.207900
0 1.0 0.156250 0.844075 0.312500 0.207900
0 1.0 0.816406 0.093555 0.073438 0.145530
0 1.0 0.868750 0.098753 0.103125 0.189189
0 1.0 0.914844 0.125780 0.120313 0.251559
0 1.0 0.955469 0.111227 0.067187 0.151767
0 1.0 0.439063 0.752599 0.528125 0.245322
0 1.0 0.101562 0.133056 0.040625 0.079002
0 1.0 0.107031 0.153846 0.195312 0.307692
0 1.0 0.153125 0.126819 0.106250 0.099792
0 1.0 0.140625 0.168399 0.100000 0.249480
0 1.0 0.212500 0.759875 0.425000 0.251559
0 1.0 0.249219 0.701663 0.273438 0.463617
0 1.0 0.346875 0.714137 0.278125 0.409563
0 1.0 0.837500 0.647609 0.325000 0.218295
0 1.0 0.121875 0.708940 0.243750 0.465696
0 1.0 0.223438 0.127859 0.193750 0.122661
0 1.0 0.728125 0.620582 0.475000 0.284823
0 1.0 0.846875 0.627859 0.200000 0.449064
0 1.0 0.354687 0.645530 0.475000 0.255717
0 1.0 0.839844 0.546778 0.320312 0.212058
0 1.0 0.160156 0.649688 0.320312 0.222453
0 1.0 0.266406 0.136175 0.029687 0.068607
0 1.0 0.289844 0.127859 0.151562 0.243243
0 1.0 0.360156 0.122661 0.129688 0.116424
0 1.0 0.390625 0.133056 0.090625 0.220374
0 1.0 0.581250 0.561331 0.537500 0.266112
0 1.0 0.431250 0.558212 0.321875 0.380457
0 1.0 0.167969 0.548857 0.335938 0.216216
0 1.0 0.260156 0.570686 0.376563 0.476091
0 1.0 0.493750 0.123701 0.131250 0.118503
0 1.0 0.722656 0.446985 0.510938 0.216216
0 1.0 0.557813 0.436590 0.400000 0.353430
0 1.0 0.361719 0.449064 0.439063 0.266112
0 1.0 0.342187 0.476091 0.256250 0.528067
0 1.0 0.835156 0.349272 0.329688 0.212058
0 1.0 0.170313 0.451143 0.340625 0.207900
0 1.0 0.560937 0.120582 0.240625 0.141372
0 1.0 0.603125 0.128898 0.109375 0.257796
0 1.0 0.664844 0.115385 0.167187 0.218295
0 1.0 0.728125 0.117464 0.225000 0.126819
0 1.0 0.767188 0.117464 0.096875 0.222453
0 1.0 0.814063 0.139293 0.128125 0.278586
0 1.0 0.453906 0.335759 0.267188 0.417879
0 1.0 0.550781 0.338877 0.257812 0.482328
0 1.0 0.257812 0.348233 0.278125 0.471933
0 1.0 0.396875 0.358628 0.609375 0.234927
0 1.0 0.832812 0.248441 0.334375 0.214137
0 1.0 0.163281 0.350312 0.326562 0.214137
0 1.0 0.638281 0.253638 0.257812 0.440748
0 1.0 0.762500 0.235967 0.268750 0.471933
0 1.0 0.343750 0.244283 0.243750 0.488565
0 1.0 0.538281 0.262994 0.557813 0.239085
0 1.0 0.164062 0.238046 0.328125 0.222453
0 1.0 0.936719 0.124740 0.126562 0.112266
0 1.0 0.966406 0.165281 0.057813 0.214137
0 1.0 0.054688 0.174636 0.078125 0.158004
0 1.0 0.096875 0.189189 0.031250 0.058212
0 1.0 0.107031 0.175676 0.089063 0.189189
0 1.0 0.150000 0.183992 0.081250 0.110187
0 1.0 0.433594 0.143451 0.351562 0.286902
0 1.0 0.247656 0.189189 0.239063 0.378378
0 1.0 0.178125 0.182952 0.184375 0.112266
0 1.0 0.200000 0.214137 0.025000 0.066528
0 1.0 0.183594 0.227651 0.073438 0.197505
0 1.0 0.234375 0.191268 0.171875 0.203742
0 1.0 0.257812 0.181913 0.193750 0.101871
0 1.0 0.531250 0.085239 0.565625 0.170478
0 1.0 0.323437 0.181913 0.050000 0.089397
0 1.0 0.296094 0.182952 0.073438 0.108108
0 1.0 0.357031 0.179834 0.104688 0.106029
0 1.0 0.950000 0.961538 0.100000 0.076923
0 1.0 0.877344 0.937630 0.160938 0.124740
0 1.0 0.861719 0.962578 0.070312 0.058212
0 1.0 0.924219 0.930353 0.089063 0.139293
0 1.0 0.725000 0.955301 0.196875 0.089397
0 1.0 0.717187 0.942827 0.087500 0.114345
0 1.0 0.768750 0.932432 0.118750 0.135135
0 1.0 0.790625 0.964657 0.112500 0.066528
0 1.0 0.824219 0.929314 0.117188 0.141372
0 1.0 0.592187 0.964657 0.081250 0.058212
0 1.0 0.552344 0.950104 0.076563 0.099792
0 1.0 0.615625 0.950104 0.150000 0.099792
0 1.0 0.622656 0.927235 0.229687 0.145530
0 1.0 0.664062 0.955301 0.096875 0.089397
0 1.0 0.459375 0.955301 0.131250 0.089397
0 1.0 0.449219 0.925156 0.229687 0.149688
0 1.0 0.496875 0.963617 0.068750 0.051975
0 1.0 0.503125 0.945946 0.106250 0.108108
0 1.0 0.278906 0.967775 0.060937 0.056133
0 1.0 0.293750 0.938669 0.109375 0.122661
0 1.0 0.359375 0.958420 0.115625 0.083160
0 1.0 0.362500 0.919958 0.237500 0.160083
0 1.0 0.347656 0.964657 0.067187 0.049896
0 1.0 0.406250 0.950104 0.134375 0.099792
0 1.0 0.180469 0.962578 0.095312 0.062370
0 1.0 0.138281 0.943867 0.079687 0.112266
0 1.0 0.192969 0.923077 0.226562 0.153846
0 1.0 0.185938 0.938669 0.118750 0.122661
0 1.0 0.246094 0.963617 0.082812 0.056133
0 1.0 0.250781 0.955301 0.123438 0.089397
0 1.0 0.300781 0.964657 0.079687 0.070686
0 1.0 0.052344 0.954262 0.104688 0.091476
0 1.0 0.081250 0.924116 0.162500 0.151767
0 1.0 0.085156 0.964657 0.060937 0.054054
0 1.0 0.083594 0.941788 0.082812 0.116424
0 1.0 0.889062 0.880457 0.221875 0.239085
0 1.0 0.956250 0.913721 0.087500 0.172557
0 1.0 0.716406 0.885655 0.114062 0.228690
0 1.0 0.769531 0.904366 0.192188 0.191268
0 1.0 0.602344 0.907484 0.101562 0.185031
0 1.0 0.662500 0.897089 0.096875 0.205821
0 1.0 0.441406 0.899168 0.085938 0.168399
0 1.0 0.558594 0.911642 0.142187 0.147609
0 1.0 0.545312 0.890852 0.256250 0.218295
0 1.0 0.269531 0.919958 0.289062 0.114345
0 1.0 0.337500 0.889813 0.106250 0.220374
0 1.0 0.389844 0.877339 0.129688 0.245322
0 1.0 0.234375 0.893971 0.121875 0.212058
0 1.0 0.295312 0.886694 0.265625 0.226611
0 1.0 0.025000 0.935551 0.050000 0.128898
0 1.0 0.823438 0.866944 0.178125 0.087318
0 1.0 0.878906 0.798337 0.064062 0.124740
0 1.0 0.919531 0.875260 0.160938 0.120582
0 1.0 0.925000 0.808732 0.096875 0.216216
0 1.0 0.956250 0.841996 0.059375 0.116424
0 1.0 0.778906 0.791060 0.039062 0.060291
0 1.0 0.775000 0.858628 0.321875 0.116424
0 1.0 0.773438 0.748441 0.034375 0.058212
0 1.0 0.816406 0.856549 0.207813 0.191268
0 1.0 0.832812 0.806653 0.043750 0.074844
0 1.0 0.825000 0.767152 0.046875 0.087318
0 1.0 0.864844 0.875260 0.085938 0.074844
0 1.0 0.604688 0.801455 0.040625 0.072765
0 1.0 0.579688 0.865904 0.259375 0.110187
0 1.0 0.666406 0.854470 0.189062 0.166320
0 1.0 0.685156 0.791060 0.026562 0.047817
0 1.0 0.673438 0.748441 0.028125 0.054054
0 1.0 0.733594 0.796258 0.035937 0.058212
0 1.0 0.725000 0.768191 0.037500 0.068607
0 1.0 0.459375 0.873181 0.193750 0.112266
0 1.0 0.444531 0.798337 0.029687 0.058212
0 1.0 0.516406 0.864865 0.067187 0.128898
0 1.0 0.547656 0.831601 0.079687 0.149688
0 1.0 0.610938 0.843035 0.256250 0.247401
0 1.0 0.346094 0.866944 0.167187 0.128898
0 1.0 0.342187 0.816008 0.078125 0.130977
0 1.0 0.342187 0.795218 0.043750 0.097713
0 1.0 0.384375 0.846154 0.281250 0.245322
0 1.0 0.391406 0.795218 0.057813 0.122661
0 1.0 0.482031 0.883576 0.076563 0.091476
0 1.0 0.439844 0.829522 0.076563 0.116424
0 1.0 0.184375 0.862786 0.096875 0.170478
0 1.0 0.189844 0.874220 0.198437 0.106029
0 1.0 0.190625 0.851351 0.050000 0.118503
0 1.0 0.292187 0.874220 0.065625 0.089397
0 1.0 0.235156 0.839917 0.073438 0.133056
0 1.0 0.300781 0.872141 0.039062 0.060291
0 1.0 0.297656 0.813929 0.098437 0.160083
0 1.0 0.296875 0.807692 0.050000 0.110187
0 1.0 0.075000 0.876299 0.100000 0.081081
0 1.0 0.027344 0.882536 0.035937 0.106029
0 1.0 0.121094 0.879418 0.123438 0.128898
0 1.0 0.090625 0.856549 0.134375 0.207900
0 1.0 0.087500 0.849272 0.068750 0.143451
0 1.0 0.135156 0.866944 0.060937 0.124740
0 1.0 0.910937 0.805613 0.178125 0.126819
0 1.0 0.959375 0.802495 0.081250 0.253638
0 1.0 0.058594 0.881497 0.117188 0.153846
0 1.0 0.775000 0.807692 0.278125 0.126819
0 1.0 0.767969 0.774428 0.120313 0.180873
0 1.0 0.820312 0.771310 0.118750 0.191268
0 1.0 0.857031 0.814969 0.070312 0.070686
0 1.0 0.878906 0.779626 0.154688 0.212058
0 1.0 0.594531 0.783784 0.117188 0.328482
0 1.0 0.666406 0.786902 0.276562 0.280665
0 1.0 0.663281 0.761954 0.089063 0.155925
0 1.0 0.672656 0.810811 0.304688 0.112266
0 1.0 0.657031 0.777547 0.117188 0.278586
0 1.0 0.719531 0.776507 0.101562 0.164241
0 1.0 0.507031 0.809771 0.179688 0.247401
0 1.0 0.477344 0.816008 0.304688 0.139293
0 1.0 0.339844 0.792100 0.151562 0.249480
0 1.0 0.319531 0.813929 0.232813 0.130977
0 1.0 0.495312 0.822245 0.056250 0.089397
0 1.0 0.442969 0.799376 0.142187 0.276507
0 1.0 0.253906 0.809771 0.207813 0.239085
0 1.0 0.307031 0.826403 0.045312 0.072765
0 1.0 0.289062 0.827443 0.034375 0.062370
0 1.0 0.139063 0.830561 0.062500 0.085239
0 1.0 0.109375 0.822245 0.215625 0.114345
0 1.0 0.123438 0.821206 0.143750 0.328482
0 1.0 0.183594 0.812890 0.135937 0.303534
0 1.0 0.924219 0.723493 0.139063 0.282744
0 1.0 0.073438 0.830561 0.040625 0.060291
0 1.0 0.039844 0.819127 0.079687 0.253638
0 1.0 0.069531 0.821206 0.114062 0.079002
0 1.0 0.768750 0.765073 0.328125 0.124740
0 1.0 0.814063 0.693347 0.096875 0.226611
0 1.0 0.692969 0.764033 0.114062 0.093555
0 1.0 0.499219 0.771310 0.132812 0.141372
0 1.0 0.546875 0.770270 0.071875 0.101871
0 1.0 0.507812 0.762994 0.278125 0.128898
0 1.0 0.546875 0.749480 0.115625 0.359667
0 1.0 0.635156 0.762994 0.107813 0.108108
0 1.0 0.619531 0.759875 0.264062 0.114345
0 1.0 0.391406 0.741164 0.182812 0.230769
0 1.0 0.447656 0.764033 0.067187 0.114345
0 1.0 0.477344 0.772349 0.057813 0.106029
0 1.0 0.315625 0.774428 0.040625 0.076923
0 1.0 0.295312 0.766112 0.134375 0.185031
0 1.0 0.374219 0.765073 0.120313 0.137214
0 1.0 0.149219 0.775468 0.048438 0.070686
0 1.0 0.109375 0.767152 0.212500 0.103950
0 1.0 0.171094 0.773389 0.070312 0.099792
0 1.0 0.201563 0.764033 0.100000 0.160083
0 1.0 0.229687 0.769231 0.093750 0.112266
0 1.0 0.935937 0.711019 0.128125 0.103950
0 1.0 0.065625 0.771310 0.037500 0.058212
0 1.0 0.057031 0.765073 0.114062 0.079002
0 1.0 0.825000 0.706861 0.153125 0.133056
0 1.0 0.835156 0.726611 0.060937 0.085239
0 1.0 0.792969 0.719335 0.089063 0.091476
0 1.0 0.705469 0.700624 0.107813 0.095634
0 1.0 0.654687 0.678794 0.165625 0.234927
0 1.0 0.691406 0.701663 0.317188 0.135135
0 1.0 0.714063 0.673597 0.131250 0.224532
0 1.0 0.774219 0.681913 0.126562 0.220374
0 1.0 0.483594 0.708940 0.323437 0.145530
0 1.0 0.528125 0.702703 0.265625 0.324324
0 1.0 0.577344 0.715177 0.082812 0.099792
0 1.0 0.639844 0.698545 0.110937 0.103950
0 1.0 0.414844 0.704782 0.082812 0.137214
0 1.0 0.467187 0.712058 0.068750 0.118503
0 1.0 0.511719 0.715177 0.142187 0.141372
0 1.0 0.315625 0.722453 0.056250 0.085239
0 1.0 0.239844 0.704782 0.160938 0.261954
0 1.0 0.276562 0.714137 0.256250 0.130977
0 1.0 0.352344 0.686071 0.154688 0.282744
0 1.0 0.353906 0.705821 0.170313 0.130977
0 1.0 0.112500 0.715177 0.209375 0.112266
0 1.0 0.127344 0.709979 0.182812 0.247401
0 1.0 0.166406 0.719335 0.095312 0.112266
0 1.0 0.221875 0.716216 0.118750 0.122661
0 1.0 0.184375 0.719335 0.106250 0.316008
0 1.0 0.950781 0.662162 0.098437 0.264033
0 1.0 0.940625 0.652807 0.118750 0.099792
0 1.0 0.053125 0.705821 0.106250 0.189189
0 1.0 0.058594 0.715177 0.048438 0.070686
0 1.0 0.053906 0.713098 0.107813 0.083160
0 1.0 0.142187 0.720374 0.062500 0.085239
0 1.0 0.854688 0.664241 0.093750 0.106029
0 1.0 0.884375 0.655925 0.231250 0.130977
0 1.0 0.740625 0.658004 0.328125 0.164241
0 1.0 0.577344 0.662162 0.114062 0.114345
0 1.0 0.547656 0.644491 0.142187 0.286902
0 1.0 0.542188 0.660083 0.315625 0.143451
0 1.0 0.602344 0.656965 0.104688 0.199584
0 1.0 0.409375 0.663202 0.146875 0.170478
0 1.0 0.397656 0.652807 0.310937 0.153846
0 1.0 0.469531 0.666320 0.092188 0.126819
0 1.0 0.429688 0.674636 0.165625 0.305613
0 1.0 0.503125 0.641372 0.146875 0.359667
0 1.0 0.264062 0.661123 0.278125 0.133056
0 1.0 0.291406 0.669439 0.089063 0.108108
0 1.0 0.291406 0.660083 0.170313 0.309771
0 1.0 0.146094 0.661123 0.242188 0.128898
0 1.0 0.929688 0.594595 0.140625 0.158004
0 1.0 0.078125 0.649688 0.156250 0.297297
0 1.0 0.043750 0.663202 0.059375 0.079002
0 1.0 0.121875 0.663202 0.106250 0.116424
0 1.0 0.810156 0.619543 0.135937 0.311850
0 1.0 0.892969 0.598753 0.067187 0.083160
0 1.0 0.710156 0.599792 0.226562 0.297297
0 1.0 0.703125 0.592516 0.209375 0.137214
0 1.0 0.832812 0.593555 0.171875 0.160083
0 1.0 0.564844 0.594595 0.101562 0.091476
0 1.0 0.611719 0.610187 0.192188 0.226611
0 1.0 0.627344 0.604990 0.132812 0.108108
0 1.0 0.403906 0.597713 0.254688 0.118503
0 1.0 0.485156 0.599792 0.089063 0.093555
0 1.0 0.448437 0.623701 0.087500 0.241164
0 1.0 0.517188 0.588358 0.143750 0.120582
0 1.0 0.310937 0.601871 0.087500 0.085239
0 1.0 0.289062 0.596674 0.225000 0.108108
0 1.0 0.138281 0.602911 0.179688 0.137214
0 1.0 0.127344 0.606029 0.151562 0.309771
0 1.0 0.189062 0.610187 0.153125 0.189189
0 1.0 0.245312 0.596674 0.175000 0.332640
0 1.0 0.966406 0.580042 0.054688 0.141372
0 1.0 0.054688 0.600832 0.109375 0.178794
0 1.0 0.045312 0.604990 0.065625 0.074844
0 1.0 0.913281 0.546778 0.135937 0.128898
0 1.0 0.876563 0.538462 0.140625 0.232848
0 1.0 0.710156 0.532225 0.304688 0.153846
0 1.0 0.771094 0.569647 0.148438 0.278586
0 1.0 0.530469 0.543659 0.264062 0.135135
0 1.0 0.538281 0.539501 0.160938 0.334719
0 1.0 0.605469 0.564449 0.098437 0.172557
0 1.0 0.464844 0.530146 0.204687 0.224532
0 1.0 0.288281 0.538462 0.245312 0.170478
0 1.0 0.339062 0.546778 0.168750 0.261954
0 1.0 0.152344 0.546778 0.242188 0.128898
0 1.0 0.049219 0.553015 0.098437 0.091476
0 1.0 0.855469 0.502079 0.120313 0.097713
0 1.0 0.889062 0.500000 0.221875 0.135135
0 1.0 0.926562 0.504158 0.146875 0.247401
0 1.0 0.951562 0.553015 0.068750 0.128898
0 1.0 0.709375 0.505198 0.128125 0.170478
0 1.0 0.770312 0.498960 0.121875 0.195426
0 1.0 0.828125 0.507277 0.118750 0.182952
0 1.0 0.606250 0.496881 0.212500 0.203742
0 1.0 0.604688 0.495842 0.090625 0.168399
0 1.0 0.654687 0.498960 0.128125 0.153846
0 1.0 0.400781 0.483368 0.223438 0.218295
0 1.0 0.194531 0.484407 0.170313 0.195426
0 1.0 0.049219 0.500000 0.098437 0.101871
0 1.0 0.042188 0.486486 0.084375 0.228690
0 1.0 0.110937 0.493763 0.196875 0.147609
0 1.0 0.076563 0.502079 0.128125 0.268191
0 1.0 0.129688 0.495842 0.125000 0.288981
0 1.0 0.883594 0.456341 0.039062 0.051975
0 1.0 0.916406 0.472973 0.117188 0.130977
0 1.0 0.892969 0.450104 0.214062 0.114345
0 1.0 0.960938 0.543659 0.043750 0.089397
0 1.0 0.767969 0.457380 0.326562 0.124740
0 1.0 0.774219 0.479210 0.079687 0.106029
0 1.0 0.775000 0.454262 0.209375 0.085239
0 1.0 0.833594 0.486486 0.067187 0.099792
0 1.0 0.877344 0.484407 0.070312 0.099792
0 1.0 0.617188 0.438669 0.300000 0.145530
0 1.0 0.475000 0.443867 0.106250 0.110187
0 1.0 0.453125 0.433472 0.109375 0.185031
0 1.0 0.485156 0.443867 0.239063 0.247401
0 1.0 0.335938 0.445946 0.206250 0.226611
0 1.0 0.328906 0.444906 0.135937 0.108108
0 1.0 0.187500 0.449064 0.096875 0.228690
0 1.0 0.261719 0.448025 0.232813 0.139293
0 1.0 0.239844 0.449064 0.151562 0.274428
0 1.0 0.060156 0.440748 0.042188 0.058212
0 1.0 0.107813 0.439709 0.215625 0.143451
0 1.0 0.125000 0.441788 0.140625 0.093555
0 1.0 0.910156 0.408524 0.117188 0.197505
0 1.0 0.900000 0.403326 0.200000 0.128898
0 1.0 0.944531 0.420998 0.110937 0.130977
0 1.0 0.951562 0.469854 0.059375 0.083160
0 1.0 0.754687 0.392931 0.300000 0.166320
0 1.0 0.768750 0.422037 0.090625 0.141372
0 1.0 0.832812 0.413721 0.200000 0.191268
0 1.0 0.838281 0.444906 0.067187 0.103950
0 1.0 0.825000 0.439709 0.109375 0.180873
0 1.0 0.823438 0.407484 0.137500 0.091476
0 1.0 0.873437 0.453222 0.100000 0.145530
0 1.0 0.592969 0.386694 0.126562 0.232848
0 1.0 0.658594 0.369023 0.248438 0.218295
0 1.0 0.711719 0.397089 0.139063 0.207900
0 1.0 0.500000 0.378378 0.171875 0.237006
0 1.0 0.551562 0.391892 0.321875 0.155925
0 1.0 0.343750 0.391892 0.328125 0.139293
0 1.0 0.403125 0.385655 0.190625 0.222453
0 1.0 0.184375 0.378378 0.134375 0.316008
0 1.0 0.289844 0.386694 0.185938 0.253638
0 1.0 0.082812 0.389813 0.165625 0.185031
0 1.0 0.121875 0.392931 0.165625 0.103950
0 1.0 0.134375 0.380457 0.131250 0.249480
0 1.0 0.891406 0.343035 0.217188 0.124740
0 1.0 0.956250 0.369023 0.087500 0.139293
0 1.0 0.950000 0.397089 0.053125 0.095634
0 1.0 0.957031 0.397089 0.029687 0.066528
0 1.0 0.039062 0.395010 0.078125 0.108108
0 1.0 0.762500 0.356549 0.093750 0.189189
0 1.0 0.822656 0.386694 0.073438 0.120582
0 1.0 0.826562 0.361746 0.128125 0.103950
0 1.0 0.879687 0.400208 0.062500 0.110187
0 1.0 0.658594 0.322245 0.126562 0.191268
0 1.0 0.713281 0.300416 0.107813 0.164241
0 1.0 0.545312 0.351351 0.134375 0.212058
0 1.0 0.585938 0.356549 0.078125 0.151767
0 1.0 0.332031 0.332640 0.295312 0.128898
0 1.0 0.349219 0.323285 0.098437 0.201663
0 1.0 0.389062 0.337838 0.112500 0.251559
0 1.0 0.453125 0.312890 0.162500 0.193347
0 1.0 0.451562 0.275468 0.040625 0.064449
0 1.0 0.239844 0.316008 0.185938 0.174636
0 1.0 0.304688 0.330561 0.100000 0.120582
0 1.0 0.283594 0.300416 0.079687 0.126819
0 1.0 0.119531 0.337838 0.176563 0.130977
0 1.0 0.070312 0.344075 0.062500 0.143451
0 1.0 0.146875 0.338877 0.093750 0.083160
0 1.0 0.185156 0.321206 0.101562 0.135135
0 1.0 0.192188 0.328482 0.209375 0.116424
0 1.0 0.890625 0.290021 0.218750 0.114345
0 1.0 0.917188 0.284823 0.106250 0.399168
0 1.0 0.974219 0.302495 0.051562 0.114345
0 1.0 0.956250 0.316008 0.034375 0.074844
0 1.0 0.078906 0.341996 0.051562 0.076923
0 1.0 0.029687 0.357588 0.046875 0.153846
0 1.0 0.822656 0.292100 0.170313 0.180873
0 1.0 0.823438 0.277547 0.034375 0.064449
0 1.0 0.824219 0.299376 0.114062 0.087318
0 1.0 0.886719 0.291060 0.032813 0.066528
0 1.0 0.817187 0.290021 0.059375 0.056133
0 1.0 0.878125 0.310811 0.081250 0.201663
0 1.0 0.924219 0.291060 0.104688 0.182952
0 1.0 0.664844 0.292100 0.282813 0.160083
0 1.0 0.672656 0.252599 0.073438 0.097713
0 1.0 0.719531 0.238046 0.067187 0.097713
0 1.0 0.779687 0.265073 0.037500 0.081081
0 1.0 0.752344 0.285863 0.310937 0.122661
0 1.0 0.501563 0.275468 0.121875 0.264033
0 1.0 0.544531 0.286902 0.267188 0.145530
0 1.0 0.553125 0.252599 0.078125 0.122661
0 1.0 0.553125 0.272349 0.109375 0.224532
0 1.0 0.591406 0.254678 0.039062 0.072765
0 1.0 0.587500 0.270270 0.093750 0.195426
0 1.0 0.399219 0.279626 0.242188 0.255717
0 1.0 0.409375 0.287942 0.278125 0.118503
0 1.0 0.391406 0.257796 0.098437 0.216216
0 1.0 0.456250 0.245322 0.131250 0.191268
0 1.0 0.499219 0.290021 0.089063 0.081081
0 1.0 0.453906 0.256757 0.060937 0.130977
0 1.0 0.225781 0.265073 0.064062 0.118503
0 1.0 0.228125 0.270270 0.109375 0.224532
0 1.0 0.288281 0.276507 0.242188 0.237006
0 1.0 0.331250 0.290021 0.162500 0.106029
0 1.0 0.146875 0.292100 0.131250 0.101871
0 1.0 0.064062 0.266112 0.084375 0.228690
0 1.0 0.149219 0.277547 0.157812 0.197505
0 1.0 0.144531 0.260915 0.070312 0.143451
0 1.0 0.196094 0.291060 0.060937 0.112266
0 1.0 0.954688 0.237006 0.090625 0.158004
0 1.0 0.964063 0.285863 0.050000 0.197505
0 1.0 0.071875 0.274428 0.143750 0.307692
0 1.0 0.096875 0.296258 0.040625 0.072765
0 1.0 0.100000 0.291060 0.084375 0.074844
0 1.0 0.038281 0.303534 0.076563 0.274428
0 1.0 0.076563 0.257796 0.031250 0.079002
0 1.0 0.816406 0.222453 0.085938 0.212058
0 1.0 0.864062 0.223493 0.168750 0.234927
0 1.0 0.792188 0.240125 0.165625 0.106029
0 1.0 0.874219 0.229730 0.110937 0.401247
0 1.0 0.664062 0.234927 0.300000 0.120582
0 1.0 0.662500 0.214137 0.146875 0.316008
0 1.0 0.710156 0.226611 0.189062 0.207900
0 1.0 0.772656 0.215177 0.079687 0.201663
0 1.0 0.765625 0.214137 0.115625 0.332640
0 1.0 0.546094 0.216216 0.185938 0.182952
0 1.0 0.429688 0.230769 0.112500 0.103950
0 1.0 0.412500 0.230769 0.334375 0.124740
0 1.0 0.458594 0.214137 0.229687 0.291060
0 1.0 0.512500 0.235967 0.068750 0.081081
0 1.0 0.255469 0.245322 0.045312 0.074844
0 1.0 0.204687 0.240125 0.228125 0.130977
0 1.0 0.288281 0.248441 0.107813 0.222453
0 1.0 0.341406 0.224532 0.170313 0.212058
0 1.0 0.939844 0.183992 0.120313 0.114345
0 1.0 0.072656 0.239085 0.145313 0.091476
0 1.0 0.811719 0.182952 0.279687 0.133056
0 1.0 0.811719 0.183992 0.126562 0.097713
0 1.0 0.707812 0.146570 0.125000 0.293139
0 1.0 0.612500 0.180873 0.231250 0.145530
0 1.0 0.485938 0.164241 0.071875 0.120582
0 1.0 0.495312 0.182952 0.128125 0.133056
0 1.0 0.521875 0.188150 0.056250 0.085239
0 1.0 0.499219 0.170478 0.223438 0.174636
0 1.0 0.503125 0.143451 0.134375 0.286902
0 1.0 0.103906 0.032225 0.048438 0.064449
0 1.0 0.136719 0.045738 0.095312 0.091476
0 1.0 0.159375 0.037422 0.062500 0.070686
0 1.0 0.745313 0.491684 0.234375 0.484407
0 1.0 0.842187 0.317048 0.200000 0.600832
0 1.0 0.444531 0.783784 0.210938 0.432432
0 1.0 0.844531 0.791060 0.235937 0.417879
0 1.0 0.075781 0.443867 0.151562 0.717256
0 1.0 0.105469 0.442827 0.210938 0.386694
0 1.0 0.892969 0.339917 0.214062 0.363825
0 1.0 0.922656 0.569647 0.154688 0.528067