0 1.0 0.723000 0.518717 0.246000 0.438503
0 1.0 0.454000 0.576203 0.132000 0.296791
0 1.0 0.397000 0.569519 0.138000 0.347594
0 1.0 0.393000 0.604278 0.246000 0.112299
0 1.0 0.669000 0.585561 0.110000 0.288770
0 1.0 0.626000 0.609626 0.228000 0.117647
0 1.0 0.647000 0.612299 0.106000 0.101604
0 1.0 0.334000 0.572193 0.132000 0.352941
0 1.0 0.374000 0.596257 0.084000 0.085561
0 1.0 0.285000 0.588235 0.142000 0.379679
0 1.0 0.505000 0.610963 0.034000 0.050802
0 1.0 0.609000 0.561497 0.230000 0.310160
0 1.0 0.550000 0.601604 0.108000 0.208556
0 1.0 0.542000 0.605615 0.220000 0.114973
0 1.0 0.569000 0.605615 0.078000 0.082888
0 1.0 0.807000 0.580214 0.138000 0.390374
0 1.0 0.493000 0.593583 0.098000 0.224599
0 1.0 0.529000 0.606952 0.062000 0.069519
0 1.0 0.269000 0.601604 0.202000 0.090909
0 1.0 0.449000 0.608289 0.162000 0.088235
0 1.0 0.807000 0.609626 0.198000 0.160428
0 1.0 0.162000 0.601604 0.072000 0.090909
0 1.0 0.444000 0.602941 0.056000 0.072193
0 1.0 0.073000 0.608289 0.114000 0.344920
0 1.0 0.109000 0.601604 0.062000 0.080214
0 1.0 0.035000 0.609626 0.062000 0.272727
0 1.0 0.044000 0.605615 0.088000 0.077540
0 1.0 0.054000 0.610963 0.040000 0.061497
0 1.0 0.961000 0.609626 0.054000 0.165775
0 1.0 0.939000 0.549465 0.122000 0.104278
0 1.0 0.238000 0.635027 0.116000 0.435829
0 1.0 0.329000 0.602941 0.026000 0.045455
0 1.0 0.133000 0.621658 0.130000 0.350267
0 1.0 0.243000 0.594920 0.170000 0.227273
0 1.0 0.179000 0.631016 0.106000 0.422460
0 1.0 0.183000 0.600267 0.182000 0.098930
0 1.0 0.199000 0.601604 0.082000 0.096257
0 1.0 0.180000 0.600267 0.136000 0.211230
0 1.0 0.148000 0.660428 0.104000 0.112299
0 1.0 0.379000 0.625668 0.266000 0.342246
0 1.0 0.331000 0.656417 0.202000 0.109626
0 1.0 0.605000 0.580214 0.134000 0.240642
0 1.0 0.042000 0.657754 0.084000 0.085561
0 1.0 0.046000 0.667112 0.036000 0.066845
0 1.0 0.053000 0.661765 0.106000 0.189840
0 1.0 0.943000 0.601604 0.114000 0.106952
0 1.0 0.299000 0.664439 0.054000 0.072193
0 1.0 0.220000 0.657754 0.304000 0.128342
0 1.0 0.517000 0.649733 0.202000 0.090909
0 1.0 0.539000 0.648396 0.094000 0.088235
0 1.0 0.712000 0.550802 0.124000 0.379679
0 1.0 0.928000 0.613636 0.144000 0.291444
0 1.0 0.881000 0.602941 0.238000 0.125668
0 1.0 0.246000 0.660428 0.120000 0.117647
0 1.0 0.875000 0.594920 0.126000 0.371658
0 1.0 0.855000 0.617647 0.050000 0.069519
0 1.0 0.100000 0.661765 0.080000 0.098930
0 1.0 0.792000 0.608289 0.124000 0.088235
0 1.0 0.109000 0.549465 0.218000 0.114973
0 1.0 0.055000 0.552139 0.110000 0.082888
0 1.0 0.878000 0.552139 0.244000 0.125668
0 1.0 0.279000 0.545455 0.250000 0.122995
0 1.0 0.923000 0.505348 0.154000 0.299465
0 1.0 0.046000 0.530749 0.092000 0.350267
0 1.0 0.394000 0.544118 0.224000 0.179144
0 1.0 0.206000 0.549465 0.168000 0.152406
0 1.0 0.187000 0.562834 0.230000 0.360963
0 1.0 0.772000 0.485294 0.264000 0.205882
0 1.0 0.941000 0.498663 0.118000 0.104278
0 1.0 0.679000 0.489305 0.306000 0.139037
0 1.0 0.664000 0.493316 0.184000 0.291444
0 1.0 0.879000 0.500000 0.242000 0.128342
0 1.0 0.799000 0.494652 0.102000 0.085561
0 1.0 0.707000 0.541444 0.294000 0.147059
0 1.0 0.327000 0.545455 0.074000 0.096257
0 1.0 0.269000 0.598930 0.058000 0.069519
0 1.0 0.095000 0.600267 0.190000 0.098930
0 1.0 0.820000 0.550802 0.128000 0.090909
0 1.0 0.449000 0.558824 0.134000 0.133690
0 1.0 0.346000 0.517380 0.260000 0.318182
0 1.0 0.617000 0.554813 0.198000 0.125668
0 1.0 0.802000 0.552139 0.252000 0.179144
0 1.0 0.492000 0.556150 0.228000 0.176471
0 1.0 0.233000 0.762032 0.158000 0.144385
0 1.0 0.231000 0.776738 0.246000 0.387701
0 1.0 0.499000 0.774064 0.250000 0.328877
0 1.0 0.445000 0.762032 0.118000 0.417112
0 1.0 0.440000 0.768717 0.316000 0.131016
0 1.0 0.180000 0.780749 0.132000 0.219251
0 1.0 0.126000 0.770053 0.124000 0.422460
0 1.0 0.142000 0.764706 0.284000 0.128342
0 1.0 0.171000 0.774064 0.106000 0.120321
0 1.0 0.066000 0.759358 0.112000 0.454545
0 1.0 0.389000 0.780749 0.134000 0.363636
0 1.0 0.414000 0.772727 0.128000 0.139037
0 1.0 0.603000 0.733957 0.130000 0.264706
0 1.0 0.628000 0.759358 0.216000 0.155080
0 1.0 0.263000 0.776738 0.066000 0.088235
0 1.0 0.292000 0.771390 0.184000 0.237968
0 1.0 0.776000 0.719251 0.076000 0.090909
0 1.0 0.867000 0.684492 0.094000 0.208556
0 1.0 0.829000 0.724599 0.042000 0.074866
0 1.0 0.859000 0.672460 0.234000 0.291444
0 1.0 0.799000 0.712567 0.290000 0.141711
0 1.0 0.813000 0.695187 0.162000 0.203209
0 1.0 0.061000 0.762032 0.122000 0.090909
0 1.0 0.127000 0.775401 0.078000 0.106952
0 1.0 0.068000 0.772727 0.024000 0.053476
0 1.0 0.945000 0.712567 0.110000 0.104278
0 1.0 0.966000 0.724599 0.060000 0.160428
0 1.0 0.919000 0.740642 0.118000 0.283422
0 1.0 0.873000 0.764706 0.254000 0.122995
0 1.0 0.872000 0.751337 0.132000 0.197861
0 1.0 0.818000 0.751337 0.116000 0.197861
0 1.0 0.766000 0.736631 0.108000 0.211230
0 1.0 0.845000 0.770053 0.058000 0.080214
0 1.0 0.114000 0.820856 0.228000 0.117647
0 1.0 0.134000 0.834225 0.060000 0.090909
0 1.0 0.346000 0.827540 0.248000 0.318182
0 1.0 0.944000 0.766043 0.112000 0.141711
0 1.0 0.220000 0.819519 0.288000 0.131016
0 1.0 0.616000 0.752674 0.264000 0.286096
0 1.0 0.587000 0.767380 0.094000 0.096257
0 1.0 0.495000 0.764706 0.118000 0.363636
0 1.0 0.762000 0.759358 0.316000 0.122995
0 1.0 0.532000 0.771390 0.116000 0.114973
0 1.0 0.479000 0.775401 0.078000 0.096257
0 1.0 0.062000 0.819519 0.124000 0.093583
0 1.0 0.078000 0.828877 0.020000 0.048128
0 1.0 0.707000 0.729947 0.102000 0.208556
0 1.0 0.700000 0.752674 0.272000 0.232620
0 1.0 0.789000 0.766043 0.142000 0.104278
0 1.0 0.663000 0.727273 0.114000 0.240642
0 1.0 0.816000 0.620321 0.084000 0.267380
0 1.0 0.122000 0.717914 0.084000 0.104278
0 1.0 0.697000 0.663102 0.286000 0.149733
0 1.0 0.716000 0.628342 0.084000 0.213904
0 1.0 0.717000 0.668449 0.142000 0.133690
0 1.0 0.049000 0.716578 0.034000 0.064171
0 1.0 0.947000 0.657754 0.106000 0.106952
0 1.0 0.161000 0.711230 0.274000 0.128342
0 1.0 0.776000 0.664439 0.076000 0.082888
0 1.0 0.824000 0.668449 0.048000 0.080214
0 1.0 0.500000 0.655080 0.052000 0.069519
0 1.0 0.438000 0.657754 0.080000 0.090909
0 1.0 0.884000 0.660428 0.232000 0.133690
0 1.0 0.622000 0.652406 0.176000 0.128342
0 1.0 0.584000 0.651070 0.088000 0.082888
0 1.0 0.587000 0.705882 0.074000 0.074866
0 1.0 0.505000 0.704545 0.230000 0.098930
0 1.0 0.492000 0.715241 0.064000 0.077540
0 1.0 0.450000 0.699198 0.160000 0.221925
0 1.0 0.390000 0.704545 0.316000 0.136364
0 1.0 0.424000 0.712567 0.104000 0.114973
0 1.0 0.742000 0.711230 0.124000 0.106952
0 1.0 0.682000 0.704545 0.148000 0.114973
0 1.0 0.548000 0.697861 0.148000 0.240642
0 1.0 0.169000 0.715241 0.098000 0.109626
0 1.0 0.342000 0.731283 0.136000 0.344920
0 1.0 0.273000 0.720588 0.078000 0.088235
0 1.0 0.540000 0.708556 0.092000 0.085561
0 1.0 0.927000 0.292781 0.146000 0.254011
0 1.0 0.953000 0.287433 0.094000 0.136364
0 1.0 0.891000 0.290107 0.218000 0.109626
0 1.0 0.185000 0.394385 0.058000 0.184492
0 1.0 0.233000 0.348930 0.154000 0.104278
0 1.0 0.184000 0.360963 0.108000 0.224599
0 1.0 0.836000 0.283422 0.088000 0.058824
0 1.0 0.891000 0.228610 0.030000 0.056150
0 1.0 0.822000 0.276738 0.108000 0.264706
0 1.0 0.831000 0.244652 0.038000 0.072193
0 1.0 0.878000 0.252674 0.092000 0.216578
0 1.0 0.128000 0.366310 0.076000 0.224599
0 1.0 0.133000 0.334225 0.222000 0.352941
0 1.0 0.066000 0.352941 0.096000 0.422460
0 1.0 0.116000 0.339572 0.156000 0.101604
0 1.0 0.346000 0.377005 0.124000 0.192513
0 1.0 0.353000 0.359626 0.230000 0.275401
0 1.0 0.047000 0.336898 0.094000 0.117647
0 1.0 0.964000 0.284759 0.044000 0.114973
0 1.0 0.606000 0.290107 0.040000 0.072193
0 1.0 0.612000 0.292781 0.288000 0.147059
0 1.0 0.545000 0.328877 0.102000 0.208556
0 1.0 0.524000 0.295455 0.212000 0.104278
0 1.0 0.815000 0.286096 0.250000 0.256684
0 1.0 0.544000 0.307487 0.260000 0.251337
0 1.0 0.485000 0.342246 0.098000 0.171123
0 1.0 0.771000 0.267380 0.094000 0.245989
0 1.0 0.781000 0.280749 0.294000 0.106952
0 1.0 0.784000 0.241979 0.032000 0.072193
0 1.0 0.445000 0.356952 0.078000 0.125668
0 1.0 0.715000 0.284759 0.098000 0.211230
0 1.0 0.717000 0.292781 0.246000 0.275401
0 1.0 0.667000 0.300802 0.090000 0.195187
0 1.0 0.691000 0.283422 0.242000 0.096257
0 1.0 0.679000 0.274064 0.038000 0.066845
0 1.0 0.918000 0.250000 0.092000 0.163102
0 1.0 0.731000 0.259358 0.038000 0.069519
0 1.0 0.670000 0.354278 0.272000 0.136364
0 1.0 0.827000 0.343583 0.202000 0.114973
0 1.0 0.600000 0.375668 0.256000 0.259358
0 1.0 0.496000 0.342246 0.280000 0.144385
0 1.0 0.825000 0.352941 0.086000 0.160428
0 1.0 0.764000 0.352941 0.092000 0.192513
0 1.0 0.071000 0.391711 0.142000 0.104278
0 1.0 0.678000 0.397059 0.056000 0.109626
0 1.0 0.705000 0.381016 0.086000 0.173797
0 1.0 0.302000 0.403743 0.064000 0.144385
0 1.0 0.338000 0.348930 0.260000 0.120321
0 1.0 0.328000 0.371658 0.060000 0.112299
0 1.0 0.236000 0.381016 0.080000 0.195187
0 1.0 0.257000 0.340909 0.222000 0.270053
0 1.0 0.206000 0.359626 0.056000 0.114973
0 1.0 0.762000 0.360963 0.272000 0.256684
0 1.0 0.439000 0.368984 0.142000 0.181818
0 1.0 0.394000 0.383690 0.084000 0.168449
0 1.0 0.345000 0.399733 0.066000 0.152406
0 1.0 0.611000 0.383690 0.098000 0.205882
0 1.0 0.610000 0.229947 0.180000 0.187166
0 1.0 0.564000 0.233957 0.348000 0.120321
0 1.0 0.544000 0.251337 0.116000 0.203209
0 1.0 0.583000 0.237968 0.126000 0.112299
0 1.0 0.784000 0.231283 0.296000 0.120321
0 1.0 0.478000 0.237968 0.260000 0.294118
0 1.0 0.445000 0.298128 0.074000 0.147059
0 1.0 0.441000 0.275401 0.138000 0.187166
0 1.0 0.492000 0.244652 0.068000 0.098930
0 1.0 0.818000 0.221925 0.176000 0.192513
0 1.0 0.721000 0.224599 0.078000 0.165775
0 1.0 0.721000 0.224599 0.170000 0.181818
0 1.0 0.894000 0.235294 0.212000 0.122995
0 1.0 0.912000 0.200535 0.132000 0.294118
0 1.0 0.488000 0.272727 0.104000 0.213904
0 1.0 0.515000 0.239305 0.138000 0.125668
0 1.0 0.737000 0.564171 0.454000 0.871658
0 1.0 0.556000 0.724599 0.888000 0.497326
0 1.0 0.253000 0.500000 0.438000 1.000000
0 1.0 0.179000 0.084225 0.270000 0.168449
0 1.0 0.192000 0.053476 0.120000 0.106952
0 1.0 0.132000 0.069519 0.072000 0.139037
0 1.0 0.389000 0.260695 0.110000 0.264706
0 1.0 0.425000 0.236631 0.306000 0.131016
0 1.0 0.668000 0.223262 0.084000 0.157754
0 1.0 0.078000 0.028075 0.056000 0.056150
0 1.0 0.076000 0.072193 0.076000 0.139037
0 1.0 0.134000 0.030749 0.080000 0.061497
0 1.0 0.109000 0.042781 0.138000 0.085561
0 1.0 0.024000 0.072193 0.040000 0.096257
0 1.0 0.334000 0.331551 0.032000 0.064171
0 1.0 0.264000 0.286096 0.156000 0.096257
0 1.0 0.242000 0.331551 0.032000 0.064171
0 1.0 0.188000 0.286096 0.268000 0.181818
0 1.0 0.215000 0.306150 0.026000 0.061497
0 1.0 0.165000 0.283422 0.106000 0.090909
0 1.0 0.136000 0.306150 0.048000 0.131016
0 1.0 0.428000 0.292781 0.288000 0.131016
0 1.0 0.411000 0.307487 0.234000 0.262032
0 1.0 0.324000 0.300802 0.124000 0.098930
0 1.0 0.602000 0.306150 0.092000 0.189840
0 1.0 0.373000 0.322193 0.066000 0.098930
0 1.0 0.308000 0.336898 0.096000 0.133690
0 1.0 0.842000 0.233957 0.080000 0.093583
0 1.0 0.069000 0.283422 0.054000 0.181818
0 1.0 0.099000 0.284759 0.198000 0.173797
0 1.0 0.413000 0.295455 0.090000 0.077540
0 1.0 0.072000 0.284759 0.096000 0.082888
0 1.0 0.968000 0.235294 0.064000 0.192513
0 1.0 0.962000 0.502674 0.044000 0.112299
0 1.0 0.957000 0.443850 0.086000 0.080214
0 1.0 0.688000 0.435829 0.236000 0.139037
0 1.0 0.678000 0.461230 0.096000 0.237968
0 1.0 0.600000 0.473262 0.156000 0.352941
0 1.0 0.626000 0.438503 0.148000 0.117647
0 1.0 0.881000 0.479947 0.082000 0.184492
0 1.0 0.808000 0.438503 0.204000 0.128342
0 1.0 0.837000 0.466578 0.270000 0.312834
0 1.0 0.815000 0.439840 0.038000 0.061497
0 1.0 0.159000 0.497326 0.218000 0.117647
0 1.0 0.392000 0.455882 0.192000 0.248663
0 1.0 0.340000 0.458556 0.096000 0.232620
0 1.0 0.360000 0.445187 0.044000 0.072193
0 1.0 0.246000 0.479947 0.096000 0.270053
0 1.0 0.305000 0.443850 0.074000 0.080214
0 1.0 0.269000 0.442513 0.238000 0.163102
0 1.0 0.484000 0.467914 0.096000 0.288770
0 1.0 0.477000 0.435829 0.158000 0.117647
0 1.0 0.464000 0.431818 0.232000 0.189840
0 1.0 0.451000 0.453209 0.090000 0.205882
0 1.0 0.462000 0.438503 0.044000 0.069519
0 1.0 0.298000 0.494652 0.280000 0.139037
0 1.0 0.555000 0.497326 0.242000 0.139037
0 1.0 0.173000 0.831551 0.086000 0.112299
0 1.0 0.415000 0.497326 0.306000 0.144385
0 1.0 0.096000 0.500000 0.192000 0.155080
0 1.0 0.091000 0.493316 0.182000 0.366310
0 1.0 0.060000 0.497326 0.120000 0.085561
0 1.0 0.890000 0.441176 0.220000 0.165775
0 1.0 0.198000 0.497326 0.096000 0.160428
0 1.0 0.141000 0.491979 0.166000 0.235294
0 1.0 0.300000 0.411765 0.132000 0.240642
0 1.0 0.286000 0.391711 0.224000 0.114973
0 1.0 0.242000 0.438503 0.064000 0.149733
0 1.0 0.376000 0.394385 0.264000 0.131016
0 1.0 0.964000 0.331551 0.028000 0.064171
0 1.0 0.933000 0.338235 0.134000 0.109626
0 1.0 0.953000 0.360963 0.062000 0.112299
0 1.0 0.195000 0.391711 0.230000 0.328877
0 1.0 0.880000 0.348930 0.076000 0.152406
0 1.0 0.861000 0.351604 0.242000 0.243316
0 1.0 0.161000 0.394385 0.178000 0.109626
0 1.0 0.073000 0.377005 0.146000 0.245989
0 1.0 0.075000 0.446524 0.034000 0.048128
0 1.0 0.329000 0.443850 0.158000 0.106952
0 1.0 0.963000 0.455882 0.050000 0.131016
0 1.0 0.927000 0.391711 0.146000 0.114973
0 1.0 0.188000 0.449198 0.216000 0.149733
0 1.0 0.150000 0.450535 0.092000 0.157754
0 1.0 0.121000 0.450535 0.094000 0.077540
0 1.0 0.079000 0.438503 0.106000 0.187166
0 1.0 0.131000 0.458556 0.082000 0.270053
0 1.0 0.208000 0.462567 0.048000 0.101604
0 1.0 0.872000 0.413102 0.116000 0.259358
0 1.0 0.811000 0.393048 0.278000 0.139037
0 1.0 0.536000 0.390374 0.260000 0.139037
0 1.0 0.184000 0.450535 0.068000 0.072193
0 1.0 0.822000 0.418449 0.128000 0.275401
0 1.0 0.760000 0.443850 0.136000 0.272727
0 1.0 0.046000 0.443850 0.092000 0.101604
0 1.0 0.276000 0.129679 0.088000 0.066845
0 1.0 0.421000 0.616310 0.218000 0.655080
0 1.0 0.449000 0.651070 0.570000 0.227273
0 1.0 0.472000 0.823529 0.080000 0.096257
0 1.0 0.813000 0.594920 0.350000 0.483957
0 1.0 0.739000 0.651070 0.474000 0.237968
0 1.0 0.540000 0.136364 0.300000 0.256684
0 1.0 0.257000 0.764706 0.514000 0.262032
0 1.0 0.140000 0.675134 0.212000 0.558824
0 1.0 0.389000 0.160428 0.134000 0.299465
0 1.0 0.422000 0.121658 0.360000 0.120321
0 1.0 0.435000 0.124332 0.158000 0.109626
0 1.0 0.288000 0.163102 0.116000 0.149733
0 1.0 0.349000 0.164439 0.086000 0.216578
0 1.0 0.353000 0.135027 0.290000 0.270053
0 1.0 0.290000 0.192513 0.060000 0.117647
0 1.0 0.248000 0.124332 0.304000 0.098930
0 1.0 0.268000 0.627005 0.236000 0.633690
0 1.0 0.210000 0.649733 0.420000 0.229947
0 1.0 0.557000 0.133690 0.182000 0.181818
0 1.0 0.678000 0.179144 0.048000 0.117647
0 1.0 0.673000 0.128342 0.278000 0.149733
0 1.0 0.614000 0.187166 0.060000 0.155080
0 1.0 0.503000 0.168449 0.098000 0.213904
0 1.0 0.447000 0.175134 0.082000 0.168449
0 1.0 0.455000 0.128342 0.218000 0.197861
0 1.0 0.485000 0.127005 0.118000 0.098930
0 1.0 0.046000 0.122995 0.080000 0.090909
0 1.0 0.071000 0.144385 0.142000 0.288770
0 1.0 0.960000 0.145722 0.048000 0.141711
0 1.0 0.947000 0.074866 0.106000 0.101604
0 1.0 0.928000 0.112299 0.144000 0.224599
0 1.0 0.887000 0.073529 0.226000 0.131016
0 1.0 0.565000 0.844920 0.590000 0.203209
0 1.0 0.725000 0.139037 0.046000 0.085561
0 1.0 0.727000 0.078877 0.246000 0.120321
0 1.0 0.882000 0.136364 0.100000 0.224599
0 1.0 0.824000 0.102941 0.208000 0.205882
0 1.0 0.159000 0.844920 0.318000 0.208556
0 1.0 0.815000 0.152406 0.066000 0.176471
0 1.0 0.193000 0.151070 0.078000 0.184492
0 1.0 0.187000 0.131016 0.146000 0.224599
0 1.0 0.125000 0.149733 0.106000 0.283422
0 1.0 0.122000 0.121658 0.236000 0.120321
0 1.0 0.227000 0.152406 0.106000 0.192513
0 1.0 0.653000 0.435829 0.434000 0.411765
0 1.0 0.554000 0.359626 0.600000 0.205882
0 1.0 0.830000 0.124332 0.104000 0.098930
0 1.0 0.225000 0.453209 0.450000 0.227273
0 1.0 0.171000 0.437166 0.342000 0.633690
0 1.0 0.064000 0.481283 0.128000 0.860963
0 1.0 0.444000 0.450535 0.528000 0.264706
0 1.0 0.942000 0.127005 0.116000 0.114973
0 1.0 0.277000 0.348930 0.554000 0.227273
0 1.0 0.851000 0.422460 0.186000 0.588235
0 1.0 0.054000 0.177807 0.084000 0.163102
0 1.0 0.104000 0.179144 0.168000 0.128342
0 1.0 0.062000 0.183155 0.068000 0.066845
0 1.0 0.217000 0.549465 0.434000 0.227273
0 1.0 0.774000 0.188503 0.064000 0.184492
0 1.0 0.547000 0.171123 0.074000 0.176471
0 1.0 0.571000 0.537433 0.558000 0.262032
0 1.0 0.735000 0.139037 0.270000 0.262032
0 1.0 0.786000 0.183155 0.044000 0.120321
0 1.0 0.747000 0.125668 0.222000 0.112299
0 1.0 0.732000 0.184492 0.048000 0.117647
0 1.0 0.719000 0.077540 0.046000 0.074866
0 1.0 0.738000 0.033422 0.172000 0.061497
0 1.0 0.727000 0.070856 0.030000 0.040107
0 1.0 0.669000 0.074866 0.042000 0.064171
0 1.0 0.673000 0.034759 0.210000 0.069519
0 1.0 0.822000 0.074866 0.044000 0.085561
0 1.0 0.843000 0.033422 0.186000 0.066845
0 1.0 0.836000 0.068182 0.024000 0.040107
0 1.0 0.499000 0.192513 0.894000 0.385027
0 1.0 0.666000 0.054813 0.116000 0.088235
0 1.0 0.605000 0.072193 0.042000 0.064171
0 1.0 0.612000 0.045455 0.220000 0.090909
0 1.0 0.745000 0.878342 0.510000 0.243316
0 1.0 0.350000 0.877005 0.700000 0.245989
0 1.0 0.888000 0.065508 0.032000 0.040107
0 1.0 0.887000 0.053476 0.122000 0.096257
0 1.0 0.831000 0.050802 0.110000 0.085561
0 1.0 0.493000 0.524064 0.422000 0.609626
0 1.0 0.776000 0.089572 0.044000 0.082888
0 1.0 0.787000 0.076203 0.026000 0.040107
0 1.0 0.777000 0.052139 0.106000 0.082888
0 1.0 0.276000 0.034759 0.164000 0.069519
0 1.0 0.468000 0.057487 0.132000 0.109626
0 1.0 0.394000 0.065508 0.092000 0.131016
0 1.0 0.419000 0.034759 0.250000 0.069519
0 1.0 0.289000 0.068182 0.054000 0.088235
0 1.0 0.286000 0.073529 0.280000 0.147059
0 1.0 0.231000 0.070856 0.086000 0.141711
0 1.0 0.049000 0.040107 0.098000 0.080214
0 1.0 0.552000 0.069519 0.052000 0.080214
0 1.0 0.403000 0.076203 0.266000 0.152406
0 1.0 0.500000 0.072193 0.064000 0.096257
0 1.0 0.518000 0.033422 0.180000 0.066845
0 1.0 0.448000 0.058824 0.040000 0.058824
0 1.0 0.493000 0.029412 0.078000 0.058824
0 1.0 0.549000 0.069519 0.270000 0.139037
0 1.0 0.345000 0.058824 0.066000 0.106952
0 1.0 0.331000 0.029412 0.070000 0.058824
0 1.0 0.519000 0.544118 0.946000 0.521390
0 1.0 0.217000 0.923797 0.434000 0.152406
0 1.0 0.283000 0.110963 0.134000 0.163102
0 1.0 0.608000 0.122995 0.048000 0.080214
0 1.0 0.718000 0.149733 0.068000 0.149733
0 1.0 0.670000 0.147059 0.056000 0.122995
0 1.0 0.668000 0.302139 0.644000 0.379679
0 1.0 0.942000 0.033422 0.116000 0.066845
0 1.0 0.952000 0.065508 0.044000 0.066845
0 1.0 0.560000 0.923797 0.600000 0.152406
0 1.0 0.924000 0.077540 0.084000 0.155080
0 1.0 0.878000 0.068182 0.052000 0.082888
0 1.0 0.883000 0.036096 0.082000 0.050802
0 1.0 0.832000 0.922460 0.336000 0.155080
0 1.0 0.028000 0.109626 0.056000 0.197861
0 1.0 0.286000 0.910428 0.148000 0.179144
0 1.0 0.958000 0.856952 0.052000 0.082888
0 1.0 0.918000 0.870321 0.164000 0.147059
0 1.0 0.887000 0.855615 0.226000 0.251337
0 1.0 0.878000 0.788770 0.068000 0.106952
0 1.0 0.836000 0.864973 0.232000 0.131016
0 1.0 0.138000 0.893048 0.116000 0.213904
0 1.0 0.921000 0.832888 0.098000 0.195187
0 1.0 0.434000 0.891711 0.252000 0.216578
0 1.0 0.454000 0.925134 0.124000 0.128342
0 1.0 0.393000 0.897059 0.118000 0.205882
0 1.0 0.076000 0.923797 0.076000 0.098930
0 1.0 0.072000 0.889037 0.100000 0.221925
0 1.0 0.036000 0.891711 0.072000 0.211230
0 1.0 0.091000 0.919786 0.182000 0.117647
0 1.0 0.660000 0.866310 0.324000 0.133690
0 1.0 0.670000 0.818182 0.068000 0.112299
0 1.0 0.604000 0.818182 0.056000 0.096257
0 1.0 0.560000 0.859626 0.084000 0.125668
0 1.0 0.563000 0.852941 0.246000 0.256684
0 1.0 0.497000 0.870321 0.058000 0.120321
0 1.0 0.824000 0.779412 0.064000 0.125668
0 1.0 0.836000 0.811497 0.060000 0.104278
0 1.0 0.772000 0.779412 0.056000 0.104278
0 1.0 0.769000 0.856952 0.214000 0.200535
0 1.0 0.965000 0.835561 0.026000 0.056150
0 1.0 0.957000 0.921123 0.086000 0.157754
0 1.0 0.659000 0.890374 0.126000 0.219251
0 1.0 0.657000 0.918449 0.334000 0.120321
0 1.0 0.600000 0.898396 0.128000 0.203209
0 1.0 0.171000 0.950535 0.126000 0.088235
0 1.0 0.825000 0.883690 0.142000 0.232620
0 1.0 0.771000 0.897059 0.122000 0.205882
0 1.0 0.710000 0.883690 0.124000 0.232620
0 1.0 0.342000 0.894385 0.128000 0.211230
0 1.0 0.347000 0.919786 0.290000 0.128342
0 1.0 0.551000 0.906417 0.122000 0.187166
0 1.0 0.229000 0.911765 0.102000 0.176471
0 1.0 0.497000 0.910428 0.110000 0.179144
0 1.0 0.521000 0.921123 0.230000 0.104278
0 1.0 0.617000 0.807487 0.310000 0.133690
0 1.0 0.815000 0.810160 0.250000 0.128342
0 1.0 0.505000 0.875668 0.238000 0.114973
0 1.0 0.565000 0.816845 0.098000 0.104278
0 1.0 0.480000 0.810160 0.316000 0.128342
0 1.0 0.509000 0.818182 0.118000 0.117647
0 1.0 0.768000 0.799465 0.144000 0.213904
0 1.0 0.079000 0.877005 0.030000 0.064171
0 1.0 0.284000 0.830214 0.040000 0.072193
0 1.0 0.234000 0.818182 0.128000 0.133690
0 1.0 0.320000 0.820856 0.168000 0.144385
0 1.0 0.407000 0.820856 0.138000 0.139037
0 1.0 0.555000 0.828877 0.054000 0.090909
0 1.0 0.224000 0.885027 0.208000 0.165775
0 1.0 0.183000 0.879679 0.070000 0.181818
0 1.0 0.227000 0.882353 0.062000 0.155080
0 1.0 0.452000 0.889037 0.040000 0.093583
0 1.0 0.716000 0.770053 0.052000 0.096257
0 1.0 0.723000 0.803476 0.058000 0.098930
0 1.0 0.393000 0.870321 0.066000 0.152406
0 1.0 0.347000 0.848930 0.078000 0.147059
0 1.0 0.926000 0.808824 0.148000 0.104278
0 1.0 0.449000 0.890374 0.078000 0.133690
0 1.0 0.113000 0.877005 0.226000 0.128342
0 1.0 0.965000 0.839572 0.070000 0.197861
0 1.0 0.058000 0.871658 0.116000 0.090909
0 1.0 0.291000 0.877005 0.062000 0.122995
0 1.0 0.791000 0.183155 0.294000 0.136364
0 1.0 0.454000 0.139037 0.632000 0.219251
0 1.0 0.835000 0.179144 0.130000 0.139037
0 1.0 0.471000 0.197861 0.174000 0.139037
0 1.0 0.672000 0.189840 0.140000 0.160428
0 1.0 0.577000 0.196524 0.146000 0.114973
0 1.0 0.360000 0.072193 0.668000 0.144385
0 1.0 0.043000 0.256684 0.086000 0.385027
0 1.0 0.772000 0.073529 0.456000 0.147059
0 1.0 0.221000 0.141711 0.442000 0.229947
0 1.0 0.937000 0.183155 0.126000 0.114973
0 1.0 0.460000 0.244652 0.588000 0.221925
0 1.0 0.435000 0.270053 0.418000 0.417112
0 1.0 0.229000 0.223262 0.090000 0.168449
0 1.0 0.248000 0.187166 0.268000 0.117647
0 1.0 0.493000 0.195187 0.102000 0.090909
0 1.0 0.191000 0.217914 0.074000 0.173797
0 1.0 0.166000 0.189840 0.268000 0.165775
0 1.0 0.204000 0.204545 0.024000 0.050802
0 1.0 0.321000 0.220588 0.030000 0.050802
0 1.0 0.213000 0.247326 0.426000 0.227273
0 1.0 0.446000 0.239305 0.076000 0.168449
0 1.0 0.352000 0.245989 0.068000 0.160428
0 1.0 0.391000 0.188503 0.146000 0.093583
0 1.0 0.374000 0.199198 0.068000 0.098930
0 1.0 0.295000 0.264706 0.058000 0.101604
0 1.0 0.295000 0.228610 0.110000 0.125668
0 1.0 0.422000 0.181818 0.328000 0.133690
0 1.0 0.659000 0.947861 0.090000 0.104278
0 1.0 0.404000 0.950535 0.128000 0.098930
0 1.0 0.344000 0.937166 0.084000 0.125668
0 1.0 0.363000 0.962567 0.062000 0.053476
0 1.0 0.066000 0.235294 0.132000 0.106952
0 1.0 0.292000 0.939840 0.080000 0.120321
0 1.0 0.286000 0.962567 0.084000 0.058824
0 1.0 0.554000 0.941176 0.084000 0.117647
0 1.0 0.819000 0.925134 0.094000 0.149733
0 1.0 0.846000 0.959893 0.192000 0.080214
0 1.0 0.717000 0.945187 0.166000 0.109626
0 1.0 0.450000 0.947861 0.068000 0.104278
0 1.0 0.509000 0.962567 0.078000 0.058824
0 1.0 0.479000 0.954545 0.146000 0.090909
0 1.0 0.100000 0.963904 0.060000 0.050802
0 1.0 0.052000 0.947861 0.104000 0.104278
0 1.0 0.254000 0.950535 0.144000 0.098930
0 1.0 0.129000 0.955882 0.118000 0.082888
0 1.0 0.354000 0.286096 0.112000 0.176471
0 1.0 0.245000 0.247326 0.294000 0.109626
0 1.0 0.972000 0.959893 0.056000 0.080214
0 1.0 0.286000 0.263369 0.044000 0.056150
0 1.0 0.231000 0.271390 0.070000 0.125668
0 1.0 0.185000 0.263369 0.114000 0.200535
0 1.0 0.121000 0.259358 0.094000 0.294118
0 1.0 0.146000 0.241979 0.252000 0.136364
0 1.0 0.927000 0.962567 0.146000 0.074866
0 1.0 0.604000 0.945187 0.088000 0.109626
0 1.0 0.584000 0.946524 0.240000 0.106952
0 1.0 0.871000 0.914439 0.106000 0.171123
0 1.0 0.849000 0.963904 0.078000 0.061497
0 1.0 0.765000 0.937166 0.090000 0.125668
0 1.0 0.823000 0.252674 0.354000 0.435829
0 1.0 0.238000 0.280749 0.236000 0.556150
0 1.0 0.427000 0.708556 0.418000 0.475936
0 1.0 0.651000 0.732620 0.230000 0.529412
0 1.0 0.139000 0.188503 0.222000 0.377005
0 1.0 0.649000 0.157754 0.202000 0.315508
0 1.0 0.751000 0.800802 0.210000 0.398396
0 1.0 0.549000 0.596257 0.222000 0.577540
0 1.0 0.490000 0.500000 0.668000 1.000000
0 1.0 0.277000 0.447861 0.306000 0.414439
0 1.0 0.651000 0.278075 0.250000 0.481283
0 1.0 0.545000 0.306150 0.214000 0.548128
0 1.0 0.914000 0.748663 0.172000 0.481283