0 1.0 0.807813 0.583138 0.093750 0.379391
0 1.0 0.556250 0.439110 0.090625 0.264637
0 1.0 0.507031 0.537471 0.892188 0.437939
0 1.0 0.911719 0.533958 0.176563 0.107728
0 1.0 0.377344 0.608899 0.195312 0.295082
0 1.0 0.316406 0.591335 0.235937 0.142857
0 1.0 0.956250 0.523419 0.043750 0.147541
0 1.0 0.419531 0.590164 0.051562 0.107728
0 1.0 0.069531 0.604215 0.139063 0.262295
0 1.0 0.272656 0.639344 0.132812 0.327869
0 1.0 0.103906 0.601874 0.026562 0.079625
0 1.0 0.528125 0.590164 0.290625 0.393443
0 1.0 0.521094 0.590164 0.223438 0.126464
0 1.0 0.179688 0.601874 0.071875 0.112412
0 1.0 0.447656 0.600703 0.117188 0.269321
0 1.0 0.178125 0.604215 0.150000 0.257611
0 1.0 0.139063 0.641686 0.087500 0.243560
0 1.0 0.161719 0.596019 0.289062 0.142857
0 1.0 0.169531 0.604215 0.039062 0.088993
0 1.0 0.034375 0.660422 0.043750 0.173302
0 1.0 0.088281 0.597190 0.092188 0.093677
0 1.0 0.713281 0.553864 0.098437 0.311475
0 1.0 0.740625 0.546838 0.365625 0.128806
0 1.0 0.915625 0.546838 0.168750 0.250585
0 1.0 0.921875 0.517564 0.068750 0.196721
0 1.0 0.719531 0.559719 0.060937 0.196721
0 1.0 0.280469 0.596019 0.042188 0.091335
0 1.0 0.231250 0.591335 0.106250 0.138173
0 1.0 0.814844 0.539813 0.039062 0.063232
0 1.0 0.875781 0.553864 0.048438 0.185012
0 1.0 0.836719 0.536300 0.114062 0.121780
0 1.0 0.836719 0.556206 0.229687 0.306792
0 1.0 0.071094 0.654567 0.073438 0.213115
0 1.0 0.147656 0.651054 0.057813 0.117096
0 1.0 0.075781 0.651054 0.126562 0.112412
0 1.0 0.046875 0.667447 0.093750 0.271663
0 1.0 0.101562 0.653396 0.028125 0.084309
0 1.0 0.712500 0.593677 0.243750 0.161593
0 1.0 0.738281 0.611241 0.260937 0.323185
0 1.0 0.873437 0.597190 0.253125 0.126464
0 1.0 0.936719 0.596019 0.126562 0.100703
0 1.0 0.954688 0.576112 0.075000 0.220141
0 1.0 0.271875 0.648712 0.096875 0.135831
0 1.0 0.176563 0.649883 0.284375 0.147541
0 1.0 0.494531 0.590164 0.042188 0.074941
0 1.0 0.400000 0.591335 0.228125 0.133489
0 1.0 0.654687 0.597190 0.121875 0.327869
0 1.0 0.662500 0.580796 0.071875 0.168618
0 1.0 0.619531 0.593677 0.129688 0.128806
0 1.0 0.853125 0.591335 0.118750 0.400468
0 1.0 0.814844 0.600703 0.042188 0.058548
0 1.0 0.844531 0.603044 0.064062 0.086651
0 1.0 0.857812 0.494145 0.168750 0.121780
0 1.0 0.938281 0.511710 0.045312 0.161593
0 1.0 0.614062 0.501171 0.293750 0.140515
0 1.0 0.595313 0.478923 0.103125 0.245902
0 1.0 0.600000 0.463700 0.225000 0.295082
0 1.0 0.867969 0.502342 0.070312 0.269321
0 1.0 0.852344 0.500000 0.057813 0.086651
0 1.0 0.885156 0.503513 0.032813 0.131148
0 1.0 0.182031 0.559719 0.104688 0.117096
0 1.0 0.777344 0.498829 0.160938 0.224824
0 1.0 0.157031 0.566745 0.054688 0.074941
0 1.0 0.777344 0.501171 0.320312 0.154567
0 1.0 0.676562 0.521077 0.050000 0.142857
0 1.0 0.379688 0.512881 0.115625 0.103044
0 1.0 0.346094 0.531616 0.229687 0.252927
0 1.0 0.326562 0.504684 0.193750 0.100703
0 1.0 0.503125 0.491803 0.103125 0.229508
0 1.0 0.289844 0.577283 0.079687 0.189696
0 1.0 0.773438 0.521077 0.081250 0.339578
0 1.0 0.451562 0.515222 0.068750 0.168618
0 1.0 0.475000 0.509368 0.268750 0.138173
0 1.0 0.719531 0.509368 0.045312 0.161593
0 1.0 0.728906 0.477752 0.323437 0.313817
0 1.0 0.455469 0.570258 0.260937 0.292740
0 1.0 0.642969 0.540984 0.254688 0.290398
0 1.0 0.214844 0.551522 0.295312 0.133489
0 1.0 0.551562 0.540984 0.140625 0.365340
0 1.0 0.564063 0.546838 0.250000 0.114754
0 1.0 0.479687 0.539813 0.090625 0.124122
0 1.0 0.094531 0.562061 0.057813 0.065574
0 1.0 0.036719 0.594848 0.073438 0.177986
0 1.0 0.232813 0.611241 0.118750 0.304450
0 1.0 0.400000 0.542155 0.284375 0.142857
0 1.0 0.403906 0.551522 0.110937 0.142857
0 1.0 0.175000 0.740047 0.140625 0.346604
0 1.0 0.142969 0.771663 0.279687 0.142857
0 1.0 0.162500 0.776347 0.103125 0.128806
0 1.0 0.825000 0.710773 0.187500 0.152225
0 1.0 0.810156 0.662763 0.232813 0.323185
0 1.0 0.097656 0.758782 0.195312 0.341920
0 1.0 0.040625 0.771663 0.081250 0.320843
0 1.0 0.384375 0.744731 0.234375 0.360656
0 1.0 0.402344 0.778689 0.079687 0.110070
0 1.0 0.357812 0.757611 0.143750 0.222482
0 1.0 0.316406 0.782201 0.032813 0.060890
0 1.0 0.293750 0.717799 0.225000 0.395785
0 1.0 0.294531 0.743560 0.142187 0.227166
0 1.0 0.938281 0.697892 0.123438 0.196721
0 1.0 0.920312 0.675644 0.125000 0.372365
0 1.0 0.253906 0.774005 0.279687 0.128806
0 1.0 0.869531 0.681499 0.195312 0.243560
0 1.0 0.557031 0.702576 0.185938 0.276347
0 1.0 0.509375 0.677986 0.146875 0.451991
0 1.0 0.502344 0.716628 0.245312 0.121780
0 1.0 0.072656 0.763466 0.145313 0.093677
0 1.0 0.762500 0.689696 0.175000 0.222482
0 1.0 0.718750 0.683841 0.140625 0.327869
0 1.0 0.703125 0.703747 0.293750 0.133489
0 1.0 0.086719 0.770492 0.029687 0.060890
0 1.0 0.854688 0.722482 0.034375 0.063232
0 1.0 0.688281 0.702576 0.132812 0.126464
0 1.0 0.896875 0.711944 0.137500 0.131148
0 1.0 0.801562 0.717799 0.100000 0.091335
0 1.0 0.821094 0.769321 0.079687 0.081967
0 1.0 0.870313 0.775176 0.034375 0.065574
0 1.0 0.814844 0.714286 0.114062 0.393443
0 1.0 0.464844 0.785714 0.032813 0.072600
0 1.0 0.835156 0.768150 0.167187 0.135831
0 1.0 0.511719 0.770492 0.317188 0.145199
0 1.0 0.529687 0.778689 0.121875 0.119438
0 1.0 0.764844 0.765808 0.182812 0.145199
0 1.0 0.060937 0.813817 0.121875 0.096019
0 1.0 0.071094 0.820843 0.039062 0.077283
0 1.0 0.653906 0.763466 0.176563 0.248244
0 1.0 0.963281 0.775176 0.064062 0.187354
0 1.0 0.946094 0.762295 0.107813 0.100703
0 1.0 0.675000 0.774005 0.103125 0.114754
0 1.0 0.246094 0.771663 0.079687 0.105386
0 1.0 0.447656 0.774005 0.110937 0.264637
0 1.0 0.502344 0.782201 0.039062 0.065574
0 1.0 0.650781 0.768150 0.310937 0.135831
0 1.0 0.375781 0.771663 0.254688 0.142857
0 1.0 0.581250 0.776347 0.118750 0.128806
0 1.0 0.384375 0.654567 0.268750 0.138173
0 1.0 0.409375 0.651054 0.065625 0.107728
0 1.0 0.657031 0.654567 0.245312 0.170960
0 1.0 0.789844 0.661593 0.073438 0.077283
0 1.0 0.819531 0.665105 0.070312 0.093677
0 1.0 0.471875 0.660422 0.062500 0.093677
0 1.0 0.316406 0.654567 0.045312 0.091335
0 1.0 0.601562 0.644028 0.200000 0.266979
0 1.0 0.542188 0.653396 0.346875 0.154567
0 1.0 0.524219 0.724824 0.117188 0.096019
0 1.0 0.434375 0.724824 0.209375 0.096019
0 1.0 0.442969 0.702576 0.154688 0.304450
0 1.0 0.479687 0.731850 0.031250 0.049180
0 1.0 0.134375 0.711944 0.203125 0.112412
0 1.0 0.350781 0.713115 0.223438 0.128806
0 1.0 0.437500 0.725995 0.028125 0.056206
0 1.0 0.591406 0.706089 0.310937 0.128806
0 1.0 0.264062 0.708431 0.071875 0.105386
0 1.0 0.233594 0.708431 0.310937 0.142857
0 1.0 0.160938 0.715457 0.059375 0.096019
0 1.0 0.375000 0.713115 0.103125 0.114754
0 1.0 0.071094 0.711944 0.142187 0.093677
0 1.0 0.089063 0.713115 0.028125 0.058548
0 1.0 0.311719 0.714286 0.032813 0.065574
0 1.0 0.539844 0.290398 0.204687 0.112412
0 1.0 0.769531 0.368852 0.089063 0.170960
0 1.0 0.749219 0.297424 0.310937 0.121780
0 1.0 0.777344 0.361827 0.048438 0.086651
0 1.0 0.746094 0.320843 0.270313 0.266979
0 1.0 0.764062 0.320843 0.168750 0.159251
0 1.0 0.709375 0.357143 0.093750 0.208431
0 1.0 0.425000 0.284543 0.328125 0.119438
0 1.0 0.400781 0.305621 0.129688 0.213115
0 1.0 0.401562 0.304450 0.256250 0.257611
0 1.0 0.662500 0.300937 0.153125 0.166276
0 1.0 0.721875 0.336066 0.040625 0.077283
0 1.0 0.662500 0.338407 0.081250 0.208431
0 1.0 0.671875 0.323185 0.037500 0.084309
0 1.0 0.921094 0.362998 0.076563 0.121780
0 1.0 0.894531 0.296253 0.210938 0.152225
0 1.0 0.934375 0.312646 0.084375 0.110070
0 1.0 0.505469 0.359485 0.067187 0.170960
0 1.0 0.839844 0.297424 0.089063 0.074941
0 1.0 0.885156 0.357143 0.026562 0.049180
0 1.0 0.844531 0.305621 0.157812 0.105386
0 1.0 0.851562 0.311475 0.275000 0.271663
0 1.0 0.825000 0.370023 0.078125 0.168618
0 1.0 0.565625 0.309133 0.237500 0.243560
0 1.0 0.573438 0.317330 0.121875 0.138173
0 1.0 0.872656 0.378220 0.070312 0.142857
0 1.0 0.513281 0.313817 0.029687 0.060890
0 1.0 0.138281 0.278689 0.245312 0.117096
0 1.0 0.132812 0.297424 0.256250 0.262295
0 1.0 0.070312 0.271663 0.068750 0.159251
0 1.0 0.131250 0.279859 0.100000 0.077283
0 1.0 0.601562 0.359485 0.100000 0.185012
0 1.0 0.418750 0.291569 0.040625 0.058548
0 1.0 0.345313 0.300937 0.106250 0.180328
0 1.0 0.384375 0.302108 0.046875 0.084309
0 1.0 0.296094 0.329040 0.073438 0.189696
0 1.0 0.329688 0.286885 0.228125 0.100703
0 1.0 0.603906 0.344262 0.042188 0.074941
0 1.0 0.546875 0.357143 0.087500 0.175644
0 1.0 0.335156 0.309133 0.029687 0.060890
0 1.0 0.452344 0.311475 0.098437 0.177986
0 1.0 0.249219 0.303279 0.039062 0.077283
0 1.0 0.249219 0.279859 0.282813 0.138173
0 1.0 0.449219 0.350117 0.048438 0.138173
0 1.0 0.546875 0.296253 0.031250 0.053864
0 1.0 0.238281 0.326698 0.095312 0.213115
0 1.0 0.245312 0.347775 0.196875 0.199063
0 1.0 0.522656 0.375878 0.220312 0.269321
0 1.0 0.450000 0.365340 0.021875 0.056206
0 1.0 0.500000 0.339578 0.171875 0.121780
0 1.0 0.948438 0.374707 0.028125 0.046838
0 1.0 0.137500 0.353630 0.150000 0.177986
0 1.0 0.082031 0.387588 0.076563 0.180328
0 1.0 0.128125 0.339578 0.106250 0.093677
0 1.0 0.352344 0.373536 0.126562 0.189696
0 1.0 0.399219 0.389930 0.076563 0.194379
0 1.0 0.352344 0.407494 0.051562 0.126464
0 1.0 0.610938 0.340749 0.275000 0.138173
0 1.0 0.613281 0.409836 0.064062 0.149883
0 1.0 0.232031 0.385246 0.076563 0.147541
0 1.0 0.159375 0.336066 0.300000 0.128806
0 1.0 0.136719 0.394614 0.054688 0.110070
0 1.0 0.839063 0.364169 0.028125 0.063232
0 1.0 0.342969 0.354801 0.251563 0.245902
0 1.0 0.089063 0.352459 0.178125 0.222482
0 1.0 0.020313 0.340749 0.034375 0.091335
0 1.0 0.053906 0.338407 0.107813 0.096019
0 1.0 0.029687 0.351288 0.059375 0.177986
0 1.0 0.956250 0.416862 0.021875 0.060890
0 1.0 0.957031 0.295082 0.085938 0.088993
0 1.0 0.300000 0.381733 0.037500 0.088993
0 1.0 0.328125 0.361827 0.056250 0.100703
0 1.0 0.189844 0.432084 0.045312 0.100703
0 1.0 0.184375 0.396956 0.112500 0.152225
0 1.0 0.203125 0.368852 0.075000 0.110070
0 1.0 0.928906 0.306792 0.142187 0.271663
0 1.0 0.128906 0.225995 0.179688 0.175644
0 1.0 0.350781 0.241218 0.304688 0.126464
0 1.0 0.367188 0.244731 0.109375 0.100703
0 1.0 0.346094 0.244731 0.254688 0.264637
0 1.0 0.348438 0.243560 0.153125 0.163934
0 1.0 0.197656 0.248244 0.245312 0.121780
0 1.0 0.295312 0.243560 0.115625 0.192037
0 1.0 0.052344 0.236534 0.104688 0.149883
0 1.0 0.960156 0.245902 0.045312 0.135831
0 1.0 0.944531 0.183841 0.110937 0.110070
0 1.0 0.239844 0.241218 0.079687 0.154567
0 1.0 0.266406 0.243560 0.123438 0.103044
0 1.0 0.257812 0.256440 0.034375 0.058548
0 1.0 0.235156 0.242389 0.110937 0.259953
0 1.0 0.530469 0.245902 0.251563 0.117096
0 1.0 0.453125 0.298595 0.043750 0.110070
0 1.0 0.528125 0.261124 0.037500 0.058548
0 1.0 0.456250 0.244731 0.246875 0.274005
0 1.0 0.056250 0.230679 0.065625 0.077283
0 1.0 0.070312 0.230679 0.140625 0.255269
0 1.0 0.053906 0.040984 0.079687 0.072600
0 1.0 0.485156 0.736534 0.970313 0.470726
0 1.0 0.192188 0.062061 0.103125 0.124122
0 1.0 0.126562 0.104215 0.053125 0.142857
0 1.0 0.165625 0.032787 0.100000 0.065574
0 1.0 0.140625 0.099532 0.221875 0.199063
0 1.0 0.146875 0.063232 0.109375 0.126464
0 1.0 0.078125 0.112412 0.043750 0.117096
0 1.0 0.137500 0.031616 0.065625 0.058548
0 1.0 0.185156 0.254098 0.082812 0.213115
0 1.0 0.194531 0.230679 0.251563 0.264637
0 1.0 0.133594 0.242389 0.098437 0.278689
0 1.0 0.025000 0.259953 0.050000 0.201405
0 1.0 0.094531 0.064403 0.101562 0.128806
0 1.0 0.039062 0.106557 0.028125 0.081967
0 1.0 0.078906 0.033958 0.048438 0.049180
0 1.0 0.128125 0.231850 0.134375 0.088993
0 1.0 0.807031 0.245902 0.273438 0.149883
0 1.0 0.075781 0.252927 0.023438 0.051522
0 1.0 0.046094 0.283372 0.092188 0.070258
0 1.0 0.032813 0.262295 0.053125 0.098361
0 1.0 0.960938 0.323185 0.037500 0.112412
0 1.0 0.709375 0.249415 0.196875 0.199063
0 1.0 0.942969 0.237705 0.114062 0.110070
0 1.0 0.182031 0.319672 0.076563 0.161593
0 1.0 0.255469 0.290398 0.110937 0.074941
0 1.0 0.222656 0.306792 0.032813 0.060890
0 1.0 0.147656 0.268150 0.035937 0.063232
0 1.0 0.710938 0.271663 0.081250 0.154567
0 1.0 0.467969 0.254098 0.045312 0.067916
0 1.0 0.657813 0.261124 0.246875 0.302108
0 1.0 0.607812 0.289227 0.115625 0.250585
0 1.0 0.625781 0.242389 0.232813 0.119438
0 1.0 0.609375 0.279859 0.081250 0.147541
0 1.0 0.668750 0.271663 0.071875 0.187354
0 1.0 0.903125 0.236534 0.193750 0.154567
0 1.0 0.875781 0.298595 0.082812 0.199063
0 1.0 0.888281 0.286885 0.051562 0.105386
0 1.0 0.839844 0.243560 0.132812 0.112412
0 1.0 0.767188 0.289227 0.096875 0.147541
0 1.0 0.300000 0.467213 0.196875 0.105386
0 1.0 0.386719 0.492974 0.045312 0.067916
0 1.0 0.610938 0.446136 0.100000 0.096019
0 1.0 0.664844 0.419204 0.048438 0.149883
0 1.0 0.549219 0.450820 0.160938 0.119438
0 1.0 0.195312 0.556206 0.043750 0.081967
0 1.0 0.271094 0.467213 0.035937 0.044496
0 1.0 0.194531 0.522248 0.079687 0.098361
0 1.0 0.201563 0.469555 0.268750 0.128806
0 1.0 0.460938 0.467213 0.096875 0.180328
0 1.0 0.475000 0.455504 0.200000 0.152225
0 1.0 0.824219 0.455504 0.139063 0.185012
0 1.0 0.775781 0.487119 0.051562 0.196721
0 1.0 0.459375 0.483607 0.034375 0.091335
0 1.0 0.540625 0.456674 0.025000 0.051522
0 1.0 0.743750 0.450820 0.346875 0.142857
0 1.0 0.722656 0.459016 0.129688 0.201405
0 1.0 0.341406 0.468384 0.023438 0.042155
0 1.0 0.730469 0.496487 0.029687 0.107728
0 1.0 0.320312 0.463700 0.056250 0.060890
0 1.0 0.226562 0.540984 0.046875 0.079625
0 1.0 0.252344 0.462529 0.285938 0.269321
0 1.0 0.892188 0.402810 0.215625 0.131148
0 1.0 0.922656 0.454333 0.064062 0.154567
0 1.0 0.221094 0.504684 0.042188 0.067916
0 1.0 0.135937 0.556206 0.043750 0.081967
0 1.0 0.199219 0.464871 0.051562 0.063232
0 1.0 0.138281 0.448478 0.251563 0.278689
0 1.0 0.158594 0.497658 0.079687 0.096019
0 1.0 0.153125 0.460187 0.034375 0.053864
0 1.0 0.495312 0.474239 0.050000 0.114754
0 1.0 0.415625 0.441452 0.234375 0.269321
0 1.0 0.422656 0.473068 0.085938 0.126464
0 1.0 0.346875 0.526932 0.056250 0.098361
0 1.0 0.105469 0.463700 0.210938 0.126464
0 1.0 0.097656 0.478923 0.104688 0.119438
0 1.0 0.034375 0.571429 0.028125 0.074941
0 1.0 0.110156 0.462529 0.020313 0.039813
0 1.0 0.305469 0.543326 0.042188 0.093677
0 1.0 0.357031 0.471897 0.126562 0.072600
0 1.0 0.311719 0.514052 0.079687 0.114754
0 1.0 0.344531 0.495316 0.032813 0.053864
0 1.0 0.090625 0.521077 0.065625 0.058548
0 1.0 0.256250 0.510539 0.228125 0.135831
0 1.0 0.827344 0.463700 0.023438 0.051522
0 1.0 0.036719 0.599532 0.042188 0.126464
0 1.0 0.424219 0.512881 0.117188 0.121780
0 1.0 0.344531 0.560890 0.101562 0.180328
0 1.0 0.096094 0.529274 0.117188 0.145199
0 1.0 0.947656 0.471897 0.089063 0.142857
0 1.0 0.659375 0.467213 0.150000 0.227166
0 1.0 0.626563 0.446136 0.284375 0.138173
0 1.0 0.133594 0.573770 0.064062 0.135831
0 1.0 0.829688 0.436768 0.256250 0.245902
0 1.0 0.825000 0.502342 0.062500 0.231850
0 1.0 0.150000 0.531616 0.150000 0.163934
0 1.0 0.126562 0.525761 0.100000 0.081967
0 1.0 0.789844 0.484778 0.032813 0.121780
0 1.0 0.064844 0.536300 0.060937 0.088993
0 1.0 0.875781 0.461358 0.092188 0.088993
0 1.0 0.189844 0.459016 0.089063 0.112412
0 1.0 0.196094 0.402810 0.282813 0.159251
0 1.0 0.134375 0.487119 0.059375 0.112412
0 1.0 0.141406 0.480094 0.039062 0.065574
0 1.0 0.092188 0.551522 0.031250 0.058548
0 1.0 0.802344 0.368852 0.195312 0.227166
0 1.0 0.033594 0.470726 0.042188 0.117096
0 1.0 0.064062 0.396956 0.128125 0.091335
0 1.0 0.121875 0.395785 0.146875 0.103044
0 1.0 0.085938 0.464871 0.053125 0.100703
0 1.0 0.303125 0.470726 0.065625 0.135831
0 1.0 0.335938 0.399297 0.175000 0.100703
0 1.0 0.318750 0.419204 0.090625 0.117096
0 1.0 0.223438 0.477752 0.071875 0.140515
0 1.0 0.228125 0.474239 0.043750 0.081967
0 1.0 0.961719 0.384075 0.076563 0.112412
0 1.0 0.831250 0.409836 0.037500 0.103044
0 1.0 0.720313 0.425059 0.059375 0.152225
0 1.0 0.731250 0.416862 0.043750 0.103044
0 1.0 0.774219 0.401639 0.057813 0.133489
0 1.0 0.953125 0.475410 0.021875 0.056206
0 1.0 0.938281 0.443794 0.035937 0.067916
0 1.0 0.668750 0.370023 0.281250 0.290398
0 1.0 0.869531 0.428571 0.057813 0.154567
0 1.0 0.829688 0.344262 0.168750 0.117096
0 1.0 0.876563 0.422717 0.034375 0.081967
0 1.0 0.617188 0.394614 0.275000 0.133489
0 1.0 0.882812 0.475410 0.025000 0.084309
0 1.0 0.839844 0.460187 0.026562 0.086651
0 1.0 0.753125 0.395785 0.334375 0.135831
0 1.0 0.779687 0.449649 0.034375 0.103044
0 1.0 0.037500 0.538642 0.040625 0.070258
0 1.0 0.059375 0.464871 0.103125 0.081967
0 1.0 0.951562 0.487119 0.031250 0.117096
0 1.0 0.496094 0.395785 0.148438 0.121780
0 1.0 0.428125 0.394614 0.215625 0.124122
0 1.0 0.736719 0.464871 0.026562 0.077283
0 1.0 0.675000 0.462529 0.028125 0.086651
0 1.0 0.346094 0.462529 0.073438 0.138173
0 1.0 0.385937 0.629977 0.600000 0.248244
0 1.0 0.728125 0.632319 0.509375 0.238876
0 1.0 0.392969 0.165105 0.082812 0.227166
0 1.0 0.164062 0.662763 0.240625 0.463700
0 1.0 0.642188 0.571429 0.390625 0.529274
0 1.0 0.261719 0.764637 0.523438 0.250585
0 1.0 0.412500 0.128806 0.284375 0.135831
0 1.0 0.442188 0.135831 0.078125 0.107728
0 1.0 0.396875 0.135831 0.234375 0.271663
0 1.0 0.339062 0.170960 0.068750 0.201405
0 1.0 0.341406 0.128806 0.145313 0.107728
0 1.0 0.331250 0.133489 0.218750 0.168618
0 1.0 0.291406 0.165105 0.060937 0.194379
0 1.0 0.287500 0.145199 0.112500 0.248244
0 1.0 0.232031 0.142857 0.048438 0.084309
0 1.0 0.580469 0.539813 0.632812 0.227166
0 1.0 0.085156 0.155738 0.070312 0.208431
0 1.0 0.121875 0.129977 0.140625 0.114754
0 1.0 0.086719 0.129977 0.157812 0.217799
0 1.0 0.024219 0.177986 0.042188 0.131148
0 1.0 0.057813 0.139344 0.100000 0.152225
0 1.0 0.138281 0.163934 0.064062 0.201405
0 1.0 0.638281 0.757611 0.548438 0.231850
0 1.0 0.078906 0.128806 0.092188 0.093677
0 1.0 0.916406 0.088993 0.160938 0.177986
0 1.0 0.869531 0.121780 0.107813 0.243560
0 1.0 0.224219 0.845433 0.448437 0.187354
0 1.0 0.438281 0.845433 0.589063 0.177986
0 1.0 0.835156 0.751756 0.329688 0.210773
0 1.0 0.226562 0.137002 0.225000 0.274005
0 1.0 0.189844 0.170960 0.073438 0.192037
0 1.0 0.228125 0.148712 0.112500 0.236534
0 1.0 0.589063 0.128806 0.165625 0.107728
0 1.0 0.257031 0.484778 0.426563 0.412178
0 1.0 0.485938 0.361827 0.668750 0.217799
0 1.0 0.710156 0.151054 0.260937 0.302108
0 1.0 0.575781 0.444965 0.729688 0.215457
0 1.0 0.560156 0.201405 0.064062 0.159251
0 1.0 0.613281 0.142857 0.185938 0.224824
0 1.0 0.703906 0.170960 0.098437 0.257611
0 1.0 0.725781 0.128806 0.254688 0.126464
0 1.0 0.662500 0.200234 0.087500 0.274005
0 1.0 0.356250 0.371194 0.465625 0.362998
0 1.0 0.612500 0.189696 0.090625 0.234192
0 1.0 0.146875 0.380562 0.203125 0.569087
0 1.0 0.255469 0.601874 0.279687 0.346604
0 1.0 0.259375 0.553864 0.518750 0.199063
0 1.0 0.070312 0.570258 0.140625 0.578454
0 1.0 0.446094 0.170960 0.114062 0.173302
0 1.0 0.503125 0.137002 0.056250 0.091335
0 1.0 0.501563 0.176815 0.087500 0.161593
0 1.0 0.504687 0.131148 0.228125 0.168618
0 1.0 0.449219 0.201405 0.051562 0.126464
0 1.0 0.325781 0.449649 0.651563 0.196721
0 1.0 0.880469 0.050351 0.060937 0.096019
0 1.0 0.865625 0.043326 0.153125 0.086651
0 1.0 0.819531 0.074941 0.076563 0.149883
0 1.0 0.607031 0.044496 0.179688 0.088993
0 1.0 0.500000 0.203747 1.000000 0.407494
0 1.0 0.819531 0.083138 0.239063 0.166276
0 1.0 0.768750 0.077283 0.075000 0.154567
0 1.0 0.778125 0.035129 0.206250 0.070258
0 1.0 0.738281 0.880562 0.523438 0.238876
0 1.0 0.712500 0.078454 0.075000 0.156909
0 1.0 0.925781 0.060890 0.089063 0.121780
0 1.0 0.316406 0.668618 0.454688 0.489461
0 1.0 0.918750 0.035129 0.162500 0.070258
0 1.0 0.964844 0.065574 0.035937 0.084309
0 1.0 0.957031 0.053864 0.085938 0.107728
0 1.0 0.449219 0.083138 0.226562 0.166276
0 1.0 0.471875 0.055035 0.100000 0.110070
0 1.0 0.421875 0.032787 0.221875 0.065574
0 1.0 0.400000 0.071429 0.106250 0.142857
0 1.0 0.439844 0.035129 0.092188 0.070258
0 1.0 0.342187 0.080796 0.062500 0.161593
0 1.0 0.605469 0.060890 0.067187 0.112412
0 1.0 0.297656 0.042155 0.142187 0.084309
0 1.0 0.509375 0.029274 0.050000 0.049180
0 1.0 0.499219 0.585480 0.364063 0.819672
0 1.0 0.313281 0.029274 0.042188 0.053864
0 1.0 0.046875 0.092506 0.034375 0.077283
0 1.0 0.250781 0.035129 0.145313 0.070258
0 1.0 0.243750 0.079625 0.084375 0.159251
0 1.0 0.163281 0.050351 0.220312 0.100703
0 1.0 0.508594 0.033958 0.192188 0.067916
0 1.0 0.505469 0.069087 0.073438 0.124122
0 1.0 0.450000 0.078454 0.037500 0.077283
0 1.0 0.718750 0.057377 0.159375 0.114754
0 1.0 0.664062 0.091335 0.062500 0.159251
0 1.0 0.659375 0.087822 0.237500 0.175644
0 1.0 0.551562 0.081967 0.059375 0.140515
0 1.0 0.560937 0.085480 0.237500 0.170960
0 1.0 0.271875 0.916862 0.543750 0.166276
0 1.0 0.560156 0.128806 0.095312 0.177986
0 1.0 0.484375 0.081967 0.143750 0.098361
0 1.0 0.543750 0.921546 0.600000 0.156909
0 1.0 0.767188 0.131148 0.106250 0.262295
0 1.0 0.960156 0.118267 0.064062 0.128806
0 1.0 0.826562 0.126464 0.081250 0.154567
0 1.0 0.858594 0.080796 0.123438 0.096019
0 1.0 0.032813 0.146370 0.034375 0.105386
0 1.0 0.645312 0.124122 0.709375 0.248244
0 1.0 0.683594 0.365340 0.351562 0.557377
0 1.0 0.650000 0.326698 0.609375 0.339578
0 1.0 0.366406 0.074941 0.139063 0.098361
0 1.0 0.361719 0.124122 0.723437 0.248244
0 1.0 0.832812 0.922717 0.334375 0.154567
0 1.0 0.245312 0.084309 0.050000 0.079625
0 1.0 0.078125 0.889930 0.156250 0.220141
0 1.0 0.962500 0.867681 0.025000 0.053864
0 1.0 0.928906 0.870023 0.142187 0.105386
0 1.0 0.957812 0.887588 0.037500 0.074941
0 1.0 0.924219 0.862998 0.151562 0.245902
0 1.0 0.921875 0.857143 0.062500 0.135831
0 1.0 0.246875 0.422717 0.203125 0.569087
0 1.0 0.567187 0.868852 0.268750 0.126464
0 1.0 0.614844 0.844262 0.045312 0.081967
0 1.0 0.891406 0.900468 0.032813 0.072600
0 1.0 0.878125 0.884075 0.043750 0.063232
0 1.0 0.178125 0.898126 0.159375 0.203747
0 1.0 0.826562 0.874707 0.103125 0.081967
0 1.0 0.769531 0.871194 0.164062 0.163934
0 1.0 0.125000 0.906323 0.234375 0.126464
0 1.0 0.761719 0.850117 0.260937 0.234192
0 1.0 0.667188 0.862998 0.031250 0.053864
0 1.0 0.639844 0.872365 0.142187 0.110070
0 1.0 0.647656 0.838407 0.270313 0.224824
0 1.0 0.402344 0.886417 0.095312 0.110070
0 1.0 0.360156 0.865340 0.214062 0.227166
0 1.0 0.872656 0.874707 0.182812 0.175644
0 1.0 0.545312 0.839578 0.046875 0.081967
0 1.0 0.540625 0.854801 0.093750 0.121780
0 1.0 0.570312 0.871194 0.084375 0.093677
0 1.0 0.505469 0.866511 0.057813 0.135831
0 1.0 0.827344 0.845433 0.042188 0.098361
0 1.0 0.842969 0.872365 0.026562 0.067916
0 1.0 0.772656 0.864169 0.045312 0.103044
0 1.0 0.785156 0.885246 0.029687 0.065574
0 1.0 0.456250 0.823185 0.034375 0.077283
0 1.0 0.468750 0.877049 0.165625 0.114754
0 1.0 0.721875 0.838407 0.046875 0.093677
0 1.0 0.687500 0.868852 0.300000 0.117096
0 1.0 0.732812 0.861827 0.028125 0.056206
0 1.0 0.661719 0.838407 0.039062 0.074941
0 1.0 0.721875 0.912178 0.075000 0.147541
0 1.0 0.720313 0.909836 0.278125 0.133489
0 1.0 0.653906 0.898126 0.098437 0.203747
0 1.0 0.607031 0.887588 0.117188 0.224824
0 1.0 0.600781 0.907494 0.289062 0.105386
0 1.0 0.366406 0.918033 0.167187 0.149883
0 1.0 0.289844 0.914520 0.092188 0.170960
0 1.0 0.541406 0.896956 0.142187 0.177986
0 1.0 0.819531 0.894614 0.107813 0.210773
0 1.0 0.775000 0.922717 0.071875 0.149883
0 1.0 0.436719 0.915691 0.217188 0.107728
0 1.0 0.045312 0.907494 0.090625 0.119438
0 1.0 0.328906 0.923888 0.104688 0.119438
0 1.0 0.239844 0.901639 0.107813 0.196721
0 1.0 0.587500 0.788056 0.221875 0.259953
0 1.0 0.533594 0.820843 0.273438 0.138173
0 1.0 0.501563 0.820843 0.118750 0.236534
0 1.0 0.239844 0.807963 0.192188 0.248244
0 1.0 0.762500 0.811475 0.112500 0.320843
0 1.0 0.719531 0.796253 0.120313 0.290398
0 1.0 0.709375 0.817330 0.321875 0.126464
0 1.0 0.404687 0.829040 0.093750 0.112412
0 1.0 0.654687 0.806792 0.096875 0.199063
0 1.0 0.276562 0.825527 0.084375 0.100703
0 1.0 0.907031 0.770492 0.117188 0.121780
0 1.0 0.505469 0.822014 0.051562 0.084309
0 1.0 0.128125 0.827869 0.175000 0.156909
0 1.0 0.064062 0.820843 0.100000 0.264637
0 1.0 0.418750 0.817330 0.315625 0.154567
0 1.0 0.470313 0.829040 0.040625 0.088993
0 1.0 0.342187 0.831382 0.040625 0.070258
0 1.0 0.297656 0.908665 0.048438 0.117096
0 1.0 0.367969 0.893443 0.045312 0.063232
0 1.0 0.184375 0.851288 0.068750 0.128806
0 1.0 0.902344 0.823185 0.148438 0.133489
0 1.0 0.140625 0.826698 0.068750 0.121780
0 1.0 0.456250 0.839578 0.081250 0.133489
0 1.0 0.504687 0.882904 0.043750 0.070258
0 1.0 0.452344 0.887588 0.042188 0.079625
0 1.0 0.342187 0.886417 0.059375 0.110070
0 1.0 0.039062 0.860656 0.059375 0.170960
0 1.0 0.872656 0.824356 0.117188 0.304450
0 1.0 0.844531 0.831382 0.042188 0.065574
0 1.0 0.825000 0.804450 0.081250 0.217799
0 1.0 0.830469 0.822014 0.189062 0.145199
0 1.0 0.785937 0.820843 0.140625 0.096019
0 1.0 0.070312 0.843091 0.062500 0.140515
0 1.0 0.962500 0.852459 0.053125 0.163934
0 1.0 0.378906 0.194379 0.107813 0.098361
0 1.0 0.310156 0.194379 0.245312 0.135831
0 1.0 0.504687 0.270492 0.053125 0.124122
0 1.0 0.536719 0.189696 0.201563 0.112412
0 1.0 0.321094 0.209602 0.026562 0.063232
0 1.0 0.201563 0.192037 0.025000 0.060890
0 1.0 0.767188 0.193208 0.150000 0.189696
0 1.0 0.452344 0.251756 0.051562 0.114754
0 1.0 0.528125 0.203747 0.056250 0.070258
0 1.0 0.496875 0.220141 0.034375 0.065574
0 1.0 0.412500 0.190867 0.293750 0.138173
0 1.0 0.632812 0.185012 0.178125 0.117096
0 1.0 0.555469 0.261124 0.064062 0.142857
0 1.0 0.453906 0.254098 0.632812 0.208431
0 1.0 0.457031 0.284543 0.442188 0.419204
0 1.0 0.843750 0.285714 0.196875 0.529274
0 1.0 0.776563 0.250585 0.446875 0.215457
0 1.0 0.832812 0.147541 0.334375 0.206089
0 1.0 0.249219 0.263466 0.426563 0.405152
0 1.0 0.152344 0.182670 0.264062 0.135831
0 1.0 0.920312 0.161593 0.112500 0.309133
0 1.0 0.846094 0.125293 0.089063 0.086651
0 1.0 0.963281 0.180328 0.048438 0.149883
0 1.0 0.075000 0.186183 0.068750 0.067916
0 1.0 0.034375 0.188525 0.068750 0.189696
0 1.0 0.059375 0.192037 0.068750 0.117096
0 1.0 0.431250 0.953162 0.125000 0.084309
0 1.0 0.385156 0.953162 0.039062 0.056206
0 1.0 0.061719 0.962529 0.060937 0.065574
0 1.0 0.241406 0.946136 0.079687 0.107728
0 1.0 0.357812 0.957845 0.071875 0.065574
0 1.0 0.559375 0.953162 0.134375 0.093677
0 1.0 0.501563 0.932084 0.081250 0.135831
0 1.0 0.206250 0.960187 0.068750 0.060890
0 1.0 0.506250 0.959016 0.037500 0.049180
0 1.0 0.135937 0.925059 0.103125 0.149883
0 1.0 0.549219 0.959016 0.073438 0.063232
0 1.0 0.964844 0.941452 0.045312 0.117096
0 1.0 0.320312 0.957845 0.050000 0.056206
0 1.0 0.950781 0.925059 0.098437 0.149883
0 1.0 0.906250 0.919204 0.187500 0.110070
0 1.0 0.252344 0.921546 0.242188 0.156909
0 1.0 0.184375 0.933255 0.096875 0.133489
0 1.0 0.880469 0.915691 0.082812 0.168618
0 1.0 0.171875 0.964871 0.062500 0.056206
0 1.0 0.855469 0.914520 0.123438 0.091335
0 1.0 0.890625 0.183841 0.218750 0.133489
0 1.0 0.846094 0.186183 0.114062 0.096019
0 1.0 0.882031 0.206089 0.092188 0.187354
0 1.0 0.753125 0.964871 0.081250 0.056206
0 1.0 0.720313 0.953162 0.200000 0.093677
0 1.0 0.817187 0.236534 0.096875 0.234192
0 1.0 0.761719 0.186183 0.310937 0.147541
0 1.0 0.842187 0.956674 0.068750 0.067916
0 1.0 0.660156 0.944965 0.073438 0.110070
0 1.0 0.697656 0.964871 0.064062 0.056206
0 1.0 0.606250 0.941452 0.071875 0.117096
0 1.0 0.626563 0.961358 0.075000 0.063232
0 1.0 0.921094 0.937939 0.076563 0.124122
0 1.0 0.932813 0.963700 0.087500 0.067916
0 1.0 0.846094 0.959016 0.026562 0.039813
0 1.0 0.796875 0.961358 0.062500 0.053864
0 1.0 0.579688 0.959016 0.062500 0.058548
0 1.0 0.820312 0.941452 0.078125 0.117096
0 1.0 0.820312 0.948478 0.193750 0.103044
0 1.0 0.807031 0.518735 0.345313 0.864169
0 1.0 0.457813 0.687354 0.328125 0.447307
0 1.0 0.849219 0.716628 0.198437 0.557377
0 1.0 0.192969 0.538642 0.385937 0.800937
0 1.0 0.534375 0.831382 0.418750 0.337237
0 1.0 0.746094 0.738876 0.323437 0.358314
0 1.0 0.650781 0.700234 0.210938 0.491803
0 1.0 0.554688 0.193208 0.203125 0.386417
0 1.0 0.142187 0.832553 0.218750 0.334895
0 1.0 0.447656 0.854801 0.207813 0.290398
0 1.0 0.082031 0.371194 0.164062 0.498829
0 1.0 0.510938 0.530445 0.734375 0.939110