0 1.0 0.470833 0.594531 0.587500 0.729688
0 1.0 0.220833 0.583594 0.158333 0.320312
0 1.0 0.292708 0.608594 0.102083 0.129688
0 1.0 0.213542 0.602344 0.164583 0.089063
0 1.0 0.306250 0.610938 0.029167 0.043750
0 1.0 0.265625 0.610156 0.097917 0.067187
0 1.0 0.235417 0.600781 0.075000 0.076563
0 1.0 0.509375 0.648438 0.097917 0.153125
0 1.0 0.552083 0.605469 0.154167 0.104688
0 1.0 0.534375 0.621094 0.289583 0.260937
0 1.0 0.453125 0.642188 0.052083 0.106250
0 1.0 0.514583 0.607031 0.141667 0.073438
0 1.0 0.531250 0.614844 0.045833 0.057813
0 1.0 0.475000 0.626563 0.120833 0.134375
0 1.0 0.402083 0.612500 0.083333 0.137500
0 1.0 0.465625 0.614844 0.060417 0.060937
0 1.0 0.417708 0.588281 0.289583 0.279687
0 1.0 0.347917 0.622656 0.087500 0.201563
0 1.0 0.371875 0.610938 0.068750 0.056250
0 1.0 0.075000 0.600000 0.150000 0.318750
0 1.0 0.958333 0.573438 0.045833 0.175000
0 1.0 0.938542 0.549219 0.122917 0.098437
0 1.0 0.926042 0.545312 0.147917 0.275000
0 1.0 0.140625 0.593750 0.127083 0.131250
0 1.0 0.869792 0.549219 0.260417 0.126562
0 1.0 0.867708 0.542188 0.139583 0.293750
0 1.0 0.823958 0.546875 0.077083 0.087500
0 1.0 0.063542 0.598437 0.047917 0.071875
0 1.0 0.121875 0.594531 0.077083 0.095312
0 1.0 0.039583 0.626563 0.079167 0.284375
0 1.0 0.063542 0.596094 0.127083 0.085938
0 1.0 0.059375 0.657031 0.118750 0.098437
0 1.0 0.051042 0.660156 0.047917 0.082812
0 1.0 0.961458 0.639062 0.043750 0.168750
0 1.0 0.955208 0.597656 0.089583 0.098437
0 1.0 0.585417 0.596094 0.333333 0.129688
0 1.0 0.865625 0.603125 0.268750 0.131250
0 1.0 0.783333 0.603125 0.058333 0.071875
0 1.0 0.176042 0.635156 0.122917 0.351562
0 1.0 0.155208 0.659375 0.260417 0.128125
0 1.0 0.121875 0.635156 0.097917 0.339062
0 1.0 0.110417 0.657031 0.108333 0.132812
0 1.0 0.656250 0.632812 0.133333 0.284375
0 1.0 0.604167 0.635938 0.112500 0.275000
0 1.0 0.545833 0.648438 0.095833 0.240625
0 1.0 0.818750 0.602344 0.058333 0.076563
0 1.0 0.809375 0.592187 0.131250 0.259375
0 1.0 0.709375 0.613281 0.206250 0.223438
0 1.0 0.775000 0.596094 0.220833 0.104688
0 1.0 0.719792 0.617188 0.085417 0.181250
0 1.0 0.946875 0.512500 0.068750 0.153125
0 1.0 0.879167 0.493750 0.241667 0.137500
0 1.0 0.835417 0.498437 0.100000 0.100000
0 1.0 0.136458 0.539062 0.268750 0.146875
0 1.0 0.118750 0.542969 0.166667 0.235937
0 1.0 0.081250 0.541406 0.150000 0.104688
0 1.0 0.078125 0.546875 0.072917 0.103125
0 1.0 0.655208 0.494531 0.202083 0.182812
0 1.0 0.602083 0.527344 0.083333 0.176563
0 1.0 0.604167 0.496875 0.275000 0.281250
0 1.0 0.560417 0.521094 0.095833 0.229687
0 1.0 0.820833 0.507031 0.116667 0.201563
0 1.0 0.561458 0.497656 0.277083 0.151562
0 1.0 0.501042 0.492969 0.102083 0.270313
0 1.0 0.513542 0.445312 0.285417 0.346875
0 1.0 0.764583 0.521094 0.116667 0.207813
0 1.0 0.792708 0.497656 0.252083 0.157812
0 1.0 0.717708 0.501563 0.110417 0.215625
0 1.0 0.660417 0.527344 0.108333 0.198437
0 1.0 0.635417 0.550000 0.345833 0.109375
0 1.0 0.502083 0.576562 0.079167 0.193750
0 1.0 0.256250 0.660937 0.120833 0.112500
0 1.0 0.363542 0.542969 0.118750 0.160938
0 1.0 0.283333 0.545312 0.120833 0.237500
0 1.0 0.254167 0.558594 0.141667 0.098437
0 1.0 0.281250 0.558594 0.050000 0.076563
0 1.0 0.512500 0.558594 0.200000 0.179688
0 1.0 0.443750 0.574219 0.054167 0.132812
0 1.0 0.484375 0.557031 0.143750 0.101562
0 1.0 0.395833 0.548438 0.079167 0.212500
0 1.0 0.390625 0.553906 0.106250 0.076563
0 1.0 0.136458 0.768750 0.139583 0.143750
0 1.0 0.118750 0.778906 0.233333 0.367188
0 1.0 0.127083 0.772656 0.087500 0.101562
0 1.0 0.353125 0.683594 0.281250 0.270313
0 1.0 0.032292 0.762500 0.064583 0.268750
0 1.0 0.070833 0.763281 0.141667 0.085938
0 1.0 0.076042 0.768750 0.039583 0.062500
0 1.0 0.958333 0.768750 0.045833 0.187500
0 1.0 0.944792 0.710938 0.110417 0.106250
0 1.0 0.226042 0.764844 0.272917 0.132812
0 1.0 0.293750 0.780469 0.175000 0.282813
0 1.0 0.267708 0.771094 0.064583 0.089063
0 1.0 0.226042 0.784375 0.135417 0.334375
0 1.0 0.226042 0.771094 0.081250 0.110937
0 1.0 0.194792 0.764062 0.106250 0.175000
0 1.0 0.765625 0.703906 0.135417 0.317188
0 1.0 0.770833 0.707031 0.279167 0.132812
0 1.0 0.696875 0.719531 0.122917 0.289062
0 1.0 0.629167 0.703906 0.329167 0.148438
0 1.0 0.658333 0.721875 0.104167 0.240625
0 1.0 0.619792 0.695312 0.247917 0.312500
0 1.0 0.616667 0.731250 0.112500 0.300000
0 1.0 0.732292 0.710938 0.114583 0.140625
0 1.0 0.926042 0.714844 0.147917 0.285938
0 1.0 0.877083 0.710156 0.245833 0.132812
0 1.0 0.875000 0.712500 0.133333 0.365625
0 1.0 0.846875 0.716406 0.035417 0.067187
0 1.0 0.789583 0.710938 0.083333 0.081250
0 1.0 0.810417 0.746875 0.154167 0.293750
0 1.0 0.789583 0.767188 0.266667 0.178125
0 1.0 0.693750 0.767188 0.287500 0.143750
0 1.0 0.940625 0.764062 0.118750 0.115625
0 1.0 0.885417 0.768750 0.229167 0.140625
0 1.0 0.814583 0.767969 0.116667 0.101562
0 1.0 0.862500 0.775000 0.050000 0.090625
0 1.0 0.517708 0.775000 0.127083 0.203125
0 1.0 0.456250 0.771875 0.070833 0.225000
0 1.0 0.486458 0.767188 0.206250 0.115625
0 1.0 0.531250 0.778125 0.033333 0.068750
0 1.0 0.453125 0.783594 0.243750 0.295312
0 1.0 0.409375 0.761719 0.327083 0.148438
0 1.0 0.467708 0.771094 0.043750 0.089063
0 1.0 0.347917 0.771094 0.175000 0.214062
0 1.0 0.609375 0.778125 0.185417 0.171875
0 1.0 0.587500 0.778906 0.104167 0.132812
0 1.0 0.546875 0.769531 0.085417 0.114062
0 1.0 0.545833 0.765625 0.129167 0.328125
0 1.0 0.737500 0.663281 0.133333 0.129688
0 1.0 0.626042 0.648438 0.339583 0.131250
0 1.0 0.877083 0.660156 0.200000 0.154688
0 1.0 0.761458 0.660156 0.093750 0.085938
0 1.0 0.806250 0.664062 0.058333 0.075000
0 1.0 0.848958 0.657031 0.247917 0.329688
0 1.0 0.798958 0.650781 0.231250 0.167187
0 1.0 0.394792 0.690625 0.127083 0.193750
0 1.0 0.460417 0.675781 0.066667 0.079687
0 1.0 0.375000 0.664844 0.129167 0.082812
0 1.0 0.288542 0.669531 0.122917 0.270313
0 1.0 0.316667 0.670312 0.058333 0.062500
0 1.0 0.301042 0.669531 0.114583 0.139063
0 1.0 0.523958 0.657031 0.256250 0.126562
0 1.0 0.459375 0.685156 0.122917 0.198437
0 1.0 0.531250 0.676562 0.041667 0.065625
0 1.0 0.537500 0.664844 0.104167 0.104688
0 1.0 0.478125 0.728125 0.035417 0.059375
0 1.0 0.375000 0.716406 0.191667 0.101562
0 1.0 0.282292 0.721094 0.222917 0.104688
0 1.0 0.323958 0.730469 0.052083 0.064062
0 1.0 0.569792 0.713281 0.081250 0.110937
0 1.0 0.540625 0.724219 0.027083 0.054688
0 1.0 0.520833 0.707812 0.241667 0.118750
0 1.0 0.544792 0.713281 0.056250 0.079687
0 1.0 0.117708 0.717969 0.235417 0.132812
0 1.0 0.116667 0.722656 0.112500 0.123438
0 1.0 0.060417 0.717969 0.050000 0.076563
0 1.0 0.942708 0.654687 0.114583 0.103125
0 1.0 0.956250 0.705469 0.058333 0.157812
0 1.0 0.259375 0.722656 0.093750 0.101562
0 1.0 0.231250 0.714844 0.250000 0.354687
0 1.0 0.123958 0.703125 0.164583 0.243750
0 1.0 0.820833 0.342187 0.100000 0.225000
0 1.0 0.833333 0.289844 0.258333 0.126562
0 1.0 0.834375 0.324219 0.052083 0.098437
0 1.0 0.818750 0.300781 0.275000 0.335938
0 1.0 0.764583 0.313281 0.108333 0.317188
0 1.0 0.718750 0.304688 0.108333 0.334375
0 1.0 0.715625 0.284375 0.335417 0.128125
0 1.0 0.720833 0.283594 0.079167 0.182812
0 1.0 0.702083 0.300781 0.270833 0.342187
0 1.0 0.776042 0.296875 0.064583 0.153125
0 1.0 0.068750 0.340625 0.137500 0.256250
0 1.0 0.050000 0.340625 0.100000 0.150000
0 1.0 0.956250 0.372656 0.037500 0.089063
0 1.0 0.951042 0.294531 0.097917 0.098437
0 1.0 0.945833 0.350000 0.041667 0.078125
0 1.0 0.921875 0.299219 0.156250 0.148438
0 1.0 0.880208 0.326562 0.106250 0.209375
0 1.0 0.870833 0.294531 0.091667 0.076563
0 1.0 0.478125 0.297656 0.243750 0.151562
0 1.0 0.657292 0.272656 0.106250 0.273438
0 1.0 0.390625 0.273438 0.110417 0.184375
0 1.0 0.408333 0.297656 0.295833 0.229687
0 1.0 0.342708 0.285938 0.093750 0.171875
0 1.0 0.662500 0.255469 0.070833 0.139063
0 1.0 0.593750 0.257812 0.116667 0.284375
0 1.0 0.604167 0.289844 0.279167 0.129688
0 1.0 0.556250 0.301563 0.133333 0.259375
0 1.0 0.496875 0.310156 0.131250 0.232813
0 1.0 0.590625 0.283594 0.264583 0.301563
0 1.0 0.451042 0.307031 0.072917 0.126562
0 1.0 0.067708 0.331250 0.064583 0.084375
0 1.0 0.709375 0.345313 0.281250 0.146875
0 1.0 0.648958 0.363281 0.093750 0.201563
0 1.0 0.601042 0.332031 0.339583 0.135937
0 1.0 0.597917 0.359375 0.116667 0.190625
0 1.0 0.177083 0.331250 0.120833 0.209375
0 1.0 0.178125 0.336719 0.272917 0.154688
0 1.0 0.128125 0.344531 0.068750 0.179688
0 1.0 0.135417 0.346094 0.250000 0.307812
0 1.0 0.082292 0.360156 0.077083 0.198437
0 1.0 0.125000 0.330469 0.150000 0.082812
0 1.0 0.022917 0.300781 0.029167 0.082812
0 1.0 0.350000 0.350000 0.079167 0.159375
0 1.0 0.352083 0.334375 0.145833 0.193750
0 1.0 0.293750 0.357031 0.066667 0.154688
0 1.0 0.322917 0.338281 0.241667 0.114062
0 1.0 0.292708 0.346094 0.122917 0.201563
0 1.0 0.300000 0.331250 0.275000 0.265625
0 1.0 0.309375 0.353906 0.060417 0.098437
0 1.0 0.234375 0.360156 0.118750 0.279687
0 1.0 0.181250 0.340625 0.062500 0.159375
0 1.0 0.436458 0.249219 0.152083 0.223438
0 1.0 0.463542 0.255469 0.156250 0.110937
0 1.0 0.344792 0.213281 0.147917 0.292187
0 1.0 0.363542 0.253125 0.218750 0.143750
0 1.0 0.287500 0.210938 0.129167 0.278125
0 1.0 0.655208 0.223438 0.214583 0.221875
0 1.0 0.601042 0.237500 0.306250 0.128125
0 1.0 0.492708 0.245312 0.310417 0.118750
0 1.0 0.031250 0.081250 0.041667 0.128125
0 1.0 0.097917 0.032031 0.050000 0.048438
0 1.0 0.068750 0.036719 0.075000 0.070312
0 1.0 0.071875 0.082812 0.143750 0.165625
0 1.0 0.701042 0.596875 0.556250 0.806250
0 1.0 0.207292 0.254688 0.277083 0.137500
0 1.0 0.308333 0.514844 0.554167 0.970313
0 1.0 0.536458 0.249219 0.927083 0.454688
0 1.0 0.247917 0.261719 0.058333 0.079687
0 1.0 0.226042 0.214062 0.114583 0.275000
0 1.0 0.103125 0.057813 0.093750 0.103125
0 1.0 0.156250 0.044531 0.133333 0.089063
0 1.0 0.082292 0.088281 0.047917 0.098437
0 1.0 0.146875 0.032813 0.077083 0.062500
0 1.0 0.134375 0.298438 0.127083 0.293750
0 1.0 0.155208 0.284375 0.118750 0.078125
0 1.0 0.142708 0.260156 0.047917 0.085938
0 1.0 0.100000 0.271094 0.112500 0.139063
0 1.0 0.032292 0.282813 0.060417 0.193750
0 1.0 0.115625 0.285938 0.056250 0.059375
0 1.0 0.038542 0.245312 0.047917 0.106250
0 1.0 0.064583 0.288281 0.050000 0.092188
0 1.0 0.078125 0.245312 0.031250 0.062500
0 1.0 0.282292 0.297656 0.222917 0.120313
0 1.0 0.317708 0.301563 0.043750 0.075000
0 1.0 0.213542 0.292969 0.031250 0.057813
0 1.0 0.235417 0.283594 0.066667 0.104688
0 1.0 0.778125 0.232031 0.322917 0.142187
0 1.0 0.764583 0.223438 0.183333 0.215625
0 1.0 0.958333 0.295312 0.041667 0.131250
0 1.0 0.933333 0.238281 0.133333 0.104688
0 1.0 0.913542 0.229687 0.127083 0.393750
0 1.0 0.881250 0.236719 0.237500 0.132812
0 1.0 0.825000 0.235937 0.104167 0.218750
0 1.0 0.572917 0.451562 0.170833 0.115625
0 1.0 0.514583 0.450000 0.087500 0.087500
0 1.0 0.498958 0.414062 0.139583 0.240625
0 1.0 0.485417 0.447656 0.254167 0.160938
0 1.0 0.448958 0.409375 0.068750 0.137500
0 1.0 0.512500 0.450781 0.037500 0.070312
0 1.0 0.442708 0.398438 0.135417 0.190625
0 1.0 0.809375 0.449219 0.185417 0.117188
0 1.0 0.775000 0.492969 0.054167 0.095312
0 1.0 0.715625 0.446094 0.193750 0.117188
0 1.0 0.609375 0.492188 0.064583 0.093750
0 1.0 0.662500 0.486719 0.066667 0.110937
0 1.0 0.702083 0.446875 0.245833 0.256250
0 1.0 0.234375 0.471875 0.122917 0.268750
0 1.0 0.210417 0.447656 0.112500 0.101562
0 1.0 0.205208 0.453125 0.227083 0.184375
0 1.0 0.184375 0.471875 0.081250 0.206250
0 1.0 0.128125 0.487500 0.081250 0.175000
0 1.0 0.167708 0.457031 0.135417 0.098437
0 1.0 0.134375 0.469531 0.168750 0.189062
0 1.0 0.387500 0.446875 0.104167 0.246875
0 1.0 0.440625 0.453125 0.152083 0.115625
0 1.0 0.412500 0.408594 0.295833 0.354687
0 1.0 0.346875 0.450000 0.093750 0.212500
0 1.0 0.293750 0.470313 0.083333 0.150000
0 1.0 0.313542 0.455469 0.172917 0.132812
0 1.0 0.279167 0.456250 0.250000 0.281250
0 1.0 0.350000 0.453125 0.029167 0.056250
0 1.0 0.240625 0.501563 0.072917 0.109375
0 1.0 0.187500 0.509375 0.154167 0.253125
0 1.0 0.444792 0.492969 0.064583 0.157812
0 1.0 0.450000 0.505469 0.212500 0.110937
0 1.0 0.216667 0.500000 0.166667 0.125000
0 1.0 0.055208 0.828906 0.110417 0.185938
0 1.0 0.941667 0.456250 0.116667 0.150000
0 1.0 0.915625 0.456250 0.106250 0.250000
0 1.0 0.873958 0.450781 0.035417 0.064062
0 1.0 0.881250 0.475000 0.075000 0.153125
0 1.0 0.087500 0.498437 0.145833 0.100000
0 1.0 0.040625 0.525000 0.081250 0.215625
0 1.0 0.959375 0.475000 0.035417 0.093750
0 1.0 0.180208 0.393750 0.310417 0.137500
0 1.0 0.086458 0.493750 0.093750 0.187500
0 1.0 0.133333 0.414062 0.087500 0.200000
0 1.0 0.088542 0.437500 0.077083 0.153125
0 1.0 0.392708 0.380469 0.160417 0.282813
0 1.0 0.384375 0.396875 0.260417 0.118750
0 1.0 0.301042 0.396094 0.185417 0.101562
0 1.0 0.290625 0.414062 0.102083 0.212500
0 1.0 0.882292 0.350000 0.168750 0.093750
0 1.0 0.880208 0.396875 0.089583 0.153125
0 1.0 0.872917 0.368750 0.191667 0.203125
0 1.0 0.829167 0.413281 0.075000 0.132812
0 1.0 0.773958 0.386719 0.068750 0.167187
0 1.0 0.031250 0.425000 0.062500 0.206250
0 1.0 0.070833 0.397656 0.141667 0.098437
0 1.0 0.958333 0.397656 0.029167 0.070312
0 1.0 0.933333 0.345313 0.133333 0.109375
0 1.0 0.946875 0.395313 0.052083 0.090625
0 1.0 0.759375 0.440625 0.093750 0.225000
0 1.0 0.790625 0.396875 0.306250 0.134375
0 1.0 0.023958 0.490625 0.043750 0.137500
0 1.0 0.107292 0.456250 0.039583 0.053125
0 1.0 0.066667 0.464844 0.079167 0.114062
0 1.0 0.929167 0.396875 0.141667 0.109375
0 1.0 0.071875 0.451562 0.143750 0.256250
0 1.0 0.552083 0.400000 0.137500 0.250000
0 1.0 0.547917 0.389844 0.254167 0.139063
0 1.0 0.781250 0.403125 0.266667 0.296875
0 1.0 0.720833 0.416406 0.100000 0.245312
0 1.0 0.653125 0.434375 0.089583 0.175000
0 1.0 0.637500 0.389062 0.295833 0.318750
0 1.0 0.596875 0.431250 0.097917 0.171875
0 1.0 0.656250 0.394531 0.254167 0.132812
0 1.0 0.354167 0.121875 0.262500 0.209375
0 1.0 0.219792 0.123438 0.277083 0.156250
0 1.0 0.270833 0.132031 0.062500 0.107813
0 1.0 0.109375 0.817969 0.218750 0.120313
0 1.0 0.786458 0.545312 0.427083 0.218750
0 1.0 0.761458 0.560156 0.227083 0.482812
0 1.0 0.301042 0.165625 0.260417 0.331250
0 1.0 0.455208 0.650781 0.547917 0.257812
0 1.0 0.716667 0.651563 0.529167 0.231250
0 1.0 0.748958 0.642188 0.381250 0.484375
0 1.0 0.601042 0.624219 0.389583 0.501563
0 1.0 0.461458 0.114062 0.189583 0.228125
0 1.0 0.459375 0.549219 0.539583 0.248438
0 1.0 0.544792 0.116406 0.172917 0.226562
0 1.0 0.253125 0.652344 0.427083 0.529687
0 1.0 0.212500 0.649219 0.425000 0.226562
0 1.0 0.728125 0.764062 0.518750 0.243750
0 1.0 0.935417 0.085156 0.129167 0.167187
0 1.0 0.033333 0.171094 0.045833 0.217188
0 1.0 0.096875 0.126562 0.131250 0.093750
0 1.0 0.222917 0.839844 0.445833 0.210938
0 1.0 0.883333 0.116406 0.233333 0.232813
0 1.0 0.845833 0.077344 0.216667 0.129688
0 1.0 0.814583 0.123438 0.133333 0.246875
0 1.0 0.359375 0.761719 0.556250 0.267188
0 1.0 0.079167 0.167969 0.079167 0.245312
0 1.0 0.116667 0.127344 0.166667 0.164062
0 1.0 0.185417 0.174219 0.079167 0.229687
0 1.0 0.171875 0.152344 0.243750 0.304688
0 1.0 0.966667 0.118750 0.050000 0.134375
0 1.0 0.079167 0.185156 0.054167 0.076563
0 1.0 0.056250 0.192969 0.066667 0.139063
0 1.0 0.966667 0.181250 0.066667 0.209375
0 1.0 0.270833 0.349219 0.450000 0.432812
0 1.0 0.191667 0.192969 0.216667 0.135937
0 1.0 0.390625 0.179688 0.127083 0.109375
0 1.0 0.291667 0.185938 0.270833 0.140625
0 1.0 0.538542 0.264062 0.527083 0.218750
0 1.0 0.182292 0.200000 0.035417 0.081250
0 1.0 0.133333 0.208594 0.087500 0.195312
0 1.0 0.122917 0.182031 0.229167 0.185938
0 1.0 0.718750 0.137500 0.137500 0.268750
0 1.0 0.731250 0.122656 0.304167 0.148438
0 1.0 0.136458 0.592187 0.235417 0.578125
0 1.0 0.212500 0.549219 0.425000 0.223438
0 1.0 0.657292 0.132812 0.127083 0.265625
0 1.0 0.600000 0.136719 0.129167 0.273438
0 1.0 0.610417 0.123438 0.275000 0.150000
0 1.0 0.841667 0.460156 0.195833 0.557813
0 1.0 0.737500 0.405469 0.395833 0.442188
0 1.0 0.771875 0.059375 0.085417 0.118750
0 1.0 0.769792 0.049219 0.247917 0.098437
0 1.0 0.714583 0.073438 0.100000 0.146875
0 1.0 0.560417 0.064062 0.129167 0.128125
0 1.0 0.494792 0.095312 0.093750 0.190625
0 1.0 0.502083 0.032813 0.175000 0.065625
0 1.0 0.671875 0.035937 0.193750 0.071875
0 1.0 0.661458 0.058594 0.068750 0.107813
0 1.0 0.670833 0.086719 0.237500 0.173437
0 1.0 0.602083 0.087500 0.075000 0.175000
0 1.0 0.616667 0.044531 0.162500 0.089063
0 1.0 0.872917 0.053906 0.087500 0.107813
0 1.0 0.646875 0.481250 0.706250 0.337500
0 1.0 0.816667 0.062500 0.083333 0.125000
0 1.0 0.223958 0.033594 0.143750 0.067187
0 1.0 0.222917 0.062500 0.079167 0.125000
0 1.0 0.188542 0.075000 0.060417 0.115625
0 1.0 0.479167 0.771094 0.895833 0.445312
0 1.0 0.302083 0.053125 0.108333 0.106250
0 1.0 0.335417 0.177344 0.670833 0.354687
0 1.0 0.748958 0.880469 0.502083 0.239063
0 1.0 0.396875 0.084375 0.081250 0.168750
0 1.0 0.406250 0.034375 0.233333 0.068750
0 1.0 0.345833 0.085156 0.070833 0.151562
0 1.0 0.322917 0.029687 0.058333 0.053125
0 1.0 0.355208 0.058594 0.127083 0.117188
0 1.0 0.448958 0.078125 0.056250 0.109375
0 1.0 0.486458 0.028125 0.072917 0.056250
0 1.0 0.448958 0.073438 0.118750 0.146875
0 1.0 0.223958 0.923438 0.447917 0.153125
0 1.0 0.565625 0.843750 0.547917 0.196875
0 1.0 0.270833 0.085156 0.075000 0.107813
0 1.0 0.465625 0.925000 0.610417 0.150000
0 1.0 0.640625 0.127344 0.718750 0.254688
0 1.0 0.964583 0.059375 0.033333 0.075000
0 1.0 0.941667 0.035156 0.116667 0.070312
0 1.0 0.827083 0.923438 0.345833 0.153125
0 1.0 0.495833 0.238281 0.308333 0.476562
0 1.0 0.137500 0.350000 0.275000 0.700000
0 1.0 0.035417 0.117969 0.070833 0.235937
0 1.0 0.189583 0.075000 0.279167 0.143750
0 1.0 0.177083 0.121094 0.137500 0.235937
0 1.0 0.127083 0.082031 0.120833 0.126562
0 1.0 0.884375 0.882812 0.052083 0.084375
0 1.0 0.807292 0.882031 0.131250 0.076563
0 1.0 0.895833 0.903906 0.041667 0.064062
0 1.0 0.867708 0.892969 0.047917 0.051562
0 1.0 0.875000 0.885156 0.204167 0.160938
0 1.0 0.818750 0.867969 0.054167 0.082812
0 1.0 0.769792 0.860938 0.043750 0.071875
0 1.0 0.765625 0.874219 0.327083 0.110937
0 1.0 0.778125 0.878125 0.035417 0.053125
0 1.0 0.828125 0.885938 0.043750 0.059375
0 1.0 0.102083 0.887500 0.204167 0.225000
0 1.0 0.028125 0.907813 0.056250 0.181250
0 1.0 0.073958 0.913281 0.147917 0.101562
0 1.0 0.961458 0.873437 0.035417 0.096875
0 1.0 0.953125 0.882812 0.060417 0.128125
0 1.0 0.937500 0.878125 0.125000 0.140625
0 1.0 0.603125 0.876563 0.131250 0.115625
0 1.0 0.580208 0.839844 0.206250 0.285938
0 1.0 0.513542 0.829688 0.056250 0.187500
0 1.0 0.542708 0.871875 0.202083 0.096875
0 1.0 0.710417 0.883594 0.058333 0.101562
0 1.0 0.462500 0.820312 0.029167 0.090625
0 1.0 0.465625 0.874219 0.202083 0.107813
0 1.0 0.464583 0.839844 0.091667 0.210938
0 1.0 0.510417 0.877344 0.037500 0.067187
0 1.0 0.400000 0.826562 0.070833 0.171875
0 1.0 0.396875 0.871875 0.289583 0.143750
0 1.0 0.401042 0.842187 0.147917 0.259375
0 1.0 0.512500 0.861719 0.150000 0.239063
0 1.0 0.667708 0.851562 0.064583 0.140625
0 1.0 0.644792 0.872656 0.310417 0.142187
0 1.0 0.606250 0.848437 0.075000 0.140625
0 1.0 0.553125 0.849219 0.089583 0.217188
0 1.0 0.607292 0.910156 0.185417 0.160938
0 1.0 0.519792 0.922656 0.235417 0.148438
0 1.0 0.479167 0.924219 0.112500 0.114062
0 1.0 0.772917 0.918750 0.175000 0.134375
0 1.0 0.707292 0.908594 0.110417 0.182812
0 1.0 0.662500 0.894531 0.120833 0.167187
0 1.0 0.232292 0.885938 0.147917 0.228125
0 1.0 0.183333 0.889844 0.116667 0.220312
0 1.0 0.416667 0.914844 0.141667 0.126562
0 1.0 0.338542 0.883594 0.127083 0.232813
0 1.0 0.340625 0.872656 0.281250 0.254688
0 1.0 0.288542 0.889062 0.122917 0.221875
0 1.0 0.278125 0.910937 0.197917 0.134375
0 1.0 0.542708 0.807813 0.297917 0.128125
0 1.0 0.434375 0.872656 0.072917 0.110937
0 1.0 0.522917 0.821094 0.033333 0.070312
0 1.0 0.697917 0.818750 0.200000 0.193750
0 1.0 0.125000 0.821875 0.129167 0.334375
0 1.0 0.057292 0.816406 0.114583 0.082812
0 1.0 0.058333 0.824219 0.050000 0.067187
0 1.0 0.278125 0.822656 0.072917 0.098437
0 1.0 0.180208 0.820312 0.227083 0.162500
0 1.0 0.245833 0.821875 0.104167 0.125000
0 1.0 0.184375 0.857812 0.064583 0.165625
0 1.0 0.134375 0.842187 0.056250 0.143750
0 1.0 0.343750 0.835938 0.070833 0.159375
0 1.0 0.293750 0.842187 0.070833 0.156250
0 1.0 0.856250 0.828906 0.050000 0.073438
0 1.0 0.855208 0.803125 0.252083 0.290625
0 1.0 0.737500 0.814063 0.329167 0.121875
0 1.0 0.766667 0.802344 0.125000 0.220312
0 1.0 0.054167 0.875781 0.066667 0.089063
0 1.0 0.962500 0.840625 0.062500 0.225000
0 1.0 0.936458 0.815625 0.127083 0.115625
0 1.0 0.926042 0.814844 0.102083 0.310937
0 1.0 0.801042 0.823438 0.156250 0.103125
0 1.0 0.815625 0.173437 0.272917 0.178125
0 1.0 0.768750 0.155469 0.275000 0.301563
0 1.0 0.059375 0.245312 0.072917 0.121875
0 1.0 0.925000 0.180469 0.150000 0.114062
0 1.0 0.970833 0.955469 0.050000 0.089063
0 1.0 0.923958 0.960156 0.152083 0.079687
0 1.0 0.433333 0.082031 0.529167 0.164062
0 1.0 0.071875 0.217188 0.143750 0.265625
0 1.0 0.084375 0.261719 0.035417 0.060937
0 1.0 0.467708 0.181250 0.164583 0.115625
0 1.0 0.403125 0.178125 0.310417 0.146875
0 1.0 0.305208 0.177344 0.085417 0.167187
0 1.0 0.675000 0.278125 0.458333 0.450000
0 1.0 0.544792 0.179688 0.306250 0.140625
0 1.0 0.728125 0.179688 0.293750 0.140625
0 1.0 0.222917 0.239063 0.445833 0.218750
0 1.0 0.300000 0.951562 0.116667 0.096875
0 1.0 0.263542 0.960156 0.131250 0.070312
0 1.0 0.195833 0.946875 0.245833 0.106250
0 1.0 0.133333 0.936719 0.075000 0.126562
0 1.0 0.177083 0.961719 0.104167 0.064062
0 1.0 0.519792 0.953906 0.047917 0.064062
0 1.0 0.464583 0.957031 0.091667 0.085938
0 1.0 0.382292 0.960938 0.068750 0.053125
0 1.0 0.359375 0.953906 0.139583 0.089063
0 1.0 0.877083 0.914062 0.108333 0.171875
0 1.0 0.839583 0.921094 0.179167 0.104688
0 1.0 0.137500 0.962500 0.100000 0.065625
0 1.0 0.071875 0.962500 0.064583 0.053125
0 1.0 0.053125 0.946875 0.106250 0.106250
0 1.0 0.926042 0.922656 0.147917 0.107813
0 1.0 0.952083 0.921875 0.079167 0.156250
0 1.0 0.533333 0.960938 0.045833 0.046875
0 1.0 0.866667 0.954688 0.050000 0.053125
0 1.0 0.866667 0.950000 0.083333 0.078125
0 1.0 0.816667 0.938281 0.083333 0.123438
0 1.0 0.181250 0.251563 0.083333 0.168750
0 1.0 0.604167 0.929688 0.104167 0.140625
0 1.0 0.672917 0.956250 0.062500 0.059375
0 1.0 0.642708 0.946094 0.152083 0.101562
0 1.0 0.556250 0.924219 0.100000 0.151562
0 1.0 0.647917 0.958594 0.062500 0.057813
0 1.0 0.589583 0.959375 0.054167 0.050000
0 1.0 0.517708 0.950781 0.110417 0.098437
0 1.0 0.768750 0.939063 0.087500 0.121875
0 1.0 0.787500 0.955469 0.091667 0.064062
0 1.0 0.735417 0.949219 0.187500 0.101562
0 1.0 0.710417 0.956250 0.091667 0.068750
0 1.0 0.463542 0.580469 0.218750 0.679688
0 1.0 0.367708 0.543750 0.252083 0.621875
0 1.0 0.553125 0.749219 0.422917 0.314063
0 1.0 0.748958 0.814844 0.268750 0.360938
0 1.0 0.859375 0.316406 0.281250 0.632812
0 1.0 0.880208 0.655469 0.239583 0.689063
0 1.0 0.915625 0.353125 0.168750 0.471875