0 1.0 0.603906 0.864583 0.126562 0.229167
0 1.0 0.761719 0.581250 0.229687 0.341667
0 1.0 0.491406 0.804167 0.829688 0.391667
0 1.0 0.179688 0.603125 0.175000 0.231250
0 1.0 0.142969 0.603125 0.245312 0.118750
0 1.0 0.427344 0.607292 0.092188 0.102083
0 1.0 0.398438 0.606250 0.237500 0.275000
0 1.0 0.342187 0.632292 0.093750 0.247917
0 1.0 0.344531 0.602083 0.201563 0.108333
0 1.0 0.082812 0.609375 0.165625 0.235417
0 1.0 0.028125 0.654167 0.050000 0.179167
0 1.0 0.043750 0.605208 0.087500 0.072917
0 1.0 0.130469 0.616667 0.107813 0.287500
0 1.0 0.295312 0.629167 0.100000 0.237500
0 1.0 0.329688 0.610417 0.031250 0.062500
0 1.0 0.286719 0.609375 0.242188 0.281250
0 1.0 0.232813 0.622917 0.112500 0.270833
0 1.0 0.500000 0.626042 0.100000 0.252083
0 1.0 0.517969 0.596875 0.270313 0.122917
0 1.0 0.508594 0.604167 0.270313 0.279167
0 1.0 0.064062 0.610417 0.028125 0.054167
0 1.0 0.835156 0.554167 0.167187 0.266667
0 1.0 0.123438 0.606250 0.071875 0.095833
0 1.0 0.765625 0.539583 0.293750 0.162500
0 1.0 0.932813 0.554167 0.134375 0.154167
0 1.0 0.959375 0.592708 0.040625 0.122917
0 1.0 0.245312 0.601042 0.306250 0.127083
0 1.0 0.277344 0.604167 0.085938 0.104167
0 1.0 0.908594 0.547917 0.182812 0.262500
0 1.0 0.786719 0.544792 0.132812 0.114583
0 1.0 0.825000 0.597917 0.065625 0.091667
0 1.0 0.803125 0.589583 0.284375 0.154167
0 1.0 0.108594 0.657292 0.217188 0.122917
0 1.0 0.605469 0.626042 0.123438 0.327083
0 1.0 0.109375 0.658333 0.081250 0.108333
0 1.0 0.335938 0.667708 0.221875 0.285417
0 1.0 0.044531 0.657292 0.089063 0.085417
0 1.0 0.056250 0.660417 0.031250 0.062500
0 1.0 0.053125 0.657292 0.106250 0.193750
0 1.0 0.959375 0.638542 0.043750 0.139583
0 1.0 0.954688 0.604167 0.090625 0.104167
0 1.0 0.782813 0.602083 0.087500 0.087500
0 1.0 0.277344 0.659375 0.092188 0.110417
0 1.0 0.442188 0.635417 0.078125 0.200000
0 1.0 0.443750 0.601042 0.190625 0.097917
0 1.0 0.466406 0.603125 0.073438 0.085417
0 1.0 0.391406 0.638542 0.101562 0.231250
0 1.0 0.685156 0.597917 0.279687 0.133333
0 1.0 0.673438 0.596875 0.143750 0.297917
0 1.0 0.706250 0.594792 0.071875 0.106250
0 1.0 0.558594 0.626042 0.101562 0.264583
0 1.0 0.719531 0.548958 0.126562 0.285417
0 1.0 0.936719 0.497917 0.126562 0.108333
0 1.0 0.950000 0.539583 0.059375 0.137500
0 1.0 0.659375 0.521875 0.103125 0.206250
0 1.0 0.685156 0.501042 0.248438 0.168750
0 1.0 0.232813 0.552083 0.328125 0.137500
0 1.0 0.871094 0.496875 0.257812 0.139583
0 1.0 0.777344 0.494792 0.229687 0.135417
0 1.0 0.134375 0.555208 0.187500 0.231250
0 1.0 0.464844 0.502083 0.164062 0.125000
0 1.0 0.446094 0.510417 0.251563 0.291667
0 1.0 0.609375 0.552083 0.081250 0.183333
0 1.0 0.353906 0.496875 0.260937 0.114583
0 1.0 0.341406 0.525000 0.120313 0.250000
0 1.0 0.336719 0.506250 0.251563 0.312500
0 1.0 0.294531 0.536458 0.085938 0.231250
0 1.0 0.251563 0.498958 0.209375 0.097917
0 1.0 0.573438 0.500000 0.268750 0.129167
0 1.0 0.616406 0.521875 0.279687 0.256250
0 1.0 0.560156 0.542708 0.085938 0.189583
0 1.0 0.441406 0.536458 0.101562 0.177083
0 1.0 0.504687 0.533333 0.093750 0.212500
0 1.0 0.510156 0.511458 0.185938 0.206250
0 1.0 0.477344 0.552083 0.198437 0.104167
0 1.0 0.353906 0.552083 0.232813 0.112500
0 1.0 0.642188 0.543750 0.168750 0.116667
0 1.0 0.121094 0.554167 0.123438 0.125000
0 1.0 0.063281 0.554167 0.079687 0.070833
0 1.0 0.035937 0.584375 0.071875 0.197917
0 1.0 0.068750 0.561458 0.040625 0.068750
0 1.0 0.281250 0.562500 0.093750 0.104167
0 1.0 0.238281 0.561458 0.189062 0.227083
0 1.0 0.187500 0.577083 0.087500 0.245833
0 1.0 0.952344 0.714583 0.095312 0.112500
0 1.0 0.930469 0.720833 0.139063 0.291667
0 1.0 0.871875 0.711458 0.256250 0.127083
0 1.0 0.195312 0.763542 0.300000 0.127083
0 1.0 0.179688 0.769792 0.137500 0.331250
0 1.0 0.132031 0.768750 0.123438 0.366667
0 1.0 0.857031 0.727083 0.029687 0.050000
0 1.0 0.858594 0.697917 0.239063 0.354167
0 1.0 0.070312 0.775000 0.115625 0.379167
0 1.0 0.107031 0.761458 0.214062 0.106250
0 1.0 0.114062 0.767708 0.096875 0.102083
0 1.0 0.353906 0.764583 0.170313 0.141667
0 1.0 0.296875 0.764583 0.128125 0.345833
0 1.0 0.053906 0.770833 0.107813 0.204167
0 1.0 0.960938 0.754167 0.050000 0.187500
0 1.0 0.867188 0.690625 0.109375 0.372917
0 1.0 0.789062 0.718750 0.071875 0.066667
0 1.0 0.606250 0.703125 0.178125 0.227083
0 1.0 0.557031 0.729167 0.114062 0.300000
0 1.0 0.551562 0.715625 0.321875 0.114583
0 1.0 0.545312 0.723958 0.256250 0.360417
0 1.0 0.500781 0.721875 0.117188 0.339583
0 1.0 0.771875 0.717708 0.268750 0.114583
0 1.0 0.762500 0.676042 0.146875 0.339583
0 1.0 0.582812 0.718750 0.096875 0.091667
0 1.0 0.811719 0.701042 0.160938 0.218750
0 1.0 0.049219 0.761458 0.098437 0.077083
0 1.0 0.056250 0.769792 0.034375 0.052083
0 1.0 0.714063 0.691667 0.125000 0.316667
0 1.0 0.742188 0.726042 0.084375 0.077083
0 1.0 0.657031 0.712500 0.120313 0.391667
0 1.0 0.700781 0.717708 0.076563 0.085417
0 1.0 0.650781 0.764583 0.317188 0.129167
0 1.0 0.685156 0.772917 0.114062 0.120833
0 1.0 0.647656 0.780208 0.260937 0.335417
0 1.0 0.783594 0.768750 0.114062 0.087500
0 1.0 0.446094 0.781250 0.270313 0.316667
0 1.0 0.847656 0.776042 0.035937 0.064583
0 1.0 0.590625 0.779167 0.103125 0.100000
0 1.0 0.564844 0.790625 0.173437 0.206250
0 1.0 0.514844 0.767708 0.345313 0.122917
0 1.0 0.811719 0.765625 0.304688 0.131250
0 1.0 0.050781 0.820833 0.101562 0.075000
0 1.0 0.039844 0.842708 0.079687 0.197917
0 1.0 0.068750 0.830208 0.031250 0.056250
0 1.0 0.742969 0.770833 0.104688 0.108333
0 1.0 0.328906 0.773958 0.045312 0.068750
0 1.0 0.235937 0.771875 0.125000 0.352083
0 1.0 0.274219 0.768750 0.120313 0.120833
0 1.0 0.444531 0.767708 0.098437 0.293750
0 1.0 0.510938 0.776042 0.046875 0.068750
0 1.0 0.537500 0.775000 0.143750 0.112500
0 1.0 0.764062 0.743750 0.246875 0.375000
0 1.0 0.439844 0.771875 0.079687 0.106250
0 1.0 0.342969 0.761458 0.126562 0.372917
0 1.0 0.554688 0.655208 0.315625 0.135417
0 1.0 0.574219 0.655208 0.132812 0.131250
0 1.0 0.439844 0.658333 0.254688 0.125000
0 1.0 0.442188 0.659375 0.131250 0.272917
0 1.0 0.467187 0.661458 0.078125 0.102083
0 1.0 0.778125 0.644792 0.300000 0.152083
0 1.0 0.887500 0.659375 0.225000 0.131250
0 1.0 0.669531 0.658333 0.304688 0.141667
0 1.0 0.181250 0.664583 0.265625 0.312500
0 1.0 0.695312 0.656250 0.100000 0.112500
0 1.0 0.282813 0.659375 0.268750 0.122917
0 1.0 0.339844 0.665625 0.032813 0.068750
0 1.0 0.235937 0.709375 0.315625 0.131250
0 1.0 0.266406 0.710417 0.107813 0.112500
0 1.0 0.041406 0.706250 0.082812 0.075000
0 1.0 0.143750 0.708333 0.121875 0.120833
0 1.0 0.503125 0.714583 0.053125 0.079167
0 1.0 0.388281 0.721875 0.132812 0.339583
0 1.0 0.406250 0.706250 0.293750 0.129167
0 1.0 0.442969 0.711458 0.070312 0.102083
0 1.0 0.321875 0.712500 0.037500 0.066667
0 1.0 0.632812 0.714583 0.115625 0.108333
0 1.0 0.824219 0.663542 0.098437 0.081250
0 1.0 0.864844 0.665625 0.070312 0.085417
0 1.0 0.116406 0.706250 0.076563 0.095833
0 1.0 0.957812 0.656250 0.084375 0.095833
0 1.0 0.058594 0.708333 0.029687 0.054167
0 1.0 0.545312 0.285417 0.259375 0.120833
0 1.0 0.557813 0.255208 0.100000 0.231250
0 1.0 0.549219 0.269792 0.229687 0.318750
0 1.0 0.507031 0.269792 0.098437 0.272917
0 1.0 0.765625 0.288542 0.300000 0.118750
0 1.0 0.764062 0.277083 0.256250 0.291667
0 1.0 0.452344 0.267708 0.120313 0.293750
0 1.0 0.469531 0.288542 0.176563 0.156250
0 1.0 0.477344 0.289583 0.070312 0.137500
0 1.0 0.395313 0.266667 0.115625 0.333333
0 1.0 0.782813 0.290625 0.040625 0.093750
0 1.0 0.043750 0.343750 0.075000 0.091667
0 1.0 0.718750 0.291667 0.087500 0.212500
0 1.0 0.730469 0.278125 0.042188 0.089583
0 1.0 0.662500 0.269792 0.081250 0.206250
0 1.0 0.670312 0.289583 0.240625 0.150000
0 1.0 0.903906 0.291667 0.192188 0.162500
0 1.0 0.880469 0.297917 0.092188 0.270833
0 1.0 0.824219 0.287500 0.107813 0.079167
0 1.0 0.671094 0.265625 0.045312 0.102083
0 1.0 0.178906 0.276042 0.251563 0.306250
0 1.0 0.205469 0.287500 0.057813 0.104167
0 1.0 0.132812 0.282292 0.106250 0.285417
0 1.0 0.153125 0.289583 0.171875 0.100000
0 1.0 0.071875 0.276042 0.096875 0.293750
0 1.0 0.078906 0.269792 0.051562 0.139583
0 1.0 0.363281 0.288542 0.170313 0.097917
0 1.0 0.341406 0.265625 0.129688 0.297917
0 1.0 0.140625 0.275000 0.059375 0.137500
0 1.0 0.602344 0.263542 0.092188 0.285417
0 1.0 0.604688 0.260417 0.046875 0.133333
0 1.0 0.264062 0.290625 0.209375 0.102083
0 1.0 0.307031 0.287500 0.067187 0.125000
0 1.0 0.244531 0.267708 0.082812 0.202083
0 1.0 0.215625 0.288542 0.243750 0.156250
0 1.0 0.292969 0.269792 0.120313 0.327083
0 1.0 0.307812 0.347917 0.093750 0.158333
0 1.0 0.235937 0.343750 0.128125 0.316667
0 1.0 0.239063 0.339583 0.306250 0.137500
0 1.0 0.187500 0.360417 0.087500 0.237500
0 1.0 0.033594 0.343750 0.067187 0.233333
0 1.0 0.459375 0.341667 0.250000 0.125000
0 1.0 0.130469 0.366667 0.082812 0.233333
0 1.0 0.148438 0.342708 0.218750 0.160417
0 1.0 0.447656 0.321875 0.045312 0.122917
0 1.0 0.725000 0.345833 0.321875 0.125000
0 1.0 0.443750 0.333333 0.234375 0.295833
0 1.0 0.613281 0.351042 0.060937 0.156250
0 1.0 0.617188 0.344792 0.228125 0.147917
0 1.0 0.609375 0.327083 0.256250 0.312500
0 1.0 0.344531 0.351042 0.089063 0.260417
0 1.0 0.889844 0.281250 0.039062 0.095833
0 1.0 0.865625 0.281250 0.237500 0.300000
0 1.0 0.075781 0.362500 0.082812 0.245833
0 1.0 0.828125 0.291667 0.037500 0.087500
0 1.0 0.773438 0.297917 0.087500 0.216667
0 1.0 0.082812 0.342708 0.165625 0.222917
0 1.0 0.817969 0.304167 0.082812 0.225000
0 1.0 0.331250 0.347917 0.253125 0.166667
0 1.0 0.960938 0.322917 0.037500 0.116667
0 1.0 0.954688 0.288542 0.090625 0.097917
0 1.0 0.920312 0.276042 0.115625 0.372917
0 1.0 0.139844 0.232292 0.279687 0.139583
0 1.0 0.348438 0.230208 0.240625 0.160417
0 1.0 0.029687 0.226042 0.059375 0.327083
0 1.0 0.060937 0.230208 0.121875 0.097917
0 1.0 0.961719 0.177083 0.060937 0.200000
0 1.0 0.262500 0.239583 0.071875 0.091667
0 1.0 0.276562 0.214583 0.234375 0.316667
0 1.0 0.521094 0.230208 0.289062 0.131250
0 1.0 0.185156 0.215625 0.120313 0.264583
0 1.0 0.096875 0.216667 0.190625 0.316667
0 1.0 0.500000 0.536458 1.000000 0.718750
0 1.0 0.068750 0.070833 0.137500 0.141667
0 1.0 0.725000 0.614583 0.509375 0.770833
0 1.0 0.947656 0.177083 0.104688 0.100000
0 1.0 0.257031 0.518750 0.464062 0.962500
0 1.0 0.203125 0.050000 0.093750 0.091667
0 1.0 0.139063 0.059375 0.050000 0.093750
0 1.0 0.243750 0.234375 0.209375 0.168750
0 1.0 0.146875 0.050000 0.109375 0.100000
0 1.0 0.076563 0.069792 0.050000 0.089583
0 1.0 0.143750 0.033333 0.071875 0.058333
0 1.0 0.101562 0.054167 0.081250 0.091667
0 1.0 0.022656 0.066667 0.032813 0.075000
0 1.0 0.075781 0.036458 0.042188 0.047917
0 1.0 0.142187 0.070833 0.246875 0.141667
0 1.0 0.842187 0.237500 0.140625 0.125000
0 1.0 0.811719 0.227083 0.114062 0.379167
0 1.0 0.046875 0.290625 0.087500 0.068750
0 1.0 0.718750 0.234375 0.293750 0.127083
0 1.0 0.357031 0.284375 0.092188 0.152083
0 1.0 0.050781 0.284375 0.082812 0.152083
0 1.0 0.964063 0.260417 0.056250 0.212500
0 1.0 0.940625 0.234375 0.118750 0.106250
0 1.0 0.450781 0.205208 0.067187 0.193750
0 1.0 0.489844 0.236458 0.089063 0.102083
0 1.0 0.450781 0.219792 0.242188 0.318750
0 1.0 0.429688 0.233333 0.112500 0.112500
0 1.0 0.647656 0.221875 0.242188 0.318750
0 1.0 0.713281 0.225000 0.176563 0.250000
0 1.0 0.602344 0.232292 0.207813 0.160417
0 1.0 0.406250 0.450000 0.146875 0.175000
0 1.0 0.347656 0.446875 0.064062 0.064583
0 1.0 0.323437 0.441667 0.240625 0.133333
0 1.0 0.357031 0.457292 0.095312 0.131250
0 1.0 0.714844 0.381250 0.085938 0.183333
0 1.0 0.604688 0.453125 0.078125 0.072917
0 1.0 0.565625 0.484375 0.068750 0.135417
0 1.0 0.235156 0.473958 0.104688 0.260417
0 1.0 0.251563 0.446875 0.165625 0.093750
0 1.0 0.227344 0.453125 0.270313 0.318750
0 1.0 0.624219 0.475000 0.129688 0.150000
0 1.0 0.780469 0.452083 0.304688 0.112500
0 1.0 0.561719 0.456250 0.260937 0.270833
0 1.0 0.530469 0.450000 0.135937 0.087500
0 1.0 0.507031 0.471875 0.073438 0.143750
0 1.0 0.512500 0.448958 0.240625 0.139583
0 1.0 0.445312 0.490625 0.053125 0.114583
0 1.0 0.502344 0.451042 0.042188 0.052083
0 1.0 0.756250 0.457292 0.165625 0.089583
0 1.0 0.732812 0.494792 0.062500 0.127083
0 1.0 0.033594 0.473958 0.067187 0.197917
0 1.0 0.292969 0.464583 0.129688 0.250000
0 1.0 0.308594 0.458333 0.073438 0.120833
0 1.0 0.952344 0.446875 0.054688 0.118750
0 1.0 0.921094 0.400000 0.157812 0.150000
0 1.0 0.920312 0.398958 0.146875 0.352083
0 1.0 0.871094 0.443750 0.098437 0.279167
0 1.0 0.197656 0.465625 0.079687 0.127083
0 1.0 0.134375 0.495833 0.075000 0.191667
0 1.0 0.185938 0.466667 0.118750 0.229167
0 1.0 0.178125 0.451042 0.250000 0.160417
0 1.0 0.471875 0.468750 0.078125 0.108333
0 1.0 0.072656 0.447917 0.032813 0.045833
0 1.0 0.078125 0.490625 0.068750 0.197917
0 1.0 0.125000 0.448958 0.121875 0.085417
0 1.0 0.103125 0.447917 0.193750 0.129167
0 1.0 0.103125 0.454167 0.206250 0.295833
0 1.0 0.406250 0.442708 0.240625 0.110417
0 1.0 0.112500 0.496875 0.209375 0.106250
0 1.0 0.078125 0.523958 0.112500 0.227083
0 1.0 0.050000 0.501042 0.100000 0.072917
0 1.0 0.283594 0.505208 0.092188 0.089583
0 1.0 0.390625 0.539583 0.087500 0.229167
0 1.0 0.960156 0.506250 0.032813 0.104167
0 1.0 0.945312 0.444792 0.109375 0.081250
0 1.0 0.660937 0.492708 0.059375 0.106250
0 1.0 0.685937 0.469792 0.140625 0.147917
0 1.0 0.654687 0.455208 0.106250 0.081250
0 1.0 0.615625 0.505208 0.043750 0.085417
0 1.0 0.839844 0.465625 0.260937 0.281250
0 1.0 0.777344 0.450000 0.073438 0.070833
0 1.0 0.870313 0.487500 0.065625 0.166667
0 1.0 0.816406 0.500000 0.104688 0.179167
0 1.0 0.776563 0.502083 0.090625 0.137500
0 1.0 0.951562 0.357292 0.096875 0.143750
0 1.0 0.887500 0.344792 0.225000 0.131250
0 1.0 0.168750 0.448958 0.115625 0.089583
0 1.0 0.188281 0.393750 0.164062 0.216667
0 1.0 0.155469 0.392708 0.204687 0.114583
0 1.0 0.810937 0.393750 0.093750 0.191667
0 1.0 0.450781 0.396875 0.164062 0.185417
0 1.0 0.139844 0.423958 0.073438 0.164583
0 1.0 0.950000 0.387500 0.050000 0.104167
0 1.0 0.282031 0.391667 0.245312 0.112500
0 1.0 0.961719 0.379167 0.029687 0.079167
0 1.0 0.882031 0.382292 0.070312 0.156250
0 1.0 0.818750 0.347917 0.200000 0.195833
0 1.0 0.770312 0.390625 0.093750 0.168750
0 1.0 0.780469 0.387500 0.064062 0.104167
0 1.0 0.057813 0.393750 0.115625 0.083333
0 1.0 0.659375 0.376042 0.087500 0.197917
0 1.0 0.694531 0.401042 0.323437 0.110417
0 1.0 0.678125 0.403125 0.281250 0.268750
0 1.0 0.675781 0.415625 0.167187 0.164583
0 1.0 0.837500 0.405208 0.153125 0.110417
0 1.0 0.554688 0.409375 0.096875 0.197917
0 1.0 0.569531 0.400000 0.204687 0.133333
0 1.0 0.499219 0.396875 0.104688 0.264583
0 1.0 0.815625 0.455208 0.075000 0.135417
0 1.0 0.810156 0.404167 0.267188 0.150000
0 1.0 0.042969 0.445833 0.085938 0.083333
0 1.0 0.450000 0.418750 0.081250 0.179167
0 1.0 0.729688 0.450000 0.059375 0.108333
0 1.0 0.400000 0.392708 0.300000 0.131250
0 1.0 0.688281 0.657292 0.282813 0.535417
0 1.0 0.471094 0.678125 0.457813 0.493750
0 1.0 0.360156 0.646875 0.632812 0.227083
0 1.0 0.071094 0.139583 0.104688 0.279167
0 1.0 0.103906 0.116667 0.145313 0.112500
0 1.0 0.053125 0.122917 0.059375 0.058333
0 1.0 0.249219 0.738542 0.217188 0.502083
0 1.0 0.277344 0.766667 0.554688 0.237500
0 1.0 0.960938 0.087500 0.050000 0.125000
0 1.0 0.654687 0.628125 0.500000 0.247917
0 1.0 0.128125 0.126042 0.128125 0.235417
0 1.0 0.575781 0.547917 0.557813 0.266667
0 1.0 0.288281 0.117708 0.170313 0.210417
0 1.0 0.235156 0.681250 0.426563 0.475000
0 1.0 0.202344 0.112500 0.232813 0.108333
0 1.0 0.188281 0.126042 0.139063 0.252083
0 1.0 0.172656 0.845833 0.345313 0.204167
0 1.0 0.859375 0.082292 0.228125 0.164583
0 1.0 0.775781 0.766667 0.448437 0.233333
0 1.0 0.638281 0.826042 0.473438 0.231250
0 1.0 0.768750 0.096875 0.118750 0.193750
0 1.0 0.768750 0.072917 0.284375 0.145833
0 1.0 0.709375 0.092708 0.131250 0.185417
0 1.0 0.931250 0.077083 0.137500 0.120833
0 1.0 0.464062 0.456250 0.450000 0.420833
0 1.0 0.364844 0.453125 0.645312 0.210417
0 1.0 0.782813 0.346875 0.434375 0.214583
0 1.0 0.738281 0.366667 0.364063 0.466667
0 1.0 0.655469 0.125000 0.126562 0.225000
0 1.0 0.666406 0.108333 0.323437 0.116667
0 1.0 0.603906 0.127083 0.135937 0.229167
0 1.0 0.507031 0.119792 0.139063 0.231250
0 1.0 0.519531 0.103125 0.273438 0.139583
0 1.0 0.445312 0.136458 0.087500 0.210417
0 1.0 0.500000 0.110417 0.093750 0.070833
0 1.0 0.142187 0.454167 0.234375 0.633333
0 1.0 0.875000 0.110417 0.125000 0.195833
0 1.0 0.846094 0.309375 0.185938 0.618750
0 1.0 0.712500 0.117708 0.265625 0.235417
0 1.0 0.559375 0.351042 0.621875 0.218750
0 1.0 0.567187 0.341667 0.459375 0.466667
0 1.0 0.240625 0.346875 0.462500 0.277083
0 1.0 0.342969 0.123958 0.139063 0.247917
0 1.0 0.346094 0.104167 0.142187 0.104167
0 1.0 0.271875 0.551042 0.543750 0.227083
0 1.0 0.303906 0.117708 0.035937 0.056250
0 1.0 0.349219 0.563542 0.451562 0.435417
0 1.0 0.552344 0.496875 0.207813 0.539583
0 1.0 0.717187 0.463542 0.450000 0.206250
0 1.0 0.415625 0.110417 0.221875 0.100000
0 1.0 0.396875 0.121875 0.140625 0.243750
0 1.0 0.447656 0.109375 0.060937 0.077083
0 1.0 0.626563 0.039583 0.140625 0.079167
0 1.0 0.611719 0.081250 0.064062 0.083333
0 1.0 0.712500 0.063542 0.075000 0.127083
0 1.0 0.547656 0.068750 0.060937 0.108333
0 1.0 0.559375 0.055208 0.225000 0.110417
0 1.0 0.722656 0.043750 0.217188 0.087500
0 1.0 0.659375 0.087500 0.068750 0.112500
0 1.0 0.653906 0.063542 0.176563 0.127083
0 1.0 0.821875 0.071875 0.084375 0.143750
0 1.0 0.833594 0.044792 0.220312 0.089583
0 1.0 0.775781 0.065625 0.064062 0.102083
0 1.0 0.056250 0.058333 0.059375 0.079167
0 1.0 0.338281 0.035417 0.048438 0.054167
0 1.0 0.357812 0.063542 0.053125 0.085417
0 1.0 0.310937 0.046875 0.187500 0.093750
0 1.0 0.293750 0.045833 0.059375 0.091667
0 1.0 0.245312 0.053125 0.146875 0.106250
0 1.0 0.235937 0.054167 0.065625 0.108333
0 1.0 0.446094 0.062500 0.029687 0.054167
0 1.0 0.509375 0.039583 0.046875 0.054167
0 1.0 0.445312 0.068750 0.056250 0.083333
0 1.0 0.500000 0.182292 1.000000 0.364583
0 1.0 0.745313 0.876042 0.509375 0.247917
0 1.0 0.480469 0.047917 0.123438 0.095833
0 1.0 0.458594 0.069792 0.229687 0.139583
0 1.0 0.400000 0.066667 0.053125 0.100000
0 1.0 0.418750 0.037500 0.193750 0.075000
0 1.0 0.510156 0.076042 0.064062 0.131250
0 1.0 0.342187 0.090625 0.084375 0.181250
0 1.0 0.369531 0.070833 0.148438 0.095833
0 1.0 0.279687 0.917708 0.559375 0.164583
0 1.0 0.549219 0.906250 0.567187 0.187500
0 1.0 0.314063 0.077083 0.043750 0.058333
0 1.0 0.462500 0.077083 0.046875 0.070833
0 1.0 0.381250 0.834375 0.578125 0.218750
0 1.0 0.353906 0.823958 0.245312 0.352083
0 1.0 0.553125 0.094792 0.115625 0.189583
0 1.0 0.957031 0.062500 0.029687 0.070833
0 1.0 0.946094 0.063542 0.051562 0.089583
0 1.0 0.936719 0.039583 0.126562 0.079167
0 1.0 0.878906 0.071875 0.067187 0.139583
0 1.0 0.257812 0.118750 0.515625 0.237500
0 1.0 0.832812 0.922917 0.334375 0.154167
0 1.0 0.260156 0.070833 0.273438 0.112500
0 1.0 0.022656 0.103125 0.045312 0.168750
0 1.0 0.060937 0.075000 0.040625 0.062500
0 1.0 0.073438 0.909375 0.131250 0.181250
0 1.0 0.811719 0.870833 0.192188 0.212500
0 1.0 0.774219 0.848958 0.048438 0.102083
0 1.0 0.781250 0.871875 0.034375 0.072917
0 1.0 0.718750 0.867708 0.046875 0.102083
0 1.0 0.959375 0.880208 0.025000 0.060417
0 1.0 0.938281 0.870833 0.123438 0.104167
0 1.0 0.948438 0.892708 0.043750 0.085417
0 1.0 0.922656 0.860417 0.154688 0.250000
0 1.0 0.928906 0.858333 0.067187 0.175000
0 1.0 0.642969 0.875000 0.092188 0.170833
0 1.0 0.227344 0.908333 0.101562 0.183333
0 1.0 0.242188 0.915625 0.334375 0.118750
0 1.0 0.882812 0.873958 0.234375 0.135417
0 1.0 0.119531 0.918750 0.239063 0.125000
0 1.0 0.880469 0.855208 0.051562 0.127083
0 1.0 0.805469 0.878125 0.104688 0.089583
0 1.0 0.889062 0.877083 0.034375 0.079167
0 1.0 0.134375 0.919792 0.109375 0.160417
0 1.0 0.692187 0.880208 0.231250 0.197917
0 1.0 0.404687 0.859375 0.200000 0.227083
0 1.0 0.353906 0.868750 0.323437 0.137500
0 1.0 0.350000 0.860417 0.078125 0.170833
0 1.0 0.302344 0.861458 0.051562 0.114583
0 1.0 0.573438 0.854167 0.075000 0.154167
0 1.0 0.571094 0.866667 0.289062 0.187500
0 1.0 0.854688 0.885417 0.062500 0.079167
0 1.0 0.823438 0.858333 0.053125 0.129167
0 1.0 0.457813 0.884375 0.062500 0.110417
0 1.0 0.510156 0.892708 0.051562 0.110417
0 1.0 0.453125 0.867708 0.031250 0.068750
0 1.0 0.764062 0.902083 0.106250 0.195833
0 1.0 0.446875 0.919792 0.087500 0.160417
0 1.0 0.487500 0.916667 0.293750 0.133333
0 1.0 0.492188 0.914583 0.140625 0.116667
0 1.0 0.307031 0.921875 0.123438 0.147917
0 1.0 0.346094 0.900000 0.126562 0.200000
0 1.0 0.946875 0.923958 0.106250 0.147917
0 1.0 0.824219 0.914583 0.082812 0.158333
0 1.0 0.027344 0.930208 0.054688 0.139583
0 1.0 0.054688 0.925000 0.109375 0.104167
0 1.0 0.186719 0.916667 0.139063 0.150000
0 1.0 0.332031 0.816667 0.310937 0.133333
0 1.0 0.254688 0.821875 0.137500 0.131250
0 1.0 0.506250 0.846875 0.109375 0.264583
0 1.0 0.521094 0.818750 0.357812 0.145833
0 1.0 0.714063 0.827083 0.115625 0.316667
0 1.0 0.703125 0.818750 0.346875 0.137500
0 1.0 0.432031 0.825000 0.117188 0.125000
0 1.0 0.296875 0.830208 0.053125 0.081250
0 1.0 0.940625 0.762500 0.118750 0.104167
0 1.0 0.902344 0.765625 0.145313 0.147917
0 1.0 0.507812 0.831250 0.059375 0.091667
0 1.0 0.151562 0.825000 0.162500 0.145833
0 1.0 0.121875 0.828125 0.093750 0.110417
0 1.0 0.082812 0.883333 0.071875 0.133333
0 1.0 0.118750 0.881250 0.090625 0.112500
0 1.0 0.026562 0.920833 0.037500 0.095833
0 1.0 0.048438 0.876042 0.096875 0.085417
0 1.0 0.303125 0.868750 0.150000 0.179167
0 1.0 0.231250 0.873958 0.053125 0.118750
0 1.0 0.877344 0.814583 0.245312 0.125000
0 1.0 0.189062 0.892708 0.046875 0.118750
0 1.0 0.395313 0.855208 0.075000 0.177083
0 1.0 0.442188 0.870833 0.121875 0.141667
0 1.0 0.188281 0.872917 0.207813 0.166667
0 1.0 0.961719 0.862500 0.051562 0.162500
0 1.0 0.931250 0.814583 0.137500 0.095833
0 1.0 0.805469 0.818750 0.126562 0.083333
0 1.0 0.874219 0.814583 0.114062 0.254167
0 1.0 0.860156 0.828125 0.042188 0.064583
0 1.0 0.863281 0.819792 0.242188 0.306250
0 1.0 0.815625 0.818750 0.109375 0.316667
0 1.0 0.058594 0.885417 0.029687 0.054167
0 1.0 0.764062 0.814583 0.121875 0.316667
0 1.0 0.745313 0.186458 0.390625 0.372917
0 1.0 0.473438 0.180208 0.071875 0.122917
0 1.0 0.409375 0.176042 0.268750 0.114583
0 1.0 0.378906 0.178125 0.107813 0.085417
0 1.0 0.561719 0.172917 0.235937 0.150000
0 1.0 0.214062 0.180208 0.225000 0.114583
0 1.0 0.190625 0.169792 0.056250 0.102083
0 1.0 0.346875 0.166667 0.087500 0.141667
0 1.0 0.291406 0.172917 0.148438 0.125000
0 1.0 0.237500 0.167708 0.121875 0.310417
0 1.0 0.460156 0.132292 0.610938 0.218750
0 1.0 0.775000 0.172917 0.268750 0.112500
0 1.0 0.766406 0.161458 0.157812 0.227083
0 1.0 0.557031 0.162500 0.151562 0.283333
0 1.0 0.499219 0.183333 0.085938 0.070833
0 1.0 0.543750 0.071875 0.600000 0.143750
0 1.0 0.660156 0.171875 0.270313 0.118750
0 1.0 0.854688 0.115625 0.131250 0.097917
0 1.0 0.560156 0.248958 0.589063 0.231250
0 1.0 0.347656 0.266667 0.214062 0.533333
0 1.0 0.338281 0.341667 0.410938 0.466667
0 1.0 0.249219 0.355208 0.207813 0.610417
0 1.0 0.922656 0.131250 0.117188 0.262500
0 1.0 0.131250 0.175000 0.143750 0.091667
0 1.0 0.046094 0.175000 0.070312 0.083333
0 1.0 0.945312 0.120833 0.109375 0.104167
0 1.0 0.264062 0.246875 0.528125 0.235417
0 1.0 0.832812 0.143750 0.334375 0.212500
0 1.0 0.139063 0.170833 0.228125 0.166667
0 1.0 0.224219 0.961458 0.092188 0.060417
0 1.0 0.194531 0.958333 0.101562 0.083333
0 1.0 0.400000 0.934375 0.118750 0.131250
0 1.0 0.442188 0.959375 0.087500 0.072917
0 1.0 0.344531 0.941667 0.079687 0.116667
0 1.0 0.363281 0.963542 0.067187 0.052083
0 1.0 0.649219 0.921875 0.126562 0.156250
0 1.0 0.679688 0.951042 0.137500 0.089583
0 1.0 0.293750 0.950000 0.081250 0.100000
0 1.0 0.544531 0.958333 0.085938 0.058333
0 1.0 0.296094 0.962500 0.051562 0.062500
0 1.0 0.607812 0.955208 0.046875 0.047917
0 1.0 0.573438 0.943750 0.109375 0.112500
0 1.0 0.580469 0.965625 0.029687 0.035417
0 1.0 0.146875 0.958333 0.065625 0.058333
0 1.0 0.121875 0.952083 0.103125 0.087500
0 1.0 0.063281 0.960417 0.045312 0.054167
0 1.0 0.710938 0.904167 0.093750 0.154167
0 1.0 0.050781 0.957292 0.064062 0.077083
0 1.0 0.961719 0.936458 0.048438 0.127083
0 1.0 0.839844 0.919792 0.176563 0.118750
0 1.0 0.246875 0.953125 0.134375 0.093750
0 1.0 0.871875 0.897917 0.103125 0.204167
0 1.0 0.858594 0.961458 0.032813 0.039583
0 1.0 0.860156 0.956250 0.067187 0.066667
0 1.0 0.876563 0.950000 0.140625 0.100000
0 1.0 0.716406 0.962500 0.045312 0.045833
0 1.0 0.887500 0.179167 0.225000 0.125000
0 1.0 0.792969 0.952083 0.120313 0.083333
0 1.0 0.839844 0.178125 0.101562 0.077083
0 1.0 0.933594 0.961458 0.132812 0.077083
0 1.0 0.809375 0.958333 0.071875 0.054167
0 1.0 0.531250 0.963542 0.031250 0.035417
0 1.0 0.507812 0.957292 0.059375 0.056250
0 1.0 0.515625 0.950000 0.115625 0.100000
0 1.0 0.768750 0.961458 0.068750 0.056250
0 1.0 0.742969 0.953125 0.145313 0.093750
0 1.0 0.626563 0.963542 0.025000 0.031250
0 1.0 0.654687 0.956250 0.043750 0.041667
0 1.0 0.635156 0.943750 0.089063 0.066667
0 1.0 0.084375 0.657292 0.168750 0.535417
0 1.0 0.921875 0.564583 0.156250 0.566667
0 1.0 0.543750 0.161458 0.321875 0.322917
0 1.0 0.070312 0.359375 0.140625 0.668750
0 1.0 0.134375 0.780208 0.268750 0.439583