0 1.0 0.536458 0.500000 0.814583 1.000000
0 1.0 0.143750 0.655469 0.287500 0.135937
0 1.0 0.864583 0.607031 0.229167 0.335938
0 1.0 0.812500 0.639062 0.116667 0.228125
0 1.0 0.823958 0.605469 0.264583 0.126562
0 1.0 0.131250 0.688281 0.087500 0.229687
0 1.0 0.100000 0.667188 0.200000 0.246875
0 1.0 0.029167 0.660156 0.054167 0.142187
0 1.0 0.060417 0.657031 0.120833 0.089063
0 1.0 0.051042 0.664062 0.060417 0.075000
0 1.0 0.341667 0.641406 0.195833 0.267188
0 1.0 0.291667 0.673438 0.112500 0.365625
0 1.0 0.244792 0.656250 0.214583 0.109375
0 1.0 0.291667 0.658594 0.050000 0.079687
0 1.0 0.962500 0.641406 0.062500 0.232813
0 1.0 0.939583 0.603125 0.120833 0.109375
0 1.0 0.190625 0.700781 0.127083 0.273438
0 1.0 0.600000 0.612500 0.037500 0.056250
0 1.0 0.556250 0.592969 0.254167 0.301563
0 1.0 0.566667 0.619531 0.150000 0.179688
0 1.0 0.500000 0.648438 0.083333 0.190625
0 1.0 0.502083 0.603125 0.158333 0.090625
0 1.0 0.763542 0.645312 0.102083 0.184375
0 1.0 0.693750 0.590625 0.312500 0.318750
0 1.0 0.708333 0.635938 0.120833 0.209375
0 1.0 0.721875 0.605469 0.235417 0.110937
0 1.0 0.425000 0.613281 0.291667 0.367188
0 1.0 0.439583 0.597656 0.166667 0.207813
0 1.0 0.375000 0.600000 0.262500 0.137500
0 1.0 0.393750 0.598437 0.112500 0.115625
0 1.0 0.658333 0.626563 0.141667 0.246875
0 1.0 0.805208 0.609375 0.093750 0.081250
0 1.0 0.841667 0.612500 0.066667 0.084375
0 1.0 0.505208 0.664844 0.210417 0.098437
0 1.0 0.536458 0.671094 0.093750 0.085938
0 1.0 0.785417 0.670312 0.179167 0.118750
0 1.0 0.710417 0.692969 0.104167 0.135937
0 1.0 0.396875 0.649219 0.272917 0.145313
0 1.0 0.421875 0.646875 0.089583 0.112500
0 1.0 0.762500 0.664062 0.312500 0.275000
0 1.0 0.939583 0.658594 0.120833 0.110937
0 1.0 0.679167 0.666406 0.275000 0.129688
0 1.0 0.592708 0.676562 0.060417 0.071875
0 1.0 0.821875 0.671875 0.081250 0.100000
0 1.0 0.542708 0.672656 0.135417 0.220312
0 1.0 0.486458 0.663281 0.068750 0.089063
0 1.0 0.113542 0.659375 0.114583 0.106250
0 1.0 0.331250 0.651563 0.104167 0.106250
0 1.0 0.602083 0.672656 0.137500 0.232813
0 1.0 0.621875 0.673438 0.118750 0.106250
0 1.0 0.778125 0.544531 0.264583 0.126562
0 1.0 0.769792 0.580469 0.102083 0.170313
0 1.0 0.607292 0.610156 0.135417 0.101562
0 1.0 0.392708 0.546094 0.127083 0.273438
0 1.0 0.384375 0.550781 0.239583 0.132812
0 1.0 0.678125 0.544531 0.197917 0.129688
0 1.0 0.879167 0.545312 0.241667 0.146875
0 1.0 0.577083 0.558594 0.129167 0.120313
0 1.0 0.852083 0.548438 0.108333 0.100000
0 1.0 0.446875 0.567187 0.085417 0.184375
0 1.0 0.171875 0.558594 0.264583 0.279687
0 1.0 0.187500 0.575000 0.116667 0.118750
0 1.0 0.131250 0.598437 0.070833 0.153125
0 1.0 0.133333 0.556250 0.241667 0.093750
0 1.0 0.337500 0.539844 0.120833 0.264062
0 1.0 0.335417 0.553906 0.145833 0.092188
0 1.0 0.610417 0.571875 0.129167 0.228125
0 1.0 0.502083 0.553906 0.254167 0.154688
0 1.0 0.288542 0.544531 0.122917 0.245312
0 1.0 0.296875 0.553906 0.072917 0.067187
0 1.0 0.300000 0.538281 0.241667 0.301563
0 1.0 0.234375 0.585938 0.068750 0.171875
0 1.0 0.247917 0.553906 0.170833 0.070312
0 1.0 0.501042 0.582812 0.097917 0.162500
0 1.0 0.139583 0.607812 0.241667 0.103125
0 1.0 0.073958 0.628906 0.102083 0.198437
0 1.0 0.303125 0.603125 0.164583 0.100000
0 1.0 0.537500 0.606250 0.075000 0.075000
0 1.0 0.290625 0.603125 0.035417 0.056250
0 1.0 0.219792 0.600000 0.160417 0.078125
0 1.0 0.818750 0.579688 0.087500 0.156250
0 1.0 0.116667 0.612500 0.070833 0.068750
0 1.0 0.044792 0.605469 0.089583 0.064062
0 1.0 0.045833 0.613281 0.050000 0.054688
0 1.0 0.962500 0.579688 0.050000 0.168750
0 1.0 0.936458 0.549219 0.127083 0.117188
0 1.0 0.923958 0.556250 0.152083 0.265625
0 1.0 0.189583 0.664062 0.083333 0.162500
0 1.0 0.821875 0.764844 0.152083 0.235937
0 1.0 0.506250 0.771094 0.108333 0.264062
0 1.0 0.495833 0.764844 0.262500 0.135937
0 1.0 0.477083 0.797656 0.275000 0.307812
0 1.0 0.070833 0.705469 0.141667 0.104688
0 1.0 0.711458 0.787500 0.122917 0.221875
0 1.0 0.712500 0.764844 0.345833 0.126562
0 1.0 0.660417 0.784375 0.129167 0.215625
0 1.0 0.448958 0.759375 0.122917 0.259375
0 1.0 0.931250 0.762500 0.137500 0.118750
0 1.0 0.927083 0.762500 0.145833 0.290625
0 1.0 0.600000 0.781250 0.116667 0.206250
0 1.0 0.813542 0.764844 0.085417 0.104688
0 1.0 0.860417 0.760156 0.241667 0.335938
0 1.0 0.177083 0.758594 0.312500 0.148438
0 1.0 0.431250 0.775781 0.120833 0.120313
0 1.0 0.069792 0.771875 0.139583 0.353125
0 1.0 0.106250 0.767188 0.104167 0.109375
0 1.0 0.397917 0.743750 0.137500 0.300000
0 1.0 0.329167 0.743750 0.133333 0.406250
0 1.0 0.375000 0.763281 0.250000 0.120313
0 1.0 0.347917 0.747656 0.154167 0.207813
0 1.0 0.628125 0.792969 0.289583 0.226562
0 1.0 0.217708 0.776563 0.197917 0.271875
0 1.0 0.550000 0.778125 0.116667 0.246875
0 1.0 0.179167 0.814844 0.316667 0.139063
0 1.0 0.963542 0.759375 0.064583 0.187500
0 1.0 0.428125 0.825781 0.310417 0.120313
0 1.0 0.448958 0.835156 0.089583 0.082812
0 1.0 0.411458 0.831250 0.197917 0.215625
0 1.0 0.123958 0.822656 0.089583 0.110937
0 1.0 0.391667 0.835156 0.112500 0.089063
0 1.0 0.366667 0.810156 0.291667 0.323437
0 1.0 0.281250 0.809375 0.133333 0.365625
0 1.0 0.548958 0.811719 0.352083 0.148438
0 1.0 0.126042 0.814844 0.139583 0.339062
0 1.0 0.767708 0.778125 0.122917 0.228125
0 1.0 0.754167 0.792969 0.341667 0.264062
0 1.0 0.064583 0.816406 0.129167 0.089063
0 1.0 0.071875 0.824219 0.043750 0.073438
0 1.0 0.281250 0.832031 0.083333 0.089063
0 1.0 0.228125 0.825781 0.127083 0.126562
0 1.0 0.869792 0.765625 0.260417 0.137500
0 1.0 0.170833 0.705469 0.316667 0.142187
0 1.0 0.459375 0.716406 0.181250 0.120313
0 1.0 0.487500 0.720313 0.083333 0.112500
0 1.0 0.040625 0.742969 0.081250 0.232813
0 1.0 0.134375 0.737500 0.260417 0.306250
0 1.0 0.337500 0.708594 0.279167 0.132812
0 1.0 0.351042 0.708594 0.118750 0.117188
0 1.0 0.655208 0.718750 0.118750 0.087500
0 1.0 0.627083 0.698438 0.270833 0.246875
0 1.0 0.591667 0.716406 0.216667 0.098437
0 1.0 0.614583 0.720313 0.079167 0.078125
0 1.0 0.220833 0.714844 0.129167 0.135937
0 1.0 0.820833 0.675000 0.200000 0.193750
0 1.0 0.056250 0.710938 0.054167 0.075000
0 1.0 0.286458 0.714063 0.068750 0.093750
0 1.0 0.764583 0.714844 0.345833 0.126562
0 1.0 0.055208 0.767188 0.047917 0.068750
0 1.0 0.061458 0.759375 0.122917 0.093750
0 1.0 0.272917 0.760156 0.262500 0.114062
0 1.0 0.293750 0.760938 0.108333 0.106250
0 1.0 0.527083 0.719531 0.116667 0.114062
0 1.0 0.725000 0.721094 0.187500 0.104688
0 1.0 0.937500 0.714063 0.125000 0.115625
0 1.0 0.808333 0.723437 0.075000 0.100000
0 1.0 0.660417 0.722656 0.179167 0.139063
0 1.0 0.815625 0.372656 0.102083 0.170313
0 1.0 0.545833 0.323437 0.179167 0.278125
0 1.0 0.492708 0.339062 0.310417 0.128125
0 1.0 0.048958 0.568750 0.097917 0.125000
0 1.0 0.443750 0.328906 0.112500 0.198437
0 1.0 0.711458 0.369531 0.114583 0.195312
0 1.0 0.725000 0.346875 0.287500 0.128125
0 1.0 0.062500 0.400781 0.125000 0.173437
0 1.0 0.957292 0.388281 0.039583 0.079687
0 1.0 0.938542 0.342969 0.122917 0.110937
0 1.0 0.946875 0.384375 0.068750 0.103125
0 1.0 0.652083 0.338281 0.083333 0.179688
0 1.0 0.872917 0.350000 0.195833 0.196875
0 1.0 0.655208 0.320312 0.252083 0.290625
0 1.0 0.607292 0.344531 0.097917 0.251563
0 1.0 0.591667 0.341406 0.291667 0.160938
0 1.0 0.877083 0.371875 0.083333 0.128125
0 1.0 0.245833 0.331250 0.100000 0.259375
0 1.0 0.264583 0.342969 0.158333 0.135937
0 1.0 0.240625 0.324219 0.252083 0.329688
0 1.0 0.177083 0.357031 0.079167 0.242188
0 1.0 0.167708 0.343750 0.143750 0.303125
0 1.0 0.183333 0.342187 0.225000 0.168750
0 1.0 0.387500 0.366406 0.137500 0.282813
0 1.0 0.446875 0.334375 0.281250 0.300000
0 1.0 0.121875 0.361719 0.118750 0.245312
0 1.0 0.076042 0.346875 0.152083 0.328125
0 1.0 0.095833 0.342187 0.191667 0.125000
0 1.0 0.359375 0.336719 0.185417 0.132812
0 1.0 0.307292 0.341406 0.118750 0.204687
0 1.0 0.345833 0.310937 0.245833 0.375000
0 1.0 0.204167 0.396094 0.154167 0.114062
0 1.0 0.166667 0.375000 0.291667 0.306250
0 1.0 0.412500 0.396094 0.212500 0.139063
0 1.0 0.342708 0.410156 0.114583 0.220312
0 1.0 0.263542 0.401562 0.164583 0.125000
0 1.0 0.304167 0.405469 0.104167 0.095312
0 1.0 0.554167 0.387500 0.120833 0.246875
0 1.0 0.538542 0.394531 0.322917 0.135937
0 1.0 0.240625 0.393750 0.072917 0.184375
0 1.0 0.839583 0.346094 0.179167 0.114062
0 1.0 0.133333 0.392969 0.266667 0.157812
0 1.0 0.122917 0.414844 0.087500 0.167187
0 1.0 0.814583 0.322656 0.270833 0.270313
0 1.0 0.762500 0.385156 0.100000 0.142187
0 1.0 0.031250 0.428125 0.062500 0.156250
0 1.0 0.927083 0.338281 0.145833 0.251563
0 1.0 0.229167 0.290625 0.150000 0.115625
0 1.0 0.208333 0.296094 0.062500 0.114062
0 1.0 0.133333 0.295312 0.179167 0.121875
0 1.0 0.132292 0.288281 0.077083 0.167187
0 1.0 0.393750 0.288281 0.304167 0.148438
0 1.0 0.307292 0.289844 0.189583 0.132812
0 1.0 0.051042 0.040625 0.102083 0.081250
0 1.0 0.079167 0.084375 0.158333 0.168750
0 1.0 0.166667 0.078906 0.270833 0.157812
0 1.0 0.260417 0.500000 0.479167 1.000000
0 1.0 0.419792 0.715625 0.839583 0.537500
0 1.0 0.086458 0.292187 0.131250 0.093750
0 1.0 0.072917 0.255469 0.116667 0.226562
0 1.0 0.128125 0.062500 0.077083 0.125000
0 1.0 0.106250 0.030469 0.120833 0.060937
0 1.0 0.028125 0.057031 0.052083 0.095312
0 1.0 0.773958 0.293750 0.156250 0.115625
0 1.0 0.814583 0.290625 0.087500 0.156250
0 1.0 0.764583 0.306250 0.075000 0.121875
0 1.0 0.029167 0.341406 0.045833 0.120313
0 1.0 0.957292 0.332031 0.060417 0.148438
0 1.0 0.956250 0.289062 0.087500 0.100000
0 1.0 0.892708 0.291406 0.214583 0.132812
0 1.0 0.536458 0.288281 0.310417 0.132812
0 1.0 0.040625 0.346094 0.081250 0.182812
0 1.0 0.715625 0.296094 0.085417 0.142187
0 1.0 0.711458 0.301563 0.231250 0.153125
0 1.0 0.572917 0.269531 0.295833 0.329688
0 1.0 0.663542 0.278125 0.085417 0.190625
0 1.0 0.876042 0.294531 0.114583 0.273438
0 1.0 0.882292 0.283594 0.072917 0.148438
0 1.0 0.472917 0.473438 0.291667 0.318750
0 1.0 0.507292 0.502344 0.122917 0.142187
0 1.0 0.178125 0.521875 0.102083 0.118750
0 1.0 0.180208 0.494531 0.197917 0.107813
0 1.0 0.128125 0.524219 0.068750 0.126562
0 1.0 0.658333 0.407031 0.108333 0.201563
0 1.0 0.383333 0.501563 0.216667 0.121875
0 1.0 0.338542 0.503125 0.131250 0.081250
0 1.0 0.671875 0.499219 0.268750 0.185938
0 1.0 0.607292 0.500781 0.172917 0.110937
0 1.0 0.301042 0.499219 0.081250 0.070312
0 1.0 0.563542 0.510156 0.139583 0.176563
0 1.0 0.483333 0.499219 0.233333 0.104688
0 1.0 0.866667 0.451562 0.037500 0.046875
0 1.0 0.878125 0.495312 0.102083 0.125000
0 1.0 0.862500 0.453906 0.154167 0.095312
0 1.0 0.867708 0.463281 0.243750 0.260937
0 1.0 0.114583 0.497656 0.158333 0.132812
0 1.0 0.077083 0.492969 0.112500 0.201563
0 1.0 0.793750 0.445312 0.141667 0.078125
0 1.0 0.768750 0.496875 0.079167 0.103125
0 1.0 0.772917 0.446875 0.287500 0.125000
0 1.0 0.767708 0.464844 0.156250 0.126562
0 1.0 0.714583 0.468750 0.104167 0.187500
0 1.0 0.023958 0.533594 0.043750 0.114062
0 1.0 0.065625 0.496094 0.131250 0.073438
0 1.0 0.961458 0.503125 0.043750 0.103125
0 1.0 0.948958 0.448437 0.102083 0.084375
0 1.0 0.258333 0.499219 0.145833 0.070312
0 1.0 0.243750 0.511719 0.075000 0.117188
0 1.0 0.226042 0.467969 0.260417 0.270313
0 1.0 0.184375 0.542969 0.060417 0.110937
0 1.0 0.919792 0.457031 0.122917 0.160938
0 1.0 0.086458 0.557031 0.172917 0.185938
0 1.0 0.026042 0.582812 0.043750 0.115625
0 1.0 0.763542 0.517969 0.285417 0.260937
0 1.0 0.037500 0.559375 0.075000 0.065625
0 1.0 0.241667 0.562500 0.141667 0.153125
0 1.0 0.188542 0.610938 0.068750 0.143750
0 1.0 0.877083 0.524219 0.145833 0.260937
0 1.0 0.816667 0.527344 0.108333 0.182812
0 1.0 0.431250 0.502344 0.116667 0.082812
0 1.0 0.445833 0.491406 0.137500 0.189062
0 1.0 0.822917 0.403125 0.162500 0.093750
0 1.0 0.879167 0.432812 0.087500 0.118750
0 1.0 0.127083 0.464062 0.070833 0.109375
0 1.0 0.117708 0.448437 0.227083 0.146875
0 1.0 0.814583 0.396875 0.258333 0.134375
0 1.0 0.026042 0.467969 0.039583 0.085938
0 1.0 0.085417 0.447656 0.070833 0.057813
0 1.0 0.060417 0.453125 0.120833 0.087500
0 1.0 0.302083 0.408594 0.225000 0.279687
0 1.0 0.244792 0.453906 0.077083 0.067187
0 1.0 0.939583 0.407813 0.120833 0.146875
0 1.0 0.321875 0.455469 0.093750 0.129688
0 1.0 0.814583 0.437500 0.100000 0.153125
0 1.0 0.500000 0.368750 0.141667 0.278125
0 1.0 0.725000 0.394531 0.245833 0.120313
0 1.0 0.960417 0.465625 0.050000 0.118750
0 1.0 0.610417 0.399219 0.200000 0.104688
0 1.0 0.825000 0.496875 0.070833 0.103125
0 1.0 0.467708 0.433594 0.272917 0.142187
0 1.0 0.444792 0.418750 0.106250 0.175000
0 1.0 0.671875 0.459375 0.160417 0.143750
0 1.0 0.600000 0.471875 0.091667 0.187500
0 1.0 0.647917 0.445312 0.087500 0.068750
0 1.0 0.613542 0.443750 0.256250 0.290625
0 1.0 0.552083 0.439063 0.137500 0.081250
0 1.0 0.254167 0.452344 0.112500 0.139063
0 1.0 0.182292 0.474219 0.056250 0.101562
0 1.0 0.177083 0.453906 0.108333 0.089063
0 1.0 0.700000 0.446875 0.129167 0.084375
0 1.0 0.383333 0.449219 0.229167 0.154688
0 1.0 0.393750 0.414062 0.270833 0.318750
0 1.0 0.357292 0.456250 0.097917 0.084375
0 1.0 0.290625 0.450000 0.093750 0.159375
0 1.0 0.320833 0.159375 0.237500 0.275000
0 1.0 0.237500 0.152344 0.116667 0.304688
0 1.0 0.245833 0.123438 0.283333 0.134375
0 1.0 0.722917 0.652344 0.433333 0.539062
0 1.0 0.559375 0.650781 0.589583 0.260937
0 1.0 0.181250 0.142969 0.112500 0.273438
0 1.0 0.965625 0.112500 0.060417 0.165625
0 1.0 0.933333 0.075000 0.133333 0.118750
0 1.0 0.132292 0.142187 0.143750 0.284375
0 1.0 0.430208 0.123438 0.385417 0.165625
0 1.0 0.448958 0.146094 0.168750 0.254688
0 1.0 0.245833 0.639062 0.204167 0.621875
0 1.0 0.273958 0.645312 0.547917 0.231250
0 1.0 0.596875 0.128906 0.218750 0.223438
0 1.0 0.761458 0.076563 0.310417 0.140625
0 1.0 0.756250 0.099219 0.125000 0.198437
0 1.0 0.703125 0.113281 0.106250 0.226562
0 1.0 0.651042 0.075781 0.289583 0.135937
0 1.0 0.876042 0.097656 0.135417 0.195312
0 1.0 0.504167 0.081250 0.287500 0.146875
0 1.0 0.606250 0.116406 0.104167 0.232813
0 1.0 0.412500 0.833594 0.508333 0.207813
0 1.0 0.920833 0.121875 0.133333 0.243750
0 1.0 0.045833 0.142969 0.091667 0.279687
0 1.0 0.051042 0.122656 0.102083 0.126562
0 1.0 0.817708 0.117969 0.118750 0.235937
0 1.0 0.270833 0.764844 0.537500 0.267188
0 1.0 0.247917 0.181250 0.237500 0.125000
0 1.0 0.484375 0.202344 0.318750 0.323437
0 1.0 0.160417 0.180469 0.287500 0.192188
0 1.0 0.181250 0.174219 0.075000 0.126562
0 1.0 0.100000 0.179688 0.195833 0.115625
0 1.0 0.665625 0.452344 0.547917 0.223438
0 1.0 0.748958 0.324219 0.389583 0.539062
0 1.0 0.669792 0.350781 0.510417 0.226562
0 1.0 0.687500 0.179688 0.204167 0.121875
0 1.0 0.391667 0.196094 0.162500 0.310937
0 1.0 0.705208 0.185938 0.247917 0.353125
0 1.0 0.655208 0.168750 0.185417 0.231250
0 1.0 0.532292 0.178906 0.293750 0.154688
0 1.0 0.811458 0.117188 0.322917 0.150000
0 1.0 0.053125 0.181250 0.093750 0.081250
0 1.0 0.938542 0.123438 0.122917 0.118750
0 1.0 0.657292 0.865625 0.685417 0.268750
0 1.0 0.712500 0.054688 0.137500 0.109375
0 1.0 0.663542 0.068750 0.060417 0.103125
0 1.0 0.666667 0.030469 0.129167 0.060937
0 1.0 0.606250 0.050781 0.058333 0.098437
0 1.0 0.622917 0.029687 0.104167 0.059375
0 1.0 0.514583 0.030469 0.166667 0.060937
0 1.0 0.510417 0.048438 0.083333 0.096875
0 1.0 0.443750 0.053125 0.050000 0.075000
0 1.0 0.604167 0.040625 0.212500 0.081250
0 1.0 0.555208 0.052344 0.068750 0.104688
0 1.0 0.250000 0.876563 0.500000 0.246875
0 1.0 0.881250 0.644531 0.237500 0.710938
0 1.0 0.707292 0.063281 0.064583 0.123438
0 1.0 0.536458 0.509375 0.760417 0.356250
0 1.0 0.304167 0.502344 0.608333 0.429688
0 1.0 0.127083 0.636719 0.254167 0.726562
0 1.0 0.637500 0.266406 0.725000 0.382812
0 1.0 0.773958 0.053125 0.139583 0.106250
0 1.0 0.183333 0.035156 0.141667 0.070312
0 1.0 0.394792 0.287500 0.789583 0.537500
0 1.0 0.518750 0.643750 0.391667 0.712500
0 1.0 0.188542 0.067187 0.077083 0.134375
0 1.0 0.305208 0.078125 0.243750 0.156250
0 1.0 0.304167 0.057031 0.129167 0.114062
0 1.0 0.235417 0.067969 0.079167 0.135937
0 1.0 0.258333 0.033594 0.170833 0.067187
0 1.0 0.395833 0.053906 0.075000 0.107813
0 1.0 0.400000 0.032813 0.225000 0.065625
0 1.0 0.340625 0.030469 0.106250 0.060937
0 1.0 0.453125 0.053906 0.127083 0.095312
0 1.0 0.508333 0.346094 0.383333 0.692187
0 1.0 0.384375 0.091406 0.231250 0.176563
0 1.0 0.505208 0.114844 0.118750 0.229687
0 1.0 0.169792 0.923438 0.339583 0.153125
0 1.0 0.827083 0.845313 0.345833 0.203125
0 1.0 0.445833 0.121875 0.087500 0.193750
0 1.0 0.392708 0.115625 0.114583 0.221875
0 1.0 0.133333 0.347656 0.266667 0.695312
0 1.0 0.251042 0.284375 0.502083 0.343750
0 1.0 0.744792 0.125000 0.510417 0.250000
0 1.0 0.251042 0.124219 0.502083 0.248438
0 1.0 0.818750 0.061719 0.075000 0.123438
0 1.0 0.827083 0.032813 0.179167 0.065625
0 1.0 0.759375 0.043750 0.064583 0.087500
0 1.0 0.963542 0.060156 0.043750 0.092188
0 1.0 0.934375 0.035156 0.131250 0.070312
0 1.0 0.779167 0.921875 0.441667 0.156250
0 1.0 0.470833 0.917188 0.579167 0.165625
0 1.0 0.875000 0.058594 0.075000 0.117188
0 1.0 0.491667 0.133594 0.775000 0.267188
0 1.0 0.482292 0.885156 0.322917 0.198437
0 1.0 0.183333 0.907031 0.137500 0.170313
0 1.0 0.131250 0.907813 0.108333 0.184375
0 1.0 0.397917 0.902344 0.150000 0.173437
0 1.0 0.340625 0.910937 0.102083 0.171875
0 1.0 0.362500 0.917188 0.300000 0.134375
0 1.0 0.673958 0.858594 0.335417 0.242188
0 1.0 0.672917 0.891406 0.200000 0.176563
0 1.0 0.603125 0.882812 0.127083 0.228125
0 1.0 0.285417 0.901563 0.116667 0.184375
0 1.0 0.286458 0.896875 0.256250 0.181250
0 1.0 0.504167 0.898438 0.116667 0.203125
0 1.0 0.877083 0.859375 0.125000 0.196875
0 1.0 0.071875 0.892969 0.118750 0.214062
0 1.0 0.036458 0.898438 0.072917 0.175000
0 1.0 0.768750 0.857031 0.145833 0.179688
0 1.0 0.091667 0.917188 0.183333 0.112500
0 1.0 0.959375 0.880469 0.039583 0.079687
0 1.0 0.916667 0.875000 0.166667 0.128125
0 1.0 0.858333 0.902344 0.208333 0.170313
0 1.0 0.140625 0.956250 0.118750 0.071875
0 1.0 0.094792 0.957812 0.089583 0.062500
0 1.0 0.055208 0.942187 0.110417 0.115625
0 1.0 0.962500 0.944531 0.054167 0.110937
0 1.0 0.921875 0.920312 0.156250 0.112500
0 1.0 0.244792 0.928906 0.135417 0.142187
0 1.0 0.447917 0.898438 0.100000 0.165625
0 1.0 0.550000 0.882812 0.125000 0.225000
0 1.0 0.846875 0.825781 0.114583 0.107813
0 1.0 0.073958 0.842969 0.081250 0.198437
0 1.0 0.101042 0.873437 0.202083 0.121875
0 1.0 0.068750 0.875000 0.050000 0.078125
0 1.0 0.962500 0.839844 0.070833 0.201563
0 1.0 0.926042 0.813281 0.147917 0.114062
0 1.0 0.820833 0.860156 0.125000 0.164062
0 1.0 0.767708 0.826562 0.093750 0.140625
0 1.0 0.039583 0.833594 0.054167 0.135937
0 1.0 0.451042 0.879687 0.060417 0.109375
0 1.0 0.608333 0.824219 0.083333 0.135937
0 1.0 0.555208 0.845313 0.077083 0.140625
0 1.0 0.190625 0.867188 0.077083 0.165625
0 1.0 0.198958 0.876563 0.310417 0.140625
0 1.0 0.132292 0.871094 0.068750 0.151562
0 1.0 0.342708 0.911719 0.056250 0.101562
0 1.0 0.397917 0.896094 0.075000 0.120313
0 1.0 0.508333 0.876563 0.070833 0.131250
0 1.0 0.306250 0.233594 0.100000 0.129688
0 1.0 0.440625 0.238281 0.214583 0.189062
0 1.0 0.357292 0.233594 0.264583 0.151562
0 1.0 0.179167 0.226562 0.087500 0.256250
0 1.0 0.501042 0.239063 0.160417 0.265625
0 1.0 0.695833 0.241406 0.204167 0.164062
0 1.0 0.660417 0.224219 0.120833 0.385937
0 1.0 0.533333 0.238281 0.300000 0.139063
0 1.0 0.939583 0.189062 0.120833 0.203125
0 1.0 0.901042 0.182031 0.197917 0.126562
0 1.0 0.786458 0.246875 0.427083 0.231250
0 1.0 0.833333 0.181250 0.133333 0.093750
0 1.0 0.857292 0.183594 0.252083 0.360938
0 1.0 0.777083 0.179688 0.245833 0.128125
0 1.0 0.760417 0.167187 0.166667 0.234375
0 1.0 0.125000 0.239844 0.216667 0.170313
0 1.0 0.092708 0.243750 0.127083 0.118750
0 1.0 0.259375 0.239063 0.135417 0.218750
0 1.0 0.092708 0.224219 0.185417 0.379688
0 1.0 0.043750 0.242188 0.070833 0.081250
0 1.0 0.553125 0.945312 0.127083 0.109375
0 1.0 0.823958 0.946094 0.152083 0.107813
0 1.0 0.768750 0.939063 0.100000 0.121875
0 1.0 0.473958 0.943750 0.156250 0.087500
0 1.0 0.425000 0.944531 0.125000 0.079687
0 1.0 0.732292 0.950781 0.160417 0.076563
0 1.0 0.661458 0.935156 0.102083 0.129688
0 1.0 0.926042 0.962500 0.147917 0.075000
0 1.0 0.582292 0.952344 0.127083 0.070312
0 1.0 0.873958 0.928125 0.110417 0.143750
0 1.0 0.888542 0.960156 0.072917 0.051562
0 1.0 0.189583 0.954688 0.108333 0.065625
0 1.0 0.390625 0.953906 0.093750 0.060937
0 1.0 0.358333 0.946094 0.170833 0.092188
0 1.0 0.604167 0.936719 0.083333 0.126562
0 1.0 0.654167 0.963281 0.104167 0.057813
0 1.0 0.302083 0.955469 0.091667 0.060937
0 1.0 0.706250 0.221094 0.125000 0.298438
0 1.0 0.375000 0.075000 0.600000 0.150000
0 1.0 0.814583 0.238281 0.141667 0.098437
0 1.0 0.610417 0.229687 0.129167 0.340625
0 1.0 0.858333 0.958594 0.141667 0.070312
0 1.0 0.040625 0.273438 0.081250 0.156250
0 1.0 0.051042 0.291406 0.081250 0.076563
0 1.0 0.814583 0.222656 0.137500 0.326562
0 1.0 0.912500 0.239063 0.175000 0.118750
0 1.0 0.266667 0.450781 0.533333 0.214062
0 1.0 0.913542 0.349219 0.172917 0.479687
0 1.0 0.557292 0.449219 0.206250 0.620313
0 1.0 0.675000 0.452344 0.404167 0.520312
0 1.0 0.359375 0.553125 0.577083 0.215625
0 1.0 0.361458 0.612500 0.256250 0.578125
0 1.0 0.553125 0.738281 0.218750 0.473438
0 1.0 0.914583 0.860938 0.170833 0.278125