0 1.0 0.158774 0.588281 0.317549 0.479687
0 1.0 0.441504 0.560156 0.459610 0.404687
0 1.0 0.500000 0.499219 1.000000 0.692187
0 1.0 0.268802 0.619531 0.259053 0.335938
0 1.0 0.949861 0.602344 0.100279 0.098437
0 1.0 0.931755 0.609375 0.136490 0.281250
0 1.0 0.228412 0.647656 0.144847 0.185938
0 1.0 0.179666 0.650781 0.175487 0.357812
0 1.0 0.885794 0.603125 0.228412 0.128125
0 1.0 0.962396 0.651563 0.058496 0.162500
0 1.0 0.110028 0.654687 0.186630 0.371875
0 1.0 0.118384 0.648438 0.192201 0.121875
0 1.0 0.338440 0.642188 0.136490 0.300000
0 1.0 0.277159 0.653125 0.197772 0.106250
0 1.0 0.239554 0.655469 0.061281 0.073438
0 1.0 0.281337 0.616406 0.111421 0.254688
0 1.0 0.671309 0.602344 0.311978 0.123438
0 1.0 0.713092 0.619531 0.144847 0.267188
0 1.0 0.066852 0.650000 0.133705 0.253125
0 1.0 0.068245 0.660937 0.036212 0.059375
0 1.0 0.052925 0.653906 0.105850 0.085938
0 1.0 0.813370 0.620313 0.122563 0.300000
0 1.0 0.838440 0.613281 0.072423 0.079687
0 1.0 0.389972 0.651563 0.133705 0.328125
0 1.0 0.658774 0.635938 0.125348 0.278125
0 1.0 0.871866 0.666406 0.122563 0.282813
0 1.0 0.814763 0.665625 0.091922 0.084375
0 1.0 0.562674 0.660937 0.200557 0.143750
0 1.0 0.548747 0.661719 0.245125 0.295312
0 1.0 0.763231 0.663281 0.128134 0.304688
0 1.0 0.777159 0.658594 0.295265 0.135937
0 1.0 0.052925 0.717187 0.094708 0.081250
0 1.0 0.671309 0.661719 0.250696 0.157812
0 1.0 0.947075 0.658594 0.105850 0.101562
0 1.0 0.068245 0.721875 0.036212 0.053125
0 1.0 0.445682 0.672656 0.100279 0.251563
0 1.0 0.462396 0.660937 0.217270 0.109375
0 1.0 0.374652 0.655469 0.325905 0.132812
0 1.0 0.384401 0.631250 0.278552 0.328125
0 1.0 0.601671 0.672656 0.111421 0.273438
0 1.0 0.154596 0.614844 0.064067 0.104688
0 1.0 0.037604 0.597656 0.075209 0.201563
0 1.0 0.075209 0.595313 0.150418 0.096875
0 1.0 0.767409 0.557031 0.197772 0.214062
0 1.0 0.552925 0.632812 0.125348 0.278125
0 1.0 0.887187 0.546875 0.225627 0.131250
0 1.0 0.724234 0.546094 0.311978 0.126562
0 1.0 0.228412 0.601562 0.111421 0.106250
0 1.0 0.227019 0.578125 0.181058 0.218750
0 1.0 0.842618 0.548438 0.091922 0.075000
0 1.0 0.874652 0.572656 0.111421 0.204687
0 1.0 0.859331 0.570312 0.247911 0.290625
0 1.0 0.445682 0.549219 0.222841 0.107813
0 1.0 0.433148 0.551562 0.136490 0.187500
0 1.0 0.665738 0.567969 0.261838 0.279687
0 1.0 0.600279 0.579688 0.103064 0.209375
0 1.0 0.608635 0.553125 0.264624 0.156250
0 1.0 0.470752 0.607031 0.066852 0.070312
0 1.0 0.342618 0.606250 0.284123 0.115625
0 1.0 0.392758 0.607031 0.077994 0.079687
0 1.0 0.607242 0.610156 0.183844 0.207813
0 1.0 0.544568 0.600000 0.270195 0.112500
0 1.0 0.155989 0.599219 0.211699 0.179688
0 1.0 0.080780 0.603906 0.033426 0.057813
0 1.0 0.963788 0.592969 0.050139 0.132812
0 1.0 0.949861 0.546875 0.100279 0.096875
0 1.0 0.233983 0.612500 0.033426 0.050000
0 1.0 0.498607 0.626563 0.128134 0.293750
0 1.0 0.430362 0.604688 0.192201 0.093750
0 1.0 0.662953 0.771875 0.161560 0.150000
0 1.0 0.605850 0.771875 0.091922 0.193750
0 1.0 0.622563 0.771875 0.275766 0.096875
0 1.0 0.827298 0.772656 0.094708 0.064062
0 1.0 0.876045 0.764844 0.136490 0.226562
0 1.0 0.867688 0.778906 0.052925 0.048438
0 1.0 0.859331 0.769531 0.247911 0.279687
0 1.0 0.139276 0.705469 0.267409 0.154688
0 1.0 0.830084 0.767969 0.295265 0.107813
0 1.0 0.817549 0.760156 0.130919 0.235937
0 1.0 0.502786 0.759375 0.136490 0.212500
0 1.0 0.518106 0.776563 0.167131 0.100000
0 1.0 0.079387 0.766406 0.147632 0.198437
0 1.0 0.125348 0.818750 0.116992 0.090625
0 1.0 0.764624 0.757812 0.142061 0.228125
0 1.0 0.041783 0.807813 0.083565 0.140625
0 1.0 0.111421 0.825000 0.038997 0.046875
0 1.0 0.662953 0.760156 0.250696 0.260937
0 1.0 0.965181 0.775000 0.047354 0.115625
0 1.0 0.944290 0.764844 0.111421 0.089063
0 1.0 0.551532 0.759375 0.111421 0.240625
0 1.0 0.505571 0.752344 0.247911 0.260937
0 1.0 0.217270 0.750000 0.183844 0.215625
0 1.0 0.444290 0.765625 0.091922 0.168750
0 1.0 0.484680 0.782813 0.089136 0.068750
0 1.0 0.707521 0.765625 0.116992 0.240625
0 1.0 0.724234 0.774219 0.194986 0.101562
0 1.0 0.350975 0.768750 0.278552 0.106250
0 1.0 0.341226 0.739062 0.158774 0.240625
0 1.0 0.607242 0.824219 0.183844 0.160938
0 1.0 0.571031 0.817187 0.284123 0.087500
0 1.0 0.586351 0.822656 0.119777 0.076563
0 1.0 0.558496 0.825000 0.259053 0.256250
0 1.0 0.112813 0.816406 0.225627 0.104688
0 1.0 0.532033 0.822656 0.128134 0.076563
0 1.0 0.444290 0.822656 0.125348 0.164062
0 1.0 0.501393 0.828906 0.061281 0.048438
0 1.0 0.449861 0.824219 0.264624 0.251563
0 1.0 0.721448 0.813281 0.317549 0.101562
0 1.0 0.717270 0.826562 0.270195 0.256250
0 1.0 0.664345 0.820312 0.114206 0.162500
0 1.0 0.357939 0.824219 0.136490 0.067187
0 1.0 0.342618 0.807813 0.278552 0.256250
0 1.0 0.215877 0.818750 0.147632 0.081250
0 1.0 0.167131 0.794531 0.217270 0.164062
0 1.0 0.917827 0.760156 0.142061 0.176563
0 1.0 0.392758 0.824219 0.116992 0.232813
0 1.0 0.409471 0.820312 0.272981 0.075000
0 1.0 0.435933 0.827344 0.086351 0.054688
0 1.0 0.338440 0.818750 0.119777 0.225000
0 1.0 0.090529 0.818750 0.130919 0.065625
0 1.0 0.279944 0.808594 0.114206 0.204687
0 1.0 0.285515 0.827344 0.058496 0.045312
0 1.0 0.559889 0.712500 0.306407 0.121875
0 1.0 0.771588 0.714844 0.228412 0.139063
0 1.0 0.714485 0.697656 0.242340 0.270313
0 1.0 0.675487 0.712500 0.298050 0.115625
0 1.0 0.325905 0.711719 0.311978 0.132812
0 1.0 0.281337 0.706250 0.189415 0.231250
0 1.0 0.888579 0.661719 0.222841 0.132812
0 1.0 0.484680 0.720313 0.094708 0.093750
0 1.0 0.338440 0.537500 0.186630 0.196875
0 1.0 0.426184 0.719531 0.111421 0.107813
0 1.0 0.121170 0.701562 0.108635 0.115625
0 1.0 0.254875 0.725000 0.064067 0.068750
0 1.0 0.889972 0.715625 0.220056 0.121875
0 1.0 0.426184 0.778125 0.116992 0.084375
0 1.0 0.246518 0.771875 0.259053 0.109375
0 1.0 0.285515 0.778125 0.080780 0.075000
0 1.0 0.115599 0.769531 0.147632 0.135937
0 1.0 0.825905 0.719531 0.103064 0.076563
0 1.0 0.859331 0.725000 0.064067 0.065625
0 1.0 0.816156 0.700000 0.261838 0.265625
0 1.0 0.036212 0.737500 0.072423 0.215625
0 1.0 0.066852 0.774219 0.133705 0.082812
0 1.0 0.945682 0.712500 0.108635 0.100000
0 1.0 0.662953 0.720313 0.105850 0.190625
0 1.0 0.089136 0.779687 0.033426 0.050000
0 1.0 0.901114 0.313281 0.197772 0.279687
0 1.0 0.178273 0.440625 0.317549 0.275000
0 1.0 0.201950 0.421094 0.103064 0.101562
0 1.0 0.132312 0.456250 0.091922 0.131250
0 1.0 0.161560 0.398438 0.272981 0.103125
0 1.0 0.144847 0.452344 0.061281 0.076563
0 1.0 0.071031 0.443750 0.091922 0.143750
0 1.0 0.824513 0.346094 0.256267 0.154688
0 1.0 0.766017 0.350781 0.089136 0.201563
0 1.0 0.089136 0.402344 0.161560 0.160938
0 1.0 0.037604 0.462500 0.064067 0.115625
0 1.0 0.079387 0.396875 0.158774 0.071875
0 1.0 0.288301 0.446875 0.097493 0.128125
0 1.0 0.278552 0.412500 0.167131 0.071875
0 1.0 0.227019 0.463281 0.086351 0.110937
0 1.0 0.951253 0.355469 0.097493 0.139063
0 1.0 0.264624 0.398438 0.256267 0.225000
0 1.0 0.817549 0.347656 0.080780 0.170313
0 1.0 0.548747 0.333594 0.167131 0.210938
0 1.0 0.502786 0.347656 0.091922 0.207813
0 1.0 0.766017 0.320312 0.261838 0.265625
0 1.0 0.713092 0.307031 0.089136 0.198437
0 1.0 0.713092 0.342969 0.289694 0.123438
0 1.0 0.501393 0.342969 0.250696 0.126562
0 1.0 0.055710 0.404687 0.083565 0.065625
0 1.0 0.965181 0.344531 0.030641 0.067187
0 1.0 0.956825 0.367188 0.052925 0.093750
0 1.0 0.878830 0.346094 0.069638 0.142187
0 1.0 0.661560 0.333594 0.080780 0.182812
0 1.0 0.658774 0.301563 0.242340 0.318750
0 1.0 0.601671 0.310156 0.100279 0.264062
0 1.0 0.825905 0.409375 0.058496 0.118750
0 1.0 0.504178 0.394531 0.278552 0.117188
0 1.0 0.501393 0.403906 0.077994 0.132812
0 1.0 0.495822 0.373437 0.261838 0.275000
0 1.0 0.435933 0.435156 0.069638 0.110937
0 1.0 0.711699 0.388281 0.103064 0.232813
0 1.0 0.718663 0.392188 0.289694 0.109375
0 1.0 0.966574 0.443750 0.050139 0.125000
0 1.0 0.938719 0.395313 0.122563 0.121875
0 1.0 0.930362 0.389062 0.139276 0.256250
0 1.0 0.607242 0.389062 0.072423 0.146875
0 1.0 0.614206 0.396094 0.220056 0.126562
0 1.0 0.881616 0.401562 0.069638 0.125000
0 1.0 0.850975 0.393750 0.136490 0.087500
0 1.0 0.870474 0.385156 0.181058 0.164062
0 1.0 0.462396 0.409375 0.161560 0.096875
0 1.0 0.384401 0.406250 0.100279 0.165625
0 1.0 0.381616 0.405469 0.306407 0.114062
0 1.0 0.381616 0.382031 0.267409 0.239063
0 1.0 0.664345 0.396875 0.075209 0.134375
0 1.0 0.332869 0.440625 0.097493 0.134375
0 1.0 0.608635 0.367969 0.242340 0.279687
0 1.0 0.554318 0.396875 0.100279 0.209375
0 1.0 0.848189 0.291406 0.108635 0.082812
0 1.0 0.881616 0.281250 0.058496 0.131250
0 1.0 0.839833 0.295312 0.220056 0.140625
0 1.0 0.504178 0.282813 0.200557 0.109375
0 1.0 0.509749 0.273438 0.066852 0.140625
0 1.0 0.777159 0.293750 0.044568 0.103125
0 1.0 0.545961 0.267969 0.250696 0.323437
0 1.0 0.033426 0.272656 0.027855 0.054688
0 1.0 0.065460 0.335938 0.130919 0.078125
0 1.0 0.037604 0.318750 0.075209 0.137500
0 1.0 0.962396 0.322656 0.041783 0.126562
0 1.0 0.655989 0.254688 0.108635 0.259375
0 1.0 0.678273 0.285156 0.214485 0.107813
0 1.0 0.665738 0.245312 0.061281 0.131250
0 1.0 0.954039 0.288281 0.091922 0.095312
0 1.0 0.562674 0.230469 0.072423 0.129688
0 1.0 0.658774 0.663281 0.682451 0.673438
0 1.0 0.228412 0.583594 0.440111 0.832812
0 1.0 0.423398 0.725000 0.846797 0.515625
0 1.0 0.135097 0.090625 0.058496 0.103125
0 1.0 0.133705 0.029687 0.139276 0.059375
0 1.0 0.139276 0.087500 0.256267 0.175000
0 1.0 0.073816 0.071875 0.052925 0.084375
0 1.0 0.722841 0.263281 0.058496 0.126562
0 1.0 0.027855 0.066406 0.033426 0.064062
0 1.0 0.077994 0.024219 0.050139 0.042188
0 1.0 0.598886 0.225781 0.089136 0.204687
0 1.0 0.601671 0.222656 0.055710 0.107813
0 1.0 0.608635 0.285938 0.264624 0.159375
0 1.0 0.094708 0.054688 0.122563 0.106250
0 1.0 0.245125 0.346875 0.323120 0.109375
0 1.0 0.238162 0.402344 0.064067 0.079687
0 1.0 0.250696 0.371875 0.128134 0.112500
0 1.0 0.192201 0.366406 0.055710 0.107813
0 1.0 0.427577 0.346094 0.097493 0.120313
0 1.0 0.466574 0.360938 0.103064 0.118750
0 1.0 0.399721 0.348438 0.298050 0.112500
0 1.0 0.385794 0.343750 0.130919 0.200000
0 1.0 0.435933 0.322656 0.025070 0.039062
0 1.0 0.707521 0.335938 0.178273 0.200000
0 1.0 0.331476 0.400781 0.061281 0.101562
0 1.0 0.327298 0.379688 0.103064 0.128125
0 1.0 0.185237 0.351562 0.130919 0.165625
0 1.0 0.137883 0.332031 0.058496 0.114062
0 1.0 0.147632 0.344531 0.284123 0.157812
0 1.0 0.832869 0.291406 0.044568 0.107813
0 1.0 0.080780 0.331250 0.066852 0.140625
0 1.0 0.321727 0.327344 0.259053 0.279687
0 1.0 0.353760 0.374219 0.077994 0.095312
0 1.0 0.310585 0.386719 0.052925 0.070312
0 1.0 0.927577 0.293750 0.144847 0.153125
0 1.0 0.292479 0.425781 0.061281 0.085938
0 1.0 0.771588 0.494531 0.272981 0.117188
0 1.0 0.771588 0.509375 0.094708 0.162500
0 1.0 0.497214 0.504687 0.192201 0.190625
0 1.0 0.435933 0.514844 0.058496 0.104688
0 1.0 0.448468 0.489063 0.217270 0.096875
0 1.0 0.423398 0.506250 0.306407 0.246875
0 1.0 0.068245 0.482812 0.058496 0.075000
0 1.0 0.714485 0.502344 0.192201 0.189062
0 1.0 0.662953 0.499219 0.077994 0.154688
0 1.0 0.672702 0.495312 0.253482 0.103125
0 1.0 0.919220 0.514844 0.116992 0.317188
0 1.0 0.888579 0.496875 0.222841 0.128125
0 1.0 0.605850 0.503906 0.064067 0.110937
0 1.0 0.607242 0.504687 0.183844 0.187500
0 1.0 0.554318 0.511719 0.083565 0.160938
0 1.0 0.547354 0.495312 0.225627 0.090625
0 1.0 0.816156 0.517969 0.100279 0.232813
0 1.0 0.140669 0.546094 0.103064 0.195312
0 1.0 0.391365 0.517969 0.125348 0.229687
0 1.0 0.384401 0.482031 0.289694 0.135937
0 1.0 0.108635 0.508594 0.200557 0.179688
0 1.0 0.100279 0.501563 0.122563 0.068750
0 1.0 0.041783 0.532813 0.083565 0.140625
0 1.0 0.281337 0.514844 0.133705 0.254688
0 1.0 0.208914 0.486719 0.278552 0.139063
0 1.0 0.498607 0.514844 0.083565 0.176563
0 1.0 0.068245 0.550000 0.080780 0.100000
0 1.0 0.504178 0.821094 0.183844 0.167187
0 1.0 0.966574 0.542969 0.044568 0.117188
0 1.0 0.715877 0.499219 0.094708 0.151562
0 1.0 0.948468 0.495312 0.103064 0.090625
0 1.0 0.203343 0.535937 0.339833 0.178125
0 1.0 0.824513 0.499219 0.094708 0.070312
0 1.0 0.878830 0.517188 0.091922 0.162500
0 1.0 0.462396 0.462500 0.100279 0.087500
0 1.0 0.389972 0.453906 0.178273 0.129688
0 1.0 0.338440 0.492969 0.097493 0.145313
0 1.0 0.662953 0.442188 0.261838 0.256250
0 1.0 0.271588 0.456250 0.058496 0.059375
0 1.0 0.186630 0.509375 0.105850 0.168750
0 1.0 0.576602 0.440625 0.111421 0.056250
0 1.0 0.561281 0.459375 0.080780 0.115625
0 1.0 0.558496 0.439063 0.231198 0.090625
0 1.0 0.547354 0.443750 0.270195 0.265625
0 1.0 0.488858 0.439063 0.164345 0.071875
0 1.0 0.504178 0.464062 0.072423 0.109375
0 1.0 0.183844 0.460156 0.116992 0.104688
0 1.0 0.149025 0.505469 0.075209 0.098437
0 1.0 0.076602 0.496875 0.075209 0.143750
0 1.0 0.167131 0.460156 0.055710 0.067187
0 1.0 0.038997 0.509375 0.044568 0.081250
0 1.0 0.774373 0.406250 0.066852 0.125000
0 1.0 0.110028 0.467969 0.030641 0.035937
0 1.0 0.238162 0.461719 0.181058 0.101562
0 1.0 0.667131 0.439063 0.242340 0.100000
0 1.0 0.778552 0.466406 0.058496 0.101562
0 1.0 0.768802 0.438281 0.239554 0.098437
0 1.0 0.969359 0.481250 0.038997 0.087500
0 1.0 0.974930 0.443750 0.050139 0.065625
0 1.0 0.781337 0.438281 0.147632 0.064062
0 1.0 0.901114 0.447656 0.197772 0.117188
0 1.0 0.898329 0.448437 0.203343 0.275000
0 1.0 0.850975 0.446875 0.025070 0.031250
0 1.0 0.884401 0.471875 0.058496 0.096875
0 1.0 0.835655 0.449219 0.189415 0.073438
0 1.0 0.435933 0.468750 0.041783 0.065625
0 1.0 0.484680 0.444531 0.033426 0.039062
0 1.0 0.718663 0.451562 0.072423 0.115625
0 1.0 0.669916 0.451562 0.064067 0.100000
0 1.0 0.604457 0.459375 0.089136 0.190625
0 1.0 0.610028 0.449219 0.055710 0.095312
0 1.0 0.827298 0.472656 0.055710 0.104688
0 1.0 0.604457 0.146094 0.250696 0.123438
0 1.0 0.559889 0.171094 0.100279 0.151562
0 1.0 0.798050 0.124219 0.259053 0.170313
0 1.0 0.766017 0.142969 0.128134 0.254688
0 1.0 0.713092 0.143750 0.116992 0.212500
0 1.0 0.500000 0.168750 0.091922 0.165625
0 1.0 0.508357 0.139844 0.281337 0.226562
0 1.0 0.426184 0.190625 0.050139 0.087500
0 1.0 0.505571 0.135937 0.091922 0.075000
0 1.0 0.598886 0.166406 0.094708 0.114062
0 1.0 0.649025 0.153125 0.105850 0.187500
0 1.0 0.649025 0.135156 0.278552 0.214062
0 1.0 0.820334 0.141406 0.125348 0.220312
0 1.0 0.933148 0.128906 0.133705 0.139063
0 1.0 0.537604 0.640625 0.579387 0.234375
0 1.0 0.917827 0.160156 0.125348 0.320312
0 1.0 0.077994 0.217188 0.072423 0.115625
0 1.0 0.149025 0.212500 0.119777 0.075000
0 1.0 0.842618 0.125781 0.142061 0.104688
0 1.0 0.874652 0.138281 0.150418 0.257812
0 1.0 0.786908 0.645312 0.426184 0.218750
0 1.0 0.242340 0.142187 0.200557 0.140625
0 1.0 0.221448 0.139844 0.298050 0.239063
0 1.0 0.192201 0.224219 0.050139 0.092188
0 1.0 0.186630 0.200000 0.072423 0.093750
0 1.0 0.133705 0.225000 0.050139 0.087500
0 1.0 0.459610 0.853906 0.668524 0.185938
0 1.0 0.346797 0.139063 0.097493 0.075000
0 1.0 0.357939 0.189062 0.064067 0.103125
0 1.0 0.175487 0.163281 0.150418 0.145313
0 1.0 0.852368 0.079687 0.155989 0.109375
0 1.0 0.140669 0.132812 0.136490 0.090625
0 1.0 0.087744 0.202344 0.047354 0.076563
0 1.0 0.231198 0.200000 0.050139 0.090625
0 1.0 0.089136 0.152344 0.172702 0.179688
0 1.0 0.040390 0.227344 0.036212 0.082812
0 1.0 0.073816 0.136719 0.119777 0.064062
0 1.0 0.047354 0.199219 0.055710 0.082812
0 1.0 0.076602 0.144531 0.052925 0.054688
0 1.0 0.052925 0.160938 0.100279 0.112500
0 1.0 0.967967 0.118750 0.047354 0.128125
0 1.0 0.653203 0.760156 0.598886 0.214062
0 1.0 0.381616 0.176563 0.100279 0.140625
0 1.0 0.431755 0.143750 0.066852 0.078125
0 1.0 0.385794 0.135156 0.247911 0.239063
0 1.0 0.332869 0.142187 0.220056 0.128125
0 1.0 0.348189 0.749219 0.579387 0.223438
0 1.0 0.291086 0.214844 0.041783 0.089063
0 1.0 0.292479 0.189844 0.066852 0.104688
0 1.0 0.291086 0.156250 0.047354 0.056250
0 1.0 0.185237 0.849219 0.370474 0.204687
0 1.0 0.419220 0.171875 0.103064 0.131250
0 1.0 0.461003 0.149219 0.158774 0.157812
0 1.0 0.383008 0.199219 0.058496 0.114062
0 1.0 0.522284 0.463281 0.621170 0.207813
0 1.0 0.739554 0.175000 0.314763 0.140625
0 1.0 0.164345 0.235156 0.061281 0.064062
0 1.0 0.112813 0.238281 0.225627 0.226562
0 1.0 0.033426 0.257812 0.061281 0.143750
0 1.0 0.091922 0.239844 0.038997 0.060937
0 1.0 0.965181 0.217188 0.058496 0.181250
0 1.0 0.940111 0.182812 0.119777 0.109375
0 1.0 0.186630 0.228125 0.111421 0.165625
0 1.0 0.054318 0.239063 0.080780 0.096875
0 1.0 0.721448 0.343750 0.557103 0.215625
0 1.0 0.883008 0.182031 0.233983 0.132812
0 1.0 0.855153 0.192969 0.250696 0.335938
0 1.0 0.167131 0.206250 0.245125 0.109375
0 1.0 0.328691 0.196094 0.284123 0.170313
0 1.0 0.284123 0.196875 0.116992 0.153125
0 1.0 0.318942 0.210156 0.069638 0.079687
0 1.0 0.321727 0.212500 0.030641 0.053125
0 1.0 0.225627 0.198437 0.089136 0.181250
0 1.0 0.101671 0.199219 0.103064 0.120313
0 1.0 0.094708 0.226562 0.027855 0.034375
0 1.0 0.069638 0.215625 0.044568 0.065625
0 1.0 0.197772 0.212500 0.027855 0.053125
0 1.0 0.483287 0.192969 0.069638 0.079687
0 1.0 0.458217 0.192188 0.108635 0.109375
0 1.0 0.727019 0.549219 0.545961 0.226562
0 1.0 0.513928 0.178125 0.214485 0.118750
0 1.0 0.614206 0.104688 0.036212 0.040625
0 1.0 0.608635 0.039062 0.192201 0.078125
0 1.0 0.818942 0.052344 0.072423 0.104688
0 1.0 0.817549 0.029687 0.153203 0.059375
0 1.0 0.763231 0.059375 0.077994 0.118750
0 1.0 0.752089 0.040625 0.206128 0.081250
0 1.0 0.713092 0.060156 0.066852 0.101562
0 1.0 0.509749 0.085156 0.050139 0.082812
0 1.0 0.538997 0.028906 0.147632 0.057813
0 1.0 0.707521 0.078906 0.256267 0.157812
0 1.0 0.650418 0.081250 0.058496 0.084375
0 1.0 0.662953 0.054688 0.139276 0.109375
0 1.0 0.607242 0.115625 0.055710 0.075000
0 1.0 0.935933 0.043750 0.128134 0.087500
0 1.0 0.873259 0.054688 0.080780 0.109375
0 1.0 0.082173 0.142187 0.086351 0.134375
0 1.0 0.030641 0.175000 0.038997 0.096875
0 1.0 0.860724 0.040625 0.183844 0.081250
0 1.0 0.959610 0.058594 0.052925 0.076563
0 1.0 0.859331 0.082031 0.247911 0.164062
0 1.0 0.473538 0.257031 0.947075 0.470313
0 1.0 0.293872 0.071875 0.080780 0.100000
0 1.0 0.572423 0.061719 0.119777 0.089063
0 1.0 0.285515 0.082812 0.253482 0.165625
0 1.0 0.235376 0.088281 0.064067 0.117188
0 1.0 0.449861 0.079687 0.242340 0.159375
0 1.0 0.472145 0.067187 0.075209 0.075000
0 1.0 0.391365 0.096875 0.064067 0.121875
0 1.0 0.420613 0.028906 0.183844 0.057813
0 1.0 0.396936 0.066406 0.086351 0.101562
0 1.0 0.270195 0.038281 0.128134 0.070312
0 1.0 0.240947 0.057031 0.142061 0.114062
0 1.0 0.183844 0.087500 0.055710 0.100000
0 1.0 0.188022 0.058594 0.108635 0.095312
0 1.0 0.047354 0.031250 0.089136 0.062500
0 1.0 0.611421 0.081250 0.247911 0.162500
0 1.0 0.431755 0.035937 0.094708 0.059375
0 1.0 0.740947 0.878906 0.518106 0.242188
0 1.0 0.564067 0.106250 0.052925 0.068750
0 1.0 0.346797 0.094531 0.052925 0.104688
0 1.0 0.334262 0.029687 0.038997 0.037500
0 1.0 0.356546 0.060937 0.089136 0.093750
0 1.0 0.518106 0.060937 0.089136 0.078125
0 1.0 0.441504 0.091406 0.030641 0.048438
0 1.0 0.515320 0.032813 0.044568 0.037500
0 1.0 0.440111 0.076563 0.055710 0.062500
0 1.0 0.486072 0.039844 0.097493 0.060937
0 1.0 0.292479 0.094531 0.050139 0.092188
0 1.0 0.576602 0.091406 0.200557 0.085938
0 1.0 0.448468 0.919531 0.601671 0.160938
0 1.0 0.568245 0.137500 0.077994 0.090625
0 1.0 0.221448 0.921875 0.442897 0.156250
0 1.0 0.512535 0.103906 0.178273 0.160938
0 1.0 0.495822 0.089844 0.133705 0.073438
0 1.0 0.830084 0.921094 0.339833 0.157812
0 1.0 0.607242 0.146875 0.061281 0.075000
0 1.0 0.941504 0.082031 0.116992 0.126562
0 1.0 0.649025 0.121875 0.077994 0.106250
0 1.0 0.077994 0.171875 0.055710 0.118750
0 1.0 0.133705 0.178125 0.055710 0.109375
0 1.0 0.201950 0.305469 0.403900 0.364063
0 1.0 0.626741 0.124219 0.746518 0.248438
0 1.0 0.479109 0.359375 0.350975 0.718750
0 1.0 0.058496 0.104688 0.116992 0.146875
0 1.0 0.356546 0.089844 0.194986 0.123438
0 1.0 0.341226 0.135937 0.682451 0.271875
0 1.0 0.295265 0.110937 0.144847 0.146875
0 1.0 0.232591 0.151562 0.069638 0.112500
0 1.0 0.555710 0.913281 0.192201 0.173437
0 1.0 0.497214 0.910156 0.108635 0.179688
0 1.0 0.445682 0.917969 0.089136 0.164062
0 1.0 0.190808 0.917969 0.169916 0.139063
0 1.0 0.128134 0.906250 0.111421 0.187500
0 1.0 0.396936 0.909375 0.108635 0.181250
0 1.0 0.399721 0.915625 0.314763 0.128125
0 1.0 0.713092 0.909375 0.189415 0.171875
0 1.0 0.657382 0.906250 0.111421 0.187500
0 1.0 0.282730 0.915625 0.097493 0.168750
0 1.0 0.880223 0.824219 0.066852 0.117188
0 1.0 0.823120 0.871094 0.153203 0.101562
0 1.0 0.080780 0.901563 0.083565 0.150000
0 1.0 0.121170 0.911719 0.242340 0.095312
0 1.0 0.341226 0.917969 0.097493 0.164062
0 1.0 0.034819 0.920312 0.069638 0.128125
0 1.0 0.877437 0.896094 0.144847 0.207813
0 1.0 0.133705 0.959375 0.111421 0.065625
0 1.0 0.090529 0.943750 0.147632 0.112500
0 1.0 0.065460 0.962500 0.052925 0.050000
0 1.0 0.350975 0.950781 0.172702 0.098437
0 1.0 0.300836 0.957812 0.111421 0.065625
0 1.0 0.051532 0.952344 0.103064 0.095312
0 1.0 0.920613 0.914844 0.158774 0.110937
0 1.0 0.235376 0.942187 0.091922 0.115625
0 1.0 0.253482 0.946875 0.206128 0.106250
0 1.0 0.185237 0.942187 0.091922 0.115625
0 1.0 0.965181 0.930469 0.058496 0.139063
0 1.0 0.814763 0.895312 0.125348 0.209375
0 1.0 0.838440 0.910937 0.206128 0.115625
0 1.0 0.238162 0.872656 0.136490 0.076563
0 1.0 0.194986 0.821094 0.044568 0.076563
0 1.0 0.186630 0.867969 0.317549 0.095312
0 1.0 0.083565 0.827344 0.055710 0.092188
0 1.0 0.118384 0.867188 0.181058 0.071875
0 1.0 0.813370 0.816406 0.128134 0.076563
0 1.0 0.409471 0.880469 0.055710 0.082812
0 1.0 0.440111 0.880469 0.094708 0.070312
0 1.0 0.345404 0.867969 0.038997 0.067187
0 1.0 0.353760 0.872656 0.200557 0.076563
0 1.0 0.246518 0.847656 0.047354 0.070312
0 1.0 0.080780 0.868750 0.100279 0.050000
0 1.0 0.036212 0.862500 0.050139 0.071875
0 1.0 0.093315 0.877344 0.041783 0.039062
0 1.0 0.286908 0.857031 0.055710 0.070312
0 1.0 0.288301 0.882031 0.052925 0.048438
0 1.0 0.852368 0.822656 0.077994 0.067187
0 1.0 0.824513 0.814844 0.278552 0.139063
0 1.0 0.077994 0.862500 0.155989 0.221875
0 1.0 0.962396 0.850000 0.064067 0.165625
0 1.0 0.940111 0.813281 0.119777 0.089063
0 1.0 0.050139 0.882031 0.100279 0.095312
0 1.0 0.614206 0.872656 0.247911 0.135937
0 1.0 0.824513 0.835938 0.055710 0.103125
0 1.0 0.817549 0.867969 0.314763 0.139063
0 1.0 0.770195 0.839063 0.052925 0.087500
0 1.0 0.449861 0.860938 0.030641 0.050000
0 1.0 0.474930 0.871875 0.208914 0.081250
0 1.0 0.062674 0.914062 0.103064 0.059375
0 1.0 0.717270 0.848437 0.052925 0.090625
0 1.0 0.963788 0.855469 0.027855 0.064062
0 1.0 0.928969 0.866406 0.142061 0.104688
0 1.0 0.614206 0.864844 0.036212 0.057813
0 1.0 0.922006 0.852344 0.094708 0.201563
0 1.0 0.564067 0.867188 0.052925 0.078125
0 1.0 0.504178 0.871094 0.044568 0.076563
0 1.0 0.452646 0.867969 0.052925 0.070312
0 1.0 0.664345 0.858594 0.041783 0.070312
0 1.0 0.286908 0.842969 0.033426 0.054688
0 1.0 0.768802 0.229687 0.317549 0.137500
0 1.0 0.766017 0.235937 0.105850 0.240625
0 1.0 0.374652 0.957812 0.103064 0.065625
0 1.0 0.713092 0.225781 0.111421 0.220312
0 1.0 0.442897 0.246094 0.690808 0.226562
0 1.0 0.504178 0.238281 0.133705 0.235937
0 1.0 0.493036 0.222656 0.239554 0.154688
0 1.0 0.618384 0.221094 0.250696 0.126562
0 1.0 0.144847 0.204687 0.228412 0.409375
0 1.0 0.842618 0.235937 0.192201 0.112500
0 1.0 0.814763 0.242188 0.119777 0.340625
0 1.0 0.369081 0.344531 0.643454 0.210938
0 1.0 0.211699 0.233594 0.401114 0.098437
0 1.0 0.649025 0.249219 0.451253 0.395313
0 1.0 0.346797 0.267188 0.069638 0.171875
0 1.0 0.348189 0.233594 0.116992 0.179688
0 1.0 0.132312 0.254688 0.103064 0.209375
0 1.0 0.192201 0.235156 0.105850 0.079687
0 1.0 0.071031 0.396875 0.142061 0.578125
0 1.0 0.391365 0.233594 0.125348 0.217188
0 1.0 0.459610 0.233594 0.038997 0.060937
0 1.0 0.286908 0.267188 0.061281 0.146875
0 1.0 0.242340 0.232031 0.038997 0.060937
0 1.0 0.409471 0.229687 0.295265 0.115625
0 1.0 0.434540 0.273438 0.050139 0.112500
0 1.0 0.427577 0.251563 0.114206 0.168750
0 1.0 0.484680 0.233594 0.044568 0.064062
0 1.0 0.455432 0.233594 0.264624 0.279687
0 1.0 0.764624 0.939844 0.091922 0.120313
0 1.0 0.799443 0.960938 0.155989 0.078125
0 1.0 0.080780 0.273438 0.050139 0.046875
0 1.0 0.711699 0.940625 0.086351 0.118750
0 1.0 0.437326 0.956250 0.128134 0.071875
0 1.0 0.928969 0.963281 0.142061 0.073438
0 1.0 0.554318 0.939844 0.116992 0.120313
0 1.0 0.845404 0.964844 0.080780 0.060937
0 1.0 0.604457 0.957031 0.111421 0.070312
0 1.0 0.501393 0.958594 0.094708 0.064062
0 1.0 0.674095 0.948438 0.189415 0.103125
0 1.0 0.651811 0.959375 0.111421 0.071875
0 1.0 0.136490 0.269531 0.122563 0.076563
0 1.0 0.077994 0.242969 0.027855 0.045312
0 1.0 0.295265 0.335156 0.077994 0.135937
0 1.0 0.285515 0.278906 0.114206 0.082812
0 1.0 0.316156 0.304688 0.041783 0.068750
0 1.0 0.233983 0.298438 0.089136 0.175000
0 1.0 0.245125 0.271094 0.233983 0.095312
0 1.0 0.243733 0.276562 0.036212 0.065625
0 1.0 0.072423 0.300781 0.144847 0.239063
0 1.0 0.054318 0.290625 0.075209 0.109375
0 1.0 0.935933 0.234375 0.128134 0.109375
0 1.0 0.150418 0.267969 0.267409 0.120313
0 1.0 0.210306 0.293750 0.036212 0.068750
0 1.0 0.151811 0.235156 0.030641 0.051562
0 1.0 0.362117 0.292187 0.061281 0.100000
0 1.0 0.817549 0.939844 0.086351 0.120313
0 1.0 0.533426 0.289062 0.030641 0.043750
0 1.0 0.487465 0.300000 0.050139 0.084375
0 1.0 0.402507 0.275000 0.231198 0.093750
0 1.0 0.192201 0.276562 0.072423 0.143750
0 1.0 0.240947 0.275781 0.203343 0.467187
0 1.0 0.759053 0.749219 0.225627 0.501563
0 1.0 0.246518 0.806250 0.247911 0.387500
0 1.0 0.445682 0.727344 0.222841 0.545312
0 1.0 0.149025 0.768750 0.264624 0.462500
0 1.0 0.548747 0.746094 0.451253 0.426563
0 1.0 0.644847 0.638281 0.459610 0.410938
0 1.0 0.805014 0.499219 0.389972 0.964063
0 1.0 0.282730 0.344531 0.331476 0.689063
0 1.0 0.448468 0.828906 0.440111 0.342187
0 1.0 0.350975 0.252344 0.373259 0.339062
0 1.0 0.760446 0.196094 0.272981 0.392188
0 1.0 0.143454 0.650781 0.069638 0.104688
0 1.0 0.926184 0.460156 0.147632 0.567187
0 1.0 0.845404 0.460156 0.197772 0.589063
0 1.0 0.753482 0.454688 0.225627 0.568750
0 1.0 0.630919 0.446094 0.459610 0.457813
0 1.0 0.352368 0.507031 0.225627 0.410938
0 1.0 0.823120 0.334375 0.353760 0.434375
0 1.0 0.913649 0.745313 0.172702 0.481250