0 1.0 0.050000 0.057031 0.100000 0.114062
0 1.0 0.172917 0.042188 0.191667 0.084375
0 1.0 0.190625 0.058594 0.072917 0.117188
0 1.0 0.240625 0.056250 0.152083 0.112500
0 1.0 0.237500 0.048438 0.079167 0.096875
0 1.0 0.260417 0.030469 0.150000 0.060937
0 1.0 0.303125 0.051562 0.102083 0.103125
0 1.0 0.297917 0.071875 0.220833 0.143750
0 1.0 0.713542 0.800781 0.572917 0.398438
0 1.0 0.709375 0.499219 0.581250 0.489063
0 1.0 0.808333 0.517969 0.383333 0.929688
0 1.0 0.351042 0.056250 0.127083 0.112500
0 1.0 0.322917 0.028125 0.045833 0.046875
0 1.0 0.406250 0.059375 0.145833 0.118750
0 1.0 0.431250 0.034375 0.108333 0.068750
0 1.0 0.463542 0.054688 0.127083 0.109375
0 1.0 0.510417 0.515625 0.679167 0.715625
0 1.0 0.505208 0.029687 0.047917 0.050000
0 1.0 0.441667 0.057031 0.045833 0.082812
0 1.0 0.496875 0.078125 0.243750 0.156250
0 1.0 0.511458 0.042188 0.168750 0.084375
0 1.0 0.515625 0.062500 0.085417 0.125000
0 1.0 0.566667 0.053906 0.116667 0.107813
0 1.0 0.592708 0.031250 0.114583 0.062500
0 1.0 0.551042 0.062500 0.052083 0.115625
0 1.0 0.619792 0.054688 0.139583 0.109375
0 1.0 0.618750 0.082812 0.233333 0.165625
0 1.0 0.514583 0.202344 0.845833 0.404687
0 1.0 0.490625 0.878125 0.831250 0.243750
0 1.0 0.606250 0.053906 0.062500 0.104688
0 1.0 0.654167 0.032031 0.104167 0.064062
0 1.0 0.680208 0.046875 0.181250 0.093750
0 1.0 0.672917 0.061719 0.054167 0.082812
0 1.0 0.709375 0.078125 0.260417 0.156250
0 1.0 0.723958 0.050781 0.052083 0.076563
0 1.0 0.737500 0.037500 0.166667 0.075000
0 1.0 0.716667 0.061719 0.070833 0.123438
0 1.0 0.782292 0.049219 0.118750 0.098437
0 1.0 0.783333 0.048438 0.050000 0.071875
0 1.0 0.818750 0.081250 0.270833 0.162500
0 1.0 0.830208 0.058594 0.047917 0.067187
0 1.0 0.818750 0.062500 0.062500 0.103125
0 1.0 0.880208 0.068750 0.056250 0.068750
0 1.0 0.516667 0.664062 0.454167 0.525000
0 1.0 0.506250 0.699219 0.816667 0.339062
0 1.0 0.711458 0.671094 0.327083 0.657813
0 1.0 0.250000 0.704688 0.500000 0.303125
0 1.0 0.830208 0.037500 0.127083 0.075000
0 1.0 0.915625 0.058594 0.122917 0.117188
0 1.0 0.927083 0.081250 0.070833 0.090625
0 1.0 0.955208 0.056250 0.089583 0.112500
0 1.0 0.953125 0.089844 0.039583 0.054688
0 1.0 0.960417 0.113281 0.025000 0.048438
0 1.0 0.070833 0.102344 0.141667 0.204687
0 1.0 0.380208 0.499219 0.760417 0.292187
0 1.0 0.311458 0.529687 0.302083 0.787500
0 1.0 0.785417 0.299219 0.429167 0.364063
0 1.0 0.029167 0.115625 0.058333 0.190625
0 1.0 0.100000 0.075000 0.179167 0.109375
0 1.0 0.131250 0.093750 0.179167 0.187500
0 1.0 0.138542 0.103125 0.085417 0.196875
0 1.0 0.347917 0.304688 0.633333 0.378125
0 1.0 0.504167 0.380469 0.304167 0.760938
0 1.0 0.716667 0.335938 0.370833 0.656250
0 1.0 0.655208 0.125000 0.689583 0.250000
0 1.0 0.192708 0.089063 0.110417 0.150000
0 1.0 0.189583 0.131250 0.054167 0.171875
0 1.0 0.245833 0.105469 0.229167 0.210938
0 1.0 0.232292 0.098437 0.102083 0.196875
0 1.0 0.283333 0.082031 0.054167 0.064062
0 1.0 0.351042 0.124219 0.702083 0.248438
0 1.0 0.291667 0.109375 0.091667 0.193750
0 1.0 0.345833 0.103125 0.087500 0.203125
0 1.0 0.398958 0.100000 0.264583 0.200000
0 1.0 0.394792 0.109375 0.085417 0.184375
0 1.0 0.782292 0.923438 0.435417 0.153125
0 1.0 0.443750 0.108594 0.137500 0.173437
0 1.0 0.445833 0.134375 0.066667 0.137500
0 1.0 0.503125 0.118750 0.097917 0.215625
0 1.0 0.558333 0.113281 0.120833 0.226562
0 1.0 0.354167 0.922656 0.587500 0.154688
0 1.0 0.608333 0.110937 0.100000 0.200000
0 1.0 0.667708 0.139844 0.064583 0.117188
0 1.0 0.710417 0.124219 0.079167 0.123438
0 1.0 0.164583 0.921094 0.329167 0.157812
0 1.0 0.776042 0.092969 0.081250 0.123438
0 1.0 0.767708 0.106250 0.106250 0.212500
0 1.0 0.829167 0.114062 0.079167 0.112500
0 1.0 0.783333 0.843750 0.433333 0.215625
0 1.0 0.875000 0.121094 0.108333 0.132812
0 1.0 0.923958 0.132031 0.097917 0.129688
0 1.0 0.916667 0.104688 0.166667 0.209375
0 1.0 0.951042 0.154688 0.047917 0.075000
0 1.0 0.961458 0.178125 0.035417 0.078125
0 1.0 0.053125 0.126562 0.106250 0.090625
0 1.0 0.103125 0.125781 0.164583 0.104688
0 1.0 0.259375 0.849219 0.518750 0.192188
0 1.0 0.832292 0.751563 0.335417 0.218750
0 1.0 0.140625 0.177344 0.056250 0.217188
0 1.0 0.183333 0.141406 0.216667 0.282813
0 1.0 0.188542 0.167187 0.093750 0.215625
0 1.0 0.208333 0.131250 0.187500 0.100000
0 1.0 0.298958 0.145313 0.152083 0.175000
0 1.0 0.829167 0.727344 0.233333 0.417187
0 1.0 0.288542 0.142187 0.039583 0.062500
0 1.0 0.342708 0.143750 0.143750 0.240625
0 1.0 0.351042 0.723437 0.231250 0.456250
0 1.0 0.486458 0.126562 0.297917 0.150000
0 1.0 0.552083 0.139063 0.229167 0.278125
0 1.0 0.830208 0.649219 0.339583 0.210938
0 1.0 0.162500 0.756250 0.325000 0.218750
0 1.0 0.619792 0.159375 0.064583 0.150000
0 1.0 0.644792 0.127344 0.181250 0.120313
0 1.0 0.670833 0.139063 0.233333 0.278125
0 1.0 0.675000 0.197656 0.037500 0.079687
0 1.0 0.666667 0.206250 0.058333 0.128125
0 1.0 0.376042 0.645312 0.610417 0.215625
0 1.0 0.714583 0.194531 0.054167 0.098437
0 1.0 0.770833 0.135937 0.200000 0.218750
0 1.0 0.772917 0.160938 0.075000 0.140625
0 1.0 0.780208 0.550781 0.439583 0.192188
0 1.0 0.166667 0.649219 0.333333 0.207813
0 1.0 0.869792 0.150000 0.143750 0.225000
0 1.0 0.532292 0.596875 0.222917 0.621875
0 1.0 0.643750 0.570312 0.204167 0.568750
0 1.0 0.558333 0.549219 0.516667 0.248438
0 1.0 0.168750 0.547656 0.337500 0.207813
0 1.0 0.046875 0.185938 0.085417 0.150000
0 1.0 0.033333 0.188281 0.066667 0.089063
0 1.0 0.080208 0.182031 0.127083 0.207813
0 1.0 0.112500 0.185938 0.116667 0.087500
0 1.0 0.743750 0.456250 0.500000 0.240625
0 1.0 0.832292 0.432031 0.235417 0.473438
0 1.0 0.201042 0.201563 0.022917 0.056250
0 1.0 0.233333 0.192969 0.150000 0.104688
0 1.0 0.187500 0.242188 0.050000 0.168750
0 1.0 0.246875 0.186719 0.172917 0.214062
0 1.0 0.279167 0.184375 0.120833 0.096875
0 1.0 0.323958 0.205469 0.043750 0.076563
0 1.0 0.319792 0.190625 0.231250 0.125000
0 1.0 0.291667 0.217969 0.116667 0.201563
0 1.0 0.359375 0.183594 0.093750 0.135937
0 1.0 0.355208 0.185156 0.277083 0.260937
0 1.0 0.405208 0.179688 0.164583 0.190625
0 1.0 0.164583 0.450781 0.329167 0.207813
0 1.0 0.476042 0.194531 0.068750 0.107813
0 1.0 0.441667 0.214062 0.083333 0.184375
0 1.0 0.507292 0.185156 0.164583 0.207813
0 1.0 0.569792 0.192188 0.072917 0.134375
0 1.0 0.459375 0.352344 0.610417 0.226562
0 1.0 0.654167 0.364844 0.191667 0.548438
0 1.0 0.568750 0.197656 0.158333 0.139063
0 1.0 0.633333 0.192188 0.095833 0.146875
0 1.0 0.612500 0.209375 0.050000 0.128125
0 1.0 0.663542 0.196875 0.118750 0.096875
0 1.0 0.680208 0.242188 0.039583 0.096875
0 1.0 0.714583 0.212500 0.120833 0.150000
0 1.0 0.718750 0.246875 0.050000 0.096875
0 1.0 0.766667 0.205469 0.166667 0.185938
0 1.0 0.768750 0.234375 0.066667 0.125000
0 1.0 0.818750 0.208594 0.087500 0.164062
0 1.0 0.664583 0.247656 0.587500 0.210938
0 1.0 0.836458 0.186719 0.289583 0.139063
0 1.0 0.848958 0.174219 0.252083 0.301563
0 1.0 0.870833 0.184375 0.120833 0.093750
0 1.0 0.920833 0.185156 0.112500 0.154688
0 1.0 0.443750 0.257812 0.258333 0.462500
0 1.0 0.951042 0.224219 0.068750 0.120313
0 1.0 0.054167 0.242969 0.108333 0.185938
0 1.0 0.039583 0.241406 0.079167 0.110937
0 1.0 0.029167 0.279687 0.045833 0.165625
0 1.0 0.091667 0.240625 0.183333 0.300000
0 1.0 0.109375 0.238281 0.164583 0.101562
0 1.0 0.139583 0.249219 0.141667 0.189062
0 1.0 0.147917 0.282031 0.050000 0.139063
0 1.0 0.187500 0.257812 0.112500 0.156250
0 1.0 0.181250 0.250000 0.216667 0.284375
0 1.0 0.186458 0.326562 0.039583 0.125000
0 1.0 0.229167 0.235937 0.075000 0.146875
0 1.0 0.760417 0.182031 0.287500 0.364063
0 1.0 0.269792 0.239844 0.185417 0.120313
0 1.0 0.288542 0.242188 0.056250 0.084375
0 1.0 0.340625 0.226562 0.106250 0.237500
0 1.0 0.414583 0.233594 0.316667 0.154688
0 1.0 0.477083 0.233594 0.137500 0.123438
0 1.0 0.521875 0.237500 0.110417 0.128125
0 1.0 0.497917 0.264062 0.108333 0.240625
0 1.0 0.600000 0.241406 0.079167 0.104688
0 1.0 0.553125 0.239063 0.122917 0.278125
0 1.0 0.580208 0.238281 0.264583 0.123438
0 1.0 0.620833 0.222656 0.233333 0.270313
0 1.0 0.660417 0.250000 0.108333 0.109375
0 1.0 0.613542 0.256250 0.035417 0.093750
0 1.0 0.697917 0.248438 0.241667 0.125000
0 1.0 0.729167 0.284375 0.041667 0.096875
0 1.0 0.718750 0.276562 0.075000 0.168750
0 1.0 0.770833 0.286719 0.045833 0.098437
0 1.0 0.766667 0.282813 0.087500 0.184375
0 1.0 0.810417 0.242969 0.204167 0.207813
0 1.0 0.818750 0.267188 0.050000 0.112500
0 1.0 0.883333 0.253906 0.058333 0.129688
0 1.0 0.877083 0.242188 0.116667 0.259375
0 1.0 0.900000 0.238281 0.200000 0.151562
0 1.0 0.925000 0.273438 0.100000 0.215625
0 1.0 0.943750 0.960938 0.112500 0.078125
0 1.0 0.971875 0.964063 0.052083 0.071875
0 1.0 0.950000 0.276562 0.066667 0.125000
0 1.0 0.056250 0.314063 0.058333 0.090625
0 1.0 0.039583 0.332031 0.037500 0.079687
0 1.0 0.100000 0.314063 0.104167 0.121875
0 1.0 0.102083 0.299219 0.204167 0.139063
0 1.0 0.084375 0.367969 0.014583 0.035937
0 1.0 0.873958 0.950000 0.147917 0.100000
0 1.0 0.855208 0.964063 0.093750 0.065625
0 1.0 0.857292 0.965625 0.043750 0.043750
0 1.0 0.906250 0.918750 0.187500 0.162500
0 1.0 0.725000 0.952344 0.208333 0.095312
0 1.0 0.753125 0.959375 0.085417 0.059375
0 1.0 0.714583 0.953906 0.070833 0.092188
0 1.0 0.800000 0.959375 0.133333 0.071875
0 1.0 0.766667 0.936719 0.083333 0.126562
0 1.0 0.816667 0.928125 0.091667 0.143750
0 1.0 0.591667 0.961719 0.058333 0.051562
0 1.0 0.555208 0.945312 0.068750 0.109375
0 1.0 0.615625 0.945312 0.143750 0.109375
0 1.0 0.644792 0.958594 0.089583 0.060937
0 1.0 0.459375 0.959375 0.102083 0.081250
0 1.0 0.455208 0.923438 0.218750 0.153125
0 1.0 0.496875 0.961719 0.077083 0.064062
0 1.0 0.527083 0.964063 0.033333 0.037500
0 1.0 0.515625 0.954688 0.122917 0.090625
0 1.0 0.561458 0.962500 0.052083 0.043750
0 1.0 0.252083 0.955469 0.045833 0.060937
0 1.0 0.283333 0.927344 0.120833 0.145313
0 1.0 0.353125 0.953906 0.106250 0.092188
0 1.0 0.351042 0.915625 0.210417 0.168750
0 1.0 0.347917 0.961719 0.037500 0.045312
0 1.0 0.400000 0.944531 0.108333 0.110937
0 1.0 0.170833 0.950000 0.095833 0.084375
0 1.0 0.132292 0.935937 0.093750 0.128125
0 1.0 0.178125 0.925000 0.118750 0.150000
0 1.0 0.223958 0.953906 0.106250 0.082812
0 1.0 0.061458 0.945312 0.122917 0.109375
0 1.0 0.115625 0.958594 0.043750 0.054688
0 1.0 0.027083 0.951562 0.054167 0.096875
0 1.0 0.831250 0.921875 0.204167 0.121875
0 1.0 0.715625 0.906250 0.102083 0.187500
0 1.0 0.770833 0.907031 0.191667 0.176563
0 1.0 0.598958 0.904687 0.252083 0.190625
0 1.0 0.657292 0.914844 0.147917 0.129688
0 1.0 0.666667 0.914062 0.304167 0.103125
0 1.0 0.436458 0.917188 0.072917 0.156250
0 1.0 0.504167 0.915625 0.104167 0.150000
0 1.0 0.530208 0.912500 0.227083 0.103125
0 1.0 0.557292 0.914844 0.118750 0.167187
0 1.0 0.395833 0.875000 0.112500 0.250000
0 1.0 0.234375 0.906250 0.139583 0.187500
0 1.0 0.096875 0.925000 0.085417 0.093750
0 1.0 0.080208 0.907813 0.143750 0.184375
0 1.0 0.794792 0.875000 0.135417 0.096875
0 1.0 0.870833 0.807813 0.083333 0.175000
0 1.0 0.890625 0.820312 0.218750 0.318750
0 1.0 0.882292 0.874219 0.235417 0.123438
0 1.0 0.917708 0.810937 0.118750 0.259375
0 1.0 0.937500 0.874219 0.125000 0.170313
0 1.0 0.958333 0.882812 0.054167 0.096875
0 1.0 0.963542 0.861719 0.031250 0.067187
0 1.0 0.780208 0.834375 0.064583 0.121875
0 1.0 0.770833 0.868750 0.300000 0.125000
0 1.0 0.814583 0.851562 0.195833 0.218750
0 1.0 0.825000 0.835156 0.070833 0.145313
0 1.0 0.844792 0.877344 0.056250 0.073438
0 1.0 0.604167 0.875000 0.041667 0.068750
0 1.0 0.606250 0.849219 0.050000 0.089063
0 1.0 0.659375 0.853906 0.256250 0.242188
0 1.0 0.667708 0.873437 0.043750 0.071875
0 1.0 0.661458 0.849219 0.047917 0.082812
0 1.0 0.731250 0.844531 0.045833 0.079687
0 1.0 0.722917 0.821094 0.045833 0.085938
0 1.0 0.473958 0.875781 0.168750 0.101562
0 1.0 0.443750 0.836719 0.025000 0.067187
0 1.0 0.513542 0.846875 0.252083 0.256250
0 1.0 0.560417 0.881250 0.087500 0.093750
0 1.0 0.512500 0.870313 0.045833 0.078125
0 1.0 0.568750 0.865625 0.050000 0.093750
0 1.0 0.558333 0.879687 0.220833 0.115625
0 1.0 0.313542 0.874219 0.102083 0.120313
0 1.0 0.351042 0.854688 0.085417 0.178125
0 1.0 0.281250 0.871094 0.241667 0.145313
0 1.0 0.347917 0.842969 0.045833 0.120313
0 1.0 0.386458 0.846094 0.206250 0.260937
0 1.0 0.450000 0.874219 0.037500 0.089063
0 1.0 0.406250 0.869531 0.320833 0.142187
0 1.0 0.517708 0.885938 0.027083 0.059375
0 1.0 0.176042 0.898438 0.039583 0.081250
0 1.0 0.248958 0.880469 0.060417 0.082812
0 1.0 0.241667 0.839844 0.058333 0.126562
0 1.0 0.247917 0.888281 0.029167 0.060937
0 1.0 0.288542 0.836719 0.081250 0.145313
0 1.0 0.182292 0.879687 0.239583 0.121875
0 1.0 0.288542 0.829688 0.043750 0.103125
0 1.0 0.104167 0.882031 0.079167 0.064062
0 1.0 0.033333 0.901563 0.033333 0.071875
0 1.0 0.143750 0.892969 0.066667 0.082812
0 1.0 0.084375 0.896094 0.064583 0.110937
0 1.0 0.877083 0.813281 0.245833 0.139063
0 1.0 0.960417 0.827344 0.079167 0.229687
0 1.0 0.111458 0.890625 0.031250 0.050000
0 1.0 0.037500 0.898438 0.062500 0.096875
0 1.0 0.770833 0.799219 0.145833 0.235937
0 1.0 0.594792 0.817969 0.293750 0.142187
0 1.0 0.597917 0.809375 0.104167 0.300000
0 1.0 0.689583 0.824219 0.108333 0.120313
0 1.0 0.650000 0.802344 0.133333 0.323437
0 1.0 0.716667 0.796875 0.154167 0.253125
0 1.0 0.540625 0.829688 0.110417 0.106250
0 1.0 0.548958 0.792969 0.135417 0.339062
0 1.0 0.322917 0.822656 0.129167 0.139063
0 1.0 0.453125 0.828906 0.043750 0.089063
0 1.0 0.406250 0.816406 0.333333 0.135937
0 1.0 0.512500 0.835938 0.037500 0.065625
0 1.0 0.446875 0.807031 0.127083 0.304688
0 1.0 0.208333 0.813281 0.300000 0.132812
0 1.0 0.176042 0.843750 0.106250 0.209375
0 1.0 0.273958 0.821094 0.052083 0.079687
0 1.0 0.237500 0.812500 0.145833 0.237500
0 1.0 0.280208 0.830469 0.027083 0.060937
0 1.0 0.291667 0.817187 0.120833 0.228125
0 1.0 0.094792 0.840625 0.189583 0.215625
0 1.0 0.152083 0.836719 0.050000 0.070312
0 1.0 0.125000 0.824219 0.212500 0.107813
0 1.0 0.179167 0.832031 0.058333 0.070312
0 1.0 0.223958 0.816406 0.118750 0.110937
0 1.0 0.920833 0.757812 0.158333 0.121875
0 1.0 0.962500 0.753125 0.062500 0.175000
0 1.0 0.059375 0.842187 0.093750 0.125000
0 1.0 0.104167 0.838281 0.025000 0.045312
0 1.0 0.087500 0.825781 0.091667 0.067187
0 1.0 0.832292 0.778906 0.047917 0.092188
0 1.0 0.703125 0.768750 0.114583 0.128125
0 1.0 0.675000 0.762500 0.333333 0.137500
0 1.0 0.525000 0.768750 0.133333 0.137500
0 1.0 0.502083 0.763281 0.287500 0.135937
0 1.0 0.506250 0.753125 0.150000 0.365625
0 1.0 0.337500 0.766406 0.300000 0.135937
0 1.0 0.327083 0.780469 0.112500 0.310937
0 1.0 0.462500 0.775781 0.041667 0.079687
0 1.0 0.505208 0.776563 0.043750 0.071875
0 1.0 0.277083 0.778125 0.062500 0.096875
0 1.0 0.301042 0.780469 0.085417 0.142187
0 1.0 0.293750 0.783594 0.029167 0.057813
0 1.0 0.241667 0.775000 0.245833 0.112500
0 1.0 0.348958 0.775000 0.122917 0.128125
0 1.0 0.154167 0.782031 0.041667 0.076563
0 1.0 0.080208 0.785156 0.127083 0.220312
0 1.0 0.120833 0.771875 0.220833 0.115625
0 1.0 0.202083 0.781250 0.050000 0.084375
0 1.0 0.131250 0.787500 0.129167 0.212500
0 1.0 0.193750 0.760156 0.150000 0.235937
0 1.0 0.883333 0.705469 0.233333 0.120313
0 1.0 0.941667 0.706250 0.116667 0.171875
0 1.0 0.917708 0.712500 0.164583 0.275000
0 1.0 0.054167 0.782031 0.083333 0.132812
0 1.0 0.091667 0.781250 0.020833 0.046875
0 1.0 0.031250 0.793750 0.054167 0.178125
0 1.0 0.846875 0.716406 0.022917 0.045312
0 1.0 0.773958 0.710156 0.047917 0.057813
0 1.0 0.700000 0.707031 0.108333 0.110937
0 1.0 0.658333 0.699219 0.116667 0.282813
0 1.0 0.678125 0.704688 0.310417 0.125000
0 1.0 0.716667 0.702344 0.195833 0.239063
0 1.0 0.787500 0.702344 0.233333 0.135937
0 1.0 0.495833 0.709375 0.283333 0.137500
0 1.0 0.563542 0.714063 0.114583 0.134375
0 1.0 0.596875 0.706250 0.185417 0.253125
0 1.0 0.397917 0.714844 0.179167 0.223438
0 1.0 0.460417 0.717187 0.041667 0.081250
0 1.0 0.393750 0.757031 0.116667 0.379688
0 1.0 0.454167 0.700000 0.141667 0.200000
0 1.0 0.510417 0.717187 0.037500 0.071875
0 1.0 0.451042 0.728125 0.072917 0.268750
0 1.0 0.516667 0.711719 0.112500 0.126562
0 1.0 0.251042 0.721875 0.093750 0.096875
0 1.0 0.245833 0.717187 0.100000 0.278125
0 1.0 0.226042 0.712500 0.293750 0.121875
0 1.0 0.285417 0.716406 0.229167 0.285938
0 1.0 0.306250 0.725000 0.033333 0.053125
0 1.0 0.361458 0.718750 0.127083 0.118750
0 1.0 0.346875 0.711719 0.289583 0.126562
0 1.0 0.128125 0.714063 0.181250 0.093750
0 1.0 0.076042 0.741406 0.064583 0.201563
0 1.0 0.139583 0.720313 0.175000 0.203125
0 1.0 0.194792 0.721875 0.056250 0.075000
0 1.0 0.132292 0.732031 0.072917 0.220312
0 1.0 0.930208 0.649219 0.139583 0.126562
0 1.0 0.946875 0.660156 0.068750 0.173437
0 1.0 0.047917 0.724219 0.095833 0.148438
0 1.0 0.086458 0.725000 0.027083 0.046875
0 1.0 0.066667 0.716406 0.133333 0.076563
0 1.0 0.152083 0.721094 0.050000 0.070312
0 1.0 0.828125 0.659375 0.085417 0.196875
0 1.0 0.842708 0.660937 0.022917 0.043750
0 1.0 0.875000 0.657031 0.120833 0.235937
0 1.0 0.777083 0.657813 0.029167 0.046875
0 1.0 0.694792 0.646094 0.272917 0.110937
0 1.0 0.763542 0.642969 0.106250 0.101562
0 1.0 0.715625 0.660156 0.106250 0.207813
0 1.0 0.792708 0.638281 0.218750 0.135937
0 1.0 0.769792 0.659375 0.102083 0.215625
0 1.0 0.548958 0.654687 0.189583 0.253125
0 1.0 0.608333 0.650000 0.054167 0.096875
0 1.0 0.580208 0.650000 0.193750 0.115625
0 1.0 0.615625 0.685156 0.060417 0.173437
0 1.0 0.728125 0.646875 0.064583 0.081250
0 1.0 0.665625 0.662500 0.068750 0.153125
0 1.0 0.467708 0.658594 0.043750 0.089063
0 1.0 0.421875 0.656250 0.335417 0.146875
0 1.0 0.453125 0.664062 0.218750 0.296875
0 1.0 0.521875 0.663281 0.027083 0.067187
0 1.0 0.484375 0.659375 0.177083 0.103125
0 1.0 0.550000 0.651563 0.058333 0.100000
0 1.0 0.244792 0.654687 0.327083 0.128125
0 1.0 0.298958 0.667969 0.135417 0.192188
0 1.0 0.293750 0.661719 0.033333 0.067187
0 1.0 0.348958 0.656250 0.131250 0.121875
0 1.0 0.198958 0.667188 0.052083 0.065625
0 1.0 0.221875 0.657031 0.122917 0.107813
0 1.0 0.190625 0.678906 0.102083 0.260937
0 1.0 0.265625 0.658594 0.077083 0.098437
0 1.0 0.915625 0.600781 0.147917 0.139063
0 1.0 0.956250 0.620313 0.037500 0.106250
0 1.0 0.066667 0.661719 0.133333 0.276562
0 1.0 0.098958 0.671094 0.022917 0.048438
0 1.0 0.073958 0.662500 0.147917 0.081250
0 1.0 0.034375 0.700781 0.052083 0.217188
0 1.0 0.160417 0.671875 0.041667 0.062500
0 1.0 0.131250 0.662500 0.241667 0.103125
0 1.0 0.870833 0.596875 0.170833 0.200000
0 1.0 0.854167 0.596875 0.025000 0.059375
0 1.0 0.882292 0.614844 0.060417 0.145313
0 1.0 0.789583 0.597656 0.025000 0.054688
0 1.0 0.716667 0.593750 0.183333 0.165625
0 1.0 0.776042 0.592969 0.077083 0.070312
0 1.0 0.720833 0.614844 0.062500 0.114062
0 1.0 0.760417 0.594531 0.300000 0.098437
0 1.0 0.836458 0.620313 0.043750 0.118750
0 1.0 0.638542 0.600000 0.027083 0.056250
0 1.0 0.597917 0.599219 0.145833 0.085938
0 1.0 0.618750 0.599219 0.166667 0.167187
0 1.0 0.607292 0.614062 0.252083 0.290625
0 1.0 0.670833 0.596094 0.062500 0.076563
0 1.0 0.627083 0.657813 0.033333 0.075000
0 1.0 0.751042 0.592187 0.039583 0.053125
0 1.0 0.672917 0.632812 0.041667 0.078125
0 1.0 0.412500 0.596875 0.250000 0.109375
0 1.0 0.389583 0.660156 0.066667 0.217188
0 1.0 0.500000 0.605469 0.016667 0.042188
0 1.0 0.448958 0.640625 0.106250 0.228125
0 1.0 0.448958 0.599219 0.127083 0.073438
0 1.0 0.452083 0.667188 0.050000 0.168750
0 1.0 0.504167 0.607812 0.162500 0.221875
0 1.0 0.565625 0.601562 0.022917 0.056250
0 1.0 0.520833 0.599219 0.200000 0.104688
0 1.0 0.304167 0.606250 0.112500 0.150000
0 1.0 0.278125 0.600781 0.022917 0.045312
0 1.0 0.213542 0.599219 0.210417 0.095312
0 1.0 0.338542 0.600781 0.056250 0.070312
0 1.0 0.338542 0.642969 0.131250 0.254688
0 1.0 0.303125 0.599219 0.197917 0.095312
0 1.0 0.398958 0.611719 0.168750 0.214062
0 1.0 0.467708 0.600781 0.022917 0.054688
0 1.0 0.222917 0.601562 0.029167 0.043750
0 1.0 0.146875 0.637500 0.068750 0.143750
0 1.0 0.191667 0.602344 0.170833 0.189062
0 1.0 0.243750 0.594531 0.062500 0.070312
0 1.0 0.298958 0.597656 0.035417 0.057813
0 1.0 0.232292 0.640625 0.110417 0.240625
0 1.0 0.934375 0.557813 0.131250 0.096875
0 1.0 0.050000 0.610156 0.100000 0.164062
0 1.0 0.100000 0.607812 0.016667 0.034375
0 1.0 0.065625 0.603125 0.106250 0.059375
0 1.0 0.175000 0.604688 0.025000 0.040625
0 1.0 0.075000 0.647656 0.070833 0.157812
0 1.0 0.143750 0.600000 0.125000 0.065625
0 1.0 0.882292 0.571875 0.039583 0.071875
0 1.0 0.836458 0.565625 0.035417 0.065625
0 1.0 0.918750 0.592187 0.062500 0.184375
0 1.0 0.944792 0.597656 0.043750 0.101562
0 1.0 0.770833 0.563281 0.187500 0.173437
0 1.0 0.783333 0.597656 0.037500 0.092188
0 1.0 0.770833 0.595313 0.066667 0.162500
0 1.0 0.601042 0.563281 0.139583 0.089063
0 1.0 0.554167 0.602344 0.087500 0.217188
0 1.0 0.636458 0.631250 0.022917 0.053125
0 1.0 0.622917 0.632812 0.041667 0.100000
0 1.0 0.676042 0.575000 0.118750 0.125000
0 1.0 0.697917 0.563281 0.333333 0.120313
0 1.0 0.472917 0.580469 0.066667 0.110937
0 1.0 0.505208 0.563281 0.047917 0.073438
0 1.0 0.452083 0.629687 0.037500 0.109375
0 1.0 0.513542 0.562500 0.139583 0.115625
0 1.0 0.491667 0.595313 0.079167 0.193750
0 1.0 0.278125 0.567187 0.031250 0.050000
0 1.0 0.247917 0.563281 0.125000 0.082812
0 1.0 0.348958 0.578906 0.097917 0.126562
0 1.0 0.343750 0.568750 0.237500 0.275000
0 1.0 0.302083 0.562500 0.150000 0.112500
0 1.0 0.318750 0.560156 0.066667 0.064062
0 1.0 0.342708 0.636719 0.052083 0.132812
0 1.0 0.450000 0.562500 0.066667 0.090625
0 1.0 0.428125 0.554688 0.272917 0.118750
0 1.0 0.198958 0.553125 0.139583 0.087500
0 1.0 0.142708 0.589844 0.047917 0.148438
0 1.0 0.191667 0.602344 0.066667 0.135937
0 1.0 0.237500 0.600781 0.066667 0.132812
0 1.0 0.051042 0.557031 0.085417 0.129688
0 1.0 0.069792 0.544531 0.139583 0.279687
0 1.0 0.088542 0.557813 0.027083 0.053125
0 1.0 0.085417 0.555469 0.075000 0.060937
0 1.0 0.089583 0.551562 0.120833 0.156250
0 1.0 0.159375 0.556250 0.047917 0.068750
0 1.0 0.082292 0.587500 0.056250 0.146875
0 1.0 0.155208 0.555469 0.122917 0.151562
0 1.0 0.856250 0.534375 0.066667 0.062500
0 1.0 0.819792 0.522656 0.035417 0.051562
0 1.0 0.876042 0.561719 0.060417 0.176563
0 1.0 0.896875 0.506250 0.206250 0.265625
0 1.0 0.894792 0.514844 0.210417 0.120313
0 1.0 0.956250 0.511719 0.087500 0.095312
0 1.0 0.956250 0.589844 0.029167 0.082812
0 1.0 0.734375 0.514844 0.293750 0.114062
0 1.0 0.778125 0.575781 0.035417 0.076563
0 1.0 0.819792 0.532031 0.172917 0.182812
0 1.0 0.826042 0.567187 0.060417 0.162500
0 1.0 0.617708 0.525781 0.139583 0.142187
0 1.0 0.609375 0.489844 0.243750 0.279687
0 1.0 0.632292 0.585938 0.018750 0.046875
0 1.0 0.620833 0.589844 0.037500 0.089063
0 1.0 0.682292 0.585938 0.031250 0.059375
0 1.0 0.723958 0.533594 0.135417 0.154688
0 1.0 0.723958 0.494531 0.256250 0.260937
0 1.0 0.732292 0.575781 0.035417 0.070312
0 1.0 0.464583 0.523438 0.125000 0.093750
0 1.0 0.512500 0.508594 0.229167 0.307812
0 1.0 0.513542 0.513281 0.193750 0.123438
0 1.0 0.489583 0.550781 0.058333 0.142187
0 1.0 0.542708 0.509375 0.127083 0.084375
0 1.0 0.566667 0.513281 0.125000 0.160938
0 1.0 0.219792 0.512500 0.231250 0.106250
0 1.0 0.289583 0.589844 0.037500 0.089063
0 1.0 0.335417 0.524219 0.162500 0.164062
0 1.0 0.315625 0.519531 0.097917 0.085938
0 1.0 0.411458 0.519531 0.147917 0.176563
0 1.0 0.396875 0.503906 0.256250 0.295312
0 1.0 0.393750 0.550000 0.079167 0.165625
0 1.0 0.236458 0.560937 0.052083 0.090625
0 1.0 0.290625 0.499219 0.239583 0.251563
0 1.0 0.230208 0.522656 0.106250 0.092188
0 1.0 0.286458 0.562500 0.064583 0.100000
0 1.0 0.089583 0.511719 0.037500 0.060937
0 1.0 0.088542 0.504687 0.102083 0.071875
0 1.0 0.028125 0.542969 0.043750 0.151562
0 1.0 0.128125 0.510938 0.093750 0.087500
0 1.0 0.091667 0.532031 0.058333 0.145313
0 1.0 0.156250 0.499219 0.204167 0.242188
0 1.0 0.151042 0.535156 0.052083 0.123438
0 1.0 0.852083 0.459375 0.020833 0.034375
0 1.0 0.927083 0.488281 0.091667 0.117188
0 1.0 0.927083 0.525781 0.058333 0.095312
0 1.0 0.900000 0.453906 0.200000 0.114062
0 1.0 0.943750 0.546094 0.033333 0.051562
0 1.0 0.979167 0.451562 0.041667 0.065625
0 1.0 0.955208 0.575000 0.018750 0.046875
0 1.0 0.050000 0.511719 0.100000 0.145313
0 1.0 0.769792 0.487500 0.152083 0.146875
0 1.0 0.778125 0.459375 0.272917 0.137500
0 1.0 0.782292 0.551562 0.022917 0.043750
0 1.0 0.793750 0.450781 0.158333 0.089063
0 1.0 0.769792 0.555469 0.039583 0.082812
0 1.0 0.822917 0.489844 0.125000 0.120313
0 1.0 0.835417 0.553906 0.020833 0.039062
0 1.0 0.823958 0.556250 0.043750 0.087500
0 1.0 0.900000 0.558594 0.016667 0.035937
0 1.0 0.611458 0.528125 0.027083 0.059375
0 1.0 0.635417 0.448437 0.154167 0.093750
0 1.0 0.611458 0.537500 0.043750 0.103125
0 1.0 0.675000 0.477344 0.129167 0.135937
0 1.0 0.672917 0.453125 0.283333 0.140625
0 1.0 0.682292 0.535937 0.027083 0.053125
0 1.0 0.673958 0.550000 0.035417 0.078125
0 1.0 0.730208 0.531250 0.031250 0.062500
0 1.0 0.719792 0.536719 0.043750 0.098437
0 1.0 0.531250 0.457031 0.025000 0.045312
0 1.0 0.458333 0.562500 0.025000 0.062500
0 1.0 0.508333 0.462500 0.100000 0.134375
0 1.0 0.495833 0.513281 0.037500 0.092188
0 1.0 0.545833 0.451562 0.120833 0.093750
0 1.0 0.561458 0.447656 0.235417 0.160938
0 1.0 0.362500 0.487500 0.070833 0.096875
0 1.0 0.250000 0.459375 0.183333 0.109375
0 1.0 0.344792 0.521094 0.077083 0.101562
0 1.0 0.285417 0.455469 0.020833 0.039062
0 1.0 0.344792 0.558594 0.031250 0.070312
0 1.0 0.413542 0.467969 0.110417 0.142187
0 1.0 0.398958 0.505469 0.052083 0.107813
0 1.0 0.428125 0.450781 0.272917 0.142187
0 1.0 0.455208 0.517969 0.060417 0.092188
0 1.0 0.190625 0.531250 0.060417 0.071875
0 1.0 0.220833 0.457813 0.070833 0.068750
0 1.0 0.195833 0.571875 0.029167 0.050000
0 1.0 0.232292 0.533594 0.039583 0.064062
0 1.0 0.195833 0.453906 0.045833 0.064062
0 1.0 0.331250 0.498437 0.033333 0.062500
0 1.0 0.289583 0.528125 0.050000 0.078125
0 1.0 0.293750 0.564844 0.025000 0.054688
0 1.0 0.137500 0.444531 0.020833 0.042188
0 1.0 0.025000 0.509375 0.029167 0.090625
0 1.0 0.114583 0.464844 0.087500 0.139063
0 1.0 0.113542 0.443750 0.168750 0.131250
0 1.0 0.114583 0.518750 0.020833 0.065625
0 1.0 0.162500 0.445312 0.025000 0.053125
0 1.0 0.100000 0.531250 0.029167 0.109375
0 1.0 0.157292 0.470313 0.085417 0.115625
0 1.0 0.154167 0.510156 0.029167 0.076563
0 1.0 0.203125 0.493750 0.056250 0.081250
0 1.0 0.923958 0.402344 0.131250 0.179688
0 1.0 0.944792 0.471094 0.043750 0.070312
0 1.0 0.945833 0.391406 0.108333 0.098437
0 1.0 0.955208 0.503125 0.022917 0.059375
0 1.0 0.068750 0.470313 0.054167 0.090625
0 1.0 0.095833 0.445312 0.054167 0.081250
0 1.0 0.771875 0.396094 0.272917 0.160938
0 1.0 0.770833 0.447656 0.045833 0.117188
0 1.0 0.763542 0.443750 0.085417 0.228125
0 1.0 0.820833 0.473438 0.041667 0.081250
0 1.0 0.890625 0.490625 0.027083 0.056250
0 1.0 0.816667 0.395313 0.154167 0.103125
0 1.0 0.879167 0.490625 0.058333 0.125000
0 1.0 0.626042 0.392188 0.172917 0.109375
0 1.0 0.600000 0.453125 0.091667 0.228125
0 1.0 0.667708 0.404687 0.168750 0.193750
0 1.0 0.673958 0.457813 0.052083 0.128125
0 1.0 0.719792 0.435156 0.068750 0.182812
0 1.0 0.731250 0.393750 0.170833 0.103125
0 1.0 0.712500 0.431250 0.104167 0.293750
0 1.0 0.503125 0.403125 0.172917 0.193750
0 1.0 0.554167 0.429688 0.125000 0.240625
0 1.0 0.597917 0.452344 0.062500 0.142187
0 1.0 0.361458 0.403906 0.277083 0.160938
0 1.0 0.351042 0.460938 0.102083 0.153125
0 1.0 0.398958 0.389062 0.285417 0.290625
0 1.0 0.387500 0.442969 0.062500 0.132812
0 1.0 0.464583 0.413281 0.112500 0.142187
0 1.0 0.456250 0.475781 0.054167 0.117188
0 1.0 0.210417 0.408594 0.075000 0.079687
0 1.0 0.178125 0.487500 0.052083 0.096875
0 1.0 0.227083 0.488281 0.033333 0.067187
0 1.0 0.172917 0.402344 0.250000 0.126562
0 1.0 0.226042 0.490625 0.056250 0.121875
0 1.0 0.331250 0.432031 0.050000 0.092188
0 1.0 0.253125 0.409375 0.277083 0.181250
0 1.0 0.291667 0.462500 0.066667 0.115625
0 1.0 0.297917 0.404687 0.087500 0.087500
0 1.0 0.101042 0.398438 0.202083 0.265625
0 1.0 0.115625 0.473438 0.022917 0.062500
0 1.0 0.137500 0.410156 0.075000 0.079687
0 1.0 0.100000 0.471875 0.037500 0.106250
0 1.0 0.150000 0.462500 0.033333 0.087500
0 1.0 0.895833 0.337500 0.208333 0.156250
0 1.0 0.944792 0.382031 0.043750 0.079687
0 1.0 0.937500 0.340625 0.125000 0.103125
0 1.0 0.957292 0.369531 0.018750 0.042188
0 1.0 0.057292 0.419531 0.081250 0.104688
0 1.0 0.089583 0.417969 0.050000 0.073438
0 1.0 0.029167 0.463281 0.041667 0.095312
0 1.0 0.778125 0.332813 0.293750 0.134375
0 1.0 0.810417 0.369531 0.054167 0.114062
0 1.0 0.886458 0.378906 0.035417 0.082812
0 1.0 0.841667 0.335938 0.133333 0.093750
0 1.0 0.878125 0.350781 0.052083 0.110937
0 1.0 0.680208 0.333594 0.218750 0.145313
0 1.0 0.679167 0.357031 0.050000 0.123438
0 1.0 0.714583 0.348438 0.233333 0.281250
0 1.0 0.725000 0.343750 0.054167 0.146875
0 1.0 0.767708 0.348438 0.060417 0.153125
0 1.0 0.511458 0.341406 0.189583 0.145313
0 1.0 0.501042 0.387500 0.085417 0.159375
0 1.0 0.559375 0.350781 0.160417 0.210938
0 1.0 0.607292 0.369531 0.260417 0.295312
0 1.0 0.608333 0.379688 0.050000 0.128125
0 1.0 0.602083 0.369531 0.075000 0.201563
0 1.0 0.393750 0.350000 0.229167 0.103125
0 1.0 0.348958 0.419531 0.056250 0.142187
0 1.0 0.418750 0.353906 0.116667 0.157812
0 1.0 0.384375 0.371875 0.114583 0.209375
0 1.0 0.469792 0.367188 0.097917 0.134375
0 1.0 0.442708 0.375781 0.031250 0.067187
0 1.0 0.493750 0.341406 0.241667 0.295312
0 1.0 0.233333 0.370312 0.112500 0.140625
0 1.0 0.231250 0.410156 0.054167 0.107813
0 1.0 0.261458 0.350000 0.202083 0.121875
0 1.0 0.333333 0.371875 0.041667 0.078125
0 1.0 0.284375 0.384375 0.118750 0.193750
0 1.0 0.373958 0.371875 0.072917 0.115625
0 1.0 0.113542 0.428125 0.022917 0.062500
0 1.0 0.128125 0.358594 0.085417 0.076563
0 1.0 0.138542 0.364844 0.189583 0.126562
0 1.0 0.150000 0.422656 0.037500 0.079687
0 1.0 0.203125 0.388281 0.043750 0.085938
0 1.0 0.171875 0.362500 0.210417 0.281250
0 1.0 0.167708 0.405469 0.097917 0.132812
0 1.0 0.178125 0.447656 0.035417 0.082812
0 1.0 0.869792 0.293750 0.260417 0.121875
0 1.0 0.944792 0.314063 0.035417 0.068750
0 1.0 0.955208 0.335938 0.035417 0.087500
0 1.0 0.063542 0.379688 0.064583 0.093750
0 1.0 0.021875 0.396875 0.043750 0.103125
0 1.0 0.075000 0.354687 0.095833 0.071875
0 1.0 0.019792 0.394531 0.022917 0.067187
0 1.0 0.823958 0.281250 0.022917 0.050000
0 1.0 0.789583 0.285156 0.187500 0.110937
0 1.0 0.811458 0.295312 0.089583 0.184375
0 1.0 0.896875 0.281250 0.018750 0.040625
0 1.0 0.791667 0.292969 0.070833 0.073438
0 1.0 0.933333 0.314063 0.070833 0.121875
0 1.0 0.686458 0.268750 0.031250 0.068750
0 1.0 0.721875 0.282031 0.102083 0.089063
0 1.0 0.668750 0.303906 0.104167 0.273438
0 1.0 0.776042 0.293750 0.031250 0.065625
0 1.0 0.511458 0.282031 0.260417 0.123438
0 1.0 0.579167 0.292187 0.070833 0.118750
0 1.0 0.589583 0.283594 0.145833 0.132812
0 1.0 0.636458 0.282813 0.118750 0.150000
0 1.0 0.608333 0.273438 0.020833 0.050000
0 1.0 0.676042 0.283594 0.085417 0.079687
0 1.0 0.596875 0.295312 0.072917 0.184375
0 1.0 0.413542 0.281250 0.127083 0.143750
0 1.0 0.490625 0.301563 0.047917 0.078125
0 1.0 0.500000 0.335156 0.075000 0.142187
0 1.0 0.235417 0.337500 0.041667 0.078125
0 1.0 0.235417 0.286719 0.150000 0.104688
0 1.0 0.326042 0.292187 0.039583 0.071875
0 1.0 0.309375 0.296094 0.268750 0.260937
0 1.0 0.371875 0.289062 0.068750 0.096875
0 1.0 0.346875 0.299219 0.118750 0.170313
0 1.0 0.410417 0.285938 0.100000 0.081250
0 1.0 0.128125 0.293750 0.081250 0.075000
0 1.0 0.144792 0.321094 0.118750 0.126562
0 1.0 0.153125 0.375000 0.031250 0.056250
0 1.0 0.161458 0.286719 0.118750 0.079687
0 1.0 0.210417 0.326562 0.029167 0.053125
0 1.0 0.173958 0.347656 0.097917 0.129688
0 1.0 0.178125 0.382812 0.052083 0.109375
0 1.0 0.059375 0.026562 0.060417 0.053125
0 1.0 0.026042 0.060156 0.039583 0.098437
0 1.0 0.090625 0.039062 0.127083 0.078125
0 1.0 0.140625 0.054688 0.056250 0.109375
0 1.0 0.155208 0.032031 0.110417 0.064062
0 1.0 0.213542 0.350781 0.427083 0.210938
0 1.0 0.151042 0.186719 0.114583 0.120313
0 1.0 0.553125 0.453906 0.497917 0.267188
0 1.0 0.148958 0.644531 0.210417 0.589063
0 1.0 0.448958 0.751563 0.456250 0.287500
0 1.0 0.078125 0.732031 0.156250 0.535937
0 1.0 0.240625 0.583594 0.227083 0.507812
0 1.0 0.341667 0.827344 0.425000 0.335938
0 1.0 0.242708 0.869531 0.247917 0.260937
0 1.0 0.247917 0.217188 0.195833 0.434375
0 1.0 0.335417 0.667188 0.670833 0.665625
0 1.0 0.170833 0.514062 0.341667 0.971875
0 1.0 0.914583 0.357812 0.170833 0.481250
0 1.0 0.263542 0.453125 0.410417 0.403125
0 1.0 0.069792 0.470313 0.139583 0.621875
0 1.0 0.216667 0.249219 0.433333 0.207813
0 1.0 0.552083 0.255469 0.345833 0.392188
0 1.0 0.925000 0.560156 0.150000 0.548438
0 1.0 0.150000 0.353906 0.200000 0.557813