0 1.0 0.159375 0.447183 0.309375 0.894366
0 1.0 0.288281 0.605634 0.251563 0.112676
0 1.0 0.345313 0.613850 0.162500 0.223005
0 1.0 0.326562 0.607981 0.087500 0.084507
0 1.0 0.338281 0.616197 0.270313 0.316901
0 1.0 0.042969 0.584507 0.085938 0.253521
0 1.0 0.084375 0.600939 0.025000 0.056338
0 1.0 0.947656 0.549296 0.104688 0.098592
0 1.0 0.221094 0.595070 0.114062 0.316901
0 1.0 0.180469 0.604460 0.289062 0.133803
0 1.0 0.228125 0.602113 0.068750 0.096244
0 1.0 0.961719 0.582160 0.039062 0.107981
0 1.0 0.556250 0.611502 0.237500 0.316901
0 1.0 0.494531 0.632629 0.117188 0.373239
0 1.0 0.496094 0.599765 0.254688 0.115023
0 1.0 0.450000 0.638498 0.096875 0.291080
0 1.0 0.154688 0.625587 0.246875 0.387324
0 1.0 0.178125 0.588028 0.153125 0.218310
0 1.0 0.417187 0.607981 0.087500 0.089202
0 1.0 0.060937 0.596244 0.121875 0.093897
0 1.0 0.771875 0.543427 0.275000 0.312207
0 1.0 0.719531 0.548122 0.317188 0.129108
0 1.0 0.714063 0.541080 0.131250 0.284038
0 1.0 0.917969 0.548122 0.120313 0.312207
0 1.0 0.882812 0.544601 0.234375 0.136150
0 1.0 0.601562 0.549296 0.093750 0.220657
0 1.0 0.617188 0.551643 0.253125 0.154930
0 1.0 0.878906 0.557512 0.110937 0.274648
0 1.0 0.830469 0.548122 0.089063 0.086854
0 1.0 0.075000 0.607981 0.140625 0.333333
0 1.0 0.157031 0.600939 0.045312 0.084507
0 1.0 0.128906 0.653756 0.098437 0.115023
0 1.0 0.059375 0.650235 0.118750 0.084507
0 1.0 0.074219 0.653756 0.035937 0.063380
0 1.0 0.722656 0.602113 0.273438 0.110329
0 1.0 0.268750 0.607981 0.034375 0.061033
0 1.0 0.944531 0.605634 0.110937 0.164319
0 1.0 0.882812 0.605634 0.234375 0.122066
0 1.0 0.243750 0.657277 0.131250 0.131455
0 1.0 0.221094 0.659624 0.185938 0.253521
0 1.0 0.164844 0.653756 0.289062 0.133803
0 1.0 0.862500 0.613850 0.043750 0.058685
0 1.0 0.858594 0.592723 0.242188 0.307512
0 1.0 0.436719 0.625587 0.251563 0.330986
0 1.0 0.395313 0.625587 0.125000 0.293427
0 1.0 0.660156 0.610329 0.123438 0.305164
0 1.0 0.595313 0.629108 0.100000 0.258216
0 1.0 0.598437 0.625587 0.065625 0.147887
0 1.0 0.619531 0.605634 0.220312 0.145540
0 1.0 0.277344 0.600939 0.123438 0.276995
0 1.0 0.814063 0.609155 0.075000 0.068075
0 1.0 0.553906 0.642019 0.095312 0.269953
0 1.0 0.551562 0.605634 0.118750 0.103286
0 1.0 0.487500 0.607981 0.075000 0.084507
0 1.0 0.765625 0.606808 0.128125 0.321596
0 1.0 0.823438 0.604460 0.100000 0.241784
0 1.0 0.954688 0.495305 0.090625 0.089202
0 1.0 0.930469 0.500000 0.139063 0.131455
0 1.0 0.623437 0.495305 0.293750 0.131455
0 1.0 0.603125 0.470657 0.121875 0.288732
0 1.0 0.818750 0.495305 0.115625 0.300469
0 1.0 0.821094 0.490610 0.304688 0.140845
0 1.0 0.849219 0.495305 0.070312 0.075117
0 1.0 0.135156 0.557512 0.154688 0.293427
0 1.0 0.125000 0.549296 0.250000 0.140845
0 1.0 0.962500 0.539906 0.037500 0.107981
0 1.0 0.142187 0.552817 0.075000 0.115023
0 1.0 0.772656 0.478873 0.117188 0.244131
0 1.0 0.660937 0.482394 0.193750 0.237089
0 1.0 0.346094 0.494131 0.157812 0.293427
0 1.0 0.306250 0.503521 0.153125 0.133803
0 1.0 0.275000 0.515258 0.100000 0.279343
0 1.0 0.172656 0.498826 0.220312 0.115023
0 1.0 0.553906 0.474178 0.117188 0.399061
0 1.0 0.511719 0.496479 0.298438 0.129108
0 1.0 0.499219 0.483568 0.129688 0.356808
0 1.0 0.190625 0.517606 0.100000 0.279343
0 1.0 0.450000 0.483568 0.100000 0.352113
0 1.0 0.237500 0.555164 0.078125 0.105634
0 1.0 0.453125 0.550469 0.206250 0.115023
0 1.0 0.328125 0.555164 0.212500 0.147887
0 1.0 0.069531 0.550469 0.107813 0.096244
0 1.0 0.094531 0.553991 0.026562 0.070423
0 1.0 0.278906 0.535211 0.229687 0.291080
0 1.0 0.496875 0.552817 0.243750 0.335681
0 1.0 0.394531 0.548122 0.182812 0.227700
0 1.0 0.182812 0.744131 0.200000 0.244131
0 1.0 0.813281 0.706573 0.139063 0.300469
0 1.0 0.821094 0.710094 0.289062 0.133803
0 1.0 0.113281 0.712441 0.226562 0.307512
0 1.0 0.037500 0.742958 0.075000 0.237089
0 1.0 0.072656 0.760563 0.145313 0.093897
0 1.0 0.074219 0.765258 0.035937 0.056338
0 1.0 0.346094 0.775822 0.320312 0.185446
0 1.0 0.284375 0.767606 0.131250 0.215962
0 1.0 0.319531 0.778169 0.157812 0.138498
0 1.0 0.947656 0.712441 0.104688 0.129108
0 1.0 0.928125 0.719484 0.143750 0.265258
0 1.0 0.539844 0.715962 0.226562 0.281690
0 1.0 0.550781 0.730047 0.129688 0.164319
0 1.0 0.483594 0.714789 0.270313 0.124413
0 1.0 0.766406 0.708920 0.148438 0.248826
0 1.0 0.708594 0.712441 0.129688 0.288732
0 1.0 0.700781 0.710094 0.279687 0.115023
0 1.0 0.403906 0.746479 0.107813 0.230047
0 1.0 0.371875 0.721831 0.328125 0.143192
0 1.0 0.417187 0.732394 0.100000 0.103286
0 1.0 0.961719 0.747653 0.054688 0.161972
0 1.0 0.662500 0.725352 0.125000 0.258216
0 1.0 0.567187 0.726526 0.087500 0.082160
0 1.0 0.874219 0.712441 0.132812 0.307512
0 1.0 0.811719 0.711268 0.064062 0.070423
0 1.0 0.845313 0.717136 0.062500 0.077465
0 1.0 0.839063 0.774648 0.062500 0.075117
0 1.0 0.863281 0.754695 0.242188 0.288732
0 1.0 0.824219 0.765258 0.295312 0.136150
0 1.0 0.490625 0.774648 0.134375 0.230047
0 1.0 0.461719 0.774648 0.289062 0.145540
0 1.0 0.767188 0.750000 0.256250 0.274648
0 1.0 0.715625 0.769953 0.293750 0.117371
0 1.0 0.078906 0.813380 0.157812 0.091549
0 1.0 0.092188 0.819249 0.037500 0.061033
0 1.0 0.074219 0.805164 0.148438 0.244131
0 1.0 0.941406 0.762911 0.117188 0.103286
0 1.0 0.664062 0.752347 0.265625 0.265258
0 1.0 0.799219 0.769953 0.110937 0.089202
0 1.0 0.449219 0.792254 0.101562 0.171362
0 1.0 0.121094 0.772300 0.242188 0.131455
0 1.0 0.121875 0.772300 0.081250 0.098592
0 1.0 0.598437 0.774648 0.096875 0.183099
0 1.0 0.607812 0.773474 0.275000 0.119718
0 1.0 0.546875 0.780516 0.096875 0.091549
0 1.0 0.718750 0.659624 0.300000 0.126761
0 1.0 0.388281 0.656103 0.310937 0.129108
0 1.0 0.425000 0.661972 0.103125 0.107981
0 1.0 0.881250 0.659624 0.237500 0.122066
0 1.0 0.821094 0.660798 0.054688 0.063380
0 1.0 0.546094 0.658451 0.254688 0.110329
0 1.0 0.854688 0.665493 0.059375 0.072770
0 1.0 0.592969 0.697183 0.064062 0.136150
0 1.0 0.962500 0.638498 0.046875 0.136150
0 1.0 0.957812 0.604460 0.084375 0.091549
0 1.0 0.619531 0.664319 0.232813 0.159624
0 1.0 0.296094 0.661972 0.057813 0.084507
0 1.0 0.487500 0.667840 0.093750 0.110329
0 1.0 0.484375 0.733568 0.068750 0.086854
0 1.0 0.420312 0.731221 0.275000 0.274648
0 1.0 0.125781 0.714789 0.251563 0.124413
0 1.0 0.607031 0.718310 0.201563 0.136150
0 1.0 0.514062 0.726526 0.112500 0.110329
0 1.0 0.131250 0.718310 0.100000 0.107981
0 1.0 0.074219 0.717136 0.042188 0.063380
0 1.0 0.711719 0.656103 0.251563 0.307512
0 1.0 0.071875 0.711268 0.143750 0.093897
0 1.0 0.328906 0.726526 0.079687 0.091549
0 1.0 0.953906 0.654930 0.092188 0.089202
0 1.0 0.760938 0.292254 0.087500 0.237089
0 1.0 0.765625 0.288732 0.300000 0.136150
0 1.0 0.771094 0.295775 0.045312 0.122066
0 1.0 0.723437 0.294601 0.090625 0.241784
0 1.0 0.402344 0.278169 0.089063 0.251174
0 1.0 0.446875 0.282864 0.278125 0.161972
0 1.0 0.446875 0.282864 0.112500 0.157277
0 1.0 0.647656 0.284038 0.260937 0.225352
0 1.0 0.680469 0.282864 0.107813 0.166667
0 1.0 0.733594 0.295775 0.045312 0.122066
0 1.0 0.691406 0.280516 0.029687 0.082160
0 1.0 0.924219 0.274648 0.085938 0.197183
0 1.0 0.871875 0.291080 0.209375 0.159624
0 1.0 0.877344 0.288732 0.098437 0.253521
0 1.0 0.887500 0.275822 0.043750 0.100939
0 1.0 0.554688 0.274648 0.078125 0.197183
0 1.0 0.533594 0.285211 0.245312 0.199531
0 1.0 0.500000 0.285211 0.078125 0.223005
0 1.0 0.491406 0.281690 0.042188 0.122066
0 1.0 0.140625 0.267606 0.081250 0.211268
0 1.0 0.132812 0.293427 0.228125 0.145540
0 1.0 0.125000 0.272300 0.250000 0.417840
0 1.0 0.457031 0.292254 0.035937 0.072770
0 1.0 0.363281 0.284038 0.085938 0.197183
0 1.0 0.369531 0.287559 0.220312 0.274648
0 1.0 0.399219 0.293427 0.039062 0.103286
0 1.0 0.300000 0.315728 0.065625 0.190141
0 1.0 0.354687 0.293427 0.209375 0.117371
0 1.0 0.352344 0.294601 0.070312 0.105634
0 1.0 0.575000 0.267606 0.037500 0.107981
0 1.0 0.603906 0.276995 0.129688 0.192488
0 1.0 0.340625 0.308685 0.028125 0.072770
0 1.0 0.279687 0.289906 0.146875 0.100939
0 1.0 0.233594 0.306338 0.054688 0.143192
0 1.0 0.521094 0.286385 0.064062 0.103286
0 1.0 0.228125 0.309859 0.087500 0.248826
0 1.0 0.449219 0.262911 0.032813 0.098592
0 1.0 0.480469 0.329812 0.220312 0.124413
0 1.0 0.141406 0.345070 0.151562 0.206573
0 1.0 0.075000 0.343897 0.096875 0.354460
0 1.0 0.118750 0.345070 0.140625 0.103286
0 1.0 0.400781 0.338028 0.204687 0.126761
0 1.0 0.585938 0.320423 0.062500 0.185446
0 1.0 0.260937 0.342723 0.250000 0.136150
0 1.0 0.223438 0.379108 0.071875 0.157277
0 1.0 0.232031 0.328638 0.229687 0.291080
0 1.0 0.812500 0.294601 0.100000 0.255869
0 1.0 0.821094 0.293427 0.039062 0.103286
0 1.0 0.373437 0.339202 0.078125 0.157277
0 1.0 0.029687 0.328638 0.050000 0.164319
0 1.0 0.060156 0.342723 0.110937 0.075117
0 1.0 0.039062 0.329812 0.078125 0.232394
0 1.0 0.959375 0.322770 0.043750 0.143192
0 1.0 0.933594 0.287559 0.132812 0.105634
0 1.0 0.088281 0.333333 0.176563 0.248826
0 1.0 0.325000 0.355634 0.043750 0.096244
0 1.0 0.143750 0.342723 0.268750 0.140845
0 1.0 0.185156 0.381455 0.082812 0.237089
0 1.0 0.200000 0.355634 0.075000 0.138498
0 1.0 0.412500 0.245305 0.159375 0.110329
0 1.0 0.435156 0.252347 0.042188 0.086854
0 1.0 0.962500 0.264085 0.043750 0.176056
0 1.0 0.332813 0.245305 0.259375 0.124413
0 1.0 0.077344 0.203052 0.154688 0.354460
0 1.0 0.948438 0.183099 0.103125 0.107981
0 1.0 0.957812 0.205399 0.075000 0.232394
0 1.0 0.375781 0.255869 0.032813 0.075117
0 1.0 0.293750 0.214789 0.256250 0.335681
0 1.0 0.321094 0.254695 0.085938 0.176056
0 1.0 0.453125 0.279343 0.046875 0.164319
0 1.0 0.535937 0.253521 0.028125 0.084507
0 1.0 0.131250 0.217136 0.128125 0.401408
0 1.0 0.129688 0.237089 0.259375 0.140845
0 1.0 0.225781 0.045775 0.223438 0.091549
0 1.0 0.228906 0.082160 0.295312 0.164319
0 1.0 0.424219 0.748826 0.848437 0.464789
0 1.0 0.274219 0.245305 0.110937 0.119718
0 1.0 0.132031 0.069249 0.070312 0.133803
0 1.0 0.118750 0.034038 0.143750 0.068075
0 1.0 0.125781 0.083333 0.242188 0.166667
0 1.0 0.080469 0.063380 0.060937 0.112676
0 1.0 0.236719 0.239437 0.182812 0.253521
0 1.0 0.176563 0.226526 0.121875 0.401408
0 1.0 0.180469 0.072770 0.057813 0.112676
0 1.0 0.028125 0.075117 0.050000 0.107981
0 1.0 0.093750 0.028169 0.050000 0.051643
0 1.0 0.074219 0.247653 0.079687 0.246479
0 1.0 0.066406 0.292254 0.120313 0.077465
0 1.0 0.707031 0.231221 0.242188 0.265258
0 1.0 0.675781 0.269953 0.048438 0.136150
0 1.0 0.899219 0.240610 0.201563 0.119718
0 1.0 0.201563 0.299296 0.159375 0.110329
0 1.0 0.814844 0.255869 0.048438 0.136150
0 1.0 0.207031 0.301643 0.032813 0.082160
0 1.0 0.855469 0.214789 0.217188 0.279343
0 1.0 0.688281 0.246479 0.289062 0.117371
0 1.0 0.496094 0.252347 0.029687 0.086854
0 1.0 0.592187 0.226526 0.275000 0.246479
0 1.0 0.767188 0.244131 0.100000 0.089202
0 1.0 0.882031 0.238263 0.057813 0.180751
0 1.0 0.800781 0.242958 0.170313 0.208920
0 1.0 0.574219 0.440141 0.198437 0.096244
0 1.0 0.560937 0.426056 0.234375 0.312207
0 1.0 0.210156 0.462441 0.229687 0.328638
0 1.0 0.228906 0.467136 0.139063 0.211268
0 1.0 0.208594 0.448357 0.073438 0.075117
0 1.0 0.459375 0.434272 0.218750 0.136150
0 1.0 0.437500 0.434272 0.234375 0.305164
0 1.0 0.447656 0.411972 0.067187 0.223005
0 1.0 0.487500 0.437793 0.046875 0.058685
0 1.0 0.718750 0.415493 0.100000 0.295775
0 1.0 0.719531 0.438967 0.273438 0.117371
0 1.0 0.712500 0.434272 0.256250 0.272300
0 1.0 0.668750 0.415493 0.112500 0.211268
0 1.0 0.349219 0.430751 0.098437 0.251174
0 1.0 0.297656 0.441315 0.029687 0.046948
0 1.0 0.280469 0.437793 0.176563 0.110329
0 1.0 0.919531 0.387324 0.120313 0.291080
0 1.0 0.904687 0.392019 0.190625 0.117371
0 1.0 0.167969 0.450704 0.079687 0.093897
0 1.0 0.148438 0.497653 0.062500 0.140845
0 1.0 0.141406 0.449531 0.245312 0.185446
0 1.0 0.144531 0.469484 0.129688 0.178404
0 1.0 0.075781 0.498826 0.082812 0.204225
0 1.0 0.153125 0.449531 0.037500 0.063380
0 1.0 0.824219 0.376761 0.285938 0.246479
0 1.0 0.196094 0.475352 0.076563 0.147887
0 1.0 0.242188 0.444836 0.078125 0.077465
0 1.0 0.031250 0.490610 0.040625 0.117371
0 1.0 0.107031 0.450704 0.020313 0.042254
0 1.0 0.312500 0.468310 0.065625 0.115023
0 1.0 0.892188 0.441315 0.215625 0.145540
0 1.0 0.879687 0.449531 0.121875 0.260563
0 1.0 0.858594 0.441315 0.042188 0.051643
0 1.0 0.403125 0.495305 0.259375 0.117371
0 1.0 0.084375 0.500000 0.100000 0.089202
0 1.0 0.096875 0.508216 0.028125 0.068075
0 1.0 0.826562 0.446009 0.081250 0.169014
0 1.0 0.822656 0.442488 0.207813 0.194836
0 1.0 0.079687 0.496479 0.159375 0.274648
0 1.0 0.964844 0.490610 0.032813 0.079812
0 1.0 0.970313 0.441315 0.059375 0.065728
0 1.0 0.180469 0.399061 0.245312 0.169014
0 1.0 0.144531 0.443662 0.064062 0.145540
0 1.0 0.824219 0.328638 0.057813 0.136150
0 1.0 0.032813 0.434272 0.065625 0.187793
0 1.0 0.069531 0.399061 0.139063 0.093897
0 1.0 0.082812 0.434272 0.068750 0.178404
0 1.0 0.353125 0.384977 0.225000 0.295775
0 1.0 0.290625 0.409624 0.109375 0.284038
0 1.0 0.322656 0.392019 0.148438 0.098592
0 1.0 0.952344 0.349765 0.095312 0.145540
0 1.0 0.891406 0.339202 0.217188 0.124413
0 1.0 0.299219 0.387324 0.248438 0.159624
0 1.0 0.065625 0.406103 0.050000 0.075117
0 1.0 0.718750 0.325117 0.284375 0.119718
0 1.0 0.961719 0.338028 0.029687 0.075117
0 1.0 0.951562 0.359155 0.050000 0.107981
0 1.0 0.682813 0.326291 0.050000 0.145540
0 1.0 0.836719 0.335681 0.132812 0.098592
0 1.0 0.880469 0.330986 0.064062 0.136150
0 1.0 0.879687 0.382629 0.096875 0.197183
0 1.0 0.826562 0.382629 0.075000 0.183099
0 1.0 0.121875 0.396714 0.162500 0.117371
0 1.0 0.500781 0.372066 0.101562 0.377934
0 1.0 0.505469 0.386150 0.232813 0.096244
0 1.0 0.496875 0.365023 0.237500 0.307512
0 1.0 0.784375 0.388498 0.321875 0.124413
0 1.0 0.766406 0.375587 0.082812 0.215962
0 1.0 0.076563 0.454225 0.053125 0.077465
0 1.0 0.622656 0.386150 0.232813 0.105634
0 1.0 0.953906 0.429577 0.060937 0.117371
0 1.0 0.552344 0.367371 0.157812 0.223005
0 1.0 0.444531 0.374413 0.151562 0.199531
0 1.0 0.415625 0.387324 0.206250 0.098592
0 1.0 0.594531 0.357981 0.107813 0.288732
0 1.0 0.281250 0.673709 0.518750 0.272300
0 1.0 0.539062 0.653756 0.600000 0.227700
0 1.0 0.555469 0.206573 0.057813 0.122066
0 1.0 0.559375 0.137324 0.218750 0.171362
0 1.0 0.670312 0.199531 0.056250 0.173709
0 1.0 0.666406 0.125587 0.282813 0.133803
0 1.0 0.353906 0.143192 0.132812 0.187793
0 1.0 0.296875 0.165493 0.109375 0.321596
0 1.0 0.553906 0.159624 0.123438 0.159624
0 1.0 0.507031 0.224178 0.057813 0.157277
0 1.0 0.517969 0.143192 0.060937 0.070423
0 1.0 0.445312 0.206573 0.075000 0.140845
0 1.0 0.458594 0.153756 0.217188 0.302817
0 1.0 0.473438 0.164319 0.109375 0.145540
0 1.0 0.728906 0.178404 0.048438 0.145540
0 1.0 0.714844 0.137324 0.164062 0.227700
0 1.0 0.737500 0.542254 0.525000 0.234742
0 1.0 0.643750 0.537559 0.218750 0.558685
0 1.0 0.334375 0.570423 0.418750 0.558685
0 1.0 0.659375 0.149061 0.256250 0.298122
0 1.0 0.594531 0.214789 0.045312 0.133803
0 1.0 0.639062 0.125587 0.143750 0.110329
0 1.0 0.591406 0.206573 0.026562 0.075117
0 1.0 0.722656 0.193662 0.070312 0.232394
0 1.0 0.768750 0.183099 0.090625 0.333333
0 1.0 0.777344 0.177230 0.057813 0.190141
0 1.0 0.125000 0.118545 0.162500 0.129108
0 1.0 0.066406 0.122066 0.117188 0.098592
0 1.0 0.296875 0.830986 0.500000 0.225352
0 1.0 0.851562 0.117371 0.237500 0.234742
0 1.0 0.808594 0.139671 0.098437 0.279343
0 1.0 0.060937 0.119718 0.121875 0.230047
0 1.0 0.732031 0.752347 0.535937 0.213615
0 1.0 0.906250 0.133803 0.112500 0.267606
0 1.0 0.964844 0.156103 0.048438 0.194836
0 1.0 0.942969 0.078638 0.114062 0.119718
0 1.0 0.235156 0.158451 0.132812 0.316901
0 1.0 0.434375 0.138498 0.193750 0.107981
0 1.0 0.400781 0.191315 0.092188 0.180751
0 1.0 0.470313 0.149061 0.043750 0.072770
0 1.0 0.351562 0.183099 0.059375 0.230047
0 1.0 0.366406 0.134977 0.089063 0.082160
0 1.0 0.522656 0.750000 0.620313 0.199531
0 1.0 0.303906 0.133803 0.039062 0.075117
0 1.0 0.453906 0.330986 0.489063 0.272300
0 1.0 0.757031 0.343897 0.210938 0.490610
0 1.0 0.722656 0.338028 0.548438 0.211268
0 1.0 0.260937 0.179577 0.168750 0.115023
0 1.0 0.201563 0.183099 0.140625 0.122066
0 1.0 0.402344 0.203052 0.076563 0.091549
0 1.0 0.271875 0.454225 0.543750 0.227700
0 1.0 0.238281 0.430751 0.254688 0.607981
0 1.0 0.150000 0.173709 0.240625 0.206573
0 1.0 0.182031 0.172535 0.035937 0.096244
0 1.0 0.225000 0.353286 0.450000 0.223005
0 1.0 0.472656 0.208920 0.045312 0.075117
0 1.0 0.357812 0.245305 0.040625 0.152582
0 1.0 0.434375 0.201878 0.037500 0.056338
0 1.0 0.713281 0.219484 0.457813 0.368545
0 1.0 0.395313 0.213615 0.028125 0.070423
0 1.0 0.339062 0.194836 0.156250 0.103286
0 1.0 0.342187 0.196009 0.050000 0.086854
0 1.0 0.330469 0.200704 0.026562 0.072770
0 1.0 0.645312 0.340376 0.484375 0.389671
0 1.0 0.345313 0.338028 0.418750 0.521127
0 1.0 0.100000 0.510563 0.200000 0.607981
0 1.0 0.910156 0.124413 0.179688 0.122066
0 1.0 0.653906 0.449531 0.589063 0.227700
0 1.0 0.802344 0.123239 0.242188 0.124413
0 1.0 0.811719 0.122066 0.126562 0.103286
0 1.0 0.338281 0.550469 0.548438 0.237089
0 1.0 0.057031 0.178404 0.085938 0.079812
0 1.0 0.453125 0.464789 0.196875 0.657277
0 1.0 0.546094 0.441315 0.426563 0.483568
0 1.0 0.125000 0.176056 0.175000 0.117371
0 1.0 0.669531 0.109155 0.048438 0.105634
0 1.0 0.675781 0.041080 0.273438 0.082160
0 1.0 0.875000 0.041080 0.134375 0.082160
0 1.0 0.809375 0.080986 0.059375 0.133803
0 1.0 0.824219 0.051643 0.132812 0.103286
0 1.0 0.770312 0.096244 0.062500 0.145540
0 1.0 0.761719 0.077465 0.260937 0.154930
0 1.0 0.773438 0.055164 0.137500 0.110329
0 1.0 0.611719 0.078638 0.270313 0.157277
0 1.0 0.557813 0.106808 0.056250 0.124413
0 1.0 0.579688 0.034038 0.159375 0.068075
0 1.0 0.493750 0.653756 0.303125 0.692488
0 1.0 0.720313 0.056338 0.143750 0.112676
0 1.0 0.720313 0.106808 0.059375 0.133803
0 1.0 0.925781 0.045775 0.101562 0.091549
0 1.0 0.878125 0.072770 0.065625 0.140845
0 1.0 0.499219 0.498826 0.817187 0.335681
0 1.0 0.885156 0.061033 0.048438 0.084507
0 1.0 0.960938 0.046948 0.078125 0.093897
0 1.0 0.303125 0.057512 0.112500 0.115023
0 1.0 0.235156 0.070423 0.073438 0.140845
0 1.0 0.409375 0.035211 0.237500 0.070423
0 1.0 0.396094 0.080986 0.098437 0.147887
0 1.0 0.426563 0.036385 0.093750 0.072770
0 1.0 0.499219 0.869718 0.801562 0.260563
0 1.0 0.349219 0.103286 0.048438 0.131455
0 1.0 0.319531 0.029343 0.051562 0.053991
0 1.0 0.334375 0.082160 0.246875 0.164319
0 1.0 0.352344 0.056338 0.098437 0.112676
0 1.0 0.063281 0.038732 0.092188 0.077465
0 1.0 0.053906 0.235915 0.079687 0.096244
0 1.0 0.464844 0.268779 0.929688 0.490610
0 1.0 0.507031 0.041080 0.176563 0.082160
0 1.0 0.508594 0.084507 0.239063 0.169014
0 1.0 0.444531 0.125587 0.035937 0.072770
0 1.0 0.511719 0.030516 0.051562 0.051643
0 1.0 0.600000 0.099765 0.046875 0.105634
0 1.0 0.700000 0.502347 0.600000 0.488263
0 1.0 0.443750 0.483568 0.653125 0.877934
0 1.0 0.505469 0.078638 0.076563 0.105634
0 1.0 0.443750 0.089202 0.071875 0.089202
0 1.0 0.392969 0.109155 0.057813 0.138498
0 1.0 0.782031 0.850939 0.435937 0.199531
0 1.0 0.557031 0.159624 0.070312 0.122066
0 1.0 0.505469 0.151408 0.089063 0.138498
0 1.0 0.445312 0.199531 0.031250 0.084507
0 1.0 0.277344 0.915493 0.554688 0.169014
0 1.0 0.395313 0.169014 0.050000 0.145540
0 1.0 0.415625 0.084507 0.278125 0.131455
0 1.0 0.678125 0.149061 0.050000 0.119718
0 1.0 0.599219 0.171362 0.048438 0.131455
0 1.0 0.293750 0.086854 0.081250 0.103286
0 1.0 0.785156 0.921362 0.429688 0.157277
0 1.0 0.484375 0.139671 0.831250 0.279343
0 1.0 0.962500 0.075117 0.031250 0.084507
0 1.0 0.248438 0.130282 0.496875 0.260563
0 1.0 0.549219 0.921362 0.589063 0.157277
0 1.0 0.180469 0.124413 0.104688 0.234742
0 1.0 0.936719 0.880282 0.126562 0.164319
0 1.0 0.657031 0.855634 0.279687 0.237089
0 1.0 0.664844 0.863850 0.185938 0.150235
0 1.0 0.611719 0.807512 0.026562 0.046948
0 1.0 0.598437 0.856808 0.212500 0.093897
0 1.0 0.618750 0.828638 0.021875 0.037559
0 1.0 0.889062 0.847418 0.053125 0.084507
0 1.0 0.870313 0.875587 0.125000 0.103286
0 1.0 0.878125 0.868545 0.203125 0.183099
0 1.0 0.823438 0.814554 0.053125 0.093897
0 1.0 0.808594 0.862676 0.304688 0.124413
0 1.0 0.834375 0.836854 0.043750 0.072770
0 1.0 0.135156 0.914319 0.270313 0.143192
0 1.0 0.077344 0.897887 0.104688 0.204225
0 1.0 0.769531 0.818075 0.054688 0.091549
0 1.0 0.961719 0.863850 0.029687 0.061033
0 1.0 0.953906 0.880282 0.057813 0.093897
0 1.0 0.353906 0.841549 0.239063 0.176056
0 1.0 0.550781 0.788732 0.029687 0.056338
0 1.0 0.517188 0.852113 0.212500 0.093897
0 1.0 0.550781 0.807512 0.042188 0.065728
0 1.0 0.530469 0.849765 0.270313 0.230047
0 1.0 0.491406 0.820423 0.060937 0.110329
0 1.0 0.242969 0.841549 0.214062 0.171362
0 1.0 0.193750 0.827465 0.068750 0.129108
0 1.0 0.458594 0.827465 0.054688 0.096244
0 1.0 0.717969 0.822770 0.045312 0.077465
0 1.0 0.668750 0.816901 0.028125 0.046948
0 1.0 0.675781 0.839202 0.023438 0.035211
0 1.0 0.348438 0.818075 0.053125 0.096244
0 1.0 0.353906 0.903756 0.176563 0.173709
0 1.0 0.279687 0.888498 0.109375 0.204225
0 1.0 0.298438 0.910798 0.328125 0.117371
0 1.0 0.129688 0.899061 0.131250 0.169014
0 1.0 0.542188 0.914319 0.284375 0.110329
0 1.0 0.539844 0.894366 0.126562 0.206573
0 1.0 0.484375 0.876761 0.131250 0.246479
0 1.0 0.820312 0.914319 0.109375 0.171362
0 1.0 0.764062 0.894366 0.109375 0.211268
0 1.0 0.664062 0.920188 0.078125 0.150235
0 1.0 0.428125 0.911972 0.315625 0.124413
0 1.0 0.710938 0.913146 0.103125 0.173709
0 1.0 0.050000 0.920188 0.100000 0.098592
0 1.0 0.185156 0.894366 0.123438 0.211268
0 1.0 0.403906 0.870892 0.132812 0.258216
0 1.0 0.033594 0.901408 0.067187 0.197183
0 1.0 0.539062 0.803991 0.134375 0.204225
0 1.0 0.513281 0.813380 0.142187 0.110329
0 1.0 0.708594 0.823944 0.129688 0.239437
0 1.0 0.713281 0.811033 0.317188 0.115023
0 1.0 0.131250 0.780516 0.140625 0.260563
0 1.0 0.153125 0.813380 0.300000 0.119718
0 1.0 0.142187 0.815728 0.081250 0.082160
0 1.0 0.241406 0.826291 0.085938 0.154930
0 1.0 0.284375 0.853286 0.143750 0.096244
0 1.0 0.878906 0.814554 0.242188 0.122066
0 1.0 0.162500 0.865023 0.184375 0.096244
0 1.0 0.078906 0.823944 0.054688 0.107981
0 1.0 0.409375 0.801643 0.053125 0.091549
0 1.0 0.417187 0.808685 0.106250 0.124413
0 1.0 0.421875 0.849765 0.159375 0.122066
0 1.0 0.034375 0.835681 0.053125 0.145540
0 1.0 0.078125 0.861502 0.103125 0.070423
0 1.0 0.285938 0.820423 0.050000 0.082160
0 1.0 0.284375 0.818075 0.100000 0.115023
0 1.0 0.324219 0.854460 0.079687 0.070423
0 1.0 0.792969 0.816901 0.148438 0.089202
0 1.0 0.817969 0.801643 0.154688 0.227700
0 1.0 0.761719 0.818075 0.132812 0.251174
0 1.0 0.084375 0.861502 0.046875 0.065728
0 1.0 0.663281 0.816901 0.095312 0.131455
0 1.0 0.673438 0.213615 0.121875 0.178404
0 1.0 0.666406 0.196009 0.289062 0.119718
0 1.0 0.765625 0.184272 0.300000 0.124413
0 1.0 0.907031 0.185446 0.185938 0.173709
0 1.0 0.767188 0.228873 0.062500 0.176056
0 1.0 0.728906 0.241784 0.048438 0.136150
0 1.0 0.443750 0.075117 0.656250 0.150235
0 1.0 0.475781 0.252347 0.632812 0.204225
0 1.0 0.505469 0.265258 0.042188 0.140845
0 1.0 0.527344 0.204225 0.154688 0.122066
0 1.0 0.546875 0.210094 0.037500 0.063380
0 1.0 0.400781 0.248826 0.048438 0.154930
0 1.0 0.459375 0.198357 0.162500 0.096244
0 1.0 0.528125 0.218310 0.046875 0.079812
0 1.0 0.645312 0.196009 0.146875 0.100939
0 1.0 0.611719 0.217136 0.095312 0.147887
0 1.0 0.544531 0.238263 0.210938 0.448357
0 1.0 0.369531 0.963615 0.076563 0.058685
0 1.0 0.349219 0.957746 0.145313 0.084507
0 1.0 0.069531 0.964789 0.051562 0.051643
0 1.0 0.046094 0.958920 0.092188 0.082160
0 1.0 0.236719 0.915493 0.101562 0.169014
0 1.0 0.273438 0.962441 0.093750 0.061033
0 1.0 0.253906 0.955399 0.164062 0.089202
0 1.0 0.187500 0.942488 0.087500 0.115023
0 1.0 0.233594 0.960094 0.092188 0.061033
0 1.0 0.562500 0.950704 0.121875 0.098592
0 1.0 0.521094 0.963615 0.076563 0.058685
0 1.0 0.499219 0.953052 0.164062 0.093897
0 1.0 0.402344 0.924883 0.092188 0.150235
0 1.0 0.437500 0.964789 0.103125 0.065728
0 1.0 0.962500 0.930751 0.059375 0.138498
0 1.0 0.606250 0.897887 0.078125 0.166667
0 1.0 0.617188 0.911972 0.190625 0.176056
0 1.0 0.151562 0.947183 0.193750 0.105634
0 1.0 0.146875 0.961268 0.068750 0.058685
0 1.0 0.082031 0.943662 0.085938 0.112676
0 1.0 0.944531 0.957746 0.110937 0.084507
0 1.0 0.771094 0.942488 0.154688 0.115023
0 1.0 0.743750 0.963615 0.093750 0.063380
0 1.0 0.921875 0.929577 0.156250 0.140845
0 1.0 0.827344 0.187793 0.101562 0.084507
0 1.0 0.878125 0.185446 0.084375 0.281690
0 1.0 0.875781 0.936620 0.092188 0.126761
0 1.0 0.864844 0.961268 0.070312 0.058685
0 1.0 0.456250 0.935446 0.134375 0.129108
0 1.0 0.707031 0.962441 0.085938 0.061033
0 1.0 0.671875 0.950704 0.190625 0.098592
0 1.0 0.609375 0.954225 0.087500 0.091549
0 1.0 0.657813 0.960094 0.075000 0.061033
0 1.0 0.595313 0.961268 0.071875 0.053991
0 1.0 0.817969 0.949531 0.082812 0.100939
0 1.0 0.784375 0.962441 0.103125 0.065728
0 1.0 0.478125 0.967136 0.078125 0.056338
0 1.0 0.349219 0.812207 0.251563 0.375587
0 1.0 0.647656 0.733568 0.207813 0.518779
0 1.0 0.745313 0.737089 0.396875 0.403756
0 1.0 0.178125 0.833333 0.356250 0.328638
0 1.0 0.925000 0.840376 0.150000 0.319249
0 1.0 0.917969 0.348592 0.164062 0.490610
0 1.0 0.446094 0.231221 0.339062 0.316901
0 1.0 0.745313 0.467136 0.456250 0.934272
0 1.0 0.657031 0.623239 0.426563 0.448357
0 1.0 0.925781 0.653756 0.148438 0.579812
0 1.0 0.866406 0.505869 0.267188 0.678404