0 1.0 0.360156 0.448586 0.248438 0.655527
0 1.0 0.614844 0.660668 0.198437 0.149100
0 1.0 0.548438 0.634961 0.087500 0.262211
0 1.0 0.545312 0.659383 0.240625 0.115681
0 1.0 0.311719 0.647815 0.192188 0.323907
0 1.0 0.245312 0.703085 0.068750 0.192802
0 1.0 0.260937 0.660668 0.284375 0.149100
0 1.0 0.494531 0.646530 0.117188 0.316195
0 1.0 0.458594 0.660668 0.254688 0.133676
0 1.0 0.606250 0.661954 0.256250 0.290488
0 1.0 0.768750 0.681234 0.109375 0.236504
0 1.0 0.777344 0.660668 0.245312 0.159383
0 1.0 0.712500 0.674807 0.121875 0.316195
0 1.0 0.382812 0.643959 0.090625 0.275064
0 1.0 0.605469 0.669666 0.089063 0.285347
0 1.0 0.389062 0.663239 0.140625 0.154242
0 1.0 0.667188 0.688946 0.078125 0.179949
0 1.0 0.608594 0.674807 0.060937 0.177378
0 1.0 0.296875 0.667095 0.040625 0.084833
0 1.0 0.967187 0.645244 0.043750 0.133676
0 1.0 0.942969 0.605398 0.114062 0.131105
0 1.0 0.294531 0.667095 0.076563 0.105398
0 1.0 0.189844 0.672237 0.089063 0.244216
0 1.0 0.491406 0.667095 0.092188 0.120823
0 1.0 0.431250 0.637532 0.109375 0.282776
0 1.0 0.453906 0.672237 0.045312 0.089974
0 1.0 0.411719 0.631105 0.242188 0.341902
0 1.0 0.139844 0.658098 0.123438 0.272494
0 1.0 0.176563 0.668380 0.087500 0.102828
0 1.0 0.932031 0.659383 0.135937 0.136247
0 1.0 0.923438 0.661954 0.153125 0.269923
0 1.0 0.264844 0.709512 0.151562 0.195373
0 1.0 0.224219 0.713368 0.198437 0.125964
0 1.0 0.820312 0.659383 0.256250 0.305913
0 1.0 0.192188 0.685090 0.256250 0.280206
0 1.0 0.189062 0.714653 0.065625 0.097686
0 1.0 0.371875 0.706941 0.278125 0.169666
0 1.0 0.071094 0.715938 0.104688 0.316195
0 1.0 0.128125 0.709512 0.171875 0.097686
0 1.0 0.961719 0.695373 0.064062 0.120823
0 1.0 0.817969 0.663239 0.082812 0.071979
0 1.0 0.876563 0.667095 0.115625 0.203085
0 1.0 0.846875 0.667095 0.081250 0.079692
0 1.0 0.817969 0.677378 0.107813 0.218509
0 1.0 0.575000 0.664524 0.087500 0.100257
0 1.0 0.139063 0.714653 0.065625 0.087404
0 1.0 0.033594 0.724936 0.067187 0.277635
0 1.0 0.047656 0.708226 0.095312 0.074550
0 1.0 0.050781 0.713368 0.048438 0.064267
0 1.0 0.427344 0.610540 0.070312 0.100257
0 1.0 0.319531 0.602828 0.129688 0.089974
0 1.0 0.158594 0.664524 0.204687 0.110540
0 1.0 0.235156 0.602828 0.145313 0.095116
0 1.0 0.073438 0.602828 0.146875 0.285347
0 1.0 0.053125 0.609254 0.106250 0.164524
0 1.0 0.967969 0.588689 0.042188 0.133676
0 1.0 0.943750 0.546272 0.112500 0.100257
0 1.0 0.557031 0.600257 0.167187 0.213368
0 1.0 0.471094 0.601542 0.198437 0.097686
0 1.0 0.511719 0.605398 0.070312 0.079692
0 1.0 0.487500 0.609254 0.028125 0.056555
0 1.0 0.149219 0.610540 0.204687 0.100257
0 1.0 0.166406 0.616967 0.085938 0.092545
0 1.0 0.131250 0.616967 0.062500 0.071979
0 1.0 0.044531 0.607969 0.089063 0.069409
0 1.0 0.053906 0.613111 0.039062 0.053985
0 1.0 0.713281 0.547558 0.310937 0.123393
0 1.0 0.718750 0.566838 0.081250 0.167095
0 1.0 0.927344 0.553985 0.145313 0.269923
0 1.0 0.248438 0.645244 0.068750 0.143959
0 1.0 0.292187 0.613111 0.050000 0.074550
0 1.0 0.876563 0.559126 0.118750 0.244216
0 1.0 0.842187 0.551414 0.168750 0.120823
0 1.0 0.858594 0.556555 0.251563 0.305913
0 1.0 0.137500 0.607969 0.221875 0.305913
0 1.0 0.058594 0.661954 0.045312 0.069409
0 1.0 0.715625 0.632391 0.081250 0.179949
0 1.0 0.704688 0.604113 0.212500 0.133676
0 1.0 0.707812 0.620823 0.256250 0.316195
0 1.0 0.817187 0.604113 0.100000 0.077121
0 1.0 0.217188 0.667095 0.128125 0.131105
0 1.0 0.132031 0.664524 0.076563 0.095116
0 1.0 0.050781 0.656812 0.101562 0.079692
0 1.0 0.824219 0.600257 0.310937 0.131105
0 1.0 0.394531 0.601542 0.201563 0.118252
0 1.0 0.625781 0.598972 0.235937 0.107969
0 1.0 0.314063 0.620823 0.021875 0.053985
0 1.0 0.569531 0.597686 0.076563 0.079692
0 1.0 0.890625 0.766067 0.218750 0.149100
0 1.0 0.185938 0.807198 0.128125 0.262211
0 1.0 0.193750 0.808483 0.190625 0.141388
0 1.0 0.133594 0.811054 0.120313 0.305913
0 1.0 0.453906 0.717224 0.085938 0.113111
0 1.0 0.827344 0.771208 0.270313 0.262211
0 1.0 0.763281 0.767352 0.114062 0.228792
0 1.0 0.789844 0.764781 0.310937 0.120823
0 1.0 0.124219 0.818766 0.107813 0.115681
0 1.0 0.086719 0.812339 0.173437 0.231362
0 1.0 0.340625 0.778920 0.256250 0.221080
0 1.0 0.913281 0.780206 0.157812 0.311054
0 1.0 0.237500 0.795630 0.109375 0.280206
0 1.0 0.268750 0.805913 0.128125 0.105398
0 1.0 0.296094 0.809769 0.067187 0.071979
0 1.0 0.821875 0.772494 0.062500 0.064267
0 1.0 0.813281 0.780206 0.129688 0.192802
0 1.0 0.033594 0.826478 0.067187 0.264781
0 1.0 0.452344 0.759640 0.298438 0.131105
0 1.0 0.499219 0.746787 0.148438 0.264781
0 1.0 0.053906 0.814910 0.107813 0.087404
0 1.0 0.050781 0.822622 0.054688 0.077121
0 1.0 0.971094 0.796915 0.057813 0.149100
0 1.0 0.939844 0.762211 0.120313 0.095116
0 1.0 0.771094 0.766067 0.132812 0.082262
0 1.0 0.667188 0.759640 0.093750 0.197943
0 1.0 0.695312 0.768638 0.128125 0.118252
0 1.0 0.667188 0.754499 0.246875 0.254499
0 1.0 0.501563 0.812339 0.240625 0.154242
0 1.0 0.771875 0.816195 0.200000 0.187661
0 1.0 0.712500 0.821337 0.121875 0.295630
0 1.0 0.967187 0.861183 0.062500 0.174807
0 1.0 0.922656 0.812339 0.154688 0.107969
0 1.0 0.606250 0.808483 0.109375 0.311054
0 1.0 0.620313 0.811054 0.284375 0.120823
0 1.0 0.814063 0.820051 0.071875 0.082262
0 1.0 0.444531 0.807198 0.107813 0.241645
0 1.0 0.396094 0.804627 0.114062 0.236504
0 1.0 0.399219 0.805913 0.235937 0.131105
0 1.0 0.477344 0.811054 0.120313 0.105398
0 1.0 0.335938 0.798201 0.131250 0.223650
0 1.0 0.607031 0.809769 0.251563 0.272494
0 1.0 0.550000 0.802057 0.121875 0.318766
0 1.0 0.804688 0.719794 0.096875 0.071979
0 1.0 0.846875 0.726221 0.062500 0.064267
0 1.0 0.784375 0.713368 0.300000 0.125964
0 1.0 0.049219 0.764781 0.098437 0.079692
0 1.0 0.043750 0.771208 0.050000 0.066838
0 1.0 0.938281 0.713368 0.123438 0.120823
0 1.0 0.969531 0.742931 0.048438 0.128535
0 1.0 0.532813 0.708226 0.278125 0.131105
0 1.0 0.546094 0.699229 0.139063 0.272494
0 1.0 0.564844 0.714653 0.089063 0.107969
0 1.0 0.304688 0.709512 0.096875 0.123393
0 1.0 0.721875 0.722365 0.078125 0.195373
0 1.0 0.627344 0.713368 0.145313 0.131105
0 1.0 0.549219 0.768638 0.098437 0.107969
0 1.0 0.299219 0.759640 0.104688 0.110540
0 1.0 0.446875 0.744216 0.146875 0.223650
0 1.0 0.467187 0.764781 0.106250 0.100257
0 1.0 0.627344 0.767352 0.154688 0.131105
0 1.0 0.217969 0.762211 0.214062 0.125964
0 1.0 0.181250 0.766067 0.081250 0.113111
0 1.0 0.135156 0.754499 0.226562 0.290488
0 1.0 0.125000 0.763496 0.215625 0.107969
0 1.0 0.136719 0.769923 0.076563 0.095116
0 1.0 0.540625 0.462725 0.068750 0.133676
0 1.0 0.520312 0.397172 0.250000 0.120823
0 1.0 0.544531 0.397172 0.260937 0.280206
0 1.0 0.508594 0.449871 0.067187 0.154242
0 1.0 0.249219 0.388175 0.114062 0.195373
0 1.0 0.185156 0.415167 0.092188 0.254499
0 1.0 0.221094 0.392031 0.142187 0.105398
0 1.0 0.438281 0.415167 0.092188 0.192802
0 1.0 0.442969 0.401028 0.148438 0.097686
0 1.0 0.414062 0.361183 0.221875 0.336761
0 1.0 0.252344 0.379177 0.226562 0.347044
0 1.0 0.713281 0.406170 0.114062 0.257069
0 1.0 0.715625 0.394602 0.293750 0.131105
0 1.0 0.707031 0.389460 0.260937 0.275064
0 1.0 0.658594 0.421594 0.101562 0.210797
0 1.0 0.608594 0.404884 0.185938 0.192802
0 1.0 0.346875 0.393316 0.137500 0.478149
0 1.0 0.403906 0.381748 0.142187 0.110540
0 1.0 0.592969 0.439589 0.048438 0.097686
0 1.0 0.665625 0.424165 0.068750 0.128535
0 1.0 0.276562 0.398458 0.128125 0.102828
0 1.0 0.248438 0.419023 0.065625 0.185090
0 1.0 0.286719 0.399743 0.054688 0.089974
0 1.0 0.921094 0.334190 0.123438 0.339332
0 1.0 0.884375 0.340617 0.231250 0.131105
0 1.0 0.128125 0.412596 0.109375 0.300771
0 1.0 0.159375 0.389460 0.159375 0.105398
0 1.0 0.079687 0.408740 0.096875 0.246787
0 1.0 0.103906 0.395887 0.173437 0.154242
0 1.0 0.318750 0.375321 0.078125 0.154242
0 1.0 0.293750 0.403599 0.090625 0.385604
0 1.0 0.353906 0.393316 0.048438 0.071979
0 1.0 0.332031 0.390746 0.051562 0.071979
0 1.0 0.902344 0.393316 0.195312 0.159383
0 1.0 0.182812 0.448586 0.221875 0.331620
0 1.0 0.207031 0.466581 0.060937 0.125964
0 1.0 0.134375 0.474293 0.075000 0.239075
0 1.0 0.138281 0.444730 0.204687 0.159383
0 1.0 0.128125 0.446015 0.081250 0.069409
0 1.0 0.171875 0.446015 0.078125 0.079692
0 1.0 0.400781 0.440874 0.029687 0.059126
0 1.0 0.029687 0.474293 0.059375 0.203085
0 1.0 0.068750 0.447301 0.040625 0.051414
0 1.0 0.289844 0.428021 0.057813 0.259640
0 1.0 0.286719 0.442159 0.057813 0.087404
0 1.0 0.324219 0.457584 0.039062 0.107969
0 1.0 0.264062 0.444730 0.046875 0.066838
0 1.0 0.313281 0.446015 0.039062 0.064267
0 1.0 0.875000 0.402314 0.125000 0.285347
0 1.0 0.826562 0.393316 0.168750 0.107969
0 1.0 0.858594 0.384319 0.251563 0.290488
0 1.0 0.815625 0.402314 0.121875 0.280206
0 1.0 0.765625 0.402314 0.118750 0.275064
0 1.0 0.817187 0.392031 0.262500 0.161954
0 1.0 0.044531 0.449871 0.089063 0.097686
0 1.0 0.963281 0.434447 0.057813 0.174807
0 1.0 0.592969 0.437018 0.079687 0.169666
0 1.0 0.939844 0.392031 0.120313 0.100257
0 1.0 0.372656 0.341902 0.117188 0.102828
0 1.0 0.327344 0.335476 0.123438 0.131105
0 1.0 0.884375 0.289203 0.231250 0.125964
0 1.0 0.188281 0.371465 0.057813 0.156812
0 1.0 0.200781 0.349614 0.170313 0.174807
0 1.0 0.212500 0.359897 0.050000 0.118252
0 1.0 0.950000 0.287918 0.100000 0.154242
0 1.0 0.428125 0.347044 0.153125 0.128535
0 1.0 0.115625 0.339332 0.159375 0.102828
0 1.0 0.367188 0.322622 0.200000 0.203085
0 1.0 0.957031 0.289203 0.051562 0.105398
0 1.0 0.099219 0.086118 0.198437 0.172237
0 1.0 0.098437 0.035990 0.121875 0.071979
0 1.0 0.678125 0.663239 0.643750 0.673522
0 1.0 0.317969 0.655527 0.635938 0.688946
0 1.0 0.185938 0.084833 0.237500 0.169666
0 1.0 0.192188 0.056555 0.100000 0.107969
0 1.0 0.135156 0.362468 0.070312 0.210797
0 1.0 0.156250 0.029563 0.090625 0.059126
0 1.0 0.139844 0.060411 0.073438 0.105398
0 1.0 0.075000 0.068123 0.062500 0.120823
0 1.0 0.137500 0.335476 0.225000 0.295630
0 1.0 0.023438 0.068123 0.043750 0.105398
0 1.0 0.021094 0.327763 0.042188 0.141388
0 1.0 0.053906 0.335476 0.107813 0.084833
0 1.0 0.032031 0.338046 0.064062 0.223650
0 1.0 0.071094 0.338046 0.142187 0.280206
0 1.0 0.063281 0.026992 0.054688 0.048843
0 1.0 0.667188 0.371465 0.071875 0.131105
0 1.0 0.664844 0.344473 0.248438 0.154242
0 1.0 0.443750 0.356041 0.040625 0.084833
0 1.0 0.500000 0.403599 0.059375 0.128535
0 1.0 0.768750 0.340617 0.300000 0.131105
0 1.0 0.060156 0.393316 0.120313 0.092545
0 1.0 0.946094 0.344473 0.107813 0.164524
0 1.0 0.962500 0.340617 0.037500 0.105398
0 1.0 0.599219 0.368895 0.057813 0.110540
0 1.0 0.541406 0.403599 0.060937 0.128535
0 1.0 0.561719 0.343188 0.264062 0.125964
0 1.0 0.257812 0.376607 0.050000 0.141388
0 1.0 0.493750 0.356041 0.175000 0.182519
0 1.0 0.148438 0.557841 0.168750 0.143959
0 1.0 0.050000 0.551414 0.100000 0.079692
0 1.0 0.764844 0.489717 0.276562 0.295630
0 1.0 0.713281 0.501285 0.107813 0.241645
0 1.0 0.675781 0.496144 0.289062 0.123393
0 1.0 0.968750 0.539846 0.040625 0.133676
0 1.0 0.944531 0.497429 0.110937 0.100257
0 1.0 0.239063 0.566838 0.090625 0.275064
0 1.0 0.248438 0.556555 0.190625 0.110540
0 1.0 0.233594 0.553985 0.242188 0.316195
0 1.0 0.186719 0.587404 0.114062 0.228792
0 1.0 0.835938 0.501285 0.087500 0.077121
0 1.0 0.837500 0.503856 0.190625 0.123393
0 1.0 0.771094 0.501285 0.117188 0.246787
0 1.0 0.431250 0.526992 0.087500 0.251928
0 1.0 0.451562 0.497429 0.115625 0.146530
0 1.0 0.657813 0.514139 0.090625 0.185090
0 1.0 0.820312 0.498715 0.125000 0.251928
0 1.0 0.590625 0.521851 0.053125 0.097686
0 1.0 0.581250 0.494859 0.259375 0.161954
0 1.0 0.469531 0.548843 0.070312 0.115681
0 1.0 0.660937 0.588689 0.100000 0.226221
0 1.0 0.667188 0.582262 0.068750 0.131105
0 1.0 0.660937 0.553985 0.196875 0.203085
0 1.0 0.594531 0.584833 0.073438 0.187661
0 1.0 0.554688 0.543702 0.278125 0.120823
0 1.0 0.135156 0.582262 0.085938 0.254499
0 1.0 0.402344 0.538560 0.110937 0.424165
0 1.0 0.400781 0.556555 0.254688 0.141388
0 1.0 0.335156 0.556555 0.154688 0.110540
0 1.0 0.591406 0.577121 0.045312 0.105398
0 1.0 0.301563 0.555270 0.115625 0.365039
0 1.0 0.266406 0.557841 0.107813 0.077121
0 1.0 0.311719 0.571979 0.032813 0.059126
0 1.0 0.506250 0.575835 0.087500 0.236504
0 1.0 0.482812 0.553985 0.231250 0.300771
0 1.0 0.825000 0.443445 0.225000 0.115681
0 1.0 0.497656 0.469152 0.129688 0.156812
0 1.0 0.432812 0.458869 0.065625 0.146530
0 1.0 0.480469 0.447301 0.042188 0.056555
0 1.0 0.712500 0.443445 0.181250 0.100257
0 1.0 0.718750 0.455013 0.071875 0.123393
0 1.0 0.070312 0.489717 0.140625 0.285347
0 1.0 0.967969 0.479434 0.039062 0.115681
0 1.0 0.963281 0.444730 0.073438 0.082262
0 1.0 0.931250 0.447301 0.137500 0.128535
0 1.0 0.579688 0.448586 0.178125 0.115681
0 1.0 0.596094 0.492288 0.042188 0.079692
0 1.0 0.878906 0.456298 0.085938 0.161954
0 1.0 0.492969 0.449871 0.245312 0.113111
0 1.0 0.186719 0.474293 0.060937 0.177378
0 1.0 0.235937 0.447301 0.062500 0.077121
0 1.0 0.667188 0.466581 0.062500 0.105398
0 1.0 0.359375 0.426735 0.231250 0.159383
0 1.0 0.363281 0.404884 0.117188 0.223650
0 1.0 0.546094 0.515424 0.054688 0.100257
0 1.0 0.191406 0.508997 0.170313 0.154242
0 1.0 0.421094 0.484576 0.217188 0.336761
0 1.0 0.412500 0.503856 0.250000 0.128535
0 1.0 0.652344 0.492288 0.270313 0.280206
0 1.0 0.536719 0.519280 0.101562 0.164524
0 1.0 0.264062 0.506427 0.090625 0.071979
0 1.0 0.842187 0.447301 0.053125 0.056555
0 1.0 0.112500 0.496144 0.209375 0.107969
0 1.0 0.057031 0.496144 0.114062 0.087404
0 1.0 0.289062 0.511568 0.037500 0.061697
0 1.0 0.241406 0.511568 0.098437 0.113111
0 1.0 0.185938 0.535990 0.075000 0.218509
0 1.0 0.925000 0.134961 0.150000 0.254499
0 1.0 0.891406 0.122108 0.217188 0.131105
0 1.0 0.265625 0.746787 0.528125 0.208226
0 1.0 0.121875 0.182519 0.143750 0.092545
0 1.0 0.076563 0.174807 0.134375 0.287918
0 1.0 0.611719 0.140103 0.104688 0.187661
0 1.0 0.816406 0.140103 0.132812 0.280206
0 1.0 0.820312 0.120823 0.262500 0.174807
0 1.0 0.767969 0.129820 0.139063 0.244216
0 1.0 0.710156 0.137532 0.135937 0.275064
0 1.0 0.713281 0.122108 0.264062 0.136247
0 1.0 0.765625 0.632391 0.218750 0.519280
0 1.0 0.738281 0.645244 0.501563 0.231362
0 1.0 0.134375 0.179949 0.140625 0.185090
0 1.0 0.241406 0.223650 0.092188 0.236504
0 1.0 0.289062 0.186375 0.206250 0.110540
0 1.0 0.260156 0.187661 0.260937 0.257069
0 1.0 0.032031 0.182519 0.064062 0.251928
0 1.0 0.053906 0.182519 0.095312 0.071979
0 1.0 0.349219 0.643959 0.492188 0.249357
0 1.0 0.945312 0.125964 0.109375 0.102828
0 1.0 0.965625 0.174807 0.059375 0.174807
0 1.0 0.348438 0.158098 0.140625 0.146530
0 1.0 0.306250 0.204370 0.053125 0.115681
0 1.0 0.282813 0.143959 0.228125 0.092545
0 1.0 0.310937 0.178663 0.078125 0.120823
0 1.0 0.298438 0.151671 0.084375 0.066838
0 1.0 0.665625 0.844473 0.578125 0.203085
0 1.0 0.610938 0.124679 0.275000 0.136247
0 1.0 0.503125 0.152956 0.128125 0.192802
0 1.0 0.501563 0.140103 0.250000 0.275064
0 1.0 0.434375 0.196658 0.068750 0.125964
0 1.0 0.471094 0.134961 0.201563 0.100257
0 1.0 0.429688 0.168380 0.112500 0.146530
0 1.0 0.479687 0.138817 0.100000 0.092545
0 1.0 0.185156 0.158098 0.070312 0.187661
0 1.0 0.208594 0.128535 0.201563 0.097686
0 1.0 0.341406 0.140103 0.232813 0.275064
0 1.0 0.387500 0.176093 0.115625 0.156812
0 1.0 0.339062 0.201799 0.084375 0.136247
0 1.0 0.142969 0.125964 0.201563 0.123393
0 1.0 0.660156 0.759640 0.589063 0.218509
0 1.0 0.664844 0.131105 0.132812 0.236504
0 1.0 0.360156 0.850900 0.589063 0.200514
0 1.0 0.548438 0.155527 0.109375 0.223650
0 1.0 0.171875 0.849614 0.343750 0.203085
0 1.0 0.846875 0.183805 0.231250 0.156812
0 1.0 0.735156 0.447301 0.529687 0.215938
0 1.0 0.454688 0.444730 0.518750 0.221080
0 1.0 0.764844 0.173522 0.260937 0.305913
0 1.0 0.712500 0.178663 0.293750 0.136247
0 1.0 0.875000 0.164524 0.168750 0.298201
0 1.0 0.196094 0.508997 0.389062 0.508997
0 1.0 0.852344 0.182519 0.145313 0.102828
0 1.0 0.940625 0.181234 0.118750 0.110540
0 1.0 0.186719 0.291774 0.064062 0.177378
0 1.0 0.226562 0.235219 0.184375 0.105398
0 1.0 0.538281 0.442159 0.467187 0.483290
0 1.0 0.182812 0.250643 0.150000 0.203085
0 1.0 0.133594 0.245501 0.098437 0.280206
0 1.0 0.142969 0.235219 0.273438 0.125964
0 1.0 0.229687 0.448586 0.459375 0.223650
0 1.0 0.195312 0.250643 0.243750 0.285347
0 1.0 0.064844 0.235219 0.129688 0.095116
0 1.0 0.339062 0.208226 0.046875 0.077121
0 1.0 0.432031 0.194087 0.251563 0.259640
0 1.0 0.463281 0.208226 0.092188 0.113111
0 1.0 0.197656 0.192802 0.032813 0.066838
0 1.0 0.393750 0.196658 0.218750 0.141388
0 1.0 0.342969 0.245501 0.117188 0.177378
0 1.0 0.602344 0.181234 0.251563 0.295630
0 1.0 0.539844 0.183805 0.198437 0.115681
0 1.0 0.649219 0.546272 0.567187 0.233933
0 1.0 0.653125 0.537275 0.434375 0.467866
0 1.0 0.777344 0.052699 0.129688 0.105398
0 1.0 0.905469 0.041131 0.167187 0.082262
0 1.0 0.873437 0.047558 0.062500 0.095116
0 1.0 0.521094 0.696658 0.773438 0.308483
0 1.0 0.659375 0.080977 0.243750 0.161954
0 1.0 0.664062 0.056555 0.131250 0.113111
0 1.0 0.607031 0.061697 0.076563 0.123393
0 1.0 0.623437 0.028278 0.109375 0.056555
0 1.0 0.609375 0.039846 0.184375 0.079692
0 1.0 0.819531 0.053985 0.070312 0.107969
0 1.0 0.771875 0.075835 0.246875 0.151671
0 1.0 0.830469 0.041131 0.189062 0.082262
0 1.0 0.778906 0.043702 0.054688 0.082262
0 1.0 0.134375 0.119537 0.100000 0.228792
0 1.0 0.238281 0.137532 0.073438 0.161954
0 1.0 0.251563 0.082262 0.215625 0.107969
0 1.0 0.058594 0.077121 0.117188 0.087404
0 1.0 0.037500 0.105398 0.075000 0.210797
0 1.0 0.927344 0.051414 0.079687 0.102828
0 1.0 0.964063 0.061697 0.031250 0.066838
0 1.0 0.346875 0.069409 0.071875 0.097686
0 1.0 0.313281 0.038560 0.164062 0.077121
0 1.0 0.508594 0.823907 0.964063 0.352185
0 1.0 0.321094 0.323907 0.642188 0.647815
0 1.0 0.296094 0.062982 0.073438 0.100257
0 1.0 0.406250 0.056555 0.118750 0.113111
0 1.0 0.490625 0.025707 0.065625 0.051414
0 1.0 0.042188 0.034704 0.084375 0.069409
0 1.0 0.180469 0.041131 0.182812 0.082262
0 1.0 0.332031 0.025707 0.070312 0.051414
0 1.0 0.249219 0.073265 0.057813 0.089974
0 1.0 0.267188 0.029563 0.128125 0.059126
0 1.0 0.250000 0.057841 0.118750 0.115681
0 1.0 0.557031 0.056555 0.129688 0.113111
0 1.0 0.504687 0.071979 0.071875 0.133676
0 1.0 0.503906 0.039846 0.182812 0.079692
0 1.0 0.445312 0.074550 0.037500 0.071979
0 1.0 0.737500 0.028278 0.115625 0.056555
0 1.0 0.718750 0.044987 0.065625 0.089974
0 1.0 0.715625 0.055270 0.137500 0.110540
0 1.0 0.675781 0.028278 0.129688 0.056555
0 1.0 0.445312 0.066838 0.068750 0.092545
0 1.0 0.451562 0.086118 0.237500 0.172237
0 1.0 0.396094 0.080977 0.067187 0.146530
0 1.0 0.396875 0.029563 0.193750 0.059126
0 1.0 0.557031 0.087404 0.242188 0.174807
0 1.0 0.509375 0.182519 0.981250 0.365039
0 1.0 0.570312 0.029563 0.115625 0.059126
0 1.0 0.867969 0.075835 0.151562 0.110540
0 1.0 0.453906 0.919023 0.589063 0.161954
0 1.0 0.732812 0.916452 0.534375 0.167095
0 1.0 0.253906 0.123393 0.507812 0.246787
0 1.0 0.055469 0.123393 0.110937 0.087404
0 1.0 0.224219 0.921594 0.448437 0.156812
0 1.0 0.964844 0.113111 0.042188 0.113111
0 1.0 0.943750 0.080977 0.112500 0.125964
0 1.0 0.523438 0.307198 0.631250 0.357326
0 1.0 0.741406 0.300771 0.517188 0.293059
0 1.0 0.302344 0.128535 0.101562 0.133676
0 1.0 0.741406 0.120823 0.517188 0.241645
0 1.0 0.184375 0.105398 0.109375 0.205656
0 1.0 0.472656 0.084833 0.117188 0.102828
0 1.0 0.250781 0.300771 0.501563 0.298201
0 1.0 0.372656 0.077121 0.148438 0.097686
0 1.0 0.438281 0.149100 0.057813 0.123393
0 1.0 0.446875 0.913882 0.315625 0.125964
0 1.0 0.445312 0.886889 0.146875 0.226221
0 1.0 0.717969 0.911311 0.098437 0.177378
0 1.0 0.682031 0.915167 0.317188 0.118252
0 1.0 0.665625 0.912596 0.096875 0.174807
0 1.0 0.350781 0.888175 0.254688 0.223650
0 1.0 0.889844 0.890746 0.220312 0.218509
0 1.0 0.607031 0.906170 0.101562 0.187661
0 1.0 0.814844 0.906170 0.126562 0.187661
0 1.0 0.765625 0.892031 0.118750 0.215938
0 1.0 0.029687 0.915167 0.059375 0.169666
0 1.0 0.051562 0.919023 0.103125 0.079692
0 1.0 0.557813 0.917738 0.278125 0.118252
0 1.0 0.548438 0.890746 0.146875 0.218509
0 1.0 0.189062 0.913882 0.143750 0.172237
0 1.0 0.498437 0.883033 0.115625 0.233933
0 1.0 0.425000 0.953728 0.125000 0.092545
0 1.0 0.346094 0.910026 0.098437 0.179949
0 1.0 0.353906 0.962725 0.098437 0.069409
0 1.0 0.331250 0.948586 0.187500 0.102828
0 1.0 0.041406 0.960154 0.082812 0.079692
0 1.0 0.070312 0.922879 0.140625 0.154242
0 1.0 0.239063 0.920308 0.093750 0.159383
0 1.0 0.270313 0.960154 0.112500 0.069409
0 1.0 0.584375 0.953728 0.118750 0.092545
0 1.0 0.546094 0.962725 0.085938 0.064267
0 1.0 0.525000 0.951157 0.146875 0.097686
0 1.0 0.397656 0.906170 0.123438 0.187661
0 1.0 0.450000 0.921594 0.087500 0.156812
0 1.0 0.490625 0.962725 0.075000 0.059126
0 1.0 0.135937 0.938303 0.081250 0.123393
0 1.0 0.171094 0.965296 0.104688 0.069409
0 1.0 0.920312 0.920308 0.159375 0.107969
0 1.0 0.957812 0.939589 0.084375 0.120823
0 1.0 0.224219 0.962725 0.110937 0.069409
0 1.0 0.106250 0.957584 0.125000 0.084833
0 1.0 0.846094 0.911311 0.232813 0.115681
0 1.0 0.211719 0.866324 0.157812 0.087404
0 1.0 0.192188 0.836761 0.071875 0.146530
0 1.0 0.487500 0.868895 0.093750 0.092545
0 1.0 0.427344 0.867609 0.139063 0.115681
0 1.0 0.341406 0.826478 0.064062 0.136247
0 1.0 0.328906 0.866324 0.207813 0.102828
0 1.0 0.667969 0.868895 0.173437 0.174807
0 1.0 0.554688 0.807198 0.050000 0.113111
0 1.0 0.567187 0.870180 0.131250 0.110540
0 1.0 0.502344 0.820051 0.064062 0.149100
0 1.0 0.507031 0.863753 0.170313 0.128535
0 1.0 0.141406 0.814910 0.051562 0.128535
0 1.0 0.168750 0.865039 0.106250 0.110540
0 1.0 0.078125 0.835476 0.062500 0.159383
0 1.0 0.028906 0.861183 0.045312 0.138817
0 1.0 0.132031 0.866324 0.079687 0.092545
0 1.0 0.050781 0.870180 0.048438 0.069409
0 1.0 0.049219 0.867609 0.098437 0.074550
0 1.0 0.292969 0.839332 0.089063 0.151671
0 1.0 0.291406 0.876607 0.064062 0.071979
0 1.0 0.241406 0.813625 0.067187 0.161954
0 1.0 0.239844 0.862468 0.176563 0.192802
0 1.0 0.671094 0.858612 0.276562 0.246787
0 1.0 0.780469 0.875321 0.292187 0.161954
0 1.0 0.964063 0.886889 0.031250 0.061697
0 1.0 0.914062 0.870180 0.171875 0.125964
0 1.0 0.955469 0.897172 0.057813 0.087404
0 1.0 0.778125 0.823907 0.043750 0.074550
0 1.0 0.881250 0.835476 0.068750 0.107969
0 1.0 0.153125 0.917738 0.259375 0.113111
0 1.0 0.767969 0.802057 0.048438 0.097686
0 1.0 0.448437 0.802057 0.043750 0.097686
0 1.0 0.721094 0.811054 0.039062 0.084833
0 1.0 0.732031 0.831620 0.032813 0.064267
0 1.0 0.667969 0.811054 0.032813 0.069409
0 1.0 0.676562 0.841902 0.031250 0.059126
0 1.0 0.611719 0.816195 0.039062 0.089974
0 1.0 0.839063 0.883033 0.103125 0.100257
0 1.0 0.828906 0.853470 0.048438 0.082262
0 1.0 0.771875 0.235219 0.306250 0.136247
0 1.0 0.766406 0.224936 0.129688 0.254499
0 1.0 0.932031 0.236504 0.135937 0.149100
0 1.0 0.660937 0.231362 0.118750 0.231362
0 1.0 0.664062 0.236504 0.240625 0.164524
0 1.0 0.263281 0.295630 0.157812 0.231362
0 1.0 0.249219 0.291774 0.135937 0.100257
0 1.0 0.217969 0.309769 0.039062 0.089974
0 1.0 0.161719 0.286632 0.120313 0.084833
0 1.0 0.147656 0.300771 0.045312 0.118252
0 1.0 0.553906 0.142674 0.589063 0.218509
0 1.0 0.080469 0.275064 0.045312 0.118252
0 1.0 0.097656 0.285347 0.195312 0.138817
0 1.0 0.059375 0.287918 0.084375 0.066838
0 1.0 0.501563 0.281491 0.093750 0.228792
0 1.0 0.461719 0.231362 0.295312 0.133676
0 1.0 0.494531 0.253213 0.242188 0.280206
0 1.0 0.300781 0.285347 0.073438 0.215938
0 1.0 0.362500 0.242931 0.065625 0.100257
0 1.0 0.292187 0.231362 0.246875 0.128535
0 1.0 0.250000 0.276350 0.068750 0.167095
0 1.0 0.545312 0.260925 0.131250 0.228792
0 1.0 0.716406 0.226221 0.117188 0.236504
0 1.0 0.445312 0.287918 0.071875 0.164524
0 1.0 0.437500 0.269923 0.140625 0.215938
0 1.0 0.607812 0.250643 0.115625 0.285347
0 1.0 0.817969 0.278920 0.110937 0.254499
0 1.0 0.747656 0.960154 0.123438 0.069409
0 1.0 0.922656 0.944730 0.092188 0.110540
0 1.0 0.874219 0.938303 0.095312 0.123393
0 1.0 0.721875 0.287918 0.225000 0.118252
0 1.0 0.878125 0.962725 0.078125 0.059126
0 1.0 0.894531 0.273779 0.210938 0.295630
0 1.0 0.851562 0.285347 0.121875 0.087404
0 1.0 0.885938 0.260925 0.065625 0.120823
0 1.0 0.660937 0.948586 0.071875 0.102828
0 1.0 0.291406 0.915167 0.089063 0.169666
0 1.0 0.607812 0.961440 0.075000 0.061697
0 1.0 0.832812 0.955013 0.190625 0.089974
0 1.0 0.604688 0.298201 0.050000 0.102828
0 1.0 0.604688 0.284062 0.243750 0.161954
0 1.0 0.545312 0.325193 0.087500 0.187661
0 1.0 0.542188 0.285347 0.187500 0.107969
0 1.0 0.301563 0.282776 0.143750 0.113111
0 1.0 0.264062 0.331620 0.031250 0.092545
0 1.0 0.447656 0.353470 0.057813 0.136247
0 1.0 0.825781 0.272494 0.064062 0.123393
0 1.0 0.973437 0.962725 0.053125 0.074550
0 1.0 0.773438 0.269923 0.075000 0.138817
0 1.0 0.500000 0.344473 0.071875 0.149100
0 1.0 0.722656 0.275064 0.070312 0.128535
0 1.0 0.667188 0.290488 0.062500 0.118252
0 1.0 0.454688 0.078406 0.578125 0.156812
0 1.0 0.252344 0.700514 0.210938 0.526992
0 1.0 0.649219 0.737789 0.207813 0.524422
0 1.0 0.544531 0.623393 0.257812 0.480720
0 1.0 0.260156 0.555270 0.492188 0.246787
0 1.0 0.453125 0.749357 0.481250 0.249357
0 1.0 0.343750 0.685090 0.218750 0.547558
0 1.0 0.843750 0.565553 0.203125 0.622108
0 1.0 0.252344 0.834190 0.339062 0.331620
0 1.0 0.690625 0.311054 0.618750 0.622108
0 1.0 0.449219 0.845758 0.339062 0.308483
0 1.0 0.754687 0.802057 0.215625 0.395887
0 1.0 0.545312 0.269923 0.215625 0.483290
0 1.0 0.144531 0.146530 0.245312 0.293059
0 1.0 0.443750 0.508997 0.315625 0.863753
0 1.0 0.075781 0.542416 0.151562 0.622108
0 1.0 0.831250 0.253213 0.240625 0.491003
0 1.0 0.649219 0.259640 0.217188 0.493573
0 1.0 0.761719 0.343188 0.229687 0.557841
0 1.0 0.309375 0.276350 0.287500 0.552699
0 1.0 0.114062 0.362468 0.228125 0.724936
0 1.0 0.135156 0.673522 0.270313 0.652956
0 1.0 0.878906 0.759640 0.242188 0.480720
0 1.0 0.500000 0.493573 1.000000 0.611825