0 1.0 0.596875 0.500000 0.581250 1.000000
0 1.0 0.139063 0.498611 0.278125 0.875000
0 1.0 0.073438 0.666667 0.115625 0.316667
0 1.0 0.112500 0.656944 0.181250 0.108333
0 1.0 0.956250 0.641667 0.062500 0.122222
0 1.0 0.048438 0.666667 0.096875 0.150000
0 1.0 0.289844 0.687500 0.070312 0.213889
0 1.0 0.126562 0.662500 0.084375 0.102778
0 1.0 0.346094 0.697222 0.142187 0.250000
0 1.0 0.343750 0.673611 0.081250 0.091667
0 1.0 0.260156 0.672222 0.254688 0.111111
0 1.0 0.235937 0.684722 0.071875 0.191667
0 1.0 0.287500 0.668056 0.059375 0.080556
0 1.0 0.241406 0.663889 0.251563 0.283333
0 1.0 0.496875 0.670833 0.246875 0.375000
0 1.0 0.506250 0.661111 0.134375 0.188889
0 1.0 0.951562 0.602778 0.096875 0.100000
0 1.0 0.480469 0.665278 0.110937 0.086111
0 1.0 0.432031 0.694444 0.129688 0.300000
0 1.0 0.520312 0.672222 0.025000 0.055556
0 1.0 0.131250 0.675000 0.121875 0.338889
0 1.0 0.164062 0.662500 0.093750 0.113889
0 1.0 0.768750 0.606944 0.159375 0.141667
0 1.0 0.800781 0.598611 0.229687 0.319444
0 1.0 0.025781 0.681944 0.051562 0.202778
0 1.0 0.051562 0.662500 0.043750 0.063889
0 1.0 0.709375 0.586111 0.100000 0.288889
0 1.0 0.717969 0.598611 0.064062 0.175000
0 1.0 0.704688 0.569444 0.275000 0.361111
0 1.0 0.653125 0.604167 0.112500 0.286111
0 1.0 0.924219 0.604167 0.151562 0.286111
0 1.0 0.891406 0.605556 0.217188 0.127778
0 1.0 0.190625 0.681944 0.084375 0.275000
0 1.0 0.866406 0.598611 0.117188 0.291667
0 1.0 0.829688 0.618056 0.050000 0.063889
0 1.0 0.203906 0.662500 0.107813 0.119444
0 1.0 0.054688 0.708333 0.109375 0.083333
0 1.0 0.048438 0.713889 0.056250 0.072222
0 1.0 0.711719 0.655556 0.079687 0.200000
0 1.0 0.720313 0.666667 0.250000 0.138889
0 1.0 0.657031 0.612500 0.204687 0.108333
0 1.0 0.690625 0.669444 0.103125 0.094444
0 1.0 0.950781 0.670833 0.098437 0.152778
0 1.0 0.883594 0.661111 0.232813 0.122222
0 1.0 0.201563 0.709722 0.112500 0.130556
0 1.0 0.174219 0.723611 0.242188 0.325000
0 1.0 0.816406 0.652778 0.120313 0.372222
0 1.0 0.773438 0.659722 0.121875 0.308333
0 1.0 0.143750 0.706944 0.284375 0.136111
0 1.0 0.460938 0.669444 0.125000 0.172222
0 1.0 0.385937 0.725000 0.075000 0.211111
0 1.0 0.396875 0.662500 0.275000 0.113889
0 1.0 0.455469 0.673611 0.029687 0.058333
0 1.0 0.397656 0.680556 0.157812 0.188889
0 1.0 0.612500 0.644444 0.121875 0.444444
0 1.0 0.607812 0.661111 0.181250 0.111111
0 1.0 0.612500 0.651389 0.084375 0.275000
0 1.0 0.600781 0.640278 0.185938 0.241667
0 1.0 0.319531 0.680556 0.029687 0.055556
0 1.0 0.751563 0.663889 0.062500 0.066667
0 1.0 0.811719 0.670833 0.039062 0.058333
0 1.0 0.539062 0.661111 0.128125 0.094444
0 1.0 0.582812 0.662500 0.040625 0.075000
0 1.0 0.519531 0.666667 0.045312 0.066667
0 1.0 0.499219 0.684722 0.095312 0.347222
0 1.0 0.813281 0.538889 0.101562 0.333333
0 1.0 0.803125 0.552778 0.284375 0.133333
0 1.0 0.121094 0.609722 0.073438 0.080556
0 1.0 0.106250 0.605556 0.212500 0.316667
0 1.0 0.047656 0.605556 0.095312 0.066667
0 1.0 0.963281 0.604167 0.045312 0.119444
0 1.0 0.935156 0.551389 0.129688 0.113889
0 1.0 0.196094 0.611111 0.220312 0.088889
0 1.0 0.206250 0.615278 0.100000 0.080556
0 1.0 0.823438 0.555556 0.103125 0.088889
0 1.0 0.239844 0.620833 0.167187 0.191667
0 1.0 0.763281 0.523611 0.114062 0.358333
0 1.0 0.446875 0.600000 0.046875 0.133333
0 1.0 0.496875 0.556944 0.128125 0.091667
0 1.0 0.444531 0.581944 0.089063 0.169444
0 1.0 0.711719 0.538889 0.173437 0.255556
0 1.0 0.453125 0.537500 0.234375 0.319444
0 1.0 0.389844 0.591667 0.070312 0.205556
0 1.0 0.421875 0.554167 0.240625 0.108333
0 1.0 0.649219 0.552778 0.235937 0.166667
0 1.0 0.505469 0.558333 0.051562 0.083333
0 1.0 0.610938 0.533333 0.234375 0.366667
0 1.0 0.595313 0.554167 0.137500 0.097222
0 1.0 0.562500 0.530556 0.134375 0.288889
0 1.0 0.535937 0.618056 0.018750 0.041667
0 1.0 0.421875 0.606944 0.215625 0.091667
0 1.0 0.478125 0.616667 0.025000 0.044444
0 1.0 0.400781 0.608333 0.242188 0.311111
0 1.0 0.682031 0.613889 0.079687 0.077778
0 1.0 0.783594 0.612500 0.092188 0.075000
0 1.0 0.549219 0.606944 0.123438 0.080556
0 1.0 0.587500 0.608333 0.037500 0.055556
0 1.0 0.189062 0.620833 0.128125 0.169444
0 1.0 0.171875 0.613889 0.078125 0.083333
0 1.0 0.103125 0.605556 0.178125 0.094444
0 1.0 0.322656 0.609722 0.167187 0.080556
0 1.0 0.348438 0.616667 0.065625 0.066667
0 1.0 0.342969 0.620833 0.176563 0.208333
0 1.0 0.056250 0.611111 0.040625 0.055556
0 1.0 0.635156 0.609722 0.057813 0.075000
0 1.0 0.309375 0.625000 0.025000 0.038889
0 1.0 0.489844 0.612500 0.107813 0.075000
0 1.0 0.279687 0.619444 0.059375 0.061111
0 1.0 0.542969 0.608333 0.032813 0.050000
0 1.0 0.442188 0.656944 0.056250 0.169444
0 1.0 0.056250 0.820833 0.112500 0.197222
0 1.0 0.967187 0.805556 0.037500 0.100000
0 1.0 0.954688 0.768056 0.090625 0.097222
0 1.0 0.655469 0.755556 0.098437 0.272222
0 1.0 0.666406 0.777778 0.232813 0.105556
0 1.0 0.657031 0.748611 0.276562 0.347222
0 1.0 0.615625 0.772222 0.071875 0.266667
0 1.0 0.632031 0.777778 0.095312 0.094444
0 1.0 0.862500 0.784722 0.081250 0.186111
0 1.0 0.844531 0.788889 0.035937 0.055556
0 1.0 0.695312 0.783333 0.084375 0.083333
0 1.0 0.792969 0.777778 0.067187 0.072222
0 1.0 0.127344 0.808333 0.126562 0.338889
0 1.0 0.143750 0.816667 0.287500 0.133333
0 1.0 0.802344 0.779167 0.189062 0.163889
0 1.0 0.769531 0.762500 0.260937 0.269444
0 1.0 0.392969 0.791667 0.107813 0.283333
0 1.0 0.447656 0.773611 0.070312 0.119444
0 1.0 0.357031 0.756944 0.289062 0.141667
0 1.0 0.369531 0.768056 0.142187 0.152778
0 1.0 0.606250 0.772222 0.156250 0.233333
0 1.0 0.550781 0.765278 0.148438 0.413889
0 1.0 0.555469 0.763889 0.254688 0.111111
0 1.0 0.612500 0.777778 0.037500 0.066667
0 1.0 0.230469 0.775000 0.114062 0.327778
0 1.0 0.496875 0.781944 0.146875 0.363889
0 1.0 0.703906 0.768056 0.120313 0.258333
0 1.0 0.732812 0.780556 0.190625 0.138889
0 1.0 0.496875 0.775000 0.115625 0.127778
0 1.0 0.369531 0.812500 0.270313 0.130556
0 1.0 0.362500 0.812500 0.234375 0.302778
0 1.0 0.302344 0.818056 0.092188 0.275000
0 1.0 0.918750 0.770833 0.125000 0.180556
0 1.0 0.542188 0.819444 0.278125 0.133333
0 1.0 0.600000 0.826389 0.037500 0.075000
0 1.0 0.277344 0.825000 0.101562 0.111111
0 1.0 0.774219 0.816667 0.289062 0.111111
0 1.0 0.439063 0.825000 0.181250 0.294444
0 1.0 0.485156 0.837500 0.073438 0.113889
0 1.0 0.767969 0.823611 0.079687 0.075000
0 1.0 0.063281 0.815278 0.126562 0.091667
0 1.0 0.048438 0.820833 0.065625 0.080556
0 1.0 0.324219 0.826389 0.048438 0.086111
0 1.0 0.253125 0.812500 0.265625 0.302778
0 1.0 0.257812 0.816667 0.321875 0.133333
0 1.0 0.897656 0.763889 0.204687 0.288889
0 1.0 0.186719 0.811111 0.104688 0.322222
0 1.0 0.457813 0.826389 0.078125 0.113889
0 1.0 0.078906 0.813889 0.135937 0.338889
0 1.0 0.722656 0.718056 0.210938 0.152778
0 1.0 0.400000 0.708333 0.300000 0.138889
0 1.0 0.447656 0.719444 0.045312 0.088889
0 1.0 0.542188 0.711111 0.212500 0.116667
0 1.0 0.829688 0.723611 0.031250 0.058333
0 1.0 0.592969 0.720833 0.048438 0.091667
0 1.0 0.501563 0.716667 0.068750 0.105556
0 1.0 0.124219 0.715278 0.098437 0.113889
0 1.0 0.296094 0.725000 0.126562 0.300000
0 1.0 0.350000 0.718056 0.031250 0.075000
0 1.0 0.964844 0.715278 0.042188 0.125000
0 1.0 0.294531 0.715278 0.054688 0.091667
0 1.0 0.482812 0.722222 0.031250 0.077778
0 1.0 0.158594 0.713889 0.101562 0.127778
0 1.0 0.113281 0.765278 0.132812 0.136111
0 1.0 0.031250 0.776389 0.062500 0.241667
0 1.0 0.064844 0.761111 0.129688 0.094444
0 1.0 0.771094 0.716667 0.057813 0.066667
0 1.0 0.889844 0.712500 0.220312 0.130556
0 1.0 0.346875 0.768056 0.043750 0.091667
0 1.0 0.286719 0.766667 0.079687 0.122222
0 1.0 0.186719 0.759722 0.289062 0.136111
0 1.0 0.477344 0.780556 0.051562 0.094444
0 1.0 0.042969 0.766667 0.067187 0.077778
0 1.0 0.958594 0.709722 0.082812 0.091667
0 1.0 0.919531 0.352778 0.135937 0.288889
0 1.0 0.886719 0.345833 0.204687 0.158333
0 1.0 0.862500 0.377778 0.090625 0.227778
0 1.0 0.827344 0.344444 0.145313 0.100000
0 1.0 0.135156 0.415278 0.107813 0.275000
0 1.0 0.149219 0.393056 0.195312 0.113889
0 1.0 0.137500 0.395833 0.246875 0.319444
0 1.0 0.812500 0.388889 0.050000 0.166667
0 1.0 0.819531 0.340278 0.239063 0.308333
0 1.0 0.812500 0.350000 0.150000 0.194444
0 1.0 0.769531 0.381944 0.089063 0.269444
0 1.0 0.140625 0.419444 0.075000 0.172222
0 1.0 0.073438 0.408333 0.087500 0.200000
0 1.0 0.100781 0.394444 0.201563 0.166667
0 1.0 0.032813 0.408333 0.065625 0.250000
0 1.0 0.060156 0.393056 0.120313 0.091667
0 1.0 0.294531 0.404167 0.139063 0.313889
0 1.0 0.288281 0.391667 0.207813 0.155556
0 1.0 0.232813 0.427778 0.106250 0.288889
0 1.0 0.948438 0.355556 0.103125 0.150000
0 1.0 0.590625 0.327778 0.118750 0.288889
0 1.0 0.866406 0.383333 0.057813 0.133333
0 1.0 0.808594 0.390278 0.070312 0.280556
0 1.0 0.610156 0.344444 0.067187 0.088889
0 1.0 0.771875 0.343056 0.293750 0.125000
0 1.0 0.577344 0.348611 0.085938 0.147222
0 1.0 0.517188 0.387500 0.043750 0.186111
0 1.0 0.546094 0.347222 0.107813 0.100000
0 1.0 0.506250 0.322222 0.206250 0.316667
0 1.0 0.524219 0.351389 0.092188 0.175000
0 1.0 0.445312 0.334722 0.021875 0.063889
0 1.0 0.964063 0.358333 0.034375 0.083333
0 1.0 0.626563 0.336111 0.190625 0.111111
0 1.0 0.725781 0.352778 0.101562 0.161111
0 1.0 0.654687 0.337500 0.137500 0.347222
0 1.0 0.654687 0.291667 0.246875 0.411111
0 1.0 0.955469 0.373611 0.057813 0.113889
0 1.0 0.830469 0.390278 0.254688 0.125000
0 1.0 0.552344 0.397222 0.067187 0.083333
0 1.0 0.446875 0.427778 0.062500 0.205556
0 1.0 0.490625 0.394444 0.131250 0.100000
0 1.0 0.730469 0.412500 0.067187 0.208333
0 1.0 0.713281 0.400000 0.273438 0.133333
0 1.0 0.966406 0.450000 0.057813 0.166667
0 1.0 0.642188 0.395833 0.131250 0.097222
0 1.0 0.573438 0.405556 0.096875 0.172222
0 1.0 0.182812 0.425000 0.103125 0.255556
0 1.0 0.456250 0.402778 0.209375 0.300000
0 1.0 0.387500 0.411111 0.090625 0.288889
0 1.0 0.429688 0.397222 0.143750 0.127778
0 1.0 0.339062 0.412500 0.109375 0.358333
0 1.0 0.357031 0.394444 0.254688 0.111111
0 1.0 0.595313 0.397222 0.096875 0.111111
0 1.0 0.635938 0.290278 0.081250 0.086111
0 1.0 0.829688 0.302778 0.065625 0.066667
0 1.0 0.871875 0.313889 0.034375 0.077778
0 1.0 0.521875 0.345833 0.065625 0.075000
0 1.0 0.614062 0.302778 0.071875 0.066667
0 1.0 0.582031 0.283333 0.214062 0.300000
0 1.0 0.587500 0.309722 0.059375 0.108333
0 1.0 0.542969 0.302778 0.095312 0.088889
0 1.0 0.531250 0.334722 0.034375 0.108333
0 1.0 0.828125 0.304167 0.106250 0.130556
0 1.0 0.771875 0.297222 0.215625 0.111111
0 1.0 0.785156 0.329167 0.045312 0.113889
0 1.0 0.041406 0.337500 0.082812 0.125000
0 1.0 0.960938 0.322222 0.046875 0.127778
0 1.0 0.678906 0.295833 0.257812 0.175000
0 1.0 0.721094 0.293056 0.085938 0.130556
0 1.0 0.138281 0.086111 0.251563 0.172222
0 1.0 0.713281 0.790278 0.573438 0.419444
0 1.0 0.430469 0.733333 0.860938 0.488889
0 1.0 0.567969 0.268056 0.864062 0.480556
0 1.0 0.128906 0.063889 0.107813 0.127778
0 1.0 0.199219 0.034722 0.148438 0.069444
0 1.0 0.750000 0.283333 0.265625 0.322222
0 1.0 0.784375 0.300000 0.106250 0.144444
0 1.0 0.081250 0.066667 0.075000 0.133333
0 1.0 0.019531 0.068056 0.039062 0.113889
0 1.0 0.072656 0.026389 0.070312 0.052778
0 1.0 0.051562 0.037500 0.103125 0.075000
0 1.0 0.073438 0.075000 0.146875 0.150000
0 1.0 0.112500 0.029167 0.115625 0.058333
0 1.0 0.311719 0.354167 0.070312 0.130556
0 1.0 0.246094 0.341667 0.289062 0.133333
0 1.0 0.234375 0.345833 0.246875 0.313889
0 1.0 0.443750 0.354167 0.081250 0.175000
0 1.0 0.497656 0.350000 0.073438 0.111111
0 1.0 0.446875 0.341667 0.237500 0.122222
0 1.0 0.412500 0.356944 0.087500 0.147222
0 1.0 0.372656 0.347222 0.145313 0.094444
0 1.0 0.348438 0.343056 0.225000 0.308333
0 1.0 0.360938 0.355556 0.075000 0.133333
0 1.0 0.878906 0.295833 0.242188 0.119444
0 1.0 0.190625 0.355556 0.100000 0.155556
0 1.0 0.825000 0.326389 0.034375 0.086111
0 1.0 0.112500 0.343056 0.178125 0.113889
0 1.0 0.298438 0.343056 0.081250 0.241667
0 1.0 0.947656 0.291667 0.104688 0.088889
0 1.0 0.794531 0.501389 0.232813 0.163889
0 1.0 0.521094 0.502778 0.123438 0.211111
0 1.0 0.449219 0.543056 0.048438 0.158333
0 1.0 0.762500 0.401389 0.237500 0.341667
0 1.0 0.492188 0.500000 0.075000 0.111111
0 1.0 0.466406 0.505556 0.126562 0.188889
0 1.0 0.421875 0.495833 0.225000 0.113889
0 1.0 0.656250 0.486111 0.125000 0.338889
0 1.0 0.650781 0.497222 0.223438 0.127778
0 1.0 0.921094 0.493056 0.157812 0.280556
0 1.0 0.895312 0.498611 0.209375 0.130556
0 1.0 0.603125 0.483333 0.137500 0.294444
0 1.0 0.190625 0.536111 0.075000 0.205556
0 1.0 0.195312 0.502778 0.300000 0.138889
0 1.0 0.183594 0.495833 0.242188 0.280556
0 1.0 0.187500 0.509722 0.150000 0.191667
0 1.0 0.133594 0.523611 0.092188 0.236111
0 1.0 0.391406 0.506944 0.129688 0.297222
0 1.0 0.332031 0.498611 0.273438 0.130556
0 1.0 0.338281 0.493056 0.170313 0.230556
0 1.0 0.290625 0.531944 0.065625 0.191667
0 1.0 0.549219 0.498611 0.095312 0.091667
0 1.0 0.146094 0.552778 0.245312 0.127778
0 1.0 0.021875 0.573611 0.043750 0.158333
0 1.0 0.046875 0.552778 0.093750 0.072222
0 1.0 0.287500 0.604167 0.056250 0.158333
0 1.0 0.285938 0.556944 0.212500 0.102778
0 1.0 0.284375 0.581944 0.096875 0.175000
0 1.0 0.239844 0.613889 0.064062 0.166667
0 1.0 0.509375 0.579167 0.071875 0.202778
0 1.0 0.291406 0.556944 0.242188 0.286111
0 1.0 0.073438 0.568056 0.100000 0.269444
0 1.0 0.717187 0.488889 0.103125 0.294444
0 1.0 0.963281 0.538889 0.045312 0.127778
0 1.0 0.808594 0.500000 0.076563 0.077778
0 1.0 0.205469 0.448611 0.101562 0.086111
0 1.0 0.087500 0.497222 0.175000 0.227778
0 1.0 0.434375 0.445833 0.190625 0.102778
0 1.0 0.408594 0.451389 0.095312 0.152778
0 1.0 0.664062 0.451389 0.109375 0.102778
0 1.0 0.353906 0.445833 0.032813 0.052778
0 1.0 0.549219 0.448611 0.067187 0.080556
0 1.0 0.285156 0.447222 0.151562 0.094444
0 1.0 0.265625 0.445833 0.218750 0.147222
0 1.0 0.582031 0.447222 0.167187 0.144444
0 1.0 0.517969 0.480556 0.054688 0.211111
0 1.0 0.356250 0.456944 0.087500 0.152778
0 1.0 0.134375 0.448611 0.071875 0.075000
0 1.0 0.025781 0.465278 0.045312 0.163889
0 1.0 0.071875 0.448611 0.034375 0.047222
0 1.0 0.040625 0.448611 0.081250 0.086111
0 1.0 0.314063 0.463889 0.075000 0.127778
0 1.0 0.242188 0.481944 0.081250 0.169444
0 1.0 0.820312 0.444444 0.021875 0.044444
0 1.0 0.880469 0.466667 0.082812 0.216667
0 1.0 0.809375 0.443056 0.162500 0.113889
0 1.0 0.112500 0.501389 0.178125 0.108333
0 1.0 0.047656 0.501389 0.095312 0.075000
0 1.0 0.032813 0.512500 0.065625 0.197222
0 1.0 0.966406 0.483333 0.042188 0.111111
0 1.0 0.519531 0.450000 0.167187 0.144444
0 1.0 0.451562 0.458333 0.034375 0.111111
0 1.0 0.528125 0.448611 0.025000 0.052778
0 1.0 0.731250 0.447222 0.159375 0.116667
0 1.0 0.617188 0.445833 0.081250 0.080556
0 1.0 0.887500 0.447222 0.225000 0.127778
0 1.0 0.589844 0.129167 0.201563 0.097222
0 1.0 0.559375 0.158333 0.090625 0.172222
0 1.0 0.564063 0.134722 0.256250 0.247222
0 1.0 0.649219 0.648611 0.510938 0.252778
0 1.0 0.509375 0.170833 0.068750 0.225000
0 1.0 0.507031 0.125000 0.232813 0.150000
0 1.0 0.453125 0.175000 0.040625 0.105556
0 1.0 0.489844 0.130556 0.132812 0.077778
0 1.0 0.443750 0.648611 0.537500 0.236111
0 1.0 0.228125 0.118056 0.268750 0.186111
0 1.0 0.453125 0.152778 0.087500 0.144444
0 1.0 0.503125 0.136111 0.062500 0.072222
0 1.0 0.450781 0.134722 0.242188 0.263889
0 1.0 0.392188 0.143056 0.096875 0.286111
0 1.0 0.415625 0.125000 0.306250 0.127778
0 1.0 0.332813 0.152778 0.106250 0.305556
0 1.0 0.707031 0.136111 0.310937 0.138889
0 1.0 0.708594 0.155556 0.145313 0.227778
0 1.0 0.656250 0.177778 0.121875 0.250000
0 1.0 0.897656 0.140278 0.204687 0.280556
0 1.0 0.848437 0.125000 0.121875 0.105556
0 1.0 0.839844 0.123611 0.232813 0.175000
0 1.0 0.356250 0.633333 0.221875 0.588889
0 1.0 0.599219 0.170833 0.110937 0.236111
0 1.0 0.768750 0.150000 0.115625 0.233333
0 1.0 0.746094 0.144444 0.307812 0.250000
0 1.0 0.857812 0.080556 0.159375 0.111111
0 1.0 0.029687 0.158333 0.059375 0.272222
0 1.0 0.067969 0.123611 0.135937 0.102778
0 1.0 0.811719 0.118056 0.101562 0.236111
0 1.0 0.257031 0.830556 0.514062 0.222222
0 1.0 0.762500 0.081944 0.231250 0.141667
0 1.0 0.939844 0.087500 0.120313 0.169444
0 1.0 0.545312 0.631944 0.403125 0.602778
0 1.0 0.364844 0.763889 0.501563 0.266667
0 1.0 0.332031 0.138889 0.239063 0.277778
0 1.0 0.268750 0.133333 0.065625 0.088889
0 1.0 0.235937 0.145833 0.131250 0.291667
0 1.0 0.967969 0.115278 0.045312 0.125000
0 1.0 0.125781 0.145833 0.142187 0.291667
0 1.0 0.183594 0.151389 0.129688 0.302778
0 1.0 0.645312 0.176389 0.209375 0.136111
0 1.0 0.563281 0.248611 0.048438 0.158333
0 1.0 0.742188 0.338889 0.515625 0.244444
0 1.0 0.521094 0.186111 0.179688 0.111111
0 1.0 0.214062 0.452778 0.428125 0.222222
0 1.0 0.519531 0.222222 0.064062 0.155556
0 1.0 0.456250 0.245833 0.037500 0.125000
0 1.0 0.524219 0.197222 0.060937 0.066667
0 1.0 0.489844 0.209722 0.039062 0.080556
0 1.0 0.421875 0.181944 0.278125 0.125000
0 1.0 0.455469 0.215278 0.076563 0.163889
0 1.0 0.064062 0.233333 0.128125 0.105556
0 1.0 0.067969 0.223611 0.135937 0.302778
0 1.0 0.964844 0.216667 0.054688 0.161111
0 1.0 0.939844 0.180556 0.120313 0.105556
0 1.0 0.815625 0.202778 0.106250 0.233333
0 1.0 0.839063 0.179167 0.131250 0.102778
0 1.0 0.837500 0.177778 0.193750 0.155556
0 1.0 0.549219 0.548611 0.567187 0.230556
0 1.0 0.171875 0.179167 0.265625 0.358333
0 1.0 0.183594 0.168056 0.054688 0.108333
0 1.0 0.130469 0.176389 0.232813 0.180556
0 1.0 0.338281 0.547222 0.548438 0.216667
0 1.0 0.045312 0.179167 0.090625 0.119444
0 1.0 0.966406 0.161111 0.051562 0.144444
0 1.0 0.798438 0.451389 0.403125 0.219444
0 1.0 0.834375 0.422222 0.331250 0.511111
0 1.0 0.346875 0.172222 0.059375 0.116667
0 1.0 0.300781 0.184722 0.245312 0.130556
0 1.0 0.394531 0.186111 0.079687 0.083333
0 1.0 0.308594 0.172222 0.057813 0.116667
0 1.0 0.717187 0.055556 0.134375 0.111111
0 1.0 0.756250 0.030556 0.131250 0.061111
0 1.0 0.775000 0.055556 0.068750 0.100000
0 1.0 0.449219 0.061111 0.085938 0.100000
0 1.0 0.471875 0.045833 0.162500 0.091667
0 1.0 0.660156 0.059722 0.057813 0.091667
0 1.0 0.669531 0.031944 0.132812 0.063889
0 1.0 0.602344 0.065278 0.057813 0.091667
0 1.0 0.602344 0.043056 0.207813 0.086111
0 1.0 0.556250 0.065278 0.056250 0.102778
0 1.0 0.667188 0.084722 0.265625 0.169444
0 1.0 0.282031 0.520833 0.489063 0.713889
0 1.0 0.816406 0.069444 0.064062 0.133333
0 1.0 0.811719 0.030556 0.145313 0.061111
0 1.0 0.684375 0.433333 0.337500 0.761111
0 1.0 0.715625 0.056944 0.062500 0.097222
0 1.0 0.250781 0.706944 0.501563 0.319444
0 1.0 0.244531 0.056944 0.176563 0.113889
0 1.0 0.184375 0.068056 0.075000 0.136111
0 1.0 0.541406 0.498611 0.917188 0.530556
0 1.0 0.500000 0.031944 0.062500 0.058333
0 1.0 0.317969 0.044444 0.204687 0.088889
0 1.0 0.236719 0.065278 0.073438 0.130556
0 1.0 0.406250 0.073611 0.256250 0.147222
0 1.0 0.411719 0.054167 0.126562 0.108333
0 1.0 0.344531 0.063889 0.064062 0.127778
0 1.0 0.341406 0.030556 0.057813 0.055556
0 1.0 0.293750 0.061111 0.071875 0.122222
0 1.0 0.501563 0.073611 0.059375 0.119444
0 1.0 0.450781 0.059722 0.035937 0.063889
0 1.0 0.507031 0.875000 0.773438 0.250000
0 1.0 0.354687 0.925000 0.546875 0.150000
0 1.0 0.474219 0.081944 0.132812 0.102778
0 1.0 0.166406 0.925000 0.332813 0.150000
0 1.0 0.835156 0.847222 0.329688 0.200000
0 1.0 0.448437 0.108333 0.115625 0.166667
0 1.0 0.649219 0.922222 0.579688 0.155556
0 1.0 0.711719 0.100000 0.098437 0.138889
0 1.0 0.471094 0.827778 0.482812 0.222222
0 1.0 0.662500 0.109722 0.096875 0.130556
0 1.0 0.596875 0.108333 0.084375 0.116667
0 1.0 0.567969 0.077778 0.254688 0.105556
0 1.0 0.507031 0.102778 0.095312 0.172222
0 1.0 0.555469 0.102778 0.107813 0.161111
0 1.0 0.871094 0.062500 0.076563 0.125000
0 1.0 0.867969 0.027778 0.082812 0.055556
0 1.0 0.857031 0.041667 0.179688 0.083333
0 1.0 0.206250 0.288889 0.412500 0.400000
0 1.0 0.667188 0.125000 0.665625 0.250000
0 1.0 0.835156 0.922222 0.329688 0.155556
0 1.0 0.965625 0.055556 0.034375 0.072222
0 1.0 0.950781 0.031944 0.098437 0.063889
0 1.0 0.350000 0.123611 0.700000 0.247222
0 1.0 0.359375 0.904167 0.146875 0.158333
0 1.0 0.293750 0.908333 0.090625 0.183333
0 1.0 0.297656 0.920833 0.289062 0.113889
0 1.0 0.303906 0.922222 0.135937 0.094444
0 1.0 0.544531 0.908333 0.164062 0.161111
0 1.0 0.496094 0.893056 0.120313 0.213889
0 1.0 0.458594 0.911111 0.254688 0.138889
0 1.0 0.654687 0.875000 0.062500 0.127778
0 1.0 0.672656 0.909722 0.289062 0.125000
0 1.0 0.053906 0.920833 0.107813 0.141667
0 1.0 0.965625 0.879167 0.021875 0.047222
0 1.0 0.932813 0.869444 0.134375 0.094444
0 1.0 0.231250 0.887500 0.115625 0.225000
0 1.0 0.865625 0.861111 0.062500 0.161111
0 1.0 0.796094 0.870833 0.092188 0.069444
0 1.0 0.871875 0.858333 0.037500 0.083333
0 1.0 0.847656 0.873611 0.042188 0.058333
0 1.0 0.190625 0.912500 0.131250 0.136111
0 1.0 0.132812 0.909722 0.090625 0.180556
0 1.0 0.051562 0.925000 0.087500 0.077778
0 1.0 0.957812 0.941667 0.065625 0.116667
0 1.0 0.925781 0.922222 0.148438 0.127778
0 1.0 0.274219 0.959722 0.089063 0.063889
0 1.0 0.188281 0.944444 0.073438 0.111111
0 1.0 0.248438 0.962500 0.065625 0.047222
0 1.0 0.766406 0.866667 0.067187 0.133333
0 1.0 0.827344 0.915278 0.132812 0.080556
0 1.0 0.821875 0.884722 0.103125 0.208333
0 1.0 0.190625 0.965278 0.062500 0.047222
0 1.0 0.153906 0.959722 0.139063 0.080556
0 1.0 0.414062 0.948611 0.100000 0.102778
0 1.0 0.348438 0.936111 0.087500 0.127778
0 1.0 0.376563 0.959722 0.090625 0.058333
0 1.0 0.030469 0.951389 0.060937 0.097222
0 1.0 0.075000 0.968056 0.059375 0.047222
0 1.0 0.056250 0.966667 0.078125 0.066667
0 1.0 0.403906 0.963889 0.045312 0.038889
0 1.0 0.610938 0.906944 0.081250 0.186111
0 1.0 0.080469 0.945833 0.079687 0.108333
0 1.0 0.712500 0.876389 0.075000 0.136111
0 1.0 0.053906 0.873611 0.064062 0.080556
0 1.0 0.235156 0.826389 0.064062 0.152778
0 1.0 0.258594 0.870833 0.289062 0.141667
0 1.0 0.135156 0.854167 0.057813 0.152778
0 1.0 0.143750 0.872222 0.284375 0.138889
0 1.0 0.034375 0.863889 0.068750 0.172222
0 1.0 0.452344 0.868056 0.129688 0.158333
0 1.0 0.062500 0.868056 0.125000 0.091667
0 1.0 0.957812 0.852778 0.062500 0.116667
0 1.0 0.932813 0.823611 0.134375 0.113889
0 1.0 0.733594 0.836111 0.042188 0.055556
0 1.0 0.645312 0.834722 0.050000 0.075000
0 1.0 0.853125 0.812500 0.178125 0.202778
0 1.0 0.814063 0.830556 0.021875 0.044444
0 1.0 0.082812 0.848611 0.071875 0.169444
0 1.0 0.921094 0.848611 0.054688 0.119444
0 1.0 0.655469 0.866667 0.170313 0.177778
0 1.0 0.617188 0.870833 0.040625 0.125000
0 1.0 0.585938 0.872222 0.259375 0.122222
0 1.0 0.556250 0.843056 0.087500 0.225000
0 1.0 0.826562 0.811111 0.062500 0.127778
0 1.0 0.778125 0.813889 0.040625 0.083333
0 1.0 0.782813 0.866667 0.225000 0.122222
0 1.0 0.714063 0.834722 0.046875 0.091667
0 1.0 0.958594 0.890278 0.039062 0.063889
0 1.0 0.378906 0.870833 0.282813 0.147222
0 1.0 0.359375 0.833333 0.103125 0.244444
0 1.0 0.304688 0.845833 0.037500 0.097222
0 1.0 0.307812 0.856944 0.075000 0.141667
0 1.0 0.184375 0.836111 0.050000 0.138889
0 1.0 0.319531 0.881944 0.048438 0.080556
0 1.0 0.721094 0.847222 0.301563 0.261111
0 1.0 0.657031 0.813889 0.035937 0.088889
0 1.0 0.688281 0.865278 0.254688 0.102778
0 1.0 0.601562 0.237500 0.178125 0.113889
0 1.0 0.571094 0.252778 0.142187 0.200000
0 1.0 0.515625 0.301389 0.046875 0.158333
0 1.0 0.524219 0.241667 0.148438 0.105556
0 1.0 0.691406 0.227778 0.310937 0.155556
0 1.0 0.457031 0.287500 0.032813 0.113889
0 1.0 0.931250 0.237500 0.137500 0.147222
0 1.0 0.917188 0.234722 0.121875 0.358333
0 1.0 0.868750 0.256944 0.106250 0.286111
0 1.0 0.872656 0.258333 0.076563 0.172222
0 1.0 0.834375 0.245833 0.106250 0.108333
0 1.0 0.814844 0.279167 0.085938 0.252778
0 1.0 0.821094 0.234722 0.295312 0.136111
0 1.0 0.822656 0.276389 0.051562 0.136111
0 1.0 0.767969 0.273611 0.101562 0.275000
0 1.0 0.742188 0.233333 0.515625 0.272222
0 1.0 0.189844 0.236111 0.295312 0.138889
0 1.0 0.105469 0.237500 0.210938 0.163889
0 1.0 0.394531 0.254167 0.073438 0.280556
0 1.0 0.428906 0.244444 0.254688 0.105556
0 1.0 0.408594 0.227778 0.214062 0.316667
0 1.0 0.463281 0.275000 0.382812 0.450000
0 1.0 0.338281 0.243056 0.557813 0.230556
0 1.0 0.338281 0.231944 0.160938 0.241667
0 1.0 0.296094 0.223611 0.114062 0.358333
0 1.0 0.273438 0.252778 0.043750 0.072222
0 1.0 0.470313 0.256944 0.115625 0.169444
0 1.0 0.232031 0.225000 0.185938 0.238889
0 1.0 0.462500 0.276389 0.062500 0.152778
0 1.0 0.528906 0.261111 0.026562 0.055556
0 1.0 0.591406 0.951389 0.129688 0.086111
0 1.0 0.560937 0.930556 0.090625 0.138889
0 1.0 0.604688 0.959722 0.071875 0.052778
0 1.0 0.767969 0.934722 0.057813 0.125000
0 1.0 0.781250 0.955556 0.143750 0.066667
0 1.0 0.553125 0.306944 0.021875 0.041667
0 1.0 0.517969 0.308333 0.045312 0.072222
0 1.0 0.508594 0.320833 0.023438 0.058333
0 1.0 0.713281 0.934722 0.073438 0.130556
0 1.0 0.678906 0.948611 0.164062 0.086111
0 1.0 0.660156 0.930556 0.054688 0.111111
0 1.0 0.650781 0.952778 0.092188 0.055556
0 1.0 0.924219 0.945833 0.073438 0.108333
0 1.0 0.328906 0.968056 0.067187 0.047222
0 1.0 0.307812 0.965278 0.081250 0.069444
0 1.0 0.292187 0.963889 0.050000 0.044444
0 1.0 0.500000 0.940278 0.090625 0.119444
0 1.0 0.534375 0.952778 0.137500 0.083333
0 1.0 0.210938 0.958333 0.150000 0.083333
0 1.0 0.564844 0.962500 0.054688 0.047222
0 1.0 0.446875 0.920833 0.100000 0.158333
0 1.0 0.527344 0.966667 0.045312 0.038889
0 1.0 0.512500 0.958333 0.071875 0.055556
0 1.0 0.464062 0.954167 0.093750 0.091667
0 1.0 0.468750 0.965278 0.071875 0.047222
0 1.0 0.559375 0.073611 0.578125 0.147222
0 1.0 0.179688 0.275000 0.146875 0.311111
0 1.0 0.178125 0.293056 0.253125 0.175000
0 1.0 0.201563 0.294444 0.056250 0.111111
0 1.0 0.130469 0.286111 0.117188 0.327778
0 1.0 0.453125 0.334722 0.040625 0.136111
0 1.0 0.136719 0.275000 0.073438 0.172222
0 1.0 0.371875 0.304167 0.043750 0.091667
0 1.0 0.149219 0.287500 0.151562 0.097222
0 1.0 0.071875 0.265278 0.043750 0.130556
0 1.0 0.052344 0.287500 0.104688 0.080556
0 1.0 0.035156 0.294444 0.070312 0.300000
0 1.0 0.359375 0.297222 0.181250 0.116667
0 1.0 0.970313 0.958333 0.043750 0.083333
0 1.0 0.860938 0.959722 0.050000 0.041667
0 1.0 0.869531 0.952778 0.079687 0.094444
0 1.0 0.825000 0.930556 0.075000 0.138889
0 1.0 0.839844 0.956944 0.123438 0.063889
0 1.0 0.820312 0.951389 0.196875 0.097222
0 1.0 0.289062 0.295833 0.153125 0.125000
0 1.0 0.319531 0.298611 0.039062 0.091667
0 1.0 0.236719 0.288889 0.101562 0.283333
0 1.0 0.239844 0.287500 0.070312 0.163889
0 1.0 0.413281 0.298611 0.042188 0.052778
0 1.0 0.443750 0.294444 0.196875 0.094444
0 1.0 0.450000 0.300000 0.071875 0.077778
0 1.0 0.417187 0.302778 0.078125 0.127778
0 1.0 0.339844 0.291667 0.085938 0.277778
0 1.0 0.333594 0.348611 0.548438 0.219444
0 1.0 0.549219 0.463889 0.217188 0.716667
0 1.0 0.840625 0.206944 0.237500 0.413889
0 1.0 0.854688 0.590278 0.203125 0.658333
0 1.0 0.791406 0.548611 0.417187 0.219444
0 1.0 0.542969 0.851389 0.248438 0.297222
0 1.0 0.086719 0.338889 0.173437 0.555556
0 1.0 0.662500 0.456944 0.393750 0.313889
0 1.0 0.442188 0.502778 0.221875 0.705556
0 1.0 0.439063 0.455556 0.537500 0.227778
0 1.0 0.252344 0.558333 0.226562 0.655556
0 1.0 0.341406 0.344444 0.382812 0.466667
0 1.0 0.913281 0.861111 0.173437 0.277778