0 1.0 0.542188 0.542708 0.837500 0.852083
0 1.0 0.771094 0.545833 0.398438 0.908333
0 1.0 0.074219 0.659375 0.148438 0.577083
0 1.0 0.302344 0.621875 0.023438 0.047917
0 1.0 0.244531 0.650000 0.057813 0.116667
0 1.0 0.327344 0.626042 0.285938 0.256250
0 1.0 0.332031 0.629167 0.157812 0.150000
0 1.0 0.248438 0.611458 0.215625 0.102083
0 1.0 0.292187 0.685417 0.034375 0.100000
0 1.0 0.176563 0.618750 0.137500 0.079167
0 1.0 0.285938 0.653125 0.090625 0.147917
0 1.0 0.253125 0.627083 0.012500 0.029167
0 1.0 0.279687 0.610417 0.112500 0.079167
0 1.0 0.628125 0.620833 0.031250 0.041667
0 1.0 0.565625 0.634375 0.125000 0.131250
0 1.0 0.508594 0.710417 0.035937 0.108333
0 1.0 0.508594 0.606250 0.214062 0.083333
0 1.0 0.535156 0.611458 0.060937 0.064583
0 1.0 0.494531 0.620833 0.239063 0.270833
0 1.0 0.444531 0.741667 0.017188 0.050000
0 1.0 0.446875 0.617708 0.059375 0.043750
0 1.0 0.439063 0.695833 0.053125 0.087500
0 1.0 0.459375 0.638542 0.115625 0.118750
0 1.0 0.390625 0.685417 0.053125 0.129167
0 1.0 0.387500 0.611458 0.206250 0.077083
0 1.0 0.393750 0.662500 0.087500 0.141667
0 1.0 0.475781 0.625000 0.010937 0.029167
0 1.0 0.400781 0.627083 0.179688 0.179167
0 1.0 0.345313 0.697917 0.037500 0.104167
0 1.0 0.343750 0.672917 0.065625 0.112500
0 1.0 0.503125 0.627083 0.009375 0.020833
0 1.0 0.096875 0.611458 0.034375 0.031250
0 1.0 0.027344 0.653125 0.054688 0.118750
0 1.0 0.120313 0.618750 0.009375 0.020833
0 1.0 0.066406 0.607292 0.132812 0.252083
0 1.0 0.054688 0.631250 0.062500 0.091667
0 1.0 0.969531 0.627083 0.042188 0.137500
0 1.0 0.952344 0.553125 0.095312 0.093750
0 1.0 0.921094 0.554167 0.157812 0.141667
0 1.0 0.908594 0.564583 0.129688 0.408333
0 1.0 0.867969 0.577083 0.095312 0.233333
0 1.0 0.751563 0.558333 0.025000 0.050000
0 1.0 0.190625 0.638542 0.065625 0.177083
0 1.0 0.224219 0.605208 0.101562 0.089583
0 1.0 0.218750 0.606250 0.243750 0.237500
0 1.0 0.200000 0.611458 0.128125 0.160417
0 1.0 0.141406 0.657292 0.042188 0.152083
0 1.0 0.022656 0.676042 0.035937 0.110417
0 1.0 0.220312 0.609375 0.028125 0.047917
0 1.0 0.149219 0.606250 0.164062 0.183333
0 1.0 0.078125 0.669792 0.043750 0.135417
0 1.0 0.153125 0.603125 0.075000 0.052083
0 1.0 0.180469 0.608333 0.017188 0.033333
0 1.0 0.096875 0.615625 0.134375 0.160417
0 1.0 0.071875 0.659375 0.075000 0.052083
0 1.0 0.101562 0.665625 0.012500 0.031250
0 1.0 0.047656 0.671875 0.095312 0.131250
0 1.0 0.967187 0.682292 0.046875 0.156250
0 1.0 0.602344 0.694792 0.039062 0.102083
0 1.0 0.942187 0.610417 0.115625 0.158333
0 1.0 0.854688 0.607292 0.240625 0.122917
0 1.0 0.239844 0.671875 0.110937 0.231250
0 1.0 0.328125 0.662500 0.028125 0.058333
0 1.0 0.236719 0.650000 0.289062 0.116667
0 1.0 0.167969 0.657292 0.023438 0.047917
0 1.0 0.137500 0.669792 0.087500 0.222917
0 1.0 0.212500 0.653125 0.037500 0.064583
0 1.0 0.131250 0.652083 0.184375 0.087500
0 1.0 0.079687 0.685417 0.087500 0.204167
0 1.0 0.721094 0.621875 0.082812 0.177083
0 1.0 0.700000 0.610417 0.215625 0.162500
0 1.0 0.665625 0.654167 0.087500 0.191667
0 1.0 0.675000 0.650000 0.053125 0.108333
0 1.0 0.612500 0.690625 0.018750 0.047917
0 1.0 0.642969 0.615625 0.157812 0.131250
0 1.0 0.632812 0.630208 0.246875 0.260417
0 1.0 0.555469 0.713542 0.035937 0.097917
0 1.0 0.595313 0.611458 0.171875 0.072917
0 1.0 0.866406 0.651042 0.082812 0.210417
0 1.0 0.710938 0.614583 0.031250 0.050000
0 1.0 0.875781 0.650000 0.054688 0.120833
0 1.0 0.789062 0.622917 0.018750 0.037500
0 1.0 0.851562 0.601042 0.237500 0.285417
0 1.0 0.821094 0.660417 0.070312 0.191667
0 1.0 0.826562 0.662500 0.037500 0.104167
0 1.0 0.766406 0.632292 0.082812 0.227083
0 1.0 0.759375 0.628125 0.256250 0.247917
0 1.0 0.968750 0.558333 0.040625 0.125000
0 1.0 0.956250 0.502083 0.087500 0.091667
0 1.0 0.870313 0.502083 0.209375 0.120833
0 1.0 0.786719 0.509375 0.023438 0.047917
0 1.0 0.809375 0.512500 0.053125 0.066667
0 1.0 0.877344 0.484375 0.214062 0.347917
0 1.0 0.150781 0.636458 0.026562 0.097917
0 1.0 0.183594 0.563542 0.101562 0.068750
0 1.0 0.159375 0.613542 0.025000 0.068750
0 1.0 0.154688 0.581250 0.106250 0.125000
0 1.0 0.089063 0.636458 0.028125 0.085417
0 1.0 0.061719 0.594792 0.039062 0.056250
0 1.0 0.152344 0.570833 0.039062 0.050000
0 1.0 0.108594 0.587500 0.076563 0.100000
0 1.0 0.025000 0.638542 0.025000 0.072917
0 1.0 0.107031 0.569792 0.035937 0.035417
0 1.0 0.027344 0.612500 0.032813 0.066667
0 1.0 0.114844 0.581250 0.010937 0.025000
0 1.0 0.679688 0.509375 0.240625 0.135417
0 1.0 0.668750 0.515625 0.237500 0.285417
0 1.0 0.614062 0.614583 0.021875 0.062500
0 1.0 0.657031 0.500000 0.151562 0.083333
0 1.0 0.618750 0.595833 0.015625 0.037500
0 1.0 0.621094 0.520833 0.110937 0.112500
0 1.0 0.822656 0.555208 0.064062 0.218750
0 1.0 0.579688 0.502083 0.206250 0.083333
0 1.0 0.564844 0.569792 0.042188 0.093750
0 1.0 0.557031 0.517708 0.229687 0.281250
0 1.0 0.559375 0.518750 0.103125 0.120833
0 1.0 0.504687 0.583333 0.046875 0.170833
0 1.0 0.514844 0.497917 0.176563 0.100000
0 1.0 0.828906 0.555208 0.032813 0.110417
0 1.0 0.810156 0.505208 0.257812 0.164583
0 1.0 0.769531 0.570833 0.067187 0.175000
0 1.0 0.778906 0.569792 0.035937 0.093750
0 1.0 0.686719 0.598958 0.020313 0.039583
0 1.0 0.725781 0.580208 0.042188 0.081250
0 1.0 0.672656 0.611458 0.032813 0.068750
0 1.0 0.682031 0.559375 0.251563 0.122917
0 1.0 0.682031 0.638542 0.026562 0.052083
0 1.0 0.614062 0.672917 0.021875 0.062500
0 1.0 0.622656 0.658333 0.014063 0.033333
0 1.0 0.628125 0.586458 0.100000 0.110417
0 1.0 0.562500 0.660417 0.031250 0.087500
0 1.0 0.595313 0.557292 0.156250 0.072917
0 1.0 0.666406 0.557292 0.135937 0.085417
0 1.0 0.793750 0.564583 0.043750 0.062500
0 1.0 0.799219 0.555208 0.295312 0.127083
0 1.0 0.827344 0.607292 0.029687 0.081250
0 1.0 0.775000 0.607292 0.037500 0.106250
0 1.0 0.757031 0.570833 0.164062 0.195833
0 1.0 0.341406 0.631250 0.042188 0.075000
0 1.0 0.277344 0.561458 0.204687 0.114583
0 1.0 0.341406 0.586458 0.082812 0.093750
0 1.0 0.296094 0.667708 0.020313 0.047917
0 1.0 0.289844 0.628125 0.048438 0.068750
0 1.0 0.230469 0.584375 0.026562 0.043750
0 1.0 0.566406 0.583333 0.076563 0.091667
0 1.0 0.244531 0.636458 0.026562 0.056250
0 1.0 0.197656 0.632292 0.035937 0.093750
0 1.0 0.308594 0.601042 0.045312 0.060417
0 1.0 0.506250 0.648958 0.037500 0.127083
0 1.0 0.511719 0.550000 0.217188 0.100000
0 1.0 0.442969 0.702083 0.014063 0.041667
0 1.0 0.500000 0.562500 0.081250 0.058333
0 1.0 0.432812 0.647917 0.050000 0.079167
0 1.0 0.439844 0.567708 0.226562 0.289583
0 1.0 0.464844 0.587500 0.082812 0.095833
0 1.0 0.392188 0.635417 0.050000 0.120833
0 1.0 0.409375 0.554167 0.246875 0.100000
0 1.0 0.394531 0.610417 0.079687 0.129167
0 1.0 0.445312 0.563542 0.056250 0.077083
0 1.0 0.346875 0.658333 0.025000 0.066667
0 1.0 0.500000 0.569792 0.040625 0.056250
0 1.0 0.162500 0.764583 0.284375 0.125000
0 1.0 0.132031 0.775000 0.129688 0.304167
0 1.0 0.202344 0.773958 0.039062 0.081250
0 1.0 0.077344 0.773958 0.082812 0.268750
0 1.0 0.030469 0.777083 0.054688 0.187500
0 1.0 0.053906 0.763542 0.107813 0.072917
0 1.0 0.071875 0.773958 0.025000 0.047917
0 1.0 0.962500 0.775000 0.068750 0.275000
0 1.0 0.144531 0.773958 0.045312 0.072917
0 1.0 0.338281 0.777083 0.189062 0.204167
0 1.0 0.277344 0.806250 0.079687 0.245833
0 1.0 0.263281 0.767708 0.220312 0.097917
0 1.0 0.329688 0.781250 0.015625 0.041667
0 1.0 0.290625 0.783333 0.290625 0.312500
0 1.0 0.233594 0.770833 0.123438 0.345833
0 1.0 0.328125 0.777083 0.025000 0.062500
0 1.0 0.192969 0.756250 0.092188 0.275000
0 1.0 0.242188 0.770833 0.071875 0.104167
0 1.0 0.786719 0.754167 0.285938 0.350000
0 1.0 0.764844 0.715625 0.126562 0.364583
0 1.0 0.756250 0.702083 0.321875 0.141667
0 1.0 0.711719 0.721875 0.120313 0.393750
0 1.0 0.937500 0.711458 0.125000 0.102083
0 1.0 0.727344 0.700000 0.142187 0.125000
0 1.0 0.657813 0.756250 0.137500 0.420833
0 1.0 0.659375 0.707292 0.146875 0.127083
0 1.0 0.924219 0.735417 0.151562 0.308333
0 1.0 0.878906 0.717708 0.082812 0.106250
0 1.0 0.869531 0.746875 0.114062 0.360417
0 1.0 0.723437 0.718750 0.034375 0.054167
0 1.0 0.806250 0.730208 0.015625 0.039583
0 1.0 0.814844 0.737500 0.135937 0.366667
0 1.0 0.796094 0.759375 0.304688 0.135417
0 1.0 0.722656 0.767708 0.142187 0.127083
0 1.0 0.073438 0.821875 0.146875 0.268750
0 1.0 0.050000 0.825000 0.100000 0.170833
0 1.0 0.942187 0.762500 0.115625 0.104167
0 1.0 0.894531 0.767708 0.117188 0.131250
0 1.0 0.739844 0.766667 0.060937 0.066667
0 1.0 0.821875 0.778125 0.015625 0.047917
0 1.0 0.527344 0.775000 0.092188 0.091667
0 1.0 0.492188 0.800000 0.256250 0.300000
0 1.0 0.456250 0.809375 0.046875 0.139583
0 1.0 0.452344 0.775000 0.289062 0.095833
0 1.0 0.455469 0.802083 0.101562 0.208333
0 1.0 0.535937 0.791667 0.012500 0.033333
0 1.0 0.397656 0.775000 0.132812 0.266667
0 1.0 0.496094 0.786458 0.014063 0.047917
0 1.0 0.335938 0.792708 0.106250 0.310417
0 1.0 0.357031 0.765625 0.345313 0.131250
0 1.0 0.585156 0.761458 0.289062 0.127083
0 1.0 0.600781 0.780208 0.085938 0.293750
0 1.0 0.600000 0.801042 0.056250 0.197917
0 1.0 0.500000 0.808333 0.115625 0.287500
0 1.0 0.549219 0.808333 0.098437 0.333333
0 1.0 0.597656 0.776042 0.051562 0.072917
0 1.0 0.553906 0.772917 0.176563 0.216667
0 1.0 0.678906 0.654167 0.295312 0.141667
0 1.0 0.592969 0.709375 0.070312 0.181250
0 1.0 0.864062 0.664583 0.250000 0.120833
0 1.0 0.909375 0.657292 0.140625 0.189583
0 1.0 0.723437 0.673958 0.025000 0.047917
0 1.0 0.799219 0.683333 0.017188 0.037500
0 1.0 0.396875 0.675000 0.300000 0.095833
0 1.0 0.490625 0.692708 0.012500 0.031250
0 1.0 0.347656 0.729167 0.060937 0.154167
0 1.0 0.284375 0.712500 0.053125 0.154167
0 1.0 0.548438 0.744792 0.056250 0.139583
0 1.0 0.574219 0.668750 0.254688 0.100000
0 1.0 0.568750 0.686458 0.134375 0.152083
0 1.0 0.507031 0.760417 0.048438 0.141667
0 1.0 0.468750 0.694792 0.096875 0.118750
0 1.0 0.532031 0.672917 0.079687 0.083333
0 1.0 0.497656 0.682292 0.176563 0.177083
0 1.0 0.450000 0.759375 0.028125 0.081250
0 1.0 0.478125 0.680208 0.096875 0.056250
0 1.0 0.448437 0.722917 0.075000 0.125000
0 1.0 0.538281 0.694792 0.010937 0.027083
0 1.0 0.535937 0.747917 0.009375 0.020833
0 1.0 0.435156 0.735417 0.260937 0.266667
0 1.0 0.396875 0.723958 0.268750 0.085417
0 1.0 0.493750 0.739583 0.012500 0.029167
0 1.0 0.275781 0.718750 0.201563 0.079167
0 1.0 0.596875 0.718750 0.150000 0.116667
0 1.0 0.608594 0.707292 0.176563 0.222917
0 1.0 0.462500 0.733333 0.159375 0.062500
0 1.0 0.502344 0.718750 0.295312 0.095833
0 1.0 0.535156 0.729167 0.070312 0.066667
0 1.0 0.605469 0.729167 0.032813 0.045833
0 1.0 0.115625 0.710417 0.206250 0.091667
0 1.0 0.150000 0.716667 0.034375 0.058333
0 1.0 0.053125 0.711458 0.087500 0.060417
0 1.0 0.274219 0.727083 0.135937 0.304167
0 1.0 0.084375 0.717708 0.018750 0.039583
0 1.0 0.957031 0.657292 0.085938 0.093750
0 1.0 0.336719 0.726042 0.014063 0.031250
0 1.0 0.301563 0.714583 0.112500 0.141667
0 1.0 0.144531 0.716667 0.229687 0.300000
0 1.0 0.247656 0.715625 0.060937 0.072917
0 1.0 0.204687 0.721875 0.034375 0.056250
0 1.0 0.817969 0.310417 0.089063 0.279167
0 1.0 0.808594 0.288542 0.229687 0.122917
0 1.0 0.832031 0.296875 0.032813 0.093750
0 1.0 0.821875 0.283333 0.246875 0.295833
0 1.0 0.775000 0.294792 0.090625 0.272917
0 1.0 0.396875 0.542708 0.093750 0.181250
0 1.0 0.719531 0.304167 0.082812 0.212500
0 1.0 0.722656 0.286458 0.242188 0.110417
0 1.0 0.731250 0.288542 0.037500 0.085417
0 1.0 0.714844 0.295833 0.242188 0.300000
0 1.0 0.787500 0.283333 0.037500 0.104167
0 1.0 0.072656 0.338542 0.145313 0.247917
0 1.0 0.053125 0.352083 0.106250 0.150000
0 1.0 0.964063 0.322917 0.046875 0.141667
0 1.0 0.964844 0.289583 0.070312 0.100000
0 1.0 0.923438 0.292708 0.153125 0.160417
0 1.0 0.915625 0.288542 0.121875 0.335417
0 1.0 0.873437 0.304167 0.109375 0.270833
0 1.0 0.842187 0.289583 0.065625 0.066667
0 1.0 0.880469 0.283333 0.054688 0.108333
0 1.0 0.499219 0.291667 0.207813 0.141667
0 1.0 0.492188 0.279167 0.243750 0.308333
0 1.0 0.449219 0.310417 0.051562 0.195833
0 1.0 0.521094 0.300000 0.029687 0.050000
0 1.0 0.447656 0.286458 0.098437 0.239583
0 1.0 0.482812 0.307292 0.028125 0.068750
0 1.0 0.667188 0.329167 0.075000 0.170833
0 1.0 0.418750 0.282292 0.187500 0.102083
0 1.0 0.404687 0.268750 0.134375 0.283333
0 1.0 0.347656 0.301042 0.067187 0.268750
0 1.0 0.410156 0.287500 0.057813 0.066667
0 1.0 0.348438 0.282292 0.228125 0.152083
0 1.0 0.683594 0.308333 0.023438 0.050000
0 1.0 0.669531 0.291667 0.164062 0.166667
0 1.0 0.596094 0.313542 0.054688 0.152083
0 1.0 0.639062 0.287500 0.156250 0.087500
0 1.0 0.601562 0.304167 0.015625 0.041667
0 1.0 0.507031 0.306250 0.042188 0.141667
0 1.0 0.560156 0.322917 0.064062 0.208333
0 1.0 0.573438 0.291667 0.143750 0.075000
0 1.0 0.567187 0.306250 0.037500 0.095833
0 1.0 0.500781 0.304167 0.073438 0.270833
0 1.0 0.613281 0.288542 0.229687 0.277083
0 1.0 0.560937 0.362500 0.121875 0.145833
0 1.0 0.506250 0.394792 0.053125 0.197917
0 1.0 0.511719 0.343750 0.229687 0.112500
0 1.0 0.444531 0.354167 0.017188 0.058333
0 1.0 0.437500 0.354167 0.087500 0.179167
0 1.0 0.467969 0.362500 0.067187 0.116667
0 1.0 0.425000 0.341667 0.225000 0.116667
0 1.0 0.415625 0.333333 0.206250 0.341667
0 1.0 0.713281 0.353125 0.176563 0.189583
0 1.0 0.670312 0.422917 0.043750 0.104167
0 1.0 0.684375 0.414583 0.028125 0.058333
0 1.0 0.553906 0.345833 0.229687 0.279167
0 1.0 0.635156 0.342708 0.254688 0.110417
0 1.0 0.607031 0.412500 0.020313 0.058333
0 1.0 0.555469 0.406250 0.039062 0.133333
0 1.0 0.603125 0.412500 0.031250 0.095833
0 1.0 0.188281 0.373958 0.098437 0.185417
0 1.0 0.180469 0.344792 0.245312 0.168750
0 1.0 0.139063 0.384375 0.050000 0.164583
0 1.0 0.138281 0.338542 0.242188 0.289583
0 1.0 0.081250 0.368750 0.075000 0.216667
0 1.0 0.117188 0.339583 0.234375 0.116667
0 1.0 0.022656 0.351042 0.032813 0.093750
0 1.0 0.350000 0.381250 0.043750 0.191667
0 1.0 0.344531 0.348958 0.223438 0.106250
0 1.0 0.364844 0.358333 0.051562 0.108333
0 1.0 0.294531 0.384375 0.048438 0.164583
0 1.0 0.291406 0.361458 0.098437 0.231250
0 1.0 0.275000 0.343750 0.246875 0.329167
0 1.0 0.319531 0.360417 0.032813 0.083333
0 1.0 0.237500 0.375000 0.090625 0.250000
0 1.0 0.193750 0.400000 0.053125 0.154167
0 1.0 0.275781 0.351042 0.173437 0.143750
0 1.0 0.479687 0.247917 0.062500 0.091667
0 1.0 0.413281 0.238542 0.264062 0.122917
0 1.0 0.439844 0.244792 0.073438 0.093750
0 1.0 0.346875 0.233333 0.106250 0.266667
0 1.0 0.292969 0.245833 0.085938 0.279167
0 1.0 0.254688 0.240625 0.284375 0.135417
0 1.0 0.596094 0.242708 0.079687 0.264583
0 1.0 0.628906 0.233333 0.254688 0.120833
0 1.0 0.596875 0.238542 0.043750 0.131250
0 1.0 0.613281 0.227083 0.160938 0.212500
0 1.0 0.559375 0.251042 0.075000 0.214583
0 1.0 0.501563 0.236458 0.193750 0.152083
0 1.0 0.445312 0.235417 0.062500 0.250000
0 1.0 0.066406 0.027083 0.057813 0.050000
0 1.0 0.027344 0.051042 0.054688 0.097917
0 1.0 0.071875 0.075000 0.143750 0.150000
0 1.0 0.257031 0.531250 0.454688 0.937500
0 1.0 0.553906 0.256250 0.892188 0.470833
0 1.0 0.301563 0.247917 0.046875 0.079167
0 1.0 0.284375 0.229167 0.256250 0.291667
0 1.0 0.235937 0.238542 0.118750 0.339583
0 1.0 0.143750 0.042708 0.184375 0.085417
0 1.0 0.139844 0.085417 0.229687 0.170833
0 1.0 0.078906 0.069792 0.060937 0.131250
0 1.0 0.121875 0.028125 0.087500 0.056250
0 1.0 0.142969 0.284375 0.232813 0.118750
0 1.0 0.142187 0.272917 0.062500 0.162500
0 1.0 0.068750 0.276042 0.093750 0.260417
0 1.0 0.073438 0.270833 0.050000 0.125000
0 1.0 0.030469 0.304167 0.060937 0.191667
0 1.0 0.053906 0.286458 0.107813 0.077083
0 1.0 0.373437 0.295833 0.034375 0.083333
0 1.0 0.288281 0.287500 0.132812 0.125000
0 1.0 0.318750 0.298958 0.031250 0.081250
0 1.0 0.135156 0.275000 0.104688 0.316667
0 1.0 0.188281 0.283333 0.126562 0.270833
0 1.0 0.212500 0.294792 0.046875 0.093750
0 1.0 0.249219 0.306250 0.048438 0.129167
0 1.0 0.775000 0.233333 0.284375 0.129167
0 1.0 0.772656 0.230208 0.167187 0.239583
0 1.0 0.715625 0.232292 0.115625 0.339583
0 1.0 0.947656 0.236458 0.104688 0.110417
0 1.0 0.660937 0.236458 0.093750 0.264583
0 1.0 0.671094 0.238542 0.060937 0.160417
0 1.0 0.890625 0.237500 0.218750 0.129167
0 1.0 0.830469 0.237500 0.151562 0.100000
0 1.0 0.881250 0.217708 0.109375 0.247917
0 1.0 0.821094 0.222917 0.079687 0.220833
0 1.0 0.607812 0.536458 0.015625 0.039583
0 1.0 0.614062 0.450000 0.228125 0.116667
0 1.0 0.621875 0.472917 0.090625 0.100000
0 1.0 0.562500 0.543750 0.028125 0.095833
0 1.0 0.602344 0.451042 0.060937 0.052083
0 1.0 0.727344 0.386458 0.045312 0.093750
0 1.0 0.567969 0.477083 0.073438 0.100000
0 1.0 0.542969 0.447917 0.060937 0.062500
0 1.0 0.511719 0.517708 0.042188 0.118750
0 1.0 0.504687 0.445833 0.212500 0.125000
0 1.0 0.499219 0.460417 0.232813 0.300000
0 1.0 0.515625 0.470833 0.087500 0.120833
0 1.0 0.445312 0.545833 0.018750 0.062500
0 1.0 0.534375 0.455208 0.015625 0.031250
0 1.0 0.799219 0.448958 0.101562 0.077083
0 1.0 0.792969 0.541667 0.017188 0.045833
0 1.0 0.771875 0.453125 0.240625 0.131250
0 1.0 0.778906 0.482292 0.110937 0.131250
0 1.0 0.733594 0.542708 0.020313 0.039583
0 1.0 0.666406 0.447917 0.085938 0.062500
0 1.0 0.717187 0.482292 0.146875 0.143750
0 1.0 0.675781 0.561458 0.026562 0.056250
0 1.0 0.700781 0.453125 0.114062 0.068750
0 1.0 0.689063 0.542708 0.015625 0.031250
0 1.0 0.608594 0.550000 0.023438 0.066667
0 1.0 0.321094 0.504167 0.023438 0.045833
0 1.0 0.239844 0.568750 0.023438 0.050000
0 1.0 0.276562 0.448958 0.056250 0.052083
0 1.0 0.246875 0.554167 0.015625 0.029167
0 1.0 0.243750 0.453125 0.203125 0.110417
0 1.0 0.231250 0.463542 0.225000 0.260417
0 1.0 0.242969 0.484375 0.114062 0.106250
0 1.0 0.200000 0.580208 0.015625 0.035417
0 1.0 0.254688 0.453125 0.065625 0.052083
0 1.0 0.439063 0.512500 0.059375 0.112500
0 1.0 0.211719 0.501042 0.029687 0.039583
0 1.0 0.158594 0.567708 0.014063 0.039583
0 1.0 0.196875 0.455208 0.053125 0.043750
0 1.0 0.169531 0.545833 0.010937 0.025000
0 1.0 0.146094 0.454167 0.192188 0.087500
0 1.0 0.144531 0.451042 0.239063 0.256250
0 1.0 0.160156 0.489583 0.048438 0.054167
0 1.0 0.196094 0.545833 0.023438 0.033333
0 1.0 0.484375 0.491667 0.040625 0.070833
0 1.0 0.428125 0.444792 0.190625 0.093750
0 1.0 0.412500 0.455208 0.225000 0.302083
0 1.0 0.407813 0.466667 0.134375 0.179167
0 1.0 0.344531 0.451042 0.017188 0.035417
0 1.0 0.351562 0.500000 0.046875 0.108333
0 1.0 0.362500 0.487500 0.043750 0.079167
0 1.0 0.297656 0.568750 0.017188 0.045833
0 1.0 0.294531 0.531250 0.035937 0.062500
0 1.0 0.354687 0.527083 0.028125 0.100000
0 1.0 0.194531 0.512500 0.148438 0.070833
0 1.0 0.287500 0.590625 0.037500 0.052083
0 1.0 0.222656 0.521875 0.048438 0.052083
0 1.0 0.300000 0.541667 0.068750 0.079167
0 1.0 0.235156 0.623958 0.023438 0.052083
0 1.0 0.238281 0.606250 0.020313 0.033333
0 1.0 0.831250 0.470833 0.100000 0.137500
0 1.0 0.237500 0.533333 0.153125 0.129167
0 1.0 0.200781 0.620833 0.023438 0.054167
0 1.0 0.200781 0.593750 0.032813 0.050000
0 1.0 0.442188 0.636458 0.015625 0.052083
0 1.0 0.432812 0.588542 0.059375 0.097917
0 1.0 0.469531 0.512500 0.098437 0.095833
0 1.0 0.415625 0.500000 0.240625 0.108333
0 1.0 0.294531 0.633333 0.014063 0.033333
0 1.0 0.350781 0.602083 0.020313 0.066667
0 1.0 0.313281 0.500000 0.223438 0.100000
0 1.0 0.344531 0.570833 0.039062 0.079167
0 1.0 0.339062 0.521875 0.234375 0.256250
0 1.0 0.075781 0.827083 0.029687 0.054167
0 1.0 0.956250 0.459375 0.087500 0.118750
0 1.0 0.888281 0.450000 0.223438 0.120833
0 1.0 0.906250 0.436458 0.137500 0.222917
0 1.0 0.878125 0.493750 0.109375 0.241667
0 1.0 0.834375 0.522917 0.021875 0.070833
0 1.0 0.801562 0.453125 0.015625 0.035417
0 1.0 0.162500 0.598958 0.015625 0.039583
0 1.0 0.146094 0.522917 0.160938 0.087500
0 1.0 0.148438 0.541667 0.090625 0.095833
0 1.0 0.096875 0.611458 0.021875 0.064583
0 1.0 0.134375 0.515625 0.087500 0.047917
0 1.0 0.109375 0.592708 0.018750 0.043750
0 1.0 0.100000 0.511458 0.200000 0.256250
0 1.0 0.026562 0.592708 0.021875 0.064583
0 1.0 0.087500 0.518750 0.040625 0.033333
0 1.0 0.028906 0.567708 0.029687 0.064583
0 1.0 0.076563 0.527083 0.028125 0.029167
0 1.0 0.061719 0.544792 0.035937 0.052083
0 1.0 0.965625 0.505208 0.037500 0.097917
0 1.0 0.105469 0.543750 0.067187 0.079167
0 1.0 0.193750 0.490625 0.037500 0.089583
0 1.0 0.190625 0.462500 0.053125 0.087500
0 1.0 0.096875 0.546875 0.018750 0.052083
0 1.0 0.149219 0.391667 0.264062 0.120833
0 1.0 0.158594 0.472917 0.020313 0.050000
0 1.0 0.085156 0.459375 0.045312 0.114583
0 1.0 0.094531 0.452083 0.029687 0.066667
0 1.0 0.148438 0.481250 0.028125 0.083333
0 1.0 0.442969 0.402083 0.085938 0.095833
0 1.0 0.347656 0.445833 0.060937 0.241667
0 1.0 0.363281 0.397917 0.270313 0.108333
0 1.0 0.346094 0.401042 0.229687 0.322917
0 1.0 0.294531 0.462500 0.048438 0.137500
0 1.0 0.260937 0.397917 0.209375 0.091667
0 1.0 0.234375 0.459375 0.059375 0.143750
0 1.0 0.238281 0.457292 0.035937 0.081250
0 1.0 0.348438 0.408333 0.115625 0.166667
0 1.0 0.839063 0.344792 0.171875 0.114583
0 1.0 0.872656 0.352083 0.217188 0.295833
0 1.0 0.814844 0.396875 0.067187 0.202083
0 1.0 0.822656 0.396875 0.039062 0.106250
0 1.0 0.775781 0.384375 0.073438 0.193750
0 1.0 0.786719 0.384375 0.035937 0.097917
0 1.0 0.719531 0.396875 0.076563 0.177083
0 1.0 0.031250 0.462500 0.034375 0.104167
0 1.0 0.069531 0.394792 0.139063 0.085417
0 1.0 0.965625 0.359375 0.031250 0.081250
0 1.0 0.936719 0.343750 0.126562 0.120833
0 1.0 0.953906 0.371875 0.054688 0.110417
0 1.0 0.801562 0.398958 0.209375 0.118750
0 1.0 0.830469 0.467708 0.026562 0.077083
0 1.0 0.794531 0.485417 0.020313 0.054167
0 1.0 0.146875 0.455208 0.050000 0.039583
0 1.0 0.111719 0.538542 0.010937 0.027083
0 1.0 0.104688 0.484375 0.053125 0.064583
0 1.0 0.029687 0.528125 0.018750 0.052083
0 1.0 0.100781 0.457292 0.017188 0.027083
0 1.0 0.033594 0.512500 0.023438 0.054167
0 1.0 0.042969 0.459375 0.082812 0.056250
0 1.0 0.068750 0.488542 0.034375 0.052083
0 1.0 0.932813 0.394792 0.134375 0.122917
0 1.0 0.564844 0.398958 0.264062 0.102083
0 1.0 0.563281 0.470833 0.035937 0.087500
0 1.0 0.557031 0.417708 0.135937 0.147917
0 1.0 0.502344 0.468750 0.067187 0.216667
0 1.0 0.445312 0.465625 0.050000 0.156250
0 1.0 0.773438 0.407292 0.256250 0.281250
0 1.0 0.720313 0.481250 0.059375 0.129167
0 1.0 0.731250 0.480208 0.028125 0.060417
0 1.0 0.712500 0.403125 0.231250 0.152083
0 1.0 0.669531 0.481250 0.051562 0.100000
0 1.0 0.621094 0.414583 0.139063 0.150000
0 1.0 0.685156 0.485417 0.023438 0.045833
0 1.0 0.671094 0.403125 0.232813 0.285417
0 1.0 0.600000 0.478125 0.040625 0.110417
0 1.0 0.647656 0.396875 0.132812 0.089583
0 1.0 0.603125 0.481250 0.018750 0.050000
0 1.0 0.706250 0.677083 0.431250 0.333333
0 1.0 0.921094 0.113542 0.129688 0.227083
0 1.0 0.870313 0.085417 0.215625 0.166667
0 1.0 0.817187 0.115625 0.115625 0.231250
0 1.0 0.582031 0.692708 0.282813 0.481250
0 1.0 0.846094 0.558333 0.192188 0.770833
0 1.0 0.464844 0.653125 0.704688 0.231250
0 1.0 0.349219 0.692708 0.501563 0.435417
0 1.0 0.042188 0.148958 0.084375 0.239583
0 1.0 0.051562 0.130208 0.103125 0.102083
0 1.0 0.964063 0.125000 0.046875 0.150000
0 1.0 0.942187 0.077083 0.115625 0.120833
0 1.0 0.785937 0.553125 0.428125 0.214583
0 1.0 0.344531 0.565625 0.557813 0.222917
0 1.0 0.246875 0.612500 0.231250 0.537500
0 1.0 0.102344 0.128125 0.204687 0.164583
0 1.0 0.617188 0.075000 0.250000 0.133333
0 1.0 0.595313 0.093750 0.096875 0.187500
0 1.0 0.364844 0.828125 0.557813 0.231250
0 1.0 0.656250 0.117708 0.125000 0.235417
0 1.0 0.713281 0.120833 0.123438 0.241667
0 1.0 0.707031 0.080208 0.257812 0.160417
0 1.0 0.200000 0.734375 0.375000 0.418750
0 1.0 0.544531 0.759375 0.632812 0.272917
0 1.0 0.768750 0.115625 0.118750 0.231250
0 1.0 0.771875 0.120833 0.293750 0.137500
0 1.0 0.442188 0.448958 0.403125 0.468750
0 1.0 0.343750 0.455208 0.568750 0.222917
0 1.0 0.499219 0.151042 0.095312 0.302083
0 1.0 0.486719 0.121875 0.298438 0.143750
0 1.0 0.793750 0.351042 0.412500 0.214583
0 1.0 0.650781 0.369792 0.210938 0.589583
0 1.0 0.066406 0.180208 0.117188 0.081250
0 1.0 0.342187 0.337500 0.390625 0.529167
0 1.0 0.261719 0.346875 0.523438 0.218750
0 1.0 0.433594 0.402083 0.214062 0.716667
0 1.0 0.815625 0.131250 0.256250 0.262500
0 1.0 0.543750 0.351042 0.578125 0.218750
0 1.0 0.295312 0.130208 0.275000 0.260417
0 1.0 0.223438 0.126042 0.293750 0.135417
0 1.0 0.732812 0.446875 0.518750 0.231250
0 1.0 0.077344 0.150000 0.104688 0.279167
0 1.0 0.182812 0.133333 0.143750 0.254167
0 1.0 0.132031 0.145833 0.101562 0.258333
0 1.0 0.442188 0.133333 0.134375 0.266667
0 1.0 0.462500 0.131250 0.090625 0.120833
0 1.0 0.675000 0.473958 0.418750 0.502083
0 1.0 0.546875 0.485417 0.200000 0.633333
0 1.0 0.553906 0.145833 0.079687 0.254167
0 1.0 0.545312 0.131250 0.234375 0.262500
0 1.0 0.348438 0.156250 0.078125 0.241667
0 1.0 0.363281 0.119792 0.304688 0.139583
0 1.0 0.446094 0.137500 0.073438 0.216667
0 1.0 0.296094 0.145833 0.089063 0.245833
0 1.0 0.273438 0.134375 0.075000 0.089583
0 1.0 0.657813 0.059375 0.078125 0.118750
0 1.0 0.632031 0.034375 0.232813 0.068750
0 1.0 0.553906 0.054167 0.073438 0.108333
0 1.0 0.549219 0.039583 0.164062 0.079167
0 1.0 0.601562 0.051042 0.068750 0.102083
0 1.0 0.216406 0.502083 0.432812 0.366667
0 1.0 0.507031 0.516667 0.817187 0.337500
0 1.0 0.701562 0.788542 0.596875 0.422917
0 1.0 0.310937 0.055208 0.093750 0.110417
0 1.0 0.236719 0.077083 0.095312 0.154167
0 1.0 0.257812 0.033333 0.187500 0.066667
0 1.0 0.413281 0.034375 0.220312 0.068750
0 1.0 0.406250 0.064583 0.125000 0.129167
0 1.0 0.138281 0.061458 0.085938 0.122917
0 1.0 0.186719 0.064583 0.070312 0.129167
0 1.0 0.202344 0.031250 0.104688 0.062500
0 1.0 0.161719 0.030208 0.107813 0.060417
0 1.0 0.458594 0.060417 0.073438 0.120833
0 1.0 0.484375 0.038542 0.090625 0.077083
0 1.0 0.443750 0.079167 0.234375 0.158333
0 1.0 0.432031 0.037500 0.095312 0.075000
0 1.0 0.345313 0.057292 0.059375 0.114583
0 1.0 0.335156 0.028125 0.048438 0.056250
0 1.0 0.500000 0.027083 0.046875 0.054167
0 1.0 0.494531 0.083333 0.057813 0.166667
0 1.0 0.457031 0.057292 0.032813 0.089583
0 1.0 0.770312 0.838542 0.459375 0.214583
0 1.0 0.224219 0.922917 0.448437 0.154167
0 1.0 0.649219 0.918750 0.620313 0.162500
0 1.0 0.363281 0.076042 0.251563 0.131250
0 1.0 0.349219 0.108333 0.139063 0.216667
0 1.0 0.245312 0.078125 0.293750 0.131250
0 1.0 0.275781 0.084375 0.089063 0.097917
0 1.0 0.177344 0.845833 0.354687 0.204167
0 1.0 0.872656 0.041667 0.164062 0.083333
0 1.0 0.499219 0.123958 0.817187 0.247917
0 1.0 0.820312 0.062500 0.078125 0.125000
0 1.0 0.770312 0.067708 0.087500 0.135417
0 1.0 0.771875 0.033333 0.206250 0.066667
0 1.0 0.951562 0.034375 0.096875 0.068750
0 1.0 0.714063 0.060417 0.087500 0.120833
0 1.0 0.025781 0.120833 0.051562 0.154167
0 1.0 0.060156 0.079167 0.120313 0.079167
0 1.0 0.962500 0.059375 0.034375 0.085417
0 1.0 0.878125 0.061458 0.084375 0.122917
0 1.0 0.920312 0.900000 0.068750 0.087500
0 1.0 0.887500 0.836458 0.225000 0.285417
0 1.0 0.913281 0.880208 0.123438 0.164583
0 1.0 0.874219 0.886458 0.051562 0.143750
0 1.0 0.755469 0.891667 0.092188 0.075000
0 1.0 0.852344 0.901042 0.014063 0.035417
0 1.0 0.832031 0.886458 0.042188 0.118750
0 1.0 0.805469 0.885417 0.279687 0.133333
0 1.0 0.840625 0.905208 0.028125 0.077083
0 1.0 0.778906 0.886458 0.042188 0.118750
0 1.0 0.797656 0.905208 0.023438 0.068750
0 1.0 0.125000 0.922917 0.206250 0.104167
0 1.0 0.085938 0.928125 0.096875 0.143750
0 1.0 0.107031 0.892708 0.214062 0.214583
0 1.0 0.026562 0.945833 0.053125 0.108333
0 1.0 0.069531 0.933333 0.057813 0.066667
0 1.0 0.052344 0.933333 0.104688 0.120833
0 1.0 0.953125 0.907292 0.025000 0.068750
0 1.0 0.941406 0.910417 0.045312 0.095833
0 1.0 0.554688 0.848958 0.028125 0.102083
0 1.0 0.576562 0.876042 0.225000 0.110417
0 1.0 0.557031 0.867708 0.048438 0.147917
0 1.0 0.600000 0.881250 0.078125 0.087500
0 1.0 0.565625 0.843750 0.265625 0.262500
0 1.0 0.510938 0.889583 0.043750 0.150000
0 1.0 0.821094 0.895833 0.079687 0.075000
0 1.0 0.464844 0.830208 0.010937 0.031250
0 1.0 0.458594 0.877083 0.201563 0.091667
0 1.0 0.471094 0.864583 0.029687 0.079167
0 1.0 0.531250 0.887500 0.018750 0.041667
0 1.0 0.463281 0.877083 0.157812 0.200000
0 1.0 0.396094 0.852083 0.039062 0.116667
0 1.0 0.537500 0.875000 0.071875 0.091667
0 1.0 0.715625 0.873958 0.050000 0.152083
0 1.0 0.726562 0.897917 0.021875 0.075000
0 1.0 0.697656 0.870833 0.207813 0.212500
0 1.0 0.670312 0.858333 0.059375 0.175000
0 1.0 0.677344 0.880208 0.029687 0.097917
0 1.0 0.603125 0.852083 0.028125 0.083333
0 1.0 0.607031 0.882292 0.020313 0.064583
0 1.0 0.600781 0.912500 0.051562 0.104167
0 1.0 0.617188 0.918750 0.262500 0.150000
0 1.0 0.508594 0.917708 0.289062 0.131250
0 1.0 0.507031 0.894792 0.114062 0.197917
0 1.0 0.453906 0.882292 0.054688 0.127083
0 1.0 0.767188 0.901042 0.100000 0.197917
0 1.0 0.712500 0.901042 0.100000 0.197917
0 1.0 0.717187 0.922917 0.059375 0.116667
0 1.0 0.664844 0.888542 0.098437 0.210417
0 1.0 0.292187 0.895833 0.143750 0.166667
0 1.0 0.239063 0.883333 0.128125 0.233333
0 1.0 0.187500 0.887500 0.125000 0.225000
0 1.0 0.132031 0.913542 0.095312 0.172917
0 1.0 0.482812 0.922917 0.093750 0.095833
0 1.0 0.391406 0.880208 0.098437 0.197917
0 1.0 0.396875 0.915625 0.293750 0.135417
0 1.0 0.334375 0.872917 0.318750 0.241667
0 1.0 0.346875 0.898958 0.146875 0.160417
0 1.0 0.511719 0.809375 0.298438 0.114583
0 1.0 0.537500 0.818750 0.081250 0.095833
0 1.0 0.530469 0.831250 0.014063 0.041667
0 1.0 0.393750 0.813542 0.346875 0.127083
0 1.0 0.485938 0.828125 0.015625 0.052083
0 1.0 0.739844 0.830208 0.117188 0.110417
0 1.0 0.638281 0.814583 0.332813 0.125000
0 1.0 0.650000 0.793750 0.284375 0.375000
0 1.0 0.589844 0.820833 0.057813 0.079167
0 1.0 0.232031 0.823958 0.110937 0.135417
0 1.0 0.192188 0.822917 0.046875 0.087500
0 1.0 0.126562 0.814583 0.253125 0.116667
0 1.0 0.144531 0.823958 0.048438 0.081250
0 1.0 0.060937 0.818750 0.121875 0.079167
0 1.0 0.250781 0.817708 0.289062 0.135417
0 1.0 0.297656 0.830208 0.054688 0.097917
0 1.0 0.324219 0.834375 0.020313 0.056250
0 1.0 0.204687 0.881250 0.053125 0.087500
0 1.0 0.085156 0.883333 0.042188 0.108333
0 1.0 0.128125 0.876042 0.175000 0.097917
0 1.0 0.146875 0.882292 0.053125 0.077083
0 1.0 0.339062 0.864583 0.037500 0.116667
0 1.0 0.336719 0.867708 0.076563 0.177083
0 1.0 0.303906 0.882292 0.023438 0.068750
0 1.0 0.250781 0.866667 0.057813 0.145833
0 1.0 0.705469 0.825000 0.082812 0.070833
0 1.0 0.801562 0.840625 0.012500 0.039583
0 1.0 0.803125 0.813542 0.300000 0.127083
0 1.0 0.826562 0.825000 0.096875 0.250000
0 1.0 0.781250 0.814583 0.096875 0.258333
0 1.0 0.803125 0.829167 0.131250 0.112500
0 1.0 0.031250 0.891667 0.034375 0.095833
0 1.0 0.059375 0.873958 0.115625 0.072917
0 1.0 0.032813 0.887500 0.065625 0.129167
0 1.0 0.078906 0.881250 0.029687 0.050000
0 1.0 0.936719 0.813542 0.126562 0.106250
0 1.0 0.555469 0.185417 0.264062 0.112500
0 1.0 0.775000 0.181250 0.293750 0.133333
0 1.0 0.818750 0.916667 0.168750 0.162500
0 1.0 0.711719 0.168750 0.242188 0.329167
0 1.0 0.491406 0.175000 0.257812 0.166667
0 1.0 0.486719 0.189583 0.076563 0.079167
0 1.0 0.432031 0.176042 0.229687 0.322917
0 1.0 0.457813 0.175000 0.059375 0.116667
0 1.0 0.932813 0.184375 0.134375 0.156250
0 1.0 0.343750 0.078125 0.546875 0.156250
0 1.0 0.660156 0.181250 0.273438 0.133333
0 1.0 0.898438 0.173958 0.203125 0.331250
0 1.0 0.968750 0.960417 0.050000 0.079167
0 1.0 0.867188 0.962500 0.115625 0.075000
0 1.0 0.654687 0.076042 0.578125 0.152083
0 1.0 0.855469 0.183333 0.145313 0.100000
0 1.0 0.543750 0.246875 0.578125 0.222917
0 1.0 0.171875 0.248958 0.343750 0.210417
0 1.0 0.202344 0.185417 0.254688 0.137500
0 1.0 0.194531 0.179167 0.045312 0.091667
0 1.0 0.950781 0.125000 0.098437 0.108333
0 1.0 0.753125 0.253125 0.375000 0.502083
0 1.0 0.116406 0.180208 0.232813 0.122917
0 1.0 0.407031 0.177083 0.182812 0.170833
0 1.0 0.362500 0.182292 0.056250 0.106250
0 1.0 0.319531 0.188542 0.245312 0.135417
0 1.0 0.321094 0.188542 0.039062 0.081250
0 1.0 0.329688 0.959375 0.034375 0.043750
0 1.0 0.301563 0.955208 0.081250 0.089583
0 1.0 0.239063 0.925000 0.087500 0.150000
0 1.0 0.304688 0.958333 0.034375 0.045833
0 1.0 0.187500 0.935417 0.084375 0.129167
0 1.0 0.271094 0.961458 0.042188 0.047917
0 1.0 0.513281 0.948958 0.095312 0.102083
0 1.0 0.452344 0.943750 0.054688 0.112500
0 1.0 0.549219 0.956250 0.023438 0.037500
0 1.0 0.450000 0.931250 0.112500 0.137500
0 1.0 0.538281 0.946875 0.029687 0.052083
0 1.0 0.484375 0.959375 0.034375 0.043750
0 1.0 0.417187 0.958333 0.078125 0.083333
0 1.0 0.339844 0.931250 0.076563 0.137500
0 1.0 0.396875 0.960417 0.021875 0.037500
0 1.0 0.375000 0.948958 0.056250 0.064583
0 1.0 0.943750 0.927083 0.112500 0.145833
0 1.0 0.870313 0.895833 0.096875 0.208333
0 1.0 0.217969 0.963542 0.042188 0.043750
0 1.0 0.845313 0.929167 0.103125 0.108333
0 1.0 0.152344 0.958333 0.089063 0.083333
0 1.0 0.165625 0.964583 0.043750 0.041667
0 1.0 0.097656 0.967708 0.035937 0.039583
0 1.0 0.074219 0.966667 0.057813 0.054167
0 1.0 0.050781 0.964583 0.089063 0.070833
0 1.0 0.097656 0.960417 0.095312 0.079167
0 1.0 0.123438 0.234375 0.246875 0.127083
0 1.0 0.925781 0.956250 0.082812 0.087500
0 1.0 0.829688 0.953125 0.021875 0.039583
0 1.0 0.851562 0.945833 0.028125 0.054167
0 1.0 0.036719 0.233333 0.073438 0.233333
0 1.0 0.050000 0.234375 0.100000 0.118750
0 1.0 0.965625 0.207292 0.056250 0.181250
0 1.0 0.700781 0.947917 0.120313 0.087500
0 1.0 0.695312 0.960417 0.028125 0.037500
0 1.0 0.603125 0.947917 0.071875 0.104167
0 1.0 0.650000 0.951042 0.106250 0.085417
0 1.0 0.632812 0.959375 0.031250 0.039583
0 1.0 0.553125 0.923958 0.115625 0.152083
0 1.0 0.583594 0.957292 0.026562 0.039583
0 1.0 0.563281 0.946875 0.045312 0.064583
0 1.0 0.840625 0.954167 0.031250 0.041667
0 1.0 0.820312 0.945833 0.065625 0.066667
0 1.0 0.784375 0.953125 0.100000 0.093750
0 1.0 0.797656 0.956250 0.035937 0.041667
0 1.0 0.744531 0.958333 0.029687 0.037500
0 1.0 0.356250 0.596875 0.221875 0.547917
0 1.0 0.128906 0.357292 0.257812 0.714583
0 1.0 0.177344 0.136458 0.354687 0.272917
0 1.0 0.295312 0.202083 0.590625 0.404167
0 1.0 0.085156 0.196875 0.170313 0.393750
0 1.0 0.541406 0.241667 0.410938 0.475000
0 1.0 0.357031 0.222917 0.210938 0.445833
0 1.0 0.539062 0.714583 0.534375 0.570833
0 1.0 0.921094 0.375000 0.157812 0.620833