0 1.0 0.053125 0.052083 0.084375 0.104167
0 1.0 0.071875 0.073958 0.143750 0.147917
0 1.0 0.025781 0.051042 0.051562 0.093750
0 1.0 0.173437 0.045833 0.215625 0.091667
0 1.0 0.183594 0.060417 0.110937 0.120833
0 1.0 0.241406 0.061458 0.167187 0.122917
0 1.0 0.303125 0.057292 0.115625 0.114583
0 1.0 0.273438 0.032292 0.137500 0.064583
0 1.0 0.699219 0.806250 0.601562 0.387500
0 1.0 0.286719 0.796875 0.573438 0.406250
0 1.0 0.353906 0.057292 0.132812 0.114583
0 1.0 0.348438 0.081250 0.243750 0.162500
0 1.0 0.328906 0.026042 0.048438 0.052083
0 1.0 0.404687 0.058333 0.137500 0.116667
0 1.0 0.412500 0.032292 0.212500 0.064583
0 1.0 0.463281 0.057292 0.120313 0.114583
0 1.0 0.449219 0.078125 0.239063 0.156250
0 1.0 0.239063 0.526042 0.478125 0.631250
0 1.0 0.492969 0.548958 0.857812 0.547917
0 1.0 0.496875 0.028125 0.059375 0.056250
0 1.0 0.444531 0.046875 0.048438 0.093750
0 1.0 0.506250 0.063542 0.096875 0.127083
0 1.0 0.514844 0.032292 0.160938 0.064583
0 1.0 0.560937 0.059375 0.150000 0.118750
0 1.0 0.570312 0.030208 0.118750 0.060417
0 1.0 0.606250 0.048958 0.065625 0.097917
0 1.0 0.626563 0.030208 0.118750 0.060417
0 1.0 0.662500 0.060417 0.165625 0.120833
0 1.0 0.665625 0.053125 0.081250 0.106250
0 1.0 0.714063 0.082292 0.237500 0.164583
0 1.0 0.719531 0.051042 0.076563 0.102083
0 1.0 0.735156 0.032292 0.145313 0.064583
0 1.0 0.506250 0.866667 0.846875 0.266667
0 1.0 0.771094 0.062500 0.160938 0.125000
0 1.0 0.771875 0.052083 0.068750 0.104167
0 1.0 0.825781 0.048958 0.064062 0.097917
0 1.0 0.830469 0.032292 0.157812 0.064583
0 1.0 0.876563 0.059375 0.153125 0.118750
0 1.0 0.885938 0.047917 0.059375 0.083333
0 1.0 0.489844 0.698958 0.414062 0.556250
0 1.0 0.594531 0.703125 0.801562 0.343750
0 1.0 0.730469 0.501042 0.539062 0.272917
0 1.0 0.153125 0.692708 0.306250 0.577083
0 1.0 0.284375 0.693750 0.309375 0.612500
0 1.0 0.870313 0.028125 0.084375 0.056250
0 1.0 0.924219 0.054167 0.114062 0.108333
0 1.0 0.960156 0.058333 0.042188 0.070833
0 1.0 0.950781 0.033333 0.098437 0.066667
0 1.0 0.444531 0.511458 0.889062 0.235417
0 1.0 0.749219 0.301042 0.501563 0.293750
0 1.0 0.033594 0.106250 0.067187 0.179167
0 1.0 0.134375 0.094792 0.200000 0.189583
0 1.0 0.340625 0.314583 0.681250 0.379167
0 1.0 0.649219 0.119792 0.701562 0.239583
0 1.0 0.233594 0.106250 0.270313 0.212500
0 1.0 0.233594 0.119792 0.123438 0.239583
0 1.0 0.283594 0.084375 0.079687 0.085417
0 1.0 0.292187 0.118750 0.103125 0.237500
0 1.0 0.779687 0.919792 0.440625 0.160417
0 1.0 0.442188 0.117708 0.081250 0.202083
0 1.0 0.557031 0.106250 0.242188 0.212500
0 1.0 0.549219 0.917708 0.620313 0.164583
0 1.0 0.600000 0.095833 0.096875 0.183333
0 1.0 0.660937 0.112500 0.115625 0.225000
0 1.0 0.711719 0.116667 0.123438 0.233333
0 1.0 0.818750 0.094792 0.196875 0.189583
0 1.0 0.171875 0.921875 0.343750 0.156250
0 1.0 0.761719 0.794792 0.229687 0.410417
0 1.0 0.770312 0.845833 0.459375 0.204167
0 1.0 0.913281 0.092708 0.173437 0.185417
0 1.0 0.946875 0.082292 0.106250 0.122917
0 1.0 0.961719 0.115625 0.060937 0.122917
0 1.0 0.062500 0.126042 0.125000 0.097917
0 1.0 0.082812 0.143750 0.125000 0.245833
0 1.0 0.249219 0.827083 0.432812 0.229167
0 1.0 0.254688 0.807292 0.215625 0.368750
0 1.0 0.340625 0.810417 0.218750 0.379167
0 1.0 0.446875 0.822917 0.262500 0.333333
0 1.0 0.821875 0.753125 0.356250 0.210417
0 1.0 0.132812 0.150000 0.112500 0.279167
0 1.0 0.185156 0.152083 0.101562 0.254167
0 1.0 0.832031 0.727083 0.226562 0.445833
0 1.0 0.444531 0.775000 0.545312 0.279167
0 1.0 0.653906 0.744792 0.273438 0.422917
0 1.0 0.832812 0.644792 0.334375 0.210417
0 1.0 0.174219 0.759375 0.348438 0.231250
0 1.0 0.273438 0.137500 0.071875 0.087500
0 1.0 0.343750 0.131250 0.150000 0.258333
0 1.0 0.401562 0.126042 0.196875 0.218750
0 1.0 0.424219 0.133333 0.129688 0.120833
0 1.0 0.640625 0.629167 0.556250 0.283333
0 1.0 0.370312 0.619792 0.681250 0.222917
0 1.0 0.545312 0.664583 0.218750 0.466667
0 1.0 0.479687 0.132292 0.103125 0.106250
0 1.0 0.501563 0.141667 0.125000 0.283333
0 1.0 0.183594 0.641667 0.367188 0.212500
0 1.0 0.653906 0.561458 0.257812 0.381250
0 1.0 0.753125 0.565625 0.262500 0.372917
0 1.0 0.552344 0.141667 0.126562 0.283333
0 1.0 0.619531 0.123958 0.289062 0.131250
0 1.0 0.664844 0.130208 0.251563 0.260417
0 1.0 0.342969 0.596875 0.257812 0.347917
0 1.0 0.445312 0.561458 0.253125 0.347917
0 1.0 0.199219 0.551042 0.398438 0.185417
0 1.0 0.827344 0.452083 0.345313 0.204167
0 1.0 0.770312 0.128125 0.131250 0.247917
0 1.0 0.546094 0.456250 0.492188 0.354167
0 1.0 0.251563 0.488542 0.268750 0.402083
0 1.0 0.188281 0.456250 0.376563 0.195833
0 1.0 0.144531 0.462500 0.245312 0.408333
0 1.0 0.849219 0.125000 0.101562 0.095833
0 1.0 0.943750 0.133333 0.112500 0.166667
0 1.0 0.749219 0.348958 0.207813 0.518750
0 1.0 0.968750 0.164583 0.050000 0.150000
0 1.0 0.046875 0.187500 0.090625 0.150000
0 1.0 0.115625 0.181250 0.193750 0.112500
0 1.0 0.133594 0.179167 0.242188 0.312500
0 1.0 0.549219 0.351042 0.567187 0.235417
0 1.0 0.546094 0.364583 0.210938 0.529167
0 1.0 0.651563 0.348958 0.259375 0.456250
0 1.0 0.219531 0.348958 0.439063 0.218750
0 1.0 0.190625 0.185417 0.040625 0.083333
0 1.0 0.214844 0.188542 0.242188 0.135417
0 1.0 0.835156 0.248958 0.329688 0.206250
0 1.0 0.315625 0.186458 0.050000 0.089583
0 1.0 0.283594 0.176042 0.260937 0.289583
0 1.0 0.310156 0.186458 0.264062 0.135417
0 1.0 0.355469 0.176042 0.092188 0.143750
0 1.0 0.409375 0.180208 0.293750 0.135417
0 1.0 0.473438 0.186458 0.075000 0.114583
0 1.0 0.439844 0.180208 0.135937 0.243750
0 1.0 0.501563 0.171875 0.246875 0.289583
0 1.0 0.444531 0.248958 0.557813 0.222917
0 1.0 0.214062 0.246875 0.428125 0.214583
0 1.0 0.554688 0.184375 0.250000 0.164583
0 1.0 0.600781 0.178125 0.098437 0.210417
0 1.0 0.832812 0.146875 0.334375 0.206250
0 1.0 0.714844 0.181250 0.248438 0.166667
0 1.0 0.814844 0.172917 0.139063 0.279167
0 1.0 0.850000 0.184375 0.181250 0.147917
0 1.0 0.876563 0.169792 0.146875 0.293750
0 1.0 0.912500 0.175000 0.134375 0.200000
0 1.0 0.343750 0.142708 0.568750 0.218750
0 1.0 0.963281 0.208333 0.073438 0.158333
0 1.0 0.053906 0.241667 0.107813 0.183333
0 1.0 0.028906 0.277083 0.051562 0.191667
0 1.0 0.112500 0.236458 0.215625 0.114583
0 1.0 0.078125 0.251042 0.081250 0.268750
0 1.0 0.135937 0.253125 0.112500 0.222917
0 1.0 0.185938 0.237500 0.243750 0.166667
0 1.0 0.178906 0.253125 0.120313 0.231250
0 1.0 0.234375 0.238542 0.125000 0.247917
0 1.0 0.292187 0.235417 0.171875 0.204167
0 1.0 0.273438 0.244792 0.071875 0.081250
0 1.0 0.347656 0.238542 0.251563 0.302083
0 1.0 0.363281 0.232292 0.304688 0.122917
0 1.0 0.341406 0.257292 0.107813 0.293750
0 1.0 0.482031 0.239583 0.104688 0.104167
0 1.0 0.444531 0.266667 0.067187 0.195833
0 1.0 0.503906 0.245833 0.139063 0.266667
0 1.0 0.511719 0.234375 0.304688 0.131250
0 1.0 0.443750 0.077083 0.568750 0.154167
0 1.0 0.945312 0.960417 0.109375 0.079167
0 1.0 0.555469 0.243750 0.135937 0.254167
0 1.0 0.606250 0.238542 0.256250 0.302083
0 1.0 0.599219 0.245833 0.070312 0.158333
0 1.0 0.665625 0.238542 0.196875 0.222917
0 1.0 0.667188 0.240625 0.093750 0.185417
0 1.0 0.880469 0.935417 0.157812 0.129167
0 1.0 0.857812 0.962500 0.081250 0.070833
0 1.0 0.931250 0.926042 0.137500 0.147917
0 1.0 0.717969 0.955208 0.173437 0.089583
0 1.0 0.712500 0.941667 0.081250 0.116667
0 1.0 0.772656 0.947917 0.139063 0.104167
0 1.0 0.825781 0.941667 0.148438 0.116667
0 1.0 0.586719 0.965625 0.067187 0.056250
0 1.0 0.554688 0.946875 0.081250 0.106250
0 1.0 0.610156 0.945833 0.142187 0.108333
0 1.0 0.611719 0.915625 0.226562 0.168750
0 1.0 0.664062 0.946875 0.096875 0.106250
0 1.0 0.469531 0.959375 0.098437 0.081250
0 1.0 0.460156 0.918750 0.229687 0.162500
0 1.0 0.523438 0.957292 0.065625 0.072917
0 1.0 0.546875 0.963542 0.037500 0.047917
0 1.0 0.507812 0.955208 0.118750 0.089583
0 1.0 0.326562 0.944792 0.071875 0.072917
0 1.0 0.287500 0.916667 0.137500 0.166667
0 1.0 0.342187 0.957292 0.056250 0.056250
0 1.0 0.339062 0.917708 0.131250 0.164583
0 1.0 0.384375 0.962500 0.034375 0.045833
0 1.0 0.407031 0.953125 0.095312 0.093750
0 1.0 0.224219 0.961458 0.054688 0.056250
0 1.0 0.129688 0.937500 0.096875 0.125000
0 1.0 0.205469 0.952083 0.089063 0.095833
0 1.0 0.242188 0.952083 0.100000 0.083333
0 1.0 0.283594 0.961458 0.048438 0.052083
0 1.0 0.053125 0.955208 0.090625 0.089583
0 1.0 0.078906 0.914583 0.157812 0.170833
0 1.0 0.078906 0.965625 0.035937 0.043750
0 1.0 0.028906 0.939583 0.057813 0.120833
0 1.0 0.152344 0.955208 0.079687 0.072917
0 1.0 0.178125 0.962500 0.046875 0.050000
0 1.0 0.890625 0.892708 0.218750 0.214583
0 1.0 0.965625 0.934375 0.059375 0.131250
0 1.0 0.711719 0.878125 0.114062 0.243750
0 1.0 0.772656 0.904167 0.176563 0.191667
0 1.0 0.601562 0.896875 0.100000 0.189583
0 1.0 0.657813 0.880208 0.115625 0.239583
0 1.0 0.443750 0.922917 0.090625 0.150000
0 1.0 0.545312 0.893750 0.153125 0.212500
0 1.0 0.390625 0.912500 0.134375 0.141667
0 1.0 0.379688 0.891667 0.256250 0.204167
0 1.0 0.201563 0.912500 0.140625 0.150000
0 1.0 0.246875 0.896875 0.109375 0.206250
0 1.0 0.125000 0.894792 0.131250 0.210417
0 1.0 0.883594 0.814583 0.073438 0.129167
0 1.0 0.917969 0.848958 0.089063 0.168750
0 1.0 0.953906 0.890625 0.054688 0.089583
0 1.0 0.963281 0.873958 0.029687 0.064583
0 1.0 0.782813 0.806250 0.046875 0.100000
0 1.0 0.772656 0.770833 0.048438 0.104167
0 1.0 0.824219 0.860417 0.210938 0.212500
0 1.0 0.826562 0.823958 0.046875 0.097917
0 1.0 0.817187 0.786458 0.053125 0.110417
0 1.0 0.860156 0.877083 0.120313 0.129167
0 1.0 0.607031 0.815625 0.035937 0.068750
0 1.0 0.594531 0.862500 0.310937 0.145833
0 1.0 0.607031 0.783333 0.045312 0.087500
0 1.0 0.671094 0.811458 0.035937 0.064583
0 1.0 0.665625 0.770833 0.043750 0.079167
0 1.0 0.725000 0.808333 0.043750 0.083333
0 1.0 0.717969 0.776042 0.048438 0.102083
0 1.0 0.447656 0.839583 0.032813 0.054167
0 1.0 0.507812 0.875000 0.065625 0.100000
0 1.0 0.558594 0.832292 0.070312 0.114583
0 1.0 0.558594 0.798958 0.048438 0.089583
0 1.0 0.272656 0.884375 0.270313 0.152083
0 1.0 0.388281 0.880208 0.067187 0.135417
0 1.0 0.447656 0.865625 0.085938 0.114583
0 1.0 0.208594 0.869792 0.076563 0.152083
0 1.0 0.203125 0.864583 0.040625 0.108333
0 1.0 0.292187 0.885417 0.090625 0.112500
0 1.0 0.063281 0.868750 0.120313 0.091667
0 1.0 0.027344 0.860417 0.042188 0.133333
0 1.0 0.113281 0.855208 0.217188 0.256250
0 1.0 0.149219 0.877083 0.079687 0.116667
0 1.0 0.079687 0.836458 0.121875 0.189583
0 1.0 0.902344 0.817708 0.185938 0.231250
0 1.0 0.956250 0.837500 0.087500 0.191667
0 1.0 0.914844 0.813542 0.170313 0.118750
0 1.0 0.068750 0.872917 0.043750 0.079167
0 1.0 0.796094 0.807292 0.176563 0.127083
0 1.0 0.764062 0.806250 0.131250 0.300000
0 1.0 0.604688 0.805208 0.340625 0.131250
0 1.0 0.657031 0.810417 0.195312 0.204167
0 1.0 0.682813 0.808333 0.150000 0.120833
0 1.0 0.716406 0.787500 0.117188 0.204167
0 1.0 0.504687 0.819792 0.206250 0.222917
0 1.0 0.601562 0.798958 0.112500 0.181250
0 1.0 0.292969 0.825000 0.179688 0.162500
0 1.0 0.447656 0.827083 0.057813 0.087500
0 1.0 0.390625 0.815625 0.365625 0.143750
0 1.0 0.513281 0.821875 0.048438 0.081250
0 1.0 0.445312 0.802083 0.146875 0.225000
0 1.0 0.192188 0.827083 0.131250 0.304167
0 1.0 0.289844 0.826042 0.070312 0.093750
0 1.0 0.273438 0.837500 0.040625 0.079167
0 1.0 0.207813 0.822917 0.278125 0.150000
0 1.0 0.150000 0.823958 0.062500 0.097917
0 1.0 0.186719 0.826042 0.082812 0.106250
0 1.0 0.224219 0.825000 0.123438 0.120833
0 1.0 0.942187 0.769792 0.115625 0.185417
0 1.0 0.082031 0.817708 0.039062 0.068750
0 1.0 0.041406 0.819792 0.082812 0.260417
0 1.0 0.075000 0.811458 0.128125 0.085417
0 1.0 0.810937 0.750000 0.134375 0.258333
0 1.0 0.816406 0.778125 0.029687 0.060417
0 1.0 0.695312 0.765625 0.096875 0.093750
0 1.0 0.662500 0.757292 0.100000 0.197917
0 1.0 0.660156 0.761458 0.351562 0.131250
0 1.0 0.745313 0.765625 0.118750 0.110417
0 1.0 0.540625 0.764583 0.112500 0.100000
0 1.0 0.514844 0.759375 0.357812 0.122917
0 1.0 0.496875 0.762500 0.112500 0.225000
0 1.0 0.557031 0.763542 0.185938 0.164583
0 1.0 0.592969 0.766667 0.089063 0.087500
0 1.0 0.312500 0.757292 0.300000 0.143750
0 1.0 0.472656 0.770833 0.032813 0.066667
0 1.0 0.397656 0.780208 0.132812 0.293750
0 1.0 0.533594 0.767708 0.035937 0.064583
0 1.0 0.292187 0.769792 0.071875 0.102083
0 1.0 0.239844 0.808333 0.114062 0.279167
0 1.0 0.283594 0.775000 0.032813 0.062500
0 1.0 0.207813 0.760417 0.237500 0.125000
0 1.0 0.141406 0.775000 0.064062 0.100000
0 1.0 0.132031 0.775000 0.160938 0.291667
0 1.0 0.887500 0.704167 0.225000 0.129167
0 1.0 0.914062 0.703125 0.137500 0.364583
0 1.0 0.957812 0.719792 0.078125 0.197917
0 1.0 0.935937 0.703125 0.128125 0.097917
0 1.0 0.068750 0.770833 0.040625 0.070833
0 1.0 0.074219 0.763542 0.148438 0.106250
0 1.0 0.839844 0.713542 0.026562 0.052083
0 1.0 0.776563 0.708333 0.050000 0.066667
0 1.0 0.695312 0.716667 0.109375 0.095833
0 1.0 0.671094 0.688542 0.060937 0.139583
0 1.0 0.667188 0.712500 0.300000 0.116667
0 1.0 0.724219 0.686458 0.270313 0.252083
0 1.0 0.716406 0.691667 0.092188 0.183333
0 1.0 0.778125 0.712500 0.228125 0.145833
0 1.0 0.772656 0.693750 0.123438 0.241667
0 1.0 0.514844 0.709375 0.357812 0.118750
0 1.0 0.552344 0.698958 0.182812 0.168750
0 1.0 0.579688 0.715625 0.056250 0.068750
0 1.0 0.604688 0.688542 0.256250 0.252083
0 1.0 0.602344 0.689583 0.070312 0.154167
0 1.0 0.371094 0.700000 0.270313 0.270833
0 1.0 0.464844 0.711458 0.029687 0.060417
0 1.0 0.452344 0.697917 0.185938 0.204167
0 1.0 0.530469 0.717708 0.032813 0.060417
0 1.0 0.435156 0.687500 0.092188 0.287500
0 1.0 0.553125 0.713542 0.075000 0.081250
0 1.0 0.317188 0.707292 0.043750 0.072917
0 1.0 0.234375 0.712500 0.165625 0.287500
0 1.0 0.264062 0.704167 0.371875 0.141667
0 1.0 0.293750 0.704167 0.131250 0.162500
0 1.0 0.299219 0.710417 0.029687 0.058333
0 1.0 0.359375 0.708333 0.096875 0.095833
0 1.0 0.337500 0.712500 0.131250 0.345833
0 1.0 0.125000 0.707292 0.171875 0.102083
0 1.0 0.071875 0.703125 0.112500 0.268750
0 1.0 0.142187 0.691667 0.112500 0.237500
0 1.0 0.185156 0.708333 0.151562 0.183333
0 1.0 0.924219 0.646875 0.151562 0.139583
0 1.0 0.964844 0.668750 0.042188 0.137500
0 1.0 0.071094 0.710417 0.032813 0.058333
0 1.0 0.036719 0.696875 0.073438 0.243750
0 1.0 0.053906 0.705208 0.107813 0.077083
0 1.0 0.150000 0.712500 0.056250 0.083333
0 1.0 0.822656 0.654167 0.117188 0.225000
0 1.0 0.847656 0.660417 0.026562 0.050000
0 1.0 0.882031 0.656250 0.120313 0.212500
0 1.0 0.786719 0.655208 0.029687 0.052083
0 1.0 0.666406 0.656250 0.254688 0.100000
0 1.0 0.660937 0.641667 0.081250 0.241667
0 1.0 0.784375 0.652083 0.278125 0.125000
0 1.0 0.544531 0.633333 0.204687 0.208333
0 1.0 0.532031 0.652083 0.073438 0.087500
0 1.0 0.595313 0.636458 0.056250 0.143750
0 1.0 0.596875 0.618750 0.084375 0.233333
0 1.0 0.658594 0.643750 0.192188 0.204167
0 1.0 0.464844 0.647917 0.029687 0.070833
0 1.0 0.407031 0.613542 0.114062 0.239583
0 1.0 0.520312 0.650000 0.034375 0.075000
0 1.0 0.459375 0.653125 0.353125 0.143750
0 1.0 0.439063 0.612500 0.071875 0.212500
0 1.0 0.514062 0.645833 0.128125 0.125000
0 1.0 0.481250 0.620833 0.140625 0.254167
0 1.0 0.294531 0.644792 0.139063 0.164583
0 1.0 0.260937 0.656250 0.034375 0.062500
0 1.0 0.379688 0.642708 0.078125 0.093750
0 1.0 0.141406 0.636458 0.173437 0.193750
0 1.0 0.171094 0.641667 0.089063 0.091667
0 1.0 0.149219 0.650000 0.067187 0.216667
0 1.0 0.935156 0.596875 0.129688 0.114583
0 1.0 0.950000 0.632292 0.056250 0.131250
0 1.0 0.096875 0.643750 0.028125 0.058333
0 1.0 0.084375 0.644792 0.084375 0.068750
0 1.0 0.169531 0.642708 0.045312 0.077083
0 1.0 0.824219 0.587500 0.254688 0.104167
0 1.0 0.875000 0.609375 0.190625 0.197917
0 1.0 0.878125 0.596875 0.021875 0.043750
0 1.0 0.885938 0.632292 0.075000 0.147917
0 1.0 0.821094 0.594792 0.017188 0.039583
0 1.0 0.710156 0.595833 0.192188 0.195833
0 1.0 0.719531 0.642708 0.051562 0.127083
0 1.0 0.740625 0.578125 0.225000 0.081250
0 1.0 0.781250 0.627083 0.065625 0.166667
0 1.0 0.526563 0.573958 0.112500 0.097917
0 1.0 0.560156 0.626042 0.085938 0.210417
0 1.0 0.591406 0.591667 0.173437 0.208333
0 1.0 0.617188 0.576042 0.225000 0.089583
0 1.0 0.671875 0.637500 0.046875 0.120833
0 1.0 0.416406 0.580208 0.232813 0.127083
0 1.0 0.410156 0.604167 0.060937 0.187500
0 1.0 0.521094 0.581250 0.026562 0.075000
0 1.0 0.511719 0.583333 0.232813 0.116667
0 1.0 0.482812 0.622917 0.075000 0.183333
0 1.0 0.214844 0.588542 0.029687 0.064583
0 1.0 0.136719 0.589583 0.273438 0.129167
0 1.0 0.290625 0.641667 0.065625 0.133333
0 1.0 0.355469 0.589583 0.176563 0.208333
0 1.0 0.376563 0.582292 0.059375 0.085417
0 1.0 0.339062 0.613542 0.065625 0.168750
0 1.0 0.482812 0.580208 0.021875 0.068750
0 1.0 0.202344 0.592708 0.057813 0.085417
0 1.0 0.228906 0.589583 0.204687 0.187500
0 1.0 0.228125 0.591667 0.059375 0.079167
0 1.0 0.217188 0.614583 0.109375 0.179167
0 1.0 0.957031 0.551042 0.085938 0.077083
0 1.0 0.960156 0.620833 0.029687 0.091667
0 1.0 0.049219 0.595833 0.095312 0.158333
0 1.0 0.073438 0.596875 0.146875 0.239583
0 1.0 0.104688 0.591667 0.031250 0.075000
0 1.0 0.023438 0.610417 0.046875 0.175000
0 1.0 0.177344 0.592708 0.045312 0.081250
0 1.0 0.162500 0.592708 0.125000 0.102083
0 1.0 0.857812 0.565625 0.037500 0.052083
0 1.0 0.890625 0.615625 0.034375 0.077083
0 1.0 0.811719 0.557292 0.020313 0.039583
0 1.0 0.906250 0.563542 0.187500 0.152083
0 1.0 0.918750 0.617708 0.065625 0.160417
0 1.0 0.719531 0.548958 0.326562 0.122917
0 1.0 0.724219 0.610417 0.029687 0.066667
0 1.0 0.787500 0.600000 0.031250 0.083333
0 1.0 0.815625 0.565625 0.312500 0.231250
0 1.0 0.832812 0.605208 0.034375 0.081250
0 1.0 0.819531 0.601042 0.076563 0.177083
0 1.0 0.560937 0.544792 0.328125 0.102083
0 1.0 0.603125 0.600000 0.031250 0.075000
0 1.0 0.680469 0.607292 0.023438 0.060417
0 1.0 0.446094 0.567708 0.139063 0.210417
0 1.0 0.507812 0.544792 0.043750 0.085417
0 1.0 0.432031 0.617708 0.039062 0.147917
0 1.0 0.321875 0.556250 0.031250 0.062500
0 1.0 0.293750 0.597917 0.109375 0.154167
0 1.0 0.269531 0.550000 0.310937 0.116667
0 1.0 0.371875 0.546875 0.140625 0.093750
0 1.0 0.475000 0.544792 0.034375 0.072917
0 1.0 0.155469 0.613542 0.045312 0.131250
0 1.0 0.314063 0.576042 0.068750 0.093750
0 1.0 0.073438 0.560417 0.031250 0.079167
0 1.0 0.060156 0.553125 0.101562 0.097917
0 1.0 0.150000 0.563542 0.075000 0.097917
0 1.0 0.087500 0.587500 0.053125 0.108333
0 1.0 0.824219 0.535417 0.035937 0.041667
0 1.0 0.900781 0.585417 0.017188 0.045833
0 1.0 0.779687 0.523958 0.018750 0.031250
0 1.0 0.884375 0.583333 0.037500 0.100000
0 1.0 0.917969 0.535417 0.104688 0.125000
0 1.0 0.876563 0.515625 0.209375 0.097917
0 1.0 0.917969 0.583333 0.042188 0.112500
0 1.0 0.942187 0.569792 0.037500 0.077083
0 1.0 0.941406 0.507292 0.098437 0.068750
0 1.0 0.954688 0.592708 0.021875 0.064583
0 1.0 0.720313 0.577083 0.037500 0.095833
0 1.0 0.767969 0.515625 0.170313 0.156250
0 1.0 0.794531 0.557292 0.020313 0.060417
0 1.0 0.765625 0.508333 0.315625 0.104167
0 1.0 0.781250 0.555208 0.043750 0.127083
0 1.0 0.834375 0.567708 0.021875 0.052083
0 1.0 0.823438 0.558333 0.043750 0.108333
0 1.0 0.602344 0.515625 0.167187 0.152083
0 1.0 0.604688 0.564583 0.018750 0.054167
0 1.0 0.617188 0.510417 0.334375 0.108333
0 1.0 0.604688 0.570833 0.034375 0.100000
0 1.0 0.664844 0.516667 0.164062 0.145833
0 1.0 0.685156 0.570833 0.017188 0.045833
0 1.0 0.671875 0.577083 0.025000 0.075000
0 1.0 0.732812 0.567708 0.018750 0.039583
0 1.0 0.530469 0.529167 0.026562 0.045833
0 1.0 0.505469 0.517708 0.135937 0.072917
0 1.0 0.427344 0.577083 0.035937 0.137500
0 1.0 0.507031 0.530208 0.170313 0.172917
0 1.0 0.496875 0.564583 0.043750 0.108333
0 1.0 0.557031 0.515625 0.301563 0.235417
0 1.0 0.578125 0.562500 0.034375 0.075000
0 1.0 0.257031 0.521875 0.242188 0.077083
0 1.0 0.296875 0.585417 0.031250 0.083333
0 1.0 0.349219 0.526042 0.098437 0.072917
0 1.0 0.351562 0.550000 0.059375 0.125000
0 1.0 0.348438 0.580208 0.034375 0.102083
0 1.0 0.485156 0.530208 0.023438 0.035417
0 1.0 0.432031 0.514583 0.254688 0.075000
0 1.0 0.471875 0.539583 0.078125 0.116667
0 1.0 0.181250 0.538542 0.096875 0.110417
0 1.0 0.190625 0.515625 0.228125 0.122917
0 1.0 0.271875 0.528125 0.096875 0.072917
0 1.0 0.221875 0.572917 0.037500 0.083333
0 1.0 0.321094 0.540625 0.051562 0.072917
0 1.0 0.306250 0.530208 0.028125 0.039583
0 1.0 0.300000 0.553125 0.071875 0.114583
0 1.0 0.066406 0.526042 0.032813 0.047917
0 1.0 0.030469 0.544792 0.060937 0.122917
0 1.0 0.060156 0.518750 0.070312 0.054167
0 1.0 0.025781 0.567708 0.039062 0.106250
0 1.0 0.096094 0.531250 0.135937 0.150000
0 1.0 0.126562 0.520833 0.112500 0.087500
0 1.0 0.855469 0.477083 0.014063 0.025000
0 1.0 0.889844 0.543750 0.020313 0.050000
0 1.0 0.932813 0.493750 0.043750 0.062500
0 1.0 0.907031 0.477083 0.176563 0.116667
0 1.0 0.927344 0.533333 0.029687 0.050000
0 1.0 0.926562 0.561458 0.028125 0.064583
0 1.0 0.968750 0.482292 0.062500 0.089583
0 1.0 0.933594 0.453125 0.132812 0.247917
0 1.0 0.939844 0.533333 0.026562 0.045833
0 1.0 0.969531 0.457292 0.054688 0.052083
0 1.0 0.955469 0.562500 0.014063 0.037500
0 1.0 0.784375 0.490625 0.078125 0.093750
0 1.0 0.804688 0.548958 0.009375 0.027083
0 1.0 0.778125 0.467708 0.140625 0.072917
0 1.0 0.785937 0.552083 0.025000 0.062500
0 1.0 0.825781 0.492708 0.057813 0.068750
0 1.0 0.838281 0.545833 0.010937 0.025000
0 1.0 0.828125 0.471875 0.209375 0.093750
0 1.0 0.826562 0.552083 0.028125 0.062500
0 1.0 0.890625 0.494792 0.062500 0.072917
0 1.0 0.903125 0.538542 0.009375 0.022917
0 1.0 0.599219 0.476042 0.207813 0.093750
0 1.0 0.605469 0.547917 0.010937 0.029167
0 1.0 0.671094 0.490625 0.085938 0.093750
0 1.0 0.690625 0.551042 0.009375 0.027083
0 1.0 0.669531 0.468750 0.204687 0.079167
0 1.0 0.676562 0.562500 0.015625 0.045833
0 1.0 0.725781 0.485417 0.085938 0.091667
0 1.0 0.707812 0.444792 0.265625 0.256250
0 1.0 0.742969 0.545833 0.007812 0.025000
0 1.0 0.725781 0.558333 0.023438 0.058333
0 1.0 0.550000 0.482292 0.009375 0.022917
0 1.0 0.434375 0.520833 0.012500 0.041667
0 1.0 0.532031 0.506250 0.029687 0.050000
0 1.0 0.496875 0.451042 0.259375 0.256250
0 1.0 0.501563 0.480208 0.190625 0.085417
0 1.0 0.527344 0.535417 0.014063 0.037500
0 1.0 0.533594 0.476042 0.089063 0.060417
0 1.0 0.517188 0.546875 0.018750 0.056250
0 1.0 0.585938 0.504167 0.031250 0.050000
0 1.0 0.589844 0.540625 0.014063 0.031250
0 1.0 0.589063 0.476042 0.075000 0.052083
0 1.0 0.580469 0.553125 0.017188 0.047917
0 1.0 0.611719 0.488542 0.070312 0.085417
0 1.0 0.603906 0.448958 0.260937 0.252083
0 1.0 0.393750 0.523958 0.015625 0.031250
0 1.0 0.350781 0.451042 0.260937 0.268750
0 1.0 0.275000 0.489583 0.134375 0.050000
0 1.0 0.367969 0.528125 0.023438 0.047917
0 1.0 0.331250 0.487500 0.009375 0.020833
0 1.0 0.361719 0.545833 0.017188 0.041667
0 1.0 0.433594 0.505208 0.032813 0.056250
0 1.0 0.427344 0.490625 0.085938 0.047917
0 1.0 0.408594 0.528125 0.032813 0.064583
0 1.0 0.402344 0.548958 0.029687 0.081250
0 1.0 0.516406 0.519792 0.010937 0.031250
0 1.0 0.479687 0.488542 0.081250 0.052083
0 1.0 0.193750 0.486458 0.168750 0.072917
0 1.0 0.186719 0.522917 0.042188 0.066667
0 1.0 0.274219 0.484375 0.014063 0.027083
0 1.0 0.188281 0.552083 0.026562 0.058333
0 1.0 0.273438 0.504167 0.034375 0.050000
0 1.0 0.250000 0.542708 0.012500 0.031250
0 1.0 0.301563 0.480208 0.018750 0.031250
0 1.0 0.240625 0.548958 0.025000 0.060417
0 1.0 0.344531 0.526042 0.010937 0.022917
0 1.0 0.319531 0.527083 0.020313 0.045833
0 1.0 0.313281 0.485417 0.045312 0.033333
0 1.0 0.312500 0.552083 0.015625 0.041667
0 1.0 0.097656 0.479167 0.014063 0.025000
0 1.0 0.112500 0.504167 0.046875 0.066667
0 1.0 0.108594 0.483333 0.151562 0.070833
0 1.0 0.100000 0.545833 0.015625 0.037500
0 1.0 0.162500 0.478125 0.015625 0.031250
0 1.0 0.089844 0.562500 0.026562 0.066667
0 1.0 0.174219 0.507292 0.035937 0.052083
0 1.0 0.160938 0.545833 0.018750 0.037500
0 1.0 0.205469 0.482292 0.020313 0.031250
0 1.0 0.150000 0.564583 0.028125 0.066667
0 1.0 0.228906 0.520833 0.014063 0.029167
0 1.0 0.921875 0.422917 0.093750 0.112500
0 1.0 0.907813 0.401042 0.184375 0.114583
0 1.0 0.923438 0.506250 0.034375 0.070833
0 1.0 0.960938 0.420833 0.078125 0.100000
0 1.0 0.942187 0.492708 0.028125 0.043750
0 1.0 0.957031 0.527083 0.014063 0.037500
0 1.0 0.064844 0.509375 0.029687 0.047917
0 1.0 0.070312 0.451042 0.140625 0.252083
0 1.0 0.065625 0.486458 0.037500 0.035417
0 1.0 0.029687 0.528125 0.037500 0.064583
0 1.0 0.764844 0.411458 0.254688 0.139583
0 1.0 0.801562 0.518750 0.009375 0.020833
0 1.0 0.782031 0.515625 0.029687 0.060417
0 1.0 0.840625 0.516667 0.009375 0.020833
0 1.0 0.825000 0.512500 0.034375 0.062500
0 1.0 0.871875 0.422917 0.118750 0.112500
0 1.0 0.896875 0.510417 0.009375 0.020833
0 1.0 0.883594 0.508333 0.029687 0.058333
0 1.0 0.623437 0.395833 0.250000 0.091667
0 1.0 0.606250 0.528125 0.018750 0.039583
0 1.0 0.660937 0.426042 0.137500 0.114583
0 1.0 0.685937 0.515625 0.009375 0.018750
0 1.0 0.673438 0.528125 0.018750 0.039583
0 1.0 0.740625 0.518750 0.009375 0.020833
0 1.0 0.724219 0.514583 0.029687 0.058333
0 1.0 0.778906 0.429167 0.120313 0.120833
0 1.0 0.504687 0.428125 0.115625 0.093750
0 1.0 0.509375 0.410417 0.209375 0.116667
0 1.0 0.527344 0.513542 0.007812 0.018750
0 1.0 0.563281 0.434375 0.064062 0.064583
0 1.0 0.584375 0.513542 0.009375 0.018750
0 1.0 0.575781 0.525000 0.017188 0.037500
0 1.0 0.600781 0.422917 0.126562 0.108333
0 1.0 0.607031 0.518750 0.007812 0.016667
0 1.0 0.349219 0.414583 0.248438 0.125000
0 1.0 0.367969 0.503125 0.017188 0.027083
0 1.0 0.385156 0.406250 0.167187 0.079167
0 1.0 0.360156 0.531250 0.017188 0.037500
0 1.0 0.414062 0.505208 0.018750 0.031250
0 1.0 0.488281 0.437500 0.035937 0.050000
0 1.0 0.443750 0.495833 0.021875 0.037500
0 1.0 0.444531 0.528125 0.014063 0.035417
0 1.0 0.221094 0.408333 0.157812 0.083333
0 1.0 0.193750 0.521875 0.025000 0.047917
0 1.0 0.245312 0.433333 0.103125 0.091667
0 1.0 0.251563 0.516667 0.009375 0.020833
0 1.0 0.242188 0.518750 0.021875 0.045833
0 1.0 0.328906 0.453125 0.020313 0.035417
0 1.0 0.283594 0.416667 0.154688 0.095833
0 1.0 0.319531 0.501042 0.014063 0.027083
0 1.0 0.316406 0.408333 0.117188 0.062500
0 1.0 0.367969 0.442708 0.045312 0.056250
0 1.0 0.094531 0.434375 0.095312 0.093750
0 1.0 0.090625 0.510417 0.012500 0.025000
0 1.0 0.134375 0.403125 0.096875 0.072917
0 1.0 0.081250 0.511458 0.028125 0.056250
0 1.0 0.149219 0.438542 0.076563 0.077083
0 1.0 0.148438 0.411458 0.156250 0.106250
0 1.0 0.164062 0.511458 0.012500 0.022917
0 1.0 0.148438 0.512500 0.028125 0.054167
0 1.0 0.205469 0.445833 0.045312 0.054167
0 1.0 0.198437 0.497917 0.021875 0.033333
0 1.0 0.904687 0.344792 0.190625 0.152083
0 1.0 0.960156 0.366667 0.079687 0.112500
0 1.0 0.948438 0.427083 0.034375 0.054167
0 1.0 0.961719 0.450000 0.014063 0.037500
0 1.0 0.053125 0.442708 0.056250 0.064583
0 1.0 0.068750 0.419792 0.046875 0.056250
0 1.0 0.043750 0.498958 0.025000 0.039583
0 1.0 0.066406 0.407292 0.126562 0.068750
0 1.0 0.774219 0.338542 0.289062 0.114583
0 1.0 0.775781 0.432292 0.042188 0.089583
0 1.0 0.817187 0.347917 0.243750 0.266667
0 1.0 0.834375 0.430208 0.028125 0.052083
0 1.0 0.825781 0.446875 0.035937 0.077083
0 1.0 0.885156 0.427083 0.026562 0.054167
0 1.0 0.848437 0.341667 0.181250 0.095833
0 1.0 0.878906 0.437500 0.035937 0.083333
0 1.0 0.667188 0.346875 0.253125 0.131250
0 1.0 0.678906 0.453125 0.020313 0.031250
0 1.0 0.672656 0.482292 0.017188 0.035417
0 1.0 0.711719 0.351042 0.242188 0.264583
0 1.0 0.727344 0.430208 0.032813 0.056250
0 1.0 0.721094 0.446875 0.035937 0.077083
0 1.0 0.786719 0.422917 0.029687 0.058333
0 1.0 0.506250 0.343750 0.240625 0.133333
0 1.0 0.515625 0.451042 0.021875 0.031250
0 1.0 0.515625 0.493750 0.012500 0.025000
0 1.0 0.558594 0.366667 0.139063 0.116667
0 1.0 0.553906 0.347917 0.239063 0.241667
0 1.0 0.568750 0.448958 0.021875 0.031250
0 1.0 0.568750 0.490625 0.012500 0.027083
0 1.0 0.607031 0.458333 0.014063 0.025000
0 1.0 0.610156 0.484375 0.014063 0.031250
0 1.0 0.369531 0.341667 0.282813 0.108333
0 1.0 0.357031 0.488542 0.014063 0.031250
0 1.0 0.404687 0.364583 0.137500 0.129167
0 1.0 0.401562 0.351042 0.234375 0.260417
0 1.0 0.400781 0.425000 0.057813 0.070833
0 1.0 0.400781 0.472917 0.020313 0.045833
0 1.0 0.481250 0.371875 0.065625 0.077083
0 1.0 0.439063 0.440625 0.040625 0.047917
0 1.0 0.446875 0.496875 0.009375 0.022917
0 1.0 0.238281 0.364583 0.164062 0.141667
0 1.0 0.243750 0.443750 0.021875 0.037500
0 1.0 0.242188 0.468750 0.021875 0.045833
0 1.0 0.326562 0.382292 0.034375 0.056250
0 1.0 0.300781 0.433333 0.039062 0.050000
0 1.0 0.303906 0.490625 0.010937 0.027083
0 1.0 0.364844 0.376042 0.070312 0.085417
0 1.0 0.353906 0.433333 0.045312 0.054167
0 1.0 0.105469 0.347917 0.210938 0.133333
0 1.0 0.096094 0.448958 0.020313 0.035417
0 1.0 0.128125 0.341667 0.134375 0.083333
0 1.0 0.089844 0.475000 0.017188 0.041667
0 1.0 0.153906 0.454167 0.017188 0.029167
0 1.0 0.147656 0.487500 0.014063 0.033333
0 1.0 0.201563 0.379167 0.059375 0.075000
0 1.0 0.193750 0.432292 0.040625 0.047917
0 1.0 0.199219 0.490625 0.010937 0.027083
0 1.0 0.897656 0.289583 0.204687 0.125000
0 1.0 0.918750 0.322917 0.100000 0.258333
0 1.0 0.967969 0.297917 0.064062 0.116667
0 1.0 0.956250 0.311458 0.034375 0.064583
0 1.0 0.962500 0.338542 0.028125 0.081250
0 1.0 0.056250 0.369792 0.087500 0.097917
0 1.0 0.072656 0.347917 0.145313 0.241667
0 1.0 0.030469 0.428125 0.029687 0.052083
0 1.0 0.068750 0.341667 0.128125 0.079167
0 1.0 0.029687 0.459375 0.012500 0.035417
0 1.0 0.832812 0.314583 0.040625 0.079167
0 1.0 0.821094 0.335417 0.089063 0.200000
0 1.0 0.884375 0.308333 0.037500 0.070833
0 1.0 0.858594 0.288542 0.095312 0.072917
0 1.0 0.875000 0.335417 0.081250 0.187500
0 1.0 0.675781 0.332292 0.035937 0.064583
0 1.0 0.669531 0.287500 0.295312 0.125000
0 1.0 0.665625 0.357292 0.062500 0.139583
0 1.0 0.725000 0.314583 0.050000 0.095833
0 1.0 0.715625 0.335417 0.093750 0.216667
0 1.0 0.771094 0.290625 0.185938 0.210417
0 1.0 0.780469 0.298958 0.051562 0.110417
0 1.0 0.517969 0.285417 0.289062 0.125000
0 1.0 0.505469 0.363542 0.054688 0.135417
0 1.0 0.557031 0.337500 0.064062 0.104167
0 1.0 0.599219 0.332292 0.026562 0.052083
0 1.0 0.599219 0.357292 0.054688 0.131250
0 1.0 0.395313 0.343750 0.071875 0.187500
0 1.0 0.492969 0.311458 0.042188 0.068750
0 1.0 0.442969 0.342708 0.085938 0.122917
0 1.0 0.528125 0.295833 0.056250 0.070833
0 1.0 0.446875 0.385417 0.031250 0.079167
0 1.0 0.238281 0.290625 0.254688 0.156250
0 1.0 0.241406 0.344792 0.045312 0.093750
0 1.0 0.236719 0.354167 0.070312 0.166667
0 1.0 0.324219 0.313542 0.039062 0.072917
0 1.0 0.293750 0.327083 0.109375 0.170833
0 1.0 0.319531 0.292708 0.242188 0.118750
0 1.0 0.294531 0.360417 0.054688 0.137500
0 1.0 0.364844 0.300000 0.073438 0.104167
0 1.0 0.345313 0.357292 0.056250 0.143750
0 1.0 0.118750 0.288542 0.175000 0.102083
0 1.0 0.135937 0.293750 0.234375 0.275000
0 1.0 0.149219 0.339583 0.039062 0.075000
0 1.0 0.139063 0.363542 0.053125 0.131250
0 1.0 0.210938 0.310417 0.040625 0.070833
0 1.0 0.183594 0.329167 0.092188 0.137500
0 1.0 0.186719 0.363542 0.048438 0.110417
0 1.0 0.937500 0.237500 0.125000 0.141667
0 1.0 0.050781 0.305208 0.082812 0.114583
0 1.0 0.038281 0.332292 0.039062 0.085417
0 1.0 0.034375 0.363542 0.034375 0.106250
0 1.0 0.078125 0.334375 0.025000 0.052083
0 1.0 0.821094 0.233333 0.095312 0.208333
0 1.0 0.854688 0.238542 0.134375 0.127083
0 1.0 0.667188 0.234375 0.300000 0.131250
0 1.0 0.713281 0.241667 0.120313 0.333333
0 1.0 0.770312 0.228125 0.118750 0.243750
0 1.0 0.066406 0.027083 0.060937 0.054167
0 1.0 0.099219 0.038542 0.123438 0.077083
0 1.0 0.082031 0.060417 0.070312 0.095833
0 1.0 0.136719 0.056250 0.082812 0.112500
0 1.0 0.149219 0.031250 0.120313 0.062500
0 1.0 0.847656 0.481250 0.195312 0.529167
0 1.0 0.449219 0.370833 0.204687 0.558333
0 1.0 0.076563 0.727083 0.153125 0.529167
0 1.0 0.072656 0.455208 0.145313 0.547917
0 1.0 0.892969 0.352083 0.214062 0.366667
0 1.0 0.500000 0.195833 1.000000 0.391667
0 1.0 0.703906 0.529167 0.314063 0.683333
0 1.0 0.742188 0.184375 0.390625 0.368750
0 1.0 0.296875 0.336458 0.303125 0.672917
0 1.0 0.842969 0.253125 0.223438 0.506250
0 1.0 0.545312 0.244792 0.418750 0.427083
0 1.0 0.815625 0.685417 0.368750 0.629167
0 1.0 0.916406 0.561458 0.167187 0.481250
0 1.0 0.083594 0.248958 0.167187 0.497917
0 1.0 0.926562 0.221875 0.146875 0.443750
0 1.0 0.174219 0.294792 0.348438 0.497917
0 1.0 0.737500 0.393750 0.525000 0.787500