0 1.0 0.475781 0.591667 0.148438 0.508333
0 1.0 0.616406 0.701042 0.204687 0.464583
0 1.0 0.032813 0.764583 0.062500 0.445833
0 1.0 0.732812 0.561458 0.109375 0.227083
0 1.0 0.722656 0.659375 0.154688 0.527083
0 1.0 0.289844 0.647917 0.126562 0.316667
0 1.0 0.625000 0.651042 0.209375 0.185417
0 1.0 0.445312 0.671875 0.068750 0.093750
0 1.0 0.399219 0.643750 0.151562 0.333333
0 1.0 0.406250 0.663542 0.315625 0.131250
0 1.0 0.229687 0.661458 0.193750 0.097917
0 1.0 0.356250 0.662500 0.118750 0.116667
0 1.0 0.342969 0.644792 0.151562 0.314583
0 1.0 0.117969 0.660417 0.179688 0.262500
0 1.0 0.133594 0.657292 0.126562 0.160417
0 1.0 0.453906 0.661458 0.154688 0.247917
0 1.0 0.514844 0.651042 0.251563 0.118750
0 1.0 0.225000 0.657292 0.121875 0.322917
0 1.0 0.301563 0.666667 0.025000 0.050000
0 1.0 0.063281 0.710417 0.126562 0.083333
0 1.0 0.071875 0.714583 0.031250 0.054167
0 1.0 0.063281 0.728125 0.126562 0.331250
0 1.0 0.968750 0.688542 0.043750 0.139583
0 1.0 0.963281 0.653125 0.073438 0.085417
0 1.0 0.869531 0.651042 0.173437 0.243750
0 1.0 0.796094 0.657292 0.129688 0.431250
0 1.0 0.800000 0.648958 0.228125 0.172917
0 1.0 0.774219 0.357292 0.057813 0.106250
0 1.0 0.771875 0.288542 0.259375 0.110417
0 1.0 0.787500 0.339583 0.021875 0.037500
0 1.0 0.761719 0.293750 0.251563 0.270833
0 1.0 0.778906 0.302083 0.104688 0.116667
0 1.0 0.167969 0.712500 0.245312 0.125000
0 1.0 0.168750 0.712500 0.246875 0.341667
0 1.0 0.174219 0.707292 0.167187 0.222917
0 1.0 0.146094 0.716667 0.092188 0.125000
0 1.0 0.723437 0.310417 0.093750 0.100000
0 1.0 0.675000 0.397917 0.028125 0.050000
0 1.0 0.692187 0.289583 0.140625 0.066667
0 1.0 0.685937 0.375000 0.012500 0.020833
0 1.0 0.664844 0.293750 0.223438 0.108333
0 1.0 0.818750 0.659375 0.043750 0.068750
0 1.0 0.532031 0.641667 0.114062 0.400000
0 1.0 0.725000 0.376042 0.043750 0.077083
0 1.0 0.757031 0.628125 0.160938 0.302083
0 1.0 0.709375 0.650000 0.300000 0.129167
0 1.0 0.510156 0.675000 0.039062 0.066667
0 1.0 0.735156 0.352083 0.017188 0.029167
0 1.0 0.917188 0.666667 0.121875 0.358333
0 1.0 0.888281 0.656250 0.223438 0.125000
0 1.0 0.782813 0.658333 0.037500 0.058333
0 1.0 0.185156 0.619792 0.104688 0.272917
0 1.0 0.158594 0.601042 0.204687 0.106250
0 1.0 0.100000 0.604167 0.134375 0.145833
0 1.0 0.467969 0.613542 0.032813 0.052083
0 1.0 0.658594 0.616667 0.114062 0.179167
0 1.0 0.692187 0.602083 0.118750 0.129167
0 1.0 0.664062 0.641667 0.218750 0.300000
0 1.0 0.357031 0.601042 0.126562 0.081250
0 1.0 0.533594 0.584375 0.173437 0.097917
0 1.0 0.250781 0.602083 0.145313 0.075000
0 1.0 0.321875 0.606250 0.021875 0.037500
0 1.0 0.286719 0.596875 0.239063 0.302083
0 1.0 0.897656 0.559375 0.204687 0.306250
0 1.0 0.867969 0.577083 0.101562 0.237500
0 1.0 0.761719 0.559375 0.032813 0.060417
0 1.0 0.869531 0.579167 0.064062 0.145833
0 1.0 0.789062 0.565625 0.059375 0.085417
0 1.0 0.100781 0.600000 0.076563 0.100000
0 1.0 0.071094 0.641667 0.092188 0.283333
0 1.0 0.753125 0.540625 0.268750 0.147917
0 1.0 0.026562 0.654167 0.053125 0.279167
0 1.0 0.036719 0.596875 0.073438 0.089583
0 1.0 0.043750 0.602083 0.037500 0.075000
0 1.0 0.886719 0.556250 0.167187 0.150000
0 1.0 0.959375 0.550000 0.081250 0.083333
0 1.0 0.967969 0.607292 0.035937 0.102083
0 1.0 0.796094 0.607292 0.029687 0.060417
0 1.0 0.761719 0.597917 0.242188 0.133333
0 1.0 0.110937 0.659375 0.078125 0.110417
0 1.0 0.051562 0.652083 0.103125 0.104167
0 1.0 0.053125 0.660417 0.037500 0.075000
0 1.0 0.960156 0.601042 0.079687 0.081250
0 1.0 0.749219 0.605208 0.029687 0.056250
0 1.0 0.251563 0.663542 0.081250 0.106250
0 1.0 0.487500 0.597917 0.109375 0.070833
0 1.0 0.530469 0.602083 0.020313 0.041667
0 1.0 0.421875 0.605208 0.221875 0.093750
0 1.0 0.946094 0.610417 0.107813 0.166667
0 1.0 0.870313 0.603125 0.146875 0.102083
0 1.0 0.585156 0.588542 0.085938 0.106250
0 1.0 0.596094 0.644792 0.114062 0.268750
0 1.0 0.947656 0.775000 0.104688 0.166667
0 1.0 0.886719 0.767708 0.226562 0.122917
0 1.0 0.181250 0.804167 0.165625 0.287500
0 1.0 0.129688 0.814583 0.218750 0.162500
0 1.0 0.123438 0.805208 0.131250 0.347917
0 1.0 0.866406 0.761458 0.185938 0.252083
0 1.0 0.406250 0.813542 0.293750 0.122917
0 1.0 0.396094 0.807292 0.151562 0.264583
0 1.0 0.103125 0.820833 0.090625 0.120833
0 1.0 0.346094 0.814583 0.170313 0.191667
0 1.0 0.289062 0.814583 0.128125 0.300000
0 1.0 0.244531 0.817708 0.254688 0.110417
0 1.0 0.293750 0.827083 0.050000 0.066667
0 1.0 0.235937 0.808333 0.134375 0.312500
0 1.0 0.782813 0.769792 0.084375 0.081250
0 1.0 0.819531 0.776042 0.057813 0.081250
0 1.0 0.589063 0.771875 0.268750 0.131250
0 1.0 0.554688 0.736458 0.121875 0.327083
0 1.0 0.592969 0.779167 0.117188 0.116667
0 1.0 0.803125 0.745833 0.206250 0.387500
0 1.0 0.759375 0.765625 0.278125 0.127083
0 1.0 0.061719 0.814583 0.123438 0.095833
0 1.0 0.069531 0.818750 0.029687 0.062500
0 1.0 0.956250 0.762500 0.087500 0.087500
0 1.0 0.672656 0.751042 0.273438 0.135417
0 1.0 0.967187 0.786458 0.046875 0.135417
0 1.0 0.767969 0.823958 0.104688 0.085417
0 1.0 0.816406 0.833333 0.048438 0.070833
0 1.0 0.790625 0.819792 0.259375 0.139583
0 1.0 0.504687 0.767708 0.128125 0.360417
0 1.0 0.514844 0.812500 0.273438 0.125000
0 1.0 0.529687 0.820833 0.131250 0.112500
0 1.0 0.746094 0.773958 0.120313 0.377083
0 1.0 0.051562 0.869792 0.046875 0.085417
0 1.0 0.046094 0.844792 0.092188 0.227083
0 1.0 0.966406 0.864583 0.051562 0.141667
0 1.0 0.675781 0.804167 0.270313 0.137500
0 1.0 0.585156 0.835417 0.060937 0.075000
0 1.0 0.514844 0.822917 0.035937 0.058333
0 1.0 0.445312 0.818750 0.075000 0.087500
0 1.0 0.660156 0.698958 0.282813 0.139583
0 1.0 0.805469 0.710417 0.264062 0.125000
0 1.0 0.511719 0.712500 0.270313 0.120833
0 1.0 0.349219 0.713542 0.167187 0.122917
0 1.0 0.245312 0.714583 0.178125 0.091667
0 1.0 0.309375 0.721875 0.028125 0.047917
0 1.0 0.256250 0.717708 0.078125 0.089583
0 1.0 0.500000 0.720833 0.040625 0.079167
0 1.0 0.434375 0.719792 0.096875 0.110417
0 1.0 0.242188 0.766667 0.225000 0.108333
0 1.0 0.298438 0.773958 0.037500 0.060417
0 1.0 0.289062 0.757292 0.256250 0.289583
0 1.0 0.510938 0.710417 0.225000 0.400000
0 1.0 0.465625 0.767708 0.240625 0.122917
0 1.0 0.495312 0.775000 0.056250 0.087500
0 1.0 0.436719 0.768750 0.101562 0.112500
0 1.0 0.357031 0.763542 0.270313 0.122917
0 1.0 0.954688 0.708333 0.090625 0.112500
0 1.0 0.894531 0.709375 0.210938 0.118750
0 1.0 0.792969 0.711458 0.057813 0.064583
0 1.0 0.834375 0.715625 0.040625 0.064583
0 1.0 0.125781 0.775000 0.114062 0.133333
0 1.0 0.078125 0.766667 0.156250 0.091667
0 1.0 0.419531 0.408333 0.239063 0.241667
0 1.0 0.420312 0.426042 0.106250 0.127083
0 1.0 0.342969 0.468750 0.060937 0.116667
0 1.0 0.385156 0.404167 0.173437 0.083333
0 1.0 0.357812 0.428125 0.090625 0.106250
0 1.0 0.313281 0.404167 0.107813 0.070833
0 1.0 0.303906 0.441667 0.064062 0.104167
0 1.0 0.283594 0.406250 0.229687 0.275000
0 1.0 0.226562 0.456250 0.071875 0.158333
0 1.0 0.245312 0.402083 0.265625 0.116667
0 1.0 0.232813 0.460417 0.040625 0.083333
0 1.0 0.542188 0.416667 0.246875 0.225000
0 1.0 0.551562 0.426042 0.090625 0.106250
0 1.0 0.497656 0.453125 0.117188 0.214583
0 1.0 0.521094 0.403125 0.104688 0.081250
0 1.0 0.496875 0.406250 0.215625 0.129167
0 1.0 0.484375 0.423958 0.090625 0.118750
0 1.0 0.403125 0.478125 0.059375 0.114583
0 1.0 0.468750 0.401042 0.071875 0.064583
0 1.0 0.414062 0.470833 0.037500 0.066667
0 1.0 0.439844 0.465625 0.060937 0.131250
0 1.0 0.100781 0.391667 0.201563 0.275000
0 1.0 0.023438 0.471875 0.040625 0.118750
0 1.0 0.071875 0.396875 0.143750 0.085417
0 1.0 0.926562 0.338542 0.146875 0.114583
0 1.0 0.953125 0.371875 0.056250 0.097917
0 1.0 0.919531 0.331250 0.160938 0.266667
0 1.0 0.960938 0.366667 0.031250 0.070833
0 1.0 0.182031 0.431250 0.101562 0.212500
0 1.0 0.103906 0.400000 0.176563 0.137500
0 1.0 0.145313 0.450000 0.050000 0.095833
0 1.0 0.070312 0.452083 0.065625 0.145833
0 1.0 0.076563 0.452083 0.040625 0.083333
0 1.0 0.134375 0.446875 0.084375 0.172917
0 1.0 0.059375 0.480208 0.056250 0.081250
0 1.0 0.964063 0.468750 0.043750 0.104167
0 1.0 0.942187 0.396875 0.115625 0.097917
0 1.0 0.889844 0.397917 0.201563 0.166667
0 1.0 0.868750 0.456250 0.090625 0.158333
0 1.0 0.786719 0.407292 0.154688 0.102083
0 1.0 0.875781 0.457292 0.048438 0.081250
0 1.0 0.178906 0.455208 0.239063 0.281250
0 1.0 0.193750 0.467708 0.071875 0.102083
0 1.0 0.136719 0.495833 0.070312 0.141667
0 1.0 0.177344 0.453125 0.073438 0.064583
0 1.0 0.149219 0.454167 0.204687 0.116667
0 1.0 0.046094 0.457292 0.082812 0.068750
0 1.0 0.082031 0.504167 0.039062 0.070833
0 1.0 0.019531 0.548958 0.032813 0.093750
0 1.0 0.087500 0.455208 0.018750 0.035417
0 1.0 0.075781 0.515625 0.054688 0.114583
0 1.0 0.714063 0.406250 0.237500 0.275000
0 1.0 0.724219 0.437500 0.139063 0.141667
0 1.0 0.665625 0.500000 0.059375 0.095833
0 1.0 0.672656 0.407292 0.254688 0.102083
0 1.0 0.681250 0.500000 0.021875 0.037500
0 1.0 0.675000 0.434375 0.137500 0.118750
0 1.0 0.597656 0.494792 0.020313 0.035417
0 1.0 0.627344 0.430208 0.092188 0.085417
0 1.0 0.556250 0.455208 0.043750 0.089583
0 1.0 0.591406 0.496875 0.051562 0.085417
0 1.0 0.867969 0.393750 0.239063 0.308333
0 1.0 0.807813 0.475000 0.071875 0.125000
0 1.0 0.813281 0.482292 0.029687 0.056250
0 1.0 0.799219 0.415625 0.245312 0.164583
0 1.0 0.760156 0.490625 0.029687 0.056250
0 1.0 0.719531 0.487500 0.079687 0.137500
0 1.0 0.729688 0.487500 0.037500 0.062500
0 1.0 0.752344 0.484375 0.070312 0.122917
0 1.0 0.137500 0.355208 0.153125 0.177083
0 1.0 0.081250 0.400000 0.053125 0.141667
0 1.0 0.125000 0.341667 0.143750 0.091667
0 1.0 0.056250 0.341667 0.112500 0.075000
0 1.0 0.025781 0.373958 0.051562 0.147917
0 1.0 0.960156 0.310417 0.048438 0.120833
0 1.0 0.956250 0.285417 0.087500 0.100000
0 1.0 0.326562 0.384375 0.031250 0.056250
0 1.0 0.233594 0.396875 0.073438 0.160417
0 1.0 0.257812 0.343750 0.256250 0.120833
0 1.0 0.237500 0.394792 0.046875 0.093750
0 1.0 0.241406 0.361458 0.117188 0.135417
0 1.0 0.176563 0.353125 0.225000 0.285417
0 1.0 0.197656 0.364583 0.067187 0.108333
0 1.0 0.133594 0.394792 0.064062 0.156250
0 1.0 0.153125 0.341667 0.259375 0.116667
0 1.0 0.168750 0.040625 0.193750 0.081250
0 1.0 0.023438 0.053125 0.046875 0.089583
0 1.0 0.192969 0.053125 0.095312 0.106250
0 1.0 0.132031 0.062500 0.067187 0.125000
0 1.0 0.149219 0.027083 0.092188 0.054167
0 1.0 0.079687 0.062500 0.062500 0.125000
0 1.0 0.113281 0.026042 0.073438 0.052083
0 1.0 0.097656 0.081250 0.195312 0.162500
0 1.0 0.885938 0.287500 0.228125 0.141667
0 1.0 0.848437 0.289583 0.096875 0.083333
0 1.0 0.881250 0.301042 0.053125 0.085417
0 1.0 0.810156 0.337500 0.073438 0.145833
0 1.0 0.822656 0.321875 0.029687 0.052083
0 1.0 0.873437 0.316667 0.115625 0.208333
0 1.0 0.721094 0.459375 0.042188 0.072917
0 1.0 0.728906 0.350000 0.279687 0.104167
0 1.0 0.728906 0.445833 0.029687 0.041667
0 1.0 0.718750 0.383333 0.128125 0.108333
0 1.0 0.680469 0.445833 0.017188 0.029167
0 1.0 0.671875 0.382292 0.096875 0.081250
0 1.0 0.604688 0.459375 0.025000 0.052083
0 1.0 0.638281 0.354167 0.232813 0.083333
0 1.0 0.609375 0.447917 0.015625 0.029167
0 1.0 0.671875 0.459375 0.028125 0.052083
0 1.0 0.867969 0.388542 0.095312 0.164583
0 1.0 0.842969 0.344792 0.204687 0.110417
0 1.0 0.810937 0.432292 0.034375 0.056250
0 1.0 0.767969 0.454167 0.045312 0.079167
0 1.0 0.777344 0.442708 0.029687 0.043750
0 1.0 0.489844 0.389583 0.054688 0.075000
0 1.0 0.402344 0.437500 0.045312 0.091667
0 1.0 0.443750 0.351042 0.250000 0.085417
0 1.0 0.407031 0.410417 0.064062 0.091667
0 1.0 0.419531 0.377083 0.082812 0.100000
0 1.0 0.393750 0.355208 0.140625 0.068750
0 1.0 0.349219 0.402083 0.060937 0.091667
0 1.0 0.349219 0.360417 0.235937 0.112500
0 1.0 0.350781 0.350000 0.239063 0.275000
0 1.0 0.371875 0.386458 0.043750 0.064583
0 1.0 0.299219 0.409375 0.032813 0.077083
0 1.0 0.350000 0.434375 0.037500 0.077083
0 1.0 0.609375 0.351042 0.256250 0.252083
0 1.0 0.625000 0.384375 0.078125 0.072917
0 1.0 0.553125 0.412500 0.043750 0.079167
0 1.0 0.557031 0.358333 0.204687 0.104167
0 1.0 0.563281 0.375000 0.095312 0.095833
0 1.0 0.502344 0.414583 0.048438 0.083333
0 1.0 0.444531 0.401042 0.020313 0.039583
0 1.0 0.521094 0.356250 0.117188 0.070833
0 1.0 0.444531 0.393750 0.076563 0.095833
0 1.0 0.870313 0.503125 0.162500 0.102083
0 1.0 0.913281 0.509375 0.139063 0.185417
0 1.0 0.746094 0.508333 0.026562 0.054167
0 1.0 0.135937 0.573958 0.087500 0.197917
0 1.0 0.113281 0.553125 0.220312 0.156250
0 1.0 0.807813 0.533333 0.090625 0.229167
0 1.0 0.810156 0.534375 0.054688 0.143750
0 1.0 0.800781 0.508333 0.210938 0.262500
0 1.0 0.038281 0.551042 0.076563 0.081250
0 1.0 0.066406 0.554167 0.132812 0.266667
0 1.0 0.300781 0.553125 0.142187 0.193750
0 1.0 0.628125 0.560417 0.040625 0.083333
0 1.0 0.614844 0.494792 0.264062 0.168750
0 1.0 0.622656 0.511458 0.107813 0.139583
0 1.0 0.580469 0.491667 0.145313 0.104167
0 1.0 0.535156 0.517708 0.164062 0.318750
0 1.0 0.532031 0.501042 0.079687 0.172917
0 1.0 0.527344 0.488542 0.223438 0.139583
0 1.0 0.470313 0.511458 0.109375 0.264583
0 1.0 0.963281 0.567708 0.035937 0.093750
0 1.0 0.950000 0.500000 0.100000 0.079167
0 1.0 0.651563 0.558333 0.068750 0.162500
0 1.0 0.704688 0.496875 0.184375 0.118750
0 1.0 0.619531 0.573958 0.060937 0.139583
0 1.0 0.595313 0.548958 0.112500 0.102083
0 1.0 0.551562 0.537500 0.056250 0.141667
0 1.0 0.525000 0.540625 0.068750 0.081250
0 1.0 0.549219 0.538542 0.160938 0.114583
0 1.0 0.671094 0.553125 0.182812 0.193750
0 1.0 0.242188 0.543750 0.221875 0.108333
0 1.0 0.235156 0.557292 0.098437 0.222917
0 1.0 0.400000 0.558333 0.100000 0.279167
0 1.0 0.443750 0.545833 0.215625 0.116667
0 1.0 0.139844 0.561458 0.242188 0.302083
0 1.0 0.447656 0.545833 0.079687 0.104167
0 1.0 0.421875 0.537500 0.237500 0.341667
0 1.0 0.342969 0.558333 0.098437 0.254167
0 1.0 0.369531 0.540625 0.132812 0.093750
0 1.0 0.307031 0.544792 0.089063 0.093750
0 1.0 0.610938 0.567708 0.040625 0.089583
0 1.0 0.654687 0.451042 0.078125 0.081250
0 1.0 0.615625 0.551042 0.025000 0.052083
0 1.0 0.574219 0.445833 0.089063 0.091667
0 1.0 0.521094 0.441667 0.123438 0.108333
0 1.0 0.784375 0.454167 0.096875 0.083333
0 1.0 0.756250 0.512500 0.050000 0.104167
0 1.0 0.660156 0.555208 0.048438 0.102083
0 1.0 0.668750 0.545833 0.034375 0.062500
0 1.0 0.348438 0.456250 0.225000 0.237500
0 1.0 0.364844 0.484375 0.064062 0.089583
0 1.0 0.297656 0.481250 0.051562 0.108333
0 1.0 0.329688 0.452083 0.096875 0.066667
0 1.0 0.293750 0.451042 0.203125 0.118750
0 1.0 0.319531 0.480208 0.051562 0.072917
0 1.0 0.279687 0.448958 0.050000 0.052083
0 1.0 0.237500 0.494792 0.053125 0.097917
0 1.0 0.539844 0.442708 0.020313 0.052083
0 1.0 0.440625 0.444792 0.196875 0.110417
0 1.0 0.369531 0.451042 0.017188 0.035417
0 1.0 0.278125 0.494792 0.125000 0.093750
0 1.0 0.240625 0.495833 0.228125 0.120833
0 1.0 0.183594 0.520833 0.095312 0.250000
0 1.0 0.152344 0.498958 0.229687 0.097917
0 1.0 0.400781 0.542708 0.064062 0.177083
0 1.0 0.453125 0.492708 0.206250 0.114583
0 1.0 0.295312 0.523958 0.078125 0.197917
0 1.0 0.854688 0.454167 0.221875 0.108333
0 1.0 0.916406 0.462500 0.101562 0.141667
0 1.0 0.742188 0.458333 0.018750 0.037500
0 1.0 0.878125 0.510417 0.040625 0.070833
0 1.0 0.812500 0.517708 0.034375 0.072917
0 1.0 0.871094 0.520833 0.070312 0.133333
0 1.0 0.069531 0.561458 0.070312 0.181250
0 1.0 0.021094 0.585417 0.042188 0.145833
0 1.0 0.046094 0.505208 0.092188 0.064583
0 1.0 0.964844 0.520833 0.029687 0.066667
0 1.0 0.963281 0.450000 0.073438 0.058333
0 1.0 0.714063 0.140625 0.237500 0.281250
0 1.0 0.669531 0.126042 0.279687 0.131250
0 1.0 0.660937 0.138542 0.118750 0.227083
0 1.0 0.133594 0.852083 0.067187 0.133333
0 1.0 0.814844 0.144792 0.123438 0.289583
0 1.0 0.827344 0.122917 0.279687 0.137500
0 1.0 0.604688 0.147917 0.081250 0.170833
0 1.0 0.609375 0.138542 0.225000 0.277083
0 1.0 0.556250 0.152083 0.090625 0.225000
0 1.0 0.561719 0.126042 0.264062 0.118750
0 1.0 0.349219 0.754167 0.567187 0.225000
0 1.0 0.438281 0.651042 0.557813 0.227083
0 1.0 0.353906 0.621875 0.226562 0.518750
0 1.0 0.957812 0.148958 0.084375 0.197917
0 1.0 0.925781 0.139583 0.148438 0.270833
0 1.0 0.036719 0.185417 0.073438 0.287500
0 1.0 0.035937 0.178125 0.071875 0.085417
0 1.0 0.852344 0.123958 0.123438 0.097917
0 1.0 0.782031 0.646875 0.435937 0.210417
0 1.0 0.643750 0.842708 0.475000 0.222917
0 1.0 0.346094 0.146875 0.098437 0.268750
0 1.0 0.360156 0.123958 0.235937 0.118750
0 1.0 0.346094 0.136458 0.229687 0.272917
0 1.0 0.292969 0.156250 0.089063 0.237500
0 1.0 0.235156 0.132292 0.220312 0.106250
0 1.0 0.273438 0.139583 0.053125 0.066667
0 1.0 0.454688 0.844792 0.537500 0.210417
0 1.0 0.039062 0.129167 0.078125 0.087500
0 1.0 0.238281 0.134375 0.139063 0.268750
0 1.0 0.139844 0.126042 0.242188 0.122917
0 1.0 0.185156 0.152083 0.098437 0.245833
0 1.0 0.131250 0.146875 0.109375 0.268750
0 1.0 0.722656 0.754167 0.492188 0.233333
0 1.0 0.292187 0.129167 0.171875 0.204167
0 1.0 0.502344 0.135417 0.120313 0.233333
0 1.0 0.444531 0.167708 0.054688 0.147917
0 1.0 0.471094 0.126042 0.217188 0.106250
0 1.0 0.442969 0.148958 0.110937 0.193750
0 1.0 0.476562 0.129167 0.103125 0.100000
0 1.0 0.449219 0.135417 0.229687 0.270833
0 1.0 0.217188 0.846875 0.434375 0.206250
0 1.0 0.507031 0.220833 0.060937 0.179167
0 1.0 0.517969 0.179167 0.260937 0.125000
0 1.0 0.514844 0.192708 0.070312 0.068750
0 1.0 0.438281 0.453125 0.567187 0.231250
0 1.0 0.669531 0.180208 0.279687 0.131250
0 1.0 0.446875 0.239583 0.037500 0.104167
0 1.0 0.393750 0.186458 0.112500 0.310417
0 1.0 0.406250 0.179167 0.250000 0.120833
0 1.0 0.842187 0.475000 0.206250 0.600000
0 1.0 0.779687 0.452083 0.440625 0.204167
0 1.0 0.237500 0.452083 0.475000 0.204167
0 1.0 0.872656 0.170833 0.142187 0.333333
0 1.0 0.864062 0.182292 0.159375 0.102083
0 1.0 0.825000 0.180208 0.300000 0.135417
0 1.0 0.785156 0.348958 0.429688 0.214583
0 1.0 0.604688 0.217708 0.068750 0.177083
0 1.0 0.710156 0.189583 0.114062 0.312500
0 1.0 0.765625 0.179167 0.125000 0.316667
0 1.0 0.100781 0.176042 0.201563 0.143750
0 1.0 0.176563 0.185417 0.234375 0.312500
0 1.0 0.484375 0.205208 0.040625 0.072917
0 1.0 0.722656 0.544792 0.529687 0.222917
0 1.0 0.738281 0.585417 0.332813 0.458333
0 1.0 0.190625 0.186458 0.037500 0.072917
0 1.0 0.238281 0.652083 0.410938 0.483333
0 1.0 0.235156 0.646875 0.470313 0.222917
0 1.0 0.078125 0.178125 0.128125 0.281250
0 1.0 0.357812 0.185417 0.065625 0.108333
0 1.0 0.325781 0.188542 0.198437 0.102083
0 1.0 0.310156 0.546875 0.620313 0.202083
0 1.0 0.442969 0.206250 0.082812 0.150000
0 1.0 0.319531 0.200000 0.035937 0.070833
0 1.0 0.545312 0.592708 0.331250 0.493750
0 1.0 0.251563 0.180208 0.268750 0.127083
0 1.0 0.391406 0.184375 0.104688 0.085417
0 1.0 0.921875 0.056250 0.128125 0.112500
0 1.0 0.875000 0.054167 0.078125 0.108333
0 1.0 0.819531 0.058333 0.079687 0.116667
0 1.0 0.828125 0.030208 0.165625 0.060417
0 1.0 0.645312 0.689583 0.393750 0.545833
0 1.0 0.768750 0.065625 0.087500 0.131250
0 1.0 0.772656 0.041667 0.201563 0.083333
0 1.0 0.769531 0.084375 0.232813 0.168750
0 1.0 0.711719 0.060417 0.082812 0.120833
0 1.0 0.732031 0.029167 0.135937 0.058333
0 1.0 0.964844 0.053125 0.039062 0.093750
0 1.0 0.953906 0.032292 0.092188 0.064583
0 1.0 0.024219 0.109375 0.048438 0.172917
0 1.0 0.051562 0.076042 0.103125 0.077083
0 1.0 0.233594 0.064583 0.085938 0.129167
0 1.0 0.248438 0.029167 0.150000 0.058333
0 1.0 0.238281 0.081250 0.232813 0.162500
0 1.0 0.041406 0.033333 0.079687 0.066667
0 1.0 0.296094 0.510417 0.592187 0.470833
0 1.0 0.499219 0.784375 0.829688 0.431250
0 1.0 0.443750 0.061458 0.103125 0.122917
0 1.0 0.475000 0.037500 0.118750 0.075000
0 1.0 0.395313 0.080208 0.103125 0.160417
0 1.0 0.406250 0.030208 0.181250 0.060417
0 1.0 0.346094 0.067708 0.120313 0.135417
0 1.0 0.069531 0.026042 0.048438 0.043750
0 1.0 0.304688 0.057292 0.109375 0.114583
0 1.0 0.482812 0.555208 0.665625 0.643750
0 1.0 0.661719 0.060417 0.076563 0.120833
0 1.0 0.672656 0.029167 0.157812 0.058333
0 1.0 0.602344 0.054167 0.070312 0.108333
0 1.0 0.610156 0.038542 0.173437 0.077083
0 1.0 0.557031 0.057292 0.070312 0.114583
0 1.0 0.399219 0.080208 0.229687 0.160417
0 1.0 0.319531 0.023958 0.042188 0.047917
0 1.0 0.567969 0.028125 0.107813 0.056250
0 1.0 0.502344 0.080208 0.089063 0.160417
0 1.0 0.503906 0.087500 0.229687 0.175000
0 1.0 0.445312 0.046875 0.050000 0.093750
0 1.0 0.499219 0.027083 0.045312 0.050000
0 1.0 0.554688 0.921875 0.546875 0.156250
0 1.0 0.669531 0.076042 0.229687 0.114583
0 1.0 0.867969 0.078125 0.151562 0.106250
0 1.0 0.250000 0.122917 0.500000 0.245833
0 1.0 0.835156 0.922917 0.329688 0.154167
0 1.0 0.560937 0.076042 0.228125 0.110417
0 1.0 0.271875 0.922917 0.543750 0.154167
0 1.0 0.652344 0.306250 0.695312 0.304167
0 1.0 0.357812 0.311458 0.715625 0.302083
0 1.0 0.280469 0.082292 0.070312 0.081250
0 1.0 0.075781 0.110417 0.092188 0.220833
0 1.0 0.499219 0.122917 0.801562 0.245833
0 1.0 0.749219 0.120833 0.501563 0.241667
0 1.0 0.814844 0.906250 0.164062 0.158333
0 1.0 0.514844 0.915625 0.235937 0.139583
0 1.0 0.446875 0.907292 0.071875 0.168750
0 1.0 0.717969 0.861458 0.120313 0.227083
0 1.0 0.699219 0.919792 0.235937 0.156250
0 1.0 0.653906 0.851042 0.120313 0.293750
0 1.0 0.928906 0.921875 0.142187 0.131250
0 1.0 0.608594 0.857292 0.114062 0.285417
0 1.0 0.239063 0.907292 0.200000 0.185417
0 1.0 0.446094 0.892708 0.251563 0.214583
0 1.0 0.394531 0.886458 0.110937 0.227083
0 1.0 0.341406 0.894792 0.114062 0.210417
0 1.0 0.101562 0.918750 0.203125 0.141667
0 1.0 0.353906 0.918750 0.242188 0.104167
0 1.0 0.336719 0.886458 0.251563 0.227083
0 1.0 0.507031 0.905208 0.114062 0.189583
0 1.0 0.552344 0.883333 0.107813 0.233333
0 1.0 0.565625 0.891667 0.234375 0.216667
0 1.0 0.194531 0.954167 0.114062 0.091667
0 1.0 0.132812 0.940625 0.084375 0.118750
0 1.0 0.165625 0.961458 0.103125 0.064583
0 1.0 0.443750 0.962500 0.096875 0.062500
0 1.0 0.404687 0.950000 0.118750 0.100000
0 1.0 0.363281 0.967708 0.060937 0.052083
0 1.0 0.085156 0.948958 0.126562 0.102083
0 1.0 0.034375 0.913542 0.068750 0.172917
0 1.0 0.062500 0.966667 0.062500 0.054167
0 1.0 0.350781 0.953125 0.114062 0.093750
0 1.0 0.289844 0.945833 0.076563 0.108333
0 1.0 0.307031 0.969792 0.051562 0.060417
0 1.0 0.600781 0.952083 0.101562 0.079167
0 1.0 0.571094 0.958333 0.042188 0.041667
0 1.0 0.537500 0.951042 0.125000 0.089583
0 1.0 0.224219 0.963542 0.092188 0.060417
0 1.0 0.965625 0.941667 0.050000 0.116667
0 1.0 0.238281 0.943750 0.085938 0.112500
0 1.0 0.267188 0.964583 0.096875 0.062500
0 1.0 0.871094 0.896875 0.107813 0.206250
0 1.0 0.777344 0.917708 0.154688 0.097917
0 1.0 0.506250 0.823958 0.075000 0.181250
0 1.0 0.251563 0.870833 0.118750 0.108333
0 1.0 0.187500 0.827083 0.053125 0.112500
0 1.0 0.164844 0.866667 0.295312 0.133333
0 1.0 0.522656 0.870833 0.035937 0.054167
0 1.0 0.462500 0.870833 0.134375 0.145833
0 1.0 0.395313 0.829167 0.062500 0.145833
0 1.0 0.413281 0.863542 0.254688 0.102083
0 1.0 0.345313 0.842708 0.053125 0.114583
0 1.0 0.350781 0.864583 0.132812 0.079167
0 1.0 0.585156 0.872917 0.054688 0.087500
0 1.0 0.556250 0.805208 0.075000 0.202083
0 1.0 0.880469 0.818750 0.239063 0.125000
0 1.0 0.916406 0.812500 0.151562 0.300000
0 1.0 0.117969 0.875000 0.142187 0.145833
0 1.0 0.293750 0.846875 0.087500 0.131250
0 1.0 0.296875 0.876042 0.034375 0.052083
0 1.0 0.239063 0.835417 0.068750 0.145833
0 1.0 0.877344 0.847917 0.070312 0.137500
0 1.0 0.776563 0.876042 0.100000 0.085417
0 1.0 0.746875 0.875000 0.278125 0.154167
0 1.0 0.048438 0.917708 0.096875 0.093750
0 1.0 0.886719 0.872917 0.226562 0.116667
0 1.0 0.297656 0.915625 0.129688 0.152083
0 1.0 0.805469 0.847917 0.067187 0.154167
0 1.0 0.508594 0.867708 0.179688 0.089583
0 1.0 0.449219 0.802083 0.023438 0.050000
0 1.0 0.490625 0.866667 0.109375 0.066667
0 1.0 0.734375 0.829167 0.065625 0.233333
0 1.0 0.964063 0.892708 0.028125 0.060417
0 1.0 0.945312 0.868750 0.109375 0.091667
0 1.0 0.958594 0.900000 0.048438 0.079167
0 1.0 0.821094 0.881250 0.060937 0.075000
0 1.0 0.920312 0.861458 0.078125 0.156250
0 1.0 0.626563 0.876042 0.240625 0.139583
0 1.0 0.560937 0.273958 0.059375 0.102083
0 1.0 0.567187 0.237500 0.175000 0.125000
0 1.0 0.553906 0.238542 0.229687 0.264583
0 1.0 0.214062 0.248958 0.428125 0.210417
0 1.0 0.507812 0.301042 0.050000 0.114583
0 1.0 0.717187 0.276042 0.065625 0.181250
0 1.0 0.722656 0.232292 0.279687 0.122917
0 1.0 0.666406 0.301042 0.048438 0.122917
0 1.0 0.448437 0.294792 0.059375 0.085417
0 1.0 0.507812 0.251042 0.043750 0.060417
0 1.0 0.464844 0.261458 0.114062 0.122917
0 1.0 0.395313 0.266667 0.071875 0.191667
0 1.0 0.413281 0.239583 0.220312 0.100000
0 1.0 0.660156 0.243750 0.170313 0.183333
0 1.0 0.610938 0.317708 0.037500 0.089583
0 1.0 0.614844 0.291667 0.029687 0.058333
0 1.0 0.776563 0.247917 0.059375 0.145833
0 1.0 0.940625 0.235417 0.118750 0.116667
0 1.0 0.860156 0.239583 0.173437 0.145833
0 1.0 0.867969 0.235417 0.239063 0.312500
0 1.0 0.769531 0.254167 0.089063 0.245833
0 1.0 0.821094 0.231250 0.079687 0.183333
0 1.0 0.140625 0.237500 0.268750 0.129167
0 1.0 0.134375 0.245833 0.103125 0.220833
0 1.0 0.219531 0.351042 0.439063 0.210417
0 1.0 0.027344 0.263542 0.054688 0.264583
0 1.0 0.064062 0.232292 0.128125 0.102083
0 1.0 0.937500 0.185417 0.125000 0.112500
0 1.0 0.349219 0.244792 0.210938 0.135417
0 1.0 0.295312 0.279167 0.053125 0.154167
0 1.0 0.244531 0.244792 0.245312 0.114583
0 1.0 0.297656 0.258333 0.098437 0.187500
0 1.0 0.288281 0.256250 0.045312 0.066667
0 1.0 0.291406 0.238542 0.226562 0.289583
0 1.0 0.235156 0.251042 0.104688 0.306250
0 1.0 0.507031 0.247917 0.176563 0.183333
0 1.0 0.448437 0.322917 0.028125 0.062500
0 1.0 0.189844 0.272917 0.070312 0.212500
0 1.0 0.347656 0.261458 0.098437 0.177083
0 1.0 0.398438 0.228125 0.221875 0.285417
0 1.0 0.614844 0.369792 0.010937 0.018750
0 1.0 0.629687 0.321875 0.059375 0.064583
0 1.0 0.570312 0.293750 0.118750 0.075000
0 1.0 0.741406 0.962500 0.082812 0.062500
0 1.0 0.714844 0.930208 0.110937 0.139583
0 1.0 0.945312 0.957292 0.109375 0.085417
0 1.0 0.513281 0.377083 0.032813 0.050000
0 1.0 0.517188 0.321875 0.109375 0.110417
0 1.0 0.450781 0.379167 0.035937 0.066667
0 1.0 0.553125 0.305208 0.021875 0.035417
0 1.0 0.839844 0.963542 0.039062 0.043750
0 1.0 0.876563 0.951042 0.090625 0.097917
0 1.0 0.844531 0.961458 0.067187 0.060417
0 1.0 0.666406 0.301042 0.239063 0.256250
0 1.0 0.608594 0.394792 0.029687 0.052083
0 1.0 0.451562 0.948958 0.056250 0.102083
0 1.0 0.524219 0.962500 0.035937 0.041667
0 1.0 0.500000 0.959375 0.071875 0.068750
0 1.0 0.657813 0.925000 0.103125 0.150000
0 1.0 0.710156 0.964583 0.064062 0.054167
0 1.0 0.667188 0.965625 0.071875 0.052083
0 1.0 0.626563 0.960417 0.043750 0.041667
0 1.0 0.812500 0.935417 0.078125 0.129167
0 1.0 0.805469 0.959375 0.095312 0.064583
0 1.0 0.789844 0.950000 0.185938 0.100000
0 1.0 0.758594 0.918750 0.085938 0.162500
0 1.0 0.230469 0.293750 0.120313 0.083333
0 1.0 0.214062 0.308333 0.034375 0.070833
0 1.0 0.159375 0.285417 0.137500 0.083333
0 1.0 0.143750 0.286458 0.212500 0.131250
0 1.0 0.071875 0.313542 0.068750 0.172917
0 1.0 0.359375 0.293750 0.218750 0.112500
0 1.0 0.144531 0.308333 0.042188 0.091667
0 1.0 0.079687 0.298958 0.028125 0.064583
0 1.0 0.239844 0.293750 0.154688 0.175000
0 1.0 0.053906 0.289583 0.082812 0.062500
0 1.0 0.069531 0.288542 0.139063 0.268750
0 1.0 0.046094 0.297917 0.079687 0.120833
0 1.0 0.962500 0.252083 0.068750 0.208333
0 1.0 0.407813 0.339583 0.059375 0.087500
0 1.0 0.421875 0.294792 0.134375 0.081250
0 1.0 0.444531 0.076042 0.557813 0.152083
0 1.0 0.345313 0.351042 0.053125 0.110417
0 1.0 0.379688 0.320833 0.034375 0.058333
0 1.0 0.557813 0.350000 0.031250 0.050000
0 1.0 0.552344 0.298958 0.179688 0.114583
0 1.0 0.576562 0.320833 0.065625 0.079167
0 1.0 0.428906 0.295833 0.029687 0.041667
0 1.0 0.299219 0.341667 0.051562 0.116667
0 1.0 0.322656 0.296875 0.120313 0.072917
0 1.0 0.333594 0.325000 0.020313 0.045833
0 1.0 0.236719 0.292708 0.229687 0.281250
0 1.0 0.453906 0.346875 0.060937 0.077083
0 1.0 0.460156 0.290625 0.242188 0.260417
0 1.0 0.507812 0.340625 0.018750 0.035417
0 1.0 0.246094 0.327083 0.029687 0.070833
0 1.0 0.494531 0.314583 0.545312 0.545833
0 1.0 0.120313 0.529167 0.240625 0.787500
0 1.0 0.496875 0.354167 0.278125 0.708333
0 1.0 0.247656 0.485417 0.207813 0.537500
0 1.0 0.640625 0.513542 0.243750 0.393750
0 1.0 0.632031 0.463542 0.448437 0.239583
0 1.0 0.645312 0.832292 0.240625 0.335417
0 1.0 0.809375 0.846875 0.381250 0.247917
0 1.0 0.246094 0.729167 0.226562 0.541667
0 1.0 0.549219 0.183333 0.404687 0.366667
0 1.0 0.665625 0.517708 0.668750 0.406250
0 1.0 0.682031 0.323958 0.635938 0.647917
0 1.0 0.086719 0.776042 0.026562 0.047917
0 1.0 0.071094 0.380208 0.142187 0.668750
0 1.0 0.349219 0.248958 0.395313 0.443750
0 1.0 0.752344 0.260417 0.382812 0.458333
0 1.0 0.649219 0.264583 0.210938 0.529167
0 1.0 0.167187 0.348958 0.334375 0.435417
0 1.0 0.832812 0.662500 0.334375 0.675000