0 1.0 0.552083 0.342187 0.362500 0.418750
0 1.0 0.646875 0.388281 0.260417 0.389062
0 1.0 0.453125 0.450781 0.210417 0.173437
0 1.0 0.191667 0.290625 0.108333 0.143750
0 1.0 0.442708 0.310156 0.272917 0.401562
0 1.0 0.106250 0.654687 0.212500 0.106250
0 1.0 0.077083 0.651563 0.129167 0.293750
0 1.0 0.736458 0.592187 0.264583 0.096875
0 1.0 0.762500 0.571875 0.141667 0.228125
0 1.0 0.813542 0.576562 0.118750 0.268750
0 1.0 0.870833 0.586719 0.191667 0.210938
0 1.0 0.846875 0.597656 0.077083 0.064062
0 1.0 0.814583 0.597656 0.075000 0.057813
0 1.0 0.922917 0.596875 0.154167 0.121875
0 1.0 0.185417 0.650781 0.125000 0.339062
0 1.0 0.232292 0.653906 0.197917 0.235937
0 1.0 0.553125 0.570312 0.127083 0.209375
0 1.0 0.545833 0.595313 0.275000 0.084375
0 1.0 0.506250 0.546094 0.291667 0.270313
0 1.0 0.442708 0.560937 0.135417 0.284375
0 1.0 0.502083 0.599219 0.083333 0.070312
0 1.0 0.707292 0.564063 0.114583 0.225000
0 1.0 0.931250 0.604688 0.137500 0.265625
0 1.0 0.653125 0.597656 0.197917 0.139063
0 1.0 0.597917 0.576562 0.133333 0.153125
0 1.0 0.596875 0.564844 0.285417 0.214062
0 1.0 0.390625 0.655469 0.277083 0.120313
0 1.0 0.395833 0.632031 0.141667 0.326562
0 1.0 0.662500 0.650781 0.258333 0.148438
0 1.0 0.346875 0.651563 0.189583 0.240625
0 1.0 0.289583 0.644531 0.120833 0.339062
0 1.0 0.235417 0.658594 0.254167 0.117188
0 1.0 0.276042 0.663281 0.081250 0.095312
0 1.0 0.566667 0.653906 0.212500 0.139063
0 1.0 0.550000 0.652344 0.270833 0.285938
0 1.0 0.807292 0.650000 0.281250 0.306250
0 1.0 0.480208 0.660937 0.110417 0.112500
0 1.0 0.452083 0.640625 0.191667 0.243750
0 1.0 0.032292 0.650781 0.064583 0.295312
0 1.0 0.046875 0.656250 0.093750 0.081250
0 1.0 0.964583 0.622656 0.045833 0.132812
0 1.0 0.956250 0.599219 0.087500 0.089063
0 1.0 0.504167 0.639062 0.133333 0.365625
0 1.0 0.134375 0.651563 0.189583 0.234375
0 1.0 0.604167 0.541406 0.200000 0.085938
0 1.0 0.802083 0.534375 0.283333 0.134375
0 1.0 0.026042 0.301563 0.052083 0.193750
0 1.0 0.075000 0.283594 0.141667 0.104688
0 1.0 0.088542 0.289062 0.056250 0.093750
0 1.0 0.068750 0.288281 0.137500 0.229687
0 1.0 0.690625 0.542969 0.293750 0.107813
0 1.0 0.707292 0.498437 0.139583 0.168750
0 1.0 0.597917 0.504687 0.125000 0.187500
0 1.0 0.958333 0.550000 0.075000 0.153125
0 1.0 0.656250 0.508594 0.150000 0.154688
0 1.0 0.484375 0.528125 0.227083 0.115625
0 1.0 0.078125 0.263281 0.081250 0.117188
0 1.0 0.139583 0.289062 0.095833 0.118750
0 1.0 0.346875 0.510938 0.114583 0.268750
0 1.0 0.385417 0.540625 0.187500 0.078125
0 1.0 0.357292 0.509375 0.281250 0.275000
0 1.0 0.272917 0.542188 0.212500 0.090625
0 1.0 0.405208 0.519531 0.189583 0.176563
0 1.0 0.961458 0.282813 0.068750 0.196875
0 1.0 0.927083 0.243750 0.145833 0.106250
0 1.0 0.925000 0.257031 0.150000 0.242188
0 1.0 0.694792 0.492969 0.256250 0.229687
0 1.0 0.495833 0.492969 0.145833 0.220312
0 1.0 0.186458 0.601562 0.210417 0.100000
0 1.0 0.178125 0.592969 0.247917 0.323437
0 1.0 0.412500 0.599219 0.245833 0.092188
0 1.0 0.254167 0.599219 0.191667 0.082812
0 1.0 0.290625 0.600781 0.064583 0.064062
0 1.0 0.286458 0.589844 0.252083 0.301563
0 1.0 0.869792 0.532813 0.122917 0.259375
0 1.0 0.820833 0.542188 0.116667 0.081250
0 1.0 0.442708 0.601562 0.081250 0.071875
0 1.0 0.090625 0.602344 0.181250 0.092188
0 1.0 0.042708 0.600781 0.085417 0.073438
0 1.0 0.477083 0.773438 0.141667 0.121875
0 1.0 0.446875 0.752344 0.256250 0.335938
0 1.0 0.393750 0.765625 0.304167 0.128125
0 1.0 0.414583 0.771875 0.141667 0.125000
0 1.0 0.340625 0.746875 0.135417 0.359375
0 1.0 0.606250 0.733594 0.133333 0.385937
0 1.0 0.610417 0.762500 0.320833 0.131250
0 1.0 0.229167 0.766406 0.275000 0.126562
0 1.0 0.289583 0.757031 0.150000 0.298438
0 1.0 0.873958 0.759375 0.131250 0.346875
0 1.0 0.826042 0.766406 0.102083 0.082812
0 1.0 0.550000 0.737500 0.125000 0.400000
0 1.0 0.706250 0.737500 0.129167 0.378125
0 1.0 0.759375 0.747656 0.156250 0.339062
0 1.0 0.766667 0.763281 0.262500 0.164062
0 1.0 0.075000 0.762500 0.112500 0.340625
0 1.0 0.106250 0.762500 0.212500 0.109375
0 1.0 0.270833 0.772656 0.079167 0.095312
0 1.0 0.047917 0.767188 0.058333 0.071875
0 1.0 0.052083 0.765625 0.104167 0.193750
0 1.0 0.964583 0.735156 0.062500 0.201563
0 1.0 0.956250 0.706250 0.087500 0.093750
0 1.0 0.930208 0.714844 0.139583 0.285938
0 1.0 0.234375 0.762500 0.135417 0.334375
0 1.0 0.133333 0.764844 0.200000 0.248438
0 1.0 0.506250 0.754687 0.191667 0.253125
0 1.0 0.116667 0.819531 0.233333 0.110937
0 1.0 0.244792 0.817969 0.285417 0.126562
0 1.0 0.945833 0.760938 0.108333 0.100000
0 1.0 0.340625 0.807813 0.260417 0.290625
0 1.0 0.280208 0.824219 0.089583 0.098437
0 1.0 0.229167 0.815625 0.266667 0.290625
0 1.0 0.186458 0.812500 0.127083 0.328125
0 1.0 0.448958 0.805469 0.135417 0.339062
0 1.0 0.452083 0.815625 0.329167 0.140625
0 1.0 0.034375 0.828125 0.068750 0.259375
0 1.0 0.056250 0.819531 0.112500 0.082812
0 1.0 0.662500 0.748437 0.195833 0.262500
0 1.0 0.892708 0.762500 0.214583 0.128125
0 1.0 0.859375 0.772656 0.072917 0.085938
0 1.0 0.814583 0.756250 0.133333 0.359375
0 1.0 0.312500 0.707812 0.254167 0.128125
0 1.0 0.048958 0.710938 0.097917 0.078125
0 1.0 0.963542 0.678906 0.047917 0.142187
0 1.0 0.956250 0.657031 0.087500 0.089063
0 1.0 0.207292 0.710156 0.293750 0.132812
0 1.0 0.110417 0.708594 0.220833 0.104688
0 1.0 0.707292 0.652344 0.260417 0.270313
0 1.0 0.897917 0.660156 0.204167 0.117188
0 1.0 0.814583 0.660937 0.070833 0.065625
0 1.0 0.876042 0.644531 0.118750 0.282813
0 1.0 0.846875 0.666406 0.077083 0.073438
0 1.0 0.814583 0.657031 0.245833 0.151562
0 1.0 0.687500 0.703125 0.312500 0.128125
0 1.0 0.894792 0.708594 0.210417 0.129688
0 1.0 0.838542 0.711719 0.060417 0.067187
0 1.0 0.875000 0.715625 0.058333 0.075000
0 1.0 0.403125 0.710938 0.135417 0.118750
0 1.0 0.262500 0.715625 0.079167 0.093750
0 1.0 0.551042 0.706250 0.322917 0.128125
0 1.0 0.471875 0.710938 0.127083 0.115625
0 1.0 0.748958 0.344531 0.118750 0.270313
0 1.0 0.746875 0.334375 0.256250 0.140625
0 1.0 0.483333 0.325000 0.245833 0.203125
0 1.0 0.704167 0.364063 0.145833 0.303125
0 1.0 0.887500 0.328906 0.225000 0.142187
0 1.0 0.822917 0.321875 0.179167 0.218750
0 1.0 0.814583 0.321094 0.087500 0.167187
0 1.0 0.343750 0.328906 0.183333 0.114062
0 1.0 0.351042 0.322656 0.106250 0.232813
0 1.0 0.367708 0.320312 0.202083 0.281250
0 1.0 0.619792 0.335938 0.293750 0.156250
0 1.0 0.527083 0.328125 0.137500 0.328125
0 1.0 0.454167 0.328906 0.108333 0.220312
0 1.0 0.375000 0.403125 0.245833 0.143750
0 1.0 0.303125 0.360156 0.114583 0.289062
0 1.0 0.310417 0.398438 0.112500 0.087500
0 1.0 0.880208 0.381250 0.147917 0.259375
0 1.0 0.533333 0.401562 0.283333 0.156250
0 1.0 0.135417 0.358594 0.212500 0.295312
0 1.0 0.136458 0.389062 0.135417 0.084375
0 1.0 0.081250 0.363281 0.158333 0.220312
0 1.0 0.065625 0.390625 0.102083 0.068750
0 1.0 0.036458 0.381250 0.072917 0.271875
0 1.0 0.954167 0.294531 0.050000 0.098437
0 1.0 0.309375 0.370312 0.252083 0.275000
0 1.0 0.221875 0.359375 0.131250 0.284375
0 1.0 0.277083 0.386719 0.241667 0.114062
0 1.0 0.205208 0.386719 0.193750 0.092188
0 1.0 0.187500 0.363281 0.137500 0.182812
0 1.0 0.303125 0.322656 0.077083 0.151562
0 1.0 0.611458 0.295312 0.147917 0.328125
0 1.0 0.545833 0.278906 0.220833 0.148438
0 1.0 0.231250 0.292187 0.216667 0.175000
0 1.0 0.737500 0.403906 0.445833 0.807813
0 1.0 0.500000 0.257031 1.000000 0.454688
0 1.0 0.185417 0.086719 0.241667 0.173437
0 1.0 0.196875 0.064844 0.064583 0.073438
0 1.0 0.130208 0.103906 0.052083 0.110937
0 1.0 0.145833 0.043750 0.145833 0.087500
0 1.0 0.080208 0.097656 0.039583 0.092188
0 1.0 0.143750 0.034375 0.050000 0.050000
0 1.0 0.100000 0.083594 0.200000 0.167187
0 1.0 0.164583 0.035156 0.087500 0.060937
0 1.0 0.297917 0.260937 0.229167 0.221875
0 1.0 0.320833 0.297656 0.066667 0.110937
0 1.0 0.030208 0.088281 0.035417 0.092188
0 1.0 0.087500 0.032813 0.041667 0.046875
0 1.0 0.150000 0.325000 0.141667 0.087500
0 1.0 0.079167 0.326562 0.133333 0.090625
0 1.0 0.273958 0.316406 0.181250 0.095312
0 1.0 0.755208 0.284375 0.268750 0.134375
0 1.0 0.758333 0.296094 0.066667 0.129688
0 1.0 0.720833 0.298438 0.079167 0.156250
0 1.0 0.665625 0.293750 0.135417 0.231250
0 1.0 0.819792 0.263281 0.047917 0.085938
0 1.0 0.619792 0.389844 0.235417 0.142187
0 1.0 0.393750 0.479687 0.300000 0.106250
0 1.0 0.607292 0.489844 0.310417 0.160938
0 1.0 0.857292 0.478125 0.256250 0.265625
0 1.0 0.818750 0.477344 0.112500 0.214062
0 1.0 0.137500 0.482812 0.233333 0.334375
0 1.0 0.070833 0.474219 0.125000 0.401562
0 1.0 0.106250 0.494531 0.191667 0.101562
0 1.0 0.293750 0.467969 0.116667 0.264062
0 1.0 0.052083 0.497656 0.104167 0.076563
0 1.0 0.554167 0.461719 0.145833 0.251563
0 1.0 0.227083 0.474219 0.129167 0.304688
0 1.0 0.260417 0.489063 0.300000 0.115625
0 1.0 0.105208 0.547656 0.210417 0.104688
0 1.0 0.045833 0.549219 0.091667 0.076563
0 1.0 0.042708 0.539062 0.085417 0.309375
0 1.0 0.289583 0.535937 0.166667 0.193750
0 1.0 0.195833 0.547656 0.270833 0.117188
0 1.0 0.752083 0.461719 0.129167 0.279687
0 1.0 0.961458 0.511719 0.047917 0.145313
0 1.0 0.952083 0.499219 0.095833 0.092188
0 1.0 0.930208 0.486719 0.139583 0.270313
0 1.0 0.897917 0.503906 0.204167 0.117188
0 1.0 0.823958 0.501563 0.060417 0.062500
0 1.0 0.818750 0.500781 0.191667 0.114062
0 1.0 0.134375 0.445312 0.110417 0.081250
0 1.0 0.045833 0.446094 0.075000 0.076563
0 1.0 0.957292 0.412500 0.068750 0.178125
0 1.0 0.942708 0.392188 0.114583 0.093750
0 1.0 0.068750 0.447656 0.045833 0.051562
0 1.0 0.316667 0.448437 0.208333 0.143750
0 1.0 0.205208 0.446094 0.181250 0.098437
0 1.0 0.147917 0.442969 0.204167 0.135937
0 1.0 0.742708 0.389062 0.264583 0.131250
0 1.0 0.930208 0.367969 0.139583 0.301563
0 1.0 0.836458 0.391406 0.152083 0.101562
0 1.0 0.811458 0.387500 0.110417 0.250000
0 1.0 0.827083 0.383594 0.250000 0.164062
0 1.0 0.812500 0.450000 0.254167 0.150000
0 1.0 0.734375 0.450000 0.168750 0.100000
0 1.0 0.967708 0.450000 0.064583 0.068750
0 1.0 0.935417 0.453125 0.129167 0.115625
0 1.0 0.845833 0.451562 0.025000 0.037500
0 1.0 0.394792 0.421094 0.147917 0.232813
0 1.0 0.880208 0.446875 0.085417 0.153125
0 1.0 0.832292 0.453125 0.164583 0.081250
0 1.0 0.271875 0.752344 0.543750 0.226562
0 1.0 0.914583 0.134375 0.150000 0.206250
0 1.0 0.854167 0.132031 0.087500 0.079687
0 1.0 0.878125 0.146094 0.089583 0.157812
0 1.0 0.864583 0.147656 0.241667 0.295312
0 1.0 0.732292 0.650781 0.535417 0.226562
0 1.0 0.818750 0.165625 0.104167 0.209375
0 1.0 0.818750 0.126562 0.241667 0.128125
0 1.0 0.826042 0.161719 0.068750 0.129688
0 1.0 0.614583 0.140625 0.220833 0.140625
0 1.0 0.558333 0.175000 0.104167 0.184375
0 1.0 0.763542 0.184375 0.097917 0.187500
0 1.0 0.776042 0.135937 0.252083 0.265625
0 1.0 0.713542 0.193750 0.085417 0.175000
0 1.0 0.703125 0.129688 0.227083 0.118750
0 1.0 0.216667 0.651563 0.433333 0.218750
0 1.0 0.139583 0.195312 0.245833 0.290625
0 1.0 0.144792 0.221875 0.131250 0.150000
0 1.0 0.153125 0.200000 0.102083 0.071875
0 1.0 0.083333 0.219531 0.137500 0.207813
0 1.0 0.018750 0.242969 0.037500 0.114062
0 1.0 0.084375 0.197656 0.064583 0.054688
0 1.0 0.788542 0.547656 0.422917 0.214062
0 1.0 0.217708 0.245312 0.089583 0.184375
0 1.0 0.272917 0.186719 0.158333 0.095312
0 1.0 0.055208 0.210156 0.060417 0.095312
0 1.0 0.962500 0.202344 0.050000 0.123438
0 1.0 0.943750 0.129688 0.112500 0.103125
0 1.0 0.464583 0.651563 0.579167 0.218750
0 1.0 0.298958 0.206250 0.077083 0.165625
0 1.0 0.291667 0.137500 0.208333 0.103125
0 1.0 0.341667 0.146875 0.033333 0.053125
0 1.0 0.448958 0.847656 0.610417 0.207813
0 1.0 0.592708 0.174219 0.102083 0.154688
0 1.0 0.295833 0.157031 0.245833 0.295312
0 1.0 0.319792 0.152344 0.114583 0.154688
0 1.0 0.484375 0.135156 0.143750 0.095312
0 1.0 0.444792 0.148438 0.156250 0.218750
0 1.0 0.241667 0.145313 0.179167 0.168750
0 1.0 0.184375 0.230469 0.068750 0.114062
0 1.0 0.353125 0.149219 0.160417 0.223438
0 1.0 0.173958 0.157812 0.135417 0.134375
0 1.0 0.156250 0.128125 0.212500 0.109375
0 1.0 0.373958 0.135937 0.135417 0.115625
0 1.0 0.497917 0.152344 0.129167 0.217188
0 1.0 0.659375 0.187500 0.110417 0.190625
0 1.0 0.654167 0.158594 0.241667 0.242188
0 1.0 0.783333 0.752344 0.433333 0.223438
0 1.0 0.436458 0.145313 0.106250 0.106250
0 1.0 0.543750 0.750781 0.587500 0.223438
0 1.0 0.548958 0.738281 0.418750 0.420312
0 1.0 0.396875 0.440625 0.472917 0.206250
0 1.0 0.900000 0.191406 0.200000 0.104688
0 1.0 0.842708 0.194531 0.060417 0.060937
0 1.0 0.946875 0.197656 0.106250 0.145313
0 1.0 0.819792 0.190625 0.264583 0.146875
0 1.0 0.696875 0.182031 0.272917 0.135937
0 1.0 0.878125 0.193750 0.127083 0.203125
0 1.0 0.079167 0.250000 0.050000 0.078125
0 1.0 0.046875 0.257031 0.093750 0.129688
0 1.0 0.844792 0.200000 0.135417 0.093750
0 1.0 0.845833 0.349219 0.200000 0.442188
0 1.0 0.706250 0.341406 0.491667 0.276562
0 1.0 0.248958 0.412500 0.410417 0.418750
0 1.0 0.342708 0.197656 0.072917 0.101562
0 1.0 0.331250 0.226562 0.054167 0.096875
0 1.0 0.489583 0.208594 0.266667 0.251563
0 1.0 0.441667 0.217969 0.104167 0.198437
0 1.0 0.500000 0.193750 0.091667 0.090625
0 1.0 0.240625 0.219531 0.172917 0.189062
0 1.0 0.198958 0.194531 0.172917 0.092188
0 1.0 0.192708 0.237500 0.035417 0.062500
0 1.0 0.369792 0.210156 0.118750 0.192188
0 1.0 0.395833 0.211719 0.212500 0.276562
0 1.0 0.401042 0.186719 0.081250 0.085938
0 1.0 0.711458 0.438281 0.472917 0.239063
0 1.0 0.541667 0.186719 0.241667 0.157812
0 1.0 0.271875 0.544531 0.543750 0.226562
0 1.0 0.662500 0.089063 0.037500 0.046875
0 1.0 0.664583 0.046094 0.150000 0.085938
0 1.0 0.885417 0.033594 0.091667 0.067187
0 1.0 0.883333 0.048438 0.041667 0.062500
0 1.0 0.875000 0.046094 0.162500 0.092188
0 1.0 0.830208 0.850781 0.339583 0.207813
0 1.0 0.821875 0.069531 0.052083 0.092188
0 1.0 0.831250 0.056250 0.033333 0.053125
0 1.0 0.769792 0.097656 0.047917 0.082812
0 1.0 0.811458 0.036719 0.156250 0.073438
0 1.0 0.602083 0.076563 0.241667 0.153125
0 1.0 0.620833 0.064844 0.083333 0.079687
0 1.0 0.557292 0.100781 0.060417 0.104688
0 1.0 0.785417 0.057813 0.104167 0.100000
0 1.0 0.254167 0.878906 0.508333 0.242188
0 1.0 0.714583 0.113281 0.045833 0.076563
0 1.0 0.759375 0.036719 0.118750 0.064062
0 1.0 0.719792 0.092188 0.031250 0.040625
0 1.0 0.719792 0.078906 0.256250 0.157812
0 1.0 0.729167 0.060937 0.087500 0.078125
0 1.0 0.658333 0.107031 0.045833 0.070312
0 1.0 0.075000 0.153125 0.050000 0.115625
0 1.0 0.126042 0.089844 0.102083 0.114062
0 1.0 0.028125 0.156250 0.039583 0.118750
0 1.0 0.087500 0.083594 0.095833 0.079687
0 1.0 0.781250 0.078906 0.033333 0.048438
0 1.0 0.032292 0.129688 0.064583 0.128125
0 1.0 0.053125 0.100000 0.106250 0.150000
0 1.0 0.959375 0.091406 0.031250 0.060937
0 1.0 0.950000 0.068750 0.050000 0.065625
0 1.0 0.927083 0.075000 0.145833 0.150000
0 1.0 0.919792 0.072656 0.072917 0.123438
0 1.0 0.877083 0.057031 0.062500 0.104688
0 1.0 0.662500 0.476562 0.675000 0.390625
0 1.0 0.298958 0.087500 0.039583 0.075000
0 1.0 0.276042 0.035156 0.102083 0.070312
0 1.0 0.302083 0.071875 0.062500 0.081250
0 1.0 0.451042 0.069531 0.081250 0.104688
0 1.0 0.237500 0.094531 0.041667 0.079687
0 1.0 0.243750 0.074219 0.033333 0.051562
0 1.0 0.250000 0.058594 0.100000 0.095312
0 1.0 0.362500 0.064062 0.087500 0.112500
0 1.0 0.205208 0.035937 0.093750 0.065625
0 1.0 0.184375 0.081250 0.047917 0.068750
0 1.0 0.058333 0.042188 0.075000 0.068750
0 1.0 0.313542 0.043750 0.127083 0.087500
0 1.0 0.353125 0.084375 0.222917 0.168750
0 1.0 0.514583 0.047656 0.170833 0.095312
0 1.0 0.447917 0.078906 0.045833 0.079687
0 1.0 0.527083 0.034375 0.041667 0.053125
0 1.0 0.669792 0.064062 0.081250 0.078125
0 1.0 0.601042 0.110156 0.052083 0.076563
0 1.0 0.632292 0.035937 0.097917 0.062500
0 1.0 0.641667 0.880469 0.716667 0.239063
0 1.0 0.456250 0.080469 0.225000 0.160938
0 1.0 0.480208 0.061719 0.077083 0.098437
0 1.0 0.390625 0.088281 0.072917 0.148438
0 1.0 0.443750 0.037500 0.187500 0.075000
0 1.0 0.420833 0.060156 0.095833 0.117188
0 1.0 0.509375 0.071875 0.072917 0.103125
0 1.0 0.343750 0.034375 0.029167 0.043750
0 1.0 0.573958 0.036719 0.114583 0.070312
0 1.0 0.350000 0.106250 0.054167 0.121875
0 1.0 0.662500 0.082812 0.216667 0.100000
0 1.0 0.663542 0.146875 0.068750 0.100000
0 1.0 0.168750 0.925000 0.337500 0.150000
0 1.0 0.817708 0.071875 0.252083 0.125000
0 1.0 0.268750 0.128906 0.537500 0.257812
0 1.0 0.830208 0.922656 0.339583 0.154688
0 1.0 0.721875 0.149219 0.047917 0.082812
0 1.0 0.448958 0.922656 0.589583 0.154688
0 1.0 0.855208 0.073438 0.110417 0.096875
0 1.0 0.078125 0.184375 0.085417 0.156250
0 1.0 0.078125 0.138281 0.093750 0.067187
0 1.0 0.776042 0.144531 0.056250 0.092188
0 1.0 0.962500 0.162500 0.041667 0.090625
0 1.0 0.185417 0.181250 0.050000 0.103125
0 1.0 0.272917 0.296875 0.545833 0.287500
0 1.0 0.604167 0.127344 0.791667 0.254688
0 1.0 0.134375 0.153125 0.060417 0.125000
0 1.0 0.226042 0.146875 0.060417 0.087500
0 1.0 0.561458 0.086719 0.143750 0.107813
0 1.0 0.080208 0.904687 0.102083 0.190625
0 1.0 0.030208 0.923438 0.060417 0.153125
0 1.0 0.061458 0.917969 0.122917 0.085938
0 1.0 0.285417 0.902344 0.141667 0.195312
0 1.0 0.232292 0.891406 0.122917 0.217188
0 1.0 0.942708 0.875781 0.114583 0.129688
0 1.0 0.923958 0.869531 0.152083 0.242188
0 1.0 0.558333 0.925000 0.258333 0.143750
0 1.0 0.185417 0.910937 0.104167 0.178125
0 1.0 0.446875 0.896875 0.256250 0.206250
0 1.0 0.394792 0.904687 0.110417 0.190625
0 1.0 0.767708 0.866406 0.322917 0.123438
0 1.0 0.772917 0.872656 0.062500 0.110937
0 1.0 0.964583 0.876563 0.033333 0.071875
0 1.0 0.956250 0.888281 0.058333 0.098437
0 1.0 0.713542 0.865625 0.193750 0.200000
0 1.0 0.664583 0.849219 0.066667 0.145313
0 1.0 0.652083 0.853125 0.266667 0.265625
0 1.0 0.610417 0.857812 0.066667 0.143750
0 1.0 0.876042 0.851562 0.064583 0.115625
0 1.0 0.820833 0.871094 0.108333 0.079687
0 1.0 0.134375 0.910937 0.131250 0.178125
0 1.0 0.826042 0.875000 0.052083 0.093750
0 1.0 0.715625 0.920312 0.306250 0.121875
0 1.0 0.964583 0.930469 0.058333 0.139063
0 1.0 0.935417 0.917969 0.129167 0.104688
0 1.0 0.550000 0.917188 0.116667 0.165625
0 1.0 0.663542 0.919531 0.097917 0.160938
0 1.0 0.607292 0.912500 0.106250 0.175000
0 1.0 0.869792 0.897656 0.118750 0.204687
0 1.0 0.836458 0.920312 0.168750 0.103125
0 1.0 0.768750 0.917969 0.112500 0.164062
0 1.0 0.145833 0.946875 0.212500 0.106250
0 1.0 0.713542 0.907813 0.118750 0.184375
0 1.0 0.357292 0.917969 0.293750 0.117188
0 1.0 0.344792 0.903125 0.143750 0.193750
0 1.0 0.812500 0.902344 0.120833 0.195312
0 1.0 0.501042 0.907813 0.114583 0.184375
0 1.0 0.444792 0.915625 0.102083 0.168750
0 1.0 0.050000 0.874219 0.062500 0.073438
0 1.0 0.610417 0.866406 0.320833 0.129688
0 1.0 0.660417 0.812500 0.329167 0.131250
0 1.0 0.884375 0.819531 0.231250 0.126562
0 1.0 0.135417 0.874219 0.062500 0.135937
0 1.0 0.158333 0.871875 0.204167 0.106250
0 1.0 0.801042 0.822656 0.147917 0.095312
0 1.0 0.841667 0.828906 0.079167 0.085938
0 1.0 0.554167 0.807813 0.200000 0.246875
0 1.0 0.716667 0.846875 0.066667 0.115625
0 1.0 0.423958 0.872656 0.156250 0.117188
0 1.0 0.345833 0.854688 0.062500 0.131250
0 1.0 0.341667 0.866406 0.241667 0.110937
0 1.0 0.857292 0.876563 0.085417 0.081250
0 1.0 0.506250 0.864062 0.075000 0.162500
0 1.0 0.511458 0.871875 0.218750 0.150000
0 1.0 0.448958 0.867188 0.052083 0.103125
0 1.0 0.134375 0.853125 0.256250 0.275000
0 1.0 0.082292 0.861719 0.068750 0.148438
0 1.0 0.086458 0.871094 0.172917 0.189062
0 1.0 0.554167 0.855469 0.066667 0.148438
0 1.0 0.276042 0.873437 0.072917 0.081250
0 1.0 0.941667 0.815625 0.116667 0.100000
0 1.0 0.028125 0.874219 0.052083 0.148438
0 1.0 0.188542 0.861719 0.056250 0.123438
0 1.0 0.641667 0.203906 0.425000 0.342187
0 1.0 0.712500 0.264062 0.125000 0.212500
0 1.0 0.662500 0.233594 0.279167 0.148438
0 1.0 0.423958 0.249219 0.610417 0.198437
0 1.0 0.155208 0.253906 0.272917 0.129688
0 1.0 0.764583 0.271094 0.258333 0.407813
0 1.0 0.834375 0.256250 0.331250 0.206250
0 1.0 0.242708 0.257812 0.047917 0.081250
0 1.0 0.688542 0.964063 0.106250 0.068750
0 1.0 0.343750 0.942969 0.087500 0.114062
0 1.0 0.375000 0.962500 0.075000 0.062500
0 1.0 0.288542 0.942969 0.081250 0.114062
0 1.0 0.554167 0.951562 0.079167 0.096875
0 1.0 0.605208 0.965625 0.085417 0.062500
0 1.0 0.816667 0.943750 0.091667 0.112500
0 1.0 0.451042 0.951562 0.077083 0.096875
0 1.0 0.502083 0.964063 0.066667 0.059375
0 1.0 0.128125 0.962500 0.118750 0.075000
0 1.0 0.059375 0.966406 0.072917 0.057813
0 1.0 0.571875 0.952344 0.181250 0.095312
0 1.0 0.238542 0.937500 0.093750 0.125000
0 1.0 0.269792 0.961719 0.093750 0.070312
0 1.0 0.502083 0.947656 0.091667 0.104688
0 1.0 0.243750 0.946875 0.195833 0.106250
0 1.0 0.177083 0.961719 0.116667 0.076563
0 1.0 0.943750 0.960156 0.112500 0.079687
0 1.0 0.838542 0.246875 0.131250 0.109375
0 1.0 0.464583 0.076563 0.679167 0.153125
0 1.0 0.770833 0.238281 0.283333 0.123438
0 1.0 0.711458 0.946094 0.085417 0.107813
0 1.0 0.740625 0.964844 0.114583 0.070312
0 1.0 0.714583 0.949219 0.216667 0.101562
0 1.0 0.644792 0.965625 0.093750 0.065625
0 1.0 0.871875 0.942969 0.089583 0.114062
0 1.0 0.845833 0.963281 0.058333 0.054688
0 1.0 0.238542 0.644531 0.214583 0.557813
0 1.0 0.443750 0.490625 0.233333 0.465625
0 1.0 0.752083 0.749219 0.258333 0.454688
0 1.0 0.643750 0.628125 0.212500 0.600000
0 1.0 0.072917 0.706250 0.145833 0.587500
0 1.0 0.458333 0.642969 0.341667 0.385937
0 1.0 0.354167 0.638281 0.208333 0.567187
0 1.0 0.848958 0.596094 0.197917 0.667188
0 1.0 0.344792 0.742188 0.427083 0.418750
0 1.0 0.119792 0.350781 0.239583 0.701562
0 1.0 0.690625 0.690625 0.489583 0.525000
0 1.0 0.842708 0.808594 0.239583 0.382812
0 1.0 0.072917 0.257031 0.145833 0.514062
0 1.0 0.246875 0.328125 0.243750 0.434375
0 1.0 0.437500 0.741406 0.875000 0.464062
0 1.0 0.445833 0.121094 0.341667 0.242188
0 1.0 0.913542 0.527344 0.172917 0.535937
0 1.0 0.757292 0.528125 0.222917 0.568750
0 1.0 0.244792 0.549219 0.447917 0.901563
0 1.0 0.517708 0.500000 0.622917 1.000000