0 1.0 0.696875 0.536660 0.350000 0.816701
0 1.0 0.489063 0.544807 0.271875 0.759674
0 1.0 0.296094 0.492872 0.317188 0.704684
0 1.0 0.489844 0.500000 0.473438 1.000000
0 1.0 0.149219 0.480652 0.260937 0.610998
0 1.0 0.500000 0.540733 1.000000 0.657841
0 1.0 0.169531 0.617108 0.085938 0.097760
0 1.0 0.449219 0.591650 0.148438 0.376782
0 1.0 0.500781 0.608961 0.060937 0.085540
0 1.0 0.142969 0.596741 0.157812 0.391039
0 1.0 0.385156 0.585540 0.132812 0.494908
0 1.0 0.139844 0.606925 0.229687 0.105906
0 1.0 0.456250 0.601833 0.206250 0.107943
0 1.0 0.750000 0.604888 0.187500 0.126273
0 1.0 0.761719 0.617108 0.135937 0.317719
0 1.0 0.807813 0.591650 0.187500 0.209776
0 1.0 0.078125 0.585540 0.140625 0.384929
0 1.0 0.545312 0.603870 0.131250 0.344196
0 1.0 0.572656 0.601833 0.092188 0.099796
0 1.0 0.232813 0.550916 0.140625 0.470468
0 1.0 0.229687 0.606925 0.206250 0.101833
0 1.0 0.297656 0.608961 0.142187 0.244399
0 1.0 0.527344 0.604888 0.104688 0.109980
0 1.0 0.299219 0.618126 0.029687 0.054990
0 1.0 0.500781 0.596741 0.167187 0.236253
0 1.0 0.632031 0.602851 0.289062 0.122200
0 1.0 0.601562 0.614053 0.109375 0.478615
0 1.0 0.666406 0.584521 0.189062 0.219959
0 1.0 0.417187 0.609980 0.100000 0.112016
0 1.0 0.181250 0.667006 0.084375 0.112016
0 1.0 0.100000 0.656823 0.134375 0.095723
0 1.0 0.275781 0.658859 0.167187 0.112016
0 1.0 0.329688 0.618126 0.128125 0.413442
0 1.0 0.917969 0.608961 0.123438 0.350305
0 1.0 0.036719 0.661914 0.073438 0.264766
0 1.0 0.048438 0.656823 0.071875 0.091650
0 1.0 0.962500 0.650713 0.037500 0.140530
0 1.0 0.952344 0.599796 0.095312 0.095723
0 1.0 0.289062 0.670061 0.037500 0.081466
0 1.0 0.525000 0.656823 0.131250 0.144603
0 1.0 0.487500 0.677189 0.234375 0.380855
0 1.0 0.436719 0.653768 0.289062 0.138493
0 1.0 0.654687 0.589613 0.128125 0.393075
0 1.0 0.642188 0.603870 0.118750 0.107943
0 1.0 0.891406 0.598778 0.217188 0.126273
0 1.0 0.201563 0.658859 0.181250 0.120163
0 1.0 0.873437 0.613035 0.100000 0.378819
0 1.0 0.786719 0.599796 0.092188 0.079430
0 1.0 0.842187 0.601833 0.043750 0.067210
0 1.0 0.821094 0.626273 0.123438 0.393075
0 1.0 0.499219 0.504073 0.129688 0.454175
0 1.0 0.496094 0.554990 0.235937 0.103870
0 1.0 0.186719 0.549898 0.279687 0.122200
0 1.0 0.628125 0.659878 0.193750 0.154786
0 1.0 0.407031 0.549898 0.264062 0.122200
0 1.0 0.669531 0.556008 0.264062 0.114053
0 1.0 0.294531 0.528513 0.173437 0.270876
0 1.0 0.309375 0.545825 0.078125 0.101833
0 1.0 0.926562 0.505092 0.146875 0.142566
0 1.0 0.905469 0.498982 0.189062 0.305499
0 1.0 0.848437 0.510183 0.034375 0.054990
0 1.0 0.878906 0.524440 0.082812 0.189409
0 1.0 0.106250 0.545825 0.184375 0.109980
0 1.0 0.763281 0.470468 0.139063 0.358452
0 1.0 0.867969 0.513238 0.064062 0.077393
0 1.0 0.392188 0.521385 0.256250 0.423625
0 1.0 0.025781 0.558045 0.051562 0.207739
0 1.0 0.049219 0.546843 0.098437 0.071283
0 1.0 0.967969 0.570265 0.032813 0.105906
0 1.0 0.953906 0.503055 0.092188 0.093686
0 1.0 0.827344 0.554990 0.060937 0.071283
0 1.0 0.857812 0.557026 0.056250 0.079430
0 1.0 0.799219 0.557026 0.304688 0.132383
0 1.0 0.119531 0.608961 0.054688 0.077393
0 1.0 0.313281 0.605906 0.214062 0.107943
0 1.0 0.057813 0.598778 0.115625 0.077393
0 1.0 0.056250 0.603870 0.050000 0.063136
0 1.0 0.953906 0.549898 0.092188 0.101833
0 1.0 0.609375 0.519348 0.237500 0.366599
0 1.0 0.621094 0.525458 0.142187 0.203666
0 1.0 0.761719 0.533605 0.251563 0.354379
0 1.0 0.712500 0.538697 0.115625 0.274949
0 1.0 0.902344 0.548880 0.195312 0.124236
0 1.0 0.198437 0.761711 0.259375 0.130346
0 1.0 0.177344 0.721996 0.170313 0.262729
0 1.0 0.450000 0.769857 0.275000 0.142566
0 1.0 0.439063 0.744399 0.162500 0.331976
0 1.0 0.467187 0.776986 0.128125 0.136456
0 1.0 0.075781 0.740326 0.123438 0.262729
0 1.0 0.126562 0.761711 0.109375 0.105906
0 1.0 0.030469 0.768839 0.060937 0.238289
0 1.0 0.325781 0.763747 0.273438 0.146640
0 1.0 0.341406 0.747454 0.232813 0.354379
0 1.0 0.614062 0.767821 0.228125 0.175153
0 1.0 0.539062 0.761711 0.259375 0.122200
0 1.0 0.239844 0.740326 0.126562 0.274949
0 1.0 0.554688 0.746436 0.125000 0.380855
0 1.0 0.843750 0.738289 0.237500 0.348269
0 1.0 0.796094 0.706721 0.323437 0.150713
0 1.0 0.071875 0.765784 0.071875 0.081466
0 1.0 0.714844 0.696538 0.151562 0.293279
0 1.0 0.298438 0.734216 0.131250 0.274949
0 1.0 0.296875 0.765784 0.081250 0.109980
0 1.0 0.964844 0.734216 0.048438 0.181263
0 1.0 0.960156 0.710794 0.079687 0.093686
0 1.0 0.932031 0.724033 0.135937 0.307536
0 1.0 0.889844 0.712831 0.220312 0.134420
0 1.0 0.134375 0.808554 0.131250 0.317719
0 1.0 0.132812 0.814664 0.265625 0.126273
0 1.0 0.822656 0.758656 0.164062 0.148676
0 1.0 0.764844 0.761711 0.151562 0.386965
0 1.0 0.764844 0.756619 0.151562 0.156823
0 1.0 0.061719 0.817719 0.070312 0.079430
0 1.0 0.052344 0.823829 0.104688 0.173116
0 1.0 0.264062 0.818737 0.300000 0.138493
0 1.0 0.301563 0.826884 0.084375 0.105906
0 1.0 0.959375 0.780041 0.081250 0.219959
0 1.0 0.186719 0.820774 0.179688 0.199593
0 1.0 0.860938 0.771894 0.115625 0.399185
0 1.0 0.957031 0.761711 0.085938 0.097760
0 1.0 0.651563 0.743381 0.159375 0.386965
0 1.0 0.687500 0.767821 0.146875 0.154786
0 1.0 0.821094 0.763747 0.114062 0.093686
0 1.0 0.872656 0.773931 0.045312 0.085540
0 1.0 0.804688 0.656823 0.243750 0.173116
0 1.0 0.058594 0.709776 0.079687 0.095723
0 1.0 0.964063 0.656823 0.071875 0.087576
0 1.0 0.953906 0.663951 0.092188 0.167006
0 1.0 0.892188 0.657841 0.215625 0.126273
0 1.0 0.196094 0.708758 0.254688 0.150713
0 1.0 0.859375 0.659878 0.053125 0.081466
0 1.0 0.479687 0.659878 0.071875 0.114053
0 1.0 0.371094 0.667006 0.092188 0.132383
0 1.0 0.820312 0.653768 0.071875 0.073320
0 1.0 0.542188 0.652749 0.268750 0.124236
0 1.0 0.771875 0.504073 0.250000 0.120163
0 1.0 0.492969 0.707739 0.279687 0.128310
0 1.0 0.381250 0.709776 0.300000 0.152749
0 1.0 0.407031 0.711813 0.101562 0.144603
0 1.0 0.682031 0.706721 0.295312 0.146640
0 1.0 0.830469 0.711813 0.082812 0.083503
0 1.0 0.880469 0.716904 0.039062 0.077393
0 1.0 0.561719 0.716904 0.120313 0.138493
0 1.0 0.489844 0.712831 0.079687 0.114053
0 1.0 0.294531 0.709776 0.195312 0.128310
0 1.0 0.115625 0.708758 0.228125 0.126273
0 1.0 0.132031 0.711813 0.092188 0.112016
0 1.0 0.103125 0.679226 0.206250 0.291242
0 1.0 0.283594 0.708758 0.060937 0.109980
0 1.0 0.602344 0.334012 0.167187 0.228106
0 1.0 0.528906 0.338086 0.154688 0.305499
0 1.0 0.307031 0.303462 0.192188 0.346232
0 1.0 0.314063 0.305499 0.093750 0.215886
0 1.0 0.245312 0.338086 0.115625 0.309572
0 1.0 0.270313 0.340122 0.293750 0.142566
0 1.0 0.189062 0.347251 0.084375 0.230143
0 1.0 0.499219 0.335031 0.245312 0.156823
0 1.0 0.456250 0.322811 0.143750 0.266802
0 1.0 0.460938 0.310591 0.046875 0.099796
0 1.0 0.758594 0.326884 0.170313 0.258656
0 1.0 0.731250 0.337067 0.293750 0.152749
0 1.0 0.385937 0.350305 0.100000 0.232179
0 1.0 0.393750 0.339104 0.212500 0.205703
0 1.0 0.959375 0.315682 0.034375 0.069246
0 1.0 0.928906 0.288187 0.142187 0.136456
0 1.0 0.965625 0.295316 0.068750 0.118126
0 1.0 0.918750 0.319756 0.103125 0.301426
0 1.0 0.178125 0.348269 0.259375 0.195519
0 1.0 0.132812 0.369654 0.115625 0.238289
0 1.0 0.860938 0.286151 0.237500 0.299389
0 1.0 0.878125 0.294297 0.137500 0.160896
0 1.0 0.807813 0.313646 0.106250 0.244399
0 1.0 0.808594 0.287169 0.192188 0.126273
0 1.0 0.072656 0.381874 0.101562 0.230143
0 1.0 0.128125 0.345214 0.153125 0.112016
0 1.0 0.024219 0.377800 0.032813 0.087576
0 1.0 0.359375 0.310591 0.096875 0.213849
0 1.0 0.963281 0.345214 0.029687 0.091650
0 1.0 0.958594 0.364562 0.082812 0.122200
0 1.0 0.895312 0.345214 0.209375 0.116090
0 1.0 0.133594 0.397149 0.245312 0.191446
0 1.0 0.814844 0.361507 0.070312 0.177189
0 1.0 0.862500 0.375764 0.096875 0.234216
0 1.0 0.428125 0.390020 0.153125 0.120163
0 1.0 0.027344 0.443992 0.054688 0.146640
0 1.0 0.077344 0.395112 0.154688 0.114053
0 1.0 0.310937 0.394094 0.137500 0.107943
0 1.0 0.291406 0.390020 0.220312 0.169043
0 1.0 0.955469 0.412424 0.042188 0.071283
0 1.0 0.601562 0.348269 0.078125 0.179226
0 1.0 0.839063 0.345214 0.159375 0.095723
0 1.0 0.866406 0.381874 0.060937 0.136456
0 1.0 0.671094 0.330957 0.229687 0.323829
0 1.0 0.963281 0.416497 0.020313 0.050916
0 1.0 0.661719 0.341141 0.117188 0.279022
0 1.0 0.939844 0.234216 0.120313 0.142566
0 1.0 0.242188 0.285132 0.181250 0.122200
0 1.0 0.814844 0.301426 0.051562 0.114053
0 1.0 0.211719 0.285132 0.039062 0.097760
0 1.0 0.876563 0.248473 0.093750 0.191446
0 1.0 0.187500 0.275967 0.140625 0.250509
0 1.0 0.168750 0.282077 0.156250 0.095723
0 1.0 0.143750 0.283096 0.081250 0.138493
0 1.0 0.153906 0.282077 0.235937 0.148676
0 1.0 0.076563 0.301426 0.034375 0.061100
0 1.0 0.105469 0.304481 0.210938 0.274949
0 1.0 0.322656 0.280041 0.264062 0.152749
0 1.0 0.053906 0.306517 0.076563 0.107943
0 1.0 0.911719 0.219959 0.160938 0.215886
0 1.0 0.071875 0.077393 0.143750 0.154786
0 1.0 0.414844 0.726069 0.829688 0.507128
0 1.0 0.803125 0.232179 0.284375 0.150713
0 1.0 0.549219 0.245418 0.901563 0.454175
0 1.0 0.167969 0.029532 0.101562 0.059063
0 1.0 0.135937 0.083503 0.053125 0.085540
0 1.0 0.137500 0.089613 0.225000 0.179226
0 1.0 0.032813 0.322811 0.050000 0.132383
0 1.0 0.041406 0.036660 0.082812 0.073320
0 1.0 0.121875 0.029532 0.075000 0.054990
0 1.0 0.089844 0.089613 0.048438 0.077393
0 1.0 0.103906 0.037678 0.123438 0.075356
0 1.0 0.029687 0.087576 0.028125 0.073320
0 1.0 0.062500 0.028513 0.053125 0.048880
0 1.0 0.854688 0.290224 0.068750 0.067210
0 1.0 0.875781 0.306517 0.039062 0.075356
0 1.0 0.852344 0.295316 0.114062 0.093686
0 1.0 0.551562 0.284114 0.237500 0.152749
0 1.0 0.065625 0.340122 0.128125 0.089613
0 1.0 0.031250 0.376782 0.062500 0.146640
0 1.0 0.685156 0.286151 0.232813 0.144603
0 1.0 0.668750 0.324847 0.071875 0.144603
0 1.0 0.453125 0.325866 0.071875 0.175153
0 1.0 0.534375 0.292261 0.053125 0.087576
0 1.0 0.489844 0.313646 0.079687 0.158859
0 1.0 0.385156 0.285132 0.092188 0.105906
0 1.0 0.609375 0.323829 0.053125 0.109980
0 1.0 0.917969 0.489817 0.082812 0.217923
0 1.0 0.909375 0.451120 0.181250 0.112016
0 1.0 0.842187 0.452138 0.018750 0.036660
0 1.0 0.842187 0.455193 0.093750 0.075356
0 1.0 0.862500 0.429735 0.221875 0.301426
0 1.0 0.125781 0.483707 0.223438 0.181263
0 1.0 0.128125 0.491853 0.146875 0.099796
0 1.0 0.887500 0.479633 0.043750 0.103870
0 1.0 0.416406 0.498982 0.245312 0.138493
0 1.0 0.233594 0.488798 0.248438 0.167006
0 1.0 0.046094 0.495927 0.054688 0.071283
0 1.0 0.046875 0.493890 0.093750 0.152749
0 1.0 0.966406 0.530550 0.026562 0.071283
0 1.0 0.620313 0.441955 0.153125 0.105906
0 1.0 0.603125 0.446029 0.096875 0.293279
0 1.0 0.604688 0.434827 0.240625 0.160896
0 1.0 0.813281 0.452138 0.104688 0.268839
0 1.0 0.804688 0.446029 0.218750 0.167006
0 1.0 0.505469 0.432790 0.232813 0.116090
0 1.0 0.781250 0.446029 0.112500 0.085540
0 1.0 0.971875 0.452138 0.056250 0.069246
0 1.0 0.957812 0.515275 0.040625 0.077393
0 1.0 0.665625 0.435845 0.084375 0.272912
0 1.0 0.717187 0.437882 0.071875 0.215886
0 1.0 0.549219 0.455193 0.117188 0.429735
0 1.0 0.551562 0.503055 0.278125 0.118126
0 1.0 0.491406 0.477597 0.185938 0.238289
0 1.0 0.662500 0.477597 0.171875 0.258656
0 1.0 0.545312 0.430754 0.246875 0.409369
0 1.0 0.672656 0.500000 0.254688 0.116090
0 1.0 0.319531 0.500000 0.304688 0.128310
0 1.0 0.344531 0.475560 0.170313 0.254582
0 1.0 0.506250 0.442974 0.025000 0.054990
0 1.0 0.533594 0.382892 0.160938 0.126273
0 1.0 0.805469 0.392057 0.229687 0.124236
0 1.0 0.715625 0.380855 0.121875 0.399185
0 1.0 0.063281 0.452138 0.079687 0.126273
0 1.0 0.957812 0.478615 0.043750 0.077393
0 1.0 0.929688 0.404277 0.140625 0.140530
0 1.0 0.663281 0.391039 0.289062 0.138493
0 1.0 0.187500 0.393075 0.143750 0.321792
0 1.0 0.457031 0.383910 0.248438 0.221996
0 1.0 0.346094 0.378819 0.135937 0.358452
0 1.0 0.567969 0.435845 0.117188 0.093686
0 1.0 0.217188 0.458248 0.237500 0.346232
0 1.0 0.202344 0.441955 0.092188 0.097760
0 1.0 0.127344 0.465377 0.151562 0.327902
0 1.0 0.466406 0.428717 0.123438 0.197556
0 1.0 0.233594 0.426680 0.160938 0.230143
0 1.0 0.722656 0.439919 0.232813 0.154786
0 1.0 0.676562 0.440937 0.140625 0.095723
0 1.0 0.328906 0.451120 0.029687 0.050916
0 1.0 0.326562 0.452138 0.171875 0.105906
0 1.0 0.415625 0.439919 0.284375 0.134420
0 1.0 0.880469 0.438900 0.051562 0.128310
0 1.0 0.835938 0.400204 0.121875 0.091650
0 1.0 0.140625 0.436864 0.062500 0.075356
0 1.0 0.082031 0.443992 0.023438 0.048880
0 1.0 0.042969 0.445010 0.082812 0.087576
0 1.0 0.075000 0.439919 0.150000 0.260692
0 1.0 0.297656 0.429735 0.092188 0.158859
0 1.0 0.762500 0.164969 0.121875 0.293279
0 1.0 0.750000 0.131365 0.293750 0.128310
0 1.0 0.811719 0.155804 0.114062 0.299389
0 1.0 0.259375 0.641548 0.518750 0.252546
0 1.0 0.876563 0.130346 0.190625 0.228106
0 1.0 0.743750 0.654786 0.509375 0.234216
0 1.0 0.667969 0.157841 0.070312 0.164969
0 1.0 0.810937 0.142566 0.246875 0.285132
0 1.0 0.096094 0.188391 0.110937 0.164969
0 1.0 0.024219 0.205703 0.048438 0.171079
0 1.0 0.087500 0.182281 0.053125 0.054990
0 1.0 0.066406 0.182281 0.048438 0.067210
0 1.0 0.069531 0.178208 0.139063 0.274949
0 1.0 0.969531 0.184318 0.048438 0.156823
0 1.0 0.953125 0.130346 0.093750 0.097760
0 1.0 0.532813 0.548880 0.600000 0.217923
0 1.0 0.056250 0.191446 0.059375 0.109980
0 1.0 0.849219 0.565173 0.179688 0.718941
0 1.0 0.781250 0.550916 0.437500 0.209776
0 1.0 0.857812 0.128310 0.115625 0.093686
0 1.0 0.242969 0.151731 0.164062 0.169043
0 1.0 0.200000 0.217923 0.040625 0.114053
0 1.0 0.208594 0.136456 0.176563 0.089613
0 1.0 0.198437 0.188391 0.065625 0.132383
0 1.0 0.460938 0.152749 0.165625 0.195519
0 1.0 0.392969 0.183299 0.073438 0.195519
0 1.0 0.418750 0.133401 0.315625 0.124236
0 1.0 0.457031 0.143585 0.060937 0.079430
0 1.0 0.400781 0.142566 0.239063 0.268839
0 1.0 0.344531 0.189409 0.073438 0.162933
0 1.0 0.353906 0.137475 0.114062 0.083503
0 1.0 0.350000 0.153768 0.156250 0.164969
0 1.0 0.132812 0.150713 0.153125 0.183299
0 1.0 0.118750 0.135438 0.146875 0.091650
0 1.0 0.284375 0.181263 0.096875 0.146640
0 1.0 0.247656 0.149695 0.242188 0.266802
0 1.0 0.227344 0.202648 0.054688 0.144603
0 1.0 0.664844 0.754582 0.501563 0.266802
0 1.0 0.271094 0.155804 0.032813 0.050916
0 1.0 0.605469 0.174134 0.095312 0.254582
0 1.0 0.626563 0.128310 0.228125 0.114053
0 1.0 0.614062 0.149695 0.246875 0.274949
0 1.0 0.555469 0.158859 0.107813 0.268839
0 1.0 0.285938 0.205703 0.059375 0.130346
0 1.0 0.559375 0.131365 0.228125 0.169043
0 1.0 0.349219 0.763747 0.510938 0.252546
0 1.0 0.506250 0.177189 0.090625 0.228106
0 1.0 0.506250 0.142566 0.234375 0.281059
0 1.0 0.435156 0.199593 0.054688 0.134420
0 1.0 0.493750 0.131365 0.131250 0.087576
0 1.0 0.528125 0.340122 0.518750 0.236253
0 1.0 0.511719 0.184318 0.220312 0.116090
0 1.0 0.349219 0.449084 0.620313 0.209776
0 1.0 0.435156 0.254582 0.051562 0.130346
0 1.0 0.515625 0.194501 0.078125 0.079430
0 1.0 0.428906 0.226069 0.104688 0.183299
0 1.0 0.400000 0.185336 0.300000 0.134420
0 1.0 0.732812 0.342159 0.518750 0.240326
0 1.0 0.482031 0.218941 0.060937 0.107943
0 1.0 0.274219 0.343177 0.548438 0.230143
0 1.0 0.680469 0.193483 0.273438 0.171079
0 1.0 0.719531 0.217923 0.148438 0.264766
0 1.0 0.650781 0.237271 0.085938 0.201629
0 1.0 0.167969 0.550916 0.335938 0.226069
0 1.0 0.783594 0.451120 0.432812 0.221996
0 1.0 0.189844 0.208758 0.110937 0.193483
0 1.0 0.173437 0.189409 0.243750 0.171079
0 1.0 0.210938 0.215886 0.021875 0.057026
0 1.0 0.143750 0.181263 0.081250 0.069246
0 1.0 0.135156 0.192464 0.214062 0.295316
0 1.0 0.332031 0.226069 0.154688 0.232179
0 1.0 0.301563 0.192464 0.250000 0.144603
0 1.0 0.132031 0.198574 0.085938 0.185336
0 1.0 0.311719 0.227088 0.073438 0.116090
0 1.0 0.235156 0.227088 0.079687 0.230143
0 1.0 0.872656 0.062118 0.157812 0.124236
0 1.0 0.817187 0.071283 0.081250 0.142566
0 1.0 0.821094 0.032587 0.173437 0.065173
0 1.0 0.775000 0.054990 0.068750 0.109980
0 1.0 0.878125 0.056008 0.065625 0.099796
0 1.0 0.767188 0.057026 0.146875 0.114053
0 1.0 0.717969 0.062118 0.089063 0.124236
0 1.0 0.732031 0.032587 0.151562 0.065173
0 1.0 0.346875 0.881874 0.693750 0.236253
0 1.0 0.660156 0.062118 0.067187 0.124236
0 1.0 0.672656 0.035642 0.173437 0.071283
0 1.0 0.050781 0.092668 0.067187 0.083503
0 1.0 0.967187 0.066191 0.031250 0.071283
0 1.0 0.310156 0.483707 0.620313 0.429735
0 1.0 0.953125 0.032587 0.093750 0.065173
0 1.0 0.931250 0.078411 0.137500 0.156823
0 1.0 0.193750 0.081466 0.068750 0.114053
0 1.0 0.173437 0.043788 0.212500 0.087576
0 1.0 0.345313 0.066191 0.075000 0.124236
0 1.0 0.307812 0.041752 0.150000 0.083503
0 1.0 0.348438 0.079430 0.225000 0.158859
0 1.0 0.296094 0.103870 0.039062 0.089613
0 1.0 0.299219 0.070265 0.067187 0.095723
0 1.0 0.468750 0.059063 0.096875 0.118126
0 1.0 0.396094 0.081466 0.073438 0.162933
0 1.0 0.054688 0.060081 0.075000 0.099796
0 1.0 0.191406 0.105906 0.045312 0.114053
0 1.0 0.234375 0.088595 0.062500 0.140530
0 1.0 0.257812 0.032587 0.171875 0.065173
0 1.0 0.753125 0.878819 0.493750 0.242363
0 1.0 0.671094 0.081466 0.242188 0.162933
0 1.0 0.604688 0.076375 0.078125 0.152749
0 1.0 0.607031 0.043788 0.185938 0.087576
0 1.0 0.413281 0.033605 0.198437 0.067210
0 1.0 0.550781 0.069246 0.070312 0.138493
0 1.0 0.571094 0.030550 0.110937 0.061100
0 1.0 0.332031 0.028513 0.039062 0.048880
0 1.0 0.505469 0.084521 0.070312 0.164969
0 1.0 0.328906 0.179226 0.657813 0.358452
0 1.0 0.509375 0.044807 0.203125 0.089613
0 1.0 0.446094 0.081466 0.042188 0.089613
0 1.0 0.509375 0.029532 0.050000 0.050916
0 1.0 0.453125 0.087576 0.221875 0.175153
0 1.0 0.756250 0.074338 0.275000 0.128310
0 1.0 0.714844 0.125255 0.123438 0.250509
0 1.0 0.442969 0.146640 0.057813 0.146640
0 1.0 0.216406 0.923625 0.432812 0.152749
0 1.0 0.620313 0.076375 0.190625 0.107943
0 1.0 0.050781 0.141548 0.098437 0.136456
0 1.0 0.970313 0.137475 0.043750 0.120163
0 1.0 0.953125 0.078411 0.093750 0.095723
0 1.0 0.878125 0.110998 0.103125 0.185336
0 1.0 0.073438 0.141548 0.056250 0.071283
0 1.0 0.554688 0.842159 0.546875 0.209776
0 1.0 0.131250 0.155804 0.053125 0.132383
0 1.0 0.292969 0.169043 0.048438 0.105906
0 1.0 0.229687 0.086558 0.212500 0.095723
0 1.0 0.294531 0.139511 0.079687 0.120163
0 1.0 0.275781 0.097760 0.039062 0.052953
0 1.0 0.645312 0.124236 0.709375 0.248473
0 1.0 0.085938 0.146640 0.050000 0.122200
0 1.0 0.116406 0.081466 0.148438 0.097760
0 1.0 0.192188 0.106925 0.109375 0.140530
0 1.0 0.026562 0.133401 0.037500 0.103870
0 1.0 0.193750 0.139511 0.065625 0.124236
0 1.0 0.385156 0.082485 0.089063 0.083503
0 1.0 0.561719 0.084521 0.145313 0.132383
0 1.0 0.232813 0.144603 0.053125 0.105906
0 1.0 0.195312 0.169043 0.040625 0.109980
0 1.0 0.497656 0.089613 0.070312 0.089613
0 1.0 0.549219 0.924644 0.579688 0.150713
0 1.0 0.863281 0.882892 0.123438 0.140530
0 1.0 0.142969 0.890020 0.242188 0.219959
0 1.0 0.078906 0.903259 0.101562 0.193483
0 1.0 0.119531 0.918534 0.239063 0.109980
0 1.0 0.771875 0.842159 0.084375 0.209776
0 1.0 0.753125 0.877800 0.284375 0.158859
0 1.0 0.714844 0.826884 0.092188 0.179226
0 1.0 0.822656 0.869654 0.157812 0.236253
0 1.0 0.035937 0.924644 0.071875 0.150713
0 1.0 0.967187 0.870672 0.031250 0.071283
0 1.0 0.297656 0.901222 0.173437 0.152749
0 1.0 0.238281 0.892057 0.126562 0.215886
0 1.0 0.914844 0.839104 0.129688 0.293279
0 1.0 0.827344 0.860489 0.070312 0.193483
0 1.0 0.505469 0.832994 0.117188 0.232179
0 1.0 0.492969 0.868635 0.298438 0.164969
0 1.0 0.441406 0.846232 0.126562 0.177189
0 1.0 0.705469 0.842159 0.251563 0.270876
0 1.0 0.662500 0.832994 0.078125 0.154786
0 1.0 0.444531 0.823829 0.057813 0.099796
0 1.0 0.917969 0.873727 0.164062 0.134420
0 1.0 0.960156 0.887984 0.057813 0.097760
0 1.0 0.591406 0.826884 0.076563 0.179226
0 1.0 0.614062 0.871690 0.300000 0.162933
0 1.0 0.556250 0.839104 0.100000 0.215886
0 1.0 0.453906 0.903259 0.195312 0.152749
0 1.0 0.390625 0.892057 0.131250 0.215886
0 1.0 0.659375 0.887984 0.131250 0.224033
0 1.0 0.679688 0.911405 0.300000 0.128310
0 1.0 0.939844 0.917515 0.120313 0.152749
0 1.0 0.597656 0.899185 0.126562 0.189409
0 1.0 0.542188 0.917515 0.278125 0.116090
0 1.0 0.821094 0.915479 0.273438 0.140530
0 1.0 0.193750 0.913442 0.153125 0.152749
0 1.0 0.537500 0.805499 0.221875 0.323829
0 1.0 0.396094 0.837067 0.251563 0.264766
0 1.0 0.935937 0.815682 0.128125 0.112016
0 1.0 0.817969 0.814664 0.323437 0.134420
0 1.0 0.623437 0.815682 0.321875 0.148676
0 1.0 0.867969 0.830957 0.067187 0.105906
0 1.0 0.110937 0.815682 0.128125 0.112016
0 1.0 0.242969 0.814664 0.260937 0.289206
0 1.0 0.182031 0.840122 0.067187 0.140530
0 1.0 0.205469 0.870672 0.289062 0.136456
0 1.0 0.082812 0.829939 0.059375 0.124236
0 1.0 0.100000 0.869654 0.196875 0.105906
0 1.0 0.345313 0.836049 0.090625 0.156823
0 1.0 0.344531 0.871690 0.282813 0.150713
0 1.0 0.296094 0.845214 0.129688 0.183299
0 1.0 0.142187 0.847251 0.093750 0.175153
0 1.0 0.026562 0.879837 0.037500 0.105906
0 1.0 0.057031 0.870672 0.114062 0.079430
0 1.0 0.823438 0.820774 0.143750 0.105906
0 1.0 0.449219 0.152749 0.567187 0.211813
0 1.0 0.253125 0.245418 0.071875 0.120163
0 1.0 0.077344 0.263747 0.095312 0.258656
0 1.0 0.349219 0.075356 0.579688 0.150713
0 1.0 0.610938 0.238289 0.315625 0.142566
0 1.0 0.614062 0.258656 0.256250 0.285132
0 1.0 0.614844 0.284114 0.070312 0.136456
0 1.0 0.481250 0.239308 0.306250 0.144603
0 1.0 0.492188 0.248473 0.109375 0.130346
0 1.0 0.175000 0.303462 0.350000 0.419552
0 1.0 0.871094 0.185336 0.151562 0.109980
0 1.0 0.433594 0.255601 0.501563 0.238289
0 1.0 0.553125 0.192464 0.418750 0.356415
0 1.0 0.111719 0.236253 0.176563 0.134420
0 1.0 0.057031 0.236253 0.114062 0.081466
0 1.0 0.251563 0.158859 0.503125 0.203666
0 1.0 0.210938 0.235234 0.300000 0.148676
0 1.0 0.943750 0.182281 0.112500 0.112016
0 1.0 0.239844 0.962322 0.092188 0.059063
0 1.0 0.203906 0.953157 0.201563 0.093686
0 1.0 0.135937 0.939919 0.087500 0.120163
0 1.0 0.193750 0.962322 0.068750 0.054990
0 1.0 0.426563 0.954175 0.153125 0.075356
0 1.0 0.346094 0.927699 0.107813 0.144603
0 1.0 0.350781 0.960285 0.098437 0.054990
0 1.0 0.092188 0.950102 0.128125 0.099796
0 1.0 0.671094 0.947047 0.139063 0.105906
0 1.0 0.335938 0.953157 0.159375 0.081466
0 1.0 0.288281 0.931772 0.098437 0.136456
0 1.0 0.285156 0.958248 0.101562 0.059063
0 1.0 0.184375 0.937882 0.087500 0.124236
0 1.0 0.559375 0.948065 0.131250 0.103870
0 1.0 0.503125 0.935845 0.100000 0.128310
0 1.0 0.542969 0.959267 0.107813 0.057026
0 1.0 0.143750 0.964358 0.090625 0.059063
0 1.0 0.066406 0.966395 0.057813 0.050916
0 1.0 0.772656 0.892057 0.129688 0.203666
0 1.0 0.710938 0.884929 0.131250 0.230143
0 1.0 0.048438 0.966395 0.075000 0.067210
0 1.0 0.968750 0.936864 0.062500 0.126273
0 1.0 0.872656 0.958248 0.092188 0.067210
0 1.0 0.878125 0.949084 0.137500 0.101833
0 1.0 0.819531 0.921589 0.092188 0.156823
0 1.0 0.932031 0.962322 0.135937 0.075356
0 1.0 0.803125 0.954175 0.131250 0.083503
0 1.0 0.713281 0.933809 0.098437 0.132383
0 1.0 0.768750 0.959267 0.078125 0.052953
0 1.0 0.876563 0.964358 0.043750 0.042770
0 1.0 0.821875 0.959267 0.078125 0.052953
0 1.0 0.450781 0.936864 0.089063 0.126273
0 1.0 0.748437 0.952138 0.140625 0.083503
0 1.0 0.700781 0.960285 0.095312 0.059063
0 1.0 0.496875 0.961303 0.115625 0.057026
0 1.0 0.645312 0.960285 0.078125 0.054990
0 1.0 0.616406 0.951120 0.129688 0.097760
0 1.0 0.743750 0.217923 0.200000 0.435845
0 1.0 0.820312 0.544807 0.350000 0.539715
0 1.0 0.170313 0.711813 0.340625 0.466395
0 1.0 0.075781 0.840122 0.151562 0.319756
0 1.0 0.449219 0.217923 0.204687 0.431772
0 1.0 0.667969 0.477597 0.620313 0.429735
0 1.0 0.732031 0.265784 0.379688 0.299389
0 1.0 0.077344 0.360489 0.154688 0.578411
0 1.0 0.809375 0.352342 0.337500 0.476578
0 1.0 0.923438 0.275967 0.153125 0.547862
0 1.0 0.772656 0.721996 0.454688 0.556008