0 1.0 0.367188 0.437622 0.375000 0.442495
0 1.0 0.449219 0.200780 0.135937 0.245614
0 1.0 0.561719 0.288499 0.142187 0.269006
0 1.0 0.493750 0.576023 0.118750 0.255361
0 1.0 0.476562 0.597466 0.200000 0.118908
0 1.0 0.468750 0.562378 0.256250 0.274854
0 1.0 0.173437 0.601365 0.150000 0.294347
0 1.0 0.183594 0.601365 0.142187 0.134503
0 1.0 0.390625 0.604288 0.284375 0.132554
0 1.0 0.127344 0.642300 0.098437 0.216374
0 1.0 0.397656 0.560429 0.148438 0.321637
0 1.0 0.660937 0.593567 0.112500 0.212476
0 1.0 0.642969 0.576023 0.270313 0.286550
0 1.0 0.607031 0.576023 0.126562 0.263158
0 1.0 0.573438 0.598441 0.278125 0.109162
0 1.0 0.319531 0.573099 0.329688 0.265107
0 1.0 0.285156 0.591618 0.126562 0.251462
0 1.0 0.288281 0.599415 0.242188 0.103314
0 1.0 0.327344 0.601365 0.039062 0.052632
0 1.0 0.236719 0.583821 0.139063 0.231969
0 1.0 0.271875 0.596491 0.081250 0.089669
0 1.0 0.900000 0.544834 0.200000 0.286550
0 1.0 0.855469 0.553606 0.051562 0.062378
0 1.0 0.882031 0.559454 0.070312 0.167641
0 1.0 0.870313 0.556530 0.093750 0.087719
0 1.0 0.075000 0.669591 0.068750 0.157895
0 1.0 0.121875 0.603314 0.168750 0.099415
0 1.0 0.341406 0.588694 0.104688 0.237817
0 1.0 0.029687 0.663743 0.056250 0.150097
0 1.0 0.055469 0.607212 0.110937 0.068226
0 1.0 0.068750 0.615010 0.040625 0.056530
0 1.0 0.071094 0.611111 0.142187 0.274854
0 1.0 0.962500 0.611111 0.031250 0.076023
0 1.0 0.955469 0.554581 0.089063 0.091618
0 1.0 0.233594 0.649123 0.182812 0.210526
0 1.0 0.157812 0.658869 0.209375 0.120858
0 1.0 0.870313 0.604288 0.109375 0.311891
0 1.0 0.846094 0.604288 0.045312 0.054581
0 1.0 0.817187 0.607212 0.106250 0.329435
0 1.0 0.827344 0.599415 0.310937 0.118908
0 1.0 0.123438 0.673489 0.087500 0.099415
0 1.0 0.898438 0.609162 0.028125 0.044834
0 1.0 0.369531 0.653021 0.204687 0.109162
0 1.0 0.060937 0.674464 0.043750 0.066277
0 1.0 0.964844 0.648148 0.035937 0.103314
0 1.0 0.952344 0.604288 0.095312 0.089669
0 1.0 0.241406 0.656920 0.076563 0.089669
0 1.0 0.546875 0.582846 0.121875 0.245614
0 1.0 0.850781 0.602339 0.123438 0.109162
0 1.0 0.815625 0.597466 0.265625 0.290448
0 1.0 0.772656 0.604288 0.107813 0.241715
0 1.0 0.792969 0.600390 0.132812 0.109162
0 1.0 0.454688 0.604288 0.106250 0.093567
0 1.0 0.055469 0.665692 0.110937 0.083821
0 1.0 0.710938 0.601365 0.125000 0.294347
0 1.0 0.703125 0.598441 0.293750 0.113060
0 1.0 0.921094 0.614035 0.120313 0.327485
0 1.0 0.849219 0.502924 0.057813 0.062378
0 1.0 0.717187 0.562378 0.090625 0.177388
0 1.0 0.845313 0.506823 0.156250 0.113060
0 1.0 0.115625 0.548733 0.212500 0.111111
0 1.0 0.079687 0.597466 0.093750 0.177388
0 1.0 0.026562 0.607212 0.053125 0.181287
0 1.0 0.043750 0.555556 0.075000 0.081871
0 1.0 0.254688 0.552632 0.306250 0.138402
0 1.0 0.599219 0.499025 0.235937 0.148148
0 1.0 0.822656 0.511696 0.089063 0.216374
0 1.0 0.765625 0.504873 0.106250 0.241715
0 1.0 0.812500 0.491228 0.256250 0.261209
0 1.0 0.492969 0.465887 0.157812 0.315789
0 1.0 0.767969 0.497076 0.310937 0.132554
0 1.0 0.959375 0.583821 0.031250 0.083821
0 1.0 0.950000 0.498051 0.100000 0.095517
0 1.0 0.602344 0.478558 0.154688 0.267057
0 1.0 0.592187 0.546784 0.315625 0.146199
0 1.0 0.142187 0.610136 0.068750 0.089669
0 1.0 0.709375 0.545809 0.293750 0.163743
0 1.0 0.887500 0.552632 0.225000 0.126706
0 1.0 0.123438 0.652047 0.221875 0.290448
0 1.0 0.343750 0.518519 0.181250 0.307992
0 1.0 0.357812 0.764133 0.150000 0.194932
0 1.0 0.285156 0.765107 0.120313 0.317739
0 1.0 0.223438 0.769006 0.212500 0.091618
0 1.0 0.289062 0.778752 0.025000 0.044834
0 1.0 0.962500 0.743665 0.056250 0.204678
0 1.0 0.950781 0.704678 0.098437 0.099415
0 1.0 0.877344 0.705653 0.245312 0.128655
0 1.0 0.181250 0.774854 0.134375 0.329435
0 1.0 0.161719 0.766082 0.295312 0.128655
0 1.0 0.928125 0.726121 0.143750 0.290448
0 1.0 0.230469 0.770955 0.182812 0.228070
0 1.0 0.482812 0.764133 0.246875 0.300195
0 1.0 0.443750 0.764133 0.315625 0.132554
0 1.0 0.497656 0.771930 0.051562 0.081871
0 1.0 0.360156 0.755361 0.276562 0.341131
0 1.0 0.138281 0.764133 0.129688 0.128655
0 1.0 0.128906 0.759259 0.185938 0.243665
0 1.0 0.069531 0.777778 0.114062 0.280702
0 1.0 0.109375 0.758285 0.090625 0.097466
0 1.0 0.339062 0.773879 0.121875 0.109162
0 1.0 0.718750 0.709552 0.190625 0.230019
0 1.0 0.656250 0.712476 0.128125 0.372320
0 1.0 0.650781 0.711501 0.310937 0.128655
0 1.0 0.807813 0.713450 0.068750 0.074074
0 1.0 0.875000 0.725146 0.115625 0.269006
0 1.0 0.857812 0.718324 0.043750 0.072125
0 1.0 0.555469 0.715400 0.126562 0.335283
0 1.0 0.564063 0.716374 0.128125 0.107212
0 1.0 0.860938 0.728070 0.237500 0.317739
0 1.0 0.819531 0.722222 0.098437 0.255361
0 1.0 0.060156 0.755361 0.120313 0.083821
0 1.0 0.064062 0.760234 0.043750 0.062378
0 1.0 0.058594 0.827485 0.039062 0.056530
0 1.0 0.960938 0.815789 0.056250 0.185185
0 1.0 0.938281 0.762183 0.123438 0.105263
0 1.0 0.647656 0.765107 0.323437 0.138402
0 1.0 0.654687 0.771930 0.259375 0.300195
0 1.0 0.795312 0.769006 0.140625 0.099415
0 1.0 0.844531 0.775828 0.051562 0.081871
0 1.0 0.185938 0.822612 0.225000 0.155945
0 1.0 0.818750 0.765107 0.334375 0.138402
0 1.0 0.764844 0.765107 0.123438 0.333333
0 1.0 0.039844 0.826511 0.076563 0.241715
0 1.0 0.059375 0.818713 0.118750 0.085770
0 1.0 0.439844 0.770955 0.085938 0.099415
0 1.0 0.603125 0.768031 0.112500 0.315789
0 1.0 0.235937 0.770955 0.075000 0.083821
0 1.0 0.491406 0.762183 0.117188 0.346979
0 1.0 0.761719 0.771930 0.260937 0.296296
0 1.0 0.827344 0.660819 0.060937 0.062378
0 1.0 0.603906 0.648148 0.179688 0.216374
0 1.0 0.514844 0.650097 0.310937 0.103314
0 1.0 0.543750 0.653996 0.134375 0.091618
0 1.0 0.765625 0.656920 0.328125 0.124756
0 1.0 0.116406 0.713450 0.079687 0.089669
0 1.0 0.033594 0.733918 0.067187 0.204678
0 1.0 0.053125 0.710526 0.106250 0.079922
0 1.0 0.063281 0.716374 0.042188 0.064327
0 1.0 0.700000 0.645224 0.275000 0.319688
0 1.0 0.622656 0.654971 0.304688 0.124756
0 1.0 0.889062 0.656920 0.221875 0.128655
0 1.0 0.318750 0.661793 0.031250 0.048733
0 1.0 0.478906 0.651072 0.176563 0.183236
0 1.0 0.767969 0.660819 0.192188 0.233918
0 1.0 0.475000 0.653996 0.084375 0.076023
0 1.0 0.270313 0.655945 0.187500 0.091618
0 1.0 0.614062 0.712476 0.137500 0.122807
0 1.0 0.299219 0.726121 0.023438 0.037037
0 1.0 0.301563 0.711501 0.121875 0.171540
0 1.0 0.185938 0.711501 0.196875 0.089669
0 1.0 0.225781 0.717349 0.064062 0.070175
0 1.0 0.486719 0.715400 0.173437 0.136452
0 1.0 0.768750 0.708577 0.321875 0.126706
0 1.0 0.393750 0.691033 0.131250 0.290448
0 1.0 0.393750 0.709552 0.321875 0.128655
0 1.0 0.432031 0.718324 0.107813 0.107212
0 1.0 0.957031 0.653996 0.085938 0.091618
0 1.0 0.224219 0.709552 0.285938 0.335283
0 1.0 0.124219 0.711501 0.217188 0.116959
0 1.0 0.875000 0.666667 0.043750 0.062378
0 1.0 0.479687 0.725146 0.071875 0.089669
0 1.0 0.347656 0.715400 0.117188 0.093567
0 1.0 0.817969 0.291423 0.235937 0.153996
0 1.0 0.099219 0.343080 0.198437 0.284600
0 1.0 0.019531 0.372320 0.039062 0.124756
0 1.0 0.043750 0.342105 0.087500 0.072125
0 1.0 0.717187 0.288499 0.028125 0.054581
0 1.0 0.692187 0.291423 0.253125 0.165692
0 1.0 0.709375 0.294347 0.125000 0.144250
0 1.0 0.644531 0.301170 0.117188 0.251462
0 1.0 0.644531 0.301170 0.067187 0.138402
0 1.0 0.962500 0.290448 0.075000 0.089669
0 1.0 0.948438 0.326511 0.043750 0.076023
0 1.0 0.927344 0.297271 0.145313 0.146199
0 1.0 0.189844 0.375244 0.082812 0.235867
0 1.0 0.208594 0.341131 0.220312 0.124756
0 1.0 0.830469 0.301170 0.029687 0.052632
0 1.0 0.181250 0.357700 0.246875 0.290448
0 1.0 0.138281 0.378168 0.092188 0.237817
0 1.0 0.865625 0.279727 0.237500 0.274854
0 1.0 0.819531 0.304094 0.076563 0.140351
0 1.0 0.830469 0.288499 0.142187 0.101365
0 1.0 0.456250 0.290448 0.240625 0.179337
0 1.0 0.402344 0.294347 0.126562 0.241715
0 1.0 0.407813 0.278752 0.256250 0.300195
0 1.0 0.589063 0.283626 0.268750 0.153996
0 1.0 0.878125 0.313840 0.078125 0.155945
0 1.0 0.830469 0.290448 0.060937 0.062378
0 1.0 0.889062 0.310916 0.028125 0.056530
0 1.0 0.502344 0.288499 0.157812 0.288499
0 1.0 0.772656 0.304094 0.073438 0.171540
0 1.0 0.784375 0.296296 0.025000 0.054581
0 1.0 0.764844 0.293372 0.242188 0.267057
0 1.0 0.778125 0.364522 0.050000 0.109162
0 1.0 0.711719 0.341131 0.076563 0.163743
0 1.0 0.389062 0.355750 0.181250 0.224172
0 1.0 0.638281 0.333333 0.273438 0.148148
0 1.0 0.617188 0.331384 0.234375 0.323587
0 1.0 0.872656 0.382066 0.095312 0.175439
0 1.0 0.882031 0.382066 0.054688 0.097466
0 1.0 0.870313 0.349903 0.215625 0.118908
0 1.0 0.141406 0.345029 0.207813 0.159844
0 1.0 0.071875 0.376218 0.075000 0.194932
0 1.0 0.296094 0.368421 0.123438 0.241715
0 1.0 0.335156 0.330409 0.204687 0.138402
0 1.0 0.324219 0.372320 0.239063 0.280702
0 1.0 0.232031 0.369396 0.095312 0.208577
0 1.0 0.453906 0.304094 0.107813 0.202729
0 1.0 0.289844 0.276803 0.079687 0.159844
0 1.0 0.279687 0.252437 0.250000 0.115010
0 1.0 0.321875 0.265107 0.040625 0.058480
0 1.0 0.321094 0.221248 0.260937 0.302144
0 1.0 0.533594 0.234893 0.273438 0.153996
0 1.0 0.771875 0.239766 0.228125 0.113060
0 1.0 0.777344 0.261209 0.045312 0.105263
0 1.0 0.360156 0.256335 0.148438 0.231969
0 1.0 0.185938 0.039961 0.146875 0.079922
0 1.0 0.025781 0.053606 0.051562 0.095517
0 1.0 0.666406 0.659844 0.667188 0.680312
0 1.0 0.277344 0.547758 0.489063 0.904483
0 1.0 0.421875 0.725146 0.843750 0.499025
0 1.0 0.231250 0.258285 0.100000 0.228070
0 1.0 0.185938 0.085770 0.237500 0.171540
0 1.0 0.199219 0.056530 0.073438 0.089669
0 1.0 0.136719 0.062378 0.060937 0.124756
0 1.0 0.175000 0.028265 0.081250 0.056530
0 1.0 0.068750 0.075049 0.137500 0.150097
0 1.0 0.075000 0.059454 0.053125 0.103314
0 1.0 0.375781 0.240741 0.289062 0.126706
0 1.0 0.116406 0.033138 0.095312 0.066277
0 1.0 0.069531 0.026316 0.039062 0.040936
0 1.0 0.137500 0.027290 0.056250 0.046784
0 1.0 0.112500 0.286550 0.131250 0.093567
0 1.0 0.875000 0.241715 0.118750 0.300195
0 1.0 0.366406 0.307018 0.117188 0.130604
0 1.0 0.032031 0.295322 0.064062 0.076023
0 1.0 0.045312 0.299220 0.090625 0.138402
0 1.0 0.950781 0.233918 0.098437 0.097466
0 1.0 0.332031 0.307018 0.076563 0.103314
0 1.0 0.282813 0.289474 0.140625 0.095517
0 1.0 0.232813 0.308967 0.050000 0.087719
0 1.0 0.216406 0.307992 0.039062 0.077973
0 1.0 0.146094 0.303119 0.051562 0.107212
0 1.0 0.028125 0.329435 0.053125 0.175439
0 1.0 0.719531 0.256335 0.048438 0.099415
0 1.0 0.922656 0.235867 0.126562 0.378168
0 1.0 0.898438 0.237817 0.203125 0.120858
0 1.0 0.942969 0.244639 0.114062 0.189084
0 1.0 0.248438 0.303119 0.256250 0.247563
0 1.0 0.227344 0.292398 0.151562 0.097466
0 1.0 0.189844 0.295322 0.117188 0.204678
0 1.0 0.817187 0.241715 0.096875 0.081871
0 1.0 0.067969 0.298246 0.032813 0.077973
0 1.0 0.876563 0.248538 0.081250 0.189084
0 1.0 0.874219 0.468811 0.164062 0.173489
0 1.0 0.833594 0.449318 0.167187 0.095517
0 1.0 0.829688 0.500000 0.040625 0.083821
0 1.0 0.474219 0.443470 0.323437 0.150097
0 1.0 0.461719 0.406433 0.279687 0.325536
0 1.0 0.452344 0.415205 0.117188 0.241715
0 1.0 0.717187 0.459064 0.068750 0.150097
0 1.0 0.718750 0.450292 0.175000 0.093567
0 1.0 0.711719 0.450292 0.282813 0.132554
0 1.0 0.695312 0.424951 0.290625 0.280702
0 1.0 0.050000 0.507797 0.100000 0.173489
0 1.0 0.959375 0.521442 0.028125 0.068226
0 1.0 0.972656 0.443470 0.054688 0.072125
0 1.0 0.950000 0.500000 0.050000 0.079922
0 1.0 0.929688 0.447368 0.140625 0.130604
0 1.0 0.582812 0.452242 0.228125 0.113060
0 1.0 0.879687 0.501949 0.043750 0.091618
0 1.0 0.646875 0.436647 0.137500 0.253411
0 1.0 0.257812 0.441520 0.275000 0.337232
0 1.0 0.241406 0.450292 0.176563 0.230019
0 1.0 0.189844 0.456140 0.104688 0.300195
0 1.0 0.189844 0.447368 0.114062 0.095517
0 1.0 0.168750 0.446394 0.228125 0.171540
0 1.0 0.076563 0.480507 0.071875 0.204678
0 1.0 0.128125 0.441520 0.096875 0.076023
0 1.0 0.105469 0.438596 0.210938 0.128655
0 1.0 0.350781 0.442495 0.095312 0.105263
0 1.0 0.544531 0.396686 0.123438 0.364522
0 1.0 0.186719 0.499025 0.251563 0.132554
0 1.0 0.403906 0.499025 0.289062 0.155945
0 1.0 0.396094 0.465887 0.192188 0.315789
0 1.0 0.874219 0.500000 0.073438 0.161793
0 1.0 0.861719 0.451267 0.020313 0.033138
0 1.0 0.132812 0.530214 0.096875 0.253411
0 1.0 0.112500 0.498051 0.212500 0.107212
0 1.0 0.768750 0.461988 0.071875 0.152047
0 1.0 0.775000 0.471735 0.046875 0.097466
0 1.0 0.135156 0.510721 0.229687 0.343080
0 1.0 0.044531 0.499025 0.089063 0.074074
0 1.0 0.278906 0.503899 0.179688 0.134503
0 1.0 0.923438 0.481481 0.106250 0.269006
0 1.0 0.113281 0.391813 0.226562 0.124756
0 1.0 0.536719 0.384016 0.267188 0.175439
0 1.0 0.260937 0.385965 0.300000 0.148148
0 1.0 0.819531 0.365497 0.073438 0.146199
0 1.0 0.817969 0.345029 0.182812 0.179337
0 1.0 0.025781 0.437622 0.051562 0.192982
0 1.0 0.050000 0.393762 0.100000 0.085770
0 1.0 0.960156 0.379142 0.029687 0.064327
0 1.0 0.935937 0.341131 0.128125 0.113060
0 1.0 0.950000 0.382066 0.056250 0.085770
0 1.0 0.828125 0.436647 0.053125 0.113060
0 1.0 0.775000 0.391813 0.275000 0.120858
0 1.0 0.035156 0.442495 0.070312 0.081871
0 1.0 0.067187 0.449318 0.134375 0.270955
0 1.0 0.053125 0.443470 0.031250 0.040936
0 1.0 0.289062 0.446394 0.156250 0.116959
0 1.0 0.949219 0.404483 0.101562 0.142300
0 1.0 0.902344 0.398635 0.195312 0.306043
0 1.0 0.714063 0.409357 0.106250 0.249513
0 1.0 0.959375 0.468811 0.046875 0.115010
0 1.0 0.638281 0.393762 0.251563 0.132554
0 1.0 0.857812 0.397661 0.096875 0.070175
0 1.0 0.878906 0.447368 0.051562 0.099415
0 1.0 0.737500 0.647173 0.525000 0.226121
0 1.0 0.652344 0.652047 0.426563 0.458090
0 1.0 0.428125 0.612086 0.231250 0.600390
0 1.0 0.343750 0.651072 0.568750 0.230019
0 1.0 0.553125 0.165692 0.140625 0.187135
0 1.0 0.500781 0.133528 0.226562 0.169591
0 1.0 0.489844 0.174464 0.110937 0.208577
0 1.0 0.460156 0.142300 0.067187 0.113060
0 1.0 0.422656 0.146199 0.142187 0.179337
0 1.0 0.345313 0.187135 0.081250 0.163743
0 1.0 0.413281 0.129630 0.098437 0.095517
0 1.0 0.362500 0.147173 0.237500 0.251462
0 1.0 0.714844 0.155945 0.076563 0.144250
0 1.0 0.681250 0.120858 0.228125 0.179337
0 1.0 0.852344 0.580897 0.185938 0.619883
0 1.0 0.662500 0.151072 0.075000 0.118908
0 1.0 0.649219 0.545809 0.548438 0.230019
0 1.0 0.550781 0.480507 0.210938 0.567251
0 1.0 0.589063 0.143275 0.081250 0.157895
0 1.0 0.588281 0.137427 0.242188 0.255361
0 1.0 0.762500 0.123782 0.171875 0.228070
0 1.0 0.939063 0.074074 0.121875 0.109162
0 1.0 0.554688 0.758285 0.621875 0.222222
0 1.0 0.135937 0.141326 0.112500 0.235867
0 1.0 0.135937 0.122807 0.200000 0.163743
0 1.0 0.069531 0.152047 0.092188 0.241715
0 1.0 0.854688 0.076023 0.175000 0.120858
0 1.0 0.459375 0.848928 0.656250 0.192982
0 1.0 0.856250 0.114035 0.256250 0.228070
0 1.0 0.962500 0.124756 0.056250 0.167641
0 1.0 0.032031 0.153021 0.064062 0.255361
0 1.0 0.049219 0.124756 0.098437 0.077973
0 1.0 0.240625 0.848928 0.481250 0.200780
0 1.0 0.342187 0.133528 0.040625 0.068226
0 1.0 0.279687 0.752437 0.559375 0.249513
0 1.0 0.308594 0.141326 0.110937 0.138402
0 1.0 0.233594 0.158869 0.101562 0.228070
0 1.0 0.260937 0.122807 0.168750 0.101365
0 1.0 0.234375 0.139376 0.256250 0.278752
0 1.0 0.188281 0.155945 0.079687 0.202729
0 1.0 0.296094 0.190058 0.064062 0.142300
0 1.0 0.031250 0.181287 0.062500 0.077973
0 1.0 0.149219 0.181287 0.232813 0.109162
0 1.0 0.845313 0.359649 0.203125 0.598441
0 1.0 0.784375 0.348928 0.431250 0.218324
0 1.0 0.809375 0.152047 0.121875 0.265107
0 1.0 0.724219 0.334308 0.410938 0.465887
0 1.0 0.103125 0.181287 0.134375 0.081871
0 1.0 0.098437 0.180312 0.196875 0.341131
0 1.0 0.501563 0.348928 0.465625 0.261209
0 1.0 0.633594 0.248538 0.482812 0.243665
0 1.0 0.264844 0.180312 0.232813 0.107212
0 1.0 0.203125 0.191033 0.028125 0.062378
0 1.0 0.745313 0.564327 0.218750 0.578947
0 1.0 0.768750 0.148148 0.087500 0.187135
0 1.0 0.546094 0.490253 0.442188 0.442495
0 1.0 0.939844 0.123782 0.120313 0.107212
0 1.0 0.836719 0.120858 0.123438 0.105263
0 1.0 0.707031 0.030214 0.148438 0.060429
0 1.0 0.722656 0.071150 0.048438 0.072125
0 1.0 0.884375 0.045809 0.059375 0.083821
0 1.0 0.812500 0.056530 0.071875 0.113060
0 1.0 0.818750 0.030214 0.159375 0.060429
0 1.0 0.623437 0.030214 0.093750 0.056530
0 1.0 0.607031 0.083821 0.032813 0.050682
0 1.0 0.602344 0.039961 0.176563 0.079922
0 1.0 0.741406 0.880117 0.517188 0.239766
0 1.0 0.770312 0.055556 0.056250 0.091618
0 1.0 0.767969 0.056530 0.145313 0.113060
0 1.0 0.960156 0.056530 0.035937 0.077973
0 1.0 0.943750 0.032164 0.112500 0.064327
0 1.0 0.148438 0.493177 0.296875 0.619883
0 1.0 0.864844 0.028265 0.101562 0.056530
0 1.0 0.237500 0.053606 0.056250 0.091618
0 1.0 0.243750 0.038986 0.131250 0.074074
0 1.0 0.040625 0.033138 0.075000 0.062378
0 1.0 0.406250 0.106238 0.046875 0.091618
0 1.0 0.434375 0.038986 0.087500 0.046784
0 1.0 0.602344 0.100390 0.051562 0.091618
0 1.0 0.428906 0.081871 0.057813 0.074074
0 1.0 0.348438 0.091618 0.034375 0.066277
0 1.0 0.363281 0.040936 0.020313 0.027290
0 1.0 0.321094 0.045809 0.120313 0.056530
0 1.0 0.372656 0.074074 0.051562 0.062378
0 1.0 0.405469 0.083821 0.229687 0.167641
0 1.0 0.298438 0.072125 0.040625 0.081871
0 1.0 0.298438 0.038986 0.056250 0.042885
0 1.0 0.281250 0.046784 0.084375 0.054581
0 1.0 0.293750 0.079922 0.234375 0.159844
0 1.0 0.315625 0.067251 0.050000 0.064327
0 1.0 0.577344 0.074074 0.076563 0.077973
0 1.0 0.486719 0.115984 0.057813 0.103314
0 1.0 0.555469 0.032164 0.073438 0.048733
0 1.0 0.530469 0.038986 0.123438 0.070175
0 1.0 0.521094 0.076998 0.076563 0.083821
0 1.0 0.499219 0.191033 0.945312 0.378168
0 1.0 0.656250 0.084795 0.050000 0.087719
0 1.0 0.667969 0.059454 0.114062 0.103314
0 1.0 0.527344 0.040936 0.026562 0.031189
0 1.0 0.450781 0.469786 0.420312 0.721248
0 1.0 0.461719 0.107212 0.057813 0.077973
0 1.0 0.503125 0.049708 0.075000 0.048733
0 1.0 0.477344 0.085770 0.057813 0.074074
0 1.0 0.618750 0.059454 0.096875 0.091618
0 1.0 0.560156 0.106238 0.042188 0.072125
0 1.0 0.282813 0.921053 0.565625 0.157895
0 1.0 0.553906 0.164717 0.076563 0.130604
0 1.0 0.535937 0.083821 0.209375 0.116959
0 1.0 0.486719 0.153021 0.070312 0.138402
0 1.0 0.554688 0.921053 0.609375 0.157895
0 1.0 0.321875 0.089669 0.043750 0.058480
0 1.0 0.434375 0.092593 0.165625 0.091618
0 1.0 0.490625 0.091618 0.118750 0.077973
0 1.0 0.510156 0.102339 0.048438 0.064327
0 1.0 0.740625 0.076998 0.284375 0.142300
0 1.0 0.118750 0.072125 0.137500 0.097466
0 1.0 0.295312 0.082846 0.168750 0.083821
0 1.0 0.045312 0.078947 0.071875 0.079922
0 1.0 0.265625 0.304094 0.531250 0.304094
0 1.0 0.652344 0.123782 0.695312 0.247563
0 1.0 0.205469 0.072125 0.167187 0.105263
0 1.0 0.829688 0.923002 0.340625 0.153996
0 1.0 0.496875 0.252437 0.293750 0.504873
0 1.0 0.345313 0.143275 0.056250 0.118908
0 1.0 0.370312 0.108187 0.100000 0.115010
0 1.0 0.820312 0.865497 0.200000 0.202729
0 1.0 0.773438 0.873294 0.056250 0.113060
0 1.0 0.768750 0.869396 0.340625 0.132554
0 1.0 0.050000 0.925926 0.100000 0.136452
0 1.0 0.959375 0.891813 0.028125 0.064327
0 1.0 0.933594 0.872320 0.132812 0.111111
0 1.0 0.950000 0.905458 0.050000 0.091618
0 1.0 0.924219 0.865497 0.151562 0.241715
0 1.0 0.675000 0.890838 0.043750 0.074074
0 1.0 0.071875 0.887914 0.143750 0.224172
0 1.0 0.235937 0.903509 0.106250 0.192982
0 1.0 0.242188 0.919103 0.315625 0.122807
0 1.0 0.929688 0.870370 0.056250 0.134503
0 1.0 0.883594 0.877193 0.232813 0.140351
0 1.0 0.116406 0.923002 0.232813 0.107212
0 1.0 0.878906 0.851852 0.067187 0.144250
0 1.0 0.820312 0.875244 0.100000 0.089669
0 1.0 0.126562 0.909357 0.090625 0.181287
0 1.0 0.465625 0.882066 0.237500 0.099415
0 1.0 0.717969 0.871345 0.051562 0.101365
0 1.0 0.402344 0.871345 0.185938 0.175439
0 1.0 0.342187 0.885965 0.053125 0.111111
0 1.0 0.338281 0.876218 0.198437 0.099415
0 1.0 0.603906 0.860624 0.270313 0.239766
0 1.0 0.604688 0.867446 0.053125 0.120858
0 1.0 0.609375 0.880117 0.037500 0.076023
0 1.0 0.892188 0.874269 0.046875 0.099415
0 1.0 0.453906 0.858674 0.035937 0.079922
0 1.0 0.821094 0.870370 0.042188 0.091618
0 1.0 0.503906 0.907407 0.057813 0.130604
0 1.0 0.532031 0.881092 0.148438 0.124756
0 1.0 0.501563 0.860624 0.256250 0.255361
0 1.0 0.813281 0.846004 0.060937 0.136452
0 1.0 0.510156 0.922027 0.151562 0.155945
0 1.0 0.450781 0.927875 0.085938 0.144250
0 1.0 0.718750 0.929825 0.081250 0.140351
0 1.0 0.300781 0.924951 0.120313 0.142300
0 1.0 0.660937 0.910331 0.109375 0.179337
0 1.0 0.663281 0.916179 0.317188 0.116959
0 1.0 0.350781 0.919103 0.260937 0.111111
0 1.0 0.948438 0.922027 0.103125 0.152047
0 1.0 0.600000 0.909357 0.103125 0.181287
0 1.0 0.810156 0.906433 0.107813 0.187135
0 1.0 0.396094 0.920078 0.104688 0.159844
0 1.0 0.058594 0.929825 0.045312 0.062378
0 1.0 0.200000 0.923977 0.128125 0.144250
0 1.0 0.185938 0.890838 0.281250 0.218324
0 1.0 0.717187 0.822612 0.243750 0.163743
0 1.0 0.436719 0.827485 0.079687 0.091618
0 1.0 0.331250 0.827485 0.156250 0.115010
0 1.0 0.807813 0.821637 0.156250 0.103314
0 1.0 0.876563 0.827485 0.128125 0.259259
0 1.0 0.857812 0.832359 0.056250 0.081871
0 1.0 0.816406 0.814815 0.120313 0.315789
0 1.0 0.712500 0.814815 0.131250 0.265107
0 1.0 0.505469 0.817739 0.339062 0.126706
0 1.0 0.525000 0.823587 0.146875 0.130604
0 1.0 0.113281 0.825536 0.079687 0.091618
0 1.0 0.211719 0.031189 0.073438 0.054581
0 1.0 0.587500 0.824561 0.143750 0.124756
0 1.0 0.291406 0.833333 0.035937 0.056530
0 1.0 0.249219 0.826511 0.104688 0.109162
0 1.0 0.453125 0.802144 0.121875 0.333333
0 1.0 0.111719 0.817739 0.223438 0.115010
0 1.0 0.502344 0.831384 0.042188 0.068226
0 1.0 0.400000 0.802144 0.140625 0.345029
0 1.0 0.407031 0.872320 0.076563 0.118908
0 1.0 0.444531 0.884990 0.082812 0.081871
0 1.0 0.079687 0.848928 0.050000 0.126706
0 1.0 0.111719 0.871345 0.223438 0.109162
0 1.0 0.132031 0.875244 0.064062 0.081871
0 1.0 0.051562 0.873294 0.103125 0.074074
0 1.0 0.290625 0.895712 0.053125 0.111111
0 1.0 0.238281 0.875244 0.264062 0.109162
0 1.0 0.296875 0.884016 0.040625 0.060429
0 1.0 0.237500 0.877193 0.062500 0.148148
0 1.0 0.036719 0.877193 0.039062 0.109162
0 1.0 0.563281 0.898635 0.054688 0.116959
0 1.0 0.194531 0.877193 0.048438 0.105263
0 1.0 0.510156 0.890838 0.045312 0.062378
0 1.0 0.068750 0.879142 0.028125 0.046784
0 1.0 0.960156 0.871345 0.048438 0.152047
0 1.0 0.929688 0.815789 0.140625 0.107212
0 1.0 0.660937 0.829435 0.118750 0.228070
0 1.0 0.190625 0.876218 0.159375 0.169591
0 1.0 0.652344 0.202729 0.089063 0.191033
0 1.0 0.619531 0.183236 0.245312 0.124756
0 1.0 0.583594 0.209552 0.120313 0.231969
0 1.0 0.791406 0.185185 0.204687 0.144250
0 1.0 0.267188 0.149123 0.534375 0.228070
0 1.0 0.048438 0.233918 0.096875 0.085770
0 1.0 0.052344 0.239766 0.104688 0.206628
0 1.0 0.942969 0.181287 0.114062 0.101365
0 1.0 0.454688 0.076998 0.578125 0.153996
0 1.0 0.890625 0.181287 0.218750 0.128655
0 1.0 0.820312 0.183236 0.100000 0.081871
0 1.0 0.360938 0.185185 0.209375 0.105263
0 1.0 0.295312 0.208577 0.115625 0.167641
0 1.0 0.329688 0.208577 0.043750 0.074074
0 1.0 0.820312 0.230994 0.350000 0.450292
0 1.0 0.142187 0.281676 0.218750 0.547758
0 1.0 0.645312 0.199805 0.278125 0.399610
0 1.0 0.169531 0.249513 0.339062 0.206628
0 1.0 0.199219 0.959064 0.098437 0.081871
0 1.0 0.199219 0.961014 0.064062 0.054581
0 1.0 0.465625 0.961988 0.068750 0.060429
0 1.0 0.411719 0.956140 0.101562 0.087719
0 1.0 0.342187 0.947368 0.090625 0.105263
0 1.0 0.372656 0.963938 0.057813 0.056530
0 1.0 0.092969 0.952242 0.117188 0.095517
0 1.0 0.030469 0.947368 0.060937 0.105263
0 1.0 0.069531 0.963938 0.045312 0.048733
0 1.0 0.289844 0.952242 0.076563 0.095517
0 1.0 0.294531 0.962963 0.057813 0.054581
0 1.0 0.246094 0.961988 0.076563 0.056530
0 1.0 0.557031 0.939571 0.110937 0.120858
0 1.0 0.564063 0.960039 0.053125 0.052632
0 1.0 0.143750 0.955166 0.112500 0.089669
0 1.0 0.150000 0.962963 0.053125 0.050682
0 1.0 0.767188 0.916179 0.106250 0.167641
0 1.0 0.250781 0.954191 0.114062 0.091618
0 1.0 0.835938 0.920078 0.159375 0.105263
0 1.0 0.880469 0.915205 0.098437 0.169591
0 1.0 0.846094 0.964912 0.035937 0.042885
0 1.0 0.852344 0.961014 0.057813 0.058480
0 1.0 0.196094 0.247563 0.207813 0.144250
0 1.0 0.770312 0.952242 0.200000 0.095517
0 1.0 0.129688 0.244639 0.109375 0.306043
0 1.0 0.971094 0.954191 0.048438 0.091618
0 1.0 0.939844 0.961988 0.120313 0.076023
0 1.0 0.109375 0.235867 0.209375 0.109162
0 1.0 0.817187 0.957115 0.084375 0.085770
0 1.0 0.767188 0.951267 0.081250 0.097466
0 1.0 0.503125 0.959064 0.065625 0.074074
0 1.0 0.663281 0.949318 0.076563 0.101365
0 1.0 0.703906 0.960039 0.067187 0.056530
0 1.0 0.517969 0.961988 0.042188 0.048733
0 1.0 0.603125 0.954191 0.071875 0.091618
0 1.0 0.645312 0.960039 0.062500 0.052632
0 1.0 0.609375 0.950292 0.168750 0.099415
0 1.0 0.598437 0.960039 0.046875 0.048733
0 1.0 0.082031 0.744639 0.164062 0.471735
0 1.0 0.557813 0.649123 0.506250 0.276803
0 1.0 0.550781 0.734893 0.207813 0.530214
0 1.0 0.782813 0.499025 0.434375 0.350877
0 1.0 0.073438 0.370370 0.146875 0.600390
0 1.0 0.812500 0.489279 0.375000 0.927875
0 1.0 0.500000 0.494152 1.000000 0.633528