0 1.0 0.732812 0.547917 0.365625 0.704167
0 1.0 0.513281 0.500000 0.670312 1.000000
0 1.0 0.166406 0.322917 0.254688 0.545833
0 1.0 0.057813 0.604167 0.115625 0.216667
0 1.0 0.956250 0.564583 0.065625 0.245833
0 1.0 0.960938 0.551042 0.078125 0.102083
0 1.0 0.081250 0.601042 0.062500 0.085417
0 1.0 0.941406 0.553125 0.117188 0.152083
0 1.0 0.228906 0.600000 0.154688 0.258333
0 1.0 0.511719 0.593750 0.129688 0.287500
0 1.0 0.529687 0.605208 0.093750 0.106250
0 1.0 0.174219 0.598958 0.273438 0.152083
0 1.0 0.146094 0.606250 0.167187 0.254167
0 1.0 0.341406 0.622917 0.126562 0.275000
0 1.0 0.387500 0.601042 0.187500 0.118750
0 1.0 0.781250 0.551042 0.300000 0.160417
0 1.0 0.764844 0.536458 0.139063 0.310417
0 1.0 0.692969 0.542708 0.154688 0.339583
0 1.0 0.675781 0.546875 0.282813 0.143750
0 1.0 0.923438 0.523958 0.115625 0.393750
0 1.0 0.610156 0.547917 0.107813 0.300000
0 1.0 0.860938 0.530208 0.128125 0.327083
0 1.0 0.829688 0.554167 0.062500 0.075000
0 1.0 0.136719 0.597917 0.114062 0.120833
0 1.0 0.092188 0.657292 0.153125 0.243750
0 1.0 0.767969 0.604167 0.220312 0.158333
0 1.0 0.282031 0.616667 0.082812 0.245833
0 1.0 0.707031 0.598958 0.151562 0.131250
0 1.0 0.916406 0.602083 0.167187 0.145833
0 1.0 0.889062 0.590625 0.221875 0.322917
0 1.0 0.807813 0.605208 0.075000 0.077083
0 1.0 0.440625 0.611458 0.200000 0.235417
0 1.0 0.391406 0.588542 0.242188 0.360417
0 1.0 0.614062 0.604167 0.206250 0.125000
0 1.0 0.304688 0.594792 0.300000 0.127083
0 1.0 0.344531 0.594792 0.051562 0.081250
0 1.0 0.614062 0.571875 0.225000 0.347917
0 1.0 0.529687 0.607292 0.228125 0.118750
0 1.0 0.461719 0.605208 0.110937 0.122917
0 1.0 0.722656 0.500000 0.242188 0.129167
0 1.0 0.635938 0.492708 0.175000 0.118750
0 1.0 0.926562 0.507292 0.146875 0.143750
0 1.0 0.814844 0.506250 0.089063 0.083333
0 1.0 0.811719 0.511458 0.157812 0.135417
0 1.0 0.842187 0.452083 0.209375 0.408333
0 1.0 0.143750 0.550000 0.156250 0.100000
0 1.0 0.396094 0.489583 0.192188 0.262500
0 1.0 0.350000 0.523958 0.115625 0.222917
0 1.0 0.357031 0.504167 0.164062 0.104167
0 1.0 0.278125 0.527083 0.078125 0.187500
0 1.0 0.264062 0.509375 0.193750 0.106250
0 1.0 0.283594 0.483333 0.260937 0.295833
0 1.0 0.542188 0.501042 0.203125 0.360417
0 1.0 0.228125 0.506250 0.131250 0.212500
0 1.0 0.557813 0.492708 0.212500 0.118750
0 1.0 0.418750 0.496875 0.168750 0.110417
0 1.0 0.444531 0.520833 0.098437 0.237500
0 1.0 0.403906 0.553125 0.289062 0.131250
0 1.0 0.366406 0.554167 0.145313 0.104167
0 1.0 0.266406 0.555208 0.217188 0.114583
0 1.0 0.545312 0.550000 0.278125 0.137500
0 1.0 0.954688 0.602083 0.090625 0.108333
0 1.0 0.101562 0.567708 0.146875 0.193750
0 1.0 0.084375 0.552083 0.131250 0.083333
0 1.0 0.304688 0.560417 0.100000 0.145833
0 1.0 0.930469 0.711458 0.139063 0.152083
0 1.0 0.169531 0.727083 0.242188 0.375000
0 1.0 0.855469 0.721875 0.154688 0.385417
0 1.0 0.827344 0.725000 0.073438 0.100000
0 1.0 0.132031 0.653125 0.120313 0.135417
0 1.0 0.778125 0.709375 0.259375 0.131250
0 1.0 0.759375 0.700000 0.121875 0.370833
0 1.0 0.112500 0.771875 0.196875 0.118750
0 1.0 0.075781 0.741667 0.139063 0.291667
0 1.0 0.119531 0.776042 0.085938 0.106250
0 1.0 0.039062 0.764583 0.065625 0.225000
0 1.0 0.057813 0.765625 0.115625 0.081250
0 1.0 0.283594 0.746875 0.095312 0.306250
0 1.0 0.248438 0.766667 0.300000 0.133333
0 1.0 0.921875 0.714583 0.134375 0.391667
0 1.0 0.951562 0.716667 0.075000 0.279167
0 1.0 0.966406 0.709375 0.067187 0.131250
0 1.0 0.523438 0.710417 0.278125 0.133333
0 1.0 0.542969 0.700000 0.148438 0.287500
0 1.0 0.549219 0.714583 0.126562 0.120833
0 1.0 0.500781 0.704167 0.157812 0.200000
0 1.0 0.774219 0.705208 0.276562 0.402083
0 1.0 0.439063 0.702083 0.162500 0.287500
0 1.0 0.467187 0.711458 0.093750 0.118750
0 1.0 0.406250 0.706250 0.278125 0.141667
0 1.0 0.058594 0.769792 0.054688 0.077083
0 1.0 0.709375 0.703125 0.121875 0.360417
0 1.0 0.660156 0.696875 0.129688 0.339583
0 1.0 0.632031 0.706250 0.295312 0.129167
0 1.0 0.603906 0.725000 0.154688 0.287500
0 1.0 0.801562 0.713542 0.068750 0.072917
0 1.0 0.567187 0.761458 0.268750 0.143750
0 1.0 0.816406 0.778125 0.076563 0.106250
0 1.0 0.487500 0.771875 0.296875 0.322917
0 1.0 0.430469 0.765625 0.289062 0.160417
0 1.0 0.764844 0.765625 0.310937 0.152083
0 1.0 0.052344 0.816667 0.104688 0.154167
0 1.0 0.707031 0.769792 0.270313 0.318750
0 1.0 0.232813 0.746875 0.143750 0.327083
0 1.0 0.166406 0.776042 0.126562 0.143750
0 1.0 0.395313 0.765625 0.168750 0.289583
0 1.0 0.298438 0.773958 0.056250 0.081250
0 1.0 0.339062 0.753125 0.156250 0.335417
0 1.0 0.532813 0.660417 0.109375 0.108333
0 1.0 0.764844 0.659375 0.198437 0.147917
0 1.0 0.459375 0.659375 0.115625 0.131250
0 1.0 0.409375 0.659375 0.165625 0.160417
0 1.0 0.649219 0.663542 0.210938 0.152083
0 1.0 0.508594 0.658333 0.323437 0.133333
0 1.0 0.571875 0.661458 0.140625 0.131250
0 1.0 0.159375 0.650000 0.268750 0.141667
0 1.0 0.068750 0.653125 0.115625 0.089583
0 1.0 0.260156 0.658333 0.317188 0.145833
0 1.0 0.311719 0.661458 0.057813 0.089583
0 1.0 0.285938 0.654167 0.256250 0.291667
0 1.0 0.182812 0.702083 0.284375 0.145833
0 1.0 0.169531 0.707292 0.129688 0.135417
0 1.0 0.126562 0.710417 0.084375 0.108333
0 1.0 0.426563 0.709375 0.118750 0.135417
0 1.0 0.294531 0.712500 0.317188 0.133333
0 1.0 0.339844 0.715625 0.045312 0.072917
0 1.0 0.821094 0.643750 0.154688 0.400000
0 1.0 0.061719 0.708333 0.123438 0.083333
0 1.0 0.707031 0.605208 0.251563 0.335417
0 1.0 0.064062 0.713542 0.059375 0.081250
0 1.0 0.956250 0.655208 0.087500 0.106250
0 1.0 0.825000 0.659375 0.103125 0.106250
0 1.0 0.878906 0.658333 0.242188 0.137500
0 1.0 0.560937 0.282292 0.228125 0.127083
0 1.0 0.544531 0.301042 0.101562 0.193750
0 1.0 0.539844 0.309375 0.217188 0.264583
0 1.0 0.764062 0.323958 0.290625 0.252083
0 1.0 0.453125 0.262500 0.131250 0.208333
0 1.0 0.459375 0.286458 0.262500 0.172917
0 1.0 0.385937 0.266667 0.156250 0.329167
0 1.0 0.043750 0.341667 0.087500 0.112500
0 1.0 0.714063 0.316667 0.125000 0.300000
0 1.0 0.725781 0.293750 0.076563 0.154167
0 1.0 0.691406 0.281250 0.317188 0.141667
0 1.0 0.600000 0.316667 0.071875 0.220833
0 1.0 0.872656 0.297917 0.120313 0.316667
0 1.0 0.846094 0.291667 0.204687 0.116667
0 1.0 0.617188 0.292708 0.165625 0.218750
0 1.0 0.678906 0.292708 0.070312 0.147917
0 1.0 0.196094 0.287500 0.210938 0.312500
0 1.0 0.192188 0.280208 0.237500 0.139583
0 1.0 0.477344 0.286458 0.151562 0.110417
0 1.0 0.072656 0.266667 0.126562 0.462500
0 1.0 0.080469 0.250000 0.089063 0.266667
0 1.0 0.385156 0.286458 0.142187 0.102083
0 1.0 0.333594 0.239583 0.145313 0.241667
0 1.0 0.601562 0.288542 0.040625 0.102083
0 1.0 0.287500 0.279167 0.125000 0.329167
0 1.0 0.289062 0.289583 0.212500 0.120833
0 1.0 0.290625 0.280208 0.071875 0.122917
0 1.0 0.229687 0.335417 0.225000 0.141667
0 1.0 0.035937 0.331250 0.071875 0.337500
0 1.0 0.135937 0.338542 0.118750 0.339583
0 1.0 0.464844 0.354167 0.157812 0.200000
0 1.0 0.413281 0.341667 0.289062 0.137500
0 1.0 0.406250 0.340625 0.246875 0.318750
0 1.0 0.333594 0.318750 0.101562 0.229167
0 1.0 0.299219 0.340625 0.079687 0.131250
0 1.0 0.918750 0.284375 0.150000 0.218750
0 1.0 0.874219 0.286458 0.082812 0.177083
0 1.0 0.753125 0.316667 0.109375 0.250000
0 1.0 0.758594 0.293750 0.082812 0.145833
0 1.0 0.128125 0.342708 0.171875 0.110417
0 1.0 0.957031 0.301042 0.057813 0.231250
0 1.0 0.944531 0.290625 0.110937 0.110417
0 1.0 0.162500 0.233333 0.268750 0.154167
0 1.0 0.375000 0.221875 0.156250 0.147917
0 1.0 0.080469 0.232292 0.160938 0.118750
0 1.0 0.635156 0.242708 0.254688 0.114583
0 1.0 0.299219 0.233333 0.085938 0.100000
0 1.0 0.037500 0.065625 0.075000 0.131250
0 1.0 0.070312 0.079167 0.140625 0.158333
0 1.0 0.260937 0.500000 0.471875 1.000000
0 1.0 0.371875 0.695833 0.743750 0.579167
0 1.0 0.542188 0.256250 0.915625 0.462500
0 1.0 0.141406 0.055208 0.095312 0.110417
0 1.0 0.961719 0.195833 0.076563 0.320833
0 1.0 0.931250 0.181250 0.137500 0.120833
0 1.0 0.072656 0.027083 0.070312 0.054167
0 1.0 0.074219 0.059375 0.079687 0.118750
0 1.0 0.831250 0.238542 0.153125 0.131250
0 1.0 0.853906 0.217708 0.251563 0.347917
0 1.0 0.771875 0.242708 0.353125 0.118750
0 1.0 0.056250 0.287500 0.112500 0.083333
0 1.0 0.775000 0.250000 0.165625 0.179167
0 1.0 0.718750 0.238542 0.100000 0.210417
0 1.0 0.943750 0.240625 0.112500 0.152083
0 1.0 0.504687 0.266667 0.121875 0.250000
0 1.0 0.502344 0.240625 0.254688 0.122917
0 1.0 0.450781 0.222917 0.082812 0.175000
0 1.0 0.718750 0.247917 0.306250 0.300000
0 1.0 0.661719 0.260417 0.117188 0.300000
0 1.0 0.607812 0.251042 0.068750 0.168750
0 1.0 0.613281 0.240625 0.270313 0.277083
0 1.0 0.359375 0.442708 0.193750 0.143750
0 1.0 0.289062 0.453125 0.184375 0.106250
0 1.0 0.275781 0.466667 0.114062 0.204167
0 1.0 0.242188 0.455208 0.087500 0.089583
0 1.0 0.220312 0.458333 0.228125 0.158333
0 1.0 0.185938 0.464583 0.100000 0.220833
0 1.0 0.502344 0.443750 0.279687 0.120833
0 1.0 0.490625 0.447917 0.053125 0.070833
0 1.0 0.385156 0.444792 0.042188 0.064583
0 1.0 0.464844 0.457292 0.120313 0.160417
0 1.0 0.716406 0.441667 0.251563 0.416667
0 1.0 0.053125 0.450000 0.093750 0.158333
0 1.0 0.307031 0.467708 0.085938 0.135417
0 1.0 0.947656 0.408333 0.089063 0.250000
0 1.0 0.875781 0.391667 0.248438 0.141667
0 1.0 0.827344 0.389583 0.120313 0.108333
0 1.0 0.147656 0.473958 0.110937 0.193750
0 1.0 0.923438 0.388542 0.131250 0.356250
0 1.0 0.181250 0.455208 0.103125 0.093750
0 1.0 0.069531 0.445833 0.139063 0.312500
0 1.0 0.131250 0.451042 0.140625 0.089583
0 1.0 0.082031 0.476042 0.076563 0.177083
0 1.0 0.108594 0.455208 0.217188 0.135417
0 1.0 0.088281 0.448958 0.048438 0.056250
0 1.0 0.039062 0.514583 0.078125 0.354167
0 1.0 0.082031 0.498958 0.110937 0.072917
0 1.0 0.953125 0.456250 0.050000 0.191667
0 1.0 0.970313 0.442708 0.059375 0.089583
0 1.0 0.542188 0.459375 0.125000 0.210417
0 1.0 0.890625 0.448958 0.218750 0.127083
0 1.0 0.180469 0.510417 0.279687 0.133333
0 1.0 0.176563 0.482292 0.225000 0.285417
0 1.0 0.134375 0.500000 0.162500 0.091667
0 1.0 0.676562 0.445833 0.187500 0.108333
0 1.0 0.664844 0.462500 0.160938 0.254167
0 1.0 0.826562 0.442708 0.034375 0.052083
0 1.0 0.609375 0.479167 0.059375 0.175000
0 1.0 0.570312 0.446875 0.121875 0.093750
0 1.0 0.784375 0.438542 0.159375 0.106250
0 1.0 0.779687 0.435417 0.215625 0.175000
0 1.0 0.764062 0.427083 0.121875 0.333333
0 1.0 0.871094 0.336458 0.257812 0.143750
0 1.0 0.171875 0.394792 0.181250 0.122917
0 1.0 0.817187 0.354167 0.150000 0.254167
0 1.0 0.103906 0.401042 0.207813 0.152083
0 1.0 0.045312 0.396875 0.090625 0.110417
0 1.0 0.288281 0.395833 0.132812 0.141667
0 1.0 0.947656 0.339583 0.104688 0.116667
0 1.0 0.603125 0.368750 0.053125 0.162500
0 1.0 0.557813 0.334375 0.284375 0.135417
0 1.0 0.453125 0.310417 0.046875 0.100000
0 1.0 0.673438 0.356250 0.118750 0.258333
0 1.0 0.677344 0.333333 0.235937 0.187500
0 1.0 0.603125 0.418750 0.084375 0.262500
0 1.0 0.629687 0.396875 0.228125 0.127083
0 1.0 0.616406 0.393750 0.232813 0.329167
0 1.0 0.549219 0.398958 0.185938 0.177083
0 1.0 0.515625 0.375000 0.128125 0.354167
0 1.0 0.735156 0.392708 0.273438 0.135417
0 1.0 0.958594 0.393750 0.082812 0.108333
0 1.0 0.446875 0.393750 0.306250 0.154167
0 1.0 0.339844 0.403125 0.148438 0.310417
0 1.0 0.362500 0.137500 0.196875 0.204167
0 1.0 0.289844 0.167708 0.079687 0.181250
0 1.0 0.275781 0.132292 0.310937 0.127083
0 1.0 0.289062 0.145833 0.143750 0.229167
0 1.0 0.311719 0.138542 0.070312 0.077083
0 1.0 0.542969 0.627083 0.264062 0.516667
0 1.0 0.427344 0.595833 0.276562 0.633333
0 1.0 0.654687 0.657292 0.500000 0.256250
0 1.0 0.660156 0.548958 0.473438 0.243750
0 1.0 0.454688 0.659375 0.537500 0.247917
0 1.0 0.261719 0.548958 0.523438 0.239583
0 1.0 0.249219 0.510417 0.282813 0.608333
0 1.0 0.665625 0.117708 0.131250 0.202083
0 1.0 0.680469 0.112500 0.298438 0.170833
0 1.0 0.501563 0.132292 0.140625 0.264583
0 1.0 0.492969 0.117708 0.329688 0.143750
0 1.0 0.450000 0.142708 0.093750 0.181250
0 1.0 0.443750 0.128125 0.175000 0.222917
0 1.0 0.825000 0.088542 0.153125 0.177083
0 1.0 0.962500 0.109375 0.065625 0.185417
0 1.0 0.932031 0.071875 0.135937 0.110417
0 1.0 0.360156 0.755208 0.501563 0.243750
0 1.0 0.714063 0.094792 0.121875 0.189583
0 1.0 0.162500 0.846875 0.325000 0.202083
0 1.0 0.800000 0.070833 0.334375 0.141667
0 1.0 0.227344 0.153125 0.154688 0.227083
0 1.0 0.179688 0.126042 0.284375 0.160417
0 1.0 0.131250 0.150000 0.115625 0.245833
0 1.0 0.196875 0.746875 0.393750 0.231250
0 1.0 0.040625 0.151042 0.081250 0.302083
0 1.0 0.056250 0.123958 0.100000 0.122917
0 1.0 0.870313 0.131250 0.175000 0.258333
0 1.0 0.565625 0.343750 0.578125 0.250000
0 1.0 0.607031 0.125000 0.126562 0.250000
0 1.0 0.361719 0.370833 0.229687 0.529167
0 1.0 0.349219 0.355208 0.510938 0.243750
0 1.0 0.923438 0.152083 0.121875 0.304167
0 1.0 0.869531 0.118750 0.260937 0.145833
0 1.0 0.066406 0.177083 0.114062 0.087500
0 1.0 0.930469 0.121875 0.139063 0.118750
0 1.0 0.108594 0.178125 0.214062 0.335417
0 1.0 0.788281 0.442708 0.423438 0.247917
0 1.0 0.120313 0.548958 0.240625 0.468750
0 1.0 0.578125 0.448958 0.396875 0.468750
0 1.0 0.554688 0.442708 0.546875 0.247917
0 1.0 0.764844 0.125000 0.135937 0.250000
0 1.0 0.265625 0.448958 0.509375 0.247917
0 1.0 0.716406 0.044792 0.173437 0.089583
0 1.0 0.660937 0.044792 0.078125 0.089583
0 1.0 0.606250 0.050000 0.081250 0.100000
0 1.0 0.648438 0.029167 0.190625 0.058333
0 1.0 0.616406 0.061458 0.279687 0.122917
0 1.0 0.550781 0.044792 0.076563 0.089583
0 1.0 0.582031 0.036458 0.182812 0.072917
0 1.0 0.484375 0.373958 0.296875 0.656250
0 1.0 0.323437 0.498958 0.578125 0.452083
0 1.0 0.675781 0.806250 0.648438 0.383333
0 1.0 0.307812 0.031250 0.187500 0.062500
0 1.0 0.301563 0.066667 0.078125 0.083333
0 1.0 0.153906 0.045833 0.220312 0.091667
0 1.0 0.289062 0.070833 0.275000 0.141667
0 1.0 0.240625 0.065625 0.071875 0.102083
0 1.0 0.243750 0.040625 0.218750 0.081250
0 1.0 0.182812 0.071875 0.068750 0.102083
0 1.0 0.360938 0.052083 0.131250 0.091667
0 1.0 0.505469 0.057292 0.082812 0.114583
0 1.0 0.499219 0.063542 0.279687 0.127083
0 1.0 0.446875 0.060417 0.043750 0.058333
0 1.0 0.505469 0.030208 0.098437 0.056250
0 1.0 0.445312 0.051042 0.078125 0.068750
0 1.0 0.506250 0.879167 0.787500 0.241667
0 1.0 0.390625 0.075000 0.084375 0.112500
0 1.0 0.431250 0.033333 0.300000 0.066667
0 1.0 0.344531 0.082292 0.054688 0.077083
0 1.0 0.347656 0.027083 0.085938 0.054167
0 1.0 0.786719 0.843750 0.426563 0.200000
0 1.0 0.341406 0.115625 0.101562 0.185417
0 1.0 0.353906 0.925000 0.589063 0.150000
0 1.0 0.314063 0.089583 0.103125 0.070833
0 1.0 0.166406 0.925000 0.332813 0.150000
0 1.0 0.372656 0.079167 0.260937 0.116667
0 1.0 0.549219 0.090625 0.110937 0.181250
0 1.0 0.734375 0.118750 0.531250 0.237500
0 1.0 0.867969 0.047917 0.223438 0.095833
0 1.0 0.364844 0.118750 0.729688 0.237500
0 1.0 0.821094 0.052083 0.085938 0.104167
0 1.0 0.773438 0.041667 0.087500 0.083333
0 1.0 0.714844 0.033333 0.089063 0.066667
0 1.0 0.649219 0.923958 0.589063 0.152083
0 1.0 0.185156 0.118750 0.120313 0.216667
0 1.0 0.959375 0.056250 0.040625 0.075000
0 1.0 0.832812 0.923958 0.334375 0.152083
0 1.0 0.874219 0.048958 0.079687 0.097917
0 1.0 0.729688 0.869792 0.240625 0.147917
0 1.0 0.955469 0.871875 0.073438 0.114583
0 1.0 0.660156 0.833333 0.070312 0.125000
0 1.0 0.570312 0.253125 0.609375 0.214583
0 1.0 0.603906 0.817708 0.076563 0.118750
0 1.0 0.598437 0.864583 0.284375 0.125000
0 1.0 0.553125 0.826042 0.059375 0.089583
0 1.0 0.825781 0.798958 0.107813 0.189583
0 1.0 0.829688 0.871875 0.184375 0.110417
0 1.0 0.866406 0.826042 0.107813 0.193750
0 1.0 0.136719 0.900000 0.173437 0.145833
0 1.0 0.727344 0.836458 0.089063 0.135417
0 1.0 0.760938 0.836458 0.087500 0.172917
0 1.0 0.338281 0.835417 0.051562 0.083333
0 1.0 0.382031 0.864583 0.229687 0.112500
0 1.0 0.342969 0.852083 0.095312 0.120833
0 1.0 0.378906 0.819792 0.285938 0.252083
0 1.0 0.292187 0.833333 0.050000 0.091667
0 1.0 0.275781 0.870833 0.304688 0.108333
0 1.0 0.294531 0.841667 0.092188 0.125000
0 1.0 0.553125 0.850000 0.093750 0.112500
0 1.0 0.235937 0.833333 0.062500 0.112500
0 1.0 0.192188 0.811458 0.065625 0.114583
0 1.0 0.311719 0.873958 0.070312 0.068750
0 1.0 0.501563 0.833333 0.078125 0.137500
0 1.0 0.480469 0.864583 0.332813 0.141667
0 1.0 0.447656 0.820833 0.076563 0.137500
0 1.0 0.421875 0.915625 0.315625 0.102083
0 1.0 0.658594 0.905208 0.098437 0.181250
0 1.0 0.669531 0.911458 0.332813 0.093750
0 1.0 0.335156 0.904167 0.095312 0.158333
0 1.0 0.381250 0.917708 0.162500 0.077083
0 1.0 0.289062 0.902083 0.093750 0.175000
0 1.0 0.288281 0.918750 0.232813 0.083333
0 1.0 0.308594 0.919792 0.104688 0.072917
0 1.0 0.539844 0.877083 0.301563 0.237500
0 1.0 0.553906 0.907292 0.164062 0.118750
0 1.0 0.499219 0.888542 0.114062 0.202083
0 1.0 0.396094 0.885417 0.123438 0.216667
0 1.0 0.447656 0.885417 0.110937 0.204167
0 1.0 0.028906 0.898958 0.057813 0.168750
0 1.0 0.044531 0.918750 0.089063 0.066667
0 1.0 0.069531 0.889583 0.139063 0.220833
0 1.0 0.960156 0.863542 0.039062 0.085417
0 1.0 0.232031 0.886458 0.123438 0.181250
0 1.0 0.921094 0.840625 0.157812 0.256250
0 1.0 0.188281 0.880208 0.104688 0.202083
0 1.0 0.136719 0.869792 0.104688 0.147917
0 1.0 0.300781 0.812500 0.164062 0.204167
0 1.0 0.187500 0.783333 0.146875 0.258333
0 1.0 0.959375 0.764583 0.081250 0.137500
0 1.0 0.877344 0.763542 0.245312 0.143750
0 1.0 0.795312 0.771875 0.068750 0.077083
0 1.0 0.129688 0.777083 0.150000 0.275000
0 1.0 0.142187 0.819792 0.093750 0.106250
0 1.0 0.058594 0.818750 0.064062 0.083333
0 1.0 0.805469 0.822917 0.095312 0.091667
0 1.0 0.053906 0.867708 0.051562 0.060417
0 1.0 0.119531 0.863542 0.239063 0.102083
0 1.0 0.133594 0.864583 0.082812 0.079167
0 1.0 0.032031 0.842708 0.045312 0.127083
0 1.0 0.052344 0.865625 0.104688 0.068750
0 1.0 0.646875 0.816667 0.240625 0.191667
0 1.0 0.499219 0.808333 0.142187 0.275000
0 1.0 0.940625 0.817708 0.118750 0.118750
0 1.0 0.436719 0.181250 0.248438 0.158333
0 1.0 0.609375 0.182292 0.271875 0.110417
0 1.0 0.546875 0.180208 0.128125 0.293750
0 1.0 0.551562 0.168750 0.275000 0.300000
0 1.0 0.557813 0.179167 0.118750 0.150000
0 1.0 0.505469 0.180208 0.214062 0.097917
0 1.0 0.223438 0.210417 0.396875 0.404167
0 1.0 0.349219 0.192708 0.245312 0.372917
0 1.0 0.778125 0.176042 0.334375 0.122917
0 1.0 0.937500 0.960417 0.125000 0.079167
0 1.0 0.718750 0.160417 0.162500 0.166667
0 1.0 0.663281 0.180208 0.101562 0.172917
0 1.0 0.564844 0.073958 0.679688 0.147917
0 1.0 0.609375 0.195833 0.087500 0.212500
0 1.0 0.187500 0.196875 0.146875 0.172917
0 1.0 0.146875 0.179167 0.181250 0.116667
0 1.0 0.339062 0.242708 0.528125 0.235417
0 1.0 0.295312 0.183333 0.300000 0.162500
0 1.0 0.135937 0.947917 0.153125 0.104167
0 1.0 0.406250 0.946875 0.150000 0.106250
0 1.0 0.053125 0.961458 0.046875 0.047917
0 1.0 0.039062 0.961458 0.078125 0.077083
0 1.0 0.965625 0.933333 0.062500 0.133333
0 1.0 0.924219 0.916667 0.151562 0.104167
0 1.0 0.238281 0.940625 0.107813 0.118750
0 1.0 0.317188 0.964583 0.078125 0.062500
0 1.0 0.273438 0.962500 0.106250 0.054167
0 1.0 0.539844 0.957292 0.126562 0.064583
0 1.0 0.201563 0.954167 0.212500 0.091667
0 1.0 0.133594 0.929167 0.079687 0.141667
0 1.0 0.187500 0.960417 0.103125 0.058333
0 1.0 0.716406 0.883333 0.126562 0.233333
0 1.0 0.605469 0.902083 0.085938 0.154167
0 1.0 0.762500 0.894792 0.115625 0.168750
0 1.0 0.817969 0.885417 0.123438 0.229167
0 1.0 0.076563 0.929167 0.087500 0.141667
0 1.0 0.131250 0.959375 0.096875 0.060417
0 1.0 0.175000 0.075000 0.350000 0.150000
0 1.0 0.800000 0.958333 0.168750 0.066667
0 1.0 0.732812 0.954167 0.187500 0.091667
0 1.0 0.660156 0.941667 0.073438 0.116667
0 1.0 0.707031 0.960417 0.110937 0.058333
0 1.0 0.717187 0.930208 0.084375 0.139583
0 1.0 0.870313 0.930208 0.100000 0.139583
0 1.0 0.867969 0.959375 0.110937 0.060417
0 1.0 0.862500 0.956250 0.181250 0.087500
0 1.0 0.817969 0.939583 0.095312 0.120833
0 1.0 0.487500 0.962500 0.093750 0.058333
0 1.0 0.471875 0.957292 0.150000 0.085417
0 1.0 0.342187 0.946875 0.078125 0.106250
0 1.0 0.372656 0.963542 0.067187 0.047917
0 1.0 0.360156 0.918750 0.242188 0.162500
0 1.0 0.291406 0.948958 0.070312 0.102083
0 1.0 0.607031 0.947917 0.073438 0.104167
0 1.0 0.642188 0.961458 0.090625 0.052083
0 1.0 0.622656 0.956250 0.185938 0.087500
0 1.0 0.553125 0.938542 0.081250 0.122917
0 1.0 0.453125 0.934375 0.081250 0.131250
0 1.0 0.820312 0.328125 0.359375 0.527083
0 1.0 0.442188 0.213542 0.221875 0.427083
0 1.0 0.864062 0.626042 0.253125 0.747917
0 1.0 0.240625 0.803125 0.253125 0.393750
0 1.0 0.843750 0.832292 0.206250 0.335417
0 1.0 0.917969 0.261458 0.164062 0.472917