0 1.0 0.165625 0.532864 0.309375 0.934272
0 1.0 0.699219 0.498826 0.332813 0.894366
0 1.0 0.278906 0.469484 0.235937 0.830986
0 1.0 0.553906 0.537559 0.479687 0.892019
0 1.0 0.414062 0.273474 0.828125 0.537559
0 1.0 0.721875 0.528169 0.246875 0.286385
0 1.0 0.188281 0.591549 0.226562 0.295775
0 1.0 0.135156 0.599765 0.270313 0.152582
0 1.0 0.074219 0.610329 0.139063 0.291080
0 1.0 0.269531 0.593897 0.232813 0.126761
0 1.0 0.292187 0.604460 0.175000 0.279343
0 1.0 0.317188 0.592723 0.034375 0.063380
0 1.0 0.232813 0.595070 0.087500 0.105634
0 1.0 0.794531 0.552817 0.257812 0.147887
0 1.0 0.817187 0.556338 0.071875 0.154930
0 1.0 0.816406 0.566901 0.107813 0.293427
0 1.0 0.861719 0.542254 0.176563 0.215962
0 1.0 0.917188 0.561033 0.109375 0.399061
0 1.0 0.870313 0.566901 0.065625 0.194836
0 1.0 0.833594 0.550469 0.054688 0.068075
0 1.0 0.868750 0.570423 0.103125 0.352113
0 1.0 0.071094 0.592723 0.142187 0.119718
0 1.0 0.950781 0.551643 0.098437 0.159624
0 1.0 0.964844 0.592723 0.042188 0.138498
0 1.0 0.066406 0.598592 0.064062 0.098592
0 1.0 0.853125 0.609155 0.246875 0.312207
0 1.0 0.761719 0.600939 0.139063 0.309859
0 1.0 0.382031 0.589202 0.126562 0.267606
0 1.0 0.685156 0.599765 0.254688 0.143192
0 1.0 0.078906 0.650235 0.148438 0.098592
0 1.0 0.078906 0.647887 0.054688 0.084507
0 1.0 0.965625 0.647887 0.043750 0.150235
0 1.0 0.951562 0.602113 0.096875 0.100939
0 1.0 0.839063 0.604460 0.081250 0.096244
0 1.0 0.889844 0.602113 0.220312 0.129108
0 1.0 0.503125 0.584507 0.196875 0.211268
0 1.0 0.438281 0.572770 0.085938 0.220657
0 1.0 0.505469 0.590376 0.107813 0.077465
0 1.0 0.436719 0.576291 0.151562 0.293427
0 1.0 0.535156 0.585681 0.026562 0.053991
0 1.0 0.431250 0.585681 0.250000 0.105634
0 1.0 0.655469 0.553991 0.135937 0.333333
0 1.0 0.475781 0.580986 0.032813 0.058685
0 1.0 0.340625 0.598592 0.121875 0.352113
0 1.0 0.357031 0.588028 0.126562 0.091549
0 1.0 0.604688 0.550469 0.100000 0.279343
0 1.0 0.645312 0.598592 0.103125 0.103286
0 1.0 0.555469 0.566901 0.101562 0.316901
0 1.0 0.554688 0.600939 0.268750 0.112676
0 1.0 0.580469 0.600939 0.132812 0.103286
0 1.0 0.504687 0.583333 0.121875 0.359155
0 1.0 0.786719 0.475352 0.239063 0.335681
0 1.0 0.048438 0.558685 0.075000 0.103286
0 1.0 0.946094 0.501174 0.107813 0.096244
0 1.0 0.831250 0.505869 0.103125 0.100939
0 1.0 0.900000 0.501174 0.175000 0.147887
0 1.0 0.900000 0.489437 0.200000 0.340376
0 1.0 0.827344 0.505869 0.054688 0.068075
0 1.0 0.502344 0.500000 0.235937 0.136150
0 1.0 0.514062 0.465962 0.100000 0.288732
0 1.0 0.447656 0.438967 0.082812 0.225352
0 1.0 0.445312 0.455399 0.134375 0.319249
0 1.0 0.385937 0.473005 0.059375 0.274648
0 1.0 0.393750 0.501174 0.125000 0.227700
0 1.0 0.339844 0.401408 0.123438 0.478873
0 1.0 0.489844 0.508216 0.076563 0.129108
0 1.0 0.666406 0.491784 0.282813 0.157277
0 1.0 0.567187 0.496479 0.193750 0.185446
0 1.0 0.512500 0.557512 0.040625 0.091549
0 1.0 0.566406 0.518779 0.260937 0.305164
0 1.0 0.645312 0.549296 0.246875 0.150235
0 1.0 0.191406 0.505869 0.151562 0.359155
0 1.0 0.129688 0.523474 0.096875 0.333333
0 1.0 0.099219 0.496479 0.198437 0.354460
0 1.0 0.338281 0.549296 0.176563 0.136150
0 1.0 0.327344 0.523474 0.192188 0.305164
0 1.0 0.185938 0.556338 0.284375 0.140845
0 1.0 0.946875 0.712441 0.106250 0.190141
0 1.0 0.917969 0.727700 0.107813 0.455399
0 1.0 0.890625 0.708920 0.218750 0.126761
0 1.0 0.871094 0.712441 0.107813 0.420188
0 1.0 0.862500 0.717136 0.046875 0.072770
0 1.0 0.814063 0.721831 0.109375 0.420188
0 1.0 0.814844 0.706573 0.198437 0.164319
0 1.0 0.806250 0.735915 0.246875 0.401408
0 1.0 0.821094 0.713615 0.079687 0.075117
0 1.0 0.121094 0.771127 0.204687 0.185446
0 1.0 0.112500 0.771127 0.225000 0.410798
0 1.0 0.085938 0.759390 0.171875 0.110329
0 1.0 0.046875 0.713615 0.093750 0.352113
0 1.0 0.068750 0.765258 0.078125 0.093897
0 1.0 0.957031 0.710094 0.085938 0.096244
0 1.0 0.606250 0.701878 0.115625 0.272300
0 1.0 0.599219 0.707746 0.220312 0.166667
0 1.0 0.576562 0.725352 0.290625 0.361502
0 1.0 0.550781 0.703052 0.139063 0.335681
0 1.0 0.499219 0.703052 0.304688 0.161972
0 1.0 0.439063 0.715962 0.140625 0.333333
0 1.0 0.758594 0.690141 0.176563 0.248826
0 1.0 0.707812 0.721831 0.131250 0.401408
0 1.0 0.725000 0.706573 0.293750 0.140845
0 1.0 0.660156 0.708920 0.120313 0.380282
0 1.0 0.672656 0.711268 0.135937 0.131455
0 1.0 0.585938 0.762911 0.328125 0.136150
0 1.0 0.824219 0.762911 0.279687 0.131455
0 1.0 0.651563 0.768779 0.140625 0.129108
0 1.0 0.704688 0.766432 0.209375 0.157277
0 1.0 0.714063 0.768779 0.246875 0.401408
0 1.0 0.189062 0.765258 0.228125 0.117371
0 1.0 0.287500 0.768779 0.150000 0.406103
0 1.0 0.255469 0.780516 0.039062 0.068075
0 1.0 0.227344 0.759390 0.126562 0.429577
0 1.0 0.228125 0.771127 0.075000 0.100939
0 1.0 0.179688 0.746479 0.153125 0.375587
0 1.0 0.510156 0.769953 0.067187 0.089202
0 1.0 0.467187 0.766432 0.256250 0.382629
0 1.0 0.387500 0.765258 0.128125 0.422535
0 1.0 0.431250 0.765258 0.306250 0.122066
0 1.0 0.472656 0.775822 0.064062 0.086854
0 1.0 0.341406 0.755869 0.114062 0.446009
0 1.0 0.307031 0.762911 0.282813 0.131455
0 1.0 0.542969 0.649061 0.273438 0.133803
0 1.0 0.489844 0.706573 0.126562 0.145540
0 1.0 0.497656 0.652582 0.095312 0.112676
0 1.0 0.690625 0.652582 0.268750 0.140845
0 1.0 0.659375 0.627934 0.243750 0.354460
0 1.0 0.611719 0.642019 0.189062 0.213615
0 1.0 0.300781 0.509390 0.220312 0.117371
0 1.0 0.185938 0.650235 0.165625 0.164319
0 1.0 0.123438 0.653756 0.125000 0.298122
0 1.0 0.428125 0.651408 0.293750 0.129108
0 1.0 0.457813 0.653756 0.084375 0.100939
0 1.0 0.405469 0.659624 0.239063 0.342723
0 1.0 0.322656 0.657277 0.110937 0.093897
0 1.0 0.315625 0.652582 0.193750 0.145540
0 1.0 0.248438 0.651408 0.075000 0.096244
0 1.0 0.288281 0.659624 0.042188 0.065728
0 1.0 0.208594 0.714789 0.201563 0.124413
0 1.0 0.235937 0.717136 0.071875 0.110329
0 1.0 0.130469 0.710094 0.242188 0.138498
0 1.0 0.326562 0.711268 0.215625 0.154930
0 1.0 0.278906 0.720657 0.045312 0.075117
0 1.0 0.910937 0.657277 0.178125 0.159624
0 1.0 0.817969 0.658451 0.060937 0.068075
0 1.0 0.846875 0.663146 0.065625 0.082160
0 1.0 0.806250 0.652582 0.284375 0.140845
0 1.0 0.116406 0.714789 0.098437 0.129108
0 1.0 0.079687 0.703052 0.062500 0.086854
0 1.0 0.958594 0.654930 0.082812 0.093897
0 1.0 0.718750 0.286385 0.165625 0.131455
0 1.0 0.725000 0.308685 0.062500 0.185446
0 1.0 0.700000 0.289906 0.240625 0.213615
0 1.0 0.665625 0.348592 0.084375 0.180751
0 1.0 0.676562 0.342723 0.037500 0.084507
0 1.0 0.592969 0.356808 0.070312 0.145540
0 1.0 0.626563 0.294601 0.137500 0.110329
0 1.0 0.600781 0.348592 0.029687 0.058685
0 1.0 0.601562 0.298122 0.228125 0.178404
0 1.0 0.556250 0.360329 0.090625 0.293427
0 1.0 0.928125 0.279343 0.112500 0.178404
0 1.0 0.871094 0.291080 0.092188 0.352113
0 1.0 0.846094 0.288732 0.060937 0.070423
0 1.0 0.882031 0.273474 0.035937 0.119718
0 1.0 0.846875 0.288732 0.125000 0.117371
0 1.0 0.850781 0.284038 0.229687 0.323944
0 1.0 0.717187 0.303991 0.112500 0.321596
0 1.0 0.784375 0.288732 0.228125 0.178404
0 1.0 0.766406 0.325117 0.148438 0.359155
0 1.0 0.808594 0.298122 0.095312 0.234742
0 1.0 0.399219 0.268779 0.214062 0.307512
0 1.0 0.435156 0.292254 0.045312 0.105634
0 1.0 0.413281 0.292254 0.026562 0.058685
0 1.0 0.346094 0.273474 0.220312 0.166667
0 1.0 0.326562 0.276995 0.206250 0.417840
0 1.0 0.373437 0.257042 0.031250 0.096244
0 1.0 0.560937 0.296948 0.121875 0.110329
0 1.0 0.257812 0.280516 0.162500 0.105634
0 1.0 0.280469 0.275822 0.057813 0.096244
0 1.0 0.307031 0.266432 0.073438 0.185446
0 1.0 0.232813 0.300469 0.112500 0.323944
0 1.0 0.232031 0.298122 0.073438 0.215962
0 1.0 0.205469 0.279343 0.126562 0.126761
0 1.0 0.542188 0.301643 0.218750 0.312207
0 1.0 0.504687 0.341549 0.078125 0.208920
0 1.0 0.508594 0.293427 0.232813 0.131455
0 1.0 0.509375 0.336854 0.046875 0.129108
0 1.0 0.442188 0.349765 0.037500 0.103286
0 1.0 0.559375 0.306338 0.025000 0.058685
0 1.0 0.439844 0.313380 0.104688 0.185446
0 1.0 0.513281 0.309859 0.023438 0.065728
0 1.0 0.404687 0.306338 0.040625 0.143192
0 1.0 0.398438 0.362676 0.050000 0.246479
0 1.0 0.446875 0.341549 0.278125 0.138498
0 1.0 0.382031 0.341549 0.139063 0.119718
0 1.0 0.361719 0.308685 0.051562 0.147887
0 1.0 0.292187 0.336854 0.159375 0.105634
0 1.0 0.613281 0.354460 0.139063 0.183099
0 1.0 0.486719 0.345070 0.067187 0.140845
0 1.0 0.439063 0.326291 0.028125 0.075117
0 1.0 0.525000 0.336854 0.112500 0.096244
0 1.0 0.467969 0.353286 0.214062 0.373239
0 1.0 0.126562 0.341549 0.106250 0.110329
0 1.0 0.103906 0.326291 0.195312 0.431925
0 1.0 0.033594 0.306338 0.067187 0.237089
0 1.0 0.063281 0.335681 0.064062 0.075117
0 1.0 0.059375 0.322770 0.087500 0.190141
0 1.0 0.950000 0.289906 0.100000 0.091549
0 1.0 0.957812 0.291080 0.046875 0.117371
0 1.0 0.914844 0.303991 0.107813 0.387324
0 1.0 0.248438 0.329812 0.228125 0.176056
0 1.0 0.240625 0.306338 0.209375 0.401408
0 1.0 0.185938 0.343897 0.115625 0.429577
0 1.0 0.199219 0.336854 0.214062 0.110329
0 1.0 0.142969 0.340376 0.204687 0.159624
0 1.0 0.154688 0.237089 0.250000 0.131455
0 1.0 0.225000 0.237089 0.031250 0.070423
0 1.0 0.257812 0.225352 0.293750 0.145540
0 1.0 0.259375 0.224178 0.106250 0.133803
0 1.0 0.508594 0.242958 0.260937 0.143192
0 1.0 0.464844 0.235915 0.195312 0.279343
0 1.0 0.401562 0.262911 0.071875 0.164319
0 1.0 0.465625 0.252347 0.034375 0.072770
0 1.0 0.540625 0.253521 0.028125 0.079812
0 1.0 0.099219 0.082160 0.198437 0.164319
0 1.0 0.100000 0.061033 0.103125 0.098592
0 1.0 0.031250 0.084507 0.037500 0.070423
0 1.0 0.069531 0.032864 0.051562 0.046948
0 1.0 0.049219 0.042254 0.085938 0.065728
0 1.0 0.609375 0.710094 0.781250 0.556338
0 1.0 0.313281 0.632629 0.626563 0.734742
0 1.0 0.176563 0.235915 0.181250 0.316901
0 1.0 0.161719 0.234742 0.114062 0.140845
0 1.0 0.074219 0.242958 0.123438 0.302817
0 1.0 0.142187 0.089202 0.068750 0.079812
0 1.0 0.141406 0.042254 0.129688 0.079812
0 1.0 0.075000 0.090376 0.043750 0.072770
0 1.0 0.131250 0.032864 0.062500 0.046948
0 1.0 0.085156 0.279343 0.060937 0.070423
0 1.0 0.963281 0.264085 0.070312 0.269953
0 1.0 0.951562 0.237089 0.096875 0.107981
0 1.0 0.903125 0.238263 0.193750 0.124413
0 1.0 0.197656 0.287559 0.067187 0.176056
0 1.0 0.174219 0.280516 0.107813 0.082160
0 1.0 0.136719 0.271127 0.082812 0.105634
0 1.0 0.675000 0.305164 0.046875 0.112676
0 1.0 0.682813 0.248826 0.140625 0.140845
0 1.0 0.817969 0.241784 0.126562 0.098592
0 1.0 0.606250 0.314554 0.040625 0.093897
0 1.0 0.616406 0.240610 0.232813 0.129108
0 1.0 0.802344 0.238263 0.295312 0.138498
0 1.0 0.528125 0.443662 0.021875 0.046948
0 1.0 0.477344 0.442488 0.176563 0.147887
0 1.0 0.335156 0.448357 0.029687 0.046948
0 1.0 0.307812 0.446009 0.196875 0.122066
0 1.0 0.425000 0.446009 0.206250 0.103286
0 1.0 0.592187 0.480047 0.071875 0.246479
0 1.0 0.645312 0.446009 0.206250 0.131455
0 1.0 0.583594 0.441315 0.145313 0.103286
0 1.0 0.148438 0.446009 0.168750 0.145540
0 1.0 0.140625 0.447183 0.059375 0.068075
0 1.0 0.342969 0.435446 0.110937 0.213615
0 1.0 0.040625 0.442488 0.068750 0.255869
0 1.0 0.075000 0.451878 0.034375 0.049296
0 1.0 0.061719 0.451878 0.042188 0.063380
0 1.0 0.059375 0.438967 0.081250 0.169014
0 1.0 0.960156 0.443662 0.064062 0.211268
0 1.0 0.954688 0.394366 0.090625 0.107981
0 1.0 0.296875 0.457746 0.103125 0.079812
0 1.0 0.257812 0.448357 0.112500 0.079812
0 1.0 0.228906 0.433099 0.126562 0.218310
0 1.0 0.178906 0.399061 0.229687 0.422535
0 1.0 0.149219 0.502347 0.242188 0.126761
0 1.0 0.059375 0.508216 0.115625 0.077465
0 1.0 0.056250 0.512911 0.053125 0.068075
0 1.0 0.292969 0.427230 0.114062 0.399061
0 1.0 0.799219 0.447183 0.195312 0.105634
0 1.0 0.813281 0.428404 0.079687 0.232394
0 1.0 0.711719 0.449531 0.132812 0.321596
0 1.0 0.716406 0.451878 0.085938 0.180751
0 1.0 0.050781 0.509390 0.095312 0.159624
0 1.0 0.964063 0.496479 0.050000 0.147887
0 1.0 0.962500 0.449531 0.075000 0.082160
0 1.0 0.927344 0.449531 0.145313 0.143192
0 1.0 0.871875 0.468310 0.084375 0.260563
0 1.0 0.808594 0.456573 0.020313 0.039906
0 1.0 0.877344 0.474178 0.048438 0.136150
0 1.0 0.106250 0.401408 0.168750 0.107981
0 1.0 0.050781 0.395540 0.082812 0.077465
0 1.0 0.053125 0.400235 0.040625 0.072770
0 1.0 0.959375 0.347418 0.040625 0.126761
0 1.0 0.950781 0.341549 0.098437 0.110329
0 1.0 0.235937 0.395540 0.275000 0.119718
0 1.0 0.210938 0.390845 0.118750 0.110329
0 1.0 0.596094 0.401408 0.045312 0.112676
0 1.0 0.898438 0.341549 0.203125 0.129108
0 1.0 0.823438 0.341549 0.140625 0.105634
0 1.0 0.762500 0.389671 0.306250 0.136150
0 1.0 0.268750 0.389671 0.100000 0.093897
0 1.0 0.728906 0.381455 0.076563 0.223005
0 1.0 0.654687 0.437793 0.121875 0.293427
0 1.0 0.659375 0.403756 0.243750 0.361502
0 1.0 0.942969 0.396714 0.114062 0.197183
0 1.0 0.903125 0.395540 0.193750 0.124413
0 1.0 0.805469 0.395540 0.098437 0.086854
0 1.0 0.873437 0.403756 0.062500 0.215962
0 1.0 0.864062 0.386150 0.178125 0.246479
0 1.0 0.474219 0.389671 0.145313 0.140845
0 1.0 0.387500 0.396714 0.087500 0.422535
0 1.0 0.344531 0.393192 0.245312 0.119718
0 1.0 0.401562 0.389671 0.137500 0.230047
0 1.0 0.628906 0.392019 0.254688 0.126761
0 1.0 0.557031 0.395540 0.235937 0.166667
0 1.0 0.389062 0.158451 0.225000 0.241784
0 1.0 0.408594 0.154930 0.117188 0.154930
0 1.0 0.331250 0.184272 0.078125 0.208920
0 1.0 0.341406 0.137324 0.110937 0.100939
0 1.0 0.331250 0.142019 0.178125 0.147887
0 1.0 0.962500 0.784038 0.075000 0.253521
0 1.0 0.203906 0.136150 0.232813 0.126761
0 1.0 0.293750 0.169014 0.128125 0.225352
0 1.0 0.255469 0.150235 0.045312 0.075117
0 1.0 0.843750 0.575117 0.196875 0.732394
0 1.0 0.223438 0.190141 0.087500 0.187793
0 1.0 0.543750 0.653756 0.518750 0.255869
0 1.0 0.449219 0.596244 0.248438 0.633803
0 1.0 0.445312 0.153756 0.056250 0.086854
0 1.0 0.349219 0.645540 0.579688 0.234742
0 1.0 0.331250 0.659624 0.403125 0.502347
0 1.0 0.739062 0.650235 0.518750 0.230047
0 1.0 0.543750 0.539906 0.546875 0.248826
0 1.0 0.256250 0.553991 0.512500 0.220657
0 1.0 0.552344 0.151408 0.160938 0.166667
0 1.0 0.510156 0.237089 0.048438 0.117371
0 1.0 0.466406 0.172535 0.101562 0.105634
0 1.0 0.396875 0.205399 0.056250 0.152582
0 1.0 0.728125 0.545775 0.490625 0.227700
0 1.0 0.081250 0.548122 0.162500 0.772300
0 1.0 0.125000 0.127934 0.143750 0.110329
0 1.0 0.101562 0.163146 0.181250 0.269953
0 1.0 0.033594 0.184272 0.067187 0.213615
0 1.0 0.069531 0.129108 0.107813 0.084507
0 1.0 0.061719 0.150235 0.123438 0.178404
0 1.0 0.962500 0.127934 0.053125 0.157277
0 1.0 0.249219 0.751174 0.498437 0.286385
0 1.0 0.810156 0.118545 0.239063 0.237089
0 1.0 0.945312 0.076291 0.109375 0.100939
0 1.0 0.791406 0.755869 0.417187 0.248826
0 1.0 0.926562 0.109155 0.146875 0.218310
0 1.0 0.882812 0.076291 0.234375 0.133803
0 1.0 0.564844 0.346244 0.667188 0.223005
0 1.0 0.575000 0.356808 0.390625 0.483568
0 1.0 0.768750 0.353286 0.462500 0.223005
0 1.0 0.269531 0.348592 0.539062 0.218310
0 1.0 0.134375 0.184272 0.131250 0.096244
0 1.0 0.434375 0.382629 0.396875 0.530516
0 1.0 0.349219 0.453052 0.557813 0.239437
0 1.0 0.947656 0.129108 0.104688 0.103286
0 1.0 0.868750 0.152582 0.096875 0.305164
0 1.0 0.842969 0.124413 0.117188 0.107981
0 1.0 0.774219 0.248826 0.451562 0.220657
0 1.0 0.207813 0.188967 0.184375 0.138498
0 1.0 0.178125 0.197183 0.034375 0.093897
0 1.0 0.068750 0.183099 0.087500 0.079812
0 1.0 0.717187 0.453052 0.465625 0.239437
0 1.0 0.675781 0.129108 0.304688 0.126761
0 1.0 0.669531 0.190141 0.073438 0.173709
0 1.0 0.666406 0.160798 0.251563 0.302817
0 1.0 0.600000 0.196009 0.078125 0.241784
0 1.0 0.611719 0.139671 0.176563 0.204225
0 1.0 0.556250 0.224178 0.050000 0.138498
0 1.0 0.725781 0.133803 0.179688 0.215962
0 1.0 0.439844 0.258216 0.023438 0.056338
0 1.0 0.503125 0.144366 0.096875 0.068075
0 1.0 0.435937 0.221831 0.053125 0.077465
0 1.0 0.546875 0.165493 0.246875 0.279343
0 1.0 0.823438 0.159624 0.118750 0.319249
0 1.0 0.717187 0.072770 0.234375 0.145540
0 1.0 0.663281 0.055164 0.060937 0.110329
0 1.0 0.691406 0.030516 0.164062 0.061033
0 1.0 0.614062 0.075117 0.237500 0.150235
0 1.0 0.619531 0.048122 0.129688 0.096244
0 1.0 0.552344 0.071596 0.051562 0.105634
0 1.0 0.350781 0.879108 0.701562 0.241784
0 1.0 0.579688 0.028169 0.090625 0.056338
0 1.0 0.723437 0.048122 0.065625 0.086854
0 1.0 0.817969 0.082160 0.089063 0.164319
0 1.0 0.802344 0.034038 0.201563 0.068075
0 1.0 0.766406 0.063380 0.082812 0.126761
0 1.0 0.185938 0.083333 0.237500 0.166667
0 1.0 0.666406 0.491784 0.667188 0.406103
0 1.0 0.307812 0.039906 0.128125 0.079812
0 1.0 0.350781 0.077465 0.248438 0.154930
0 1.0 0.375781 0.059859 0.079687 0.091549
0 1.0 0.300781 0.112676 0.039062 0.089202
0 1.0 0.269531 0.038732 0.092188 0.058685
0 1.0 0.203125 0.075117 0.062500 0.070423
0 1.0 0.187500 0.095070 0.046875 0.068075
0 1.0 0.319531 0.062207 0.064062 0.082160
0 1.0 0.235156 0.109155 0.054688 0.110329
0 1.0 0.248438 0.061033 0.118750 0.112676
0 1.0 0.184375 0.120892 0.037500 0.077465
0 1.0 0.217969 0.038732 0.076563 0.053991
0 1.0 0.564844 0.048122 0.107813 0.096244
0 1.0 0.503906 0.103286 0.048438 0.098592
0 1.0 0.521094 0.029343 0.139063 0.058685
0 1.0 0.510938 0.082160 0.234375 0.164319
0 1.0 0.450000 0.115023 0.018750 0.037559
0 1.0 0.527344 0.029343 0.035937 0.039906
0 1.0 0.652344 0.877934 0.695312 0.244131
0 1.0 0.447656 0.089202 0.042188 0.051643
0 1.0 0.346094 0.080986 0.048438 0.077465
0 1.0 0.474219 0.062207 0.064062 0.072770
0 1.0 0.397656 0.086854 0.060937 0.126761
0 1.0 0.425000 0.031690 0.190625 0.063380
0 1.0 0.401562 0.058685 0.093750 0.117371
0 1.0 0.439844 0.035211 0.073438 0.061033
0 1.0 0.325781 0.035211 0.029687 0.042254
0 1.0 0.504687 0.174883 0.046875 0.110329
0 1.0 0.508594 0.080986 0.189062 0.091549
0 1.0 0.478125 0.089202 0.112500 0.061033
0 1.0 0.667969 0.122066 0.076563 0.150235
0 1.0 0.443750 0.190141 0.025000 0.056338
0 1.0 0.464062 0.113850 0.084375 0.091549
0 1.0 0.397656 0.145540 0.054688 0.140845
0 1.0 0.393750 0.084507 0.225000 0.089202
0 1.0 0.328906 0.161972 0.045312 0.117371
0 1.0 0.363281 0.105634 0.092188 0.107981
0 1.0 0.296875 0.152582 0.056250 0.145540
0 1.0 0.550781 0.142019 0.070312 0.124413
0 1.0 0.835156 0.845070 0.329688 0.206573
0 1.0 0.204687 0.834507 0.409375 0.232394
0 1.0 0.601562 0.116197 0.081250 0.166667
0 1.0 0.772656 0.109155 0.110937 0.208920
0 1.0 0.923438 0.083333 0.084375 0.166667
0 1.0 0.901563 0.032864 0.196875 0.065728
0 1.0 0.870313 0.080986 0.078125 0.161972
0 1.0 0.482031 0.095070 0.051562 0.053991
0 1.0 0.878125 0.065728 0.056250 0.093897
0 1.0 0.075000 0.079812 0.109375 0.075117
0 1.0 0.634375 0.126761 0.731250 0.253521
0 1.0 0.322656 0.140845 0.645312 0.281690
0 1.0 0.957812 0.056338 0.059375 0.098592
0 1.0 0.288281 0.099765 0.029687 0.044601
0 1.0 0.305469 0.106808 0.095312 0.124413
0 1.0 0.251563 0.085681 0.212500 0.110329
0 1.0 0.227344 0.150235 0.057813 0.112676
0 1.0 0.261719 0.096244 0.114062 0.098592
0 1.0 0.832812 0.923709 0.334375 0.152582
0 1.0 0.179688 0.156103 0.071875 0.115023
0 1.0 0.175781 0.126761 0.107813 0.131455
0 1.0 0.716406 0.848592 0.089063 0.180751
0 1.0 0.725000 0.882629 0.243750 0.178404
0 1.0 0.662500 0.820423 0.078125 0.199531
0 1.0 0.657031 0.857981 0.189062 0.246479
0 1.0 0.617969 0.850939 0.064062 0.124413
0 1.0 0.598437 0.875587 0.293750 0.140845
0 1.0 0.556250 0.874413 0.053125 0.096244
0 1.0 0.874219 0.841549 0.104688 0.246479
0 1.0 0.836719 0.875587 0.154688 0.122066
0 1.0 0.825781 0.828638 0.098437 0.220657
0 1.0 0.764844 0.839202 0.123438 0.279343
0 1.0 0.399219 0.875587 0.167187 0.211268
0 1.0 0.349219 0.863850 0.073438 0.201878
0 1.0 0.293750 0.854460 0.068750 0.192488
0 1.0 0.265625 0.890845 0.056250 0.096244
0 1.0 0.246094 0.883803 0.132812 0.147887
0 1.0 0.542969 0.853286 0.323437 0.255869
0 1.0 0.504687 0.895540 0.059375 0.100939
0 1.0 0.475000 0.880282 0.284375 0.145540
0 1.0 0.435156 0.893192 0.104688 0.133803
0 1.0 0.390625 0.873239 0.081250 0.187793
0 1.0 0.437500 0.886150 0.043750 0.077465
0 1.0 0.412500 0.915493 0.275000 0.131455
0 1.0 0.363281 0.911972 0.117188 0.133803
0 1.0 0.301563 0.921362 0.293750 0.143192
0 1.0 0.295312 0.890845 0.150000 0.204225
0 1.0 0.312500 0.915493 0.081250 0.107981
0 1.0 0.610156 0.910798 0.164062 0.145540
0 1.0 0.550000 0.923709 0.096875 0.152582
0 1.0 0.497656 0.915493 0.107813 0.169014
0 1.0 0.090625 0.866197 0.181250 0.234742
0 1.0 0.034375 0.884977 0.068750 0.230047
0 1.0 0.078906 0.916667 0.157812 0.110329
0 1.0 0.962500 0.866197 0.037500 0.103286
0 1.0 0.928906 0.876761 0.142187 0.166667
0 1.0 0.178906 0.888498 0.101562 0.213615
0 1.0 0.180469 0.920188 0.304688 0.131455
0 1.0 0.328906 0.825117 0.164062 0.138498
0 1.0 0.229687 0.822770 0.250000 0.129108
0 1.0 0.286719 0.833333 0.035937 0.070423
0 1.0 0.246094 0.825117 0.070312 0.096244
0 1.0 0.514844 0.820423 0.329688 0.119718
0 1.0 0.510156 0.834507 0.057813 0.077465
0 1.0 0.452344 0.821596 0.185938 0.230047
0 1.0 0.462500 0.830986 0.053125 0.084507
0 1.0 0.917969 0.765258 0.160938 0.244131
0 1.0 0.814844 0.764085 0.107813 0.082160
0 1.0 0.862500 0.774648 0.050000 0.079812
0 1.0 0.171094 0.808685 0.101562 0.176056
0 1.0 0.063281 0.826291 0.092188 0.103286
0 1.0 0.054688 0.870892 0.109375 0.117371
0 1.0 0.947656 0.812207 0.104688 0.103286
0 1.0 0.884375 0.815728 0.231250 0.124413
0 1.0 0.821094 0.819249 0.107813 0.093897
0 1.0 0.639062 0.816901 0.328125 0.131455
0 1.0 0.564063 0.825117 0.137500 0.105634
0 1.0 0.610938 0.794601 0.146875 0.298122
0 1.0 0.857031 0.827465 0.057813 0.096244
0 1.0 0.775000 0.829812 0.187500 0.161972
0 1.0 0.728906 0.178404 0.289062 0.136150
0 1.0 0.665625 0.251174 0.065625 0.183099
0 1.0 0.732812 0.075117 0.534375 0.150235
0 1.0 0.846094 0.183099 0.123438 0.103286
0 1.0 0.162500 0.186620 0.325000 0.373239
0 1.0 0.601562 0.264085 0.056250 0.157277
0 1.0 0.764844 0.206573 0.229687 0.347418
0 1.0 0.907031 0.181925 0.185938 0.171362
0 1.0 0.942187 0.960094 0.115625 0.079812
0 1.0 0.075781 0.233568 0.135937 0.105634
0 1.0 0.948438 0.181925 0.103125 0.110329
0 1.0 0.335156 0.184272 0.085938 0.096244
0 1.0 0.397656 0.215962 0.104688 0.211268
0 1.0 0.554688 0.246479 0.600000 0.234742
0 1.0 0.349219 0.238263 0.539062 0.241784
0 1.0 0.820312 0.267606 0.356250 0.502347
0 1.0 0.724219 0.327465 0.235937 0.518779
0 1.0 0.492188 0.233568 0.037500 0.072770
0 1.0 0.557031 0.279343 0.048438 0.140845
0 1.0 0.506250 0.193662 0.212500 0.161972
0 1.0 0.505469 0.286385 0.045312 0.117371
0 1.0 0.539844 0.193662 0.045312 0.063380
0 1.0 0.437500 0.259390 0.065625 0.105634
0 1.0 0.137500 0.968310 0.075000 0.053991
0 1.0 0.063281 0.965962 0.045312 0.044601
0 1.0 0.050781 0.950704 0.101562 0.098592
0 1.0 0.965625 0.927230 0.059375 0.145540
0 1.0 0.311719 0.961268 0.070312 0.077465
0 1.0 0.242188 0.936620 0.112500 0.126761
0 1.0 0.126562 0.957746 0.125000 0.084507
0 1.0 0.190625 0.958920 0.103125 0.082160
0 1.0 0.249219 0.961268 0.082812 0.058685
0 1.0 0.660937 0.902582 0.100000 0.166667
0 1.0 0.825781 0.946009 0.167187 0.107981
0 1.0 0.764062 0.929577 0.103125 0.140845
0 1.0 0.710938 0.933099 0.096875 0.133803
0 1.0 0.337500 0.957746 0.068750 0.070423
0 1.0 0.730469 0.951878 0.182812 0.096244
0 1.0 0.703906 0.960094 0.098437 0.056338
0 1.0 0.747656 0.957746 0.110937 0.061033
0 1.0 0.086719 0.240610 0.045312 0.082160
0 1.0 0.921875 0.926056 0.096875 0.147887
0 1.0 0.858594 0.960094 0.070312 0.051643
0 1.0 0.874219 0.934272 0.123438 0.131455
0 1.0 0.475000 0.955399 0.090625 0.070423
0 1.0 0.439844 0.951878 0.101562 0.082160
0 1.0 0.665625 0.951878 0.134375 0.096244
0 1.0 0.388281 0.960094 0.042188 0.051643
0 1.0 0.354687 0.950704 0.118750 0.093897
0 1.0 0.611719 0.946009 0.079687 0.107981
0 1.0 0.635938 0.957746 0.100000 0.056338
0 1.0 0.554688 0.954225 0.071875 0.091549
0 1.0 0.598437 0.955399 0.078125 0.056338
0 1.0 0.503125 0.960094 0.040625 0.042254
0 1.0 0.536719 0.955399 0.079687 0.056338
0 1.0 0.503906 0.948357 0.170313 0.093897
0 1.0 0.567187 0.950704 0.171875 0.098592
0 1.0 0.812500 0.584507 0.368750 0.539906
0 1.0 0.346094 0.833333 0.339062 0.300469
0 1.0 0.893750 0.171362 0.212500 0.342723
0 1.0 0.444531 0.088028 0.498437 0.176056
0 1.0 0.503906 0.812207 0.498437 0.375587