0 1.0 0.348946 0.619531 0.416862 0.539062
0 1.0 0.419204 0.500000 0.468384 1.000000
0 1.0 0.788056 0.603125 0.194379 0.106250
0 1.0 0.772834 0.604688 0.290398 0.284375
0 1.0 0.707260 0.626563 0.126464 0.334375
0 1.0 0.768150 0.627344 0.107728 0.173437
0 1.0 0.649883 0.635938 0.114754 0.415625
0 1.0 0.187354 0.672656 0.093677 0.357812
0 1.0 0.894614 0.602344 0.210773 0.285938
0 1.0 0.810304 0.607031 0.079625 0.064062
0 1.0 0.884075 0.611719 0.105386 0.167187
0 1.0 0.857143 0.611719 0.060890 0.060937
0 1.0 0.816159 0.628906 0.114754 0.217188
0 1.0 0.098361 0.663281 0.121780 0.126562
0 1.0 0.093677 0.666406 0.187354 0.342187
0 1.0 0.393443 0.610156 0.140515 0.364063
0 1.0 0.406323 0.602344 0.278689 0.123438
0 1.0 0.462529 0.597656 0.124122 0.182812
0 1.0 0.502342 0.610938 0.035129 0.062500
0 1.0 0.447307 0.632031 0.135831 0.357812
0 1.0 0.508197 0.591406 0.163934 0.226562
0 1.0 0.188525 0.656250 0.269321 0.115625
0 1.0 0.675644 0.601562 0.269321 0.112500
0 1.0 0.875878 0.604688 0.248244 0.121875
0 1.0 0.607728 0.629687 0.110070 0.400000
0 1.0 0.598361 0.595313 0.124122 0.118750
0 1.0 0.585480 0.618750 0.243560 0.353125
0 1.0 0.599532 0.592187 0.163934 0.215625
0 1.0 0.532787 0.602344 0.231850 0.110937
0 1.0 0.564403 0.603125 0.070258 0.087500
0 1.0 0.446136 0.657813 0.311475 0.128125
0 1.0 0.500000 0.664844 0.049180 0.076563
0 1.0 0.951991 0.607031 0.096019 0.110937
0 1.0 0.346604 0.644531 0.135831 0.454688
0 1.0 0.585480 0.655469 0.304450 0.135937
0 1.0 0.285714 0.644531 0.145199 0.423438
0 1.0 0.441452 0.658594 0.067916 0.085938
0 1.0 0.685012 0.658594 0.156909 0.135937
0 1.0 0.663934 0.675781 0.245902 0.354687
0 1.0 0.911007 0.662500 0.154567 0.206250
0 1.0 0.604215 0.657031 0.140515 0.145313
0 1.0 0.784543 0.656250 0.323185 0.131250
0 1.0 0.331382 0.650781 0.274005 0.129688
0 1.0 0.028103 0.669531 0.056206 0.214062
0 1.0 0.961358 0.645312 0.044496 0.131250
0 1.0 0.449649 0.604688 0.051522 0.078125
0 1.0 0.243560 0.650000 0.182670 0.253125
0 1.0 0.045667 0.663281 0.067916 0.092188
0 1.0 0.255269 0.655469 0.093677 0.101562
0 1.0 0.533958 0.660937 0.074941 0.106250
0 1.0 0.197892 0.657031 0.110070 0.110937
0 1.0 0.192037 0.661719 0.224824 0.360938
0 1.0 0.148712 0.660937 0.110070 0.125000
0 1.0 0.496487 0.685937 0.229508 0.387500
0 1.0 0.553864 0.546875 0.213115 0.171875
0 1.0 0.819672 0.548438 0.281030 0.150000
0 1.0 0.207260 0.599219 0.180328 0.114062
0 1.0 0.442623 0.567187 0.056206 0.165625
0 1.0 0.477752 0.551562 0.103044 0.103125
0 1.0 0.422717 0.558594 0.283372 0.301563
0 1.0 0.399297 0.544531 0.259953 0.139063
0 1.0 0.714286 0.559375 0.098361 0.181250
0 1.0 0.716628 0.542969 0.206089 0.214062
0 1.0 0.946136 0.557031 0.107728 0.145313
0 1.0 0.920375 0.545312 0.117096 0.306250
0 1.0 0.550351 0.579688 0.126464 0.300000
0 1.0 0.251756 0.546875 0.119438 0.112500
0 1.0 0.265808 0.563281 0.269321 0.342187
0 1.0 0.186183 0.560156 0.119438 0.326562
0 1.0 0.146370 0.548438 0.166276 0.100000
0 1.0 0.135831 0.552344 0.121780 0.345313
0 1.0 0.419204 0.542969 0.117096 0.123438
0 1.0 0.078454 0.551562 0.114754 0.359375
0 1.0 0.677986 0.547656 0.316159 0.126562
0 1.0 0.656909 0.570312 0.091335 0.228125
0 1.0 0.233021 0.551562 0.138173 0.293750
0 1.0 0.283372 0.537500 0.079625 0.106250
0 1.0 0.332553 0.522656 0.210773 0.257812
0 1.0 0.525761 0.604688 0.063232 0.087500
0 1.0 0.159251 0.603906 0.084309 0.107813
0 1.0 0.316159 0.593750 0.145199 0.112500
0 1.0 0.098361 0.607031 0.093677 0.107813
0 1.0 0.689696 0.599219 0.128806 0.104688
0 1.0 0.250585 0.596094 0.046838 0.082812
0 1.0 0.854801 0.552344 0.074941 0.073438
0 1.0 0.770492 0.572656 0.093677 0.142187
0 1.0 0.820843 0.579688 0.077283 0.115625
0 1.0 0.057377 0.605469 0.114754 0.085938
0 1.0 0.040984 0.601562 0.081967 0.240625
0 1.0 0.961358 0.598437 0.039813 0.115625
0 1.0 0.449649 0.746875 0.107728 0.300000
0 1.0 0.774005 0.760938 0.185012 0.231250
0 1.0 0.706089 0.756250 0.110070 0.321875
0 1.0 0.747073 0.764062 0.309133 0.143750
0 1.0 0.384075 0.750000 0.131148 0.306250
0 1.0 0.391101 0.775781 0.295082 0.139063
0 1.0 0.654567 0.758594 0.180328 0.282813
0 1.0 0.572600 0.764844 0.316159 0.145313
0 1.0 0.879391 0.754687 0.185012 0.278125
0 1.0 0.831382 0.768750 0.140515 0.140625
0 1.0 0.533958 0.767188 0.206089 0.271875
0 1.0 0.128806 0.756250 0.131148 0.365625
0 1.0 0.140515 0.762500 0.281030 0.134375
0 1.0 0.343091 0.772656 0.142857 0.235937
0 1.0 0.110070 0.768750 0.112412 0.128125
0 1.0 0.035129 0.775000 0.070258 0.256250
0 1.0 0.289227 0.768750 0.133489 0.275000
0 1.0 0.078454 0.767969 0.138173 0.385937
0 1.0 0.290398 0.757812 0.266979 0.306250
0 1.0 0.276347 0.772656 0.323185 0.148438
0 1.0 0.192037 0.777344 0.121780 0.282813
0 1.0 0.208431 0.818750 0.266979 0.203125
0 1.0 0.439110 0.803125 0.283372 0.234375
0 1.0 0.140515 0.814844 0.229508 0.295312
0 1.0 0.111241 0.814063 0.222482 0.125000
0 1.0 0.597190 0.800781 0.187354 0.239063
0 1.0 0.058548 0.823438 0.079625 0.100000
0 1.0 0.961358 0.759375 0.058548 0.190625
0 1.0 0.923888 0.760156 0.152225 0.120313
0 1.0 0.133489 0.712500 0.252927 0.121875
0 1.0 0.155738 0.717969 0.105386 0.120313
0 1.0 0.110070 0.718750 0.103044 0.109375
0 1.0 0.336066 0.725000 0.236534 0.137500
0 1.0 0.048009 0.717187 0.067916 0.087500
0 1.0 0.600703 0.714844 0.180328 0.157812
0 1.0 0.290398 0.732812 0.126464 0.103125
0 1.0 0.439110 0.714063 0.316159 0.125000
0 1.0 0.817330 0.687500 0.299766 0.296875
0 1.0 0.093677 0.553125 0.126464 0.134375
0 1.0 0.057377 0.714844 0.114754 0.189062
0 1.0 0.946136 0.655469 0.107728 0.095312
0 1.0 0.954333 0.685156 0.072600 0.170313
0 1.0 0.210773 0.722656 0.126464 0.104688
0 1.0 0.826698 0.657031 0.088993 0.073438
0 1.0 0.859485 0.661719 0.088993 0.082812
0 1.0 0.055035 0.768750 0.067916 0.090625
0 1.0 0.740047 0.703906 0.290398 0.135937
0 1.0 0.935597 0.706250 0.128806 0.109375
0 1.0 0.852459 0.716406 0.103044 0.107813
0 1.0 0.872365 0.707812 0.255269 0.143750
0 1.0 0.469555 0.721094 0.124122 0.110937
0 1.0 0.406323 0.725000 0.166276 0.118750
0 1.0 0.566745 0.300781 0.229508 0.335938
0 1.0 0.536300 0.339844 0.295082 0.148438
0 1.0 0.881733 0.501563 0.236534 0.140625
0 1.0 0.432084 0.310156 0.114754 0.295312
0 1.0 0.477752 0.341406 0.135831 0.110937
0 1.0 0.757611 0.343750 0.241218 0.165625
0 1.0 0.703747 0.334375 0.114754 0.328125
0 1.0 0.711944 0.319531 0.243560 0.335938
0 1.0 0.652225 0.341406 0.077283 0.245312
0 1.0 0.660422 0.341406 0.295082 0.129688
0 1.0 0.310304 0.334375 0.124122 0.196875
0 1.0 0.233021 0.350781 0.105386 0.270313
0 1.0 0.269321 0.338281 0.229508 0.123438
0 1.0 0.251756 0.325000 0.264637 0.353125
0 1.0 0.189696 0.344531 0.088993 0.282813
0 1.0 0.185012 0.335938 0.248244 0.171875
0 1.0 0.122951 0.332031 0.124122 0.339062
0 1.0 0.457845 0.296875 0.274005 0.387500
0 1.0 0.412178 0.339062 0.299766 0.137500
0 1.0 0.345433 0.313281 0.152225 0.364063
0 1.0 0.231850 0.425781 0.084309 0.198437
0 1.0 0.257611 0.404687 0.285714 0.109375
0 1.0 0.768150 0.339062 0.112412 0.253125
0 1.0 0.165105 0.392969 0.199063 0.095312
0 1.0 0.454333 0.376563 0.182670 0.243750
0 1.0 0.395785 0.346875 0.117096 0.393750
0 1.0 0.393443 0.403125 0.257611 0.109375
0 1.0 0.285714 0.403125 0.117096 0.240625
0 1.0 0.590164 0.379688 0.173302 0.218750
0 1.0 0.919204 0.349219 0.138173 0.370312
0 1.0 0.900468 0.344531 0.199063 0.157812
0 1.0 0.873536 0.325781 0.103044 0.295312
0 1.0 0.839578 0.341406 0.185012 0.110937
0 1.0 0.076112 0.368750 0.100703 0.400000
0 1.0 0.813817 0.338281 0.105386 0.282813
0 1.0 0.814988 0.348438 0.276347 0.340625
0 1.0 0.103044 0.401562 0.126464 0.112500
0 1.0 0.078454 0.382812 0.156909 0.231250
0 1.0 0.038642 0.388281 0.077283 0.310937
0 1.0 0.051522 0.395313 0.103044 0.084375
0 1.0 0.961358 0.363281 0.044496 0.142187
0 1.0 0.241218 0.285938 0.224824 0.137500
0 1.0 0.231850 0.283594 0.084309 0.179688
0 1.0 0.197892 0.292187 0.077283 0.137500
0 1.0 0.148712 0.295312 0.180328 0.115625
0 1.0 0.377049 0.281250 0.224824 0.140625
0 1.0 0.029274 0.061719 0.058548 0.123438
0 1.0 0.048009 0.039062 0.096019 0.078125
0 1.0 0.154567 0.033594 0.135831 0.067187
0 1.0 0.673302 0.336719 0.653396 0.673438
0 1.0 0.749415 0.569531 0.501171 0.860938
0 1.0 0.588993 0.720313 0.822014 0.537500
0 1.0 0.125293 0.225781 0.213115 0.367188
0 1.0 0.126464 0.064062 0.084309 0.128125
0 1.0 0.133489 0.086719 0.234192 0.173437
0 1.0 0.074941 0.084375 0.093677 0.168750
0 1.0 0.112412 0.028906 0.103044 0.057813
0 1.0 0.891101 0.289062 0.217799 0.128125
0 1.0 0.851288 0.288281 0.105386 0.085938
0 1.0 0.884075 0.253125 0.063232 0.153125
0 1.0 0.468384 0.282813 0.215457 0.203125
0 1.0 0.822014 0.265625 0.070258 0.162500
0 1.0 0.814988 0.275781 0.182670 0.226562
0 1.0 0.112412 0.344531 0.182670 0.104688
0 1.0 0.030445 0.310156 0.060890 0.232813
0 1.0 0.059719 0.340625 0.119438 0.090625
0 1.0 0.961358 0.304688 0.053864 0.175000
0 1.0 0.953162 0.288281 0.093677 0.101562
0 1.0 0.538642 0.283594 0.206089 0.126562
0 1.0 0.761124 0.287500 0.201405 0.121875
0 1.0 0.771663 0.257812 0.072600 0.159375
0 1.0 0.711944 0.271094 0.084309 0.185938
0 1.0 0.591335 0.270313 0.114754 0.287500
0 1.0 0.655738 0.285156 0.187354 0.114062
0 1.0 0.257611 0.482812 0.201405 0.203125
0 1.0 0.152225 0.496875 0.201405 0.106250
0 1.0 0.132319 0.499219 0.222482 0.323437
0 1.0 0.399297 0.501563 0.156909 0.240625
0 1.0 0.892272 0.444531 0.215457 0.301563
0 1.0 0.884075 0.490625 0.086651 0.193750
0 1.0 0.854801 0.449219 0.056206 0.067187
0 1.0 0.846604 0.453906 0.208431 0.135937
0 1.0 0.826698 0.482031 0.065574 0.139063
0 1.0 0.769321 0.478125 0.086651 0.212500
0 1.0 0.777518 0.445312 0.215457 0.112500
0 1.0 0.085480 0.500000 0.156909 0.143750
0 1.0 0.036300 0.502344 0.067916 0.251563
0 1.0 0.050351 0.500000 0.100703 0.087500
0 1.0 0.961358 0.496094 0.039813 0.126562
0 1.0 0.925059 0.449219 0.149883 0.154688
0 1.0 0.858314 0.506250 0.086651 0.087500
0 1.0 0.817330 0.533594 0.093677 0.176563
0 1.0 0.779859 0.501563 0.295082 0.137500
0 1.0 0.055035 0.551562 0.110070 0.093750
0 1.0 0.943794 0.500000 0.112412 0.106250
0 1.0 0.949649 0.529687 0.067916 0.137500
0 1.0 0.551522 0.496094 0.283372 0.126562
0 1.0 0.494145 0.514844 0.098361 0.229687
0 1.0 0.508197 0.480469 0.252927 0.270313
0 1.0 0.440281 0.496094 0.060890 0.160938
0 1.0 0.449649 0.488281 0.238876 0.117188
0 1.0 0.667447 0.499219 0.266979 0.160938
0 1.0 0.603044 0.509375 0.110070 0.209375
0 1.0 0.845433 0.393750 0.163934 0.109375
0 1.0 0.881733 0.419531 0.096019 0.217188
0 1.0 0.177986 0.448437 0.098361 0.075000
0 1.0 0.817330 0.395313 0.295082 0.137500
0 1.0 0.090164 0.451562 0.180328 0.128125
0 1.0 0.059719 0.450000 0.044496 0.053125
0 1.0 0.037471 0.450781 0.074941 0.092188
0 1.0 0.960187 0.453125 0.056206 0.193750
0 1.0 0.936768 0.394531 0.126464 0.107813
0 1.0 0.713115 0.395313 0.283372 0.128125
0 1.0 0.508197 0.396094 0.299766 0.151562
0 1.0 0.666276 0.398438 0.072600 0.193750
0 1.0 0.551522 0.448437 0.245902 0.131250
0 1.0 0.077283 0.451562 0.074941 0.225000
0 1.0 0.435597 0.428125 0.084309 0.237500
0 1.0 0.477752 0.456250 0.140515 0.087500
0 1.0 0.709602 0.450781 0.252927 0.154688
0 1.0 0.498829 0.436719 0.098361 0.167187
0 1.0 0.708431 0.468750 0.086651 0.237500
0 1.0 0.955504 0.446875 0.088993 0.093750
0 1.0 0.670960 0.466406 0.067916 0.173437
0 1.0 0.241218 0.487500 0.084309 0.131250
0 1.0 0.188525 0.471875 0.077283 0.225000
0 1.0 0.238876 0.453906 0.140515 0.085938
0 1.0 0.135831 0.443750 0.098361 0.278125
0 1.0 0.118267 0.450781 0.081967 0.073438
0 1.0 0.204918 0.439844 0.255269 0.279687
0 1.0 0.377049 0.457031 0.299766 0.142187
0 1.0 0.344262 0.471875 0.107728 0.190625
0 1.0 0.665105 0.660156 0.557377 0.248438
0 1.0 0.674473 0.627344 0.416862 0.476562
0 1.0 0.631148 0.127344 0.283372 0.126562
0 1.0 0.814988 0.135156 0.257611 0.151562
0 1.0 0.764637 0.149219 0.119438 0.254688
0 1.0 0.757611 0.142969 0.269321 0.251563
0 1.0 0.653396 0.153125 0.098361 0.156250
0 1.0 0.599532 0.171875 0.084309 0.190625
0 1.0 0.583138 0.142187 0.257611 0.221875
0 1.0 0.526932 0.134375 0.295082 0.131250
0 1.0 0.832553 0.627344 0.217799 0.557813
0 1.0 0.508197 0.605469 0.402810 0.529687
0 1.0 0.553864 0.161719 0.124122 0.217188
0 1.0 0.665105 0.543750 0.590164 0.221875
0 1.0 0.941452 0.139844 0.117096 0.173437
0 1.0 0.896956 0.146875 0.206089 0.256250
0 1.0 0.845433 0.128125 0.149883 0.100000
0 1.0 0.711944 0.162500 0.112412 0.225000
0 1.0 0.880562 0.153906 0.103044 0.189062
0 1.0 0.814988 0.162500 0.103044 0.237500
0 1.0 0.299766 0.140625 0.281030 0.221875
0 1.0 0.305621 0.136719 0.147541 0.139063
0 1.0 0.229508 0.142969 0.126464 0.279687
0 1.0 0.549180 0.749219 0.526932 0.235937
0 1.0 0.077283 0.120313 0.154567 0.137500
0 1.0 0.050351 0.142187 0.100703 0.284375
0 1.0 0.966042 0.112500 0.049180 0.134375
0 1.0 0.948478 0.075781 0.103044 0.095312
0 1.0 0.266979 0.831250 0.533958 0.218750
0 1.0 0.505855 0.161719 0.117096 0.195312
0 1.0 0.447307 0.159375 0.098361 0.162500
0 1.0 0.453162 0.147656 0.269321 0.189062
0 1.0 0.392272 0.162500 0.124122 0.171875
0 1.0 0.182670 0.155469 0.135831 0.310937
0 1.0 0.348946 0.162500 0.098361 0.162500
0 1.0 0.365340 0.137500 0.299766 0.115625
0 1.0 0.652225 0.192969 0.264637 0.270313
0 1.0 0.658080 0.180469 0.173302 0.185938
0 1.0 0.521077 0.220312 0.255269 0.290625
0 1.0 0.654567 0.349219 0.611241 0.235937
0 1.0 0.836066 0.178125 0.121780 0.096875
0 1.0 0.838407 0.176563 0.196721 0.146875
0 1.0 0.269321 0.344531 0.529274 0.248438
0 1.0 0.181499 0.294531 0.348946 0.529687
0 1.0 0.195550 0.607031 0.391101 0.520312
0 1.0 0.120609 0.174219 0.241218 0.126562
0 1.0 0.737705 0.454688 0.519906 0.231250
0 1.0 0.058548 0.177344 0.117096 0.092188
0 1.0 0.966042 0.168750 0.058548 0.171875
0 1.0 0.347775 0.474219 0.466042 0.235937
0 1.0 0.532787 0.460156 0.508197 0.214062
0 1.0 0.179157 0.178125 0.072600 0.146875
0 1.0 0.354801 0.204687 0.269321 0.256250
0 1.0 0.293911 0.207813 0.114754 0.237500
0 1.0 0.658080 0.066406 0.065574 0.107813
0 1.0 0.656909 0.032031 0.156909 0.064062
0 1.0 0.665105 0.080469 0.234192 0.160938
0 1.0 0.596019 0.103906 0.053864 0.095312
0 1.0 0.872365 0.053125 0.142857 0.106250
0 1.0 0.814988 0.030469 0.163934 0.060937
0 1.0 0.825527 0.046875 0.063232 0.093750
0 1.0 0.766979 0.059375 0.081967 0.118750
0 1.0 0.613583 0.057813 0.121780 0.106250
0 1.0 0.549180 0.109375 0.058548 0.103125
0 1.0 0.641686 0.876563 0.716628 0.246875
0 1.0 0.586651 0.032031 0.105386 0.060937
0 1.0 0.709602 0.053125 0.149883 0.106250
0 1.0 0.549180 0.082031 0.236534 0.164062
0 1.0 0.562061 0.061719 0.126464 0.114062
0 1.0 0.476581 0.516406 0.775176 0.332813
0 1.0 0.950820 0.032813 0.098361 0.065625
0 1.0 0.925059 0.057031 0.070258 0.114062
0 1.0 0.469555 0.293750 0.733021 0.343750
0 1.0 0.110070 0.428906 0.220141 0.857812
0 1.0 0.717799 0.046875 0.067916 0.093750
0 1.0 0.867681 0.028125 0.096019 0.056250
0 1.0 0.882904 0.043750 0.056206 0.081250
0 1.0 0.861827 0.080469 0.238876 0.160938
0 1.0 0.289227 0.045312 0.180328 0.090625
0 1.0 0.236534 0.077344 0.084309 0.154688
0 1.0 0.407494 0.066406 0.173302 0.132812
0 1.0 0.346604 0.091406 0.074941 0.123438
0 1.0 0.362998 0.028906 0.088993 0.057813
0 1.0 0.293911 0.085156 0.067916 0.117188
0 1.0 0.244731 0.085156 0.245902 0.170313
0 1.0 0.186183 0.074219 0.077283 0.148438
0 1.0 0.517564 0.030469 0.121780 0.060937
0 1.0 0.510539 0.092188 0.074941 0.093750
0 1.0 0.496487 0.042188 0.206089 0.084375
0 1.0 0.505855 0.065625 0.121780 0.112500
0 1.0 0.450820 0.091406 0.067916 0.095312
0 1.0 0.599532 0.076563 0.046838 0.059375
0 1.0 0.326698 0.800781 0.653396 0.398438
0 1.0 0.336066 0.178906 0.672131 0.357812
0 1.0 0.313817 0.495312 0.627635 0.525000
0 1.0 0.395785 0.100781 0.098361 0.142187
0 1.0 0.425059 0.032031 0.213115 0.064062
0 1.0 0.832553 0.849219 0.334895 0.204687
0 1.0 0.600703 0.084375 0.222482 0.106250
0 1.0 0.735363 0.925781 0.529274 0.148438
0 1.0 0.415691 0.089844 0.316159 0.123438
0 1.0 0.221311 0.925000 0.442623 0.150000
0 1.0 0.551522 0.143750 0.081967 0.134375
0 1.0 0.822014 0.106250 0.084309 0.143750
0 1.0 0.759953 0.076563 0.274005 0.109375
0 1.0 0.711944 0.093750 0.098361 0.181250
0 1.0 0.641686 0.124219 0.716628 0.248438
0 1.0 0.966042 0.044531 0.035129 0.073438
0 1.0 0.461358 0.102344 0.163934 0.110937
0 1.0 0.448478 0.924219 0.587822 0.151562
0 1.0 0.118267 0.132031 0.110070 0.264062
0 1.0 0.179157 0.906250 0.185012 0.150000
0 1.0 0.126464 0.912500 0.098361 0.175000
0 1.0 0.415691 0.908594 0.288056 0.085938
0 1.0 0.389930 0.882031 0.152225 0.176563
0 1.0 0.083138 0.910937 0.096019 0.178125
0 1.0 0.098361 0.921875 0.196721 0.131250
0 1.0 0.032787 0.921094 0.065574 0.157812
0 1.0 0.333724 0.878125 0.255269 0.225000
0 1.0 0.344262 0.892969 0.159251 0.132812
0 1.0 0.295082 0.892188 0.112412 0.190625
0 1.0 0.291569 0.908594 0.334895 0.092188
0 1.0 0.553864 0.913281 0.227166 0.098437
0 1.0 0.240047 0.886719 0.138173 0.179688
0 1.0 0.544496 0.886719 0.278689 0.226562
0 1.0 0.829040 0.829688 0.056206 0.103125
0 1.0 0.771663 0.811719 0.063232 0.139063
0 1.0 0.781030 0.864844 0.320843 0.107813
0 1.0 0.716628 0.814063 0.056206 0.128125
0 1.0 0.926230 0.868750 0.147541 0.106250
0 1.0 0.955504 0.867188 0.060890 0.100000
0 1.0 0.962529 0.855469 0.032787 0.076563
0 1.0 0.919204 0.850781 0.161593 0.260937
0 1.0 0.881733 0.795312 0.091335 0.175000
0 1.0 0.851288 0.867969 0.124122 0.092188
0 1.0 0.128806 0.958594 0.135831 0.076563
0 1.0 0.822014 0.913281 0.196721 0.164062
0 1.0 0.765808 0.897656 0.103044 0.204687
0 1.0 0.786885 0.915625 0.332553 0.100000
0 1.0 0.713115 0.898438 0.096019 0.203125
0 1.0 0.723653 0.894531 0.266979 0.210938
0 1.0 0.926230 0.924219 0.147541 0.123438
0 1.0 0.964871 0.939063 0.056206 0.121875
0 1.0 0.244731 0.960938 0.180328 0.078125
0 1.0 0.873536 0.885938 0.117096 0.228125
0 1.0 0.446136 0.895312 0.105386 0.196875
0 1.0 0.658080 0.898438 0.098361 0.203125
0 1.0 0.606557 0.899219 0.103044 0.201563
0 1.0 0.496487 0.892188 0.140515 0.178125
0 1.0 0.548009 0.899219 0.107728 0.201563
0 1.0 0.823185 0.907813 0.091335 0.162500
0 1.0 0.662763 0.830469 0.056206 0.126562
0 1.0 0.920375 0.814063 0.159251 0.115625
0 1.0 0.293911 0.850000 0.203747 0.140625
0 1.0 0.954333 0.812500 0.091335 0.215625
0 1.0 0.823185 0.810156 0.236534 0.132812
0 1.0 0.740047 0.818750 0.182670 0.146875
0 1.0 0.498829 0.821875 0.121780 0.143750
0 1.0 0.448478 0.836719 0.067916 0.114062
0 1.0 0.454333 0.864062 0.196721 0.109375
0 1.0 0.679157 0.863281 0.201405 0.120313
0 1.0 0.656909 0.839063 0.264637 0.221875
0 1.0 0.613583 0.833594 0.060890 0.117188
0 1.0 0.549180 0.827344 0.063232 0.104688
0 1.0 0.127635 0.867188 0.072600 0.165625
0 1.0 0.384075 0.836719 0.088993 0.148438
0 1.0 0.112412 0.874219 0.224824 0.117188
0 1.0 0.065574 0.875000 0.084309 0.096875
0 1.0 0.298595 0.835938 0.086651 0.137500
0 1.0 0.235363 0.835938 0.096019 0.187500
0 1.0 0.187354 0.835938 0.084309 0.187500
0 1.0 0.558548 0.863281 0.180328 0.107813
0 1.0 0.462529 0.225000 0.311475 0.178125
0 1.0 0.158080 0.145313 0.316159 0.231250
0 1.0 0.264637 0.236719 0.295082 0.148438
0 1.0 0.647541 0.260937 0.100703 0.306250
0 1.0 0.585480 0.228906 0.257611 0.142187
0 1.0 0.103044 0.233594 0.168618 0.139063
0 1.0 0.040984 0.243750 0.081967 0.100000
0 1.0 0.731850 0.243750 0.536300 0.234375
0 1.0 0.923888 0.201563 0.119438 0.328125
0 1.0 0.220141 0.239844 0.440281 0.248438
0 1.0 0.175644 0.245312 0.173302 0.262500
0 1.0 0.277518 0.242188 0.110070 0.125000
0 1.0 0.511710 0.954688 0.199063 0.090625
0 1.0 0.459016 0.963281 0.098361 0.060937
0 1.0 0.437939 0.956250 0.173302 0.087500
0 1.0 0.457845 0.922656 0.236534 0.154688
0 1.0 0.393443 0.921875 0.098361 0.156250
0 1.0 0.703747 0.965625 0.114754 0.062500
0 1.0 0.663934 0.956250 0.086651 0.087500
0 1.0 0.677986 0.955469 0.208431 0.089063
0 1.0 0.362998 0.964844 0.117096 0.064062
0 1.0 0.926230 0.965625 0.147541 0.068750
0 1.0 0.611241 0.950781 0.074941 0.098437
0 1.0 0.551522 0.950781 0.072600 0.098437
0 1.0 0.592506 0.963281 0.093677 0.057813
0 1.0 0.822014 0.950781 0.154567 0.098437
0 1.0 0.611241 0.929688 0.238876 0.140625
0 1.0 0.185012 0.945312 0.140515 0.109375
0 1.0 0.085480 0.960156 0.086651 0.064062
0 1.0 0.297424 0.949219 0.131148 0.101562
0 1.0 0.501171 0.941406 0.079625 0.117188
0 1.0 0.874707 0.229687 0.128806 0.346875
0 1.0 0.836066 0.235156 0.149883 0.104688
0 1.0 0.820843 0.232031 0.302108 0.135937
0 1.0 0.050351 0.296094 0.072600 0.089063
0 1.0 0.940281 0.232813 0.119438 0.112500
0 1.0 0.956674 0.248438 0.086651 0.228125
0 1.0 0.359485 0.080469 0.536300 0.160938
0 1.0 0.905152 0.229687 0.189696 0.159375
0 1.0 0.706089 0.232031 0.278689 0.132812
0 1.0 0.766979 0.952344 0.077283 0.095312
0 1.0 0.783372 0.965625 0.142857 0.068750
0 1.0 0.874707 0.947656 0.086651 0.104688
0 1.0 0.848946 0.965625 0.077283 0.053125
0 1.0 0.211944 0.599219 0.081967 0.101562
0 1.0 0.352459 0.497656 0.222482 0.589063
0 1.0 0.763466 0.443750 0.243560 0.600000
0 1.0 0.505855 0.428906 0.266979 0.645312
0 1.0 0.259953 0.646094 0.510539 0.276562
0 1.0 0.204918 0.549219 0.161593 0.145313
0 1.0 0.759953 0.806250 0.264637 0.387500
0 1.0 0.841920 0.221094 0.231850 0.442188
0 1.0 0.652225 0.277344 0.217799 0.554688
0 1.0 0.927400 0.559375 0.145199 0.578125
0 1.0 0.845433 0.832812 0.206089 0.334375