0 1.0 0.813281 0.612412 0.076563 0.203747
0 1.0 0.598437 0.610070 0.040625 0.161593
0 1.0 0.617188 0.597190 0.218750 0.168618
0 1.0 0.563281 0.619438 0.057813 0.203747
0 1.0 0.625781 0.599532 0.051562 0.088993
0 1.0 0.506250 0.632319 0.050000 0.177986
0 1.0 0.516406 0.599532 0.270313 0.243560
0 1.0 0.429688 0.666276 0.025000 0.110070
0 1.0 0.783594 0.594848 0.310937 0.154567
0 1.0 0.789062 0.601874 0.056250 0.173302
0 1.0 0.715625 0.593677 0.075000 0.250585
0 1.0 0.730469 0.599532 0.035937 0.131148
0 1.0 0.661719 0.600703 0.060937 0.231850
0 1.0 0.672656 0.606557 0.039062 0.149883
0 1.0 0.703125 0.598361 0.131250 0.128806
0 1.0 0.297656 0.615925 0.251563 0.276347
0 1.0 0.322656 0.640515 0.064062 0.133489
0 1.0 0.235156 0.673302 0.051562 0.213115
0 1.0 0.214844 0.606557 0.310937 0.121780
0 1.0 0.282031 0.617096 0.020313 0.053864
0 1.0 0.190625 0.663934 0.062500 0.245902
0 1.0 0.503125 0.604215 0.187500 0.103044
0 1.0 0.183594 0.639344 0.117188 0.309133
0 1.0 0.196094 0.607728 0.126562 0.138173
0 1.0 0.187500 0.625293 0.256250 0.290398
0 1.0 0.133594 0.644028 0.051562 0.201405
0 1.0 0.209375 0.605386 0.034375 0.081967
0 1.0 0.419531 0.631148 0.082812 0.208431
0 1.0 0.550781 0.608899 0.014063 0.056206
0 1.0 0.385937 0.656909 0.034375 0.152225
0 1.0 0.385156 0.634660 0.089063 0.252927
0 1.0 0.500781 0.610070 0.014063 0.049180
0 1.0 0.391406 0.606557 0.242188 0.262295
0 1.0 0.288281 0.621780 0.014063 0.044496
0 1.0 0.348438 0.676815 0.037500 0.159251
0 1.0 0.369531 0.599532 0.214062 0.112412
0 1.0 0.348438 0.647541 0.081250 0.231850
0 1.0 0.407031 0.606557 0.039062 0.079625
0 1.0 0.306250 0.677986 0.031250 0.138173
0 1.0 0.222656 0.659251 0.198437 0.114754
0 1.0 0.317188 0.672131 0.084375 0.257611
0 1.0 0.301563 0.668618 0.018750 0.058548
0 1.0 0.319531 0.665105 0.023438 0.065574
0 1.0 0.427344 0.672131 0.051562 0.182670
0 1.0 0.496875 0.662763 0.184375 0.107728
0 1.0 0.535937 0.666276 0.021875 0.063232
0 1.0 0.451562 0.648712 0.237500 0.234192
0 1.0 0.480469 0.666276 0.017188 0.067916
0 1.0 0.344531 0.659251 0.260937 0.142857
0 1.0 0.924219 0.601874 0.151562 0.271663
0 1.0 0.917188 0.644028 0.059375 0.201405
0 1.0 0.886719 0.606557 0.167187 0.168618
0 1.0 0.783594 0.600703 0.023438 0.058548
0 1.0 0.886719 0.634660 0.035937 0.135831
0 1.0 0.839844 0.605386 0.023438 0.072600
0 1.0 0.040625 0.039813 0.081250 0.079625
0 1.0 0.874219 0.626464 0.064062 0.241218
0 1.0 0.131250 0.680328 0.112500 0.320843
0 1.0 0.204687 0.661593 0.031250 0.072600
0 1.0 0.083594 0.694379 0.048438 0.245902
0 1.0 0.167187 0.660422 0.031250 0.070258
0 1.0 0.026562 0.703747 0.046875 0.227166
0 1.0 0.071875 0.654567 0.143750 0.096019
0 1.0 0.092188 0.661593 0.018750 0.063232
0 1.0 0.069531 0.659251 0.139063 0.264637
0 1.0 0.959375 0.666276 0.031250 0.133489
0 1.0 0.931250 0.606557 0.137500 0.107728
0 1.0 0.946094 0.647541 0.042188 0.138173
0 1.0 0.233594 0.625293 0.035937 0.121780
0 1.0 0.279687 0.564403 0.062500 0.093677
0 1.0 0.235937 0.566745 0.168750 0.196721
0 1.0 0.187500 0.632319 0.037500 0.135831
0 1.0 0.202344 0.563232 0.279687 0.124122
0 1.0 0.141406 0.626464 0.035937 0.128806
0 1.0 0.142969 0.556206 0.251563 0.274005
0 1.0 0.137500 0.571429 0.146875 0.177986
0 1.0 0.092188 0.626464 0.034375 0.133489
0 1.0 0.396094 0.624122 0.032813 0.138173
0 1.0 0.437500 0.549180 0.284375 0.128806
0 1.0 0.506250 0.558548 0.015625 0.063232
0 1.0 0.391406 0.555035 0.132812 0.093677
0 1.0 0.366406 0.585480 0.089063 0.154567
0 1.0 0.291406 0.641686 0.029687 0.126464
0 1.0 0.291406 0.612412 0.070312 0.185012
0 1.0 0.296094 0.570258 0.023438 0.063232
0 1.0 0.328906 0.591335 0.035937 0.086651
0 1.0 0.905469 0.528103 0.142187 0.194379
0 1.0 0.877344 0.579625 0.042188 0.166276
0 1.0 0.757812 0.511710 0.025000 0.053864
0 1.0 0.890625 0.574941 0.028125 0.096019
0 1.0 0.788281 0.518735 0.073438 0.086651
0 1.0 0.849219 0.517564 0.242188 0.276347
0 1.0 0.826562 0.560890 0.046875 0.142857
0 1.0 0.802344 0.514052 0.267188 0.147541
0 1.0 0.771875 0.564403 0.065625 0.210773
0 1.0 0.142187 0.560890 0.075000 0.105386
0 1.0 0.029687 0.639344 0.025000 0.121780
0 1.0 0.033594 0.612412 0.045312 0.128806
0 1.0 0.119531 0.569087 0.026562 0.065574
0 1.0 0.053125 0.571429 0.087500 0.135831
0 1.0 0.953125 0.500000 0.093750 0.091335
0 1.0 0.939844 0.578454 0.042188 0.107728
0 1.0 0.954688 0.607728 0.025000 0.096019
0 1.0 0.780469 0.558548 0.026562 0.063232
0 1.0 0.834375 0.565574 0.031250 0.072600
0 1.0 0.466406 0.567916 0.092188 0.170960
0 1.0 0.800781 0.579625 0.157812 0.231850
0 1.0 0.167969 0.605386 0.032813 0.077283
0 1.0 0.094531 0.605386 0.123438 0.180328
0 1.0 0.110156 0.605386 0.085938 0.077283
0 1.0 0.951562 0.553864 0.096875 0.100703
0 1.0 0.125000 0.612412 0.018750 0.058548
0 1.0 0.595313 0.545667 0.340625 0.117096
0 1.0 0.564844 0.558548 0.160938 0.213115
0 1.0 0.508594 0.557377 0.164062 0.234192
0 1.0 0.443750 0.629977 0.018750 0.093677
0 1.0 0.514844 0.552693 0.145313 0.103044
0 1.0 0.546094 0.557377 0.020313 0.070258
0 1.0 0.737500 0.546838 0.353125 0.133489
0 1.0 0.664062 0.555035 0.156250 0.224824
0 1.0 0.609375 0.590164 0.031250 0.145199
0 1.0 0.300781 0.758782 0.289062 0.131148
0 1.0 0.318750 0.758782 0.121875 0.121780
0 1.0 0.346094 0.750585 0.239063 0.245902
0 1.0 0.296875 0.724824 0.075000 0.236534
0 1.0 0.232813 0.730679 0.084375 0.332553
0 1.0 0.307812 0.761124 0.040625 0.088993
0 1.0 0.225000 0.752927 0.246875 0.306792
0 1.0 0.553906 0.759953 0.176563 0.208431
0 1.0 0.505469 0.736534 0.110937 0.259953
0 1.0 0.499219 0.756440 0.304688 0.126464
0 1.0 0.494531 0.752927 0.260937 0.269321
0 1.0 0.439063 0.711944 0.062500 0.159251
0 1.0 0.339844 0.711944 0.076563 0.206089
0 1.0 0.502344 0.763466 0.045312 0.079625
0 1.0 0.386719 0.731850 0.120313 0.245902
0 1.0 0.432031 0.759953 0.042188 0.077283
0 1.0 0.435937 0.734192 0.125000 0.236534
0 1.0 0.064844 0.771663 0.129688 0.306792
0 1.0 0.962500 0.731850 0.053125 0.199063
0 1.0 0.934375 0.711944 0.131250 0.112412
0 1.0 0.923438 0.702576 0.153125 0.257611
0 1.0 0.186719 0.759953 0.289062 0.133489
0 1.0 0.877344 0.713115 0.245312 0.133489
0 1.0 0.817969 0.715457 0.026562 0.053864
0 1.0 0.875000 0.716628 0.025000 0.056206
0 1.0 0.203906 0.763466 0.114062 0.135831
0 1.0 0.178125 0.750585 0.140625 0.217799
0 1.0 0.184375 0.768150 0.056250 0.107728
0 1.0 0.138281 0.764637 0.214062 0.372365
0 1.0 0.073438 0.765808 0.025000 0.060890
0 1.0 0.131250 0.764637 0.062500 0.110070
0 1.0 0.067969 0.759953 0.135937 0.105386
0 1.0 0.074219 0.810304 0.148438 0.103044
0 1.0 0.078906 0.817330 0.026562 0.065574
0 1.0 0.917188 0.761124 0.165625 0.112412
0 1.0 0.868750 0.734192 0.096875 0.288056
0 1.0 0.170313 0.813817 0.284375 0.128806
0 1.0 0.177344 0.820843 0.085938 0.128806
0 1.0 0.136719 0.819672 0.060937 0.107728
0 1.0 0.717187 0.744731 0.256250 0.285714
0 1.0 0.658594 0.734192 0.098437 0.259953
0 1.0 0.675781 0.757611 0.317188 0.133489
0 1.0 0.689844 0.763466 0.148438 0.131148
0 1.0 0.817969 0.768150 0.057813 0.070258
0 1.0 0.603125 0.736534 0.084375 0.175644
0 1.0 0.557031 0.730679 0.089063 0.229508
0 1.0 0.880469 0.771663 0.029687 0.058548
0 1.0 0.860156 0.748244 0.229687 0.274005
0 1.0 0.817187 0.706089 0.084375 0.274005
0 1.0 0.818750 0.759953 0.300000 0.124122
0 1.0 0.750000 0.764637 0.118750 0.119438
0 1.0 0.770312 0.736534 0.109375 0.334895
0 1.0 0.805469 0.763466 0.104688 0.107728
0 1.0 0.710156 0.734192 0.107813 0.278689
0 1.0 0.874219 0.655738 0.251563 0.140515
0 1.0 0.802344 0.655738 0.029687 0.065574
0 1.0 0.852344 0.655738 0.029687 0.079625
0 1.0 0.143750 0.704918 0.212500 0.117096
0 1.0 0.186719 0.706089 0.029687 0.077283
0 1.0 0.054688 0.701405 0.109375 0.086651
0 1.0 0.078906 0.706089 0.020313 0.058548
0 1.0 0.144531 0.703747 0.039062 0.081967
0 1.0 0.662500 0.644028 0.140625 0.177986
0 1.0 0.596875 0.628806 0.093750 0.283372
0 1.0 0.626563 0.653396 0.306250 0.126464
0 1.0 0.560937 0.644028 0.115625 0.238876
0 1.0 0.582812 0.661593 0.062500 0.086651
0 1.0 0.798438 0.644028 0.137500 0.135831
0 1.0 0.743750 0.651054 0.353125 0.140515
0 1.0 0.713281 0.654567 0.082812 0.100703
0 1.0 0.670312 0.700234 0.328125 0.121780
0 1.0 0.703125 0.703747 0.071875 0.086651
0 1.0 0.658594 0.700234 0.185938 0.220141
0 1.0 0.607812 0.701405 0.053125 0.072600
0 1.0 0.557031 0.700234 0.251563 0.252927
0 1.0 0.805469 0.681499 0.239063 0.266979
0 1.0 0.798438 0.706089 0.115625 0.114754
0 1.0 0.747656 0.706089 0.089063 0.100703
0 1.0 0.357812 0.713115 0.028125 0.096019
0 1.0 0.527344 0.700234 0.220312 0.107728
0 1.0 0.325000 0.709602 0.028125 0.079625
0 1.0 0.244531 0.693208 0.164062 0.243560
0 1.0 0.257812 0.706089 0.315625 0.142857
0 1.0 0.547656 0.700234 0.076563 0.093677
0 1.0 0.500781 0.701405 0.029687 0.072600
0 1.0 0.364063 0.704918 0.084375 0.121780
0 1.0 0.439844 0.706089 0.029687 0.081967
0 1.0 0.141406 0.347775 0.204687 0.156909
0 1.0 0.072656 0.393443 0.039062 0.159251
0 1.0 0.146875 0.343091 0.087500 0.086651
0 1.0 0.108594 0.333724 0.217188 0.283372
0 1.0 0.018750 0.385246 0.025000 0.114754
0 1.0 0.046094 0.343091 0.092188 0.091335
0 1.0 0.020313 0.371194 0.040625 0.170960
0 1.0 0.950781 0.326698 0.035937 0.119438
0 1.0 0.942187 0.291569 0.115625 0.091335
0 1.0 0.332031 0.351288 0.245312 0.126464
0 1.0 0.282813 0.377049 0.096875 0.257611
0 1.0 0.295312 0.336066 0.234375 0.325527
0 1.0 0.326562 0.378220 0.028125 0.077283
0 1.0 0.236719 0.391101 0.064062 0.238876
0 1.0 0.242188 0.388759 0.043750 0.149883
0 1.0 0.246094 0.347775 0.248438 0.161593
0 1.0 0.148438 0.392272 0.037500 0.110070
0 1.0 0.200781 0.409836 0.032813 0.117096
0 1.0 0.221094 0.350117 0.142187 0.105386
0 1.0 0.193750 0.373536 0.093750 0.189696
0 1.0 0.208594 0.377049 0.039062 0.093677
0 1.0 0.776563 0.329040 0.078125 0.250585
0 1.0 0.765625 0.285714 0.278125 0.126464
0 1.0 0.796094 0.298595 0.017188 0.053864
0 1.0 0.777344 0.288056 0.142187 0.182670
0 1.0 0.721094 0.334895 0.076563 0.238876
0 1.0 0.905469 0.292740 0.189062 0.154567
0 1.0 0.714844 0.292740 0.251563 0.252927
0 1.0 0.670312 0.359485 0.046875 0.142857
0 1.0 0.687500 0.339578 0.015625 0.046838
0 1.0 0.739062 0.309133 0.018750 0.056206
0 1.0 0.924219 0.271663 0.151562 0.318501
0 1.0 0.970313 0.290398 0.059375 0.121780
0 1.0 0.921875 0.274005 0.071875 0.154567
0 1.0 0.879687 0.325527 0.068750 0.215457
0 1.0 0.894531 0.300937 0.017188 0.053864
0 1.0 0.823438 0.341920 0.078125 0.229508
0 1.0 0.836719 0.311475 0.020313 0.056206
0 1.0 0.807813 0.285714 0.237500 0.276347
0 1.0 0.820312 0.292740 0.068750 0.079625
0 1.0 0.805469 0.357143 0.173437 0.213115
0 1.0 0.776563 0.396956 0.053125 0.189696
0 1.0 0.768750 0.339578 0.278125 0.121780
0 1.0 0.790625 0.394614 0.031250 0.110070
0 1.0 0.288281 0.407494 0.035937 0.159251
0 1.0 0.722656 0.418033 0.035937 0.128806
0 1.0 0.733594 0.407494 0.026562 0.088993
0 1.0 0.714844 0.351288 0.176563 0.201405
0 1.0 0.674219 0.447307 0.020313 0.070258
0 1.0 0.682031 0.427400 0.017188 0.049180
0 1.0 0.941406 0.345433 0.117188 0.105386
0 1.0 0.939844 0.388759 0.042188 0.103044
0 1.0 0.918750 0.368852 0.071875 0.292740
0 1.0 0.897656 0.353630 0.204687 0.163934
0 1.0 0.831250 0.409836 0.028125 0.093677
0 1.0 0.867969 0.406323 0.045312 0.156909
0 1.0 0.808594 0.352459 0.132812 0.096019
0 1.0 0.872656 0.407494 0.026562 0.088993
0 1.0 0.825781 0.413349 0.045312 0.166276
0 1.0 0.454688 0.443794 0.015625 0.049180
0 1.0 0.521875 0.355972 0.118750 0.093677
0 1.0 0.451562 0.399297 0.081250 0.128806
0 1.0 0.469531 0.357143 0.201563 0.166276
0 1.0 0.502344 0.387588 0.026562 0.063232
0 1.0 0.399219 0.441452 0.032813 0.110070
0 1.0 0.415625 0.340749 0.234375 0.306792
0 1.0 0.426563 0.373536 0.071875 0.119438
0 1.0 0.351562 0.434426 0.037500 0.119438
0 1.0 0.350000 0.394614 0.093750 0.180328
0 1.0 0.381250 0.384075 0.031250 0.070258
0 1.0 0.403125 0.405152 0.075000 0.145199
0 1.0 0.618750 0.459016 0.018750 0.056206
0 1.0 0.635938 0.345433 0.300000 0.114754
0 1.0 0.622656 0.437939 0.014063 0.037471
0 1.0 0.617969 0.336066 0.251563 0.250585
0 1.0 0.553906 0.443794 0.026562 0.072600
0 1.0 0.553125 0.414520 0.040625 0.070258
0 1.0 0.560937 0.360656 0.146875 0.145199
0 1.0 0.511719 0.443794 0.029687 0.086651
0 1.0 0.732031 0.289227 0.035937 0.096019
0 1.0 0.599219 0.373536 0.035937 0.105386
0 1.0 0.688281 0.240047 0.304688 0.124122
0 1.0 0.683594 0.295082 0.026562 0.070258
0 1.0 0.697656 0.245902 0.139063 0.112412
0 1.0 0.600781 0.320843 0.042188 0.121780
0 1.0 0.600781 0.304450 0.023438 0.065574
0 1.0 0.670312 0.306792 0.043750 0.135831
0 1.0 0.856250 0.229508 0.187500 0.173302
0 1.0 0.884375 0.242389 0.093750 0.283372
0 1.0 0.894531 0.254098 0.048438 0.152225
0 1.0 0.818750 0.244731 0.050000 0.091335
0 1.0 0.828906 0.289227 0.035937 0.105386
0 1.0 0.784375 0.274005 0.040625 0.107728
0 1.0 0.438281 0.240047 0.310937 0.138173
0 1.0 0.393750 0.254098 0.115625 0.241218
0 1.0 0.188281 0.081967 0.217188 0.163934
0 1.0 0.212500 0.053864 0.053125 0.098361
0 1.0 0.136719 0.100703 0.032813 0.103044
0 1.0 0.192969 0.033958 0.070312 0.067916
0 1.0 0.144531 0.076112 0.039062 0.086651
0 1.0 0.171094 0.056206 0.082812 0.112412
0 1.0 0.083594 0.106557 0.039062 0.110070
0 1.0 0.153125 0.030445 0.056250 0.060890
0 1.0 0.124219 0.039813 0.092188 0.079625
0 1.0 0.098437 0.081967 0.196875 0.163934
0 1.0 0.098437 0.056206 0.090625 0.112412
0 1.0 0.021875 0.097190 0.028125 0.096019
0 1.0 0.616406 0.250585 0.164062 0.187354
0 1.0 0.551562 0.326698 0.059375 0.133489
0 1.0 0.625781 0.248244 0.045312 0.074941
0 1.0 0.565625 0.244731 0.246875 0.274005
0 1.0 0.506250 0.336066 0.053125 0.124122
0 1.0 0.536719 0.242389 0.214062 0.114754
0 1.0 0.555469 0.250585 0.064062 0.088993
0 1.0 0.459375 0.357143 0.031250 0.077283
0 1.0 0.460156 0.319672 0.076563 0.105386
0 1.0 0.528125 0.251756 0.034375 0.067916
0 1.0 0.453906 0.247073 0.229687 0.274005
0 1.0 0.513281 0.327869 0.020313 0.042155
0 1.0 0.396875 0.366511 0.050000 0.138173
0 1.0 0.405469 0.338407 0.079687 0.142857
0 1.0 0.432031 0.295082 0.032813 0.065574
0 1.0 0.349219 0.324356 0.110937 0.222482
0 1.0 0.356250 0.289227 0.278125 0.199063
0 1.0 0.385937 0.300937 0.031250 0.072600
0 1.0 0.425781 0.298595 0.095312 0.133489
0 1.0 0.654687 0.291569 0.228125 0.114754
0 1.0 0.599219 0.348946 0.014063 0.042155
0 1.0 0.575000 0.297424 0.187500 0.145199
0 1.0 0.513281 0.365340 0.029687 0.065574
0 1.0 0.517188 0.310304 0.109375 0.142857
0 1.0 0.461719 0.393443 0.029687 0.074941
0 1.0 0.559375 0.304450 0.028125 0.056206
0 1.0 0.051562 0.303279 0.046875 0.180328
0 1.0 0.137500 0.286885 0.134375 0.105386
0 1.0 0.050781 0.277518 0.017188 0.058548
0 1.0 0.094531 0.275176 0.142187 0.199063
0 1.0 0.037500 0.345433 0.037500 0.170960
0 1.0 0.046094 0.292740 0.092188 0.084309
0 1.0 0.932813 0.233021 0.134375 0.110070
0 1.0 0.946094 0.255269 0.057813 0.159251
0 1.0 0.328906 0.304450 0.023438 0.070258
0 1.0 0.232813 0.283372 0.237500 0.121780
0 1.0 0.252344 0.326698 0.035937 0.119438
0 1.0 0.193750 0.334895 0.053125 0.201405
0 1.0 0.170313 0.289227 0.240625 0.185012
0 1.0 0.216406 0.303279 0.020313 0.058548
0 1.0 0.146094 0.310304 0.060937 0.203747
0 1.0 0.158594 0.285714 0.026562 0.074941
0 1.0 0.890625 0.539813 0.018750 0.053864
0 1.0 0.798438 0.456674 0.196875 0.117096
0 1.0 0.875000 0.475410 0.143750 0.163934
0 1.0 0.834375 0.539813 0.025000 0.072600
0 1.0 0.953125 0.381733 0.021875 0.070258
0 1.0 0.825781 0.478923 0.101562 0.133489
0 1.0 0.775781 0.545667 0.045312 0.121780
0 1.0 0.792188 0.548009 0.021875 0.056206
0 1.0 0.755469 0.455504 0.279687 0.274005
0 1.0 0.719531 0.552693 0.039062 0.112412
0 1.0 0.085156 0.510539 0.092188 0.070258
0 1.0 0.025000 0.564403 0.050000 0.140515
0 1.0 0.081250 0.519906 0.040625 0.060890
0 1.0 0.070312 0.510539 0.140625 0.276347
0 1.0 0.045312 0.528103 0.084375 0.128806
0 1.0 0.954688 0.562061 0.021875 0.074941
0 1.0 0.919531 0.449649 0.048438 0.060890
0 1.0 0.940625 0.532787 0.037500 0.081967
0 1.0 0.814844 0.455504 0.020313 0.044496
0 1.0 0.929688 0.462529 0.140625 0.283372
0 1.0 0.921875 0.530445 0.059375 0.203747
0 1.0 0.918750 0.475410 0.068750 0.117096
0 1.0 0.575781 0.491803 0.057813 0.088993
0 1.0 0.515625 0.552693 0.025000 0.103044
0 1.0 0.557813 0.462529 0.062500 0.063232
0 1.0 0.522656 0.537471 0.020313 0.067916
0 1.0 0.509375 0.462529 0.225000 0.119438
0 1.0 0.511719 0.453162 0.251563 0.278689
0 1.0 0.525000 0.492974 0.053125 0.091335
0 1.0 0.450781 0.558548 0.014063 0.063232
0 1.0 0.735156 0.540984 0.017188 0.046838
0 1.0 0.445312 0.509368 0.050000 0.124122
0 1.0 0.509375 0.502342 0.018750 0.049180
0 1.0 0.402344 0.564403 0.026562 0.093677
0 1.0 0.450000 0.455504 0.153125 0.086651
0 1.0 0.407813 0.536300 0.034375 0.084309
0 1.0 0.410156 0.453162 0.251563 0.278689
0 1.0 0.562500 0.460187 0.012500 0.030445
0 1.0 0.725781 0.482436 0.145313 0.159251
0 1.0 0.671094 0.549180 0.026562 0.091335
0 1.0 0.679688 0.457845 0.328125 0.124122
0 1.0 0.682031 0.540984 0.017188 0.051522
0 1.0 0.666406 0.478923 0.154688 0.166276
0 1.0 0.619531 0.545667 0.017188 0.051522
0 1.0 0.618750 0.455504 0.284375 0.269321
0 1.0 0.619531 0.483607 0.104688 0.138173
0 1.0 0.559375 0.549180 0.031250 0.100703
0 1.0 0.617188 0.556206 0.025000 0.086651
0 1.0 0.560937 0.546838 0.062500 0.175644
0 1.0 0.505469 0.580796 0.029687 0.140515
0 1.0 0.533594 0.503513 0.270313 0.112412
0 1.0 0.451562 0.605386 0.015625 0.086651
0 1.0 0.507812 0.515222 0.056250 0.084309
0 1.0 0.675781 0.504684 0.345313 0.110070
0 1.0 0.680469 0.559719 0.032813 0.121780
0 1.0 0.610156 0.525761 0.176563 0.203747
0 1.0 0.199219 0.504684 0.304688 0.114754
0 1.0 0.181250 0.560890 0.100000 0.180328
0 1.0 0.405469 0.562061 0.073438 0.173302
0 1.0 0.134375 0.508197 0.134375 0.084309
0 1.0 0.096094 0.570258 0.045312 0.114754
0 1.0 0.475000 0.521077 0.037500 0.067916
0 1.0 0.417187 0.526932 0.125000 0.173302
0 1.0 0.353906 0.611241 0.029687 0.117096
0 1.0 0.363281 0.508197 0.223438 0.112412
0 1.0 0.369531 0.512881 0.101562 0.103044
0 1.0 0.353125 0.517564 0.246875 0.295082
0 1.0 0.293750 0.514052 0.081250 0.100703
0 1.0 0.232031 0.572600 0.051562 0.152225
0 1.0 0.289062 0.601874 0.028125 0.121780
0 1.0 0.517188 0.408665 0.175000 0.128806
0 1.0 0.518750 0.407494 0.056250 0.074941
0 1.0 0.451562 0.459016 0.068750 0.140515
0 1.0 0.430469 0.489461 0.042188 0.079625
0 1.0 0.400000 0.496487 0.040625 0.126464
0 1.0 0.411719 0.482436 0.035937 0.084309
0 1.0 0.345313 0.483607 0.050000 0.138173
0 1.0 0.369531 0.406323 0.279687 0.124122
0 1.0 0.485938 0.421546 0.056250 0.103044
0 1.0 0.672656 0.401639 0.317188 0.119438
0 1.0 0.681250 0.497658 0.012500 0.035129
0 1.0 0.612500 0.509368 0.028125 0.081967
0 1.0 0.618750 0.502342 0.012500 0.035129
0 1.0 0.525000 0.500000 0.018750 0.053864
0 1.0 0.615625 0.415691 0.150000 0.152225
0 1.0 0.554688 0.509368 0.040625 0.100703
0 1.0 0.559375 0.497658 0.025000 0.053864
0 1.0 0.563281 0.420375 0.114062 0.119438
0 1.0 0.146875 0.487119 0.043750 0.107728
0 1.0 0.152344 0.400468 0.279687 0.126464
0 1.0 0.157812 0.480094 0.025000 0.056206
0 1.0 0.067187 0.487119 0.037500 0.107728
0 1.0 0.128125 0.398126 0.140625 0.103044
0 1.0 0.024219 0.461358 0.035937 0.168618
0 1.0 0.060156 0.396956 0.120313 0.105386
0 1.0 0.040625 0.399297 0.053125 0.086651
0 1.0 0.067187 0.391101 0.134375 0.276347
0 1.0 0.073438 0.482436 0.018750 0.051522
0 1.0 0.298438 0.456674 0.050000 0.159251
0 1.0 0.239844 0.462529 0.029687 0.081967
0 1.0 0.239063 0.411007 0.240625 0.152225
0 1.0 0.195312 0.461358 0.053125 0.126464
0 1.0 0.176563 0.393443 0.234375 0.271663
0 1.0 0.193750 0.523419 0.056250 0.081967
0 1.0 0.223438 0.489461 0.028125 0.056206
0 1.0 0.148438 0.571429 0.028125 0.065574
0 1.0 0.208594 0.457845 0.042188 0.063232
0 1.0 0.156250 0.551522 0.018750 0.039813
0 1.0 0.667969 0.503513 0.029687 0.079625
0 1.0 0.163281 0.480094 0.067187 0.079625
0 1.0 0.092188 0.564403 0.025000 0.079625
0 1.0 0.181250 0.457845 0.021875 0.044496
0 1.0 0.102344 0.548009 0.017188 0.046838
0 1.0 0.114844 0.456674 0.229687 0.126464
0 1.0 0.110937 0.483607 0.071875 0.091335
0 1.0 0.021094 0.524590 0.023438 0.103044
0 1.0 0.096875 0.455504 0.015625 0.035129
0 1.0 0.356250 0.555035 0.025000 0.074941
0 1.0 0.347656 0.462529 0.014063 0.035129
0 1.0 0.357031 0.522248 0.051562 0.098361
0 1.0 0.282813 0.456674 0.196875 0.117096
0 1.0 0.384375 0.500000 0.021875 0.049180
0 1.0 0.300000 0.546838 0.025000 0.086651
0 1.0 0.373437 0.461358 0.084375 0.079625
0 1.0 0.267969 0.457845 0.026562 0.049180
0 1.0 0.337500 0.494145 0.018750 0.051522
0 1.0 0.241406 0.528103 0.045312 0.138173
0 1.0 0.307812 0.450820 0.031250 0.058548
0 1.0 0.246875 0.522248 0.028125 0.079625
0 1.0 0.198437 0.564403 0.025000 0.060890
0 1.0 0.865625 0.418033 0.143750 0.166276
0 1.0 0.803125 0.400468 0.284375 0.131148
0 1.0 0.839063 0.485948 0.018750 0.058548
0 1.0 0.721094 0.490632 0.048438 0.114754
0 1.0 0.739844 0.495316 0.014063 0.039813
0 1.0 0.792969 0.501171 0.017188 0.042155
0 1.0 0.043750 0.455504 0.081250 0.077283
0 1.0 0.954688 0.494145 0.031250 0.107728
0 1.0 0.953125 0.396956 0.093750 0.100703
0 1.0 0.943750 0.464871 0.046875 0.110070
0 1.0 0.864062 0.471897 0.059375 0.166276
0 1.0 0.874219 0.482436 0.020313 0.060890
0 1.0 0.711719 0.155738 0.195312 0.175644
0 1.0 0.667969 0.229508 0.035937 0.098361
0 1.0 0.678125 0.216628 0.025000 0.058548
0 1.0 0.631250 0.211944 0.021875 0.058548
0 1.0 0.609375 0.140515 0.268750 0.154567
0 1.0 0.481250 0.634660 0.771875 0.201405
0 1.0 0.460156 0.638173 0.539062 0.377049
0 1.0 0.557031 0.196721 0.057813 0.140515
0 1.0 0.506250 0.189696 0.071875 0.173302
0 1.0 0.517969 0.132319 0.260937 0.124122
0 1.0 0.651563 0.627635 0.218750 0.449649
0 1.0 0.723437 0.229508 0.040625 0.098361
0 1.0 0.731250 0.216628 0.028125 0.058548
0 1.0 0.089063 0.656909 0.178125 0.536300
0 1.0 0.847656 0.489461 0.195312 0.548009
0 1.0 0.753125 0.621780 0.200000 0.433255
0 1.0 0.710156 0.622951 0.439063 0.257611
0 1.0 0.242188 0.648712 0.418750 0.402810
0 1.0 0.246094 0.641686 0.492188 0.196721
0 1.0 0.179688 0.141686 0.146875 0.231850
0 1.0 0.147656 0.211944 0.035937 0.133489
0 1.0 0.156250 0.133489 0.187500 0.121780
0 1.0 0.197656 0.845433 0.395313 0.206089
0 1.0 0.356250 0.140515 0.159375 0.126464
0 1.0 0.339062 0.149883 0.221875 0.290398
0 1.0 0.281250 0.199063 0.053125 0.192037
0 1.0 0.277344 0.176815 0.104688 0.241218
0 1.0 0.242969 0.153396 0.020313 0.053864
0 1.0 0.717187 0.749415 0.528125 0.210773
0 1.0 0.084375 0.192037 0.034375 0.103044
0 1.0 0.087500 0.148712 0.150000 0.194379
0 1.0 0.033594 0.195550 0.039062 0.166276
0 1.0 0.071875 0.134660 0.100000 0.086651
0 1.0 0.052344 0.145199 0.092188 0.149883
0 1.0 0.453906 0.843091 0.589063 0.210773
0 1.0 0.217969 0.137002 0.132812 0.133489
0 1.0 0.234375 0.163934 0.206250 0.318501
0 1.0 0.196094 0.189696 0.045312 0.224824
0 1.0 0.351562 0.186183 0.081250 0.175644
0 1.0 0.440625 0.208431 0.050000 0.112412
0 1.0 0.505469 0.139344 0.057813 0.086651
0 1.0 0.449219 0.144028 0.242188 0.255269
0 1.0 0.385937 0.747073 0.621875 0.215457
0 1.0 0.356250 0.725995 0.434375 0.426230
0 1.0 0.435156 0.177986 0.107813 0.145199
0 1.0 0.642188 0.723653 0.450000 0.426230
0 1.0 0.350781 0.215457 0.045312 0.154567
0 1.0 0.384375 0.183841 0.062500 0.166276
0 1.0 0.472656 0.142857 0.039062 0.065574
0 1.0 0.146094 0.507026 0.210938 0.644028
0 1.0 0.232813 0.451991 0.465625 0.210773
0 1.0 0.450781 0.463700 0.195312 0.491803
0 1.0 0.486719 0.460187 0.704688 0.199063
0 1.0 0.471094 0.460187 0.482812 0.405152
0 1.0 0.107031 0.189696 0.064062 0.070258
0 1.0 0.036719 0.218970 0.073438 0.213115
0 1.0 0.889844 0.138173 0.054688 0.084309
0 1.0 0.890625 0.183841 0.046875 0.119438
0 1.0 0.247656 0.469555 0.176563 0.620609
0 1.0 0.242188 0.459016 0.418750 0.459016
0 1.0 0.135937 0.201405 0.134375 0.192037
0 1.0 0.071094 0.233021 0.045312 0.175644
0 1.0 0.343750 0.371194 0.196875 0.578454
0 1.0 0.364844 0.350117 0.610938 0.217799
0 1.0 0.349219 0.348946 0.410938 0.435597
0 1.0 0.061719 0.199063 0.048438 0.103044
0 1.0 0.958594 0.170960 0.051562 0.192037
0 1.0 0.938281 0.131148 0.123438 0.107728
0 1.0 0.780469 0.352459 0.439063 0.217799
0 1.0 0.817187 0.341920 0.331250 0.529274
0 1.0 0.145313 0.187354 0.234375 0.290398
0 1.0 0.567187 0.367681 0.475000 0.412178
0 1.0 0.360156 0.542155 0.457813 0.381733
0 1.0 0.913281 0.145199 0.135937 0.210773
0 1.0 0.596094 0.552693 0.610938 0.220141
0 1.0 0.253906 0.556206 0.507812 0.194379
0 1.0 0.839844 0.134660 0.204687 0.124122
0 1.0 0.834375 0.202576 0.031250 0.072600
0 1.0 0.775000 0.215457 0.056250 0.131148
0 1.0 0.784375 0.207260 0.034375 0.072600
0 1.0 0.827344 0.148712 0.251563 0.255269
0 1.0 0.756250 0.442623 0.196875 0.501171
0 1.0 0.890625 0.146370 0.100000 0.128806
0 1.0 0.745313 0.879391 0.509375 0.241218
0 1.0 0.878125 0.106557 0.037500 0.091335
0 1.0 0.924219 0.029274 0.054688 0.058548
0 1.0 0.496094 0.672131 0.320312 0.655738
0 1.0 0.889062 0.091335 0.021875 0.046838
0 1.0 0.906250 0.040984 0.115625 0.081967
0 1.0 0.665625 0.071429 0.046875 0.110070
0 1.0 0.669531 0.033958 0.198437 0.067916
0 1.0 0.664062 0.083138 0.246875 0.166276
0 1.0 0.601562 0.067916 0.053125 0.117096
0 1.0 0.635938 0.028103 0.093750 0.056206
0 1.0 0.830469 0.100703 0.039062 0.103044
0 1.0 0.772656 0.059719 0.139063 0.119438
0 1.0 0.842969 0.087822 0.023438 0.053864
0 1.0 0.830469 0.044496 0.176563 0.088993
0 1.0 0.772656 0.076112 0.060937 0.138173
0 1.0 0.783594 0.066745 0.039062 0.072600
0 1.0 0.762500 0.081967 0.234375 0.163934
0 1.0 0.870313 0.081967 0.221875 0.163934
0 1.0 0.025781 0.142857 0.029687 0.112412
0 1.0 0.060156 0.084309 0.101562 0.088993
0 1.0 0.737500 0.502342 0.525000 0.292740
0 1.0 0.959375 0.080796 0.025000 0.063232
0 1.0 0.953906 0.035129 0.092188 0.070258
0 1.0 0.950000 0.071429 0.037500 0.067916
0 1.0 0.926562 0.103044 0.053125 0.117096
0 1.0 0.932813 0.076112 0.134375 0.152225
0 1.0 0.199219 0.103044 0.039062 0.135831
0 1.0 0.227344 0.035129 0.073438 0.070258
0 1.0 0.393750 0.077283 0.075000 0.154567
0 1.0 0.390625 0.031616 0.181250 0.063232
0 1.0 0.419531 0.031616 0.064062 0.063232
0 1.0 0.406250 0.074941 0.221875 0.149883
0 1.0 0.282031 0.028103 0.029687 0.051522
0 1.0 0.335938 0.066745 0.087500 0.133489
0 1.0 0.270313 0.039813 0.100000 0.079625
0 1.0 0.500000 0.774005 1.000000 0.419204
0 1.0 0.480469 0.249415 0.042188 0.072600
0 1.0 0.078906 0.029274 0.039062 0.053864
0 1.0 0.286719 0.099532 0.039062 0.128806
0 1.0 0.242969 0.060890 0.126562 0.121780
0 1.0 0.289062 0.080796 0.225000 0.161593
0 1.0 0.307031 0.053864 0.073438 0.107728
0 1.0 0.232031 0.093677 0.054688 0.187354
0 1.0 0.615625 0.055035 0.131250 0.110070
0 1.0 0.555469 0.059719 0.060937 0.119438
0 1.0 0.574219 0.029274 0.089063 0.058548
0 1.0 0.556250 0.083138 0.237500 0.166276
0 1.0 0.501563 0.074941 0.071875 0.149883
0 1.0 0.499219 0.039813 0.164062 0.079625
0 1.0 0.718750 0.069087 0.053125 0.114754
0 1.0 0.727344 0.057377 0.042188 0.067916
0 1.0 0.443750 0.066745 0.040625 0.081967
0 1.0 0.525000 0.029274 0.025000 0.039813
0 1.0 0.509375 0.518735 0.981250 0.391101
0 1.0 0.442969 0.059719 0.092188 0.119438
0 1.0 0.509375 0.190867 0.981250 0.381733
0 1.0 0.449219 0.920375 0.579688 0.159251
0 1.0 0.555469 0.134660 0.067187 0.161593
0 1.0 0.784375 0.146370 0.037500 0.081967
0 1.0 0.716406 0.168618 0.048438 0.117096
0 1.0 0.207031 0.922717 0.414062 0.154567
0 1.0 0.721094 0.148712 0.035937 0.067916
0 1.0 0.439063 0.146370 0.053125 0.119438
0 1.0 0.477344 0.085480 0.123438 0.096019
0 1.0 0.433594 0.118267 0.114062 0.156909
0 1.0 0.610938 0.158080 0.043750 0.124122
0 1.0 0.957812 0.137002 0.037500 0.114754
0 1.0 0.923438 0.155738 0.059375 0.166276
0 1.0 0.667188 0.174473 0.040625 0.105386
0 1.0 0.675781 0.154567 0.032813 0.070258
0 1.0 0.880469 0.090164 0.085938 0.081967
0 1.0 0.892188 0.153396 0.031250 0.077283
0 1.0 0.828125 0.159251 0.046875 0.131148
0 1.0 0.842969 0.156909 0.026562 0.070258
0 1.0 0.774219 0.153396 0.060937 0.147541
0 1.0 0.092188 0.148712 0.040625 0.100703
0 1.0 0.129688 0.087822 0.087500 0.110070
0 1.0 0.749219 0.124122 0.501563 0.248244
0 1.0 0.708594 0.347775 0.320312 0.695550
0 1.0 0.196094 0.098361 0.085938 0.154567
0 1.0 0.137500 0.174473 0.034375 0.110070
0 1.0 0.394531 0.113583 0.114062 0.199063
0 1.0 0.467969 0.086651 0.042188 0.074941
0 1.0 0.369531 0.080796 0.085938 0.091335
0 1.0 0.242969 0.122951 0.485938 0.245902
0 1.0 0.832812 0.923888 0.334375 0.152225
0 1.0 0.252344 0.091335 0.026562 0.070258
0 1.0 0.234375 0.140515 0.087500 0.281030
0 1.0 0.286719 0.098361 0.101562 0.149883
0 1.0 0.075000 0.885246 0.112500 0.229508
0 1.0 0.112500 0.916862 0.225000 0.124122
0 1.0 0.032813 0.896956 0.065625 0.206089
0 1.0 0.053906 0.925059 0.079687 0.103044
0 1.0 0.964063 0.798595 0.018750 0.056206
0 1.0 0.928906 0.864169 0.142187 0.121780
0 1.0 0.954688 0.824356 0.034375 0.079625
0 1.0 0.925000 0.853630 0.150000 0.255269
0 1.0 0.292969 0.888759 0.229687 0.222482
0 1.0 0.299219 0.906323 0.126562 0.163934
0 1.0 0.229687 0.885246 0.106250 0.229508
0 1.0 0.185156 0.892272 0.114062 0.215457
0 1.0 0.135937 0.887588 0.112500 0.224824
0 1.0 0.772656 0.870023 0.198437 0.147541
0 1.0 0.764844 0.839578 0.270313 0.264637
0 1.0 0.717187 0.776347 0.046875 0.110070
0 1.0 0.725000 0.809133 0.043750 0.096019
0 1.0 0.925000 0.795082 0.056250 0.147541
0 1.0 0.667969 0.774005 0.048438 0.119438
0 1.0 0.657031 0.865340 0.282813 0.128806
0 1.0 0.676562 0.805621 0.040625 0.098361
0 1.0 0.647656 0.841920 0.242188 0.269321
0 1.0 0.603906 0.770492 0.045312 0.112412
0 1.0 0.607031 0.807963 0.039062 0.098361
0 1.0 0.880469 0.742389 0.029687 0.070258
0 1.0 0.814844 0.865340 0.120313 0.100703
0 1.0 0.889062 0.781030 0.025000 0.058548
0 1.0 0.867969 0.874707 0.048438 0.081967
0 1.0 0.789844 0.791569 0.032813 0.079625
0 1.0 0.831250 0.744731 0.031250 0.093677
0 1.0 0.841406 0.782201 0.023438 0.065574
0 1.0 0.778125 0.748244 0.034375 0.086651
0 1.0 0.766406 0.873536 0.107813 0.252927
0 1.0 0.710938 0.873536 0.106250 0.252927
0 1.0 0.709375 0.919204 0.293750 0.124122
0 1.0 0.265625 0.919204 0.115625 0.119438
0 1.0 0.659375 0.867681 0.109375 0.264637
0 1.0 0.942187 0.914520 0.115625 0.170960
0 1.0 0.871875 0.854801 0.087500 0.224824
0 1.0 0.817187 0.873536 0.106250 0.252927
0 1.0 0.451562 0.914520 0.228125 0.147541
0 1.0 0.392969 0.866511 0.123438 0.266979
0 1.0 0.393750 0.877049 0.265625 0.245902
0 1.0 0.603906 0.870023 0.107813 0.259953
0 1.0 0.604688 0.919204 0.240625 0.142857
0 1.0 0.553125 0.870023 0.106250 0.259953
0 1.0 0.499219 0.872365 0.110937 0.255269
0 1.0 0.496875 0.879391 0.243750 0.241218
0 1.0 0.713281 0.804450 0.317188 0.128806
0 1.0 0.814844 0.802108 0.114062 0.091335
0 1.0 0.882812 0.804450 0.031250 0.063232
0 1.0 0.820312 0.807963 0.218750 0.140515
0 1.0 0.396094 0.805621 0.207813 0.210773
0 1.0 0.337500 0.809133 0.115625 0.316159
0 1.0 0.288281 0.810304 0.201563 0.107728
0 1.0 0.554688 0.804450 0.315625 0.128806
0 1.0 0.283594 0.814988 0.029687 0.065574
0 1.0 0.296094 0.812646 0.154688 0.206089
0 1.0 0.442188 0.809133 0.106250 0.110070
0 1.0 0.490625 0.807963 0.084375 0.107728
0 1.0 0.397656 0.798595 0.057813 0.126464
0 1.0 0.424219 0.866511 0.129688 0.131148
0 1.0 0.345313 0.763466 0.040625 0.088993
0 1.0 0.292187 0.802108 0.040625 0.100703
0 1.0 0.213281 0.872365 0.245312 0.133489
0 1.0 0.275781 0.879391 0.032813 0.072600
0 1.0 0.346875 0.788056 0.084375 0.133489
0 1.0 0.560156 0.789227 0.051562 0.131148
0 1.0 0.545312 0.864169 0.300000 0.135831
0 1.0 0.447656 0.757611 0.026562 0.053864
0 1.0 0.486719 0.868852 0.082812 0.117096
0 1.0 0.128906 0.874707 0.085938 0.114754
0 1.0 0.054688 0.868852 0.109375 0.084309
0 1.0 0.071094 0.871194 0.032813 0.070258
0 1.0 0.234375 0.826698 0.056250 0.173302
0 1.0 0.928906 0.806792 0.142187 0.105386
0 1.0 0.954688 0.797424 0.090625 0.227166
0 1.0 0.082031 0.826698 0.057813 0.173302
0 1.0 0.663281 0.192037 0.132812 0.103044
0 1.0 0.610938 0.251756 0.031250 0.072600
0 1.0 0.769531 0.204918 0.126562 0.166276
0 1.0 0.724219 0.209602 0.085938 0.124122
0 1.0 0.581250 0.211944 0.068750 0.091335
0 1.0 0.506250 0.276347 0.050000 0.117096
0 1.0 0.542969 0.189696 0.157812 0.098361
0 1.0 0.553906 0.151054 0.589063 0.217799
0 1.0 0.942187 0.206089 0.078125 0.206089
0 1.0 0.142969 0.236534 0.264062 0.135831
0 1.0 0.867969 0.185012 0.079687 0.093677
0 1.0 0.862500 0.187354 0.131250 0.154567
0 1.0 0.061719 0.233021 0.057813 0.091335
0 1.0 0.325000 0.210773 0.018750 0.056206
0 1.0 0.783594 0.243560 0.432812 0.224824
0 1.0 0.653125 0.275176 0.262500 0.447307
0 1.0 0.248438 0.180328 0.256250 0.117096
0 1.0 0.550781 0.396956 0.210938 0.508197
0 1.0 0.194531 0.200234 0.017188 0.053864
0 1.0 0.156250 0.186183 0.259375 0.124122
0 1.0 0.507812 0.224824 0.021875 0.046838
0 1.0 0.428125 0.189696 0.300000 0.121780
0 1.0 0.264062 0.248244 0.528125 0.210773
0 1.0 0.238281 0.256440 0.376563 0.442623
0 1.0 0.559375 0.247073 0.578125 0.231850
0 1.0 0.635156 0.207260 0.073438 0.110070
0 1.0 0.592969 0.199063 0.126562 0.112412
0 1.0 0.403906 0.195550 0.076563 0.081967
0 1.0 0.332813 0.195550 0.168750 0.114754
0 1.0 0.318750 0.193208 0.071875 0.114754
0 1.0 0.450000 0.277518 0.040625 0.096019
0 1.0 0.549219 0.203747 0.029687 0.056206
0 1.0 0.447656 0.234192 0.089063 0.126464
0 1.0 0.374219 0.203747 0.029687 0.070258
0 1.0 0.449219 0.934426 0.076563 0.131148
0 1.0 0.505469 0.963700 0.064062 0.058548
0 1.0 0.476562 0.951991 0.156250 0.096019
0 1.0 0.396875 0.921546 0.090625 0.156909
0 1.0 0.411719 0.948478 0.182812 0.103044
0 1.0 0.342969 0.929742 0.085938 0.140515
0 1.0 0.316406 0.964871 0.054688 0.060890
0 1.0 0.295312 0.950820 0.156250 0.098361
0 1.0 0.608594 0.925059 0.082812 0.149883
0 1.0 0.639062 0.961358 0.137500 0.077283
0 1.0 0.539844 0.961358 0.126562 0.077283
0 1.0 0.596094 0.963700 0.098437 0.072600
0 1.0 0.169531 0.949649 0.132812 0.100703
0 1.0 0.156250 0.961358 0.075000 0.067916
0 1.0 0.071875 0.963700 0.065625 0.063232
0 1.0 0.964063 0.922717 0.046875 0.154567
0 1.0 0.260156 0.962529 0.101562 0.074941
0 1.0 0.278906 0.961358 0.045312 0.072600
0 1.0 0.192969 0.959016 0.079687 0.067916
0 1.0 0.193750 0.276347 0.040625 0.173302
0 1.0 0.185938 0.248244 0.087500 0.243560
0 1.0 0.971875 0.959016 0.053125 0.081967
0 1.0 0.346094 0.292740 0.051562 0.187354
0 1.0 0.364063 0.237705 0.140625 0.133489
0 1.0 0.281250 0.285714 0.062500 0.220141
0 1.0 0.554688 0.078454 0.578125 0.156909
0 1.0 0.030469 0.300937 0.039062 0.180328
0 1.0 0.245312 0.234192 0.284375 0.131148
0 1.0 0.245312 0.245902 0.090625 0.281030
0 1.0 0.810156 0.947307 0.204687 0.105386
0 1.0 0.766406 0.930913 0.082812 0.138173
0 1.0 0.800000 0.962529 0.125000 0.074941
0 1.0 0.711719 0.928571 0.082812 0.142857
0 1.0 0.744531 0.961358 0.151562 0.077283
0 1.0 0.661719 0.926230 0.085938 0.147541
0 1.0 0.697656 0.963700 0.095312 0.072600
0 1.0 0.291406 0.245902 0.026562 0.079625
0 1.0 0.926562 0.962529 0.137500 0.074941
0 1.0 0.858594 0.963700 0.048438 0.053864
0 1.0 0.876563 0.921546 0.118750 0.156909
0 1.0 0.817969 0.932084 0.079687 0.135831
0 1.0 0.749219 0.193208 0.245312 0.386417
0 1.0 0.823438 0.742389 0.337500 0.426230
0 1.0 0.328125 0.334895 0.656250 0.669789
0 1.0 0.165625 0.526932 0.328125 0.946136
0 1.0 0.457031 0.258782 0.442188 0.419204
0 1.0 0.741406 0.536300 0.464062 0.927400
0 1.0 0.083594 0.196721 0.167187 0.393443
0 1.0 0.516406 0.500000 0.735938 1.000000