0 1.0 0.770312 0.596774 0.115625 0.362903
0 1.0 0.709375 0.588710 0.096875 0.370968
0 1.0 0.491406 0.562500 0.907813 0.447581
0 1.0 0.652344 0.584677 0.201563 0.338710
0 1.0 0.605469 0.641129 0.060937 0.209677
0 1.0 0.642188 0.594758 0.278125 0.141129
0 1.0 0.560937 0.669355 0.046875 0.169355
0 1.0 0.289062 0.610887 0.256250 0.270161
0 1.0 0.297656 0.631048 0.117188 0.197581
0 1.0 0.239844 0.671371 0.048438 0.173387
0 1.0 0.560156 0.625000 0.164062 0.250000
0 1.0 0.514062 0.653226 0.043750 0.177419
0 1.0 0.539844 0.600806 0.260937 0.104839
0 1.0 0.807031 0.604839 0.207813 0.169355
0 1.0 0.382031 0.661290 0.045312 0.161290
0 1.0 0.418750 0.602823 0.306250 0.116935
0 1.0 0.381250 0.641129 0.090625 0.233871
0 1.0 0.658594 0.608871 0.095312 0.266129
0 1.0 0.174219 0.608871 0.273438 0.112903
0 1.0 0.287500 0.665323 0.037500 0.153226
0 1.0 0.271094 0.620968 0.020313 0.048387
0 1.0 0.960938 0.562500 0.040625 0.213710
0 1.0 0.947656 0.542339 0.104688 0.108871
0 1.0 0.571094 0.606855 0.054688 0.076613
0 1.0 0.184375 0.669355 0.037500 0.177419
0 1.0 0.182812 0.633065 0.106250 0.177419
0 1.0 0.145313 0.665323 0.034375 0.169355
0 1.0 0.277344 0.614919 0.051562 0.084677
0 1.0 0.452344 0.675403 0.029687 0.108871
0 1.0 0.451562 0.647177 0.071875 0.173387
0 1.0 0.539062 0.612903 0.018750 0.048387
0 1.0 0.444531 0.596774 0.239063 0.282258
0 1.0 0.154688 0.602823 0.225000 0.278226
0 1.0 0.485938 0.610887 0.018750 0.052419
0 1.0 0.346094 0.663306 0.057813 0.197581
0 1.0 0.297656 0.602823 0.279687 0.116935
0 1.0 0.346094 0.639113 0.101562 0.262097
0 1.0 0.328906 0.606855 0.076563 0.092742
0 1.0 0.196875 0.618952 0.050000 0.076613
0 1.0 0.271094 0.673387 0.023438 0.072581
0 1.0 0.605469 0.604839 0.070312 0.088710
0 1.0 0.249219 0.661290 0.142187 0.209677
0 1.0 0.214844 0.663306 0.339062 0.149194
0 1.0 0.930469 0.602823 0.139063 0.286290
0 1.0 0.528125 0.667339 0.121875 0.189516
0 1.0 0.506250 0.679435 0.093750 0.084677
0 1.0 0.543750 0.687500 0.018750 0.060484
0 1.0 0.484375 0.675403 0.068750 0.125000
0 1.0 0.475781 0.671371 0.020313 0.068548
0 1.0 0.071094 0.673387 0.048438 0.201613
0 1.0 0.338281 0.661290 0.195312 0.129032
0 1.0 0.409375 0.665323 0.371875 0.153226
0 1.0 0.883594 0.602823 0.232813 0.125000
0 1.0 0.872656 0.586694 0.089063 0.366935
0 1.0 0.785937 0.608871 0.034375 0.056452
0 1.0 0.883594 0.604839 0.051562 0.217742
0 1.0 0.850000 0.612903 0.028125 0.056452
0 1.0 0.849219 0.590726 0.214062 0.318548
0 1.0 0.152344 0.665323 0.129688 0.209677
0 1.0 0.807031 0.596774 0.092188 0.314516
0 1.0 0.160156 0.669355 0.029687 0.088710
0 1.0 0.948438 0.627016 0.050000 0.197581
0 1.0 0.092969 0.659274 0.104688 0.197581
0 1.0 0.040625 0.681452 0.037500 0.193548
0 1.0 0.062500 0.659274 0.121875 0.116935
0 1.0 0.091406 0.663306 0.020313 0.084677
0 1.0 0.956250 0.602823 0.087500 0.100806
0 1.0 0.232813 0.552419 0.259375 0.120968
0 1.0 0.246875 0.625000 0.056250 0.120968
0 1.0 0.892188 0.506048 0.056250 0.173387
0 1.0 0.851562 0.483871 0.203125 0.258065
0 1.0 0.151562 0.558468 0.187500 0.149194
0 1.0 0.531250 0.548387 0.034375 0.088710
0 1.0 0.130469 0.637097 0.035937 0.145161
0 1.0 0.421875 0.542339 0.371875 0.157258
0 1.0 0.480469 0.548387 0.032813 0.088710
0 1.0 0.366406 0.548387 0.129688 0.096774
0 1.0 0.353906 0.570565 0.173437 0.237903
0 1.0 0.067969 0.558468 0.135937 0.270161
0 1.0 0.060937 0.582661 0.078125 0.141129
0 1.0 0.915625 0.491935 0.106250 0.241935
0 1.0 0.873437 0.493952 0.046875 0.084677
0 1.0 0.625781 0.493952 0.160938 0.229839
0 1.0 0.821094 0.489919 0.310937 0.141129
0 1.0 0.547656 0.576613 0.054688 0.153226
0 1.0 0.091406 0.631048 0.032813 0.141129
0 1.0 0.100781 0.608871 0.032813 0.104839
0 1.0 0.146875 0.562500 0.062500 0.092742
0 1.0 0.032813 0.637097 0.034375 0.137097
0 1.0 0.116406 0.556452 0.039062 0.064516
0 1.0 0.946094 0.504032 0.054688 0.201613
0 1.0 0.893750 0.542339 0.212500 0.125000
0 1.0 0.860938 0.542339 0.037500 0.068548
0 1.0 0.890625 0.540323 0.046875 0.096774
0 1.0 0.585938 0.544355 0.175000 0.104839
0 1.0 0.810156 0.540323 0.245312 0.177419
0 1.0 0.082812 0.659274 0.031250 0.157258
0 1.0 0.134375 0.610887 0.146875 0.092742
0 1.0 0.170313 0.618952 0.025000 0.060484
0 1.0 0.082031 0.612903 0.079687 0.072581
0 1.0 0.109375 0.618952 0.015625 0.052419
0 1.0 0.702344 0.542339 0.232813 0.181452
0 1.0 0.607031 0.574597 0.092188 0.262097
0 1.0 0.291406 0.570565 0.029687 0.060484
0 1.0 0.502344 0.602823 0.048438 0.181452
0 1.0 0.510938 0.558468 0.231250 0.278226
0 1.0 0.453906 0.635081 0.029687 0.092742
0 1.0 0.512500 0.546371 0.062500 0.084677
0 1.0 0.485938 0.564516 0.093750 0.169355
0 1.0 0.392188 0.745968 0.178125 0.217742
0 1.0 0.344531 0.741935 0.089063 0.298387
0 1.0 0.313281 0.752016 0.323437 0.125000
0 1.0 0.101562 0.745968 0.203125 0.274194
0 1.0 0.333594 0.747984 0.132812 0.116935
0 1.0 0.289844 0.727823 0.085938 0.237903
0 1.0 0.583594 0.677419 0.035937 0.080645
0 1.0 0.275781 0.747984 0.026562 0.068548
0 1.0 0.278906 0.743952 0.251563 0.254032
0 1.0 0.240625 0.735887 0.081250 0.245968
0 1.0 0.274219 0.745968 0.079687 0.096774
0 1.0 0.204687 0.750000 0.268750 0.129032
0 1.0 0.605469 0.756048 0.073438 0.100806
0 1.0 0.567969 0.762097 0.217188 0.258065
0 1.0 0.511719 0.745968 0.082812 0.250000
0 1.0 0.517969 0.754032 0.295312 0.120968
0 1.0 0.552344 0.758065 0.079687 0.096774
0 1.0 0.178906 0.729839 0.073438 0.233871
0 1.0 0.541406 0.754032 0.026562 0.064516
0 1.0 0.460938 0.758065 0.137500 0.177419
0 1.0 0.382812 0.758065 0.100000 0.330645
0 1.0 0.490625 0.750000 0.028125 0.064516
0 1.0 0.038281 0.735887 0.076563 0.245968
0 1.0 0.076563 0.747984 0.025000 0.068548
0 1.0 0.962500 0.727823 0.053125 0.221774
0 1.0 0.928125 0.707661 0.143750 0.108871
0 1.0 0.921094 0.693548 0.101562 0.314516
0 1.0 0.845313 0.709677 0.240625 0.129032
0 1.0 0.650781 0.675403 0.270313 0.262097
0 1.0 0.882031 0.715726 0.082812 0.116935
0 1.0 0.748437 0.713710 0.037500 0.064516
0 1.0 0.139063 0.721774 0.062500 0.225806
0 1.0 0.053125 0.750000 0.075000 0.072581
0 1.0 0.143750 0.745968 0.168750 0.096774
0 1.0 0.074219 0.733871 0.082812 0.225806
0 1.0 0.170313 0.747984 0.031250 0.068548
0 1.0 0.192188 0.750000 0.081250 0.096774
0 1.0 0.771875 0.735887 0.081250 0.197581
0 1.0 0.043750 0.810484 0.087500 0.072581
0 1.0 0.066406 0.818548 0.029687 0.056452
0 1.0 0.051562 0.808468 0.103125 0.189516
0 1.0 0.947656 0.760081 0.104688 0.141129
0 1.0 0.854688 0.758065 0.221875 0.129032
0 1.0 0.884375 0.764113 0.093750 0.125000
0 1.0 0.592187 0.729839 0.075000 0.217742
0 1.0 0.266406 0.810484 0.098437 0.096774
0 1.0 0.238281 0.804435 0.167187 0.221774
0 1.0 0.183594 0.800403 0.101562 0.334677
0 1.0 0.208594 0.804435 0.279687 0.108871
0 1.0 0.898438 0.754032 0.203125 0.282258
0 1.0 0.143750 0.788306 0.103125 0.270161
0 1.0 0.166406 0.810484 0.135937 0.112903
0 1.0 0.150000 0.808468 0.225000 0.278226
0 1.0 0.134375 0.810484 0.071875 0.088710
0 1.0 0.722656 0.737903 0.060937 0.153226
0 1.0 0.737500 0.758065 0.165625 0.129032
0 1.0 0.702344 0.750000 0.285938 0.233871
0 1.0 0.655469 0.701613 0.073438 0.201613
0 1.0 0.635938 0.756048 0.315625 0.133065
0 1.0 0.559375 0.741935 0.078125 0.241935
0 1.0 0.874219 0.725806 0.092188 0.258065
0 1.0 0.749219 0.760081 0.048438 0.068548
0 1.0 0.821875 0.766129 0.028125 0.064516
0 1.0 0.808594 0.721774 0.082812 0.241935
0 1.0 0.805469 0.747984 0.279687 0.254032
0 1.0 0.952344 0.663306 0.095312 0.100806
0 1.0 0.887500 0.665323 0.225000 0.129032
0 1.0 0.783594 0.675403 0.035937 0.060484
0 1.0 0.854688 0.683468 0.025000 0.052419
0 1.0 0.209375 0.703629 0.050000 0.092742
0 1.0 0.172656 0.701613 0.029687 0.080645
0 1.0 0.069531 0.705645 0.082812 0.096774
0 1.0 0.089063 0.705645 0.025000 0.088710
0 1.0 0.140625 0.703629 0.193750 0.116935
0 1.0 0.651563 0.667339 0.150000 0.149194
0 1.0 0.597656 0.673387 0.054688 0.104839
0 1.0 0.575000 0.669355 0.103125 0.177419
0 1.0 0.530469 0.671371 0.310937 0.149194
0 1.0 0.528125 0.681452 0.050000 0.145161
0 1.0 0.614844 0.659274 0.129688 0.221774
0 1.0 0.807813 0.667339 0.196875 0.165323
0 1.0 0.724219 0.649194 0.051562 0.201613
0 1.0 0.718750 0.699597 0.162500 0.205645
0 1.0 0.697656 0.715726 0.064062 0.092742
0 1.0 0.633594 0.707661 0.035937 0.084677
0 1.0 0.827344 0.719758 0.026562 0.068548
0 1.0 0.748437 0.681452 0.265625 0.274194
0 1.0 0.747656 0.713710 0.117188 0.120968
0 1.0 0.318750 0.703629 0.062500 0.100806
0 1.0 0.253125 0.705645 0.025000 0.080645
0 1.0 0.591406 0.709677 0.032813 0.080645
0 1.0 0.436719 0.711694 0.057813 0.197581
0 1.0 0.511719 0.709677 0.085938 0.088710
0 1.0 0.434375 0.701613 0.106250 0.258065
0 1.0 0.275781 0.707661 0.148438 0.108871
0 1.0 0.483594 0.709677 0.020313 0.072581
0 1.0 0.551562 0.711694 0.021875 0.076613
0 1.0 0.146875 0.344758 0.259375 0.149194
0 1.0 0.129688 0.431452 0.050000 0.072581
0 1.0 0.138281 0.375000 0.157812 0.161290
0 1.0 0.087500 0.461694 0.040625 0.092742
0 1.0 0.812500 0.314516 0.275000 0.241935
0 1.0 0.771875 0.360887 0.078125 0.149194
0 1.0 0.025000 0.427419 0.025000 0.080645
0 1.0 0.075781 0.346774 0.073438 0.080645
0 1.0 0.027344 0.403226 0.042188 0.088710
0 1.0 0.077344 0.346774 0.154688 0.250000
0 1.0 0.957031 0.403226 0.029687 0.072581
0 1.0 0.827344 0.312500 0.167187 0.141129
0 1.0 0.384375 0.383065 0.046875 0.072581
0 1.0 0.298438 0.451613 0.028125 0.072581
0 1.0 0.328906 0.356855 0.217188 0.100806
0 1.0 0.297656 0.403226 0.073438 0.104839
0 1.0 0.289062 0.358871 0.256250 0.274194
0 1.0 0.332031 0.387097 0.026562 0.048387
0 1.0 0.232031 0.433468 0.057813 0.125000
0 1.0 0.239844 0.342742 0.289062 0.129032
0 1.0 0.920312 0.354839 0.087500 0.201613
0 1.0 0.182031 0.403226 0.095312 0.120968
0 1.0 0.203125 0.391129 0.043750 0.080645
0 1.0 0.500781 0.356855 0.057813 0.141129
0 1.0 0.536719 0.294355 0.160938 0.096774
0 1.0 0.510156 0.346774 0.042188 0.088710
0 1.0 0.786719 0.346774 0.029687 0.048387
0 1.0 0.959375 0.290323 0.081250 0.088710
0 1.0 0.746875 0.296371 0.193750 0.100806
0 1.0 0.727344 0.338710 0.035937 0.056452
0 1.0 0.660937 0.362903 0.087500 0.153226
0 1.0 0.403125 0.308468 0.237500 0.278226
0 1.0 0.415625 0.300403 0.118750 0.149194
0 1.0 0.714063 0.358871 0.084375 0.161290
0 1.0 0.949219 0.362903 0.032813 0.056452
0 1.0 0.916406 0.294355 0.167187 0.145161
0 1.0 0.675781 0.352823 0.035937 0.060484
0 1.0 0.685156 0.302419 0.220312 0.129032
0 1.0 0.664062 0.306452 0.243750 0.258065
0 1.0 0.896094 0.298387 0.207813 0.290323
0 1.0 0.874219 0.366935 0.073438 0.137097
0 1.0 0.824219 0.298387 0.064062 0.064516
0 1.0 0.884375 0.342742 0.025000 0.040323
0 1.0 0.825000 0.368952 0.075000 0.141129
0 1.0 0.839063 0.352823 0.025000 0.044355
0 1.0 0.829688 0.411290 0.040625 0.096774
0 1.0 0.507031 0.425403 0.039062 0.068548
0 1.0 0.525000 0.346774 0.184375 0.129032
0 1.0 0.510938 0.356855 0.234375 0.262097
0 1.0 0.741406 0.348790 0.310937 0.133065
0 1.0 0.063281 0.423387 0.064062 0.088710
0 1.0 0.959375 0.459677 0.028125 0.072581
0 1.0 0.928906 0.346774 0.142187 0.112903
0 1.0 0.948438 0.433468 0.046875 0.084677
0 1.0 0.959375 0.381048 0.081250 0.125000
0 1.0 0.921094 0.429435 0.076563 0.189516
0 1.0 0.664844 0.368952 0.189062 0.189516
0 1.0 0.612500 0.417339 0.056250 0.133065
0 1.0 0.866406 0.415323 0.067187 0.153226
0 1.0 0.869531 0.415323 0.045312 0.096774
0 1.0 0.192188 0.445565 0.034375 0.076613
0 1.0 0.448437 0.427419 0.018750 0.040323
0 1.0 0.444531 0.399194 0.070312 0.096774
0 1.0 0.491406 0.379032 0.045312 0.072581
0 1.0 0.418750 0.342742 0.278125 0.120968
0 1.0 0.397656 0.372984 0.095312 0.133065
0 1.0 0.096094 0.441532 0.032813 0.060484
0 1.0 0.399219 0.415323 0.051562 0.120968
0 1.0 0.673438 0.403226 0.056250 0.104839
0 1.0 0.345313 0.439516 0.040625 0.088710
0 1.0 0.347656 0.391129 0.085938 0.104839
0 1.0 0.245312 0.375000 0.146875 0.153226
0 1.0 0.557031 0.443548 0.035937 0.080645
0 1.0 0.602344 0.348790 0.220312 0.108871
0 1.0 0.560156 0.419355 0.045312 0.080645
0 1.0 0.577344 0.372984 0.101562 0.116935
0 1.0 0.503125 0.451613 0.031250 0.080645
0 1.0 0.776563 0.286290 0.050000 0.080645
0 1.0 0.772656 0.250000 0.254688 0.145161
0 1.0 0.714063 0.300403 0.078125 0.165323
0 1.0 0.726562 0.284274 0.043750 0.076613
0 1.0 0.349219 0.368952 0.048438 0.108871
0 1.0 0.399219 0.239919 0.123438 0.270161
0 1.0 0.432031 0.239919 0.120313 0.125000
0 1.0 0.685156 0.250000 0.167187 0.120968
0 1.0 0.617188 0.320565 0.056250 0.133065
0 1.0 0.716406 0.245968 0.242188 0.266129
0 1.0 0.667188 0.306452 0.040625 0.064516
0 1.0 0.895312 0.237903 0.209375 0.120968
0 1.0 0.875781 0.278226 0.085938 0.193548
0 1.0 0.789062 0.245968 0.128125 0.096774
0 1.0 0.883594 0.276210 0.051562 0.100806
0 1.0 0.824219 0.298387 0.073438 0.153226
0 1.0 0.558594 0.241935 0.229687 0.282258
0 1.0 0.503906 0.288306 0.073438 0.205645
0 1.0 0.767188 0.294355 0.081250 0.153226
0 1.0 0.415625 0.235887 0.284375 0.133065
0 1.0 0.235937 0.078629 0.234375 0.157258
0 1.0 0.196094 0.054435 0.101562 0.108871
0 1.0 0.625781 0.310484 0.032813 0.064516
0 1.0 0.150000 0.034274 0.121875 0.068548
0 1.0 0.135937 0.064516 0.081250 0.129032
0 1.0 0.138281 0.090726 0.229687 0.181452
0 1.0 0.075781 0.074597 0.060937 0.133065
0 1.0 0.096094 0.040323 0.120313 0.080645
0 1.0 0.619531 0.247984 0.220312 0.141129
0 1.0 0.557813 0.300403 0.062500 0.157258
0 1.0 0.025781 0.060484 0.045312 0.112903
0 1.0 0.521094 0.237903 0.270313 0.120968
0 1.0 0.446875 0.296371 0.050000 0.149194
0 1.0 0.505469 0.243952 0.060937 0.092742
0 1.0 0.059375 0.028226 0.068750 0.056452
0 1.0 0.546875 0.300403 0.028125 0.052419
0 1.0 0.443750 0.330645 0.087500 0.137097
0 1.0 0.475000 0.296371 0.200000 0.157258
0 1.0 0.510156 0.318548 0.023438 0.048387
0 1.0 0.068750 0.395161 0.043750 0.088710
0 1.0 0.118750 0.288306 0.128125 0.092742
0 1.0 0.073438 0.366935 0.018750 0.032258
0 1.0 0.422656 0.296371 0.051562 0.068548
0 1.0 0.353125 0.336694 0.075000 0.108871
0 1.0 0.389844 0.310484 0.035937 0.064516
0 1.0 0.296875 0.368952 0.053125 0.125000
0 1.0 0.612500 0.364919 0.068750 0.141129
0 1.0 0.654687 0.296371 0.112500 0.084677
0 1.0 0.621875 0.354839 0.028125 0.056452
0 1.0 0.607812 0.302419 0.090625 0.072581
0 1.0 0.445312 0.368952 0.040625 0.100806
0 1.0 0.582812 0.316532 0.059375 0.084677
0 1.0 0.242969 0.354839 0.035937 0.072581
0 1.0 0.223438 0.288306 0.243750 0.141129
0 1.0 0.570312 0.352823 0.040625 0.076613
0 1.0 0.134375 0.322581 0.137500 0.129032
0 1.0 0.030469 0.368952 0.035937 0.108871
0 1.0 0.307812 0.292339 0.168750 0.092742
0 1.0 0.037500 0.334677 0.037500 0.080645
0 1.0 0.039062 0.292339 0.078125 0.092742
0 1.0 0.060156 0.312500 0.064062 0.092742
0 1.0 0.964063 0.306452 0.040625 0.129032
0 1.0 0.953125 0.235887 0.093750 0.100806
0 1.0 0.657813 0.318548 0.062500 0.120968
0 1.0 0.300000 0.336694 0.081250 0.125000
0 1.0 0.332031 0.320565 0.023438 0.044355
0 1.0 0.237500 0.364919 0.065625 0.149194
0 1.0 0.917969 0.268145 0.095312 0.294355
0 1.0 0.187500 0.377016 0.040625 0.092742
0 1.0 0.233594 0.300403 0.154688 0.092742
0 1.0 0.180469 0.342742 0.076563 0.112903
0 1.0 0.176563 0.322581 0.256250 0.282258
0 1.0 0.217969 0.330645 0.023438 0.048387
0 1.0 0.141406 0.387097 0.048438 0.096774
0 1.0 0.148438 0.362903 0.031250 0.048387
0 1.0 0.611719 0.495968 0.051562 0.120968
0 1.0 0.832031 0.451613 0.154688 0.120968
0 1.0 0.821094 0.481855 0.089063 0.245968
0 1.0 0.765625 0.508065 0.090625 0.209677
0 1.0 0.521875 0.469758 0.021875 0.044355
0 1.0 0.097656 0.504032 0.120313 0.177419
0 1.0 0.026562 0.588710 0.028125 0.112903
0 1.0 0.128125 0.500000 0.037500 0.064516
0 1.0 0.775781 0.453629 0.270313 0.286290
0 1.0 0.070312 0.512097 0.075000 0.129032
0 1.0 0.922656 0.512097 0.057813 0.169355
0 1.0 0.923438 0.449597 0.084375 0.084677
0 1.0 0.571875 0.475806 0.128125 0.161290
0 1.0 0.546094 0.457661 0.092188 0.084677
0 1.0 0.505469 0.524194 0.042188 0.088710
0 1.0 0.506250 0.455645 0.246875 0.266129
0 1.0 0.481250 0.508065 0.062500 0.112903
0 1.0 0.185156 0.512097 0.076563 0.120968
0 1.0 0.155469 0.467742 0.276562 0.177419
0 1.0 0.462500 0.475806 0.215625 0.129032
0 1.0 0.510156 0.508065 0.026562 0.064516
0 1.0 0.390625 0.538306 0.053125 0.125000
0 1.0 0.389844 0.514113 0.098437 0.149194
0 1.0 0.508594 0.489919 0.095312 0.141129
0 1.0 0.722656 0.443548 0.254688 0.145161
0 1.0 0.710156 0.483871 0.073438 0.177419
0 1.0 0.694531 0.445565 0.095312 0.100806
0 1.0 0.546875 0.524194 0.043750 0.088710
0 1.0 0.355469 0.475806 0.264062 0.250000
0 1.0 0.378906 0.497984 0.057813 0.084677
0 1.0 0.304688 0.548387 0.028125 0.072581
0 1.0 0.629687 0.453629 0.059375 0.076613
0 1.0 0.213281 0.504032 0.289062 0.129032
0 1.0 0.290625 0.556452 0.096875 0.153226
0 1.0 0.132031 0.497984 0.114062 0.116935
0 1.0 0.463281 0.580645 0.032813 0.096774
0 1.0 0.127344 0.580645 0.042188 0.153226
0 1.0 0.290625 0.590726 0.046875 0.116935
0 1.0 0.666406 0.495968 0.273438 0.137097
0 1.0 0.243750 0.562500 0.068750 0.125000
0 1.0 0.221875 0.510081 0.275000 0.278226
0 1.0 0.184375 0.596774 0.043750 0.120968
0 1.0 0.092969 0.572581 0.039062 0.153226
0 1.0 0.832812 0.449597 0.025000 0.052419
0 1.0 0.387500 0.570565 0.084375 0.189516
0 1.0 0.444531 0.506048 0.104688 0.125000
0 1.0 0.342969 0.578629 0.076563 0.189516
0 1.0 0.332031 0.497984 0.217188 0.125000
0 1.0 0.032031 0.554435 0.045312 0.116935
0 1.0 0.110156 0.502016 0.039062 0.084677
0 1.0 0.232813 0.508065 0.128125 0.112903
0 1.0 0.308594 0.518145 0.101562 0.141129
0 1.0 0.542969 0.397177 0.142187 0.092742
0 1.0 0.182031 0.455645 0.082812 0.120968
0 1.0 0.486719 0.409274 0.132812 0.092742
0 1.0 0.466406 0.473790 0.060937 0.084677
0 1.0 0.448437 0.403226 0.256250 0.266129
0 1.0 0.478906 0.443548 0.064062 0.080645
0 1.0 0.391406 0.467742 0.064062 0.129032
0 1.0 0.418750 0.401210 0.184375 0.100806
0 1.0 0.332813 0.483871 0.062500 0.129032
0 1.0 0.660937 0.449597 0.121875 0.213710
0 1.0 0.668750 0.447581 0.075000 0.129032
0 1.0 0.607812 0.399194 0.181250 0.112903
0 1.0 0.553125 0.485887 0.034375 0.060484
0 1.0 0.572656 0.411290 0.239063 0.258065
0 1.0 0.130469 0.469758 0.048438 0.092742
0 1.0 0.096094 0.481855 0.029687 0.068548
0 1.0 0.137500 0.415323 0.084375 0.096774
0 1.0 0.782813 0.407258 0.046875 0.104839
0 1.0 0.046094 0.475806 0.032813 0.072581
0 1.0 0.091406 0.419355 0.029687 0.056452
0 1.0 0.085938 0.479839 0.065625 0.145161
0 1.0 0.091406 0.419355 0.142187 0.169355
0 1.0 0.035937 0.489919 0.037500 0.108871
0 1.0 0.370312 0.433468 0.118750 0.116935
0 1.0 0.301563 0.479839 0.050000 0.104839
0 1.0 0.322656 0.407258 0.079687 0.064516
0 1.0 0.299219 0.411290 0.185938 0.104839
0 1.0 0.232813 0.491935 0.065625 0.112903
0 1.0 0.239844 0.495968 0.032813 0.056452
0 1.0 0.223438 0.415323 0.268750 0.137097
0 1.0 0.317969 0.441532 0.057813 0.084677
0 1.0 0.192969 0.550403 0.032813 0.084677
0 1.0 0.214844 0.469758 0.042188 0.068548
0 1.0 0.892969 0.415323 0.214062 0.290323
0 1.0 0.225000 0.489919 0.028125 0.052419
0 1.0 0.175000 0.465726 0.031250 0.052419
0 1.0 0.097656 0.516129 0.032813 0.088710
0 1.0 0.108594 0.469758 0.076563 0.116935
0 1.0 0.342187 0.544355 0.043750 0.096774
0 1.0 0.338281 0.467742 0.023438 0.048387
0 1.0 0.029687 0.536290 0.025000 0.088710
0 1.0 0.122656 0.465726 0.020313 0.044355
0 1.0 0.304688 0.514113 0.056250 0.100806
0 1.0 0.333594 0.502016 0.029687 0.060484
0 1.0 0.251563 0.536290 0.040625 0.072581
0 1.0 0.285938 0.467742 0.156250 0.096774
0 1.0 0.811719 0.393145 0.345313 0.141129
0 1.0 0.780469 0.451613 0.051562 0.112903
0 1.0 0.510156 0.433468 0.176563 0.157258
0 1.0 0.464844 0.500000 0.042188 0.088710
0 1.0 0.962500 0.483871 0.037500 0.120968
0 1.0 0.916406 0.405242 0.167187 0.165323
0 1.0 0.882031 0.463710 0.039062 0.096774
0 1.0 0.953906 0.429435 0.092188 0.149194
0 1.0 0.607031 0.461694 0.076563 0.165323
0 1.0 0.612500 0.459677 0.040625 0.088710
0 1.0 0.810937 0.401210 0.181250 0.116935
0 1.0 0.507031 0.129032 0.176563 0.209677
0 1.0 0.442969 0.147177 0.076563 0.205645
0 1.0 0.480469 0.127016 0.151562 0.108871
0 1.0 0.497656 0.135081 0.067187 0.100806
0 1.0 0.446875 0.137097 0.234375 0.274194
0 1.0 0.680469 0.649194 0.539062 0.209677
0 1.0 0.344531 0.147177 0.107813 0.294355
0 1.0 0.366406 0.127016 0.170313 0.108871
0 1.0 0.716406 0.582661 0.410938 0.407258
0 1.0 0.188281 0.725806 0.376563 0.387097
0 1.0 0.352344 0.731855 0.192188 0.504032
0 1.0 0.391406 0.737903 0.745313 0.193548
0 1.0 0.345313 0.721774 0.475000 0.403226
0 1.0 0.559375 0.600806 0.203125 0.459677
0 1.0 0.546094 0.602823 0.457813 0.383065
0 1.0 0.606250 0.155242 0.068750 0.165323
0 1.0 0.607031 0.129032 0.239063 0.161290
0 1.0 0.554688 0.155242 0.096875 0.262097
0 1.0 0.410938 0.649194 0.821875 0.177419
0 1.0 0.260156 0.610887 0.492188 0.342742
0 1.0 0.186719 0.167339 0.073438 0.221774
0 1.0 0.134375 0.165323 0.078125 0.225806
0 1.0 0.225000 0.844758 0.450000 0.213710
0 1.0 0.449219 0.737903 0.192188 0.500000
0 1.0 0.878906 0.116935 0.079687 0.161290
0 1.0 0.075000 0.165323 0.081250 0.225806
0 1.0 0.089063 0.135081 0.168750 0.221774
0 1.0 0.060156 0.127016 0.107813 0.084677
0 1.0 0.036719 0.165323 0.073438 0.169355
0 1.0 0.965625 0.135081 0.043750 0.133065
0 1.0 0.465625 0.840726 0.656250 0.205645
0 1.0 0.207813 0.127016 0.218750 0.165323
0 1.0 0.292187 0.131048 0.159375 0.197581
0 1.0 0.232813 0.151210 0.112500 0.302419
0 1.0 0.273438 0.139113 0.043750 0.076613
0 1.0 0.776563 0.159274 0.071875 0.165323
0 1.0 0.771875 0.127016 0.240625 0.165323
0 1.0 0.144531 0.473790 0.257812 0.455645
0 1.0 0.072656 0.469758 0.145313 0.568548
0 1.0 0.470313 0.453629 0.731250 0.205645
0 1.0 0.449219 0.477823 0.492188 0.399194
0 1.0 0.827344 0.125000 0.198437 0.120968
0 1.0 0.826562 0.163306 0.065625 0.157258
0 1.0 0.821875 0.139113 0.234375 0.278226
0 1.0 0.916406 0.129032 0.154688 0.209677
0 1.0 0.875000 0.155242 0.106250 0.278226
0 1.0 0.848437 0.125000 0.090625 0.088710
0 1.0 0.678906 0.383065 0.426563 0.354839
0 1.0 0.352344 0.381048 0.223438 0.528226
0 1.0 0.343750 0.354839 0.609375 0.217742
0 1.0 0.327344 0.366935 0.451562 0.411290
0 1.0 0.240625 0.385081 0.203125 0.528226
0 1.0 0.570312 0.360887 0.578125 0.213710
0 1.0 0.663281 0.163306 0.079687 0.221774
0 1.0 0.660156 0.135081 0.229687 0.270161
0 1.0 0.714063 0.161290 0.087500 0.233871
0 1.0 0.771094 0.074597 0.076563 0.149194
0 1.0 0.784375 0.034274 0.181250 0.068548
0 1.0 0.715625 0.064516 0.068750 0.129032
0 1.0 0.855469 0.078629 0.117188 0.100806
0 1.0 0.720313 0.044355 0.215625 0.088710
0 1.0 0.661719 0.070565 0.067187 0.141129
0 1.0 0.821875 0.060484 0.150000 0.120968
0 1.0 0.870313 0.080645 0.225000 0.161290
0 1.0 0.817969 0.066532 0.060937 0.133065
0 1.0 0.964063 0.062500 0.034375 0.084677
0 1.0 0.952344 0.034274 0.095312 0.068548
0 1.0 0.289062 0.512097 0.315625 0.645161
0 1.0 0.862500 0.042339 0.150000 0.084677
0 1.0 0.922656 0.072581 0.073438 0.145161
0 1.0 0.873437 0.028226 0.075000 0.056452
0 1.0 0.880469 0.052419 0.057813 0.088710
0 1.0 0.295312 0.062500 0.100000 0.125000
0 1.0 0.233594 0.070565 0.079687 0.141129
0 1.0 0.251563 0.034274 0.178125 0.068548
0 1.0 0.741406 0.877016 0.517188 0.245968
0 1.0 0.499219 0.760081 0.907813 0.479839
0 1.0 0.482031 0.038306 0.101562 0.076613
0 1.0 0.048438 0.052419 0.093750 0.104839
0 1.0 0.071875 0.076613 0.143750 0.153226
0 1.0 0.343750 0.068548 0.071875 0.137097
0 1.0 0.325781 0.028226 0.051562 0.056452
0 1.0 0.355469 0.080645 0.229687 0.161290
0 1.0 0.664062 0.060484 0.153125 0.120968
0 1.0 0.603125 0.064516 0.062500 0.129032
0 1.0 0.619531 0.030242 0.110937 0.060484
0 1.0 0.500000 0.197581 1.000000 0.395161
0 1.0 0.394531 0.076613 0.085938 0.153226
0 1.0 0.567187 0.032258 0.118750 0.064516
0 1.0 0.560937 0.078629 0.225000 0.157258
0 1.0 0.503906 0.072581 0.073438 0.145161
0 1.0 0.553906 0.068548 0.067187 0.137097
0 1.0 0.415625 0.032258 0.206250 0.064516
0 1.0 0.447656 0.050403 0.048438 0.100806
0 1.0 0.505469 0.028226 0.051562 0.056452
0 1.0 0.445312 0.062500 0.103125 0.125000
0 1.0 0.460156 0.919355 0.589063 0.161290
0 1.0 0.775000 0.074597 0.268750 0.125000
0 1.0 0.484375 0.078629 0.168750 0.108871
0 1.0 0.952344 0.076613 0.095312 0.104839
0 1.0 0.217188 0.923387 0.434375 0.153226
0 1.0 0.711719 0.094758 0.182812 0.189516
0 1.0 0.350000 0.122984 0.700000 0.245968
0 1.0 0.749219 0.118952 0.501563 0.237903
0 1.0 0.704688 0.344758 0.303125 0.689516
0 1.0 0.025000 0.122984 0.050000 0.157258
0 1.0 0.835156 0.923387 0.329688 0.153226
0 1.0 0.289062 0.084677 0.050000 0.072581
0 1.0 0.138281 0.901210 0.170313 0.197581
0 1.0 0.078125 0.875000 0.106250 0.250000
0 1.0 0.106250 0.917339 0.143750 0.125000
0 1.0 0.037500 0.891129 0.075000 0.217742
0 1.0 0.038281 0.921371 0.064062 0.092742
0 1.0 0.725781 0.754032 0.032813 0.080645
0 1.0 0.964063 0.806452 0.025000 0.072581
0 1.0 0.934375 0.864919 0.131250 0.108871
0 1.0 0.953125 0.836694 0.043750 0.100806
0 1.0 0.342187 0.917339 0.050000 0.092742
0 1.0 0.292969 0.881048 0.214062 0.237903
0 1.0 0.308594 0.899194 0.123438 0.177419
0 1.0 0.234375 0.862903 0.103125 0.274194
0 1.0 0.253906 0.915323 0.179688 0.145161
0 1.0 0.888281 0.818548 0.039062 0.080645
0 1.0 0.758594 0.860887 0.289062 0.116935
0 1.0 0.782813 0.804435 0.043750 0.092742
0 1.0 0.764062 0.860887 0.171875 0.197581
0 1.0 0.445312 0.812500 0.046875 0.125000
0 1.0 0.735156 0.788306 0.032813 0.068548
0 1.0 0.928125 0.854839 0.143750 0.250000
0 1.0 0.671094 0.737903 0.026562 0.064516
0 1.0 0.678906 0.778226 0.026562 0.056452
0 1.0 0.664844 0.866935 0.257812 0.153226
0 1.0 0.605469 0.756048 0.029687 0.076613
0 1.0 0.927344 0.800403 0.060937 0.149194
0 1.0 0.878906 0.780242 0.042188 0.092742
0 1.0 0.799219 0.864919 0.120313 0.084677
0 1.0 0.775000 0.778226 0.043750 0.104839
0 1.0 0.854688 0.875000 0.053125 0.072581
0 1.0 0.858594 0.850806 0.239063 0.233871
0 1.0 0.832812 0.810484 0.034375 0.080645
0 1.0 0.602344 0.842742 0.226562 0.250000
0 1.0 0.716406 0.913306 0.310937 0.125000
0 1.0 0.451562 0.889113 0.225000 0.221774
0 1.0 0.660937 0.872984 0.103125 0.254032
0 1.0 0.715625 0.875000 0.103125 0.250000
0 1.0 0.956250 0.909274 0.078125 0.181452
0 1.0 0.871875 0.883065 0.112500 0.233871
0 1.0 0.557813 0.872984 0.106250 0.254032
0 1.0 0.816406 0.879032 0.104688 0.241935
0 1.0 0.475000 0.915323 0.121875 0.137097
0 1.0 0.392969 0.872984 0.104688 0.254032
0 1.0 0.360156 0.913306 0.270313 0.125000
0 1.0 0.421875 0.913306 0.118750 0.133065
0 1.0 0.602344 0.901210 0.160938 0.197581
0 1.0 0.514844 0.911290 0.273438 0.129032
0 1.0 0.719531 0.778226 0.089063 0.185484
0 1.0 0.714844 0.802419 0.179688 0.201613
0 1.0 0.660937 0.776210 0.087500 0.181452
0 1.0 0.594531 0.808468 0.101562 0.310484
0 1.0 0.629687 0.806452 0.300000 0.120968
0 1.0 0.892188 0.816532 0.128125 0.125000
0 1.0 0.777344 0.808468 0.092188 0.076613
0 1.0 0.849219 0.816532 0.026562 0.052419
0 1.0 0.437500 0.822581 0.068750 0.258065
0 1.0 0.818750 0.804435 0.334375 0.125000
0 1.0 0.811719 0.806452 0.179688 0.201613
0 1.0 0.470313 0.814516 0.043750 0.072581
0 1.0 0.303125 0.812500 0.225000 0.141129
0 1.0 0.297656 0.796371 0.123438 0.286290
0 1.0 0.281250 0.816532 0.025000 0.052419
0 1.0 0.595313 0.810484 0.106250 0.104839
0 1.0 0.422656 0.808468 0.310937 0.116935
0 1.0 0.506250 0.808468 0.221875 0.286290
0 1.0 0.535156 0.816532 0.026562 0.060484
0 1.0 0.540625 0.810484 0.112500 0.120968
0 1.0 0.467969 0.860887 0.098437 0.165323
0 1.0 0.397656 0.822581 0.051562 0.161290
0 1.0 0.454688 0.870968 0.050000 0.096774
0 1.0 0.393750 0.840726 0.221875 0.262097
0 1.0 0.344531 0.870968 0.260937 0.129032
0 1.0 0.357031 0.830645 0.064062 0.177419
0 1.0 0.348438 0.860887 0.115625 0.181452
0 1.0 0.304688 0.800403 0.081250 0.173387
0 1.0 0.329688 0.877016 0.025000 0.068548
0 1.0 0.353906 0.800403 0.035937 0.116935
0 1.0 0.609375 0.790323 0.031250 0.072581
0 1.0 0.300781 0.782258 0.039062 0.112903
0 1.0 0.564063 0.780242 0.037500 0.100806
0 1.0 0.567969 0.864919 0.254688 0.116935
0 1.0 0.577344 0.868952 0.120313 0.125000
0 1.0 0.528125 0.870968 0.028125 0.080645
0 1.0 0.517969 0.794355 0.032813 0.096774
0 1.0 0.446875 0.770161 0.015625 0.048387
0 1.0 0.101562 0.864919 0.203125 0.108871
0 1.0 0.089844 0.806452 0.073438 0.161290
0 1.0 0.121094 0.866935 0.064062 0.096774
0 1.0 0.026562 0.826613 0.043750 0.169355
0 1.0 0.050000 0.866935 0.100000 0.080645
0 1.0 0.058594 0.870968 0.032813 0.064516
0 1.0 0.964063 0.810484 0.062500 0.250000
0 1.0 0.934375 0.808468 0.131250 0.100806
0 1.0 0.241406 0.774194 0.042188 0.129032
0 1.0 0.277344 0.870968 0.089063 0.120968
0 1.0 0.192969 0.778226 0.039062 0.112903
0 1.0 0.214062 0.864919 0.259375 0.116935
0 1.0 0.084375 0.784274 0.040625 0.116935
0 1.0 0.192969 0.854839 0.104688 0.169355
0 1.0 0.142969 0.786290 0.039062 0.120968
0 1.0 0.148438 0.810484 0.065625 0.161290
0 1.0 0.164062 0.866935 0.109375 0.120968
0 1.0 0.555469 0.225806 0.076563 0.209677
0 1.0 0.583594 0.183468 0.220312 0.116935
0 1.0 0.820312 0.189516 0.153125 0.193548
0 1.0 0.931250 0.913306 0.137500 0.108871
0 1.0 0.784375 0.183468 0.284375 0.133065
0 1.0 0.714063 0.231855 0.068750 0.165323
0 1.0 0.444531 0.225806 0.064062 0.193548
0 1.0 0.515625 0.187500 0.068750 0.084677
0 1.0 0.482812 0.195565 0.056250 0.100806
0 1.0 0.667188 0.221774 0.068750 0.129032
0 1.0 0.610938 0.237903 0.056250 0.161290
0 1.0 0.678906 0.183468 0.270313 0.125000
0 1.0 0.034375 0.245968 0.068750 0.088710
0 1.0 0.072656 0.243952 0.145313 0.262097
0 1.0 0.052344 0.252016 0.104688 0.141129
0 1.0 0.963281 0.241935 0.051562 0.161290
0 1.0 0.950000 0.181452 0.100000 0.104839
0 1.0 0.177344 0.247984 0.164062 0.181452
0 1.0 0.135937 0.288306 0.062500 0.173387
0 1.0 0.849219 0.183468 0.095312 0.092742
0 1.0 0.820312 0.225806 0.075000 0.193548
0 1.0 0.022656 0.322581 0.035937 0.129032
0 1.0 0.954688 0.127016 0.090625 0.100806
0 1.0 0.145313 0.183468 0.250000 0.189516
0 1.0 0.190625 0.191532 0.028125 0.060484
0 1.0 0.504687 0.205645 0.121875 0.250000
0 1.0 0.742188 0.256048 0.515625 0.221774
0 1.0 0.053906 0.199597 0.070312 0.108871
0 1.0 0.026562 0.256048 0.040625 0.133065
0 1.0 0.118750 0.183468 0.153125 0.108871
0 1.0 0.378906 0.183468 0.135937 0.100806
0 1.0 0.338281 0.177419 0.245312 0.177419
0 1.0 0.291406 0.215726 0.079687 0.221774
0 1.0 0.549219 0.143145 0.567187 0.213710
0 1.0 0.317188 0.197581 0.034375 0.080645
0 1.0 0.261719 0.252016 0.523438 0.221774
0 1.0 0.242188 0.179435 0.246875 0.125000
0 1.0 0.415625 0.179435 0.284375 0.133065
0 1.0 0.511719 0.933468 0.129688 0.133065
0 1.0 0.537500 0.963710 0.021875 0.040323
0 1.0 0.500000 0.953629 0.078125 0.084677
0 1.0 0.456250 0.959677 0.065625 0.056452
0 1.0 0.439844 0.953629 0.076563 0.084677
0 1.0 0.344531 0.911290 0.082812 0.177419
0 1.0 0.382031 0.963710 0.023438 0.040323
0 1.0 0.334375 0.949597 0.153125 0.100806
0 1.0 0.669531 0.945565 0.204687 0.108871
0 1.0 0.632812 0.961694 0.093750 0.068548
0 1.0 0.579688 0.959677 0.059375 0.056452
0 1.0 0.564844 0.951613 0.092188 0.096774
0 1.0 0.196094 0.961694 0.054688 0.052419
0 1.0 0.159375 0.951613 0.156250 0.096774
0 1.0 0.078125 0.935484 0.075000 0.129032
0 1.0 0.134375 0.963710 0.090625 0.064516
0 1.0 0.063281 0.967742 0.051562 0.056452
0 1.0 0.319531 0.963710 0.051562 0.056452
0 1.0 0.238281 0.929435 0.076563 0.141129
0 1.0 0.292187 0.961694 0.046875 0.052419
0 1.0 0.186719 0.923387 0.085938 0.153226
0 1.0 0.242969 0.965726 0.079687 0.060484
0 1.0 0.241406 0.239919 0.204687 0.149194
0 1.0 0.231250 0.235887 0.243750 0.302419
0 1.0 0.189844 0.306452 0.042188 0.129032
0 1.0 0.183594 0.272177 0.082812 0.149194
0 1.0 0.703906 0.959677 0.089063 0.064516
0 1.0 0.346094 0.276210 0.057813 0.173387
0 1.0 0.349219 0.237903 0.160938 0.201613
0 1.0 0.293750 0.288306 0.056250 0.165323
0 1.0 0.543750 0.076613 0.568750 0.153226
0 1.0 0.112500 0.237903 0.193750 0.112903
0 1.0 0.239844 0.260081 0.076563 0.181452
0 1.0 0.969531 0.955645 0.051562 0.088710
0 1.0 0.839844 0.959677 0.139063 0.080645
0 1.0 0.766406 0.913306 0.092188 0.173387
0 1.0 0.252344 0.247984 0.032813 0.068548
0 1.0 0.746875 0.959677 0.140625 0.072581
0 1.0 0.769531 0.945565 0.223438 0.108871
0 1.0 0.943750 0.953629 0.112500 0.092742
0 1.0 0.842969 0.959677 0.054688 0.056452
0 1.0 0.453125 0.368952 0.200000 0.520161
0 1.0 0.646094 0.792339 0.210938 0.415323
0 1.0 0.071875 0.731855 0.143750 0.536290
0 1.0 0.182031 0.306452 0.364063 0.556452
0 1.0 0.546094 0.169355 0.332813 0.338710
0 1.0 0.349219 0.201613 0.254688 0.403226
0 1.0 0.486719 0.574597 0.420312 0.834677
0 1.0 0.273438 0.620968 0.537500 0.758065
0 1.0 0.847656 0.286290 0.195312 0.548387
0 1.0 0.499219 0.304435 0.370312 0.608871
0 1.0 0.729688 0.616935 0.528125 0.766129
0 1.0 0.925000 0.272177 0.150000 0.544355
0 1.0 0.826562 0.506048 0.346875 0.487903
0 1.0 0.125781 0.183468 0.251563 0.366935
0 1.0 0.864844 0.679435 0.270313 0.641129