0 1.0 0.191667 0.500000 0.340000 1.000000
0 1.0 0.493333 0.503000 0.723333 0.994000
0 1.0 0.072500 0.639000 0.078333 0.242000
0 1.0 0.952500 0.603000 0.055000 0.114000
0 1.0 0.960833 0.630000 0.035000 0.112000
0 1.0 0.121667 0.601000 0.216667 0.102000
0 1.0 0.346667 0.630000 0.100000 0.264000
0 1.0 0.313333 0.593000 0.250000 0.138000
0 1.0 0.050000 0.610000 0.100000 0.168000
0 1.0 0.071667 0.604000 0.143333 0.260000
0 1.0 0.060833 0.608000 0.035000 0.056000
0 1.0 0.327500 0.630000 0.241667 0.308000
0 1.0 0.239167 0.629000 0.125000 0.334000
0 1.0 0.291667 0.597000 0.063333 0.098000
0 1.0 0.508333 0.630000 0.150000 0.328000
0 1.0 0.520000 0.600000 0.130000 0.116000
0 1.0 0.960000 0.552000 0.080000 0.100000
0 1.0 0.440833 0.651000 0.071667 0.194000
0 1.0 0.437500 0.597000 0.195000 0.106000
0 1.0 0.185000 0.599000 0.163333 0.222000
0 1.0 0.140000 0.651000 0.083333 0.250000
0 1.0 0.174167 0.604000 0.071667 0.096000
0 1.0 0.138333 0.617000 0.230000 0.318000
0 1.0 0.141667 0.604000 0.060000 0.076000
0 1.0 0.030833 0.642000 0.055000 0.196000
0 1.0 0.051667 0.603000 0.103333 0.074000
0 1.0 0.775833 0.562000 0.238333 0.348000
0 1.0 0.716667 0.583000 0.116667 0.278000
0 1.0 0.728333 0.549000 0.250000 0.138000
0 1.0 0.322500 0.605000 0.031667 0.066000
0 1.0 0.658333 0.592000 0.073333 0.236000
0 1.0 0.915833 0.564000 0.095000 0.348000
0 1.0 0.900000 0.550000 0.200000 0.124000
0 1.0 0.896667 0.547000 0.206667 0.318000
0 1.0 0.202500 0.595000 0.241667 0.118000
0 1.0 0.211667 0.594000 0.103333 0.116000
0 1.0 0.817500 0.554000 0.051667 0.072000
0 1.0 0.836667 0.556000 0.066667 0.096000
0 1.0 0.820000 0.540000 0.233333 0.188000
0 1.0 0.823333 0.627000 0.146667 0.338000
0 1.0 0.832500 0.597000 0.161667 0.150000
0 1.0 0.055000 0.663000 0.110000 0.074000
0 1.0 0.731667 0.603000 0.280000 0.130000
0 1.0 0.750000 0.605000 0.106667 0.118000
0 1.0 0.065833 0.670000 0.031667 0.056000
0 1.0 0.949167 0.617000 0.101667 0.178000
0 1.0 0.181667 0.691000 0.110000 0.386000
0 1.0 0.195833 0.653000 0.131667 0.142000
0 1.0 0.866667 0.635000 0.100000 0.294000
0 1.0 0.845000 0.606000 0.030000 0.064000
0 1.0 0.484167 0.601000 0.045000 0.074000
0 1.0 0.459167 0.613000 0.191667 0.222000
0 1.0 0.382500 0.633000 0.091667 0.274000
0 1.0 0.421667 0.598000 0.066667 0.096000
0 1.0 0.680000 0.605000 0.080000 0.094000
0 1.0 0.666667 0.601000 0.246667 0.318000
0 1.0 0.595000 0.608000 0.093333 0.372000
0 1.0 0.610000 0.596000 0.216667 0.100000
0 1.0 0.625000 0.600000 0.100000 0.100000
0 1.0 0.805833 0.605000 0.055000 0.070000
0 1.0 0.599167 0.608000 0.168333 0.252000
0 1.0 0.555000 0.623000 0.110000 0.366000
0 1.0 0.551667 0.603000 0.083333 0.090000
0 1.0 0.779167 0.599000 0.098333 0.274000
0 1.0 0.725000 0.493000 0.300000 0.150000
0 1.0 0.720000 0.542000 0.080000 0.176000
0 1.0 0.909167 0.499000 0.181667 0.162000
0 1.0 0.614167 0.494000 0.278333 0.128000
0 1.0 0.594167 0.540000 0.065000 0.212000
0 1.0 0.592500 0.499000 0.238333 0.342000
0 1.0 0.610000 0.501000 0.153333 0.222000
0 1.0 0.842500 0.497000 0.055000 0.074000
0 1.0 0.869167 0.524000 0.105000 0.268000
0 1.0 0.840000 0.500000 0.150000 0.136000
0 1.0 0.121667 0.550000 0.210000 0.120000
0 1.0 0.330833 0.496000 0.141667 0.304000
0 1.0 0.315833 0.507000 0.228333 0.158000
0 1.0 0.285000 0.474000 0.110000 0.336000
0 1.0 0.268333 0.510000 0.150000 0.112000
0 1.0 0.510000 0.477000 0.140000 0.354000
0 1.0 0.514167 0.495000 0.201667 0.114000
0 1.0 0.440833 0.518000 0.058333 0.148000
0 1.0 0.477500 0.505000 0.105000 0.094000
0 1.0 0.460833 0.501000 0.155000 0.186000
0 1.0 0.390000 0.511000 0.093333 0.254000
0 1.0 0.403333 0.502000 0.273333 0.112000
0 1.0 0.472500 0.558000 0.118333 0.096000
0 1.0 0.449167 0.540000 0.275000 0.328000
0 1.0 0.403333 0.550000 0.323333 0.132000
0 1.0 0.662500 0.552000 0.161667 0.216000
0 1.0 0.613333 0.548000 0.250000 0.116000
0 1.0 0.266667 0.558000 0.260000 0.140000
0 1.0 0.287500 0.565000 0.141667 0.258000
0 1.0 0.539167 0.552000 0.211667 0.144000
0 1.0 0.436667 0.574000 0.086667 0.168000
0 1.0 0.055000 0.550000 0.110000 0.084000
0 1.0 0.965000 0.583000 0.033333 0.102000
0 1.0 0.960833 0.501000 0.078333 0.094000
0 1.0 0.390000 0.557000 0.166667 0.206000
0 1.0 0.138333 0.559000 0.130000 0.274000
0 1.0 0.898333 0.731000 0.203333 0.362000
0 1.0 0.188333 0.790000 0.233333 0.360000
0 1.0 0.137500 0.787000 0.115000 0.322000
0 1.0 0.140833 0.760000 0.281667 0.144000
0 1.0 0.153333 0.766000 0.113333 0.144000
0 1.0 0.815000 0.707000 0.306667 0.130000
0 1.0 0.812500 0.728000 0.221667 0.380000
0 1.0 0.084167 0.780000 0.145000 0.300000
0 1.0 0.026667 0.797000 0.053333 0.198000
0 1.0 0.075000 0.764000 0.143333 0.092000
0 1.0 0.279167 0.759000 0.135000 0.394000
0 1.0 0.242500 0.769000 0.255000 0.126000
0 1.0 0.925000 0.705000 0.150000 0.158000
0 1.0 0.955000 0.724000 0.083333 0.236000
0 1.0 0.306667 0.780000 0.030000 0.068000
0 1.0 0.580000 0.718000 0.086667 0.112000
0 1.0 0.535000 0.719000 0.243333 0.330000
0 1.0 0.505000 0.710000 0.333333 0.140000
0 1.0 0.532500 0.714000 0.111667 0.124000
0 1.0 0.710833 0.719000 0.138333 0.378000
0 1.0 0.678333 0.707000 0.290000 0.134000
0 1.0 0.094167 0.771000 0.031667 0.066000
0 1.0 0.052500 0.775000 0.105000 0.166000
0 1.0 0.650833 0.722000 0.105000 0.336000
0 1.0 0.840000 0.707000 0.093333 0.082000
0 1.0 0.877500 0.712000 0.048333 0.088000
0 1.0 0.590000 0.793000 0.126667 0.310000
0 1.0 0.607500 0.774000 0.161667 0.152000
0 1.0 0.860000 0.770000 0.066667 0.092000
0 1.0 0.815000 0.760000 0.306667 0.132000
0 1.0 0.505833 0.781000 0.128333 0.318000
0 1.0 0.511667 0.768000 0.310000 0.136000
0 1.0 0.530000 0.776000 0.126667 0.120000
0 1.0 0.448333 0.769000 0.120000 0.250000
0 1.0 0.659167 0.788000 0.251667 0.356000
0 1.0 0.950000 0.763000 0.100000 0.110000
0 1.0 0.254167 0.773000 0.101667 0.134000
0 1.0 0.533333 0.788000 0.030000 0.064000
0 1.0 0.391667 0.756000 0.123333 0.316000
0 1.0 0.689167 0.770000 0.151667 0.144000
0 1.0 0.478333 0.783000 0.036667 0.074000
0 1.0 0.341667 0.756000 0.133333 0.364000
0 1.0 0.364167 0.773000 0.141667 0.142000
0 1.0 0.350833 0.768000 0.305000 0.144000
0 1.0 0.499167 0.651000 0.315000 0.138000
0 1.0 0.775000 0.658000 0.220000 0.168000
0 1.0 0.429167 0.659000 0.071667 0.114000
0 1.0 0.645000 0.656000 0.283333 0.136000
0 1.0 0.667500 0.663000 0.131667 0.142000
0 1.0 0.833333 0.657000 0.086667 0.086000
0 1.0 0.865000 0.664000 0.050000 0.092000
0 1.0 0.564167 0.659000 0.121667 0.138000
0 1.0 0.487500 0.662000 0.045000 0.092000
0 1.0 0.158333 0.665000 0.100000 0.114000
0 1.0 0.347500 0.655000 0.185000 0.130000
0 1.0 0.121667 0.660000 0.213333 0.108000
0 1.0 0.331667 0.663000 0.030000 0.070000
0 1.0 0.286667 0.658000 0.063333 0.100000
0 1.0 0.250000 0.685000 0.230000 0.374000
0 1.0 0.170833 0.713000 0.205000 0.118000
0 1.0 0.468333 0.716000 0.183333 0.112000
0 1.0 0.522500 0.723000 0.028333 0.066000
0 1.0 0.458333 0.716000 0.200000 0.248000
0 1.0 0.145833 0.716000 0.095000 0.120000
0 1.0 0.457500 0.722000 0.051667 0.084000
0 1.0 0.386667 0.703000 0.280000 0.330000
0 1.0 0.338333 0.711000 0.186667 0.122000
0 1.0 0.619167 0.719000 0.135000 0.138000
0 1.0 0.259167 0.719000 0.085000 0.114000
0 1.0 0.069167 0.719000 0.101667 0.074000
0 1.0 0.084167 0.725000 0.028333 0.054000
0 1.0 0.306667 0.719000 0.033333 0.070000
0 1.0 0.961667 0.660000 0.076667 0.132000
0 1.0 0.890000 0.657000 0.220000 0.134000
0 1.0 0.915000 0.675000 0.116667 0.346000
0 1.0 0.545000 0.304000 0.153333 0.196000
0 1.0 0.501667 0.335000 0.133333 0.274000
0 1.0 0.499167 0.292000 0.295000 0.120000
0 1.0 0.778333 0.279000 0.213333 0.282000
0 1.0 0.719167 0.295000 0.091667 0.250000
0 1.0 0.725833 0.288000 0.225000 0.128000
0 1.0 0.731667 0.281000 0.046667 0.110000
0 1.0 0.397500 0.307000 0.115000 0.294000
0 1.0 0.404167 0.291000 0.261667 0.166000
0 1.0 0.956667 0.287000 0.086667 0.094000
0 1.0 0.658333 0.317000 0.086667 0.234000
0 1.0 0.668333 0.304000 0.043333 0.100000
0 1.0 0.664167 0.300000 0.251667 0.300000
0 1.0 0.622500 0.293000 0.255000 0.118000
0 1.0 0.871667 0.279000 0.120000 0.310000
0 1.0 0.833333 0.286000 0.093333 0.088000
0 1.0 0.876667 0.266000 0.053333 0.116000
0 1.0 0.829167 0.286000 0.198333 0.148000
0 1.0 0.603333 0.320000 0.083333 0.232000
0 1.0 0.441667 0.342000 0.053333 0.160000
0 1.0 0.499167 0.297000 0.088333 0.086000
0 1.0 0.437500 0.314000 0.115000 0.212000
0 1.0 0.143333 0.224000 0.093333 0.212000
0 1.0 0.145833 0.281000 0.215000 0.154000
0 1.0 0.140000 0.243000 0.233333 0.374000
0 1.0 0.072500 0.273000 0.081667 0.214000
0 1.0 0.140000 0.291000 0.100000 0.090000
0 1.0 0.079167 0.261000 0.028333 0.066000
0 1.0 0.322500 0.324000 0.225000 0.276000
0 1.0 0.330833 0.310000 0.115000 0.180000
0 1.0 0.608333 0.302000 0.033333 0.080000
0 1.0 0.208333 0.299000 0.160000 0.126000
0 1.0 0.237500 0.317000 0.121667 0.278000
0 1.0 0.177500 0.286000 0.105000 0.284000
0 1.0 0.246667 0.332000 0.240000 0.196000
0 1.0 0.186667 0.347000 0.073333 0.214000
0 1.0 0.963333 0.317000 0.040000 0.118000
0 1.0 0.077500 0.366000 0.081667 0.256000
0 1.0 0.125000 0.340000 0.133333 0.096000
0 1.0 0.088333 0.366000 0.053333 0.148000
0 1.0 0.109167 0.342000 0.218333 0.144000
0 1.0 0.455833 0.370000 0.255000 0.280000
0 1.0 0.592500 0.372000 0.248333 0.276000
0 1.0 0.542500 0.384000 0.118333 0.264000
0 1.0 0.535833 0.343000 0.265000 0.146000
0 1.0 0.135833 0.335000 0.115000 0.306000
0 1.0 0.817500 0.274000 0.065000 0.156000
0 1.0 0.789167 0.291000 0.051667 0.126000
0 1.0 0.027500 0.361000 0.055000 0.162000
0 1.0 0.037500 0.342000 0.075000 0.088000
0 1.0 0.024167 0.357000 0.035000 0.110000
0 1.0 0.924167 0.290000 0.151667 0.152000
0 1.0 0.918333 0.282000 0.113333 0.312000
0 1.0 0.092500 0.195000 0.101667 0.242000
0 1.0 0.128333 0.238000 0.133333 0.112000
0 1.0 0.285000 0.286000 0.236667 0.144000
0 1.0 0.345833 0.244000 0.228333 0.144000
0 1.0 0.288333 0.271000 0.123333 0.274000
0 1.0 0.223333 0.243000 0.280000 0.142000
0 1.0 0.966667 0.208000 0.053333 0.164000
0 1.0 0.935000 0.183000 0.130000 0.110000
0 1.0 0.609167 0.229000 0.255000 0.302000
0 1.0 0.273333 0.251000 0.053333 0.086000
0 1.0 0.491667 0.234000 0.256667 0.336000
0 1.0 0.442500 0.264000 0.065000 0.196000
0 1.0 0.461667 0.237000 0.316667 0.122000
0 1.0 0.485000 0.241000 0.096667 0.090000
0 1.0 0.026667 0.260000 0.053333 0.184000
0 1.0 0.054167 0.243000 0.108333 0.094000
0 1.0 0.620000 0.695000 0.760000 0.578000
0 1.0 0.133333 0.067000 0.123333 0.134000
0 1.0 0.133333 0.095000 0.233333 0.190000
0 1.0 0.924167 0.180000 0.151667 0.280000
0 1.0 0.071667 0.073000 0.143333 0.146000
0 1.0 0.105833 0.035000 0.121667 0.070000
0 1.0 0.025000 0.072000 0.033333 0.092000
0 1.0 0.069167 0.028000 0.055000 0.048000
0 1.0 0.042500 0.034000 0.085000 0.068000
0 1.0 0.808333 0.248000 0.110000 0.300000
0 1.0 0.827500 0.237000 0.268333 0.142000
0 1.0 0.035833 0.291000 0.045000 0.102000
0 1.0 0.048333 0.299000 0.056667 0.066000
0 1.0 0.937500 0.236000 0.125000 0.108000
0 1.0 0.212500 0.296000 0.035000 0.096000
0 1.0 0.858333 0.229000 0.233333 0.318000
0 1.0 0.719167 0.236000 0.285000 0.140000
0 1.0 0.450000 0.236000 0.200000 0.212000
0 1.0 0.435000 0.239000 0.126667 0.114000
0 1.0 0.603333 0.236000 0.070000 0.184000
0 1.0 0.554167 0.232000 0.231667 0.148000
0 1.0 0.346667 0.449000 0.096667 0.170000
0 1.0 0.300833 0.448000 0.105000 0.076000
0 1.0 0.280833 0.444000 0.205000 0.128000
0 1.0 0.544167 0.434000 0.231667 0.188000
0 1.0 0.530000 0.441000 0.093333 0.094000
0 1.0 0.193333 0.459000 0.076667 0.258000
0 1.0 0.199167 0.455000 0.065000 0.066000
0 1.0 0.160833 0.454000 0.215000 0.136000
0 1.0 0.447500 0.437000 0.048333 0.106000
0 1.0 0.530833 0.453000 0.025000 0.058000
0 1.0 0.444167 0.438000 0.115000 0.180000
0 1.0 0.655000 0.509000 0.056667 0.142000
0 1.0 0.698333 0.452000 0.133333 0.100000
0 1.0 0.670000 0.455000 0.266667 0.166000
0 1.0 0.337500 0.451000 0.025000 0.050000
0 1.0 0.484167 0.450000 0.085000 0.136000
0 1.0 0.244167 0.440000 0.125000 0.360000
0 1.0 0.917500 0.412000 0.115000 0.340000
0 1.0 0.887500 0.396000 0.225000 0.128000
0 1.0 0.873333 0.421000 0.100000 0.274000
0 1.0 0.810833 0.400000 0.171667 0.104000
0 1.0 0.881667 0.424000 0.066667 0.160000
0 1.0 0.145000 0.454000 0.093333 0.216000
0 1.0 0.140000 0.437000 0.233333 0.334000
0 1.0 0.170833 0.453000 0.088333 0.078000
0 1.0 0.405833 0.450000 0.255000 0.124000
0 1.0 0.094167 0.454000 0.121667 0.176000
0 1.0 0.029167 0.480000 0.041667 0.148000
0 1.0 0.085000 0.448000 0.020000 0.040000
0 1.0 0.044167 0.449000 0.088333 0.094000
0 1.0 0.039167 0.514000 0.078333 0.236000
0 1.0 0.040000 0.504000 0.080000 0.096000
0 1.0 0.968333 0.522000 0.026667 0.072000
0 1.0 0.974167 0.446000 0.051667 0.072000
0 1.0 0.810000 0.464000 0.186667 0.220000
0 1.0 0.924167 0.457000 0.098333 0.154000
0 1.0 0.827500 0.449000 0.021667 0.042000
0 1.0 0.883333 0.489000 0.060000 0.150000
0 1.0 0.190000 0.504000 0.260000 0.124000
0 1.0 0.895000 0.450000 0.210000 0.124000
0 1.0 0.632500 0.448000 0.118333 0.108000
0 1.0 0.595833 0.490000 0.038333 0.112000
0 1.0 0.543333 0.471000 0.103333 0.238000
0 1.0 0.589167 0.444000 0.055000 0.080000
0 1.0 0.071667 0.514000 0.083333 0.264000
0 1.0 0.113333 0.500000 0.153333 0.132000
0 1.0 0.775000 0.487000 0.100000 0.198000
0 1.0 0.719167 0.503000 0.045000 0.098000
0 1.0 0.787500 0.447000 0.148333 0.102000
0 1.0 0.893333 0.346000 0.213333 0.128000
0 1.0 0.896667 0.330000 0.206667 0.312000
0 1.0 0.830000 0.348000 0.173333 0.108000
0 1.0 0.152500 0.395000 0.241667 0.118000
0 1.0 0.814167 0.334000 0.085000 0.200000
0 1.0 0.770833 0.347000 0.111667 0.278000
0 1.0 0.030000 0.437000 0.060000 0.202000
0 1.0 0.060000 0.392000 0.120000 0.088000
0 1.0 0.257500 0.387000 0.295000 0.146000
0 1.0 0.951667 0.355000 0.096667 0.142000
0 1.0 0.780000 0.354000 0.073333 0.176000
0 1.0 0.438333 0.353000 0.033333 0.086000
0 1.0 0.718333 0.369000 0.070000 0.226000
0 1.0 0.719167 0.343000 0.278333 0.130000
0 1.0 0.963333 0.363000 0.026667 0.070000
0 1.0 0.953333 0.377000 0.046667 0.098000
0 1.0 0.877500 0.354000 0.068333 0.160000
0 1.0 0.658333 0.405000 0.046667 0.114000
0 1.0 0.605000 0.416000 0.056667 0.164000
0 1.0 0.604167 0.413000 0.038333 0.098000
0 1.0 0.605000 0.392000 0.216667 0.140000
0 1.0 0.816667 0.404000 0.106667 0.228000
0 1.0 0.511667 0.388000 0.216667 0.140000
0 1.0 0.144167 0.447000 0.065000 0.070000
0 1.0 0.776667 0.429000 0.083333 0.178000
0 1.0 0.769167 0.399000 0.241667 0.306000
0 1.0 0.719167 0.399000 0.195000 0.106000
0 1.0 0.965833 0.472000 0.038333 0.108000
0 1.0 0.951667 0.408000 0.096667 0.132000
0 1.0 0.657500 0.452000 0.045000 0.100000
0 1.0 0.190833 0.392000 0.141667 0.228000
0 1.0 0.415833 0.391000 0.211667 0.138000
0 1.0 0.721667 0.432000 0.050000 0.116000
0 1.0 0.285833 0.387000 0.145000 0.098000
0 1.0 0.727500 0.638000 0.325000 0.580000
0 1.0 0.644167 0.644000 0.518333 0.256000
0 1.0 0.072500 0.063000 0.048333 0.098000
0 1.0 0.261667 0.647000 0.523333 0.234000
0 1.0 0.266667 0.652000 0.343333 0.580000
0 1.0 0.027500 0.171000 0.048333 0.178000
0 1.0 0.058333 0.128000 0.116667 0.100000
0 1.0 0.081667 0.145000 0.163333 0.270000
0 1.0 0.438333 0.620000 0.420000 0.600000
0 1.0 0.649167 0.544000 0.528333 0.252000
0 1.0 0.400833 0.132000 0.251667 0.264000
0 1.0 0.343333 0.146000 0.096667 0.260000
0 1.0 0.354167 0.127000 0.191667 0.122000
0 1.0 0.229167 0.146000 0.138333 0.264000
0 1.0 0.207500 0.159000 0.295000 0.306000
0 1.0 0.826667 0.121000 0.076667 0.150000
0 1.0 0.822500 0.082000 0.245000 0.164000
0 1.0 0.770833 0.122000 0.118333 0.244000
0 1.0 0.554167 0.767000 0.538333 0.266000
0 1.0 0.715833 0.099000 0.101667 0.198000
0 1.0 0.717500 0.080000 0.248333 0.160000
0 1.0 0.385833 0.838000 0.558333 0.204000
0 1.0 0.960000 0.106000 0.070000 0.144000
0 1.0 0.270000 0.762000 0.510000 0.252000
0 1.0 0.789167 0.756000 0.421667 0.240000
0 1.0 0.946667 0.075000 0.106667 0.102000
0 1.0 0.910000 0.094000 0.173333 0.188000
0 1.0 0.860833 0.079000 0.148333 0.106000
0 1.0 0.656667 0.139000 0.246667 0.278000
0 1.0 0.610833 0.126000 0.278333 0.136000
0 1.0 0.604167 0.144000 0.105000 0.228000
0 1.0 0.770000 0.123000 0.253333 0.170000
0 1.0 0.544167 0.135000 0.238333 0.270000
0 1.0 0.784167 0.349000 0.431667 0.210000
0 1.0 0.741667 0.356000 0.383333 0.468000
0 1.0 0.660000 0.140000 0.110000 0.224000
0 1.0 0.359167 0.435000 0.538333 0.258000
0 1.0 0.085000 0.338000 0.170000 0.632000
0 1.0 0.786667 0.249000 0.426667 0.214000
0 1.0 0.236667 0.392000 0.240000 0.600000
0 1.0 0.249167 0.354000 0.491667 0.248000
0 1.0 0.539167 0.428000 0.218333 0.528000
0 1.0 0.549167 0.361000 0.528333 0.234000
0 1.0 0.360000 0.554000 0.556667 0.236000
0 1.0 0.426667 0.128000 0.133333 0.140000
0 1.0 0.844167 0.513000 0.181667 0.718000
0 1.0 0.732500 0.454000 0.528333 0.228000
0 1.0 0.288333 0.162000 0.106667 0.232000
0 1.0 0.235000 0.134000 0.260000 0.132000
0 1.0 0.293333 0.142000 0.040000 0.072000
0 1.0 0.556667 0.507000 0.390000 0.530000
0 1.0 0.475000 0.128000 0.146667 0.108000
0 1.0 0.343333 0.483000 0.293333 0.546000
0 1.0 0.505833 0.127000 0.268333 0.138000
0 1.0 0.662500 0.060000 0.158333 0.120000
0 1.0 0.605000 0.067000 0.076667 0.134000
0 1.0 0.626667 0.031000 0.140000 0.062000
0 1.0 0.551667 0.067000 0.070000 0.134000
0 1.0 0.570833 0.030000 0.121667 0.060000
0 1.0 0.554167 0.041000 0.201667 0.082000
0 1.0 0.503333 0.085000 0.083333 0.170000
0 1.0 0.446667 0.060000 0.043333 0.092000
0 1.0 0.494167 0.027000 0.055000 0.054000
0 1.0 0.662500 0.064000 0.068333 0.128000
0 1.0 0.440000 0.257000 0.880000 0.462000
0 1.0 0.288333 0.085000 0.246667 0.170000
0 1.0 0.305000 0.057000 0.103333 0.114000
0 1.0 0.234167 0.071000 0.065000 0.142000
0 1.0 0.242500 0.034000 0.241667 0.068000
0 1.0 0.245000 0.057000 0.143333 0.114000
0 1.0 0.190833 0.080000 0.068333 0.160000
0 1.0 0.157500 0.045000 0.231667 0.090000
0 1.0 0.749167 0.879000 0.501667 0.242000
0 1.0 0.443333 0.066000 0.096667 0.132000
0 1.0 0.469167 0.039000 0.131667 0.078000
0 1.0 0.395000 0.092000 0.096667 0.184000
0 1.0 0.409167 0.031000 0.191667 0.062000
0 1.0 0.343333 0.081000 0.073333 0.162000
0 1.0 0.275833 0.038000 0.101667 0.076000
0 1.0 0.316667 0.027000 0.053333 0.054000
0 1.0 0.180000 0.140000 0.090000 0.268000
0 1.0 0.481667 0.329000 0.496667 0.498000
0 1.0 0.369167 0.074000 0.171667 0.112000
0 1.0 0.360000 0.925000 0.600000 0.150000
0 1.0 0.077500 0.134000 0.068333 0.208000
0 1.0 0.294167 0.087000 0.045000 0.070000
0 1.0 0.551667 0.125000 0.110000 0.250000
0 1.0 0.502500 0.074000 0.268333 0.136000
0 1.0 0.634167 0.123000 0.731667 0.246000
0 1.0 0.347500 0.128000 0.695000 0.256000
0 1.0 0.821667 0.066000 0.070000 0.132000
0 1.0 0.824167 0.034000 0.228333 0.068000
0 1.0 0.240000 0.499000 0.480000 0.310000
0 1.0 0.778333 0.054000 0.070000 0.108000
0 1.0 0.728333 0.032000 0.190000 0.064000
0 1.0 0.722500 0.049000 0.065000 0.098000
0 1.0 0.029167 0.114000 0.058333 0.172000
0 1.0 0.044167 0.082000 0.088333 0.092000
0 1.0 0.965833 0.056000 0.031667 0.072000
0 1.0 0.952500 0.032000 0.095000 0.064000
0 1.0 0.832500 0.923000 0.335000 0.154000
0 1.0 0.910000 0.042000 0.180000 0.084000
0 1.0 0.873333 0.064000 0.073333 0.128000
0 1.0 0.870833 0.029000 0.095000 0.058000
0 1.0 0.730000 0.876000 0.183333 0.164000
0 1.0 0.957500 0.898000 0.055000 0.104000
0 1.0 0.924167 0.880000 0.151667 0.156000
0 1.0 0.549167 0.247000 0.568333 0.218000
0 1.0 0.600833 0.873000 0.075000 0.154000
0 1.0 0.592500 0.874000 0.295000 0.160000
0 1.0 0.552500 0.861000 0.055000 0.130000
0 1.0 0.823333 0.818000 0.090000 0.228000
0 1.0 0.817500 0.884000 0.188333 0.128000
0 1.0 0.868333 0.842000 0.076667 0.188000
0 1.0 0.857500 0.890000 0.091667 0.116000
0 1.0 0.855833 0.828000 0.228333 0.296000
0 1.0 0.128333 0.878000 0.230000 0.244000
0 1.0 0.078333 0.897000 0.116667 0.206000
0 1.0 0.715833 0.886000 0.061667 0.128000
0 1.0 0.767500 0.861000 0.078333 0.178000
0 1.0 0.345000 0.874000 0.063333 0.132000
0 1.0 0.360000 0.879000 0.156667 0.110000
0 1.0 0.336667 0.849000 0.260000 0.270000
0 1.0 0.280833 0.852000 0.048333 0.112000
0 1.0 0.245000 0.885000 0.193333 0.122000
0 1.0 0.275000 0.863000 0.093333 0.162000
0 1.0 0.510000 0.883000 0.073333 0.178000
0 1.0 0.198333 0.836000 0.083333 0.256000
0 1.0 0.291667 0.888000 0.033333 0.068000
0 1.0 0.523333 0.851000 0.230000 0.250000
0 1.0 0.455833 0.836000 0.038333 0.076000
0 1.0 0.460000 0.865000 0.083333 0.138000
0 1.0 0.535833 0.878000 0.038333 0.088000
0 1.0 0.665833 0.858000 0.061667 0.124000
0 1.0 0.496667 0.872000 0.173333 0.128000
0 1.0 0.422500 0.912000 0.305000 0.136000
0 1.0 0.658333 0.891000 0.120000 0.218000
0 1.0 0.269167 0.921000 0.255000 0.138000
0 1.0 0.306667 0.918000 0.110000 0.128000
0 1.0 0.566667 0.898000 0.163333 0.172000
0 1.0 0.395000 0.892000 0.123333 0.216000
0 1.0 0.458333 0.886000 0.143333 0.208000
0 1.0 0.489167 0.911000 0.135000 0.130000
0 1.0 0.025000 0.926000 0.050000 0.148000
0 1.0 0.070000 0.919000 0.140000 0.094000
0 1.0 0.965000 0.890000 0.030000 0.076000
0 1.0 0.230833 0.887000 0.128333 0.218000
0 1.0 0.185833 0.915000 0.235000 0.158000
0 1.0 0.131667 0.889000 0.110000 0.222000
0 1.0 0.248333 0.825000 0.246667 0.126000
0 1.0 0.565000 0.829000 0.100000 0.122000
0 1.0 0.261667 0.822000 0.073333 0.108000
0 1.0 0.493333 0.820000 0.210000 0.116000
0 1.0 0.540833 0.829000 0.028333 0.066000
0 1.0 0.725000 0.826000 0.103333 0.124000
0 1.0 0.600833 0.819000 0.311667 0.138000
0 1.0 0.369167 0.821000 0.171667 0.110000
0 1.0 0.908333 0.764000 0.183333 0.172000
0 1.0 0.148333 0.816000 0.296667 0.132000
0 1.0 0.159167 0.828000 0.101667 0.120000
0 1.0 0.490833 0.825000 0.028333 0.070000
0 1.0 0.070000 0.818000 0.140000 0.092000
0 1.0 0.084167 0.828000 0.035000 0.064000
0 1.0 0.311667 0.835000 0.023333 0.058000
0 1.0 0.799167 0.821000 0.128333 0.094000
0 1.0 0.839167 0.825000 0.058333 0.090000
0 1.0 0.887500 0.818000 0.225000 0.132000
0 1.0 0.138333 0.830000 0.066667 0.188000
0 1.0 0.400833 0.839000 0.058333 0.130000
0 1.0 0.073333 0.880000 0.040000 0.064000
0 1.0 0.129167 0.878000 0.081667 0.116000
0 1.0 0.025000 0.874000 0.033333 0.108000
0 1.0 0.065000 0.874000 0.130000 0.088000
0 1.0 0.030833 0.878000 0.061667 0.152000
0 1.0 0.639167 0.828000 0.095000 0.120000
0 1.0 0.801667 0.816000 0.193333 0.172000
0 1.0 0.080833 0.846000 0.065000 0.152000
0 1.0 0.765833 0.806000 0.151667 0.352000
0 1.0 0.963333 0.849000 0.063333 0.210000
0 1.0 0.940833 0.817000 0.118333 0.110000
0 1.0 0.440000 0.181000 0.086667 0.246000
0 1.0 0.490833 0.192000 0.128333 0.108000
0 1.0 0.505000 0.183000 0.273333 0.142000
0 1.0 0.365833 0.187000 0.175000 0.106000
0 1.0 0.334167 0.181000 0.258333 0.166000
0 1.0 0.777500 0.182000 0.295000 0.132000
0 1.0 0.711667 0.192000 0.120000 0.340000
0 1.0 0.931667 0.954000 0.136667 0.092000
0 1.0 0.616667 0.183000 0.236667 0.134000
0 1.0 0.125000 0.178000 0.163333 0.128000
0 1.0 0.250000 0.231000 0.500000 0.262000
0 1.0 0.871667 0.148000 0.136667 0.296000
0 1.0 0.054167 0.187000 0.081667 0.162000
0 1.0 0.036667 0.184000 0.073333 0.096000
0 1.0 0.308333 0.192000 0.043333 0.092000
0 1.0 0.392500 0.180000 0.121667 0.324000
0 1.0 0.351667 0.183000 0.076667 0.122000
0 1.0 0.152500 0.191000 0.041667 0.110000
0 1.0 0.135833 0.949000 0.128333 0.102000
0 1.0 0.408333 0.952000 0.103333 0.096000
0 1.0 0.345000 0.939000 0.090000 0.122000
0 1.0 0.356667 0.964000 0.026667 0.036000
0 1.0 0.328333 0.955000 0.093333 0.070000
0 1.0 0.085000 0.963000 0.046667 0.046000
0 1.0 0.060833 0.961000 0.075000 0.070000
0 1.0 0.966667 0.939000 0.056667 0.122000
0 1.0 0.237500 0.939000 0.105000 0.122000
0 1.0 0.282500 0.959000 0.115000 0.082000
0 1.0 0.301667 0.964000 0.050000 0.056000
0 1.0 0.314167 0.965000 0.038333 0.042000
0 1.0 0.574167 0.960000 0.041667 0.044000
0 1.0 0.542500 0.951000 0.101667 0.082000
0 1.0 0.191667 0.928000 0.120000 0.144000
0 1.0 0.199167 0.958000 0.091667 0.084000
0 1.0 0.199167 0.960000 0.048333 0.048000
0 1.0 0.712500 0.916000 0.305000 0.128000
0 1.0 0.245833 0.964000 0.075000 0.056000
0 1.0 0.868333 0.878000 0.123333 0.244000
0 1.0 0.815000 0.889000 0.116667 0.222000
0 1.0 0.140000 0.961000 0.083333 0.062000
0 1.0 0.801667 0.956000 0.173333 0.088000
0 1.0 0.762500 0.960000 0.078333 0.052000
0 1.0 0.715000 0.940000 0.106667 0.120000
0 1.0 0.707500 0.962000 0.048333 0.044000
0 1.0 0.833333 0.185000 0.156667 0.110000
0 1.0 0.870000 0.932000 0.096667 0.136000
0 1.0 0.836667 0.964000 0.053333 0.048000
0 1.0 0.543333 0.962000 0.033333 0.040000
0 1.0 0.530833 0.953000 0.045000 0.058000
0 1.0 0.468333 0.953000 0.093333 0.094000
0 1.0 0.475000 0.960000 0.066667 0.052000
0 1.0 0.672500 0.951000 0.148333 0.090000
0 1.0 0.607500 0.925000 0.091667 0.150000
0 1.0 0.654167 0.960000 0.071667 0.056000
0 1.0 0.554167 0.922000 0.091667 0.156000
0 1.0 0.623333 0.960000 0.053333 0.052000
0 1.0 0.768333 0.930000 0.086667 0.140000
0 1.0 0.806667 0.962000 0.070000 0.048000
0 1.0 0.347500 0.262000 0.298333 0.480000
0 1.0 0.810833 0.653000 0.378333 0.314000
0 1.0 0.092500 0.649000 0.185000 0.534000
0 1.0 0.249167 0.848000 0.241667 0.304000
0 1.0 0.549167 0.911000 0.465000 0.178000
0 1.0 0.453333 0.806000 0.250000 0.368000
0 1.0 0.677500 0.350000 0.645000 0.700000