0 1.0 0.884977 0.669531 0.117371 0.267188
0 1.0 0.384977 0.638281 0.323944 0.217188
0 1.0 0.156103 0.650000 0.237089 0.265625
0 1.0 0.223005 0.660937 0.028169 0.056250
0 1.0 0.190141 0.654687 0.197183 0.096875
0 1.0 0.080986 0.675000 0.105634 0.225000
0 1.0 0.177230 0.662500 0.021127 0.046875
0 1.0 0.025822 0.700781 0.046948 0.151562
0 1.0 0.059859 0.661719 0.063380 0.051562
0 1.0 0.292254 0.672656 0.082160 0.157812
0 1.0 0.288732 0.654687 0.169014 0.200000
0 1.0 0.321596 0.664844 0.023474 0.042188
0 1.0 0.224178 0.653906 0.133803 0.242188
0 1.0 0.292254 0.653125 0.345070 0.121875
0 1.0 0.497653 0.647656 0.075117 0.232813
0 1.0 0.134977 0.672656 0.077465 0.245312
0 1.0 0.342723 0.659375 0.023474 0.053125
0 1.0 0.827465 0.654687 0.091549 0.259375
0 1.0 0.834507 0.593750 0.330986 0.146875
0 1.0 0.839202 0.653125 0.053991 0.159375
0 1.0 0.830986 0.615625 0.201878 0.234375
0 1.0 0.772300 0.650781 0.098592 0.198437
0 1.0 0.786385 0.648438 0.056338 0.112500
0 1.0 0.706573 0.660156 0.079812 0.148438
0 1.0 0.083333 0.668750 0.011737 0.031250
0 1.0 0.048122 0.670312 0.086854 0.125000
0 1.0 0.951878 0.660937 0.049296 0.159375
0 1.0 0.924883 0.599219 0.150235 0.110937
0 1.0 0.935446 0.635156 0.072770 0.182812
0 1.0 0.856808 0.603125 0.028169 0.075000
0 1.0 0.807512 0.590625 0.023474 0.059375
0 1.0 0.793427 0.649219 0.328638 0.148438
0 1.0 0.802817 0.651563 0.140845 0.131250
0 1.0 0.713615 0.650000 0.328638 0.237500
0 1.0 0.658451 0.647656 0.105634 0.242188
0 1.0 0.653756 0.647656 0.354460 0.120313
0 1.0 0.922535 0.647656 0.154930 0.123438
0 1.0 0.193662 0.697656 0.082160 0.198437
0 1.0 0.102113 0.707031 0.204225 0.295312
0 1.0 0.816901 0.646094 0.042254 0.076563
0 1.0 0.173709 0.717187 0.023474 0.053125
0 1.0 0.456573 0.658594 0.284038 0.098437
0 1.0 0.457746 0.650000 0.112676 0.240625
0 1.0 0.536385 0.662500 0.016432 0.040625
0 1.0 0.386150 0.657031 0.105634 0.195312
0 1.0 0.661972 0.646094 0.201878 0.176563
0 1.0 0.341549 0.672656 0.100939 0.164062
0 1.0 0.372066 0.652344 0.133803 0.089063
0 1.0 0.497653 0.661719 0.018779 0.048438
0 1.0 0.605634 0.647656 0.107981 0.254688
0 1.0 0.606808 0.654687 0.068075 0.146875
0 1.0 0.535211 0.641406 0.103286 0.245312
0 1.0 0.455399 0.663281 0.051643 0.164062
0 1.0 0.558685 0.646094 0.079812 0.089063
0 1.0 0.568075 0.628906 0.281690 0.239063
0 1.0 0.841549 0.561719 0.035211 0.057813
0 1.0 0.890845 0.610938 0.058685 0.137500
0 1.0 0.889671 0.571094 0.042254 0.067187
0 1.0 0.836854 0.610938 0.039906 0.106250
0 1.0 0.725352 0.596094 0.436620 0.107813
0 1.0 0.767606 0.557813 0.408451 0.112500
0 1.0 0.792254 0.625781 0.030516 0.073438
0 1.0 0.078638 0.608594 0.053991 0.042188
0 1.0 0.104460 0.615625 0.011737 0.025000
0 1.0 0.071596 0.610938 0.143192 0.246875
0 1.0 0.048122 0.626563 0.082160 0.106250
0 1.0 0.951878 0.627344 0.035211 0.101562
0 1.0 0.937793 0.557813 0.119718 0.084375
0 1.0 0.901408 0.561719 0.197183 0.142187
0 1.0 0.548122 0.566406 0.194836 0.176563
0 1.0 0.508216 0.627344 0.035211 0.135937
0 1.0 0.448357 0.645312 0.023474 0.078125
0 1.0 0.509390 0.565625 0.079812 0.078125
0 1.0 0.444836 0.597656 0.082160 0.167187
0 1.0 0.545775 0.573438 0.021127 0.056250
0 1.0 0.447183 0.554688 0.260563 0.246875
0 1.0 0.483568 0.573438 0.107981 0.162500
0 1.0 0.397887 0.627344 0.044601 0.110937
0 1.0 0.424883 0.560156 0.370892 0.132812
0 1.0 0.400235 0.597656 0.110329 0.160938
0 1.0 0.718310 0.628906 0.032864 0.060937
0 1.0 0.714789 0.570312 0.373239 0.225000
0 1.0 0.670188 0.626563 0.039906 0.090625
0 1.0 0.680751 0.615625 0.018779 0.046875
0 1.0 0.531690 0.597656 0.068075 0.129688
0 1.0 0.654930 0.566406 0.187793 0.142187
0 1.0 0.615023 0.629687 0.037559 0.096875
0 1.0 0.616197 0.559375 0.373239 0.103125
0 1.0 0.617371 0.618750 0.018779 0.046875
0 1.0 0.538732 0.624219 0.044601 0.117188
0 1.0 0.584507 0.591406 0.079812 0.079687
0 1.0 0.526995 0.596875 0.345070 0.121875
0 1.0 0.454225 0.664062 0.030516 0.103125
0 1.0 0.552817 0.611719 0.011737 0.032813
0 1.0 0.421362 0.609375 0.359155 0.103125
0 1.0 0.715962 0.657813 0.046948 0.084375
0 1.0 0.663146 0.647656 0.063380 0.148438
0 1.0 0.230047 0.597656 0.262911 0.101562
0 1.0 0.508216 0.615625 0.016432 0.037500
0 1.0 0.217136 0.603125 0.035211 0.050000
0 1.0 0.079812 0.673438 0.046948 0.121875
0 1.0 0.150235 0.599219 0.131455 0.067187
0 1.0 0.179577 0.605469 0.021127 0.035937
0 1.0 0.341549 0.663281 0.053991 0.098437
0 1.0 0.392019 0.614062 0.075117 0.068750
0 1.0 0.308685 0.625781 0.016432 0.029687
0 1.0 0.336854 0.622656 0.021127 0.042188
0 1.0 0.298122 0.660937 0.042254 0.093750
0 1.0 0.659624 0.755469 0.328638 0.139063
0 1.0 0.658451 0.743750 0.194836 0.218750
0 1.0 0.900235 0.725000 0.199531 0.284375
0 1.0 0.829812 0.766406 0.110329 0.098437
0 1.0 0.541080 0.755469 0.284038 0.120313
0 1.0 0.550469 0.706250 0.119718 0.196875
0 1.0 0.576291 0.760938 0.082160 0.090625
0 1.0 0.568075 0.748437 0.276995 0.290625
0 1.0 0.829812 0.762500 0.293427 0.156250
0 1.0 0.838028 0.728906 0.089202 0.207813
0 1.0 0.032864 0.821875 0.065728 0.284375
0 1.0 0.055164 0.814844 0.110329 0.079687
0 1.0 0.070423 0.821094 0.028169 0.054688
0 1.0 0.718310 0.706250 0.107981 0.190625
0 1.0 0.750000 0.761719 0.105634 0.120313
0 1.0 0.319249 0.753906 0.328638 0.132812
0 1.0 0.604460 0.713281 0.072770 0.145313
0 1.0 0.188967 0.762500 0.255869 0.112500
0 1.0 0.287559 0.732031 0.157277 0.220312
0 1.0 0.302817 0.764844 0.042254 0.079687
0 1.0 0.266432 0.770312 0.025822 0.046875
0 1.0 0.501174 0.718750 0.096244 0.265625
0 1.0 0.775822 0.716406 0.133803 0.232813
0 1.0 0.525822 0.768750 0.023474 0.050000
0 1.0 0.433099 0.750000 0.265258 0.265625
0 1.0 0.480047 0.763281 0.025822 0.060937
0 1.0 0.338028 0.803906 0.244131 0.142187
0 1.0 0.600939 0.771875 0.084507 0.181250
0 1.0 0.615023 0.807813 0.215962 0.146875
0 1.0 0.301643 0.818750 0.025822 0.050000
0 1.0 0.289906 0.793750 0.260563 0.275000
0 1.0 0.226526 0.807031 0.321596 0.132812
0 1.0 0.268779 0.808594 0.063380 0.092188
0 1.0 0.184272 0.811719 0.119718 0.304688
0 1.0 0.510563 0.807813 0.204225 0.143750
0 1.0 0.503521 0.803125 0.255869 0.281250
0 1.0 0.766432 0.784375 0.237089 0.284375
0 1.0 0.712441 0.804688 0.326291 0.125000
0 1.0 0.389671 0.783594 0.126761 0.310937
0 1.0 0.457746 0.814063 0.051643 0.078125
0 1.0 0.960094 0.725000 0.061033 0.159375
0 1.0 0.934272 0.764844 0.131455 0.110937
0 1.0 0.441315 0.786719 0.089202 0.245312
0 1.0 0.187793 0.814844 0.267606 0.285938
0 1.0 0.876761 0.767969 0.035211 0.073438
0 1.0 0.515258 0.817187 0.039906 0.062500
0 1.0 0.160798 0.814844 0.086854 0.110937
0 1.0 0.073944 0.811719 0.133803 0.351562
0 1.0 0.127934 0.814063 0.190141 0.106250
0 1.0 0.451878 0.704688 0.265258 0.106250
0 1.0 0.522300 0.706250 0.021127 0.046875
0 1.0 0.482394 0.700781 0.025822 0.057813
0 1.0 0.335681 0.695312 0.201878 0.112500
0 1.0 0.247653 0.295312 0.241784 0.246875
0 1.0 0.190141 0.360938 0.051643 0.115625
0 1.0 0.617371 0.696094 0.328638 0.120313
0 1.0 0.607981 0.688281 0.197183 0.189062
0 1.0 0.556338 0.694531 0.075117 0.082812
0 1.0 0.795775 0.704688 0.309859 0.146875
0 1.0 0.177230 0.710938 0.171362 0.093750
0 1.0 0.217136 0.716406 0.025822 0.054688
0 1.0 0.056338 0.713281 0.075117 0.060937
0 1.0 0.041080 0.719531 0.082160 0.257812
0 1.0 0.083333 0.718750 0.016432 0.040625
0 1.0 0.187793 0.082812 0.248826 0.165625
0 1.0 0.287559 0.702344 0.025822 0.045312
0 1.0 0.338028 0.701562 0.028169 0.062500
0 1.0 0.496479 0.679688 0.269953 0.265625
0 1.0 0.241784 0.700781 0.089202 0.101562
0 1.0 0.082160 0.763281 0.018779 0.045312
0 1.0 0.930751 0.710156 0.138498 0.110937
0 1.0 0.943662 0.693750 0.098592 0.240625
0 1.0 0.823944 0.710938 0.075117 0.081250
0 1.0 0.444836 0.703125 0.049296 0.137500
0 1.0 0.196009 0.757031 0.119718 0.157812
0 1.0 0.129108 0.756250 0.112676 0.293750
0 1.0 0.199531 0.768750 0.042254 0.078125
0 1.0 0.169014 0.767188 0.028169 0.065625
0 1.0 0.134977 0.297656 0.246479 0.260937
0 1.0 0.143192 0.307031 0.136150 0.139063
0 1.0 0.071596 0.351562 0.058685 0.131250
0 1.0 0.840376 0.693750 0.164319 0.253125
0 1.0 0.049296 0.759375 0.098592 0.071875
0 1.0 0.248826 0.301563 0.112676 0.087500
0 1.0 0.190141 0.334375 0.079812 0.118750
0 1.0 0.221831 0.321094 0.025822 0.051562
0 1.0 0.138498 0.360938 0.061033 0.131250
0 1.0 0.150235 0.342187 0.032864 0.059375
0 1.0 0.928404 0.363281 0.082160 0.104688
0 1.0 0.877934 0.441406 0.032864 0.070312
0 1.0 0.833333 0.345313 0.145540 0.084375
0 1.0 0.887324 0.428125 0.018779 0.037500
0 1.0 0.862676 0.346094 0.237089 0.248438
0 1.0 0.870892 0.360938 0.178404 0.143750
0 1.0 0.823944 0.432031 0.032864 0.085938
0 1.0 0.500000 0.570312 0.018779 0.056250
0 1.0 0.780516 0.416406 0.039906 0.104688
0 1.0 0.780516 0.341406 0.279343 0.107813
0 1.0 0.792254 0.410156 0.025822 0.064062
0 1.0 0.100939 0.394531 0.201878 0.251563
0 1.0 0.089202 0.421094 0.107981 0.101562
0 1.0 0.032864 0.509375 0.018779 0.050000
0 1.0 0.042254 0.485938 0.018779 0.040625
0 1.0 0.063380 0.410938 0.061033 0.068750
0 1.0 0.950704 0.422656 0.028169 0.042188
0 1.0 0.926056 0.347656 0.147887 0.132812
0 1.0 0.960094 0.366406 0.079812 0.098437
0 1.0 0.927230 0.428906 0.042254 0.104688
0 1.0 0.926056 0.402344 0.068075 0.107813
0 1.0 0.963615 0.440625 0.011737 0.028125
0 1.0 0.559859 0.469531 0.021127 0.045312
0 1.0 0.569249 0.341406 0.284038 0.101562
0 1.0 0.557512 0.435937 0.030516 0.046875
0 1.0 0.549296 0.346094 0.239437 0.260937
0 1.0 0.556338 0.363281 0.136150 0.120313
0 1.0 0.508216 0.472656 0.025822 0.060937
0 1.0 0.771127 0.341406 0.246479 0.251563
0 1.0 0.500000 0.361719 0.164319 0.139063
0 1.0 0.447183 0.457031 0.011737 0.020313
0 1.0 0.504695 0.346094 0.112676 0.076563
0 1.0 0.438967 0.421094 0.051643 0.057813
0 1.0 0.443662 0.341406 0.248826 0.251563
0 1.0 0.480047 0.377344 0.063380 0.070312
0 1.0 0.509390 0.441406 0.032864 0.057813
0 1.0 0.774648 0.357812 0.150235 0.153125
0 1.0 0.721831 0.438281 0.035211 0.082812
0 1.0 0.734742 0.413281 0.023474 0.045312
0 1.0 0.674883 0.471875 0.016432 0.040625
0 1.0 0.684272 0.446094 0.016432 0.029687
0 1.0 0.671362 0.345313 0.258216 0.121875
0 1.0 0.613850 0.466406 0.016432 0.042188
0 1.0 0.615023 0.445312 0.014085 0.028125
0 1.0 0.564554 0.399219 0.260563 0.098437
0 1.0 0.572770 0.510938 0.014085 0.025000
0 1.0 0.552817 0.428125 0.096244 0.087500
0 1.0 0.508216 0.531250 0.025822 0.062500
0 1.0 0.515258 0.519531 0.016432 0.032813
0 1.0 0.491784 0.415625 0.246479 0.275000
0 1.0 0.495305 0.424219 0.169014 0.145313
0 1.0 0.460094 0.528125 0.018779 0.046875
0 1.0 0.496479 0.406250 0.096244 0.065625
0 1.0 0.458920 0.490625 0.035211 0.056250
0 1.0 0.478873 0.435156 0.056338 0.073438
0 1.0 0.399061 0.478125 0.046948 0.106250
0 1.0 0.719484 0.515625 0.035211 0.059375
0 1.0 0.728873 0.396094 0.288732 0.095312
0 1.0 0.734742 0.511719 0.009390 0.020313
0 1.0 0.710094 0.403125 0.246479 0.256250
0 1.0 0.713615 0.426563 0.154930 0.118750
0 1.0 0.674883 0.528906 0.021127 0.039062
0 1.0 0.564554 0.525000 0.025822 0.050000
0 1.0 0.610329 0.522656 0.018779 0.039062
0 1.0 0.612676 0.514062 0.009390 0.018750
0 1.0 0.606808 0.410938 0.241784 0.256250
0 1.0 0.605634 0.417969 0.140845 0.114062
0 1.0 0.690141 0.518750 0.009390 0.018750
0 1.0 0.251174 0.407813 0.215962 0.118750
0 1.0 0.245305 0.406250 0.246479 0.275000
0 1.0 0.192488 0.525000 0.023474 0.053125
0 1.0 0.197183 0.496094 0.023474 0.039062
0 1.0 0.406103 0.398438 0.262911 0.106250
0 1.0 0.147887 0.518750 0.023474 0.050000
0 1.0 0.167840 0.398438 0.166667 0.084375
0 1.0 0.160798 0.508594 0.011737 0.023438
0 1.0 0.138498 0.421094 0.107981 0.098437
0 1.0 0.090376 0.515625 0.021127 0.046875
0 1.0 0.099765 0.508594 0.011737 0.023438
0 1.0 0.205399 0.429688 0.053991 0.068750
0 1.0 0.345070 0.503125 0.032864 0.068750
0 1.0 0.346244 0.478125 0.039906 0.059375
0 1.0 0.273474 0.518750 0.011737 0.031250
0 1.0 0.356808 0.422656 0.112676 0.114062
0 1.0 0.292254 0.521875 0.025822 0.062500
0 1.0 0.306338 0.400000 0.190141 0.090625
0 1.0 0.292254 0.490625 0.035211 0.062500
0 1.0 0.315728 0.439063 0.049296 0.075000
0 1.0 0.257042 0.525000 0.030516 0.071875
0 1.0 0.340376 0.398438 0.239437 0.265625
0 1.0 0.555164 0.360156 0.058685 0.117188
0 1.0 0.572770 0.293750 0.230047 0.109375
0 1.0 0.570423 0.308594 0.084507 0.101562
0 1.0 0.501174 0.366406 0.058685 0.135937
0 1.0 0.396714 0.419531 0.042254 0.092188
0 1.0 0.507042 0.293750 0.239437 0.143750
0 1.0 0.443662 0.388281 0.032864 0.064062
0 1.0 0.539906 0.303125 0.032864 0.053125
0 1.0 0.437793 0.344531 0.086854 0.107813
0 1.0 0.778169 0.303125 0.138498 0.153125
0 1.0 0.719484 0.339062 0.072770 0.140625
0 1.0 0.728873 0.292187 0.284038 0.128125
0 1.0 0.734742 0.326562 0.028169 0.053125
0 1.0 0.666667 0.357031 0.056338 0.107813
0 1.0 0.681925 0.342187 0.025822 0.043750
0 1.0 0.599765 0.360156 0.049296 0.107813
0 1.0 0.603286 0.344531 0.018779 0.039062
0 1.0 0.611502 0.293750 0.241784 0.246875
0 1.0 0.267606 0.290625 0.215962 0.112500
0 1.0 0.252347 0.357812 0.025822 0.053125
0 1.0 0.347418 0.357031 0.051643 0.098437
0 1.0 0.063380 0.028125 0.061033 0.053125
0 1.0 0.191315 0.055469 0.115023 0.110937
0 1.0 0.134977 0.063281 0.068075 0.126562
0 1.0 0.137324 0.031250 0.119718 0.062500
0 1.0 0.500000 0.325000 0.028169 0.050000
0 1.0 0.076291 0.068750 0.058685 0.115625
0 1.0 0.092723 0.037500 0.115023 0.075000
0 1.0 0.102113 0.078125 0.204225 0.156250
0 1.0 0.022300 0.063281 0.035211 0.089063
0 1.0 0.395540 0.348438 0.072770 0.137500
0 1.0 0.411972 0.290625 0.279343 0.115625
0 1.0 0.406103 0.306250 0.136150 0.146875
0 1.0 0.409624 0.299219 0.068075 0.073438
0 1.0 0.239437 0.360156 0.065728 0.132812
0 1.0 0.345070 0.297656 0.239437 0.251563
0 1.0 0.380282 0.317188 0.051643 0.078125
0 1.0 0.294601 0.372656 0.044601 0.092188
0 1.0 0.295775 0.339844 0.089202 0.114062
0 1.0 0.335681 0.328906 0.028169 0.048438
0 1.0 0.348592 0.332031 0.096244 0.117188
0 1.0 0.259390 0.433594 0.021127 0.045312
0 1.0 0.197183 0.460156 0.018779 0.051562
0 1.0 0.248826 0.349219 0.136150 0.082812
0 1.0 0.193662 0.413281 0.058685 0.082812
0 1.0 0.190141 0.350781 0.253521 0.151562
0 1.0 0.213615 0.377344 0.037559 0.060937
0 1.0 0.139671 0.453906 0.021127 0.057813
0 1.0 0.146714 0.430469 0.025822 0.048438
0 1.0 0.086854 0.444531 0.028169 0.070312
0 1.0 0.134977 0.346094 0.096244 0.076563
0 1.0 0.419014 0.338281 0.293427 0.114062
0 1.0 0.349765 0.441406 0.028169 0.057813
0 1.0 0.348592 0.396875 0.077465 0.087500
0 1.0 0.370892 0.369531 0.065728 0.089063
0 1.0 0.295775 0.463281 0.018779 0.045312
0 1.0 0.289906 0.412500 0.058685 0.081250
0 1.0 0.300469 0.346875 0.239437 0.146875
0 1.0 0.330986 0.378906 0.028169 0.051562
0 1.0 0.247653 0.447656 0.035211 0.082812
0 1.0 0.934272 0.303125 0.079812 0.109375
0 1.0 0.873239 0.350781 0.070423 0.135937
0 1.0 0.854460 0.296094 0.070423 0.067187
0 1.0 0.886150 0.332031 0.021127 0.039062
0 1.0 0.854460 0.303125 0.159624 0.106250
0 1.0 0.092723 0.425781 0.025822 0.051562
0 1.0 0.826291 0.347656 0.032864 0.054688
0 1.0 0.788732 0.344531 0.032864 0.070312
0 1.0 0.815728 0.357812 0.077465 0.143750
0 1.0 0.025822 0.413281 0.018779 0.051562
0 1.0 0.080986 0.350000 0.100939 0.075000
0 1.0 0.029343 0.402344 0.039906 0.079687
0 1.0 0.962441 0.378906 0.028169 0.070312
0 1.0 0.969484 0.290625 0.061033 0.087500
0 1.0 0.954225 0.339844 0.030516 0.051562
0 1.0 0.923709 0.295312 0.152582 0.150000
0 1.0 0.508216 0.514844 0.274648 0.117188
0 1.0 0.512911 0.575781 0.039906 0.098437
0 1.0 0.785211 0.422656 0.105634 0.104688
0 1.0 0.456573 0.617188 0.016432 0.062500
0 1.0 0.492958 0.523438 0.103286 0.071875
0 1.0 0.721831 0.588281 0.025822 0.048438
0 1.0 0.701878 0.528125 0.211268 0.150000
0 1.0 0.671362 0.599219 0.028169 0.064062
0 1.0 0.680751 0.589063 0.018779 0.037500
0 1.0 0.624413 0.593750 0.014085 0.040625
0 1.0 0.604460 0.515625 0.302817 0.234375
0 1.0 0.609155 0.528125 0.171362 0.153125
0 1.0 0.544601 0.592969 0.032864 0.095312
0 1.0 0.242958 0.508594 0.269953 0.260937
0 1.0 0.187793 0.596094 0.028169 0.073438
0 1.0 0.226526 0.510938 0.279343 0.106250
0 1.0 0.181925 0.565625 0.068075 0.096875
0 1.0 0.192488 0.536719 0.098592 0.110937
0 1.0 0.151408 0.575781 0.030516 0.067187
0 1.0 0.144366 0.529687 0.143192 0.143750
0 1.0 0.098592 0.599219 0.018779 0.060937
0 1.0 0.137324 0.519531 0.100939 0.054688
0 1.0 0.107981 0.578125 0.023474 0.050000
0 1.0 0.144366 0.596094 0.025822 0.079687
0 1.0 0.469484 0.526563 0.042254 0.059375
0 1.0 0.345070 0.611719 0.032864 0.067187
0 1.0 0.308685 0.511719 0.194836 0.085938
0 1.0 0.342723 0.572656 0.070423 0.092188
0 1.0 0.346244 0.515625 0.274648 0.256250
0 1.0 0.281690 0.602344 0.023474 0.070312
0 1.0 0.272300 0.562500 0.070423 0.112500
0 1.0 0.241784 0.519531 0.042254 0.054688
0 1.0 0.295775 0.532813 0.079812 0.106250
0 1.0 0.254695 0.589844 0.035211 0.104688
0 1.0 0.262911 0.573438 0.028169 0.075000
0 1.0 0.188967 0.629687 0.039906 0.093750
0 1.0 0.232394 0.562500 0.309859 0.109375
0 1.0 0.184272 0.594531 0.091549 0.123438
0 1.0 0.142019 0.626563 0.035211 0.100000
0 1.0 0.158451 0.556250 0.251174 0.234375
0 1.0 0.086854 0.639062 0.028169 0.078125
0 1.0 0.093897 0.617969 0.028169 0.060937
0 1.0 0.161972 0.563281 0.037559 0.064062
0 1.0 0.345070 0.559375 0.201878 0.096875
0 1.0 0.343897 0.617969 0.091549 0.114062
0 1.0 0.284038 0.610938 0.084507 0.121875
0 1.0 0.282864 0.571875 0.025822 0.050000
0 1.0 0.246479 0.629687 0.046948 0.118750
0 1.0 0.807512 0.525781 0.023474 0.035937
0 1.0 0.850939 0.535937 0.049296 0.043750
0 1.0 0.850939 0.513281 0.260563 0.260937
0 1.0 0.823944 0.580469 0.056338 0.139063
0 1.0 0.814554 0.513281 0.352113 0.117188
0 1.0 0.834507 0.581250 0.030516 0.068750
0 1.0 0.104460 0.577344 0.096244 0.114062
0 1.0 0.782864 0.586719 0.044601 0.110937
0 1.0 0.796948 0.585938 0.021127 0.053125
0 1.0 0.773474 0.530469 0.176056 0.164062
0 1.0 0.712441 0.596094 0.039906 0.085938
0 1.0 0.032864 0.651563 0.023474 0.068750
0 1.0 0.125587 0.565625 0.030516 0.037500
0 1.0 0.037559 0.622656 0.037559 0.073438
0 1.0 0.119718 0.571094 0.014085 0.035937
0 1.0 0.064554 0.587500 0.039906 0.062500
0 1.0 0.955399 0.592969 0.028169 0.067187
0 1.0 0.958920 0.511719 0.082160 0.073438
0 1.0 0.873239 0.577344 0.061033 0.123438
0 1.0 0.916667 0.518750 0.166667 0.121875
0 1.0 0.919014 0.592969 0.063380 0.117188
0 1.0 0.940141 0.573438 0.039906 0.071875
0 1.0 0.265258 0.492969 0.075117 0.098437
0 1.0 0.192488 0.564844 0.018779 0.048438
0 1.0 0.201878 0.465625 0.215962 0.106250
0 1.0 0.230047 0.511719 0.014085 0.032813
0 1.0 0.104460 0.507031 0.208920 0.251563
0 1.0 0.224178 0.465625 0.016432 0.028125
0 1.0 0.159624 0.543750 0.014085 0.028125
0 1.0 0.156103 0.467187 0.152582 0.071875
0 1.0 0.167840 0.500781 0.030516 0.045312
0 1.0 0.102113 0.549219 0.016432 0.045312
0 1.0 0.177230 0.460938 0.011737 0.021875
0 1.0 0.112676 0.535937 0.009390 0.025000
0 1.0 0.150235 0.558594 0.018779 0.051562
0 1.0 0.419014 0.469531 0.147887 0.076563
0 1.0 0.402582 0.460938 0.260563 0.265625
0 1.0 0.421362 0.489844 0.058685 0.079687
0 1.0 0.348592 0.564844 0.021127 0.045312
0 1.0 0.322770 0.468750 0.011737 0.025000
0 1.0 0.348592 0.530469 0.035211 0.051562
0 1.0 0.268779 0.469531 0.161972 0.070312
0 1.0 0.306338 0.471875 0.072770 0.046875
0 1.0 0.280516 0.523438 0.044601 0.078125
0 1.0 0.329812 0.514844 0.016432 0.032813
0 1.0 0.274648 0.549219 0.014085 0.039062
0 1.0 0.384977 0.507812 0.023474 0.040625
0 1.0 0.877934 0.503125 0.037559 0.065625
0 1.0 0.895540 0.506250 0.011737 0.021875
0 1.0 0.823944 0.410156 0.126761 0.095312
0 1.0 0.873239 0.417187 0.150235 0.118750
0 1.0 0.826291 0.509375 0.037559 0.065625
0 1.0 0.103286 0.460156 0.136150 0.060937
0 1.0 0.839202 0.508594 0.011737 0.020313
0 1.0 0.785211 0.509375 0.030516 0.056250
0 1.0 0.805164 0.508594 0.009390 0.020313
0 1.0 0.116197 0.491406 0.030516 0.045312
0 1.0 0.029343 0.539844 0.011737 0.035937
0 1.0 0.115023 0.460938 0.009390 0.018750
0 1.0 0.035211 0.525781 0.014085 0.035937
0 1.0 0.058685 0.464844 0.046948 0.039062
0 1.0 0.068075 0.451562 0.136150 0.237500
0 1.0 0.079812 0.496875 0.018779 0.034375
0 1.0 0.948357 0.485938 0.028169 0.043750
0 1.0 0.923709 0.405469 0.152582 0.135937
0 1.0 0.960094 0.425000 0.079812 0.093750
0 1.0 0.923709 0.493750 0.053991 0.096875
0 1.0 0.961268 0.518750 0.016432 0.040625
0 1.0 0.879108 0.552344 0.039906 0.070312
0 1.0 0.833333 0.467187 0.014085 0.021875
0 1.0 0.895540 0.548438 0.016432 0.028125
0 1.0 0.826291 0.475000 0.131455 0.050000
0 1.0 0.889671 0.495312 0.093897 0.084375
0 1.0 0.827465 0.555469 0.035211 0.070312
0 1.0 0.836854 0.464062 0.237089 0.090625
0 1.0 0.408451 0.521094 0.037559 0.057813
0 1.0 0.828638 0.491406 0.079812 0.079687
0 1.0 0.787559 0.550000 0.025822 0.062500
0 1.0 0.784038 0.461719 0.164319 0.067187
0 1.0 0.806338 0.543750 0.011737 0.025000
0 1.0 0.766432 0.458594 0.302817 0.242188
0 1.0 0.787559 0.491406 0.086854 0.095312
0 1.0 0.838028 0.550781 0.014085 0.029687
0 1.0 0.103286 0.533594 0.079812 0.095312
0 1.0 0.032864 0.599219 0.018779 0.057813
0 1.0 0.103286 0.522656 0.037559 0.032813
0 1.0 0.035211 0.565625 0.032864 0.065625
0 1.0 0.102113 0.530469 0.016432 0.026562
0 1.0 0.063380 0.540625 0.037559 0.056250
0 1.0 0.958920 0.561719 0.021127 0.045312
0 1.0 0.946009 0.535937 0.032864 0.046875
0 1.0 0.920188 0.458594 0.159624 0.114062
0 1.0 0.924883 0.565625 0.042254 0.071875
0 1.0 0.927230 0.535937 0.056338 0.065625
0 1.0 0.980047 0.453906 0.039906 0.051562
0 1.0 0.565728 0.548438 0.014085 0.034375
0 1.0 0.553991 0.473438 0.206573 0.087500
0 1.0 0.566901 0.505469 0.044601 0.060937
0 1.0 0.514085 0.571875 0.018779 0.062500
0 1.0 0.530516 0.463281 0.084507 0.060937
0 1.0 0.516432 0.553906 0.014085 0.039062
0 1.0 0.715962 0.561719 0.028169 0.057813
0 1.0 0.509390 0.503906 0.051643 0.073438
0 1.0 0.464789 0.561719 0.014085 0.042188
0 1.0 0.542254 0.472656 0.009390 0.020313
0 1.0 0.474178 0.471875 0.112676 0.059375
0 1.0 0.400235 0.550000 0.030516 0.071875
0 1.0 0.728873 0.550781 0.011737 0.023438
0 1.0 0.723005 0.473438 0.253521 0.103125
0 1.0 0.713615 0.487500 0.117371 0.096875
0 1.0 0.673709 0.571875 0.018779 0.043750
0 1.0 0.683099 0.556250 0.014085 0.025000
0 1.0 0.598592 0.467969 0.061033 0.048438
0 1.0 0.665493 0.490625 0.105634 0.093750
0 1.0 0.623239 0.567969 0.016432 0.045312
0 1.0 0.632629 0.460938 0.147887 0.071875
0 1.0 0.626761 0.553906 0.009390 0.026562
0 1.0 0.618545 0.493750 0.072770 0.081250
0 1.0 0.563380 0.565625 0.018779 0.056250
0 1.0 0.714789 0.135937 0.129108 0.253125
0 1.0 0.714789 0.126562 0.246479 0.168750
0 1.0 0.343897 0.749219 0.223005 0.501563
0 1.0 0.386150 0.747656 0.622066 0.214062
0 1.0 0.649061 0.643750 0.227700 0.440625
0 1.0 0.605634 0.620313 0.680751 0.231250
0 1.0 0.645540 0.716406 0.474178 0.410938
0 1.0 0.660798 0.147656 0.124413 0.295312
0 1.0 0.819249 0.143750 0.107981 0.228125
0 1.0 0.814554 0.137500 0.248826 0.275000
0 1.0 0.274648 0.645312 0.403756 0.356250
0 1.0 0.962441 0.164062 0.056338 0.131250
0 1.0 0.038732 0.199219 0.077465 0.223438
0 1.0 0.043427 0.185156 0.086854 0.098437
0 1.0 0.072770 0.178906 0.145540 0.270313
0 1.0 0.943662 0.129688 0.112676 0.128125
0 1.0 0.930751 0.132812 0.138498 0.256250
0 1.0 0.845070 0.126562 0.122066 0.096875
0 1.0 0.879108 0.141406 0.115023 0.235937
0 1.0 0.443662 0.155469 0.084507 0.232813
0 1.0 0.464789 0.131250 0.276995 0.131250
0 1.0 0.481221 0.134375 0.098592 0.109375
0 1.0 0.450704 0.137500 0.239437 0.275000
0 1.0 0.427230 0.135156 0.131455 0.126562
0 1.0 0.343897 0.146875 0.105634 0.284375
0 1.0 0.143192 0.126562 0.267606 0.137500
0 1.0 0.834507 0.849219 0.330986 0.207813
0 1.0 0.353286 0.128125 0.284038 0.128125
0 1.0 0.347418 0.139063 0.239437 0.278125
0 1.0 0.289906 0.134375 0.180751 0.212500
0 1.0 0.274648 0.143750 0.056338 0.075000
0 1.0 0.460094 0.847656 0.633803 0.210938
0 1.0 0.289906 0.161719 0.086854 0.232813
0 1.0 0.619718 0.127344 0.291080 0.132812
0 1.0 0.603286 0.135937 0.098592 0.215625
0 1.0 0.552817 0.146094 0.124413 0.292187
0 1.0 0.356808 0.742188 0.450704 0.403125
0 1.0 0.247653 0.743750 0.227700 0.500000
0 1.0 0.646714 0.470313 0.218310 0.450000
0 1.0 0.611502 0.471875 0.645540 0.221875
0 1.0 0.395540 0.185938 0.138498 0.271875
0 1.0 0.387324 0.184375 0.154930 0.103125
0 1.0 0.319249 0.203125 0.042254 0.075000
0 1.0 0.325117 0.188281 0.265258 0.123438
0 1.0 0.474178 0.200000 0.070423 0.112500
0 1.0 0.273474 0.460156 0.434272 0.376563
0 1.0 0.640845 0.371094 0.483568 0.404687
0 1.0 0.543427 0.354687 0.612676 0.218750
0 1.0 0.450704 0.385937 0.201878 0.528125
0 1.0 0.455399 0.471094 0.539906 0.364063
0 1.0 0.502347 0.199219 0.107981 0.279687
0 1.0 0.515258 0.182031 0.288732 0.132812
0 1.0 0.440141 0.224219 0.068075 0.173437
0 1.0 0.132629 0.185156 0.185446 0.214062
0 1.0 0.455399 0.554688 0.732394 0.168750
0 1.0 0.757042 0.492188 0.218310 0.465625
0 1.0 0.234742 0.196094 0.126761 0.310937
0 1.0 0.187793 0.217969 0.075117 0.198437
0 1.0 0.219484 0.188281 0.241784 0.123438
0 1.0 0.193662 0.194531 0.035211 0.070312
0 1.0 0.768779 0.063281 0.082160 0.126562
0 1.0 0.776995 0.032031 0.173709 0.064062
0 1.0 0.964789 0.063281 0.028169 0.064062
0 1.0 0.954225 0.032813 0.091549 0.065625
0 1.0 0.923709 0.064844 0.068075 0.129688
0 1.0 0.917840 0.039844 0.150235 0.079687
0 1.0 0.713615 0.060937 0.164319 0.121875
0 1.0 0.661972 0.058594 0.070423 0.117188
0 1.0 0.670188 0.032031 0.171362 0.064062
0 1.0 0.880282 0.028125 0.070423 0.056250
0 1.0 0.250000 0.878906 0.500000 0.242188
0 1.0 0.821596 0.057813 0.150235 0.115625
0 1.0 0.877934 0.057813 0.140845 0.115625
0 1.0 0.819249 0.058594 0.065728 0.117188
0 1.0 0.133803 0.117969 0.098592 0.235937
0 1.0 0.184272 0.117969 0.096244 0.235937
0 1.0 0.076291 0.118750 0.086854 0.212500
0 1.0 0.023474 0.118750 0.046948 0.153125
0 1.0 0.055164 0.078125 0.110329 0.084375
0 1.0 0.408451 0.032031 0.201878 0.064062
0 1.0 0.400235 0.064062 0.119718 0.128125
0 1.0 0.400235 0.075781 0.237089 0.151562
0 1.0 0.342723 0.064062 0.070423 0.128125
0 1.0 0.315728 0.025781 0.053991 0.051562
0 1.0 0.291080 0.061719 0.065728 0.123438
0 1.0 0.269953 0.032031 0.117371 0.064062
0 1.0 0.523474 0.032031 0.145540 0.064062
0 1.0 0.503521 0.064844 0.100939 0.129688
0 1.0 0.505869 0.079687 0.232394 0.159375
0 1.0 0.052817 0.050000 0.077465 0.100000
0 1.0 0.292254 0.079687 0.241784 0.159375
0 1.0 0.237089 0.073438 0.093897 0.146875
0 1.0 0.465962 0.054688 0.110329 0.109375
0 1.0 0.611502 0.057813 0.143192 0.115625
0 1.0 0.553991 0.054688 0.070423 0.109375
0 1.0 0.768779 0.080469 0.241784 0.160938
0 1.0 0.720657 0.046875 0.070423 0.093750
0 1.0 0.443662 0.044531 0.046948 0.089063
0 1.0 0.504695 0.026562 0.051643 0.053125
0 1.0 0.504695 0.774219 0.990610 0.429688
0 1.0 0.599765 0.049219 0.068075 0.098437
0 1.0 0.873239 0.095312 0.192488 0.190625
0 1.0 0.766432 0.119531 0.119718 0.239063
0 1.0 0.164319 0.922656 0.328638 0.154688
0 1.0 0.968310 0.121875 0.039906 0.118750
0 1.0 0.953052 0.075781 0.093897 0.098437
0 1.0 0.730047 0.922656 0.539906 0.154688
0 1.0 0.448357 0.921094 0.600939 0.157812
0 1.0 0.064554 0.128906 0.129108 0.092188
0 1.0 0.233568 0.140625 0.251174 0.281250
0 1.0 0.645540 0.122656 0.708920 0.245312
0 1.0 0.434272 0.081250 0.103286 0.106250
0 1.0 0.275822 0.085938 0.058685 0.075000
0 1.0 0.372066 0.306250 0.744131 0.303125
0 1.0 0.496479 0.514062 0.307512 0.634375
0 1.0 0.619718 0.075000 0.248826 0.125000
0 1.0 0.353286 0.124219 0.706573 0.248438
0 1.0 0.349765 0.914844 0.145540 0.167187
0 1.0 0.287559 0.883594 0.115023 0.232813
0 1.0 0.285211 0.921094 0.312207 0.126562
0 1.0 0.550469 0.875000 0.110329 0.250000
0 1.0 0.563380 0.918750 0.309859 0.121875
0 1.0 0.228873 0.875781 0.115023 0.248438
0 1.0 0.440141 0.882031 0.105634 0.235937
0 1.0 0.474178 0.922656 0.140845 0.117188
0 1.0 0.715962 0.898438 0.103286 0.203125
0 1.0 0.393192 0.884375 0.138498 0.231250
0 1.0 0.707746 0.882812 0.260563 0.234375
0 1.0 0.954225 0.839844 0.044601 0.098437
0 1.0 0.931925 0.868750 0.136150 0.153125
0 1.0 0.875587 0.771094 0.056338 0.142187
0 1.0 0.826291 0.872656 0.107981 0.089063
0 1.0 0.131455 0.889844 0.117371 0.220312
0 1.0 0.186620 0.911719 0.138498 0.157812
0 1.0 0.406103 0.920312 0.309859 0.125000
0 1.0 0.072770 0.901563 0.107981 0.196875
0 1.0 0.305164 0.925000 0.103286 0.106250
0 1.0 0.026995 0.928125 0.053991 0.143750
0 1.0 0.062207 0.920312 0.124413 0.093750
0 1.0 0.235915 0.938281 0.086854 0.123438
0 1.0 0.276995 0.964063 0.103286 0.068750
0 1.0 0.887324 0.921875 0.225352 0.128125
0 1.0 0.869718 0.867969 0.110329 0.264062
0 1.0 0.147887 0.951562 0.187793 0.096875
0 1.0 0.134977 0.942969 0.082160 0.114062
0 1.0 0.179577 0.964844 0.100939 0.070312
0 1.0 0.396714 0.935937 0.084507 0.128125
0 1.0 0.443662 0.964063 0.122066 0.071875
0 1.0 0.077465 0.951562 0.079812 0.096875
0 1.0 0.065728 0.966406 0.056338 0.054688
0 1.0 0.043427 0.963281 0.086854 0.073438
0 1.0 0.604460 0.878125 0.110329 0.243750
0 1.0 0.606808 0.884375 0.260563 0.231250
0 1.0 0.818075 0.878125 0.105634 0.243750
0 1.0 0.497653 0.871094 0.117371 0.257812
0 1.0 0.768779 0.878125 0.110329 0.243750
0 1.0 0.661972 0.898438 0.103286 0.203125
0 1.0 0.964789 0.923438 0.056338 0.153125
0 1.0 0.958920 0.817969 0.082160 0.251563
0 1.0 0.922535 0.808594 0.154930 0.164062
0 1.0 0.828638 0.755469 0.037559 0.095312
0 1.0 0.139671 0.869531 0.227700 0.120313
0 1.0 0.523474 0.875000 0.032864 0.062500
0 1.0 0.078638 0.824219 0.053991 0.126562
0 1.0 0.302817 0.875000 0.028169 0.053125
0 1.0 0.127934 0.874219 0.077465 0.098437
0 1.0 0.026995 0.877344 0.039906 0.123438
0 1.0 0.051643 0.869531 0.103286 0.079687
0 1.0 0.292254 0.780469 0.035211 0.076563
0 1.0 0.247653 0.867969 0.185446 0.092188
0 1.0 0.291080 0.800781 0.089202 0.142187
0 1.0 0.663146 0.764062 0.096244 0.190625
0 1.0 0.874413 0.771875 0.110329 0.250000
0 1.0 0.877934 0.820312 0.037559 0.071875
0 1.0 0.816901 0.814844 0.145540 0.107813
0 1.0 0.815728 0.801562 0.077465 0.096875
0 1.0 0.058685 0.874219 0.037559 0.064062
0 1.0 0.734742 0.802344 0.136150 0.117188
0 1.0 0.677230 0.793750 0.030516 0.062500
0 1.0 0.674883 0.868750 0.176056 0.125000
0 1.0 0.605634 0.742188 0.032864 0.065625
0 1.0 0.607981 0.793750 0.028169 0.062500
0 1.0 0.448357 0.778125 0.056338 0.093750
0 1.0 0.882629 0.881250 0.042254 0.068750
0 1.0 0.561033 0.796875 0.046948 0.090625
0 1.0 0.575117 0.870313 0.122066 0.109375
0 1.0 0.505869 0.746094 0.035211 0.070312
0 1.0 0.823944 0.868750 0.215962 0.112500
0 1.0 0.839202 0.806250 0.030516 0.075000
0 1.0 0.780516 0.736719 0.030516 0.064062
0 1.0 0.789906 0.790625 0.030516 0.065625
0 1.0 0.960094 0.810937 0.023474 0.065625
0 1.0 0.670188 0.742969 0.030516 0.067187
0 1.0 0.558685 0.746094 0.028169 0.060937
0 1.0 0.508216 0.791406 0.049296 0.085938
0 1.0 0.232394 0.816406 0.065728 0.135937
0 1.0 0.268779 0.869531 0.077465 0.098437
0 1.0 0.184272 0.796094 0.082160 0.132812
0 1.0 0.449531 0.742969 0.021127 0.045312
0 1.0 0.481221 0.866406 0.140845 0.082812
0 1.0 0.718310 0.730469 0.032864 0.064062
0 1.0 0.725352 0.781250 0.028169 0.056250
0 1.0 0.394366 0.792969 0.056338 0.126562
0 1.0 0.411972 0.865625 0.340376 0.118750
0 1.0 0.462441 0.870313 0.051643 0.081250
0 1.0 0.390845 0.846094 0.260563 0.270313
0 1.0 0.347418 0.783594 0.037559 0.085938
0 1.0 0.348592 0.808594 0.072770 0.132812
0 1.0 0.136150 0.266406 0.089202 0.176563
0 1.0 0.261737 0.246875 0.523474 0.218750
0 1.0 0.295775 0.276562 0.107981 0.159375
0 1.0 0.282864 0.256250 0.049296 0.068750
0 1.0 0.292254 0.233594 0.251174 0.270313
0 1.0 0.294601 0.304688 0.053991 0.128125
0 1.0 0.071596 0.235937 0.143192 0.106250
0 1.0 0.034038 0.266406 0.068075 0.167187
0 1.0 0.968310 0.233594 0.039906 0.120313
0 1.0 0.947183 0.184375 0.105634 0.106250
0 1.0 0.188967 0.295312 0.058685 0.150000
0 1.0 0.201878 0.239844 0.291080 0.123438
0 1.0 0.185446 0.238281 0.239437 0.285938
0 1.0 0.553991 0.276562 0.098592 0.237500
0 1.0 0.572770 0.235937 0.300469 0.131250
0 1.0 0.442488 0.301563 0.044601 0.106250
0 1.0 0.717136 0.235937 0.246479 0.284375
0 1.0 0.437793 0.279687 0.110329 0.156250
0 1.0 0.485915 0.247656 0.089202 0.098437
0 1.0 0.444836 0.238281 0.255869 0.279687
0 1.0 0.346244 0.274219 0.115023 0.170313
0 1.0 0.415493 0.239844 0.300469 0.132812
0 1.0 0.345070 0.295312 0.065728 0.146875
0 1.0 0.721831 0.182031 0.293427 0.135937
0 1.0 0.832160 0.249219 0.335681 0.207813
0 1.0 0.217136 0.350781 0.434272 0.207813
0 1.0 0.556338 0.178125 0.253521 0.290625
0 1.0 0.605634 0.185938 0.253521 0.165625
0 1.0 0.894366 0.182812 0.211268 0.131250
0 1.0 0.080986 0.254688 0.077465 0.225000
0 1.0 0.854460 0.184375 0.112676 0.090625
0 1.0 0.643192 0.243750 0.558685 0.218750
0 1.0 0.670188 0.949219 0.223005 0.101562
0 1.0 0.607981 0.942187 0.084507 0.115625
0 1.0 0.653756 0.964063 0.086854 0.065625
0 1.0 0.555164 0.936719 0.082160 0.126562
0 1.0 0.816901 0.932031 0.084507 0.135937
0 1.0 0.842723 0.960156 0.126761 0.073438
0 1.0 0.814554 0.946875 0.215962 0.106250
0 1.0 0.937793 0.961719 0.124413 0.076563
0 1.0 0.077465 0.334375 0.023474 0.050000
0 1.0 0.767606 0.935937 0.084507 0.128125
0 1.0 0.752347 0.962500 0.096244 0.062500
0 1.0 0.569249 0.949219 0.223005 0.101562
0 1.0 0.511737 0.964844 0.065728 0.054688
0 1.0 0.483568 0.957812 0.117371 0.084375
0 1.0 0.704225 0.964063 0.093897 0.065625
0 1.0 0.356808 0.965625 0.065728 0.056250
0 1.0 0.328638 0.954688 0.173709 0.090625
0 1.0 0.778169 0.266406 0.068075 0.148438
0 1.0 0.715962 0.257812 0.107981 0.259375
0 1.0 0.970657 0.963281 0.049296 0.073438
0 1.0 0.724178 0.248438 0.077465 0.159375
0 1.0 0.896714 0.238281 0.206573 0.129688
0 1.0 0.721831 0.236719 0.293427 0.135937
0 1.0 0.664319 0.279687 0.089202 0.209375
0 1.0 0.672535 0.266406 0.063380 0.120313
0 1.0 0.602113 0.276562 0.077465 0.196875
0 1.0 0.604460 0.268750 0.049296 0.109375
0 1.0 0.822770 0.275000 0.053991 0.103125
0 1.0 0.923709 0.919531 0.091549 0.160938
0 1.0 0.860329 0.962500 0.058685 0.056250
0 1.0 0.874413 0.257812 0.105634 0.256250
0 1.0 0.829812 0.242188 0.166667 0.109375
0 1.0 0.881455 0.253906 0.068075 0.145313
0 1.0 0.814554 0.285938 0.089202 0.196875
0 1.0 0.032864 0.351562 0.037559 0.103125
0 1.0 0.065728 0.293750 0.084507 0.065625
0 1.0 0.041080 0.328906 0.039906 0.079687
0 1.0 0.741784 0.234375 0.389671 0.418750
0 1.0 0.842723 0.507812 0.192488 0.500000
0 1.0 0.138498 0.313281 0.276995 0.626563
0 1.0 0.847418 0.800781 0.197183 0.398438
0 1.0 0.915493 0.567187 0.169014 0.431250
0 1.0 0.517606 0.535937 0.823944 0.553125
0 1.0 0.492958 0.692969 0.422535 0.576562
0 1.0 0.498826 0.210156 0.861502 0.420312
0 1.0 0.894366 0.249219 0.211268 0.357812
0 1.0 0.822770 0.363281 0.354460 0.410938
0 1.0 0.496479 0.324219 0.392019 0.620313
0 1.0 0.843897 0.277344 0.199531 0.554688
0 1.0 0.352113 0.246094 0.403756 0.426563
0 1.0 0.740610 0.578906 0.448357 0.842187
0 1.0 0.245305 0.573438 0.438967 0.853125
0 1.0 0.072770 0.565625 0.145540 0.578125
0 1.0 0.926056 0.375781 0.147887 0.557813
0 1.0 0.856808 0.708594 0.032864 0.070312
0 1.0 0.138498 0.682813 0.276995 0.634375
0 1.0 0.833333 0.690625 0.333333 0.471875
0 1.0 0.854460 0.649219 0.032864 0.092188