0 1.0 0.118750 0.693350 0.156250 0.366995
0 1.0 0.375000 0.662562 0.128125 0.339901
0 1.0 0.232031 0.730296 0.126562 0.273399
0 1.0 0.295312 0.711823 0.221875 0.290640
0 1.0 0.878906 0.589901 0.048438 0.115764
0 1.0 0.179688 0.709360 0.121875 0.339901
0 1.0 0.137500 0.594828 0.156250 0.115764
0 1.0 0.869531 0.615764 0.079687 0.231527
0 1.0 0.771875 0.635468 0.265625 0.270936
0 1.0 0.798438 0.639163 0.150000 0.130542
0 1.0 0.775000 0.625616 0.121875 0.226601
0 1.0 0.607812 0.653941 0.193750 0.214286
0 1.0 0.550000 0.653941 0.134375 0.278325
0 1.0 0.831250 0.629310 0.140625 0.199507
0 1.0 0.551562 0.651478 0.121875 0.125616
0 1.0 0.489063 0.649015 0.137500 0.298030
0 1.0 0.251563 0.653941 0.278125 0.150246
0 1.0 0.296875 0.669951 0.056250 0.098522
0 1.0 0.827344 0.642857 0.045312 0.068966
0 1.0 0.672656 0.651478 0.235937 0.140394
0 1.0 0.669531 0.651478 0.095312 0.174877
0 1.0 0.371875 0.652709 0.268750 0.137931
0 1.0 0.430469 0.652709 0.160938 0.266010
0 1.0 0.486719 0.656404 0.060937 0.096059
0 1.0 0.710938 0.637931 0.109375 0.236453
0 1.0 0.603125 0.644089 0.078125 0.150246
0 1.0 0.028906 0.666256 0.042188 0.150246
0 1.0 0.196094 0.706897 0.289062 0.133005
0 1.0 0.942187 0.640394 0.115625 0.187192
0 1.0 0.960156 0.640394 0.048438 0.162562
0 1.0 0.075781 0.603448 0.079687 0.073892
0 1.0 0.263281 0.720443 0.120313 0.160099
0 1.0 0.371875 0.710591 0.250000 0.135468
0 1.0 0.082031 0.609606 0.032813 0.061576
0 1.0 0.469531 0.717980 0.085938 0.100985
0 1.0 0.499219 0.715517 0.207813 0.150246
0 1.0 0.896875 0.637931 0.206250 0.261084
0 1.0 0.154688 0.604680 0.053125 0.100985
0 1.0 0.907813 0.645320 0.184375 0.113300
0 1.0 0.905469 0.615764 0.095312 0.211823
0 1.0 0.057031 0.717980 0.114062 0.224138
0 1.0 0.094531 0.715517 0.023438 0.056650
0 1.0 0.082031 0.708128 0.076563 0.076355
0 1.0 0.860156 0.641626 0.042188 0.076355
0 1.0 0.443750 0.599754 0.293750 0.135468
0 1.0 0.431250 0.641626 0.068750 0.238916
0 1.0 0.557031 0.604680 0.054688 0.076355
0 1.0 0.075781 0.625616 0.151562 0.270936
0 1.0 0.627344 0.598522 0.135937 0.103448
0 1.0 0.904687 0.593596 0.171875 0.118227
0 1.0 0.721094 0.593596 0.185938 0.182266
0 1.0 0.778906 0.597291 0.085938 0.091133
0 1.0 0.762500 0.596059 0.328125 0.123153
0 1.0 0.180469 0.600985 0.207813 0.182266
0 1.0 0.271094 0.597291 0.085938 0.120690
0 1.0 0.496875 0.599754 0.093750 0.115764
0 1.0 0.495312 0.605911 0.037500 0.073892
0 1.0 0.705469 0.599754 0.110937 0.096059
0 1.0 0.300000 0.603448 0.121875 0.241379
0 1.0 0.308594 0.599754 0.035937 0.076355
0 1.0 0.072656 0.655172 0.101562 0.093596
0 1.0 0.069531 0.338670 0.139063 0.253695
0 1.0 0.055469 0.365764 0.057813 0.081281
0 1.0 0.028125 0.400246 0.034375 0.091133
0 1.0 0.149219 0.650246 0.220312 0.128079
0 1.0 0.957812 0.394089 0.021875 0.054187
0 1.0 0.956250 0.293103 0.087500 0.088670
0 1.0 0.949219 0.360837 0.023438 0.041872
0 1.0 0.931250 0.293103 0.137500 0.251232
0 1.0 0.971875 0.311576 0.056250 0.091133
0 1.0 0.917969 0.353448 0.051562 0.115764
0 1.0 0.893750 0.289409 0.212500 0.120690
0 1.0 0.851562 0.591133 0.056250 0.078818
0 1.0 0.142187 0.658867 0.071875 0.125616
0 1.0 0.859375 0.596059 0.050000 0.147783
0 1.0 0.842969 0.594828 0.067187 0.204433
0 1.0 0.076563 0.661330 0.034375 0.076355
0 1.0 0.956250 0.594828 0.034375 0.105911
0 1.0 0.941406 0.607143 0.057813 0.145320
0 1.0 0.257812 0.804187 0.265625 0.145320
0 1.0 0.553906 0.697044 0.239063 0.270936
0 1.0 0.507031 0.801724 0.185938 0.194581
0 1.0 0.441406 0.783251 0.104688 0.246305
0 1.0 0.461719 0.812808 0.310937 0.123153
0 1.0 0.219531 0.816502 0.129688 0.115764
0 1.0 0.142969 0.818966 0.195312 0.125616
0 1.0 0.385156 0.783251 0.189062 0.197044
0 1.0 0.613281 0.811576 0.310937 0.125616
0 1.0 0.601562 0.794335 0.112500 0.214286
0 1.0 0.263281 0.789409 0.114062 0.115764
0 1.0 0.944531 0.769704 0.110937 0.130542
0 1.0 0.928125 0.758621 0.143750 0.261084
0 1.0 0.874219 0.727833 0.092188 0.248768
0 1.0 0.817187 0.767241 0.090625 0.076355
0 1.0 0.860156 0.773399 0.051562 0.068966
0 1.0 0.820312 0.746305 0.125000 0.330049
0 1.0 0.812500 0.763547 0.300000 0.123153
0 1.0 0.134375 0.817734 0.065625 0.098522
0 1.0 0.075781 0.820197 0.082812 0.088670
0 1.0 0.040625 0.804187 0.081250 0.219212
0 1.0 0.086719 0.823892 0.035937 0.071429
0 1.0 0.964844 0.746305 0.057813 0.157635
0 1.0 0.188281 0.831281 0.260937 0.209360
0 1.0 0.186719 0.857143 0.145313 0.118227
0 1.0 0.132812 0.820197 0.096875 0.206897
0 1.0 0.876563 0.791872 0.143750 0.268473
0 1.0 0.867969 0.812808 0.067187 0.083744
0 1.0 0.820312 0.809113 0.228125 0.145320
0 1.0 0.765625 0.795567 0.125000 0.330049
0 1.0 0.082031 0.863300 0.064062 0.061576
0 1.0 0.333594 0.854680 0.167187 0.137931
0 1.0 0.296875 0.860837 0.071875 0.071429
0 1.0 0.069531 0.857143 0.139063 0.226601
0 1.0 0.047656 0.869458 0.089063 0.123153
0 1.0 0.964063 0.830049 0.071875 0.216749
0 1.0 0.931250 0.811576 0.137500 0.105911
0 1.0 0.550000 0.799261 0.128125 0.293103
0 1.0 0.767188 0.795567 0.265625 0.285714
0 1.0 0.500000 0.816502 0.065625 0.076355
0 1.0 0.707031 0.799261 0.117188 0.317734
0 1.0 0.721875 0.816502 0.228125 0.150246
0 1.0 0.660937 0.798030 0.121875 0.300493
0 1.0 0.657813 0.800493 0.265625 0.285714
0 1.0 0.956250 0.699507 0.081250 0.216749
0 1.0 0.889062 0.710591 0.221875 0.125616
0 1.0 0.817969 0.714286 0.064062 0.064039
0 1.0 0.857812 0.721675 0.050000 0.064039
0 1.0 0.152344 0.750000 0.264062 0.155172
0 1.0 0.134375 0.747537 0.078125 0.120690
0 1.0 0.942187 0.706897 0.115625 0.108374
0 1.0 0.066406 0.767241 0.110937 0.091133
0 1.0 0.087500 0.770936 0.028125 0.059113
0 1.0 0.662500 0.706897 0.231250 0.147783
0 1.0 0.808594 0.711823 0.220312 0.103448
0 1.0 0.060156 0.618227 0.079687 0.133005
0 1.0 0.712500 0.697044 0.265625 0.285714
0 1.0 0.671875 0.759852 0.190625 0.130542
0 1.0 0.526563 0.759852 0.278125 0.130542
0 1.0 0.604688 0.747537 0.200000 0.209360
0 1.0 0.090625 0.786946 0.159375 0.204433
0 1.0 0.476562 0.766010 0.084375 0.093596
0 1.0 0.667188 0.403941 0.262500 0.128079
0 1.0 0.608594 0.467980 0.039062 0.098522
0 1.0 0.616406 0.470443 0.014063 0.039409
0 1.0 0.618750 0.405172 0.246875 0.243842
0 1.0 0.553906 0.471675 0.042188 0.100985
0 1.0 0.561719 0.461823 0.023438 0.051724
0 1.0 0.570312 0.402709 0.193750 0.140394
0 1.0 0.509375 0.496305 0.031250 0.071429
0 1.0 0.817969 0.403941 0.245312 0.123153
0 1.0 0.812500 0.411330 0.281250 0.251232
0 1.0 0.776563 0.483990 0.040625 0.086207
0 1.0 0.795312 0.490148 0.012500 0.029557
0 1.0 0.681250 0.480296 0.015625 0.034483
0 1.0 0.721875 0.471675 0.043750 0.105911
0 1.0 0.736719 0.477833 0.014063 0.039409
0 1.0 0.667969 0.477833 0.042188 0.088670
0 1.0 0.782031 0.416256 0.123438 0.108374
0 1.0 0.346094 0.415025 0.204687 0.140394
0 1.0 0.331250 0.402709 0.246875 0.273399
0 1.0 0.359375 0.435961 0.068750 0.088670
0 1.0 0.312500 0.502463 0.031250 0.073892
0 1.0 0.279687 0.415025 0.137500 0.086207
0 1.0 0.325781 0.477833 0.029687 0.054187
0 1.0 0.517188 0.485222 0.018750 0.039409
0 1.0 0.235937 0.496305 0.034375 0.076355
0 1.0 0.235937 0.408867 0.250000 0.108374
0 1.0 0.251563 0.497537 0.012500 0.029557
0 1.0 0.176563 0.487685 0.037500 0.078818
0 1.0 0.337500 0.445813 0.031250 0.059113
0 1.0 0.501563 0.410099 0.237500 0.248768
0 1.0 0.513281 0.413793 0.120313 0.123153
0 1.0 0.435937 0.504926 0.025000 0.049261
0 1.0 0.506250 0.407635 0.084375 0.071429
0 1.0 0.433594 0.475369 0.035937 0.054187
0 1.0 0.343750 0.482759 0.040625 0.064039
0 1.0 0.386719 0.496305 0.045312 0.100985
0 1.0 0.395313 0.475369 0.037500 0.064039
0 1.0 0.450000 0.412562 0.059375 0.081281
0 1.0 0.410156 0.418719 0.123438 0.142857
0 1.0 0.340625 0.508621 0.040625 0.086207
0 1.0 0.484375 0.428571 0.050000 0.068966
0 1.0 0.255469 0.472906 0.164062 0.073892
0 1.0 0.345313 0.512315 0.021875 0.049261
0 1.0 0.237500 0.549261 0.040625 0.098522
0 1.0 0.292969 0.461823 0.032813 0.041872
0 1.0 0.246875 0.539409 0.021875 0.049261
0 1.0 0.252344 0.465517 0.301563 0.261084
0 1.0 0.846094 0.493842 0.010937 0.027094
0 1.0 0.174219 0.552956 0.032813 0.081281
0 1.0 0.164062 0.523399 0.046875 0.086207
0 1.0 0.193750 0.455665 0.271875 0.128079
0 1.0 0.215625 0.498768 0.021875 0.046798
0 1.0 0.150781 0.555419 0.035937 0.096059
0 1.0 0.202344 0.456897 0.039062 0.046798
0 1.0 0.267969 0.490148 0.085938 0.093596
0 1.0 0.467187 0.459360 0.140625 0.081281
0 1.0 0.439844 0.463054 0.239063 0.266010
0 1.0 0.500781 0.502463 0.023438 0.049261
0 1.0 0.384375 0.543103 0.046875 0.115764
0 1.0 0.417187 0.460591 0.125000 0.078818
0 1.0 0.297656 0.464286 0.010937 0.027094
0 1.0 0.375781 0.508621 0.029687 0.056650
0 1.0 0.317969 0.533251 0.029687 0.086207
0 1.0 0.410156 0.492611 0.076563 0.113300
0 1.0 0.914062 0.408867 0.171875 0.133005
0 1.0 0.970313 0.423645 0.059375 0.078818
0 1.0 0.917969 0.475369 0.064062 0.133005
0 1.0 0.160156 0.543103 0.020313 0.051724
0 1.0 0.875000 0.496305 0.040625 0.091133
0 1.0 0.892969 0.500000 0.014063 0.029557
0 1.0 0.829688 0.487685 0.040625 0.088670
0 1.0 0.925781 0.413793 0.085938 0.103448
0 1.0 0.142969 0.458128 0.242188 0.270936
0 1.0 0.160156 0.485222 0.057813 0.083744
0 1.0 0.081250 0.533251 0.034375 0.091133
0 1.0 0.178125 0.450739 0.018750 0.034483
0 1.0 0.089844 0.527094 0.017188 0.044335
0 1.0 0.109375 0.445813 0.218750 0.108374
0 1.0 0.942187 0.480296 0.025000 0.039409
0 1.0 0.023438 0.508621 0.021875 0.076355
0 1.0 0.116406 0.451970 0.014063 0.032020
0 1.0 0.071094 0.451970 0.048438 0.056650
0 1.0 0.067969 0.445813 0.135937 0.256158
0 1.0 0.065625 0.472906 0.037500 0.068966
0 1.0 0.958594 0.504926 0.017188 0.039409
0 1.0 0.107031 0.471675 0.076563 0.096059
0 1.0 0.417187 0.360837 0.153125 0.130542
0 1.0 0.396094 0.347291 0.229687 0.256158
0 1.0 0.350000 0.456897 0.021875 0.051724
0 1.0 0.349219 0.417488 0.042188 0.066502
0 1.0 0.308594 0.466749 0.014063 0.041872
0 1.0 0.316406 0.360837 0.217188 0.110837
0 1.0 0.311719 0.424877 0.029687 0.056650
0 1.0 0.336719 0.396552 0.020313 0.044335
0 1.0 0.245312 0.434729 0.031250 0.081281
0 1.0 0.378125 0.391626 0.031250 0.054187
0 1.0 0.564063 0.342365 0.234375 0.256158
0 1.0 0.571875 0.369458 0.087500 0.118227
0 1.0 0.516406 0.440887 0.026562 0.068966
0 1.0 0.521094 0.357143 0.251563 0.113300
0 1.0 0.521875 0.422414 0.025000 0.051724
0 1.0 0.399219 0.403941 0.073438 0.103448
0 1.0 0.442969 0.456897 0.010937 0.027094
0 1.0 0.525000 0.364532 0.068750 0.064039
0 1.0 0.435937 0.417488 0.037500 0.056650
0 1.0 0.475000 0.370690 0.128125 0.120690
0 1.0 0.497656 0.392857 0.026562 0.046798
0 1.0 0.396875 0.440887 0.034375 0.078818
0 1.0 0.514844 0.375616 0.095312 0.110837
0 1.0 0.100781 0.359606 0.179688 0.142857
0 1.0 0.237500 0.072660 0.106250 0.145320
0 1.0 0.135937 0.073892 0.075000 0.147783
0 1.0 0.149219 0.033251 0.123438 0.066502
0 1.0 0.139844 0.087438 0.226562 0.174877
0 1.0 0.253906 0.426108 0.020313 0.049261
0 1.0 0.075781 0.072660 0.073438 0.145320
0 1.0 0.103906 0.041872 0.129688 0.083744
0 1.0 0.024219 0.062808 0.045312 0.110837
0 1.0 0.063281 0.028325 0.064062 0.056650
0 1.0 0.238281 0.358374 0.232813 0.155172
0 1.0 0.252344 0.371921 0.098437 0.118227
0 1.0 0.193750 0.444581 0.021875 0.056650
0 1.0 0.235937 0.082512 0.237500 0.165025
0 1.0 0.190625 0.408867 0.040625 0.073892
0 1.0 0.181250 0.339901 0.234375 0.261084
0 1.0 0.101562 0.424877 0.018750 0.051724
0 1.0 0.146094 0.434729 0.026562 0.086207
0 1.0 0.155469 0.422414 0.020313 0.056650
0 1.0 0.145313 0.373153 0.084375 0.120690
0 1.0 0.089063 0.427340 0.031250 0.096059
0 1.0 0.217969 0.387931 0.026562 0.061576
0 1.0 0.081250 0.417488 0.034375 0.061576
0 1.0 0.054688 0.418719 0.056250 0.093596
0 1.0 0.959375 0.428571 0.012500 0.024631
0 1.0 0.930469 0.349754 0.139063 0.103448
0 1.0 0.942969 0.419951 0.023438 0.036946
0 1.0 0.568750 0.403941 0.031250 0.073892
0 1.0 0.921875 0.415025 0.040625 0.091133
0 1.0 0.878125 0.424877 0.028125 0.076355
0 1.0 0.864062 0.357143 0.225000 0.098522
0 1.0 0.968750 0.373153 0.062500 0.081281
0 1.0 0.208594 0.426108 0.051562 0.073892
0 1.0 0.161719 0.482759 0.017188 0.039409
0 1.0 0.140625 0.410099 0.196875 0.140394
0 1.0 0.035937 0.451970 0.028125 0.076355
0 1.0 0.084375 0.472906 0.015625 0.039409
0 1.0 0.712500 0.359606 0.231250 0.142857
0 1.0 0.722656 0.362069 0.110937 0.133005
0 1.0 0.667969 0.427340 0.029687 0.076355
0 1.0 0.681250 0.424877 0.015625 0.041872
0 1.0 0.661719 0.331281 0.251563 0.248768
0 1.0 0.890625 0.424877 0.012500 0.036946
0 1.0 0.612500 0.426108 0.028125 0.083744
0 1.0 0.620313 0.419951 0.015625 0.046798
0 1.0 0.617188 0.366995 0.100000 0.123153
0 1.0 0.853125 0.336207 0.246875 0.248768
0 1.0 0.832812 0.422414 0.028125 0.081281
0 1.0 0.846875 0.419951 0.015625 0.041872
0 1.0 0.739062 0.412562 0.018750 0.051724
0 1.0 0.779687 0.418719 0.031250 0.088670
0 1.0 0.796875 0.419951 0.015625 0.041872
0 1.0 0.726562 0.416256 0.028125 0.088670
0 1.0 0.176563 0.571429 0.118750 0.172414
0 1.0 0.133594 0.633005 0.092188 0.241379
0 1.0 0.164844 0.549261 0.204687 0.113300
0 1.0 0.375781 0.549261 0.289062 0.157635
0 1.0 0.423438 0.504926 0.040625 0.073892
0 1.0 0.156250 0.548030 0.118750 0.086207
0 1.0 0.028906 0.619458 0.032813 0.115764
0 1.0 0.350781 0.584975 0.129688 0.229064
0 1.0 0.295312 0.604680 0.043750 0.145320
0 1.0 0.332031 0.551724 0.045312 0.093596
0 1.0 0.551562 0.554187 0.118750 0.113300
0 1.0 0.241406 0.613300 0.082812 0.192118
0 1.0 0.264062 0.543103 0.334375 0.140394
0 1.0 0.284375 0.549261 0.096875 0.108374
0 1.0 0.242969 0.561576 0.179688 0.206897
0 1.0 0.175781 0.613300 0.057813 0.177340
0 1.0 0.860938 0.522167 0.225000 0.256158
0 1.0 0.825000 0.509852 0.259375 0.103448
0 1.0 0.107031 0.556650 0.060937 0.059113
0 1.0 0.767188 0.557882 0.053125 0.155172
0 1.0 0.778906 0.556650 0.039062 0.103448
0 1.0 0.782031 0.528325 0.170313 0.179803
0 1.0 0.718750 0.554187 0.046875 0.137931
0 1.0 0.057813 0.573892 0.065625 0.108374
0 1.0 0.333594 0.560345 0.076563 0.145320
0 1.0 0.957812 0.508621 0.084375 0.076355
0 1.0 0.942187 0.562808 0.037500 0.081281
0 1.0 0.814063 0.511084 0.021875 0.041872
0 1.0 0.925781 0.506158 0.148438 0.243842
0 1.0 0.901563 0.564039 0.068750 0.172414
0 1.0 0.873437 0.561576 0.156250 0.133005
0 1.0 0.667188 0.573892 0.056250 0.118227
0 1.0 0.032813 0.841133 0.050000 0.135468
0 1.0 0.949219 0.562808 0.101562 0.130542
0 1.0 0.857812 0.564039 0.028125 0.059113
0 1.0 0.485938 0.552956 0.193750 0.150246
0 1.0 0.422656 0.600985 0.042188 0.147783
0 1.0 0.411719 0.568966 0.107813 0.246305
0 1.0 0.479687 0.550493 0.056250 0.105911
0 1.0 0.389844 0.616995 0.082812 0.219212
0 1.0 0.406250 0.552956 0.084375 0.120690
0 1.0 0.682813 0.551724 0.218750 0.137931
0 1.0 0.612500 0.582512 0.056250 0.115764
0 1.0 0.639062 0.549261 0.171875 0.093596
0 1.0 0.610156 0.555419 0.160938 0.169951
0 1.0 0.557031 0.567734 0.229687 0.268473
0 1.0 0.858594 0.448276 0.014063 0.024631
0 1.0 0.885938 0.564039 0.021875 0.044335
0 1.0 0.835156 0.453202 0.145313 0.068966
0 1.0 0.728125 0.550493 0.034375 0.091133
0 1.0 0.835156 0.555419 0.035937 0.086207
0 1.0 0.848437 0.551724 0.015625 0.039409
0 1.0 0.822656 0.450739 0.273438 0.118227
0 1.0 0.832812 0.486453 0.100000 0.110837
0 1.0 0.825000 0.444581 0.078125 0.051724
0 1.0 0.878125 0.493842 0.115625 0.110837
0 1.0 0.126562 0.508621 0.118750 0.081281
0 1.0 0.099219 0.522167 0.139063 0.157635
0 1.0 0.025781 0.570197 0.032813 0.115764
0 1.0 0.097656 0.508621 0.060937 0.051724
0 1.0 0.915625 0.528325 0.071875 0.115764
0 1.0 0.959375 0.543103 0.018750 0.041872
0 1.0 0.960156 0.451970 0.045312 0.046798
0 1.0 0.946094 0.530788 0.029687 0.046798
0 1.0 0.910156 0.456897 0.179688 0.105911
0 1.0 0.973437 0.486453 0.053125 0.081281
0 1.0 0.056250 0.524631 0.059375 0.093596
0 1.0 0.614062 0.438424 0.228125 0.108374
0 1.0 0.613281 0.466749 0.101562 0.125616
0 1.0 0.557031 0.527094 0.029687 0.073892
0 1.0 0.627344 0.442118 0.032813 0.036946
0 1.0 0.792969 0.543103 0.014063 0.036946
0 1.0 0.509375 0.549261 0.028125 0.068966
0 1.0 0.530469 0.445813 0.060937 0.049261
0 1.0 0.511719 0.534483 0.020313 0.044335
0 1.0 0.515625 0.481527 0.071875 0.091133
0 1.0 0.430469 0.527094 0.020313 0.049261
0 1.0 0.537500 0.456897 0.012500 0.027094
0 1.0 0.784375 0.483990 0.100000 0.105911
0 1.0 0.760156 0.444581 0.123438 0.061576
0 1.0 0.733594 0.530788 0.017188 0.046798
0 1.0 0.725000 0.447044 0.250000 0.100985
0 1.0 0.723437 0.465517 0.265625 0.256158
0 1.0 0.616406 0.523399 0.014063 0.041872
0 1.0 0.672656 0.534483 0.032813 0.083744
0 1.0 0.710156 0.438424 0.085938 0.054187
0 1.0 0.682031 0.523399 0.017188 0.041872
0 1.0 0.666406 0.467980 0.120313 0.128079
0 1.0 0.612500 0.529557 0.028125 0.083744
0 1.0 0.669531 0.437192 0.067187 0.051724
0 1.0 0.543750 0.511084 0.156250 0.096059
0 1.0 0.502344 0.573892 0.045312 0.128079
0 1.0 0.483594 0.503695 0.164062 0.081281
0 1.0 0.075781 0.560345 0.042188 0.091133
0 1.0 0.417969 0.509852 0.145313 0.088670
0 1.0 0.435937 0.518473 0.068750 0.076355
0 1.0 0.464062 0.528325 0.106250 0.140394
0 1.0 0.688281 0.501232 0.232813 0.096059
0 1.0 0.554688 0.548030 0.059375 0.110837
0 1.0 0.619531 0.554187 0.026562 0.068966
0 1.0 0.612500 0.509852 0.212500 0.118227
0 1.0 0.217969 0.500000 0.373437 0.118227
0 1.0 0.316406 0.506158 0.164062 0.100985
0 1.0 0.246094 0.575123 0.051562 0.105911
0 1.0 0.309375 0.566502 0.043750 0.142857
0 1.0 0.317188 0.511084 0.059375 0.076355
0 1.0 0.777344 0.125616 0.289062 0.133005
0 1.0 0.930469 0.130542 0.139063 0.147783
0 1.0 0.917969 0.160099 0.117188 0.320197
0 1.0 0.861719 0.126847 0.126562 0.100985
0 1.0 0.878906 0.147783 0.107813 0.241379
0 1.0 0.818750 0.165025 0.115625 0.310345
0 1.0 0.661719 0.161330 0.098437 0.258621
0 1.0 0.666406 0.128079 0.289062 0.128079
0 1.0 0.311719 0.742611 0.448437 0.214286
0 1.0 0.767188 0.156404 0.115625 0.312808
0 1.0 0.643750 0.747537 0.568750 0.219212
0 1.0 0.189062 0.183498 0.031250 0.071429
0 1.0 0.132031 0.216749 0.098437 0.334975
0 1.0 0.142187 0.181034 0.284375 0.130542
0 1.0 0.125781 0.189655 0.239063 0.325123
0 1.0 0.701562 0.641626 0.546875 0.224138
0 1.0 0.074219 0.208128 0.095312 0.317734
0 1.0 0.215625 0.647783 0.431250 0.266010
0 1.0 0.033594 0.226601 0.060937 0.236453
0 1.0 0.061719 0.183498 0.123438 0.086207
0 1.0 0.957812 0.157635 0.065625 0.147783
0 1.0 0.366406 0.129310 0.179688 0.115764
0 1.0 0.343750 0.135468 0.128125 0.251232
0 1.0 0.292969 0.152709 0.092188 0.241379
0 1.0 0.238281 0.135468 0.264062 0.133005
0 1.0 0.713281 0.131773 0.189062 0.219212
0 1.0 0.557031 0.133005 0.189062 0.211823
0 1.0 0.503125 0.158867 0.100000 0.283251
0 1.0 0.444531 0.158867 0.073438 0.194581
0 1.0 0.283594 0.141626 0.048438 0.076355
0 1.0 0.237500 0.135468 0.128125 0.256158
0 1.0 0.184375 0.155172 0.103125 0.290640
0 1.0 0.254688 0.852217 0.500000 0.206897
0 1.0 0.397656 0.135468 0.139063 0.256158
0 1.0 0.771875 0.145320 0.246875 0.290640
0 1.0 0.475000 0.131773 0.171875 0.110837
0 1.0 0.717187 0.152709 0.090625 0.197044
0 1.0 0.487500 0.136700 0.075000 0.100985
0 1.0 0.453906 0.133005 0.182812 0.206897
0 1.0 0.605469 0.165025 0.092188 0.251232
0 1.0 0.852344 0.185961 0.192188 0.145320
0 1.0 0.870313 0.193350 0.234375 0.312808
0 1.0 0.364844 0.456897 0.645312 0.189655
0 1.0 0.711719 0.453202 0.567187 0.206897
0 1.0 0.714844 0.241379 0.082812 0.216749
0 1.0 0.725000 0.184729 0.259375 0.123153
0 1.0 0.053906 0.241379 0.107813 0.123153
0 1.0 0.964063 0.235222 0.046875 0.140394
0 1.0 0.943750 0.184729 0.112500 0.108374
0 1.0 0.342187 0.544335 0.203125 0.467980
0 1.0 0.187500 0.288177 0.078125 0.177340
0 1.0 0.178125 0.238916 0.243750 0.152709
0 1.0 0.136719 0.288177 0.067187 0.241379
0 1.0 0.040625 0.285714 0.062500 0.152709
0 1.0 0.083594 0.243842 0.167187 0.211823
0 1.0 0.309375 0.183498 0.150000 0.140394
0 1.0 0.289062 0.179803 0.246875 0.270936
0 1.0 0.326562 0.192118 0.037500 0.073892
0 1.0 0.478906 0.194581 0.060937 0.103448
0 1.0 0.412500 0.181034 0.275000 0.130542
0 1.0 0.696094 0.545567 0.567187 0.199507
0 1.0 0.443750 0.645320 0.600000 0.236453
0 1.0 0.343750 0.208128 0.075000 0.229064
0 1.0 0.359375 0.182266 0.078125 0.123153
0 1.0 0.442188 0.200739 0.115625 0.224138
0 1.0 0.659375 0.189655 0.237500 0.275862
0 1.0 0.628906 0.185961 0.217188 0.115764
0 1.0 0.603125 0.219212 0.059375 0.137931
0 1.0 0.556250 0.232759 0.081250 0.224138
0 1.0 0.401562 0.178571 0.234375 0.268473
0 1.0 0.443750 0.224138 0.062500 0.192118
0 1.0 0.560937 0.184729 0.137500 0.162562
0 1.0 0.501563 0.182266 0.237500 0.280788
0 1.0 0.775000 0.052956 0.078125 0.105911
0 1.0 0.779687 0.044335 0.196875 0.088670
0 1.0 0.964844 0.060345 0.039062 0.096059
0 1.0 0.951562 0.034483 0.096875 0.068966
0 1.0 0.921094 0.071429 0.082812 0.142857
0 1.0 0.912500 0.043103 0.175000 0.086207
0 1.0 0.875781 0.067734 0.079687 0.135468
0 1.0 0.873437 0.029557 0.096875 0.059113
0 1.0 0.666406 0.033251 0.170313 0.066502
0 1.0 0.664844 0.060345 0.092188 0.120690
0 1.0 0.820312 0.073892 0.087500 0.147783
0 1.0 0.826562 0.084975 0.234375 0.169951
0 1.0 0.517969 0.507389 0.798438 0.315271
0 1.0 0.296875 0.668719 0.278125 0.588670
0 1.0 0.078906 0.105911 0.129688 0.211823
0 1.0 0.028906 0.112069 0.057813 0.194581
0 1.0 0.051562 0.081281 0.084375 0.098522
0 1.0 0.348438 0.084975 0.231250 0.169951
0 1.0 0.352344 0.062808 0.135937 0.125616
0 1.0 0.292187 0.071429 0.075000 0.142857
0 1.0 0.272656 0.033251 0.126562 0.066502
0 1.0 0.501563 0.076355 0.084375 0.152709
0 1.0 0.514844 0.033251 0.157812 0.066502
0 1.0 0.506250 0.081281 0.231250 0.162562
0 1.0 0.442969 0.055419 0.054688 0.110837
0 1.0 0.190625 0.059113 0.121875 0.118227
0 1.0 0.042969 0.038177 0.085938 0.076355
0 1.0 0.407031 0.062808 0.142187 0.125616
0 1.0 0.316406 0.028325 0.057813 0.056650
0 1.0 0.554688 0.068966 0.081250 0.137931
0 1.0 0.577344 0.030788 0.110937 0.061576
0 1.0 0.499219 0.027094 0.051562 0.054187
0 1.0 0.745313 0.879310 0.509375 0.241379
0 1.0 0.737500 0.030788 0.143750 0.061576
0 1.0 0.716406 0.056650 0.089063 0.113300
0 1.0 0.464062 0.059113 0.118750 0.118227
0 1.0 0.409375 0.034483 0.212500 0.068966
0 1.0 0.610156 0.060345 0.160938 0.120690
0 1.0 0.891406 0.075123 0.217188 0.130542
0 1.0 0.835156 0.922414 0.329688 0.155172
0 1.0 0.728125 0.077586 0.268750 0.125616
0 1.0 0.250000 0.120690 0.500000 0.241379
0 1.0 0.067969 0.126847 0.135937 0.096059
0 1.0 0.559375 0.849754 0.578125 0.206897
0 1.0 0.965625 0.114532 0.050000 0.150246
0 1.0 0.219531 0.917488 0.439063 0.165025
0 1.0 0.554688 0.921182 0.568750 0.157635
0 1.0 0.294531 0.528325 0.479687 0.445813
0 1.0 0.280469 0.088670 0.057813 0.078818
0 1.0 0.334375 0.307882 0.668750 0.349754
0 1.0 0.749219 0.120690 0.501563 0.241379
0 1.0 0.630469 0.309113 0.739062 0.298030
0 1.0 0.434375 0.086207 0.100000 0.108374
0 1.0 0.499219 0.121921 0.801562 0.243842
0 1.0 0.817969 0.885468 0.114062 0.229064
0 1.0 0.769531 0.903941 0.107813 0.192118
0 1.0 0.508594 0.908867 0.179688 0.182266
0 1.0 0.441406 0.899015 0.107813 0.201970
0 1.0 0.721875 0.917488 0.300000 0.115764
0 1.0 0.050000 0.948276 0.100000 0.103448
0 1.0 0.962500 0.923645 0.059375 0.152709
0 1.0 0.928906 0.916256 0.142187 0.108374
0 1.0 0.600000 0.890394 0.256250 0.219212
0 1.0 0.921875 0.873153 0.121875 0.253695
0 1.0 0.605469 0.912562 0.085938 0.174877
0 1.0 0.511719 0.912562 0.298438 0.115764
0 1.0 0.714844 0.902709 0.104688 0.194581
0 1.0 0.180469 0.913793 0.264062 0.118227
0 1.0 0.392188 0.885468 0.112500 0.229064
0 1.0 0.244531 0.903941 0.176563 0.182266
0 1.0 0.662500 0.890394 0.109375 0.219212
0 1.0 0.338281 0.889163 0.270313 0.221675
0 1.0 0.353906 0.910099 0.151562 0.165025
0 1.0 0.447656 0.943350 0.076563 0.113300
0 1.0 0.190625 0.939655 0.156250 0.120690
0 1.0 0.135156 0.931034 0.092188 0.137931
0 1.0 0.415625 0.963054 0.109375 0.064039
0 1.0 0.400781 0.940887 0.145313 0.118227
0 1.0 0.335156 0.964286 0.070312 0.056650
0 1.0 0.672656 0.950739 0.204687 0.098522
0 1.0 0.648438 0.965517 0.096875 0.068966
0 1.0 0.285938 0.933498 0.084375 0.133005
0 1.0 0.598437 0.964286 0.093750 0.066502
0 1.0 0.556250 0.943350 0.106250 0.113300
0 1.0 0.501563 0.933498 0.093750 0.133005
0 1.0 0.549219 0.964286 0.085938 0.061576
0 1.0 0.273438 0.963054 0.081250 0.064039
0 1.0 0.873437 0.878079 0.121875 0.243842
0 1.0 0.839844 0.917488 0.204687 0.105911
0 1.0 0.180469 0.960591 0.079687 0.064039
0 1.0 0.081250 0.934729 0.078125 0.130542
0 1.0 0.137500 0.964286 0.059375 0.056650
0 1.0 0.094531 0.924877 0.189062 0.150246
0 1.0 0.310937 0.949507 0.215625 0.100985
0 1.0 0.069531 0.966749 0.045312 0.051724
0 1.0 0.235156 0.927340 0.095312 0.145320
0 1.0 0.555469 0.814039 0.048438 0.096059
0 1.0 0.554688 0.863300 0.275000 0.110837
0 1.0 0.831250 0.355911 0.053125 0.130542
0 1.0 0.846875 0.359606 0.021875 0.054187
0 1.0 0.445312 0.783251 0.040625 0.083744
0 1.0 0.717187 0.807882 0.053125 0.118227
0 1.0 0.721875 0.863300 0.284375 0.110837
0 1.0 0.349219 0.833744 0.089063 0.194581
0 1.0 0.670312 0.801724 0.046875 0.096059
0 1.0 0.929688 0.301724 0.090625 0.125616
0 1.0 0.875000 0.357143 0.050000 0.118227
0 1.0 0.852344 0.291872 0.073438 0.076355
0 1.0 0.887500 0.362069 0.018750 0.049261
0 1.0 0.115625 0.863300 0.162500 0.091133
0 1.0 0.136719 0.865764 0.060937 0.076355
0 1.0 0.824219 0.301724 0.123438 0.150246
0 1.0 0.778125 0.363300 0.050000 0.115764
0 1.0 0.497656 0.870690 0.076563 0.081281
0 1.0 0.396875 0.814039 0.071875 0.179803
0 1.0 0.887500 0.865764 0.225000 0.125616
0 1.0 0.878906 0.795567 0.067187 0.137931
0 1.0 0.069531 0.916256 0.057813 0.059113
0 1.0 0.678906 0.826355 0.035937 0.071429
0 1.0 0.606250 0.805419 0.040625 0.083744
0 1.0 0.610938 0.830049 0.031250 0.059113
0 1.0 0.827344 0.862069 0.135937 0.083744
0 1.0 0.821875 0.807882 0.059375 0.137931
0 1.0 0.771875 0.810345 0.059375 0.137931
0 1.0 0.043750 0.916256 0.087500 0.088670
0 1.0 0.962500 0.854680 0.031250 0.073892
0 1.0 0.956250 0.865764 0.053125 0.096059
0 1.0 0.764062 0.258621 0.175000 0.192118
0 1.0 0.723437 0.304187 0.056250 0.165025
0 1.0 0.667969 0.307882 0.054688 0.142857
0 1.0 0.678125 0.294335 0.037500 0.081281
0 1.0 0.449219 0.248768 0.579688 0.216749
0 1.0 0.842969 0.238916 0.145313 0.103448
0 1.0 0.875781 0.285714 0.057813 0.152709
0 1.0 0.675781 0.236453 0.270313 0.118227
0 1.0 0.605469 0.318966 0.042188 0.130542
0 1.0 0.607031 0.301724 0.029687 0.071429
0 1.0 0.610156 0.248768 0.167187 0.172414
0 1.0 0.563281 0.299261 0.057813 0.120690
0 1.0 0.510938 0.300493 0.050000 0.162562
0 1.0 0.773438 0.296798 0.053125 0.120690
0 1.0 0.118750 0.290640 0.118750 0.093596
0 1.0 0.078125 0.378079 0.015625 0.041872
0 1.0 0.832812 0.294335 0.050000 0.140394
0 1.0 0.812500 0.253695 0.234375 0.290640
0 1.0 0.214062 0.252463 0.428125 0.219212
0 1.0 0.952344 0.250000 0.095312 0.145320
0 1.0 0.348438 0.304187 0.046875 0.155172
0 1.0 0.372656 0.231527 0.289062 0.118227
0 1.0 0.353125 0.245074 0.234375 0.268473
0 1.0 0.291406 0.314039 0.045312 0.145320
0 1.0 0.293750 0.282020 0.084375 0.165025
0 1.0 0.278125 0.243842 0.053125 0.073892
0 1.0 0.073438 0.291872 0.059375 0.199507
0 1.0 0.112500 0.235222 0.190625 0.105911
0 1.0 0.464844 0.354680 0.679688 0.197044
0 1.0 0.749219 0.364532 0.198437 0.492611
0 1.0 0.741406 0.241379 0.382812 0.418719
0 1.0 0.303125 0.245074 0.140625 0.169951
0 1.0 0.517969 0.233990 0.279687 0.113300
0 1.0 0.507031 0.245074 0.167187 0.179803
0 1.0 0.446875 0.310345 0.031250 0.098522
0 1.0 0.240625 0.291872 0.075000 0.238916
0 1.0 0.245312 0.278325 0.056250 0.142857
0 1.0 0.649219 0.353448 0.204687 0.509852
0 1.0 0.443750 0.282020 0.071875 0.140394
0 1.0 0.482031 0.235222 0.098437 0.100985
0 1.0 0.396094 0.259852 0.082812 0.278325
0 1.0 0.794531 0.368227 0.017188 0.046798
0 1.0 0.776563 0.302956 0.121875 0.142857
0 1.0 0.726562 0.359606 0.046875 0.118227
0 1.0 0.741406 0.357143 0.017188 0.049261
0 1.0 0.667969 0.383005 0.039062 0.086207
0 1.0 0.713281 0.943350 0.082812 0.113300
0 1.0 0.753125 0.965517 0.109375 0.068966
0 1.0 0.946094 0.961823 0.107813 0.076355
0 1.0 0.712500 0.294335 0.259375 0.155172
0 1.0 0.605469 0.381773 0.032813 0.088670
0 1.0 0.657031 0.291872 0.132812 0.086207
0 1.0 0.611719 0.380542 0.014063 0.036946
0 1.0 0.617188 0.298030 0.243750 0.147783
0 1.0 0.861719 0.965517 0.048438 0.049261
0 1.0 0.876563 0.938424 0.103125 0.123153
0 1.0 0.857031 0.963054 0.082812 0.073892
0 1.0 0.806250 0.963054 0.125000 0.073892
0 1.0 0.775000 0.949507 0.212500 0.100985
0 1.0 0.480469 0.965517 0.064062 0.054187
0 1.0 0.152344 0.371921 0.023438 0.064039
0 1.0 0.138281 0.322660 0.117188 0.142857
0 1.0 0.072656 0.381773 0.039062 0.103448
0 1.0 0.352344 0.357143 0.045312 0.083744
0 1.0 0.683594 0.376847 0.014063 0.034483
0 1.0 0.299219 0.387931 0.029687 0.081281
0 1.0 0.326562 0.298030 0.181250 0.088670
0 1.0 0.300781 0.357143 0.045312 0.083744
0 1.0 0.290625 0.305419 0.246875 0.261084
0 1.0 0.335156 0.337438 0.020313 0.044335
0 1.0 0.246875 0.375616 0.043750 0.110837
0 1.0 0.232813 0.288177 0.256250 0.118227
0 1.0 0.385156 0.326355 0.032813 0.061576
0 1.0 0.063281 0.296798 0.082812 0.066502
0 1.0 0.052344 0.357143 0.029687 0.073892
0 1.0 0.056250 0.321429 0.056250 0.091133
0 1.0 0.190625 0.378079 0.034375 0.086207
0 1.0 0.235937 0.299261 0.121875 0.091133
0 1.0 0.190625 0.348522 0.046875 0.086207
0 1.0 0.219531 0.331281 0.020313 0.046798
0 1.0 0.621875 0.315271 0.087500 0.108374
0 1.0 0.563281 0.376847 0.042188 0.103448
0 1.0 0.573438 0.368227 0.028125 0.061576
0 1.0 0.577344 0.326355 0.060937 0.086207
0 1.0 0.516406 0.378079 0.035937 0.091133
0 1.0 0.259375 0.375616 0.018750 0.051724
0 1.0 0.527344 0.373153 0.020313 0.051724
0 1.0 0.511719 0.299261 0.201563 0.115764
0 1.0 0.450000 0.397783 0.018750 0.046798
0 1.0 0.553125 0.302956 0.021875 0.039409
0 1.0 0.447656 0.359606 0.039062 0.064039
0 1.0 0.446875 0.293103 0.234375 0.256158
0 1.0 0.422656 0.295567 0.045312 0.059113
0 1.0 0.401562 0.359606 0.050000 0.123153
0 1.0 0.418750 0.286946 0.237500 0.091133
0 1.0 0.415625 0.311576 0.109375 0.135468
0 1.0 0.350000 0.387931 0.031250 0.081281
0 1.0 0.507812 0.339901 0.015625 0.034483
0 1.0 0.403906 0.869458 0.157812 0.118227
0 1.0 0.256250 0.854680 0.134375 0.098522
0 1.0 0.252344 0.491379 0.210938 0.490148
0 1.0 0.854688 0.653941 0.193750 0.539409
0 1.0 0.420312 0.637931 0.356250 0.384236
0 1.0 0.647656 0.649015 0.214062 0.500000
0 1.0 0.826562 0.538177 0.346875 0.376847
0 1.0 0.116406 0.679803 0.232813 0.640394
0 1.0 0.847656 0.849754 0.235937 0.300493
0 1.0 0.821875 0.328818 0.356250 0.657635
0 1.0 0.257812 0.805419 0.250000 0.389163
0 1.0 0.564063 0.727833 0.403125 0.411330
0 1.0 0.452344 0.791872 0.207813 0.416256
0 1.0 0.552344 0.181034 0.410938 0.362069
0 1.0 0.075000 0.266010 0.150000 0.532020
0 1.0 0.460156 0.743842 0.920312 0.463054
0 1.0 0.085938 0.461823 0.171875 0.509852
0 1.0 0.914844 0.352217 0.170313 0.472906
0 1.0 0.849219 0.354680 0.189062 0.536946
0 1.0 0.563281 0.570197 0.442188 0.396552
0 1.0 0.243750 0.267241 0.203125 0.534483
0 1.0 0.144531 0.370690 0.210938 0.588670
0 1.0 0.736719 0.572660 0.454688 0.854680
0 1.0 0.836719 0.523399 0.064062 0.066502
0 1.0 0.503906 0.536946 0.292187 0.694581
0 1.0 0.157812 0.706897 0.046875 0.098522
0 1.0 0.177344 0.517241 0.354687 0.896552
0 1.0 0.499219 0.333744 0.392188 0.667488
0 1.0 0.259375 0.662562 0.125000 0.147783
0 1.0 0.510938 0.500000 0.659375 1.000000
0 1.0 0.500000 0.513547 1.000000 0.578818