0 1.0 0.056250 0.052752 0.071875 0.087156
0 1.0 0.508594 0.500000 0.745313 1.000000
0 1.0 0.071875 0.071101 0.143750 0.142202
0 1.0 0.204687 0.055046 0.062500 0.073394
0 1.0 0.183594 0.077982 0.251563 0.155963
0 1.0 0.193750 0.038991 0.162500 0.077982
0 1.0 0.227344 0.029817 0.064062 0.050459
0 1.0 0.254688 0.052752 0.084375 0.087156
0 1.0 0.246094 0.066514 0.039062 0.068807
0 1.0 0.286719 0.034404 0.101562 0.059633
0 1.0 0.332031 0.066514 0.048438 0.068807
0 1.0 0.297656 0.077982 0.242188 0.155963
0 1.0 0.321875 0.080275 0.034375 0.068807
0 1.0 0.509375 0.798165 0.981250 0.403670
0 1.0 0.335938 0.334862 0.671875 0.669725
0 1.0 0.680469 0.332569 0.639062 0.665138
0 1.0 0.800000 0.488532 0.371875 0.949541
0 1.0 0.319531 0.041284 0.060937 0.055046
0 1.0 0.313281 0.103211 0.026562 0.068807
0 1.0 0.382812 0.064220 0.062500 0.091743
0 1.0 0.336719 0.043578 0.132812 0.087156
0 1.0 0.346094 0.087156 0.054688 0.110092
0 1.0 0.378906 0.038991 0.020313 0.041284
0 1.0 0.423438 0.073394 0.068750 0.119266
0 1.0 0.400781 0.089450 0.229687 0.178899
0 1.0 0.435156 0.043578 0.076563 0.068807
0 1.0 0.425000 0.036697 0.162500 0.073394
0 1.0 0.410156 0.114679 0.042188 0.137615
0 1.0 0.473438 0.071101 0.043750 0.077982
0 1.0 0.236719 0.509174 0.473438 0.688073
0 1.0 0.741406 0.876147 0.517188 0.247706
0 1.0 0.514844 0.197248 0.876563 0.394495
0 1.0 0.487500 0.045872 0.078125 0.073394
0 1.0 0.534375 0.041284 0.021875 0.036697
0 1.0 0.429688 0.114679 0.031250 0.091743
0 1.0 0.528125 0.066514 0.059375 0.087156
0 1.0 0.501563 0.089450 0.265625 0.178899
0 1.0 0.504687 0.045872 0.150000 0.091743
0 1.0 0.497656 0.084862 0.035937 0.087156
0 1.0 0.530469 0.034404 0.057813 0.059633
0 1.0 0.585938 0.068807 0.053125 0.073394
0 1.0 0.605469 0.045872 0.089063 0.091743
0 1.0 0.577344 0.103211 0.029687 0.068807
0 1.0 0.629687 0.041284 0.046875 0.055046
0 1.0 0.569531 0.114679 0.042188 0.100917
0 1.0 0.644531 0.057339 0.054688 0.068807
0 1.0 0.600000 0.077982 0.246875 0.155963
0 1.0 0.668750 0.041284 0.065625 0.082569
0 1.0 0.598437 0.080275 0.018750 0.041284
0 1.0 0.685156 0.036697 0.039062 0.055046
0 1.0 0.592969 0.094037 0.035937 0.087156
0 1.0 0.696875 0.043578 0.053125 0.077982
0 1.0 0.689063 0.034404 0.018750 0.050459
0 1.0 0.673438 0.038991 0.031250 0.077982
0 1.0 0.736719 0.045872 0.064062 0.091743
0 1.0 0.723437 0.068807 0.246875 0.137615
0 1.0 0.739062 0.045872 0.021875 0.055046
0 1.0 0.779687 0.699541 0.440625 0.371560
0 1.0 0.253906 0.876147 0.507812 0.247706
0 1.0 0.357812 0.699541 0.715625 0.325688
0 1.0 0.507812 0.681193 0.553125 0.500000
0 1.0 0.701562 0.644495 0.325000 0.683486
0 1.0 0.769531 0.032110 0.073438 0.064220
0 1.0 0.789844 0.048165 0.082812 0.096330
0 1.0 0.793750 0.059633 0.018750 0.055046
0 1.0 0.781250 0.077982 0.037500 0.128440
0 1.0 0.835156 0.050459 0.092188 0.100917
0 1.0 0.820312 0.073394 0.275000 0.146789
0 1.0 0.835156 0.057339 0.017188 0.050459
0 1.0 0.825781 0.077982 0.032813 0.110092
0 1.0 0.884375 0.050459 0.118750 0.100917
0 1.0 0.785937 0.502294 0.428125 0.371560
0 1.0 0.499219 0.504587 0.704688 0.412844
0 1.0 0.493750 0.483945 0.406250 0.729358
0 1.0 0.788281 0.291284 0.423438 0.380734
0 1.0 0.246875 0.495413 0.493750 0.311927
0 1.0 0.887500 0.052752 0.018750 0.041284
0 1.0 0.876563 0.034404 0.075000 0.068807
0 1.0 0.875000 0.064220 0.046875 0.110092
0 1.0 0.925781 0.050459 0.098437 0.100917
0 1.0 0.931250 0.071101 0.046875 0.123853
0 1.0 0.914844 0.077982 0.170313 0.155963
0 1.0 0.939844 0.061927 0.039062 0.077982
0 1.0 0.955469 0.075688 0.020313 0.059633
0 1.0 0.741406 0.119266 0.517188 0.238532
0 1.0 0.214062 0.293578 0.428125 0.376147
0 1.0 0.257812 0.121560 0.515625 0.243119
0 1.0 0.050781 0.082569 0.067187 0.073394
0 1.0 0.032031 0.105505 0.064062 0.155963
0 1.0 0.114062 0.077982 0.118750 0.091743
0 1.0 0.077344 0.121560 0.079687 0.178899
0 1.0 0.132031 0.110092 0.110937 0.174312
0 1.0 0.835156 0.922018 0.329688 0.155963
0 1.0 0.192969 0.100917 0.104688 0.119266
0 1.0 0.282031 0.091743 0.089063 0.082569
0 1.0 0.240625 0.123853 0.068750 0.146789
0 1.0 0.329688 0.123853 0.059375 0.100917
0 1.0 0.560156 0.922018 0.610938 0.155963
0 1.0 0.352344 0.103211 0.020313 0.041284
0 1.0 0.315625 0.167431 0.037500 0.114679
0 1.0 0.375781 0.112385 0.114062 0.169725
0 1.0 0.342969 0.133028 0.092188 0.183486
0 1.0 0.342187 0.162844 0.050000 0.142202
0 1.0 0.462500 0.087156 0.034375 0.082569
0 1.0 0.407813 0.116972 0.087500 0.224771
0 1.0 0.349219 0.837156 0.204687 0.325688
0 1.0 0.451562 0.105505 0.096875 0.155963
0 1.0 0.493750 0.084862 0.100000 0.096330
0 1.0 0.495312 0.126147 0.075000 0.160550
0 1.0 0.546875 0.087156 0.112500 0.128440
0 1.0 0.578906 0.146789 0.054688 0.128440
0 1.0 0.166406 0.924312 0.332813 0.151376
0 1.0 0.624219 0.077982 0.110937 0.137615
0 1.0 0.687500 0.077982 0.115625 0.119266
0 1.0 0.660156 0.100917 0.048438 0.128440
0 1.0 0.470313 0.844037 0.609375 0.192661
0 1.0 0.732031 0.094037 0.035937 0.105505
0 1.0 0.720313 0.096330 0.062500 0.192661
0 1.0 0.789062 0.114679 0.034375 0.119266
0 1.0 0.775000 0.114679 0.056250 0.183486
0 1.0 0.839063 0.135321 0.031250 0.096330
0 1.0 0.827344 0.139908 0.051562 0.169725
0 1.0 0.879687 0.135321 0.053125 0.114679
0 1.0 0.872656 0.142202 0.079687 0.183486
0 1.0 0.916406 0.144495 0.092188 0.224771
0 1.0 0.935937 0.112385 0.046875 0.105505
0 1.0 0.837500 0.747706 0.325000 0.220183
0 1.0 0.954688 0.130734 0.025000 0.077982
0 1.0 0.060156 0.123853 0.120313 0.082569
0 1.0 0.027344 0.172018 0.051562 0.169725
0 1.0 0.087500 0.130734 0.175000 0.215596
0 1.0 0.115625 0.121560 0.178125 0.105505
0 1.0 0.660156 0.750000 0.557813 0.233945
0 1.0 0.849219 0.694954 0.189062 0.463303
0 1.0 0.133594 0.167431 0.076563 0.215596
0 1.0 0.185156 0.133028 0.170313 0.192661
0 1.0 0.190625 0.169725 0.065625 0.183486
0 1.0 0.252344 0.135321 0.185938 0.224771
0 1.0 0.302344 0.137615 0.067187 0.100917
0 1.0 0.219531 0.754587 0.439063 0.224771
0 1.0 0.350000 0.149083 0.021875 0.059633
0 1.0 0.297656 0.137615 0.242188 0.128440
0 1.0 0.410156 0.128440 0.079687 0.100917
0 1.0 0.447656 0.137615 0.035937 0.091743
0 1.0 0.837500 0.651376 0.325000 0.211009
0 1.0 0.502344 0.135321 0.035937 0.096330
0 1.0 0.425000 0.155963 0.046875 0.155963
0 1.0 0.568750 0.135321 0.125000 0.206422
0 1.0 0.659375 0.655963 0.578125 0.238532
0 1.0 0.558594 0.126147 0.232813 0.142202
0 1.0 0.647656 0.123853 0.176563 0.238532
0 1.0 0.649219 0.142202 0.076563 0.211009
0 1.0 0.664062 0.128440 0.187500 0.119266
0 1.0 0.164844 0.651376 0.329688 0.211009
0 1.0 0.721094 0.121560 0.176563 0.224771
0 1.0 0.747656 0.126147 0.220312 0.114679
0 1.0 0.835156 0.545872 0.329688 0.211009
0 1.0 0.554688 0.548165 0.609375 0.215596
0 1.0 0.876563 0.130734 0.190625 0.261468
0 1.0 0.851562 0.123853 0.096875 0.100917
0 1.0 0.162500 0.545872 0.325000 0.211009
0 1.0 0.932031 0.172018 0.051562 0.142202
0 1.0 0.939844 0.126147 0.120313 0.105505
0 1.0 0.952344 0.188073 0.035937 0.137615
0 1.0 0.053906 0.183486 0.076563 0.128440
0 1.0 0.079687 0.188073 0.112500 0.238532
0 1.0 0.125000 0.176606 0.134375 0.096330
0 1.0 0.751563 0.451835 0.231250 0.555046
0 1.0 0.840625 0.447248 0.215625 0.655963
0 1.0 0.835156 0.449541 0.329688 0.211009
0 1.0 0.137500 0.172018 0.234375 0.288991
0 1.0 0.207031 0.188073 0.020313 0.055046
0 1.0 0.251563 0.185780 0.121875 0.096330
0 1.0 0.246094 0.181193 0.089063 0.206422
0 1.0 0.653906 0.442661 0.257812 0.500000
0 1.0 0.660156 0.449541 0.548438 0.238532
0 1.0 0.340625 0.183486 0.028125 0.082569
0 1.0 0.317188 0.169725 0.096875 0.229358
0 1.0 0.353906 0.178899 0.126562 0.119266
0 1.0 0.310156 0.190367 0.054688 0.178899
0 1.0 0.355469 0.149083 0.198437 0.288991
0 1.0 0.416406 0.178899 0.070312 0.091743
0 1.0 0.835156 0.348624 0.329688 0.211009
0 1.0 0.160156 0.444954 0.320312 0.220183
0 1.0 0.421875 0.167431 0.128125 0.151376
0 1.0 0.475000 0.172018 0.053125 0.114679
0 1.0 0.446094 0.151376 0.242188 0.266055
0 1.0 0.489844 0.172018 0.114062 0.151376
0 1.0 0.530469 0.178899 0.054688 0.082569
0 1.0 0.539844 0.169725 0.120313 0.110092
0 1.0 0.654687 0.350917 0.568750 0.233945
0 1.0 0.453906 0.318807 0.257812 0.536697
0 1.0 0.546875 0.325688 0.240625 0.504587
0 1.0 0.567969 0.181193 0.067187 0.206422
0 1.0 0.582812 0.160550 0.234375 0.284404
0 1.0 0.604688 0.172018 0.184375 0.123853
0 1.0 0.594531 0.174312 0.057813 0.201835
0 1.0 0.349219 0.321101 0.239063 0.513761
0 1.0 0.344531 0.353211 0.557813 0.220183
0 1.0 0.837500 0.240826 0.325000 0.215596
0 1.0 0.161719 0.353211 0.323437 0.211009
0 1.0 0.724219 0.165138 0.114062 0.183486
0 1.0 0.784375 0.160550 0.115625 0.174312
0 1.0 0.790625 0.160550 0.259375 0.275229
0 1.0 0.811719 0.178899 0.264062 0.119266
0 1.0 0.651563 0.259174 0.240625 0.490826
0 1.0 0.660156 0.233945 0.610938 0.238532
0 1.0 0.359375 0.243119 0.578125 0.220183
0 1.0 0.824219 0.169725 0.085938 0.284404
0 1.0 0.883594 0.174312 0.132812 0.155963
0 1.0 0.885938 0.181193 0.050000 0.077982
0 1.0 0.164062 0.243119 0.328125 0.211009
0 1.0 0.938281 0.190367 0.104688 0.169725
0 1.0 0.050000 0.238532 0.100000 0.155963
0 1.0 0.033594 0.238532 0.067187 0.082569
0 1.0 0.025781 0.268349 0.042188 0.142202
0 1.0 0.100781 0.231651 0.179688 0.142202
0 1.0 0.088281 0.268349 0.067187 0.169725
0 1.0 0.562500 0.135321 0.556250 0.243119
0 1.0 0.135156 0.275229 0.064062 0.146789
0 1.0 0.181250 0.247706 0.096875 0.201835
0 1.0 0.211719 0.231651 0.289062 0.123853
0 1.0 0.271875 0.231651 0.109375 0.123853
0 1.0 0.285938 0.222477 0.225000 0.279817
0 1.0 0.317188 0.238532 0.031250 0.064220
0 1.0 0.382031 0.227064 0.120313 0.114679
0 1.0 0.375781 0.229358 0.289062 0.128440
0 1.0 0.342187 0.215596 0.081250 0.266055
0 1.0 0.386719 0.075688 0.610938 0.151376
0 1.0 0.453125 0.231651 0.062500 0.087156
0 1.0 0.391406 0.204128 0.107813 0.298165
0 1.0 0.455469 0.213303 0.167187 0.224771
0 1.0 0.492188 0.229358 0.056250 0.091743
0 1.0 0.435156 0.201835 0.054688 0.201835
0 1.0 0.508594 0.208716 0.226562 0.307339
0 1.0 0.517188 0.222477 0.162500 0.142202
0 1.0 0.939063 0.954128 0.121875 0.091743
0 1.0 0.968750 0.944954 0.046875 0.110092
0 1.0 0.560937 0.227064 0.168750 0.096330
0 1.0 0.657031 0.211009 0.170313 0.247706
0 1.0 0.855469 0.956422 0.129688 0.068807
0 1.0 0.817969 0.912844 0.089063 0.174312
0 1.0 0.875000 0.938073 0.143750 0.123853
0 1.0 0.852344 0.956422 0.060937 0.059633
0 1.0 0.845313 0.961009 0.034375 0.041284
0 1.0 0.920312 0.915138 0.109375 0.169725
0 1.0 0.718750 0.944954 0.137500 0.110092
0 1.0 0.728125 0.922018 0.234375 0.155963
0 1.0 0.750781 0.961009 0.082812 0.059633
0 1.0 0.809375 0.956422 0.090625 0.059633
0 1.0 0.769531 0.924312 0.085938 0.151376
0 1.0 0.553906 0.958716 0.123438 0.082569
0 1.0 0.589063 0.965596 0.040625 0.041284
0 1.0 0.618750 0.956422 0.109375 0.087156
0 1.0 0.623437 0.924312 0.225000 0.151376
0 1.0 0.632812 0.963303 0.056250 0.055046
0 1.0 0.671875 0.954128 0.125000 0.091743
0 1.0 0.697656 0.961009 0.057813 0.050459
0 1.0 0.456250 0.967890 0.071875 0.055046
0 1.0 0.396094 0.956422 0.073438 0.087156
0 1.0 0.460938 0.924312 0.218750 0.151376
0 1.0 0.492969 0.967890 0.085938 0.064220
0 1.0 0.528125 0.967890 0.028125 0.036697
0 1.0 0.552344 0.963303 0.057813 0.045872
0 1.0 0.310156 0.967890 0.076563 0.064220
0 1.0 0.300781 0.924312 0.217188 0.151376
0 1.0 0.292969 0.947248 0.107813 0.105505
0 1.0 0.360938 0.965596 0.084375 0.068807
0 1.0 0.382031 0.970183 0.035937 0.041284
0 1.0 0.153125 0.958716 0.156250 0.082569
0 1.0 0.186719 0.970183 0.076563 0.059633
0 1.0 0.135156 0.954128 0.073438 0.091743
0 1.0 0.242969 0.965596 0.082812 0.059633
0 1.0 0.957812 0.905963 0.050000 0.160550
0 1.0 0.050000 0.954128 0.100000 0.091743
0 1.0 0.071875 0.924312 0.143750 0.151376
0 1.0 0.059375 0.967890 0.053125 0.055046
0 1.0 0.882031 0.892202 0.089063 0.188073
0 1.0 0.724219 0.905963 0.067187 0.114679
0 1.0 0.716406 0.901376 0.095312 0.188073
0 1.0 0.567187 0.915138 0.240625 0.096330
0 1.0 0.550781 0.922018 0.089063 0.155963
0 1.0 0.603125 0.924312 0.065625 0.114679
0 1.0 0.664844 0.919725 0.067187 0.105505
0 1.0 0.466406 0.926606 0.110937 0.110092
0 1.0 0.501563 0.935780 0.084375 0.128440
0 1.0 0.556250 0.899083 0.256250 0.201835
0 1.0 0.344531 0.922018 0.095312 0.155963
0 1.0 0.393750 0.922018 0.118750 0.155963
0 1.0 0.132031 0.905963 0.101562 0.188073
0 1.0 0.194531 0.919725 0.129688 0.151376
0 1.0 0.239844 0.917431 0.101562 0.165138
0 1.0 0.042969 0.922018 0.085938 0.100917
0 1.0 0.885938 0.880734 0.034375 0.073394
0 1.0 0.896094 0.844037 0.042188 0.137615
0 1.0 0.832812 0.873853 0.075000 0.087156
0 1.0 0.886719 0.800459 0.057813 0.178899
0 1.0 0.897656 0.834862 0.204687 0.266055
0 1.0 0.916406 0.830275 0.095312 0.229358
0 1.0 0.945312 0.864679 0.109375 0.178899
0 1.0 0.941406 0.850917 0.045312 0.114679
0 1.0 0.953125 0.827982 0.025000 0.077982
0 1.0 0.737500 0.864679 0.334375 0.114679
0 1.0 0.721094 0.830275 0.045312 0.082569
0 1.0 0.780469 0.864679 0.185938 0.169725
0 1.0 0.798438 0.848624 0.031250 0.064220
0 1.0 0.782813 0.821101 0.043750 0.091743
0 1.0 0.840625 0.876147 0.178125 0.137615
0 1.0 0.833594 0.841743 0.039062 0.096330
0 1.0 0.822656 0.809633 0.060937 0.151376
0 1.0 0.608594 0.857798 0.170313 0.155963
0 1.0 0.615625 0.850917 0.256250 0.243119
0 1.0 0.606250 0.857798 0.031250 0.055046
0 1.0 0.602344 0.839450 0.045312 0.082569
0 1.0 0.695312 0.866972 0.140625 0.091743
0 1.0 0.677344 0.853211 0.029687 0.045872
0 1.0 0.668750 0.834862 0.037500 0.064220
0 1.0 0.753125 0.869266 0.134375 0.096330
0 1.0 0.731250 0.850917 0.028125 0.050459
0 1.0 0.510156 0.883028 0.048438 0.068807
0 1.0 0.447656 0.878440 0.060937 0.087156
0 1.0 0.481250 0.873853 0.212500 0.105505
0 1.0 0.446875 0.871560 0.025000 0.055046
0 1.0 0.587500 0.876147 0.084375 0.073394
0 1.0 0.563281 0.880734 0.048438 0.073394
0 1.0 0.251563 0.873853 0.259375 0.114679
0 1.0 0.293750 0.869266 0.046875 0.114679
0 1.0 0.350000 0.873853 0.150000 0.169725
0 1.0 0.353906 0.871560 0.073438 0.137615
0 1.0 0.403125 0.878440 0.087500 0.142202
0 1.0 0.442188 0.855505 0.246875 0.243119
0 1.0 0.191406 0.855505 0.079687 0.160550
0 1.0 0.245312 0.873853 0.065625 0.133028
0 1.0 0.303125 0.876147 0.118750 0.146789
0 1.0 0.051562 0.871560 0.062500 0.082569
0 1.0 0.033594 0.871560 0.067187 0.155963
0 1.0 0.088281 0.860092 0.176563 0.215596
0 1.0 0.084375 0.853211 0.084375 0.174312
0 1.0 0.142969 0.869266 0.207813 0.151376
0 1.0 0.137500 0.862385 0.071875 0.146789
0 1.0 0.881250 0.775229 0.096875 0.293578
0 1.0 0.932813 0.811927 0.134375 0.119266
0 1.0 0.950781 0.821101 0.057813 0.220183
0 1.0 0.784375 0.807339 0.115625 0.220183
0 1.0 0.793750 0.816514 0.328125 0.146789
0 1.0 0.820312 0.793578 0.103125 0.284404
0 1.0 0.870313 0.821101 0.021875 0.064220
0 1.0 0.596094 0.823394 0.098437 0.197248
0 1.0 0.682031 0.814220 0.173437 0.133028
0 1.0 0.656250 0.816514 0.134375 0.247706
0 1.0 0.718750 0.795872 0.265625 0.261468
0 1.0 0.747656 0.816514 0.114062 0.110092
0 1.0 0.708594 0.809633 0.129688 0.270642
0 1.0 0.442969 0.830275 0.101562 0.266055
0 1.0 0.502344 0.821101 0.185938 0.211009
0 1.0 0.499219 0.816514 0.289062 0.119266
0 1.0 0.575000 0.821101 0.106250 0.100917
0 1.0 0.552344 0.839450 0.107813 0.220183
0 1.0 0.346094 0.814220 0.267188 0.160550
0 1.0 0.436719 0.821101 0.101562 0.110092
0 1.0 0.492969 0.827982 0.073438 0.087156
0 1.0 0.185938 0.816514 0.240625 0.165138
0 1.0 0.185156 0.807339 0.139063 0.284404
0 1.0 0.256250 0.816514 0.150000 0.137615
0 1.0 0.237500 0.811927 0.140625 0.275229
0 1.0 0.296875 0.821101 0.059375 0.082569
0 1.0 0.293750 0.811927 0.146875 0.284404
0 1.0 0.058594 0.811927 0.117188 0.091743
0 1.0 0.109375 0.818807 0.118750 0.123853
0 1.0 0.130469 0.805046 0.142187 0.288991
0 1.0 0.886719 0.759174 0.226562 0.142202
0 1.0 0.939844 0.763761 0.120313 0.114679
0 1.0 0.053906 0.816514 0.107813 0.201835
0 1.0 0.049219 0.818807 0.057813 0.077982
0 1.0 0.885938 0.770642 0.021875 0.064220
0 1.0 0.839844 0.763761 0.048438 0.068807
0 1.0 0.629687 0.763761 0.250000 0.123853
0 1.0 0.747656 0.772936 0.129688 0.142202
0 1.0 0.491406 0.759174 0.251563 0.288991
0 1.0 0.514062 0.768349 0.153125 0.133028
0 1.0 0.563281 0.770642 0.170313 0.211009
0 1.0 0.589844 0.772936 0.085938 0.105505
0 1.0 0.357031 0.763761 0.317188 0.133028
0 1.0 0.342187 0.770642 0.118750 0.321101
0 1.0 0.403125 0.763761 0.200000 0.233945
0 1.0 0.442969 0.775229 0.085938 0.100917
0 1.0 0.492969 0.777523 0.060937 0.087156
0 1.0 0.185938 0.763761 0.300000 0.142202
0 1.0 0.261719 0.768349 0.132812 0.133028
0 1.0 0.301563 0.775229 0.050000 0.082569
0 1.0 0.085938 0.766055 0.171875 0.247706
0 1.0 0.108594 0.770642 0.098437 0.119266
0 1.0 0.921094 0.729358 0.157812 0.266055
0 1.0 0.942969 0.754587 0.064062 0.206422
0 1.0 0.946094 0.711009 0.107813 0.100917
0 1.0 0.048438 0.768349 0.050000 0.077982
0 1.0 0.064062 0.761468 0.128125 0.100917
0 1.0 0.840625 0.740826 0.056250 0.197248
0 1.0 0.872656 0.729358 0.029687 0.064220
0 1.0 0.826562 0.713303 0.050000 0.068807
0 1.0 0.666406 0.720183 0.210938 0.238532
0 1.0 0.700781 0.720183 0.123438 0.119266
0 1.0 0.747656 0.717890 0.123438 0.123853
0 1.0 0.737500 0.711009 0.284375 0.128440
0 1.0 0.790625 0.729358 0.081250 0.220183
0 1.0 0.517188 0.713303 0.143750 0.123853
0 1.0 0.503906 0.713303 0.135937 0.307339
0 1.0 0.589844 0.715596 0.073438 0.091743
0 1.0 0.632812 0.715596 0.153125 0.128440
0 1.0 0.598437 0.731651 0.084375 0.206422
0 1.0 0.347656 0.708716 0.229687 0.114679
0 1.0 0.439844 0.717890 0.076563 0.096330
0 1.0 0.497656 0.720183 0.060937 0.082569
0 1.0 0.449219 0.713303 0.139063 0.288991
0 1.0 0.462500 0.715596 0.178125 0.100917
0 1.0 0.236719 0.706422 0.185938 0.220183
0 1.0 0.264062 0.715596 0.115625 0.110092
0 1.0 0.239063 0.711009 0.315625 0.128440
0 1.0 0.297656 0.708716 0.151562 0.188073
0 1.0 0.293750 0.722477 0.046875 0.068807
0 1.0 0.343750 0.711009 0.259375 0.302752
0 1.0 0.108594 0.715596 0.073438 0.091743
0 1.0 0.097656 0.708716 0.195312 0.114679
0 1.0 0.134375 0.701835 0.193750 0.238532
0 1.0 0.187500 0.694954 0.121875 0.334862
0 1.0 0.878125 0.662844 0.243750 0.123853
0 1.0 0.946094 0.660550 0.107813 0.091743
0 1.0 0.956250 0.750000 0.040625 0.142202
0 1.0 0.053906 0.704128 0.107813 0.206422
0 1.0 0.050781 0.713303 0.048438 0.068807
0 1.0 0.053125 0.708716 0.106250 0.087156
0 1.0 0.828125 0.678899 0.134375 0.201835
0 1.0 0.855469 0.669725 0.032813 0.055046
0 1.0 0.866406 0.711009 0.076563 0.211009
0 1.0 0.808594 0.660550 0.032813 0.055046
0 1.0 0.705469 0.662844 0.117188 0.123853
0 1.0 0.668750 0.672018 0.100000 0.197248
0 1.0 0.716406 0.665138 0.182812 0.229358
0 1.0 0.755469 0.665138 0.098437 0.119266
0 1.0 0.805469 0.665138 0.104688 0.119266
0 1.0 0.789844 0.655963 0.232813 0.119266
0 1.0 0.502344 0.655963 0.242188 0.119266
0 1.0 0.557031 0.658257 0.157812 0.197248
0 1.0 0.590625 0.660550 0.062500 0.091743
0 1.0 0.611719 0.665138 0.251563 0.302752
0 1.0 0.640625 0.665138 0.128125 0.119266
0 1.0 0.399219 0.658257 0.195312 0.224771
0 1.0 0.442969 0.662844 0.070312 0.096330
0 1.0 0.400000 0.658257 0.315625 0.133028
0 1.0 0.502344 0.665138 0.051562 0.082569
0 1.0 0.248438 0.658257 0.109375 0.105505
0 1.0 0.301563 0.665138 0.050000 0.073394
0 1.0 0.248438 0.658257 0.293750 0.133028
0 1.0 0.107031 0.653670 0.214062 0.114679
0 1.0 0.075000 0.639908 0.112500 0.307339
0 1.0 0.128906 0.642202 0.117188 0.311927
0 1.0 0.957031 0.616972 0.085938 0.133028
0 1.0 0.925000 0.619266 0.150000 0.293578
0 1.0 0.957031 0.694954 0.039062 0.114679
0 1.0 0.058594 0.655963 0.048438 0.073394
0 1.0 0.033594 0.651376 0.067187 0.238532
0 1.0 0.106250 0.655963 0.087500 0.091743
0 1.0 0.846094 0.621560 0.110937 0.096330
0 1.0 0.838281 0.678899 0.042188 0.119266
0 1.0 0.827344 0.614679 0.245312 0.110092
0 1.0 0.875000 0.619266 0.171875 0.183486
0 1.0 0.849219 0.623853 0.026562 0.045872
0 1.0 0.857812 0.681193 0.050000 0.123853
0 1.0 0.796094 0.614679 0.054688 0.064220
0 1.0 0.657031 0.607798 0.245312 0.123853
0 1.0 0.758594 0.619266 0.082812 0.091743
0 1.0 0.806250 0.619266 0.093750 0.091743
0 1.0 0.772656 0.653670 0.095312 0.243119
0 1.0 0.551562 0.605505 0.234375 0.275229
0 1.0 0.594531 0.605505 0.048438 0.064220
0 1.0 0.557813 0.600917 0.225000 0.100917
0 1.0 0.632031 0.607798 0.095312 0.096330
0 1.0 0.603125 0.612385 0.062500 0.142202
0 1.0 0.600781 0.614679 0.101562 0.256881
0 1.0 0.671094 0.600917 0.260937 0.311927
0 1.0 0.690625 0.610092 0.090625 0.100917
0 1.0 0.439844 0.605505 0.060937 0.082569
0 1.0 0.396875 0.598624 0.246875 0.114679
0 1.0 0.450781 0.603211 0.182812 0.215596
0 1.0 0.500000 0.605505 0.043750 0.073394
0 1.0 0.527344 0.600917 0.092188 0.100917
0 1.0 0.210938 0.594037 0.278125 0.123853
0 1.0 0.230469 0.603211 0.126562 0.298165
0 1.0 0.296094 0.603211 0.179688 0.206422
0 1.0 0.293750 0.603211 0.040625 0.059633
0 1.0 0.341406 0.612385 0.126562 0.288991
0 1.0 0.182031 0.594037 0.185938 0.215596
0 1.0 0.238281 0.594037 0.101562 0.105505
0 1.0 0.953125 0.552752 0.093750 0.105505
0 1.0 0.961719 0.630734 0.035937 0.105505
0 1.0 0.082031 0.594037 0.039062 0.068807
0 1.0 0.075781 0.589450 0.151562 0.096330
0 1.0 0.121875 0.596330 0.075000 0.082569
0 1.0 0.824219 0.555046 0.214062 0.119266
0 1.0 0.827344 0.626147 0.067187 0.178899
0 1.0 0.854688 0.564220 0.068750 0.091743
0 1.0 0.857031 0.616972 0.048438 0.114679
0 1.0 0.853906 0.616972 0.070312 0.178899
0 1.0 0.714844 0.559633 0.264062 0.174312
0 1.0 0.720313 0.573394 0.065625 0.137615
0 1.0 0.713281 0.568807 0.095312 0.229358
0 1.0 0.781250 0.573394 0.068750 0.165138
0 1.0 0.836719 0.621560 0.039062 0.096330
0 1.0 0.552344 0.564220 0.092188 0.174312
0 1.0 0.570312 0.552752 0.209375 0.114679
0 1.0 0.619531 0.545872 0.170313 0.220183
0 1.0 0.605469 0.552752 0.073438 0.160550
0 1.0 0.642188 0.550459 0.156250 0.110092
0 1.0 0.671094 0.564220 0.070312 0.155963
0 1.0 0.396875 0.548165 0.284375 0.133028
0 1.0 0.396094 0.548165 0.120313 0.316514
0 1.0 0.475000 0.552752 0.121875 0.096330
0 1.0 0.447656 0.559633 0.079687 0.211009
0 1.0 0.499219 0.559633 0.151562 0.192661
0 1.0 0.299219 0.557339 0.117188 0.160550
0 1.0 0.282031 0.538991 0.279687 0.298165
0 1.0 0.235156 0.555046 0.142187 0.119266
0 1.0 0.129688 0.525229 0.109375 0.270642
0 1.0 0.953906 0.497706 0.092188 0.105505
0 1.0 0.965625 0.555046 0.040625 0.119266
0 1.0 0.055469 0.550459 0.110937 0.146789
0 1.0 0.075781 0.527523 0.151562 0.266055
0 1.0 0.099219 0.545872 0.045312 0.073394
0 1.0 0.028125 0.571101 0.056250 0.160550
0 1.0 0.113281 0.545872 0.123438 0.119266
0 1.0 0.878125 0.497706 0.196875 0.233945
0 1.0 0.852344 0.502294 0.085938 0.105505
0 1.0 0.870313 0.520642 0.068750 0.160550
0 1.0 0.901563 0.495413 0.196875 0.128440
0 1.0 0.714844 0.483945 0.085938 0.233945
0 1.0 0.712500 0.495413 0.250000 0.128440
0 1.0 0.766406 0.490826 0.182812 0.256881
0 1.0 0.817187 0.495413 0.231250 0.165138
0 1.0 0.826562 0.529817 0.059375 0.169725
0 1.0 0.554688 0.497706 0.212500 0.123853
0 1.0 0.657031 0.493119 0.195312 0.252294
0 1.0 0.666406 0.497706 0.082812 0.197248
0 1.0 0.453906 0.504587 0.139063 0.192661
0 1.0 0.442188 0.502294 0.225000 0.288991
0 1.0 0.561719 0.477064 0.229687 0.311927
0 1.0 0.557031 0.495413 0.104688 0.229358
0 1.0 0.219531 0.502294 0.129688 0.123853
0 1.0 0.344531 0.495413 0.182812 0.220183
0 1.0 0.400781 0.497706 0.254688 0.123853
0 1.0 0.143750 0.497706 0.237500 0.133028
0 1.0 0.167969 0.488532 0.151562 0.261468
0 1.0 0.096875 0.504587 0.053125 0.082569
0 1.0 0.096875 0.502294 0.109375 0.087156
0 1.0 0.097656 0.488532 0.082812 0.243119
0 1.0 0.837500 0.447248 0.106250 0.114679
0 1.0 0.880469 0.447248 0.079687 0.215596
0 1.0 0.824219 0.442661 0.045312 0.068807
0 1.0 0.924219 0.442661 0.123438 0.206422
0 1.0 0.960938 0.442661 0.078125 0.096330
0 1.0 0.967187 0.486239 0.043750 0.137615
0 1.0 0.728125 0.442661 0.153125 0.105505
0 1.0 0.767188 0.454128 0.096875 0.266055
0 1.0 0.820312 0.458716 0.071875 0.220183
0 1.0 0.809375 0.442661 0.237500 0.123853
0 1.0 0.817187 0.461009 0.106250 0.371560
0 1.0 0.604688 0.444954 0.240625 0.174312
0 1.0 0.603125 0.435780 0.078125 0.211009
0 1.0 0.602344 0.435780 0.114062 0.330275
0 1.0 0.707812 0.438073 0.175000 0.243119
0 1.0 0.461719 0.451835 0.189062 0.142202
0 1.0 0.500000 0.449541 0.043750 0.064220
0 1.0 0.442969 0.470183 0.064062 0.169725
0 1.0 0.503906 0.451835 0.085938 0.197248
0 1.0 0.508594 0.447248 0.154688 0.105505
0 1.0 0.203906 0.449541 0.217188 0.128440
0 1.0 0.292187 0.461009 0.084375 0.224771
0 1.0 0.355469 0.449541 0.110937 0.165138
0 1.0 0.285156 0.444954 0.223438 0.155963
0 1.0 0.307031 0.447248 0.039062 0.059633
0 1.0 0.399219 0.444954 0.148438 0.211009
0 1.0 0.189844 0.444954 0.110937 0.110092
0 1.0 0.165625 0.465596 0.078125 0.188073
0 1.0 0.234375 0.479358 0.068750 0.142202
0 1.0 0.107031 0.447248 0.054688 0.096330
0 1.0 0.035156 0.493119 0.060937 0.114679
0 1.0 0.128906 0.444954 0.023438 0.055046
0 1.0 0.100781 0.442661 0.167187 0.160550
0 1.0 0.118750 0.477064 0.046875 0.155963
0 1.0 0.132812 0.474771 0.050000 0.206422
0 1.0 0.835938 0.389908 0.087500 0.082569
0 1.0 0.873437 0.380734 0.121875 0.366972
0 1.0 0.908594 0.394495 0.182812 0.165138
0 1.0 0.954688 0.410550 0.081250 0.188073
0 1.0 0.760156 0.387615 0.167187 0.243119
0 1.0 0.771875 0.389908 0.275000 0.128440
0 1.0 0.617188 0.385321 0.278125 0.137615
0 1.0 0.655469 0.385321 0.182812 0.256881
0 1.0 0.710938 0.394495 0.093750 0.266055
0 1.0 0.468750 0.389908 0.190625 0.119266
0 1.0 0.442188 0.415138 0.090625 0.261468
0 1.0 0.503906 0.385321 0.182812 0.238532
0 1.0 0.550781 0.380734 0.114062 0.330275
0 1.0 0.342969 0.389908 0.164062 0.220183
0 1.0 0.332031 0.392202 0.282813 0.133028
0 1.0 0.158594 0.396789 0.217188 0.133028
0 1.0 0.229687 0.428899 0.075000 0.160550
0 1.0 0.296094 0.396789 0.123438 0.188073
0 1.0 0.103906 0.399083 0.095312 0.091743
0 1.0 0.920312 0.330275 0.115625 0.183486
0 1.0 0.946875 0.332569 0.106250 0.105505
0 1.0 0.960938 0.263761 0.028125 0.087156
0 1.0 0.060156 0.412844 0.114062 0.155963
0 1.0 0.117188 0.403670 0.034375 0.082569
0 1.0 0.035156 0.440367 0.070312 0.137615
0 1.0 0.771875 0.318807 0.078125 0.224771
0 1.0 0.771875 0.334862 0.259375 0.128440
0 1.0 0.825781 0.323394 0.064062 0.197248
0 1.0 0.875781 0.344037 0.129688 0.119266
0 1.0 0.888281 0.305046 0.045312 0.133028
0 1.0 0.864062 0.334862 0.078125 0.082569
0 1.0 0.878125 0.238532 0.056250 0.146789
0 1.0 0.614062 0.337156 0.259375 0.133028
0 1.0 0.597656 0.279817 0.067187 0.192661
0 1.0 0.662500 0.332569 0.084375 0.233945
0 1.0 0.710156 0.334862 0.173437 0.256881
0 1.0 0.503125 0.323394 0.096875 0.233945
0 1.0 0.600781 0.339450 0.173437 0.247706
0 1.0 0.319531 0.341743 0.229687 0.123853
0 1.0 0.342187 0.311927 0.071875 0.183486
0 1.0 0.399219 0.341743 0.123438 0.197248
0 1.0 0.391406 0.339450 0.214062 0.293578
0 1.0 0.406250 0.337156 0.250000 0.123853
0 1.0 0.466406 0.350917 0.092188 0.160550
0 1.0 0.437500 0.302752 0.103125 0.220183
0 1.0 0.442969 0.261468 0.029687 0.082569
0 1.0 0.160938 0.353211 0.187500 0.119266
0 1.0 0.172656 0.408257 0.057813 0.165138
0 1.0 0.232813 0.360092 0.153125 0.197248
0 1.0 0.304688 0.357798 0.068750 0.128440
0 1.0 0.274219 0.350917 0.239063 0.279817
0 1.0 0.103906 0.373853 0.120313 0.178899
0 1.0 0.115625 0.355505 0.106250 0.087156
0 1.0 0.139063 0.380734 0.093750 0.137615
0 1.0 0.129688 0.405963 0.040625 0.123853
0 1.0 0.196094 0.376147 0.067187 0.119266
0 1.0 0.163281 0.383028 0.120313 0.233945
0 1.0 0.903906 0.286697 0.192188 0.160550
0 1.0 0.952344 0.272936 0.095312 0.160550
0 1.0 0.948438 0.236239 0.037500 0.087156
0 1.0 0.067187 0.373853 0.075000 0.114679
0 1.0 0.099219 0.362385 0.045312 0.073394
0 1.0 0.025781 0.376147 0.051562 0.137615
0 1.0 0.017188 0.364679 0.031250 0.087156
0 1.0 0.787500 0.282110 0.196875 0.105505
0 1.0 0.774219 0.217890 0.070312 0.233945
0 1.0 0.843750 0.211009 0.018750 0.055046
0 1.0 0.916406 0.284404 0.089063 0.100917
0 1.0 0.900781 0.197248 0.017188 0.055046
0 1.0 0.657031 0.286697 0.198437 0.151376
0 1.0 0.671094 0.240826 0.045312 0.123853
0 1.0 0.663281 0.233945 0.082812 0.247706
0 1.0 0.724219 0.272936 0.129688 0.215596
0 1.0 0.735156 0.224771 0.032813 0.100917
0 1.0 0.723437 0.222477 0.075000 0.252294
0 1.0 0.778125 0.275229 0.137500 0.211009
0 1.0 0.789062 0.213303 0.028125 0.077982
0 1.0 0.501563 0.284404 0.218750 0.146789
0 1.0 0.503906 0.240826 0.057813 0.160550
0 1.0 0.553125 0.275229 0.150000 0.201835
0 1.0 0.545312 0.284404 0.162500 0.091743
0 1.0 0.595313 0.217890 0.031250 0.087156
0 1.0 0.623437 0.286697 0.125000 0.096330
0 1.0 0.388281 0.288991 0.064062 0.064220
0 1.0 0.391406 0.284404 0.170313 0.128440
0 1.0 0.486719 0.288991 0.042188 0.091743
0 1.0 0.241406 0.291284 0.160938 0.197248
0 1.0 0.237500 0.293578 0.034375 0.091743
0 1.0 0.235937 0.286697 0.112500 0.087156
0 1.0 0.321094 0.300459 0.032813 0.077982
0 1.0 0.283594 0.286697 0.120313 0.105505
0 1.0 0.300000 0.256881 0.109375 0.247706
0 1.0 0.368750 0.288991 0.065625 0.119266
0 1.0 0.101562 0.300459 0.159375 0.114679
0 1.0 0.109375 0.357798 0.021875 0.064220
0 1.0 0.121875 0.295872 0.090625 0.077982
0 1.0 0.097656 0.369266 0.051562 0.151376
0 1.0 0.156250 0.291284 0.140625 0.105505
0 1.0 0.142187 0.362385 0.031250 0.073394
0 1.0 0.174219 0.291284 0.082812 0.068807
0 1.0 0.221094 0.318807 0.029687 0.068807
0 1.0 0.171875 0.332569 0.071875 0.188073
0 1.0 0.920312 0.197248 0.159375 0.275229
0 1.0 0.960156 0.243119 0.048438 0.174312
0 1.0 0.063281 0.314220 0.057813 0.096330
0 1.0 0.074219 0.298165 0.148438 0.275229
0 1.0 0.050781 0.302752 0.054688 0.064220
0 1.0 0.034375 0.307339 0.040625 0.091743
0 1.0 0.828906 0.213303 0.167187 0.215596
0 1.0 0.834375 0.215596 0.046875 0.155963
0 1.0 0.910937 0.233945 0.056250 0.100917
0 1.0 0.646875 0.222477 0.106250 0.123853
0 1.0 0.625781 0.224771 0.242188 0.128440
0 1.0 0.724219 0.220183 0.229687 0.302752
0 1.0 0.731250 0.224771 0.284375 0.128440
0 1.0 0.024219 0.055046 0.048438 0.082569
0 1.0 0.069531 0.027523 0.048438 0.045872
0 1.0 0.096094 0.052752 0.092188 0.096330
0 1.0 0.134375 0.029817 0.062500 0.050459
0 1.0 0.143750 0.048165 0.096875 0.096330
0 1.0 0.171094 0.029817 0.085938 0.059633
0 1.0 0.146875 0.798165 0.250000 0.403670
0 1.0 0.249219 0.805046 0.248438 0.389908
0 1.0 0.444531 0.653670 0.245312 0.481651
0 1.0 0.075781 0.713303 0.151562 0.573394
0 1.0 0.242188 0.268349 0.231250 0.536697
0 1.0 0.146094 0.337156 0.223438 0.555046
0 1.0 0.351562 0.532110 0.218750 0.577982
0 1.0 0.247656 0.545872 0.235937 0.568807
0 1.0 0.146875 0.543578 0.250000 0.518349
0 1.0 0.912500 0.461009 0.175000 0.509174